x	y	time
15	11	0.0495085
15	11	0.0584601
15	11	0.0669019
15	11	0.073883
15	11	0.0807775
15	11	0.08682209
15	11	0.09534519
15	11	0.1066578
15	11	0.1180257
15	11	0.1290738
15	11	0.1398954
15	11	0.1510739
15	11	0.1624338
15	11	0.1738014
15	11	0.1846588
15	11	0.195716
15	11	0.2073522
15	11	0.2182893
15	11	0.2292831
15	11	0.2406418
15	11	0.2521158
15	11	0.2630799
15	11	0.2742506
15	11	0.2853933
15	11	0.2966408
15	11	0.3074242
15	11	0.3186184
15	11	0.3302294
15	11	0.3409799
15	11	0.352427
15	11	0.3636667
15	11	0.3745201
15	11	0.3857347
15	11	0.3969131
15	11	0.4079345
15	11	0.4200166
15	11	0.4304075
15	11	0.4416887
15	11	0.4527942
15	11	0.4640555
15	11	0.4750981
15	11	0.4861145
15	11	0.4975938
15	11	0.5084324
15	11	0.5198767
15	11	0.5309911
15	11	0.5422956
15	11	0.5534279
15	11	0.5644712
15	11	0.5756202
15	11	0.586677
15	11	0.5978085
15	11	0.6091402
15	11	0.6202
15	11	0.6315705
15	11	0.6427253
15	11	0.6541495
15	11	0.6650264
15	11	0.6765744
15	11	0.6872509
15	11	0.6986103
15	11	0.7097627
15	11	0.7208365
15	11	0.7323978
15	11	0.7437807
15	11	0.7544286
15	11	0.7656972
15	11	0.7771878
15	11	0.7882043
15	11	0.7990177
15	11	0.8105375
15	11	0.8212202
15	11	0.8329597
15	11	0.8437408
15	11	0.8549953
15	11	0.8659478
15	11	0.8772706
15	11	0.88847
15	11	0.8995941
15	11	0.9108126
15	11	0.9218612
15	11	0.9332656
15	11	0.9443218
15	11	0.9554172
15	11	0.966684
15	11	0.9776278
15	11	0.988997
15	11	1.000034
15	11	1.011264
15	11	1.022393
15	11	1.033718
15	11	1.04461
15	11	1.055951
15	11	1.067301
15	11	1.078267
15	11	1.089343
15	11	1.100881
15	11	1.111765
15	11	1.122904
15	11	1.134276
15	11	1.145335
15	11	1.156331
15	11	1.168154
15	11	1.17882
15	11	1.190063
15	11	1.201287
15	11	1.212247
15	11	1.223572
15	11	1.234886
15	11	1.245961
15	11	1.257366
15	11	1.268911
15	11	1.28019
15	11	1.290879
15	11	1.30277
15	11	1.312917
15	11	1.324043
15	11	1.335209
15	11	1.346829
15	11	1.357557
15	11	1.368795
15	11	1.379797
15	11	1.390995
15	11	1.402286
15	11	1.413407
15	11	1.4246
15	11	1.435691
15	11	1.446929
15	11	1.458397
15	11	1.469116
15	11	1.480504
15	11	1.491396
15	11	1.502767
15	11	1.513835
15	11	1.524999
15	11	1.537133
15	11	1.547331
15	11	1.558457
15	11	1.569998
15	11	1.580951
15	11	1.591955
15	11	1.603131
15	11	1.614739
15	11	1.625499
15	11	1.636761
15	11	1.647802
15	11	1.659356
15	11	1.670357
15	11	1.681367
15	11	1.692616
15	11	1.703938
15	11	1.714967
15	11	1.726241
15	11	1.737389
15	11	1.748474
15	11	1.759845
15	11	1.770938
15	11	1.781807
15	11	1.793386
15	11	1.804328
15	11	1.815328
15	11	1.82678
15	11	1.837738
15	11	1.848964
15	11	1.860528
15	11	1.871246
15	11	1.882501
15	11	1.893936
15	11	1.904958
15	11	1.916087
15	11	1.927986
15	11	1.938242
15	11	1.949425
15	11	1.9606
15	11	1.971931
15	11	1.982866
15	11	1.994639
15	11	2.005213
15	11	2.016672
15	11	2.027715
15	11	2.03873
15	11	2.05002
15	11	2.061321
15	11	2.072256
15	11	2.083678
15	11	2.094559
15	11	2.106115
15	11	2.116941
15	11	2.128279
15	11	2.139309
15	11	2.150647
15	11	2.161755
15	11	2.172779
15	11	2.183995
15	11	2.19534
15	11	2.206489
15	11	2.217817
15	11	2.228706
15	11	2.240682
15	11	2.251534
15	11	2.262377
15	11	2.273307
15	11	2.285284
15	11	2.296012
15	11	2.306952
15	11	2.318096
15	11	2.32934
15	11	2.340307
15	11	2.351694
15	11	2.362738
15	11	2.373995
15	11	2.385373
15	11	2.396492
15	11	2.407534
15	11	2.418804
15	11	2.429704
15	11	2.440882
15	11	2.45226
15	11	2.463419
15	11	2.474466
15	11	2.485893
15	11	2.496851
15	11	2.507998
15	11	2.519387
15	11	2.530462
15	11	2.54159
15	11	2.553234
15	11	2.563676
15	11	2.57496
15	11	2.586249
15	11	2.597381
15	11	2.608541
15	11	2.619848
15	11	2.630833
15	11	2.64212
15	11	2.653327
15	11	2.664357
15	11	2.675406
15	11	2.687524
15	11	2.698212
15	11	2.709795
15	11	2.720485
15	11	2.731431
15	11	2.742708
15	11	2.753735
15	11	2.764978
15	11	2.776319
15	11	2.787159
15	11	2.79848
15	11	2.809621
15	11	2.820922
15	11	2.831909
15	11	2.843516
15	11	2.854118
15	11	2.865537
15	11	2.876726
15	11	2.887935
15	11	2.898948
15	11	2.910625
15	11	2.921277
15	11	2.932505
15	11	2.943805
15	11	2.95474
15	11	2.965869
15	11	2.9776
15	11	2.988276
15	11	2.999327
15	11	3.010915
15	11	3.021918
15	11	3.032828
15	11	3.044359
15	11	3.05526
15	11	3.066525
15	11	3.077805
15	11	3.088827
15	11	3.100032
15	11	3.111256
15	11	3.122323
15	11	3.133527
15	11	3.144804
15	11	3.155751
15	11	3.16707
15	11	3.178418
15	11	3.189293
15	11	3.20044
15	11	3.211696
15	11	3.223085
15	11	3.234152
15	11	3.24518
15	11	3.256297
15	11	3.267402
15	11	3.27863
15	11	3.290392
15	11	3.301942
15	11	3.312114
15	11	3.323228
15	11	3.334685
15	11	3.345706
15	11	3.356859
15	11	3.368151
15	11	3.37926
15	11	3.390245
15	11	3.401666
15	11	3.412668
15	11	3.424047
15	11	3.435103
15	11	3.446193
15	11	3.457619
15	11	3.468636
15	11	3.479584
15	11	3.491023
15	11	3.502149
15	11	3.513517
16	11	3.52459
16	11	3.53552
16	11	3.546892
16	11	3.558017
16	11	3.569039
16	11	3.580481
16	11	3.59129
16	11	3.602696
16	11	3.614246
16	11	3.624986
16	11	3.636193
17	11	3.647769
17	11	3.658879
17	11	3.669935
17	11	3.682766
17	11	3.692281
17	11	3.703811
17	11	3.714867
17	11	3.725658
17	11	3.737004
17	11	3.747692
17	11	3.758959
18	11	3.770585
18	11	3.781432
18	11	3.79237
18	11	3.804319
18	11	3.814854
18	11	3.826004
18	11	3.837115
18	11	3.848232
18	11	3.859563
18	11	3.870978
18	11	3.88171
19	11	3.893413
19	11	3.904285
19	11	3.915379
19	11	3.927043
19	11	3.937734
19	11	3.948862
19	11	3.96062
19	11	3.971249
19	11	3.982406
19	11	3.993773
19	11	4.004625
20	11	4.01583
20	11	4.027298
20	11	4.038281
20	11	4.049288
20	11	4.060506
20	11	4.07171
20	11	4.082928
20	11	4.094241
20	11	4.105105
20	11	4.11698
20	11	4.127629
21	11	4.138837
21	11	4.149851
21	11	4.161042
21	11	4.172345
21	11	4.183551
21	11	4.195159
21	11	4.206033
21	11	4.217246
21	11	4.228019
21	11	4.239253
21	11	4.25066
22	11	4.261623
22	11	4.273216
22	11	4.284637
22	11	4.295564
22	11	4.30645
22	11	4.317452
22	11	4.328761
22	11	4.339813
22	11	4.351129
22	11	4.362138
22	10	4.373542
22	10	4.384585
22	10	4.395581
22	10	4.406817
22	10	4.41794
22	10	4.429373
22	10	4.440269
22	10	4.451511
22	10	4.462622
22	10	4.473964
22	10	4.484924
22	9	4.496325
22	9	4.507407
22	9	4.518421
22	9	4.529526
22	9	4.540792
22	9	4.551994
22	9	4.563197
22	9	4.574375
22	9	4.585979
22	9	4.596993
22	9	4.609663
22	8	4.620379
22	8	4.646135
22	8	4.656254
22	8	4.662366
22	8	4.667777
22	8	4.67494
22	8	4.69424
22	8	4.700809
22	8	4.70879
22	8	4.719585
22	8	4.73074
22	9	4.742275
22	9	4.753276
22	9	4.764309
22	9	4.775373
22	9	4.786628
22	9	4.797813
22	9	4.808833
22	9	4.820271
22	9	4.831245
22	9	4.842808
22	9	4.853599
22	10	4.86483
22	10	4.87605
22	10	4.887187
22	10	4.898625
22	10	4.909819
22	10	4.920797
22	10	4.931697
22	10	4.943117
22	10	4.954114
22	10	4.965385
22	10	4.976781
22	11	4.987869
22	11	4.998941
22	11	5.010282
22	11	5.021654
22	11	5.032277
22	11	5.043759
22	11	5.055446
22	11	5.065875
22	11	5.077451
22	11	5.088092
22	11	5.099406
22	12	5.110388
22	12	5.121641
22	12	5.132885
22	12	5.14421
22	12	5.155245
22	12	5.166428
22	12	5.177638
22	12	5.188832
22	12	5.200538
22	12	5.211869
22	12	5.222812
22	13	5.233768
22	13	5.244486
22	13	5.255631
22	13	5.267101
22	13	5.27818
22	13	5.290345
22	13	5.300618
22	13	5.312677
22	13	5.323421
22	13	5.333992
22	13	5.345184
22	14	5.356302
22	14	5.367732
22	14	5.378624
22	14	5.38986
22	14	5.400834
22	14	5.41215
22	14	5.423189
22	14	5.434727
22	14	5.445753
22	14	5.45696
22	14	5.468049
22	15	5.479309
22	15	5.490702
22	15	5.501463
22	15	5.512488
22	15	5.524219
22	15	5.534894
22	15	5.546047
22	15	5.557187
22	15	5.56848
22	15	5.580004
22	15	5.591283
22	16	5.602171
22	16	5.613341
22	16	5.624363
22	16	5.635902
22	16	5.646806
22	16	5.658042
22	16	5.669184
22	16	5.681687
22	16	5.691363
22	16	5.702608
22	16	5.713541
22	17	5.724877
22	17	5.735911
22	17	5.747198
22	17	5.758383
22	17	5.769477
22	17	5.780871
22	17	5.791787
22	17	5.802889
22	17	5.814105
22	17	5.825316
22	17	5.836894
22	18	5.847642
22	18	5.858809
22	18	5.870008
22	18	5.881249
22	18	5.892333
22	18	5.903772
22	18	5.914607
22	18	5.9263
22	18	5.937321
22	18	5.94835
22	18	5.95949
22	19	5.970838
22	19	5.981637
22	19	5.993287
22	19	6.003989
22	19	6.015136
22	19	6.026505
22	19	6.037549
22	19	6.04866
22	19	6.060106
22	19	6.071319
22	19	6.082167
22	20	6.093804
22	20	6.104621
22	20	6.115679
22	20	6.127059
22	20	6.138153
22	20	6.150462
22	20	6.161116
22	20	6.172037
22	20	6.182674
22	20	6.193914
22	20	6.205445
22	21	6.216317
22	21	6.227478
22	21	6.238914
22	21	6.249853
22	21	6.261303
22	21	6.272418
22	21	6.283441
22	21	6.294839
22	21	6.306649
22	21	6.316721
22	21	6.327922
22	22	6.339116
22	22	6.350544
22	22	6.361548
22	22	6.372935
22	22	6.383712
22	22	6.395038
22	22	6.406234
22	22	6.417485
22	22	6.42855
22	22	6.440126
22	23	6.451196
22	23	6.462784
22	23	6.473478
22	23	6.484378
22	23	6.495673
22	23	6.506849
22	23	6.518073
22	23	6.528961
22	23	6.540491
22	23	6.551594
22	23	6.56295
22	24	6.573903
22	24	6.585282
22	24	6.596269
22	24	6.607244
22	24	6.618728
22	24	6.62979
22	24	6.640925
22	24	6.651895
22	24	6.663345
22	24	6.674184
22	24	6.68536
22	25	6.696549
22	25	6.707695
22	25	6.719111
22	25	6.730335
22	25	6.74108
22	25	6.752521
22	25	6.763562
22	25	6.775026
22	25	6.786089
22	25	6.797277
22	25	6.808193
22	26	6.819417
22	26	6.830664
22	26	6.84172
22	26	6.853055
22	26	6.864221
22	26	6.875285
22	26	6.886393
22	26	6.897641
22	26	6.909349
22	26	6.919937
22	26	6.931465
22	27	6.94238
22	27	6.953348
22	27	6.96458
22	27	6.976176
22	27	6.986916
22	27	6.998127
22	27	7.00939
22	27	7.020376
22	27	7.031614
22	27	7.042938
22	27	7.053893
22	28	7.065213
22	28	7.076299
22	28	7.087803
22	28	7.09854
22	28	7.110166
22	28	7.121214
22	28	7.132246
22	28	7.143845
22	28	7.155092
22	28	7.165795
22	28	7.177217
22	29	7.188054
22	29	7.199197
22	29	7.210882
22	29	7.221721
22	29	7.232613
22	29	7.244748
22	29	7.255157
22	29	7.266318
22	29	7.277454
22	29	7.289026
22	29	7.299678
22	30	7.311099
22	30	7.322237
22	30	7.333816
22	30	7.344925
22	30	7.355922
22	30	7.366684
22	30	7.378034
22	30	7.389396
22	30	7.400937
22	30	7.411426
22	30	7.422729
22	30	7.43386
22	30	7.444888
22	30	7.456611
22	30	7.46733
22	30	7.478583
22	30	7.489796
22	30	7.500741
22	30	7.512089
22	30	7.52357
22	30	7.534759
22	30	7.545853
22	30	7.557595
22	30	7.567809
22	30	7.57885
22	30	7.590158
22	30	7.601377
22	30	7.612443
22	30	7.623876
22	30	7.635069
22	30	7.646054
22	30	7.657105
22	30	7.668298
22	30	7.679411
22	30	7.690797
22	30	7.701945
22	30	7.713365
22	30	7.724329
22	30	7.735455
22	30	7.746407
22	30	7.757782
22	30	7.768928
22	30	7.780111
22	30	7.79111
22	30	7.802464
22	30	7.813464
22	30	7.824763
22	30	7.835732
22	30	7.846984
22	30	7.858505
22	30	7.86978
22	30	7.880531
22	30	7.891658
22	30	7.902909
22	30	7.914026
22	30	7.925326
22	30	7.936397
22	30	7.947501
22	30	7.959071
22	30	7.969977
22	30	7.981229
22	30	7.992428
22	30	8.003363
22	30	8.014627
22	30	8.026005
22	30	8.037028
22	30	8.048008
22	30	8.059605
22	30	8.070415
22	30	8.081553
22	30	8.093259
22	30	8.103823
22	30	8.115244
22	30	8.126969
22	30	8.137708
22	30	8.148716
22	30	8.160061
22	30	8.171102
22	30	8.182323
22	30	8.193645
22	30	8.204392
22	30	8.21566
22	30	8.227288
22	30	8.237925
22	30	8.249351
22	30	8.260538
22	30	8.271522
22	30	8.282786
22	30	8.294257
22	30	8.305009
22	30	8.316366
22	30	8.327457
22	30	8.338657
22	30	8.349565
22	30	8.361009
22	30	8.371928
22	30	8.38311
22	30	8.39453
22	30	8.4055
22	30	8.416716
22	30	8.427817
22	30	8.439123
22	30	8.450531
22	30	8.461322
22	30	8.472426
22	30	8.483652
22	30	8.495067
22	30	8.505973
22	30	8.517246
22	30	8.52844
22	30	8.539897
22	30	8.550684
23	30	8.561933
23	30	8.573141
23	30	8.584534
23	30	8.59552
23	30	8.606835
23	30	8.617818
23	30	8.6291
23	30	8.640302
23	30	8.651796
23	30	8.662551
24	30	8.673948
24	30	8.684862
24	30	8.696019
24	30	8.707434
24	30	8.718536
24	30	8.729437
24	30	8.740763
24	30	8.752002
24	30	8.763024
24	30	8.774226
24	30	8.785262
25	30	8.796508
25	30	8.80812
25	30	8.818996
25	30	8.830252
25	30	8.841345
25	30	8.852554
25	30	8.863556
25	30	8.87508
25	30	8.885818
25	30	8.89717
25	30	8.908211
26	30	8.919328
26	30	8.930557
26	30	8.942233
26	30	8.95345
26	30	8.964523
26	30	8.97599
26	30	8.986942
26	30	8.997524
26	30	9.008667
26	30	9.019821
26	30	9.031257
27	30	9.042483
27	30	9.053396
27	30	9.064487
27	30	9.075809
27	30	9.086819
27	30	9.098119
27	30	9.109684
27	30	9.121573
27	30	9.131819
27	30	9.143538
27	30	9.154106
27	30	9.165109
27	30	9.176301
27	30	9.187458
27	30	9.198603
27	30	9.20989
27	30	9.220901
27	30	9.232106
27	30	9.243722
27	30	9.254549
27	30	9.26554
27	30	9.27759
27	30	9.287878
27	30	9.299313
27	30	9.310316
27	30	9.321488
27	30	9.33265
27	30	9.343989
27	30	9.355548
27	30	9.367082
27	30	9.377373
27	30	9.388576
27	30	9.399583
27	30	9.410892
27	30	9.422114
27	30	9.433404
27	30	9.444338
27	30	9.455497
27	30	9.466945
27	30	9.478126
27	30	9.489132
27	30	9.500407
27	30	9.511723
27	30	9.522995
27	30	9.534062
27	30	9.545111
27	30	9.556257
27	30	9.56722
27	30	9.578448
27	30	9.590151
27	30	9.600723
27	30	9.612
27	30	9.623122
27	30	9.634244
27	30	9.645796
27	30	9.656636
27	30	9.667684
27	30	9.678926
27	30	9.69028
27	30	9.701344
27	30	9.712358
27	29	9.723529
27	29	9.734904
27	29	9.746195
27	29	9.757108
27	29	9.768781
27	29	9.779503
27	29	9.790607
27	29	9.801847
27	29	9.813037
27	29	9.824217
27	29	9.835385
27	28	9.846476
27	28	9.858041
27	28	9.868798
27	28	9.880236
27	28	9.891143
27	28	9.902624
27	28	9.913623
27	28	9.925016
27	28	9.935916
27	28	9.94695
27	28	9.958379
27	29	9.969263
27	29	9.980515
27	29	9.992056
27	29	10.00281
27	29	10.01394
27	29	10.02567
27	29	10.03637
27	29	10.0475
27	29	10.0594
27	29	10.07005
27	29	10.08103
27	30	10.09227
27	30	10.10374
27	30	10.11467
27	30	10.12656
27	30	10.13714
27	30	10.14807
27	30	10.15949
27	30	10.1704
27	30	10.18144
27	30	10.19291
27	30	10.20388
27	30	10.21534
27	30	10.22633
27	30	10.2373
27	30	10.2486
27	30	10.26005
27	30	10.27099
27	30	10.28221
27	30	10.29376
27	30	10.30435
27	30	10.3156
27	30	10.3272
27	30	10.33787
27	30	10.34916
27	30	10.36067
27	30	10.37184
27	30	10.38246
27	30	10.39383
27	30	10.40499
27	30	10.41611
27	30	10.42759
27	30	10.43877
27	30	10.44958
27	30	10.46089
27	30	10.472
27	30	10.48309
27	30	10.49453
27	30	10.50556
27	30	10.51715
27	30	10.52837
27	30	10.53899
27	30	10.55009
27	30	10.56135
27	30	10.57262
27	30	10.58384
27	30	10.59487
27	30	10.60624
27	30	10.61726
27	30	10.62856
27	30	10.63963
27	30	10.65076
27	30	10.66177
27	30	10.67327
27	30	10.68452
27	30	10.69522
27	30	10.70659
26	30	10.7177
26	30	10.72892
26	30	10.73998
26	30	10.75121
26	30	10.76248
26	30	10.77347
26	30	10.78467
26	30	10.79606
26	30	10.80713
26	30	10.8183
25	30	10.82936
25	30	10.84119
25	30	10.85179
25	30	10.86297
25	30	10.87414
25	30	10.88525
25	30	10.89631
25	30	10.90753
25	30	10.91861
25	30	10.93009
25	30	10.94136
24	30	10.9523
24	30	10.96337
24	30	10.9753
24	30	10.98576
24	30	10.99712
24	30	11.00811
24	30	11.01929
24	30	11.03054
24	30	11.04169
24	30	11.0528
24	30	11.06392
23	30	11.07514
23	30	11.08667
23	30	11.09817
23	30	11.1095
23	30	11.12031
23	30	11.13107
23	30	11.14227
23	30	11.15372
23	30	11.16455
23	30	11.17635
23	30	11.18693
22	30	11.19806
22	30	11.20965
22	30	11.22076
22	30	11.23162
22	30	11.24309
22	30	11.254
22	30	11.2651
22	30	11.27681
22	30	11.28772
22	30	11.29875
22	30	11.31039
21	30	11.32082
21	30	11.3323
21	30	11.3436
21	30	11.35465
21	30	11.36548
21	30	11.37743
21	30	11.3881
21	30	11.39918
21	30	11.41076
21	30	11.42141
21	30	11.43264
20	30	11.4439
20	30	11.45485
20	30	11.46651
20	30	11.47732
20	30	11.48899
20	30	11.49986
20	30	11.51125
20	30	11.52227
20	30	11.53335
20	30	11.54425
20	30	11.55542
19	30	11.56675
19	30	11.5781
19	30	11.58896
19	30	11.60017
19	30	11.61131
19	30	11.62305
19	30	11.63383
19	30	11.64515
19	30	11.65603
19	30	11.66706
19	30	11.67843
18	30	11.68971
18	30	11.70072
18	30	11.71174
18	30	11.72304
18	30	11.73438
18	30	11.74529
18	30	11.75652
18	30	11.76764
18	30	11.7791
18	30	11.79005
18	30	11.80136
17	30	11.81244
17	30	11.82365
17	30	11.83477
17	30	11.84594
17	30	11.85703
17	30	11.8681
17	30	11.87942
17	30	11.89043
17	30	11.90165
17	30	11.91326
17	30	11.92421
16	30	11.93547
16	30	11.94633
16	30	11.95757
16	30	11.96872
16	30	11.97997
16	30	11.99097
16	30	12.00222
16	30	12.01332
16	30	12.02452
16	30	12.03569
16	30	12.04701
16	30	12.05812
16	30	12.06964
16	30	12.08076
16	30	12.09252
16	30	12.10336
16	30	12.11397
16	30	12.12542
16	30	12.13625
16	30	12.14755
16	30	12.1592
16	30	12.16992
16	30	12.1811
16	30	12.19216
16	30	12.20334
16	30	12.21442
16	30	12.22612
16	30	12.23699
16	30	12.24811
16	30	12.25979
16	30	12.27037
16	30	12.2815
16	30	12.29312
16	30	12.30384
16	30	12.31508
16	30	12.32653
16	30	12.33745
16	30	12.34855
16	30	12.35995
16	30	12.3709
16	30	12.38189
16	30	12.39364
16	30	12.40448
16	30	12.41543
16	30	12.4273
16	30	12.43775
16	30	12.44893
16	30	12.46112
16	30	12.47171
16	30	12.48366
16	30	12.49424
16	30	12.5049
16	30	12.5164
16	30	12.52769
16	30	12.53831
16	30	12.5495
16	30	12.56121
16	30	12.57191
16	30	12.58315
16	30	12.59439
16	30	12.60553
16	30	12.61653
16	30	12.62805
16	30	12.63915
16	30	12.65009
16	30	12.66126
16	30	12.67243
16	30	12.68365
16	30	12.69487
16	30	12.70585
16	30	12.71752
16	30	12.72829
16	30	12.73938
16	30	12.75062
16	30	12.76167
16	30	12.77292
16	30	12.78419
16	30	12.79525
16	30	12.80649
16	30	12.81773
16	30	12.82887
16	30	12.84023
16	30	12.85118
16	30	12.86231
16	30	12.87391
16	30	12.88474
16	30	12.89592
16	30	12.90698
16	30	12.91815
16	30	12.92922
16	30	12.94059
16	30	12.95163
16	30	12.96278
16	30	12.97398
16	30	12.98522
16	30	12.99632
16	30	13.00752
16	30	13.01868
17	30	13.02997
17	30	13.04105
17	30	13.05277
17	30	13.06376
17	30	13.07479
17	30	13.08577
17	30	13.09731
17	30	13.10832
17	30	13.11925
17	30	13.13069
17	30	13.1419
18	30	13.15265
18	30	13.16396
18	30	13.17497
18	30	13.18647
18	30	13.19726
18	30	13.20854
18	30	13.21986
18	30	13.23097
18	30	13.24221
18	30	13.25342
18	30	13.26434
19	30	13.27597
19	30	13.28669
19	30	13.29869
19	30	13.30911
19	30	13.32022
19	30	13.33138
19	30	13.34308
19	30	13.35387
19	30	13.36486
19	30	13.3763
19	30	13.38741
20	30	13.39838
20	30	13.4108
20	30	13.42124
20	30	13.43255
20	30	13.44381
20	30	13.45445
20	30	13.46539
20	30	13.47702
20	30	13.48818
20	30	13.49911
20	30	13.51036
21	30	13.52136
21	30	13.53255
21	30	13.54379
21	30	13.55484
21	30	13.56601
21	30	13.5773
21	30	13.58829
21	30	13.59948
21	30	13.61112
21	30	13.62187
21	30	13.63314
22	30	13.64445
22	30	13.65581
22	30	13.66658
22	30	13.67782
22	30	13.68881
22	30	13.70002
22	30	13.71157
22	30	13.72264
22	30	13.73354
22	30	13.74514
22	30	13.75601
23	30	13.767
23	30	13.7784
23	30	13.78952
23	30	13.80063
23	30	13.81228
23	30	13.82298
23	30	13.83423
23	30	13.84534
23	30	13.85643
23	30	13.86758
23	30	13.87911
24	30	13.89005
24	30	13.90121
24	30	13.91233
24	30	13.92358
24	30	13.93457
24	30	13.94597
24	30	13.95686
24	30	13.96831
24	30	13.97933
24	30	13.99065
24	30	14.0021
25	30	14.01291
25	30	14.02413
25	30	14.0354
25	30	14.04659
25	30	14.0581
25	30	14.06874
25	30	14.07989
25	30	14.09089
25	30	14.10209
25	30	14.11346
25	30	14.12463
26	30	14.13568
26	30	14.14676
26	30	14.15806
26	30	14.16931
26	30	14.18027
26	30	14.19165
26	30	14.20261
26	30	14.21397
26	30	14.22494
26	30	14.23622
26	30	14.24733
27	30	14.25848
27	30	14.26978
27	30	14.28111
27	30	14.29233
27	30	14.30321
27	30	14.31431
27	30	14.32564
27	30	14.3367
27	30	14.34803
27	30	14.35976
27	30	14.37018
27	30	14.3813
27	30	14.39286
27	30	14.40369
27	30	14.41482
27	30	14.42659
27	30	14.43748
27	30	14.44842
27	30	14.4598
27	30	14.47082
27	30	14.48188
27	30	14.49311
27	30	14.50423
27	30	14.51542
27	30	14.52658
27	30	14.53781
27	30	14.549
27	30	14.56029
27	30	14.57129
27	30	14.58248
27	30	14.59412
27	30	14.60496
27	30	14.61608
27	30	14.62725
27	30	14.6384
27	30	14.64951
27	30	14.66099
27	30	14.6717
27	30	14.68303
27	30	14.69406
27	30	14.7052
27	30	14.71639
27	30	14.72758
27	30	14.73875
27	30	14.7502
27	30	14.76119
27	30	14.77241
27	30	14.78361
27	30	14.79501
27	30	14.80577
27	30	14.81694
27	30	14.82839
27	30	14.83972
27	30	14.85093
27	30	14.86218
27	30	14.87288
27	30	14.88415
27	30	14.89511
27	30	14.90671
27	30	14.91752
27	30	14.92892
27	30	14.93992
27	30	14.951
27	30	14.9627
27	30	14.9734
27	30	14.98444
27	30	14.99619
27	30	15.00691
27	30	15.0181
26	30	15.02979
26	30	15.0408
26	30	15.052
26	30	15.06327
26	30	15.07384
26	30	15.08523
26	30	15.09679
26	30	15.1075
26	30	15.11861
26	30	15.13038
26	30	15.14098
25	30	15.1521
25	30	15.16328
25	30	15.17452
25	30	15.18562
25	30	15.19685
25	30	15.20801
25	30	15.21923
25	30	15.2303
25	30	15.24139
25	30	15.25273
25	30	15.26396
24	30	15.27495
24	30	15.28612
24	30	15.29728
24	30	15.30853
24	30	15.31953
24	30	15.33108
24	30	15.34258
24	30	15.3532
24	30	15.36431
24	30	15.37604
24	30	15.38663
23	30	15.39777
23	30	15.40961
23	30	15.42025
23	30	15.43168
23	30	15.44378
23	30	15.45382
23	30	15.46481
23	30	15.4761
23	30	15.4874
23	30	15.49844
23	30	15.51005
22	30	15.5207
22	30	15.53241
22	30	15.54342
22	30	15.55442
22	30	15.56562
22	30	15.57704
22	30	15.58793
22	30	15.59886
22	30	15.61017
22	30	15.62121
22	30	15.63239
21	30	15.64408
21	30	15.65478
21	30	15.66589
21	30	15.67732
21	30	15.68856
21	30	15.69945
21	30	15.7108
21	30	15.72172
21	30	15.73287
21	30	15.74416
21	30	15.75551
20	30	15.76664
20	30	15.77751
20	30	15.78884
20	30	15.79998
20	30	15.81126
20	30	15.82241
20	30	15.83331
20	30	15.84504
20	30	15.85571
20	30	15.86713
20	30	15.87819
19	30	15.88928
19	30	15.90045
19	30	15.91175
19	30	15.92304
19	30	15.93417
19	30	15.94507
19	30	15.95627
19	30	15.96765
19	30	15.97866
19	30	15.98985
19	30	16.00115
18	30	16.01245
18	30	16.02396
18	30	16.03491
18	30	16.04568
18	30	16.05681
18	30	16.06797
18	30	16.07932
18	30	16.09045
18	30	16.10144
18	30	16.11278
18	30	16.12372
17	30	16.13504
17	30	16.14634
17	30	16.15763
17	30	16.16847
17	30	16.17972
17	30	16.19114
17	30	16.20209
17	30	16.2137
17	30	16.22454
17	30	16.23546
17	30	16.24713
16	30	16.25796
16	30	16.26905
16	30	16.28072
16	30	16.29163
16	30	16.30293
16	30	16.31409
16	30	16.32488
16	30	16.33625
16	30	16.34738
16	30	16.35848
16	30	16.36956
16	30	16.38159
16	30	16.39254
16	30	16.40381
16	30	16.41444
16	30	16.42595
16	30	16.43653
16	30	16.44815
16	30	16.459
16	30	16.47034
16	30	16.48133
16	30	16.49277
16	30	16.50389
16	30	16.51478
16	30	16.52608
16	30	16.53709
16	30	16.54823
16	30	16.5597
16	30	16.57077
16	30	16.58189
16	30	16.59325
16	30	16.60412
16	30	16.61533
16	30	16.62703
16	30	16.63761
16	30	16.64893
16	30	16.66031
16	30	16.67133
16	30	16.68239
16	30	16.69386
16	30	16.70467
16	30	16.71579
16	30	16.72692
16	30	16.73828
16	30	16.74928
16	30	16.76068
16	30	16.77163
16	30	16.78316
16	30	16.79414
16	30	16.8052
16	30	16.81646
16	30	16.82775
16	30	16.83873
16	30	16.85009
16	30	16.86114
16	30	16.87228
16	30	16.88349
16	30	16.89457
16	30	16.90581
16	30	16.9169
16	30	16.92801
16	30	16.93947
16	30	16.95041
16	30	16.96164
16	30	16.9727
16	30	16.98391
16	30	16.99506
16	30	17.00678
16	30	17.01767
16	30	17.02901
16	30	17.03987
16	30	17.05123
16	30	17.06206
16	30	17.07357
16	30	17.08443
16	30	17.09602
16	30	17.10682
16	30	17.11806
16	30	17.12906
16	30	17.14036
16	30	17.15172
16	30	17.16278
16	30	17.17372
16	30	17.18497
16	30	17.19611
16	30	17.2073
16	30	17.21856
16	30	17.22992
16	30	17.2408
16	30	17.2522
16	30	17.26318
16	30	17.27435
17	30	17.2856
17	30	17.29698
17	30	17.30778
17	30	17.3192
17	30	17.33035
17	30	17.34192
17	30	17.35257
17	30	17.36404
17	30	17.37522
18	30	17.42377
18	30	17.43131
18	30	17.43707
18	30	17.44219
18	30	17.45377
18	30	17.46537
18	30	17.47568
18	30	17.48666
18	30	17.49829
18	30	17.50891
18	30	17.52005
19	30	17.53144
19	30	17.54267
19	30	17.55359
19	30	17.56508
19	30	17.57663
19	30	17.58733
19	30	17.59876
19	30	17.61028
19	30	17.62095
19	30	17.6323
19	30	17.64327
20	30	17.65417
20	30	17.66552
20	30	17.67685
20	30	17.68756
20	30	17.69905
20	30	17.71003
20	30	17.72146
20	30	17.73252
20	30	17.74365
20	30	17.75463
20	30	17.76577
21	30	17.77728
21	30	17.78811
21	30	17.79965
21	30	17.81046
21	30	17.82172
21	30	17.83285
21	30	17.84418
21	30	17.85512
21	30	17.86631
21	30	17.87749
21	30	17.88895
22	30	17.89987
22	30	17.91093
22	30	17.9222
22	30	17.93337
22	30	17.9445
22	30	17.9556
22	30	17.96694
22	30	17.97824
22	30	17.98987
22	30	18.0005
22	30	18.01176
23	30	18.02305
23	30	18.03393
23	30	18.04528
23	30	18.05658
23	30	18.06754
23	30	18.0788
23	30	18.08991
23	30	18.10091
23	30	18.11199
23	30	18.12329
23	30	18.1347
24	30	18.14568
24	30	18.15673
24	30	18.16795
24	30	18.17908
24	30	18.19032
24	30	18.20169
24	30	18.21281
24	30	18.22396
24	30	18.23491
24	30	18.24608
24	30	18.25721
25	30	18.26848
25	30	18.27964
25	30	18.29104
25	30	18.30271
25	30	18.31324
25	30	18.32442
25	30	18.33546
25	30	18.34677
25	30	18.35798
25	30	18.36893
25	30	18.38018
26	30	18.39177
26	30	18.4025
26	30	18.41361
26	30	18.42473
26	30	18.43599
26	30	18.44738
26	30	18.4585
26	30	18.46998
26	30	18.48078
26	30	18.49218
26	30	18.50316
27	30	18.5148
27	30	18.52643
27	30	18.53667
27	30	18.54792
27	30	18.55937
27	30	18.57032
27	30	18.58117
27	30	18.59256
27	30	18.60355
27	30	18.61476
27	30	18.62587
27	30	18.63723
27	30	18.64848
27	30	18.65966
27	30	18.67073
27	30	18.68227
27	30	18.69317
27	30	18.70407
27	30	18.71548
27	30	18.72666
27	30	18.73746
27	30	18.74911
27	30	18.75992
27	30	18.77113
27	30	18.78239
27	30	18.79374
27	30	18.8046
27	30	18.81585
27	30	18.82716
27	30	18.83829
27	30	18.84944
27	30	18.86049
27	30	18.8718
27	30	18.883
27	30	18.89393
27	30	18.90522
27	30	18.91629
27	30	18.92751
27	30	18.93872
27	30	18.94983
27	30	18.96154
27	30	18.97249
27	30	18.98422
27	30	18.99455
27	30	19.00559
27	30	19.01683
27	30	19.02815
27	30	19.03948
27	30	19.05056
27	30	19.06162
27	30	19.07261
27	30	19.08385
27	30	19.09503
27	30	19.10621
27	30	19.11741
27	30	19.12849
27	30	19.14003
27	30	19.15106
27	30	19.1621
27	30	19.17328
27	30	19.18453
27	30	19.1957
27	30	19.20667
27	30	19.218
27	30	19.22908
27	30	19.24028
27	30	19.25134
27	30	19.26254
27	30	19.27409
27	30	19.28503
27	30	19.29702
27	30	19.3072
27	30	19.31833
27	30	19.32964
27	30	19.34075
27	30	19.35186
27	30	19.36316
27	30	19.37423
27	30	19.3855
27	30	19.39673
27	30	19.40764
27	30	19.4189
27	30	19.43023
27	30	19.44204
27	30	19.45284
27	30	19.46381
27	30	19.47515
27	30	19.48712
27	30	19.49723
27	30	19.50878
27	30	19.51972
27	30	19.53065
27	30	19.54202
27	30	19.55302
27	30	19.56412
27	30	19.57571
27	30	19.58658
27	30	19.59776
27	30	19.60906
27	30	19.62003
27	30	19.63123
27	30	19.64257
27	30	19.65362
27	30	19.66477
27	30	19.67624
27	30	19.68719
27	30	19.69828
27	30	19.70968
27	30	19.72063
27	30	19.73178
27	30	19.74299
27	30	19.75411
27	30	19.76536
27	30	19.77681
27	30	19.78766
27	30	19.79872
27	30	19.81027
27	30	19.82095
27	30	19.83249
27	30	19.84345
27	30	19.85473
27	30	19.86586
27	30	19.87724
27	30	19.88812
27	30	19.89968
27	30	19.91031
27	30	19.92169
27	30	19.93295
27	30	19.94405
27	30	19.9553
27	30	19.9668
27	30	19.97773
27	30	19.98863
27	30	20.00041
27	30	20.01085
27	30	20.02214
27	30	20.03346
27	30	20.04446
27	30	20.05554
27	30	20.06718
27	30	20.07808
27	30	20.08929
27	30	20.10077
27	30	20.11158
27	30	20.12272
27	30	20.13383
27	30	20.14529
27	30	20.15637
27	30	20.16768
27	30	20.17886
27	30	20.18977
27	30	20.2009
27	30	20.21203
27	30	20.22424
27	30	20.23457
27	30	20.24559
27	30	20.25689
27	30	20.26806
27	30	20.2791
27	30	20.29054
27	30	20.30144
27	30	20.31247
27	30	20.32377
27	30	20.33499
27	30	20.34594
27	30	20.35719
27	30	20.36825
27	30	20.37955
27	30	20.39081
27	30	20.40185
27	30	20.41308
27	30	20.42463
27	30	20.43563
27	30	20.44672
27	30	20.4576
27	30	20.469
27	30	20.48018
27	30	20.49127
27	30	20.50243
27	30	20.51351
27	30	20.52506
27	30	20.53584
27	30	20.5472
27	30	20.55818
27	30	20.56951
27	30	20.58054
27	30	20.59184
27	30	20.60308
27	30	20.61518
27	30	20.62527
27	30	20.63665
27	30	20.64774
27	30	20.65894
27	30	20.66984
27	30	20.68099
27	30	20.69235
27	30	20.70351
27	30	20.71469
27	30	20.72621
27	30	20.73713
27	30	20.74812
27	30	20.75961
27	30	20.77038
27	30	20.78157
27	30	20.79293
27	30	20.80392
27	30	20.81503
27	30	20.82669
27	30	20.83763
27	30	20.84875
27	30	20.86043
27	30	20.8709
27	30	20.88238
27	30	20.8935
27	30	20.90456
27	30	20.91567
27	30	20.92669
27	30	20.93859
27	30	20.94937
27	30	20.96063
27	30	20.9716
27	30	20.9826
27	30	20.99378
27	30	21.00506
27	30	21.01627
27	30	21.02734
27	30	21.03866
27	30	21.04968
27	30	21.06077
27	30	21.07203
27	30	21.08316
27	30	21.09433
27	30	21.10549
27	30	21.11694
27	30	21.12785
27	30	21.13898
27	30	21.1502
27	30	21.16157
27	30	21.17282
27	30	21.18421
27	30	21.19498
27	30	21.20608
27	30	21.21728
27	30	21.22844
27	30	21.23961
27	30	21.25144
27	30	21.262
27	30	21.27322
27	30	21.28434
27	30	21.29548
27	30	21.30657
27	30	21.31792
27	30	21.32904
27	30	21.34012
27	30	21.35153
27	30	21.36246
27	30	21.37394
27	30	21.38515
27	30	21.39601
27	30	21.40751
27	30	21.41918
27	30	21.42982
27	30	21.44063
27	30	21.4519
27	30	21.46298
27	30	21.47421
27	30	21.48563
27	30	21.49646
27	30	21.50812
27	30	21.51968
27	30	21.53003
27	30	21.54137
27	30	21.55237
27	30	21.56349
27	30	21.57464
27	30	21.58585
27	30	21.59727
27	30	21.60851
27	30	21.61931
27	30	21.63051
27	30	21.64244
27	30	21.65287
27	30	21.66402
27	30	21.67537
27	30	21.6863
27	30	21.69765
27	30	21.70881
27	30	21.71994
27	30	21.73131
27	30	21.7424
27	30	21.75344
27	30	21.76462
27	30	21.77608
27	30	21.78696
27	30	21.79823
27	30	21.80957
27	30	21.82048
27	30	21.8319
27	30	21.8431
27	30	21.8539
27	30	21.865
27	30	21.87631
27	30	21.88746
27	30	21.8988
27	30	21.90991
27	30	21.92127
27	30	21.93253
27	30	21.94366
27	30	21.95489
27	30	21.96579
27	30	21.97699
27	30	21.98793
27	30	21.99913
27	30	22.01044
27	30	22.02133
27	30	22.03264
27	30	22.04402
27	30	22.05502
27	30	22.06621
27	30	22.07754
27	30	22.08849
27	30	22.09988
27	30	22.11116
27	30	22.12221
27	30	22.13306
27	30	22.14453
27	30	22.15558
27	30	22.1667
27	30	22.17784
27	30	22.18907
27	30	22.2002
27	30	22.21138
27	30	22.2225
27	30	22.23378
27	30	22.24482
27	30	22.25604
27	30	22.26748
27	30	22.27851
27	30	22.28971
27	30	22.30086
27	30	22.31178
27	30	22.32339
27	30	22.33428
27	30	22.34549
27	30	22.35651
27	30	22.36791
27	30	22.37897
27	30	22.39047
27	30	22.40145
27	30	22.4127
27	30	22.42467
27	30	22.43513
27	30	22.44588
27	30	22.45716
27	30	22.46852
27	30	22.47956
27	30	22.49067
27	30	22.50204
27	30	22.51288
27	30	22.52426
27	30	22.53536
27	30	22.5464
27	30	22.55778
27	30	22.56904
27	30	22.58013
27	30	22.59117
27	30	22.60257
27	30	22.6137
27	30	22.62465
27	30	22.63586
27	30	22.64702
27	30	22.65838
27	30	22.66982
27	30	22.68056
27	30	22.69197
27	30	22.70294
27	30	22.7139
27	30	22.72527
27	30	22.73658
27	30	22.74747
27	30	22.75884
27	30	22.76986
27	30	22.78114
27	30	22.79258
27	30	22.80336
27	30	22.81454
27	30	22.826
27	30	22.83687
27	30	22.84797
27	30	22.85946
27	30	22.87115
27	30	22.88205
27	30	22.8935
27	30	22.90462
27	30	22.91516
27	30	22.92703
27	30	22.93753
27	30	22.94891
27	30	22.96029
27	30	22.97109
27	30	22.98236
27	30	22.99362
27	30	23.00457
27	30	23.01555
27	30	23.0272
27	30	23.03789
27	30	23.04961
27	30	23.06032
27	30	23.07139
27	30	23.08262
27	30	23.09382
27	30	23.10491
27	30	23.11623
27	30	23.12754
27	30	23.13854
27	30	23.14957
27	30	23.16088
27	30	23.17212
27	30	23.18317
27	30	23.19433
27	30	23.20558
27	30	23.21692
27	30	23.22798
27	30	23.23915
27	30	23.25111
27	30	23.2614
27	30	23.27242
27	30	23.28363
27	30	23.29501
27	30	23.3063
27	30	23.31711
27	30	23.32849
27	30	23.33947
27	30	23.35078
27	30	23.36213
27	30	23.37315
27	30	23.38435
27	30	23.39532
27	30	23.40648
27	30	23.41792
27	30	23.42893
27	30	23.44114
27	30	23.45117
27	30	23.46244
27	30	23.47377
27	30	23.48495
27	30	23.49595
27	30	23.50706
27	30	23.51889
27	30	23.52959
27	30	23.54111
27	30	23.55217
27	30	23.56289
27	30	23.57415
27	30	23.58538
27	30	23.59669
27	30	23.6076
27	30	23.61901
27	30	23.63035
27	30	23.64139
27	30	23.65237
27	30	23.66359
27	30	23.67486
27	30	23.68607
27	30	23.69707
27	30	23.70864
27	30	23.71952
27	30	23.73056
27	30	23.74166
27	30	23.75293
27	30	23.76393
27	30	23.77572
27	30	23.78684
27	30	23.79745
27	30	23.80932
27	30	23.8199
27	30	23.83133
27	30	23.84255
27	30	23.85389
27	30	23.8648
27	30	23.87597
27	30	23.88741
27	30	23.89815
27	30	23.90974
27	30	23.92047
27	30	23.93167
27	30	23.94303
27	30	23.9542
27	30	23.96519
27	30	23.97667
27	30	23.98764
27	30	23.99851
27	30	24.00995
27	30	24.02134
27	30	24.03229
27	30	24.04351
27	30	24.05444
27	30	24.06555
27	30	24.07677
27	30	24.0879
27	30	24.09897
27	30	24.11044
27	30	24.12166
27	30	24.13255
27	30	24.14401
27	30	24.15514
27	30	24.16618
27	30	24.17754
27	30	24.18762
27	30	24.19876
27	30	24.20993
27	30	24.22086
27	30	24.23202
27	30	24.24325
27	30	24.25469
27	30	24.26554
27	30	24.27741
27	30	24.28832
27	30	24.30015
27	30	24.31069
27	30	24.32214
27	30	24.33291
27	30	24.34485
27	30	24.35566
27	30	24.36667
27	30	24.37795
27	30	24.38894
27	30	24.40049
27	30	24.41111
27	30	24.42274
27	30	24.43389
27	30	24.44495
27	30	24.45581
27	30	24.46659
27	30	24.47816
27	30	24.48933
27	30	24.50078
27	30	24.51173
27	30	24.52265
27	30	24.53392
27	30	24.54504
27	30	24.55639
27	30	24.56763
27	30	24.57896
27	30	24.59018
27	30	24.60134
27	30	24.61258
27	30	24.62394
27	30	24.63486
27	30	24.64575
27	30	24.65702
27	30	24.66815
27	30	24.67961
27	30	24.69046
27	30	24.70163
27	30	24.71289
27	30	24.72402
27	30	24.73531
27	30	24.74646
27	30	24.75764
27	30	24.76878
27	30	24.77977
27	30	24.79106
27	30	24.80214
27	30	24.81348
27	30	24.8245
27	30	24.83586
27	30	24.84677
27	30	24.85811
27	30	24.86944
27	30	24.88066
27	30	24.89215
27	30	24.90329
27	30	24.91411
27	30	24.92517
27	30	24.93635
27	30	24.94721
27	30	24.95826
27	30	24.96951
27	30	24.98076
27	30	24.99218
27	30	25.00286
27	30	25.01387
27	30	25.02535
27	30	25.03642
27	30	25.0474
27	30	25.05865
27	30	25.06977
27	30	25.08117
27	30	25.09221
27	30	25.10325
27	30	25.11438
27	30	25.12575
27	30	25.13687
27	30	25.18906
27	30	25.21762
27	30	25.22497
27	30	25.23259
27	30	25.23943
27	30	25.24832
27	30	25.2599
27	30	25.27099
27	30	25.28227
27	30	25.29327
27	30	25.30455
27	30	25.31536
27	30	25.32668
27	30	25.33825
27	30	25.34898
27	30	25.36044
27	30	25.37135
27	30	25.3822
27	30	25.3939
27	30	25.40512
27	30	25.41586
27	30	25.42713
27	30	25.43827
27	30	25.44922
27	30	25.46022
27	30	25.47135
27	30	25.48265
27	30	25.49381
27	30	25.50503
27	30	25.51605
27	30	25.52719
27	30	25.53859
27	30	25.54969
27	30	25.56114
27	30	25.57255
27	30	25.58286
27	30	25.59419
27	30	25.6053
27	30	25.61648
27	30	25.62767
27	30	25.63951
27	30	25.65029
27	30	25.66144
27	30	25.67292
27	30	25.68359
27	30	25.69464
27	30	25.70611
27	30	25.71708
27	30	25.72804
27	30	25.73926
27	30	25.75068
27	30	25.76158
27	30	25.77274
27	30	25.78392
27	30	25.79665
27	30	25.80645
27	30	25.81908
27	30	25.83033
27	30	25.84166
27	30	25.8526
27	30	25.86397
27	30	25.87705
27	30	25.88637
27	30	25.89744
27	30	25.90987
27	30	25.92095
27	30	25.93226
27	30	25.94343
27	30	25.9545
27	30	25.96562
27	30	25.97693
27	30	25.98881
27	30	25.99932
27	30	26.01088
27	30	26.0225
27	30	26.03149
27	30	26.04454
27	30	26.05384
27	30	26.06649
27	30	26.07603
27	30	26.08735
27	30	26.09852
27	30	26.10999
27	30	26.12288
27	30	26.13371
27	30	26.14472
27	30	26.15632
27	30	26.1673
27	30	26.17839
27	30	26.18939
27	30	26.20065
27	30	26.21176
27	30	26.22285
27	30	26.23245
27	30	26.24383
27	30	26.25651
27	30	26.26631
27	30	26.27894
27	30	26.28943
27	30	26.29982
27	30	26.31094
27	30	26.32461
27	30	26.33526
27	30	26.34598
27	30	26.35852
27	30	26.36881
27	30	26.3808
27	30	26.39287
27	30	26.40203
27	30	26.41392
27	30	26.42378
27	30	26.43422
27	30	26.44527
27	30	26.4569
27	30	26.46766
27	30	26.47883
27	30	26.4902
27	30	26.50092
27	30	26.51217
27	30	26.52351
27	30	26.53451
27	30	26.54556
27	30	26.55691
27	30	26.56783
27	30	26.57928
27	30	26.59045
27	30	26.60135
27	30	26.61222
27	30	26.62369
27	30	26.63466
27	30	26.64643
27	30	26.65735
27	30	26.66875
27	30	26.67966
27	30	26.69111
27	30	26.70162
27	30	26.71282
27	30	26.72397
27	30	26.73524
27	30	26.74661
27	30	26.75747
27	30	26.76855
27	30	26.78023
27	30	26.7921
27	30	26.8055
27	30	26.81398
27	30	26.82535
27	30	26.83594
27	30	26.84737
27	30	26.8589
27	30	26.86927
27	30	26.88041
27	30	26.89192
27	30	26.90304
27	30	26.91474
27	30	26.92584
27	30	26.95447
27	30	26.9635
27	30	26.97155
27	30	26.97821
27	30	26.98598
27	30	26.99396
27	30	27.00371
27	30	27.0149
27	30	27.02595
27	30	27.03695
27	30	27.04816
27	30	27.05943
27	30	27.07045
27	30	27.08176
27	30	27.09299
27	30	27.10392
27	30	27.11513
27	30	27.1264
27	30	27.13737
27	30	27.14849
27	30	27.16002
27	30	27.17102
27	30	27.18258
27	30	27.19372
27	30	27.20465
27	30	27.21546
27	30	27.22709
27	30	27.23764
27	30	27.24933
27	30	27.26002
27	30	27.27169
27	30	27.28243
27	30	27.29426
27	30	27.30513
27	30	27.31637
27	30	27.32759
27	30	27.33914
27	30	27.34975
27	30	27.36072
27	30	27.37226
27	30	27.38283
27	30	27.39417
27	30	27.40537
27	30	27.41661
27	30	27.42832
27	30	27.4387
27	30	27.44998
27	30	27.46199
27	30	27.47286
27	30	27.48363
27	30	27.49462
27	30	27.50598
27	30	27.51697
27	30	27.5287
27	30	27.53971
27	30	27.55062
27	30	27.56175
27	30	27.57334
27	30	27.58491
27	30	27.59517
27	30	27.60659
27	30	27.6176
27	30	27.62864
27	30	27.64049
27	30	27.65145
27	30	27.66266
27	30	27.67386
27	30	27.68447
27	30	27.69565
27	30	27.70731
27	30	27.71818
27	30	27.72914
27	30	27.74123
27	30	27.75155
27	30	27.76285
27	30	27.77398
27	30	27.78515
27	30	27.7962
27	30	27.80744
27	30	27.81873
27	30	27.82973
27	30	27.84122
27	30	27.85221
27	30	27.86324
27	30	27.87517
27	30	27.88604
27	30	27.8976
27	30	27.90875
27	30	27.91963
27	30	27.93083
27	30	27.94146
27	30	27.95282
27	30	27.96423
27	30	27.97521
27	30	27.98659
27	30	27.99741
27	30	28.00931
27	30	28.02003
27	30	28.03114
27	30	28.04232
27	30	28.05351
27	30	28.06443
27	30	28.07563
27	30	28.08664
27	30	28.09781
27	30	28.10928
27	30	28.12012
27	30	28.13144
27	30	28.14272
27	30	28.15792
27	30	28.16749
27	30	28.17628
27	30	28.18716
27	30	28.19845
27	30	28.2099
27	30	28.22093
27	30	28.23183
27	30	28.24329
27	30	28.32655
27	30	28.65989
27	30	28.74817
27	30	28.75877
27	30	28.76718
27	30	28.77651
27	30	28.78807
27	30	28.79714
27	30	28.80679
27	30	28.8164
27	30	28.82573
27	30	28.83732
27	30	28.84795
27	30	28.85847
27	30	28.87071
27	30	28.88074
27	30	28.89256
27	30	28.90438
27	30	28.91429
27	30	28.92572
27	30	28.93716
27	30	28.94759
27	30	28.95911
27	30	28.97097
27	30	28.98113
27	30	28.9929
27	30	29.00412
27	30	29.01489
27	30	29.02593
27	30	29.03763
27	30	29.04811
27	30	29.05941
27	30	29.0713
27	30	29.08225
27	30	29.09299
27	30	29.1046
27	30	29.11548
27	30	29.12679
27	30	29.13828
27	30	29.14907
27	30	29.16007
27	30	29.17197
27	30	29.18258
27	30	29.1932
27	30	29.20528
27	30	29.21551
27	30	29.22664
27	30	29.23857
27	30	29.24951
27	30	29.26014
27	30	29.27217
27	30	29.28298
27	30	29.29375
27	30	29.30506
27	30	29.316
27	30	29.32743
27	30	29.33874
27	30	29.35008
27	30	29.36133
27	30	29.37255
27	30	29.38332
27	30	29.39416
27	30	29.4059
27	30	29.41665
27	30	29.42776
27	30	29.43933
27	30	29.45016
27	30	29.46156
27	30	29.4725
27	30	29.48601
27	30	29.49491
27	30	29.50606
27	30	29.51857
27	30	29.53036
27	30	29.53955
27	30	29.55072
27	30	29.56198
27	30	29.57375
27	30	29.58956
27	30	29.60145
27	30	29.61226
27	30	29.62333
27	30	29.63367
27	30	29.64325
27	30	29.65125
27	30	29.66255
27	30	29.67368
27	30	29.68489
27	30	29.69607
27	30	29.70751
27	30	29.71861
27	30	29.73014
27	30	29.7412
27	30	29.75187
27	30	29.76323
27	30	29.774
27	30	29.78527
27	30	29.79636
27	30	29.80752
27	30	29.81891
27	30	29.83015
27	30	29.84097
27	30	29.85228
27	30	29.86362
27	30	29.87474
27	30	29.88608
27	30	29.89726
27	30	29.90831
27	30	29.9199
27	30	29.93057
27	30	29.94192
27	30	29.95327
27	30	29.96408
27	30	29.97543
27	30	29.98642
27	30	29.99769
27	30	30.00877
27	30	30.02079
27	30	30.03113
27	30	30.0422
27	30	30.05384
27	30	30.06473
27	30	30.07587
27	30	30.08756
27	30	30.09789
27	30	30.10968
27	30	30.12092
27	30	30.1319
27	30	30.14291
27	30	30.1551
27	30	30.16522
27	30	30.17704
27	30	30.1887
27	30	30.19897
27	30	30.2104
27	30	30.22172
27	30	30.23255
27	30	30.24337
27	30	30.25553
27	30	30.26601
27	30	30.27716
27	30	30.28848
27	30	30.29929
27	30	30.31075
27	30	30.3219
27	30	30.33273
27	30	30.34381
27	30	30.35569
27	30	30.36625
27	30	30.37757
27	30	30.38872
27	30	30.39952
27	30	30.4109
27	30	30.42232
27	30	30.43331
27	30	30.44437
27	30	30.45576
27	30	30.46696
27	30	30.47782
27	30	30.4892
27	30	30.49998
27	30	30.51142
27	30	30.52503
27	30	30.53403
27	30	30.54528
27	30	30.55625
27	30	30.56762
27	30	30.57847
27	30	30.58985
27	30	30.6008
27	30	30.61195
27	30	30.62303
27	30	30.63404
27	30	30.64537
27	30	30.6565
27	30	30.66761
27	30	30.67921
27	30	30.69064
27	30	30.70115
27	30	30.71257
27	30	30.72377
27	30	30.73508
27	30	30.74652
27	30	30.75776
27	30	30.76892
27	30	30.78214
27	30	30.79066
27	30	30.8021
27	30	30.81324
27	30	30.82412
27	30	30.83549
27	30	30.84659
27	30	30.8578
27	30	30.86893
27	30	30.87982
27	30	30.89133
27	30	30.90227
27	30	30.91379
27	30	30.92462
27	30	30.93613
27	30	30.9473
27	30	30.95845
27	30	30.96942
27	30	30.98065
27	30	30.992
27	30	31.00281
27	30	31.01406
27	30	31.02538
27	30	31.03666
27	30	31.04739
27	30	31.05864
27	30	31.07138
27	30	31.08263
27	30	31.09233
27	30	31.10355
27	30	31.11466
27	30	31.12569
27	30	31.13907
27	30	31.15051
27	30	31.1618
27	30	31.17282
27	30	31.18346
27	30	31.19262
27	30	31.20451
27	30	31.21498
27	30	31.2262
27	30	31.23777
27	30	31.24869
27	30	31.25986
27	30	31.27213
27	30	31.28228
27	30	31.29367
27	30	31.30549
27	30	31.31595
27	30	31.32717
27	30	31.33897
27	30	31.34941
27	30	31.36105
27	30	31.37267
27	30	31.38293
27	30	31.39408
27	30	31.40568
27	30	31.41595
27	30	31.42727
27	30	31.43896
27	30	31.44962
27	30	31.46084
27	30	31.47282
27	30	31.48309
27	30	31.49416
27	30	31.5062
27	30	31.51657
27	30	31.52775
27	30	31.53947
27	30	31.55076
27	30	31.56414
27	30	31.57396
27	30	31.58347
27	30	31.59527
27	30	31.60658
27	30	31.61936
27	30	31.63036
27	30	31.63951
27	30	31.65059
27	30	31.66196
27	30	31.67309
27	30	31.68404
27	30	31.69641
27	30	31.70692
27	30	31.71926
27	30	31.73284
27	30	31.74535
27	30	31.75669
27	30	31.76698
27	30	31.77835
27	30	31.78949
27	30	31.79745
27	30	31.80707
27	30	31.81816
27	30	31.8295
27	30	31.84052
27	30	31.85165
27	30	31.86293
27	30	31.87427
27	30	31.88502
27	30	31.89643
27	30	31.90771
27	30	31.91886
27	30	31.9302
27	30	31.94119
27	30	31.95207
27	30	31.96338
27	30	31.97462
27	30	31.98592
27	30	31.99758
27	30	32.00895
27	30	32.02019
27	30	32.03113
27	30	32.04208
27	30	32.05381
27	30	32.06433
27	30	32.07558
27	30	32.08715
27	30	32.09842
27	30	32.10927
27	30	32.12065
27	30	32.1313
27	30	32.1426
27	30	32.15417
27	30	32.16486
27	30	32.17577
27	30	32.18744
27	30	32.19841
27	30	32.21012
27	30	32.22141
27	30	32.23187
27	30	32.24319
27	30	32.25469
27	30	32.26549
27	30	32.27706
27	30	32.28807
27	30	32.2989
27	30	32.31016
27	30	32.32162
27	30	32.33241
27	30	32.3432
27	30	32.35508
27	30	32.36554
27	30	32.37689
27	30	32.38789
27	30	32.39936
27	30	32.41013
27	30	32.42163
27	30	32.43273
27	30	32.44384
27	30	32.45496
27	30	32.46602
27	30	32.4777
27	30	32.48889
27	30	32.50015
27	30	32.51103
27	30	32.52229
27	30	32.53381
27	30	32.54417
27	30	32.55606
27	30	32.56691
27	30	32.57815
27	30	32.5918
27	30	32.60024
27	30	32.61118
27	30	32.62264
27	30	32.63375
27	30	32.64495
27	30	32.65654
27	30	32.66765
27	30	32.67866
27	30	32.69039
27	30	32.70087
27	30	32.71345
27	30	32.72475
27	30	32.73454
27	30	32.7456
27	30	32.75676
27	30	32.76756
27	30	32.77901
27	30	32.79012
27	30	32.80132
27	30	32.81241
27	30	32.82339
27	30	32.83457
27	30	32.84589
27	30	32.85702
27	30	32.86846
27	30	32.8794
27	30	32.89042
27	30	32.90162
27	30	32.91299
27	30	32.92404
27	30	32.93523
27	30	32.94656
27	30	32.95761
27	30	32.96915
27	30	32.98027
27	30	32.99144
27	30	33.0026
27	30	33.01397
27	30	33.02474
27	30	33.03588
27	30	33.04694
27	30	33.05798
27	30	33.0695
27	30	33.08027
27	30	33.09196
27	30	33.10323
27	30	33.11404
27	30	33.12505
27	30	33.13662
27	30	33.14742
27	30	33.15855
27	30	33.1699
27	30	33.18103
27	30	33.19199
27	30	33.20316
27	30	33.21454
27	30	33.22558
27	30	33.23705
27	30	33.24791
27	30	33.261
27	30	33.27268
27	30	33.28148
27	30	33.29264
27	30	33.30399
27	30	33.31484
27	30	33.32612
27	30	33.33935
27	30	33.35028
27	30	33.36166
27	30	33.37264
27	30	33.383
27	30	33.39308
27	30	33.40451
27	30	33.41541
27	30	33.42651
27	30	33.43782
27	30	33.44901
27	30	33.46022
27	30	33.47153
27	30	33.4829
27	30	33.49378
27	30	33.50479
27	30	33.51617
27	30	33.52728
27	30	33.53852
27	30	33.54936
27	30	33.56066
27	30	33.57216
27	30	33.58345
27	30	33.59467
27	30	33.60657
27	30	33.61773
27	30	33.6357
27	30	33.64534
27	30	33.65496
27	30	33.66615
27	30	33.67493
27	30	33.68399
27	30	33.69485
27	30	33.70665
27	30	33.71737
27	30	33.72912
27	30	33.74133
27	30	33.75229
27	30	33.76212
27	30	33.7738
27	30	33.78494
27	30	33.7958
27	30	33.80702
27	30	33.81771
27	30	33.82897
27	30	33.84008
27	30	33.85124
27	30	33.86243
27	30	33.87418
27	30	33.88488
27	30	33.89586
27	30	33.90718
27	30	33.91844
27	30	33.92978
27	30	33.94064
27	30	33.9523
27	30	33.96336
27	30	33.97422
27	30	33.98513
27	30	33.99632
27	30	34.009
27	30	34.01954
27	30	34.02992
27	30	34.04121
27	30	34.0628
27	30	34.09399
27	30	34.10781
27	30	34.12081
27	30	34.12802
27	30	34.14204
27	30	34.15511
27	30	34.16222
27	30	34.16914
27	30	34.17627
27	30	34.18623
27	30	34.19761
27	30	34.20839
27	30	34.22114
27	30	34.2307
27	30	34.24191
27	30	34.25306
27	30	34.26437
27	30	34.27961
27	30	34.28691
27	30	34.29759
27	30	34.30894
27	30	34.32022
27	30	34.3312
27	30	34.34245
27	30	34.35384
27	30	34.36503
27	30	34.37598
27	30	34.38745
27	30	34.39836
27	30	34.40931
27	30	34.4209
27	30	34.43279
27	30	34.44304
27	30	34.45458
27	30	34.46538
27	30	34.47639
27	30	34.4877
27	30	34.49881
27	30	34.5104
27	30	34.52206
27	30	34.53304
27	30	34.54404
27	30	34.55511
27	30	34.56638
27	30	34.57833
27	30	34.59307
27	30	34.60092
27	30	34.611
27	30	34.62263
27	30	34.63323
27	30	34.6448
27	30	34.65623
27	30	34.66952
27	30	34.67817
27	30	34.68908
27	30	34.70034
27	30	34.7122
27	30	34.72329
27	30	34.73467
27	30	34.75848
27	30	34.76886
27	30	34.77929
27	30	34.78751
27	30	34.79684
27	30	34.80463
27	30	34.81342
27	30	34.8228
27	30	34.83562
27	30	34.84671
27	30	34.85847
27	30	34.86916
27	30	34.88048
27	30	34.8919
27	30	34.90509
27	30	34.91434
27	30	34.92537
27	30	34.9373
27	30	34.94775
27	30	34.95901
27	30	34.96999
27	30	34.98075
27	30	34.99309
27	30	35.00377
27	30	35.01446
27	30	35.02608
27	30	35.03726
27	30	35.04803
27	30	35.06183
27	30	35.07147
27	30	35.08147
27	30	35.09279
27	30	35.1038
27	30	35.11483
27	30	35.1243
27	30	35.13554
27	30	35.14669
27	30	35.16046
27	30	35.17115
27	30	35.18224
27	30	35.19337
27	30	35.20504
27	30	35.21951
27	30	35.22893
27	30	35.23829
27	30	35.24896
27	30	35.26071
27	30	35.27224
27	30	35.28276
27	30	35.29365
27	30	35.30502
27	30	35.31617
27	30	35.32739
27	30	35.33891
27	30	35.35298
27	30	35.36501
27	30	35.38251
27	30	35.39385
27	30	35.40426
27	30	35.41485
27	30	35.42417
27	30	35.43304
27	30	35.4429
27	30	35.45176
27	30	35.46147
27	30	35.47267
27	30	35.48341
27	30	35.49466
27	30	35.50659
27	30	35.51753
27	30	35.53184
27	30	35.54163
27	30	35.55076
27	30	35.56159
27	30	35.57309
27	30	35.58852
27	30	35.59819
27	30	35.60791
27	30	35.61758
27	30	35.62937
27	30	35.64002
27	30	35.6542
27	30	35.66577
27	30	35.6751
27	30	35.69059
27	30	35.69901
27	30	35.70747
27	30	35.71935
27	30	35.73115
27	30	35.74196
27	30	35.75092
27	30	35.7612
27	30	35.77279
27	30	35.78534
27	30	35.79469
27	30	35.80744
27	30	35.81851
27	30	35.82981
27	30	35.84184
27	30	35.85048
27	30	35.86346
27	30	35.87484
27	30	35.88561
27	30	35.89698
27	30	35.90818
27	30	35.91973
27	30	35.9311
27	30	35.94416
27	30	35.95472
27	30	35.96501
27	30	35.97492
27	30	35.98658
27	30	36.0006
27	30	36.00795
27	30	36.01772
27	30	36.02906
27	30	36.04031
27	30	36.05145
27	30	36.06244
27	30	36.07386
27	30	36.0848
27	30	36.09593
27	30	36.10715
27	30	36.11858
27	30	36.12956
27	30	36.14132
27	30	36.15444
27	30	36.16313
27	30	36.17448
27	30	36.18558
27	30	36.19686
27	30	36.20963
27	30	36.22246
27	30	36.23315
27	30	36.24445
27	30	36.25461
27	30	36.26519
27	30	36.27511
27	30	36.28617
27	30	36.29764
27	30	36.31014
27	30	36.31961
27	30	36.33091
27	30	36.34242
27	30	36.35329
27	30	36.36405
27	30	36.37586
27	30	36.38664
27	30	36.39762
27	30	36.40917
27	30	36.42028
27	30	36.43128
27	30	36.44265
27	30	36.45521
27	30	36.46856
27	30	36.47834
27	30	36.48924
27	30	36.50158
27	30	36.51349
27	30	36.52201
27	30	36.5332
27	30	36.5444
27	30	36.55407
27	30	36.56525
27	30	36.57641
27	30	36.58787
27	30	36.59861
27	30	36.61036
27	30	36.62254
27	30	36.63229
27	30	36.64336
27	30	36.65451
27	30	36.66562
27	30	36.67707
27	30	36.68834
27	30	36.69921
27	30	36.71093
27	30	36.72186
27	30	36.73291
27	30	36.74425
27	30	36.75823
27	30	36.76794
27	30	36.7827
27	30	36.79128
27	30	36.80179
27	30	36.81113
27	30	36.82223
27	30	36.8332
27	30	36.84464
27	30	36.85757
27	30	36.86872
27	30	36.88073
27	30	36.89198
27	30	36.90261
27	30	36.91345
27	30	36.92501
27	30	36.93961
27	30	36.94894
27	30	36.95793
27	30	36.96933
27	30	36.98038
27	30	36.99141
27	30	37.00302
27	30	37.0144
27	30	37.02485
27	30	37.03637
27	30	37.04713
27	30	37.05665
27	30	37.06992
27	30	37.07914
27	30	37.09056
27	30	37.10135
27	30	37.11237
27	30	37.1305
27	30	37.14713
27	30	37.15796
27	30	37.17062
27	30	37.18201
27	30	37.19772
27	30	37.20909
27	30	37.21993
27	30	37.2318
27	30	37.24792
27	30	37.25957
27	30	37.27121
27	30	37.2831
27	30	37.29402
27	30	37.30444
27	30	37.31593
27	30	37.32647
27	30	37.33765
27	30	37.34885
27	30	37.36015
27	30	37.37177
27	30	37.38263
27	30	37.3992
27	30	37.41054
27	30	37.42144
27	30	37.43301
27	30	37.44404
27	30	37.45517
27	30	37.46606
27	30	37.47789
27	30	37.48901
27	30	37.50045
27	30	37.51216
27	30	37.52396
27	30	37.53629
27	30	37.55306
27	30	37.56367
27	30	37.5731
27	30	37.5817
27	30	37.59065
27	30	37.60129
27	30	37.61221
27	30	37.62181
27	30	37.63183
27	30	37.64138
27	30	37.65077
27	30	37.66177
27	30	37.6739
27	30	37.68495
27	30	37.69533
27	30	37.70882
27	30	37.72182
27	30	37.73322
27	30	37.74433
27	30	37.75427
27	30	37.76456
27	30	37.77316
27	30	37.78418
27	30	37.79563
27	30	37.80671
27	30	37.81808
27	30	37.82966
27	30	37.8402
27	30	37.85169
27	30	37.86592
27	30	37.87471
27	30	37.88388
27	30	37.89469
27	30	37.90577
27	30	37.91672
27	30	37.92792
27	30	37.93913
27	30	37.9503
27	30	37.96161
27	30	37.97442
27	30	37.98542
27	30	37.99671
27	30	38.0078
27	30	38.0222
27	30	38.03081
27	30	38.04142
27	30	38.05281
27	30	38.06374
27	30	38.07488
27	30	38.08594
27	30	38.09719
27	30	38.10815
27	30	38.11953
27	30	38.13089
27	30	38.14194
27	30	38.1532
27	30	38.16417
27	30	38.1775
27	30	38.18644
27	30	38.19748
27	30	38.20927
27	30	38.22005
27	30	38.22969
27	30	38.2408
27	30	38.2517
27	30	38.2631
27	30	38.27446
27	30	38.2857
27	30	38.29666
27	30	38.30758
27	30	38.31897
27	30	38.33114
27	30	38.3413
27	30	38.3527
27	30	38.36346
27	30	38.3746
27	30	38.38571
27	30	38.39695
27	30	38.40829
27	30	38.41952
27	30	38.43049
27	30	38.44186
27	30	38.45505
27	30	38.46588
27	30	38.47727
27	30	38.49055
27	30	38.49973
27	30	38.51049
27	30	38.52204
27	30	38.53278
27	30	38.54415
27	30	38.55534
27	30	38.56625
27	30	38.57829
27	30	38.58731
27	30	38.60032
27	30	38.60938
27	30	38.62054
27	30	38.63191
27	30	38.64445
27	30	38.65433
27	30	38.66524
27	30	38.67625
27	30	38.68781
27	30	38.69853
27	30	38.71021
27	30	38.72115
27	30	38.73226
27	30	38.74361
27	30	38.75456
27	30	38.76665
27	30	38.77694
27	30	38.7883
27	30	38.79951
27	30	38.81062
27	30	38.82156
27	30	38.83276
27	30	38.844
27	30	38.85733
27	30	38.86854
27	30	38.87869
27	30	38.88838
27	30	38.89974
27	30	38.91144
27	30	38.92205
27	30	38.93313
27	30	38.94482
27	30	38.95658
27	30	38.96671
27	30	38.97814
27	30	38.98904
27	30	39.00053
27	30	39.01146
27	30	39.02246
27	30	39.03391
27	30	39.0451
27	30	39.05611
27	30	39.06741
27	30	39.07875
27	30	39.08949
27	30	39.10115
27	30	39.11325
27	30	39.12298
27	30	39.13422
27	30	39.14548
27	30	39.15663
27	30	39.1678
27	30	39.1789
27	30	39.19015
27	30	39.20143
27	30	39.21262
27	30	39.22358
27	30	39.23473
27	30	39.2458
27	30	39.25727
27	30	39.27076
27	30	39.2794
27	30	39.2906
27	30	39.30166
27	30	39.31289
27	30	39.32411
27	30	39.33527
27	30	39.34656
27	30	39.35759
27	30	39.36893
27	30	39.37997
27	30	39.39107
27	30	39.40217
27	30	39.41384
27	30	39.42514
27	30	39.43586
27	30	39.44687
27	30	39.45825
27	30	39.46916
27	30	39.48056
27	30	39.49169
27	30	39.50312
27	30	39.51385
27	30	39.52522
27	30	39.53682
27	30	39.54742
27	30	39.5587
27	30	39.5705
27	30	39.58176
27	30	39.59211
27	30	39.60381
27	30	39.61456
27	30	39.62568
27	30	39.63758
27	30	39.64814
27	30	39.65914
27	30	39.67051
27	30	39.68159
27	30	39.69352
27	30	39.70432
27	30	39.71499
27	30	39.72681
27	30	39.74289
27	30	39.75234
27	30	39.76018
27	30	39.77095
27	30	39.78227
27	30	39.79314
27	30	39.80475
27	30	39.81563
27	30	39.82737
27	30	39.83809
27	30	39.84959
27	30	39.86076
27	30	39.87175
27	30	39.88305
27	30	39.89585
27	30	39.90517
27	30	39.91619
27	30	39.92736
27	30	39.9385
27	30	39.94972
27	30	39.96097
27	30	39.9719
27	30	39.98332
27	30	39.99422
27	30	40.00564
27	30	40.01647
27	30	40.02832
27	30	40.0391
27	30	40.05098
27	30	40.06128
27	30	40.07252
27	30	40.08425
27	30	40.09485
27	30	40.10596
27	30	40.11712
27	30	40.12849
27	30	40.13968
27	30	40.15112
27	30	40.16218
27	30	40.17298
27	30	40.18406
27	30	40.1958
27	30	40.20805
27	30	40.21757
27	30	40.22921
27	30	40.24009
27	30	40.25139
27	30	40.26287
27	30	40.27359
27	30	40.28461
27	30	40.29638
27	30	40.30714
27	30	40.31817
27	30	40.32941
27	30	40.34055
27	30	40.35184
27	30	40.36436
27	30	40.37406
27	30	40.38532
27	30	40.39658
27	30	40.40763
27	30	40.41877
27	30	40.43001
27	30	40.44096
27	30	40.45238
27	30	40.46338
27	30	40.47464
27	30	40.48603
27	30	40.49685
27	30	40.50848
27	30	40.52045
27	30	40.53049
27	30	40.54169
27	30	40.55299
27	30	40.56395
27	30	40.57499
27	30	40.58657
27	30	40.59751
27	30	40.60857
27	30	40.62024
27	30	40.63104
27	30	40.64216
27	30	40.65365
27	30	40.6647
27	30	40.67712
27	30	40.68723
27	30	40.69817
27	30	40.70964
27	30	40.7209
27	30	40.73201
27	30	40.74307
27	30	40.75423
27	30	40.76533
27	30	40.77624
27	30	40.78856
27	30	40.79862
27	30	40.80993
27	30	40.82162
27	30	40.83575
27	30	40.84332
27	30	40.85434
27	30	40.86552
27	30	40.87671
27	30	40.8879
27	30	40.89922
27	30	40.91033
27	30	40.92142
27	30	40.93263
27	30	40.94386
27	30	40.95483
27	30	40.96596
27	30	40.97749
27	30	40.99009
27	30	40.99954
27	30	41.01062
27	30	41.02189
27	30	41.03321
27	30	41.04428
27	30	41.05547
27	30	41.06653
27	30	41.07771
27	30	41.08897
27	30	41.10012
27	30	41.11134
27	30	41.12248
27	30	41.13381
27	30	41.14666
27	30	41.156
27	30	41.16706
27	30	41.17831
27	30	41.18951
27	30	41.20056
27	30	41.2124
27	30	41.22301
27	30	41.23411
27	30	41.24554
27	30	41.25656
27	30	41.2678
27	30	41.27879
27	30	41.29024
27	30	41.30225
27	30	41.31237
27	30	41.3236
27	30	41.33478
27	30	41.34582
27	30	41.35702
27	30	41.36824
27	30	41.37993
27	30	41.39057
27	30	41.40182
27	30	41.41294
27	30	41.42402
27	30	41.43503
27	30	41.44685
27	30	41.45835
27	30	41.46878
27	30	41.48004
27	30	41.49099
27	30	41.50246
27	30	41.51357
27	30	41.52464
27	30	41.53579
27	30	41.54781
27	30	41.55813
27	30	41.56914
27	30	41.58073
27	30	41.59151
27	30	41.60355
27	30	41.61555
27	30	41.62518
27	30	41.63651
27	30	41.64739
27	30	41.65863
27	30	41.6702
27	30	41.68108
27	30	41.6921
27	30	41.70332
27	30	41.71552
27	30	41.72701
27	30	41.73752
27	30	41.74814
27	30	41.76151
27	30	41.77343
27	30	41.78148
27	30	41.79265
27	30	41.80399
27	30	41.81507
27	30	41.8265
27	30	41.8375
27	30	41.84902
27	30	41.8598
27	30	41.87098
27	30	41.88191
27	30	41.89347
27	30	41.90453
27	30	41.91579
27	30	41.92867
27	30	41.93818
27	30	41.94905
27	30	41.96024
27	30	41.97145
27	30	41.98245
27	30	41.99362
27	30	42.00492
27	30	42.01623
27	29	42.02711
27	29	42.03832
27	29	42.0496
27	29	42.06076
27	29	42.0723
27	29	42.08409
27	29	42.09428
27	29	42.1055
27	29	42.1169
27	29	42.1278
27	29	42.13896
27	28	42.15004
27	28	42.1614
27	28	42.17251
27	28	42.18349
27	28	42.19479
27	28	42.20586
27	28	42.21724
27	28	42.2285
27	28	42.24051
27	28	42.25061
27	28	42.26174
27	27	42.27319
27	27	42.284
27	27	42.29536
27	27	42.30654
27	27	42.31777
27	27	42.32893
27	27	42.34013
27	27	42.35109
27	27	42.36244
27	27	42.37354
27	26	42.38507
27	26	42.39981
27	26	42.40952
27	26	42.42011
27	26	42.42954
27	26	42.44069
27	26	42.45168
27	26	42.46294
27	26	42.47419
27	26	42.48521
27	26	42.49628
27	25	42.50761
27	25	42.51886
27	25	42.52992
27	25	42.54137
27	25	42.55812
27	25	42.56818
27	25	42.57521
27	25	42.58579
27	25	42.59738
27	25	42.60798
27	25	42.6194
27	24	42.63078
27	24	42.64171
27	24	42.65284
27	24	42.66402
27	24	42.67523
27	24	42.68657
27	24	42.69809
27	24	42.71817
27	24	42.73011
27	24	42.739
27	24	42.74709
27	23	42.75577
27	23	42.76472
27	23	42.77593
27	23	42.78737
27	23	42.79802
27	23	42.80909
27	23	42.82063
27	23	42.83186
27	23	42.8428
27	23	42.85447
27	23	42.87233
27	23	42.8826
27	23	42.88992
27	23	42.89851
27	23	42.90953
27	23	42.92094
27	23	42.93204
27	23	42.94322
27	23	42.9543
27	23	42.96561
27	23	42.97667
27	24	42.98779
27	24	42.99894
27	24	43.01041
27	24	43.02307
27	24	43.03245
27	24	43.04378
27	24	43.05481
27	24	43.06599
27	24	43.07706
27	24	43.08824
27	24	43.09947
27	25	43.11066
27	25	43.12189
27	25	43.13301
27	25	43.14412
27	25	43.15538
27	25	43.16704
27	25	43.17882
27	25	43.18881
27	25	43.20013
27	25	43.21139
27	25	43.22256
27	26	43.23352
27	26	43.24488
27	26	43.25598
27	26	43.26719
27	26	43.27845
27	26	43.28948
27	26	43.30076
27	26	43.31198
27	26	43.3232
27	26	43.33511
27	26	43.34519
27	27	43.35652
27	27	43.36759
27	27	43.37871
27	27	43.39006
27	27	43.40106
27	27	43.41236
27	27	43.42346
27	27	43.4347
27	27	43.44613
27	27	43.45718
27	27	43.46811
27	28	43.47958
27	28	43.49182
27	28	43.50164
27	28	43.51278
27	28	43.52402
27	28	43.5351
27	28	43.54634
27	28	43.55761
27	28	43.56868
27	28	43.57977
27	28	43.59127
27	29	43.60244
27	29	43.61333
27	29	43.62446
27	29	43.63651
27	29	43.64991
27	29	43.65797
27	29	43.66914
27	29	43.68017
27	29	43.6916
27	29	43.70294
27	29	43.7142
27	30	43.72544
27	30	43.73656
27	30	43.74825
27	30	43.75927
27	30	43.77024
27	30	43.78164
27	30	43.79227
27	30	43.80443
27	30	43.81425
27	30	43.82539
27	30	43.83698
27	30	43.84796
27	30	43.85923
27	30	43.87043
27	30	43.88145
27	30	43.89248
27	30	43.90384
27	30	43.91492
27	30	43.926
27	30	43.93735
27	30	43.94907
27	30	43.9607
27	30	43.97126
27	30	43.98201
27	30	43.99308
27	30	44.0043
27	30	44.01566
27	30	44.02651
27	30	44.03796
27	30	44.04946
27	30	44.06005
27	30	44.07114
27	30	44.08282
27	30	44.09355
27	30	44.10499
27	30	44.11708
27	30	44.12732
27	30	44.13832
27	30	44.14985
27	30	44.16076
27	30	44.17178
27	30	44.18319
27	30	44.19431
27	30	44.20535
27	30	44.21667
27	30	44.22771
27	30	44.23885
27	30	44.25003
27	30	44.26151
27	30	44.27491
27	30	44.28394
27	30	44.29493
27	30	44.30576
27	30	44.31701
27	30	44.32816
27	30	44.33932
27	30	44.35046
27	29	44.36161
27	29	44.37296
27	29	44.38404
27	29	44.3952
27	29	44.40635
27	29	44.41764
27	29	44.42928
27	29	44.43995
27	29	44.45096
27	29	44.46219
27	29	44.47326
27	28	44.48452
27	28	44.49567
27	28	44.50705
27	28	44.51809
27	28	44.52917
27	28	44.54063
27	28	44.5515
27	28	44.56268
27	28	44.57432
27	28	44.58586
27	27	44.59629
27	27	44.60739
27	27	44.61871
27	27	44.62983
27	27	44.64086
27	27	44.652
27	27	44.66332
27	27	44.67434
27	27	44.68596
27	27	44.69701
27	27	44.70793
27	26	44.71917
27	26	44.73076
27	26	44.74525
27	26	44.75377
27	26	44.7641
27	26	44.77502
27	26	44.78637
27	26	44.79735
27	26	44.80837
27	26	44.81991
27	26	44.83101
27	25	44.84249
27	25	44.85361
27	25	44.8645
27	25	44.87584
27	25	44.8871
27	25	44.89866
27	25	44.90902
27	25	44.92038
27	25	44.93137
27	25	44.94242
27	25	44.95397
27	26	44.96536
27	26	44.976
27	26	44.9875
27	26	44.99827
27	26	45.00966
27	26	45.02078
27	26	45.0318
27	26	45.04335
27	26	45.05599
27	26	45.06548
27	26	45.07639
27	27	45.08775
27	27	45.09899
27	27	45.10995
27	27	45.12125
27	27	45.13269
27	27	45.14349
27	27	45.15467
27	27	45.16592
27	27	45.17731
27	27	45.18827
27	27	45.19982
27	28	45.21154
27	28	45.22202
27	28	45.23337
27	28	45.24411
27	28	45.25526
27	28	45.26674
27	28	45.27778
27	28	45.28892
27	28	45.3006
27	28	45.31121
27	28	45.32217
27	29	45.3337
27	29	45.3446
27	29	45.35616
27	29	45.36788
27	29	45.37812
27	29	45.38959
27	29	45.40086
27	29	45.41162
27	29	45.42282
27	29	45.43404
27	29	45.44531
27	30	45.4563
27	30	45.46769
27	30	45.47867
27	30	45.48991
27	30	45.50128
27	30	45.51238
27	30	45.52411
27	30	45.53469
27	30	45.54555
27	30	45.55701
27	30	45.56806
27	30	45.57946
27	30	45.59047
27	30	45.60151
27	30	45.61283
27	30	45.62465
27	30	45.63498
27	30	45.64613
27	30	45.65719
27	30	45.66908
27	30	45.68044
27	30	45.69094
27	30	45.70213
27	29	45.71336
27	29	45.72429
27	29	45.73566
27	29	45.74719
27	29	45.75824
27	29	45.76965
27	29	45.78159
27	29	45.79282
27	29	45.80334
27	29	45.81416
27	29	45.82531
27	28	45.83963
27	28	45.84742
27	28	45.85898
27	28	45.87023
27	28	45.8807
27	28	45.89209
27	28	45.90345
27	28	45.91419
27	28	45.92546
27	28	45.93702
27	28	45.94766
27	27	45.959
27	27	45.97052
27	27	45.98147
27	27	46.02219
27	27	46.0307
27	27	46.03798
27	27	46.04442
27	27	46.05274
27	27	46.05991
27	27	46.07091
27	26	46.08189
27	26	46.09292
27	26	46.10439
27	26	46.11536
27	26	46.12643
27	26	46.13805
27	26	46.14967
27	26	46.16026
27	26	46.17121
27	26	46.18247
27	26	46.19347
27	25	46.20477
27	25	46.21581
27	25	46.22705
27	25	46.23815
27	25	46.24936
27	25	46.26088
27	25	46.27196
27	25	46.28296
27	25	46.29447
27	25	46.30613
27	25	46.31633
27	24	46.3276
27	24	46.33886
27	24	46.35001
27	24	46.36129
27	24	46.37234
27	24	46.38347
27	24	46.39445
27	24	46.40578
27	24	46.41714
27	24	46.42807
27	24	46.43925
27	23	46.45068
27	23	46.46223
27	23	46.47277
27	23	46.48388
27	23	46.49523
27	23	46.50637
27	23	46.51756
27	23	46.52911
27	23	46.54047
27	23	46.55199
27	23	46.56251
27	23	46.57381
27	23	46.58535
27	23	46.5961
27	23	46.6078
27	23	46.62542
27	23	46.63352
27	23	46.64125
27	23	46.65229
27	23	46.66317
27	23	46.67424
27	23	46.68583
27	23	46.69637
27	23	46.70737
27	23	46.71896
27	23	46.72971
27	23	46.74084
27	23	46.75211
27	23	46.76403
27	23	46.77871
27	23	46.78764
27	23	46.79696
27	23	46.80817
27	23	46.81968
27	23	46.83041
27	23	46.84133
27	23	46.85269
27	23	46.86387
27	23	46.87527
27	23	46.88662
27	23	46.89766
27	23	46.90892
27	23	46.92093
27	23	46.934
27	23	46.94193
27	23	46.9537
27	23	46.96416
27	23	46.97542
27	23	46.98696
27	23	46.99763
27	23	47.00896
27	23	47.02054
27	23	47.03198
27	23	47.04298
27	23	47.05447
27	23	47.06511
27	23	47.07676
27	23	47.08947
27	23	47.09826
27	23	47.10955
27	23	47.12121
27	23	47.13181
27	23	47.14333
27	23	47.15466
27	23	47.16605
27	23	47.17695
27	23	47.1882
27	23	47.20297
27	23	47.21536
27	23	47.22452
27	23	47.23434
27	23	47.2476
27	23	47.25468
27	23	47.26583
27	23	47.27706
27	23	47.28807
27	23	47.29924
27	23	47.31064
27	23	47.32183
27	23	47.33304
27	23	47.34403
27	23	47.35514
27	23	47.36628
27	23	47.37731
27	23	47.38893
27	23	47.40075
27	23	47.411
27	23	47.42214
27	23	47.43367
27	23	47.44481
27	23	47.45747
27	23	47.46904
27	23	47.48008
27	23	47.49395
27	23	47.5023
27	23	47.512
27	23	47.5232
27	23	47.53437
27	23	47.54651
27	23	47.55927
27	23	47.5708
27	23	47.57853
27	23	47.59007
27	23	47.60085
27	23	47.61197
27	23	47.62347
27	23	47.63465
27	23	47.64559
27	23	47.65669
27	23	47.6687
27	23	47.67955
27	23	47.69038
27	23	47.70222
27	23	47.71367
27	23	47.7236
27	23	47.73528
27	23	47.74641
27	23	47.75842
27	23	47.76996
27	23	47.78066
27	23	47.7916
27	23	47.80465
27	23	47.815
27	23	47.82476
27	23	47.83658
27	23	47.84715
27	24	47.8585
27	24	47.87295
27	24	47.8805
27	24	47.89145
27	24	47.90324
27	24	47.91377
27	24	47.92507
27	24	47.93635
27	24	47.94751
27	24	47.95822
27	24	47.96982
27	25	47.98064
27	25	47.99187
27	25	48.00328
27	25	48.01433
27	25	48.02593
27	25	48.03687
27	25	48.04756
27	25	48.05877
27	25	48.07039
27	25	48.0813
27	25	48.09252
27	26	48.10383
27	26	48.11484
27	26	48.1259
27	26	48.13715
27	26	48.14833
27	26	48.15936
27	26	48.17098
27	26	48.1822
27	26	48.19318
27	26	48.20429
27	26	48.21519
27	27	48.22634
27	27	48.23777
27	27	48.24874
27	27	48.26012
27	27	48.27127
27	27	48.28226
27	27	48.29335
27	27	48.30494
27	27	48.31583
27	27	48.32711
27	27	48.33941
27	28	48.34916
27	28	48.36077
27	28	48.37161
27	28	48.38279
27	28	48.3945
27	28	48.40547
27	28	48.41633
27	28	48.42751
27	28	48.43881
27	28	48.45002
27	28	48.46102
27	29	48.47213
27	29	48.48373
27	29	48.49978
27	29	48.51085
27	29	48.51739
27	29	48.52796
27	29	48.53936
27	29	48.5504
27	29	48.56155
27	29	48.57272
27	29	48.58393
27	30	48.59486
27	30	48.60629
27	30	48.61747
27	30	48.62843
27	30	48.63999
27	30	48.6528
27	30	48.66214
27	30	48.67326
27	30	48.68435
27	30	48.69559
26	30	48.70687
26	30	48.71782
26	30	48.72901
26	30	48.74052
26	30	48.75135
26	30	48.76299
26	30	48.77402
26	30	48.7853
26	30	48.79662
26	30	48.81131
26	30	48.81871
25	30	48.8299
25	30	48.84087
25	30	48.85193
25	30	48.8632
25	30	48.87479
25	30	48.88612
25	30	48.89684
25	30	48.90813
25	30	48.91993
25	30	48.93034
25	30	48.94126
24	30	48.95319
24	30	48.96457
24	30	48.97476
24	30	48.98653
24	30	48.99725
24	30	49.0084
24	30	49.01974
24	30	49.03051
24	30	49.04182
24	30	49.05365
24	30	49.06426
23	30	49.07542
23	30	49.08693
23	30	49.09765
23	30	49.10913
23	30	49.12421
23	30	49.13129
23	30	49.1425
23	30	49.15388
23	30	49.16554
23	30	49.17601
23	30	49.1871
22	30	49.19839
22	30	49.20927
22	30	49.22076
22	30	49.23158
22	30	49.24297
22	30	49.25401
22	30	49.26537
22	30	49.27893
22	30	49.28761
22	30	49.2987
22	30	49.30988
23	30	49.32172
23	30	49.33218
23	30	49.34358
23	30	49.35471
23	30	49.36589
23	30	49.37704
23	30	49.38833
23	30	49.39949
23	30	49.41045
23	30	49.42191
23	30	49.43333
24	30	49.44466
24	30	49.45499
24	30	49.46622
24	30	49.47749
24	30	49.48866
24	30	49.4997
24	30	49.51096
24	30	49.52247
24	30	49.53352
24	30	49.54442
24	30	49.5556
25	30	49.5668
25	30	49.57832
25	30	49.59092
25	30	49.60041
25	30	49.61175
25	30	49.62258
25	30	49.63366
25	30	49.64499
25	30	49.65612
25	30	49.66734
25	30	49.67839
26	30	49.68961
26	30	49.70082
26	30	49.71203
26	30	49.72312
26	30	49.73498
26	30	49.75024
26	30	49.75881
26	30	49.76807
26	30	49.77909
26	30	49.79023
26	30	49.80162
27	30	49.81249
27	30	49.82397
27	30	49.83559
27	30	49.84657
27	30	49.85733
27	30	49.86823
27	30	49.87942
27	30	49.8912
27	30	49.90323
27	30	49.91305
27	30	49.92422
27	29	49.93542
27	29	49.94649
27	29	49.95787
27	29	49.96908
27	29	49.98007
27	29	49.99128
27	29	50.00278
27	29	50.01366
27	29	50.02482
27	29	50.03599
27	29	50.04726
27	28	50.05879
27	28	50.06971
27	28	50.08072
27	28	50.09193
27	28	50.10316
27	28	50.1142
27	28	50.12516
27	28	50.13692
27	28	50.14743
27	28	50.15923
27	28	50.17194
27	27	50.18412
27	27	50.19456
27	27	50.20609
27	27	50.22078
27	27	50.23051
27	27	50.24036
27	27	50.25004
27	27	50.26132
27	27	50.27372
27	27	50.28464
27	27	50.2955
27	26	50.30666
27	26	50.31711
27	26	50.3263
27	26	50.33814
27	26	50.35065
27	26	50.36404
27	26	50.37969
27	26	50.38981
27	26	50.39926
27	26	50.40928
27	25	50.41857
27	25	50.429
27	25	50.4402
27	25	50.45139
27	25	50.46227
27	25	50.47398
27	25	50.4846
27	25	50.49612
27	25	50.50553
27	25	50.51712
27	25	50.53132
27	24	50.54206
27	24	50.5504
27	24	50.56139
27	24	50.5725
27	24	50.58399
27	24	50.59473
27	24	50.60603
27	24	50.61747
27	24	50.62836
27	24	50.63968
27	24	50.65086
27	24	50.6622
27	23	50.67312
27	23	50.68674
27	23	50.69545
27	23	50.7067
27	23	50.71812
27	23	50.7301
27	23	50.74102
27	23	50.75257
27	23	50.76316
27	23	50.77491
27	23	50.78758
27	23	50.79968
27	23	50.80917
27	23	50.82016
27	23	50.83105
27	23	50.84523
27	23	50.85556
27	23	50.86578
27	23	50.87654
27	23	50.88792
27	23	50.89902
27	23	50.90935
27	23	50.92059
27	23	50.93169
27	23	50.94302
27	23	50.95437
27	23	50.96491
27	23	50.97614
27	23	50.98845
27	23	51.00279
27	23	51.01112
27	23	51.01947
27	23	51.03195
27	23	51.04128
27	23	51.05559
27	23	51.06552
27	23	51.0768
27	23	51.08829
27	23	51.09908
27	23	51.10995
27	23	51.1195
27	23	51.13214
27	23	51.14201
27	23	51.15829
27	23	51.16517
27	23	51.17516
27	23	51.18657
27	23	51.19744
27	23	51.20877
27	23	51.22271
27	23	51.23316
27	23	51.24399
27	23	51.25385
27	23	51.26462
27	23	51.27782
27	23	51.28698
27	23	51.30009
27	23	51.31248
27	23	51.32103
27	23	51.3318
27	23	51.34435
27	23	51.35423
27	23	51.36515
27	23	51.37621
27	23	51.38778
27	23	51.39865
27	23	51.41
27	23	51.42126
27	23	51.43239
27	23	51.44345
27	23	51.45707
27	23	51.47124
27	23	51.47856
27	23	51.4881
27	23	51.49911
27	23	51.51031
27	23	51.52151
27	23	51.53432
27	23	51.54602
27	23	51.55574
27	23	51.56697
27	23	51.57803
27	23	51.58969
27	23	51.60016
27	23	51.61133
27	24	51.62473
27	24	51.63353
27	24	51.64498
27	24	51.65619
27	24	51.66718
27	24	51.6781
27	24	51.68935
27	24	51.7004
27	24	51.71146
27	24	51.7227
27	24	51.7336
27	25	51.74491
27	25	51.75628
27	25	51.76785
27	25	51.78757
27	25	51.79692
27	25	51.80568
27	25	51.81308
27	25	51.82362
27	25	51.83454
27	25	51.84584
27	25	51.8572
27	26	51.86819
27	26	51.87887
27	26	51.89058
27	26	51.90142
27	26	51.9128
27	26	51.92387
27	26	51.93695
27	26	51.94624
27	26	51.9575
27	26	51.96875
27	26	51.97998
27	27	51.99105
27	27	52.00254
27	27	52.01343
27	27	52.0244
27	27	52.0361
27	27	52.04675
27	27	52.05804
27	27	52.07014
27	27	52.08062
27	27	52.0934
27	27	52.10294
27	28	52.11378
27	28	52.12508
27	28	52.13623
27	28	52.14711
27	28	52.1583
27	28	52.16942
27	28	52.18058
27	28	52.19191
27	28	52.20383
27	28	52.21406
27	28	52.22532
27	29	52.23691
27	29	52.24915
27	29	52.25851
27	29	52.27047
27	29	52.28167
27	29	52.29286
27	29	52.30388
27	29	52.31488
27	29	52.32626
27	29	52.33799
27	29	52.34855
27	30	52.35988
27	30	52.37121
27	30	52.38474
27	30	52.39524
27	30	52.40907
27	30	52.41817
27	30	52.42823
27	30	52.43966
27	30	52.44997
27	30	52.45974
27	30	52.47082
27	29	52.48211
27	29	52.49323
27	29	52.50443
27	29	52.51554
27	29	52.52664
27	29	52.53791
27	29	52.5493
27	29	52.56165
27	29	52.57385
27	29	52.5853
27	28	52.59583
27	28	52.60695
27	28	52.61789
27	28	52.62965
27	28	52.64048
27	28	52.65205
27	28	52.6628
27	28	52.67412
27	28	52.68481
27	28	52.69608
27	28	52.70744
27	27	52.72177
27	27	52.73101
27	27	52.74129
27	27	52.75285
27	27	52.76405
27	27	52.77326
27	27	52.78614
27	27	52.79747
27	27	52.80647
27	27	52.819
27	27	52.82851
27	26	52.84141
27	26	52.85056
27	26	52.86204
27	26	52.87657
27	26	52.88487
27	26	52.89545
27	26	52.90689
27	26	52.92004
27	26	52.92878
27	26	52.94052
27	25	52.96363
27	25	52.97346
27	25	52.9792
27	25	52.98555
27	25	52.99588
27	25	53.00822
27	25	53.01856
27	25	53.02986
27	25	53.0407
27	25	53.0519
27	25	53.063
27	25	53.07412
27	24	53.08537
27	24	53.09663
27	24	53.10768
27	24	53.11887
27	24	53.13002
27	24	53.14122
27	24	53.1525
27	24	53.16376
27	24	53.17498
27	24	53.18655
27	24	53.19714
27	23	53.20841
27	23	53.21967
27	23	53.23075
27	23	53.24178
27	23	53.25318
27	23	53.26399
27	23	53.27538
27	23	53.28661
27	23	53.29748
27	23	53.30884
27	23	53.32013
27	23	53.33134
27	23	53.34305
27	23	53.3535
27	23	53.36454
27	23	53.37562
27	23	53.38701
27	23	53.39817
27	23	53.40924
27	23	53.42133
27	23	53.43212
27	23	53.44336
27	23	53.45454
27	23	53.46554
27	23	53.47691
27	23	53.48837
27	23	53.49957
27	23	53.51023
27	23	53.52141
27	23	53.53271
27	23	53.54366
27	23	53.5547
27	23	53.56589
27	23	53.57712
27	23	53.58823
27	23	53.59911
27	23	53.61089
27	23	53.62185
27	23	53.63321
27	23	53.64457
27	23	53.65562
27	23	53.66639
27	23	53.67727
27	23	53.68879
27	23	53.69977
27	23	53.7109
27	23	53.72227
27	23	53.73381
27	23	53.7449
27	23	53.75577
27	23	53.76727
27	23	53.77802
27	23	53.78905
27	23	53.80033
27	23	53.81178
27	23	53.82288
27	23	53.83388
27	23	53.84557
27	23	53.85675
27	23	53.86817
27	23	53.87893
27	23	53.89069
27	23	53.90167
27	23	53.91212
27	23	53.92351
27	23	53.93416
27	23	53.94561
27	23	53.95705
27	23	53.9684
27	23	53.97924
27	23	53.99037
27	23	54.00169
27	23	54.01281
27	23	54.02408
27	23	54.03483
27	23	54.04603
27	23	54.05769
27	23	54.06872
27	23	54.07977
27	23	54.09143
27	23	54.10258
27	23	54.11357
27	23	54.12543
27	23	54.13607
27	23	54.14675
27	23	54.15818
27	23	54.16968
27	23	54.18047
27	23	54.19166
27	23	54.20319
27	23	54.21402
27	23	54.22512
27	23	54.23657
27	23	54.24749
27	23	54.2586
27	23	54.27055
27	23	54.28315
27	23	54.29215
27	23	54.30426
27	23	54.31456
27	23	54.32579
27	23	54.33703
27	23	54.34803
27	23	54.3591
27	23	54.37049
27	23	54.38155
27	23	54.39284
27	23	54.40399
27	23	54.41502
27	23	54.42617
27	23	54.43803
27	23	54.44851
27	23	54.45966
27	23	54.47112
27	23	54.48198
27	23	54.49366
27	23	54.5045
27	23	54.51584
27	23	54.5267
27	23	54.53805
27	23	54.54922
27	23	54.5604
27	23	54.57158
27	23	54.5826
27	23	54.59419
27	23	54.60501
27	23	54.61621
27	23	54.62739
27	23	54.63838
27	23	54.64979
27	23	54.66065
27	23	54.67144
27	23	54.68297
27	23	54.69411
27	23	54.70537
27	23	54.71642
27	23	54.72829
27	23	54.73972
27	23	54.75439
27	23	54.76184
27	23	54.77259
27	23	54.78341
27	23	54.79463
27	23	54.80594
27	23	54.81695
27	23	54.82835
27	23	54.84041
27	23	54.85149
27	23	54.8625
27	23	54.87358
27	23	54.88487
27	23	54.89583
27	23	54.90696
27	23	54.91781
27	23	54.92895
27	23	54.94052
27	23	54.95135
27	23	54.96231
27	23	54.97346
27	23	54.9842
27	23	54.99525
27	23	55.00666
27	23	55.01768
27	23	55.02906
27	23	55.04007
27	23	55.05154
27	23	55.06224
27	23	55.0737
27	23	55.08456
27	23	55.09602
27	23	55.10709
27	23	55.11814
27	23	55.12926
27	23	55.14081
27	23	55.15163
27	23	55.16285
27	23	55.17434
27	23	55.18519
27	23	55.19638
27	23	55.20791
27	23	55.21852
27	23	55.22988
27	23	55.24143
27	23	55.25216
27	23	55.26329
27	23	55.27519
27	23	55.28593
27	23	55.29699
27	23	55.30827
27	23	55.31934
27	23	55.3307
27	23	55.34175
27	23	55.35291
27	23	55.36415
27	23	55.37514
27	23	55.38799
27	23	55.39729
27	23	55.40871
27	23	55.42008
27	23	55.43093
27	23	55.44219
27	23	55.45364
27	23	55.46616
