x	y	time	x-coordinate	y-coordinate	z-coordinate
15	11	0.2558453	0	0	0
15	11	0.2745308	0	0	0
15	11	0.2916777	0	0	0
15	11	0.3012944	0	0	0
15	11	0.3111018	0	0	0
15	11	0.3218977	0	0	0
15	11	0.3310672	0	0	0
15	11	0.3389404	0	0	0
15	11	0.3467955	0	0	0
15	11	0.3564628	0	0	0
15	11	0.3647063	0	0	0
15	11	0.3736646	0	0	0
15	11	0.3854685	0	0	0
15	11	0.3963986	0	0	0
15	11	0.407964	0	0	0
15	11	0.4194258	0	0	0
15	11	0.4297393	0	0	0
15	11	0.4410108	0	0	0
15	11	0.4527763	0	0	0
15	11	0.4635191	0	0	0
15	11	0.4745033	0	0	0
15	11	0.4863702	0	0	0
15	11	0.4974466	0	0	0
15	11	0.5085371	0	0	0
15	11	0.5201356	0	0	0
15	11	0.530571	0	0	0
15	11	0.541518	0	0	0
15	11	0.5532533	0	0	0
15	11	0.5644003	0	0	0
15	11	0.5745877	0	0	0
15	11	0.5866429	0	0	0
15	11	0.5978254	0	0	0
15	11	0.6088351	0	0	0
15	11	0.6203685	0	0	0
15	11	0.6307165	0	0	0
15	11	0.641689	0	0	0
15	11	0.6539083	0	0	0
15	11	0.6645995	0	0	0
15	11	0.6754223	0	0	0
15	11	0.6878085	0	0	0
15	11	0.6983744	0	0	0
15	11	0.7093663	0	0	0
15	11	0.7214271	0	0	0
15	11	0.7315866	0	0	0
15	11	0.7425482	0	0	0
15	11	0.7544707	0	0	0
15	11	0.7648896	0	0	0
15	11	0.7757693	0	0	0
15	11	0.7879987	0	0	0
15	11	0.7987323	0	0	0
15	11	0.809435	0	0	0
15	11	0.820987	0	0	0
15	11	0.8320204	0	0	0
15	11	0.8433311	0	0	0
15	11	0.8547549	0	0	0
15	11	0.8655597	0	0	0
15	11	0.8771498	0	0	0
15	11	0.8882958	0	0	0
15	11	0.8990224	0	0	0
15	11	0.9104547	0	0	0
15	11	0.9217625	0	0	0
15	11	0.9326501	0	0	0
15	11	0.943423	0	0	0
15	11	0.957027	0	0	0
15	11	0.9690025	0	0	0
15	11	0.9840515	0	0	0
15	11	0.9944268	0	0	0
15	11	1.005714	0	0	0
15	11	1.017031	0	0	0
15	11	1.028396	0	0	0
15	11	1.039289	0	0	0
15	11	1.050378	0	0	0
15	11	1.061364	0	0	0
15	11	1.072839	0	0	0
15	11	1.084088	0	0	0
15	11	1.095191	0	0	0
15	11	1.106503	0	0	0
15	11	1.118169	0	0	0
15	11	1.128719	0	0	0
15	11	1.139888	0	0	0
15	11	1.151714	0	0	0
15	11	1.162342	0	0	0
15	11	1.173436	0	0	0
15	11	1.184982	0	0	0
15	11	1.195495	0	0	0
15	11	1.206738	0	0	0
15	11	1.218027	0	0	0
15	11	1.228881	0	0	0
15	11	1.240016	0	0	0
15	11	1.251313	0	0	0
15	11	1.26241	0	0	0
15	11	1.2739	0	0	0
15	11	1.285426	0	0	0
15	11	1.29611	0	0	0
15	11	1.307385	0	0	0
15	11	1.318603	0	0	0
15	11	1.329565	0	0	0
15	11	1.34139	0	0	0
15	11	1.352719	0	0	0
15	11	1.363098	0	0	0
15	11	1.374314	0	0	0
15	11	1.385712	0	0	0
15	11	1.396482	0	0	0
15	11	1.407721	0	0	0
15	11	1.418978	0	0	0
15	11	1.43	0	0	0
15	11	1.441151	0	0	0
15	11	1.452866	0	0	0
15	11	1.463937	0	0	0
15	11	1.474981	0	0	0
15	11	1.486384	0	0	0
15	11	1.498055	0	0	0
15	11	1.508383	0	0	0
15	11	1.51981	0	0	0
15	11	1.53136	0	0	0
15	11	1.542285	0	0	0
15	11	1.553386	0	0	0
15	11	1.564402	0	0	0
15	11	1.575587	0	0	0
15	11	1.586984	0	0	0
15	11	1.598142	0	0	0
15	11	1.608891	0	0	0
15	11	1.62034	0	0	0
15	11	1.631425	0	0	0
15	11	1.642507	0	0	0
15	11	1.654661	0	0	0
15	11	1.665058	0	0	0
15	11	1.676025	0	0	0
15	11	1.68745	0	0	0
15	11	1.698824	0	0	0
15	11	1.709517	0	0	0
15	11	1.720896	0	0	0
15	11	1.731935	0	0	0
15	11	1.74308	0	0	0
15	11	1.75457	0	0	0
15	11	1.765956	0	0	0
15	11	1.776696	0	0	0
15	11	1.788017	0	0	0
15	11	1.798995	0	0	0
15	11	1.810378	0	0	0
15	11	1.821245	0	0	0
15	11	1.832537	0	0	0
15	11	1.843385	0	0	0
15	11	1.854997	0	0	0
15	11	1.865802	0	0	0
15	11	1.876806	0	0	0
15	11	1.888266	0	0	0
15	11	1.899089	0	0	0
15	11	1.910475	0	0	0
15	11	1.921851	0	0	0
15	11	1.932717	0	0	0
15	11	1.943645	0	0	0
15	11	1.955113	0	0	0
15	11	1.96633	0	0	0
15	11	1.977202	0	0	0
15	11	1.988643	0	0	0
15	11	1.999651	0	0	0
15	11	2.010884	0	0	0
15	11	2.022528	0	0	0
15	11	2.033461	0	0	0
15	11	2.044855	0	0	0
15	11	2.05637	0	0	0
15	11	2.067328	0	0	0
15	11	2.078138	0	0	0
15	11	2.089419	0	0	0
15	11	2.100478	0	0	0
15	11	2.111612	0	0	0
15	11	2.123691	0	0	0
15	11	2.134169	0	0	0
15	11	2.145323	0	0	0
15	11	2.156672	0	0	0
15	11	2.167554	0	0	0
15	11	2.178457	0	0	0
15	11	2.190053	0	0	0
15	11	2.200882	0	0	0
15	11	2.212186	0	0	0
15	11	2.223534	0	0	0
15	11	2.23462	0	0	0
15	11	2.245602	0	0	0
15	11	2.256975	0	0	0
15	11	2.268031	0	0	0
15	11	2.279478	0	0	0
15	11	2.290573	0	0	0
15	11	2.301494	0	0	0
15	11	2.312413	0	0	0
15	11	2.323761	0	0	0
15	11	2.334728	0	0	0
15	11	2.345864	0	0	0
15	11	2.357073	0	0	0
15	11	2.368079	0	0	0
15	11	2.379344	0	0	0
15	11	2.390668	0	0	0
15	11	2.401851	0	0	0
15	11	2.412984	0	0	0
15	11	2.424607	0	0	0
15	11	2.435877	0	0	0
15	11	2.446657	0	0	0
15	11	2.458066	0	0	0
15	11	2.468796	0	0	0
15	11	2.480216	0	0	0
15	11	2.491815	0	0	0
15	11	2.502475	0	0	0
15	11	2.513374	0	0	0
15	11	2.524885	0	0	0
15	11	2.535681	0	0	0
15	11	2.546928	0	0	0
15	11	2.558161	0	0	0
15	11	2.569092	0	0	0
15	11	2.580147	0	0	0
15	11	2.592237	0	0	0
15	11	2.602803	0	0	0
15	11	2.614014	0	0	0
15	11	2.625803	0	0	0
15	11	2.636468	0	0	0
15	11	2.647813	0	0	0
15	11	2.659306	0	0	0
15	11	2.670106	0	0	0
15	11	2.681459	0	0	0
15	11	2.69258	0	0	0
15	11	2.703693	0	0	0
15	11	2.715245	0	0	0
15	11	2.726122	0	0	0
15	11	2.736906	0	0	0
15	11	2.74899	0	0	0
15	11	2.759492	0	0	0
15	11	2.770467	0	0	0
15	11	2.781804	0	0	0
15	11	2.793149	0	0	0
15	11	2.803948	0	0	0
15	11	2.815044	0	0	0
15	11	2.826371	0	0	0
15	11	2.837436	0	0	0
15	11	2.848841	0	0	0
15	11	2.860193	0	0	0
15	11	2.871011	0	0	0
15	11	2.882182	0	0	0
15	11	2.893546	0	0	0
15	11	2.90471	0	0	0
15	11	2.916087	0	0	0
15	11	2.927073	0	0	0
15	11	2.938182	0	0	0
15	11	2.949727	0	0	0
15	11	2.960686	0	0	0
15	11	2.972071	0	0	0
15	11	2.984204	0	0	0
15	11	2.995431	0	0	0
15	11	3.005022	0	0	0
15	11	3.01701	0	0	0
15	11	3.027292	0	0	0
15	11	3.038382	0	0	0
15	11	3.050062	0	0	0
15	11	3.061327	0	0	0
14	11	3.074951	0	0	0
14	11	3.088127	0	0	0
14	11	3.096885	0	0	0
14	11	3.104807	0	0	0
14	11	3.121999	0	0	0
14	11	3.131142	0	0	0
14	11	3.139666	0	0	0
14	11	3.175404	0	0	0
13	11	3.187016	0	0	0
13	11	3.197448	0	0	0
13	11	3.205928	0	0	0
13	11	3.213954	0	0	0
13	11	3.222612	0	0	0
13	11	3.231389	0	0	0
13	11	3.239854	0	0	0
13	11	3.248268	0	0	0
13	11	3.258726	0	0	0
13	11	3.26825	0	0	0
13	11	3.2782	0	0	0
13	11	3.290416	0	0	0
13	11	3.301099	0	0	0
12	11	3.312426	0	0	0
12	11	3.323677	0	0	0
12	11	3.334228	0	0	0
12	11	3.345492	0	0	0
12	11	3.357187	0	0	0
12	11	3.368257	0	0	0
12	11	3.378828	0	0	0
12	11	3.390421	0	0	0
12	11	3.40116	0	0	0
12	11	3.411992	0	0	0
12	11	3.423357	0	0	0
11	11	3.434375	0	0	0
11	11	3.445254	0	0	0
11	11	3.456927	0	0	0
11	11	3.468101	0	0	0
11	11	3.47905	0	0	0
11	11	3.490446	0	0	0
11	11	3.501337	0	0	0
11	11	3.512836	0	0	0
11	11	3.524764	0	0	0
11	11	3.534982	0	0	0
11	11	3.546146	0	0	0
10	11	3.557903	0	0	0
10	11	3.568728	0	0	0
10	11	3.580057	0	0	0
10	11	3.591511	0	0	0
10	11	3.602645	0	0	0
10	11	3.61328	0	0	0
10	11	3.625419	0	0	0
10	11	3.635788	0	0	0
10	11	3.647067	0	0	0
10	11	3.658788	0	0	0
10	11	3.669167	0	0	0
9	11	3.680465	0	0	0
9	11	3.6922	0	0	0
9	11	3.702807	0	0	0
9	11	3.713622	0	0	0
9	11	3.725331	0	0	0
9	11	3.736323	0	0	0
9	11	3.747207	0	0	0
9	11	3.759326	0	0	0
9	11	3.769853	0	0	0
9	11	3.781528	0	0	0
9	11	3.793788	0	0	0
8	11	3.805964	0	0	0
8	11	3.817964	0	0	0
8	11	3.82978	0	0	0
8	11	3.842269	0	0	0
8	11	3.85397	0	0	0
8	11	3.864892	0	0	0
8	11	3.876854	0	0	0
8	11	3.88801	0	0	0
8	11	3.898907	0	0	0
8	11	3.909864	0	0	0
7	11	3.921462	0	0	0
7	11	3.932153	0	0	0
7	11	3.943377	0	0	0
7	11	3.956619	0	0	0
7	11	3.967056	0	0	0
7	11	3.976576	0	0	0
7	11	3.988259	0	0	0
7	11	3.999427	0	0	0
7	11	4.010184	0	0	0
7	11	4.022578	0	0	0
7	11	4.034503	0	0	0
7	12	4.043882	0	0	0
7	12	4.055645	0	0	0
7	12	4.066607	0	0	0
7	12	4.077563	0	0	0
7	12	4.088838	0	0	0
7	12	4.100347	0	0	0
7	12	4.111241	0	0	0
7	12	4.122829	0	0	0
7	12	4.133874	0	0	0
7	12	4.144915	0	0	0
7	12	4.156859	0	0	0
7	13	4.16838	0	0	0
7	13	4.179394	0	0	0
7	13	4.189778	0	0	0
7	13	4.200913	0	0	0
7	13	4.211395	0	0	0
7	13	4.222862	0	0	0
7	13	4.234158	0	0	0
7	13	4.245349	0	0	0
7	13	4.256526	0	0	0
7	13	4.267882	0	0	0
7	13	4.278704	0	0	0
7	14	4.290348	0	0	0
7	14	4.301434	0	0	0
7	14	4.312871	0	0	0
7	14	4.330678	0	0	0
7	14	4.341986	0	0	0
7	14	4.349834	0	0	0
7	14	4.358998	0	0	0
7	14	4.366632	0	0	0
7	14	4.374434	0	0	0
7	14	4.38398	0	0	0
7	14	4.395054	0	0	0
7	14	4.4064	0	0	0
7	15	4.417675	0	0	0
7	15	4.428497	0	0	0
7	15	4.439575	0	0	0
7	15	4.451181	0	0	0
7	15	4.462049	0	0	0
7	15	4.473886	0	0	0
7	15	4.485968	0	0	0
7	15	4.498365	0	0	0
7	15	4.507591	0	0	0
7	15	4.519496	0	0	0
7	16	4.529397	0	0	0
7	16	4.540658	0	0	0
7	16	4.553064	0	0	0
7	16	4.562901	0	0	0
7	16	4.573867	0	0	0
7	16	4.585344	0	0	0
7	16	4.59621	0	0	0
7	16	4.607814	0	0	0
7	16	4.619233	0	0	0
7	16	4.630339	0	0	0
7	16	4.64152	0	0	0
7	17	4.653216	0	0	0
7	17	4.663356	0	0	0
7	17	4.67463	0	0	0
7	17	4.68634	0	0	0
7	17	4.696955	0	0	0
7	17	4.708403	0	0	0
7	17	4.720025	0	0	0
7	17	4.730482	0	0	0
7	17	4.741823	0	0	0
7	17	4.753865	0	0	0
7	17	4.764706	0	0	0
7	18	4.776324	0	0	0
7	18	4.78889	0	0	0
7	18	4.80019	0	0	0
7	18	4.811688	0	0	0
7	18	4.822652	0	0	0
7	18	4.833938	0	0	0
7	18	4.845085	0	0	0
7	18	4.857002	0	0	0
7	18	4.868202	0	0	0
7	18	4.879685	0	0	0
7	18	4.891894	0	0	0
7	19	4.902752	0	0	0
7	19	4.913821	0	0	0
7	19	4.925799	0	0	0
7	19	4.936584	0	0	0
7	19	4.948494	0	0	0
7	19	4.961281	0	0	0
7	19	4.971879	0	0	0
7	19	4.981366	0	0	0
7	19	4.992975	0	0	0
7	19	5.004609	0	0	0
7	19	5.015101	0	0	0
7	20	5.026617	0	0	0
7	20	5.037443	0	0	0
7	20	5.048849	0	0	0
7	20	5.060292	0	0	0
7	20	5.071464	0	0	0
7	20	5.082898	0	0	0
7	20	5.094355	0	0	0
7	20	5.105573	0	0	0
7	20	5.116247	0	0	0
7	20	5.129831	0	0	0
7	20	5.138412	0	0	0
7	21	5.150091	0	0	0
7	21	5.161098	0	0	0
7	21	5.17206	0	0	0
7	21	5.183204	0	0	0
7	21	5.194475	0	0	0
7	21	5.205323	0	0	0
7	21	5.216634	0	0	0
7	21	5.228074	0	0	0
7	21	5.238951	0	0	0
7	21	5.250299	0	0	0
7	21	5.261902	0	0	0
7	22	5.273634	0	0	0
7	22	5.287208	0	0	0
7	22	5.299957	0	0	0
7	22	5.308803	0	0	0
7	22	5.317671	0	0	0
7	22	5.325969	0	0	0
7	22	5.336926	0	0	0
7	22	5.347881	0	0	0
7	22	5.359685	0	0	0
7	22	5.370431	0	0	0
7	22	5.381509	0	0	0
7	23	5.393161	0	0	0
7	23	5.403899	0	0	0
7	23	5.415438	0	0	0
7	23	5.427655	0	0	0
7	23	5.438297	0	0	0
7	23	5.44835	0	0	0
7	23	5.459724	0	0	0
7	23	5.470713	0	0	0
7	23	5.48214	0	0	0
7	23	5.493549	0	0	0
7	23	5.504386	0	0	0
7	24	5.516251	0	0	0
7	24	5.527012	0	0	0
7	24	5.537659	0	0	0
7	24	5.548607	0	0	0
7	24	5.560183	0	0	0
7	24	5.571434	0	0	0
7	24	5.582539	0	0	0
7	24	5.594736	0	0	0
7	24	5.604693	0	0	0
7	24	5.615993	0	0	0
7	24	5.627331	0	0	0
7	25	5.638233	0	0	0
7	25	5.649858	0	0	0
7	25	5.66107	0	0	0
7	25	5.67239	0	0	0
7	25	5.683981	0	0	0
7	25	5.695159	0	0	0
7	25	5.706442	0	0	0
7	25	5.718111	0	0	0
7	25	5.729563	0	0	0
7	25	5.741004	0	0	0
7	26	5.752277	0	0	0
7	26	5.763036	0	0	0
7	26	5.774361	0	0	0
7	26	5.786109	0	0	0
7	26	5.796831	0	0	0
7	26	5.808182	0	0	0
7	26	5.82008	0	0	0
7	26	5.830809	0	0	0
7	26	5.843843	0	0	0
7	26	5.854139	0	0	0
7	26	5.864626	0	0	0
8	26	5.875628	0	0	0
8	26	5.88783	0	0	0
8	26	5.900266	0	0	0
8	26	5.914508	0	0	0
8	26	5.92619	0	0	0
8	26	5.934513	0	0	0
8	26	5.942981	0	0	0
8	26	5.950781	0	0	0
8	26	5.961912	0	0	0
8	26	5.973011	0	0	0
8	26	5.984129	0	0	0
9	26	5.995573	0	0	0
9	26	6.006616	0	0	0
9	26	6.01778	0	0	0
9	26	6.029278	0	0	0
9	26	6.040652	0	0	0
9	26	6.051727	0	0	0
9	26	6.063838	0	0	0
9	26	6.073769	0	0	0
9	26	6.085203	0	0	0
9	26	6.096416	0	0	0
9	26	6.107668	0	0	0
10	26	6.118935	0	0	0
10	26	6.129892	0	0	0
10	26	6.14051	0	0	0
10	26	6.1524	0	0	0
10	26	6.163069	0	0	0
10	26	6.173984	0	0	0
10	26	6.185222	0	0	0
10	26	6.197126	0	0	0
10	26	6.207808	0	0	0
10	26	6.218771	0	0	0
10	26	6.229903	0	0	0
11	26	6.241283	0	0	0
11	26	6.252722	0	0	0
11	26	6.263415	0	0	0
11	26	6.274788	0	0	0
11	26	6.286538	0	0	0
11	26	6.297758	0	0	0
11	26	6.308839	0	0	0
11	26	6.320507	0	0	0
11	26	6.331601	0	0	0
11	26	6.342862	0	0	0
11	26	6.354787	0	0	0
12	26	6.366599	0	0	0
12	26	6.377918	0	0	0
12	26	6.388252	0	0	0
12	26	6.399144	0	0	0
12	26	6.410305	0	0	0
12	26	6.421914	0	0	0
12	26	6.433015	0	0	0
12	26	6.444472	0	0	0
12	26	6.456206	0	0	0
12	26	6.467415	0	0	0
12	26	6.478796	0	0	0
13	26	6.49041	0	0	0
13	26	6.501486	0	0	0
13	26	6.51301	0	0	0
13	26	6.52528	0	0	0
13	26	6.536557	0	0	0
13	26	6.547599	0	0	0
13	26	6.559669	0	0	0
13	26	6.568661	0	0	0
13	26	6.579479	0	0	0
13	26	6.590771	0	0	0
13	26	6.601996	0	0	0
13	27	6.612679	0	0	0
13	27	6.624259	0	0	0
13	27	6.635565	0	0	0
13	27	6.646317	0	0	0
13	27	6.659488	0	0	0
13	27	6.67032	0	0	0
13	27	6.687982	0	0	0
13	27	6.70048	0	0	0
13	27	6.708003	0	0	0
13	27	6.716141	0	0	0
13	27	6.725196	0	0	0
13	28	6.733198	0	0	0
13	28	6.741244	0	0	0
13	28	6.752554	0	0	0
13	28	6.763977	0	0	0
13	28	6.774846	0	0	0
13	28	6.78605	0	0	0
13	28	6.797215	0	0	0
13	28	6.808338	0	0	0
13	28	6.819322	0	0	0
13	28	6.831062	0	0	0
13	28	6.841407	0	0	0
13	29	6.852777	0	0	0
13	29	6.864427	0	0	0
13	29	6.874844	0	0	0
13	29	6.886403	0	0	0
13	29	6.897202	0	0	0
13	29	6.910397	0	0	0
13	29	6.920355	0	0	0
13	29	6.931179	0	0	0
13	29	6.942093	0	0	0
13	29	6.95307	0	0	0
13	29	6.96415	0	0	0
13	30	6.975326	0	0	0
13	30	6.987076	0	0	0
13	30	6.999269	0	0	0
13	30	7.009258	0	0	0
13	30	7.020606	0	0	0
13	30	7.032843	0	0	0
13	30	7.044263	0	0	0
13	30	7.054216	0	0	0
13	30	7.064622	0	0	0
13	30	7.075952	0	0	0
13	30	7.087019	0	0	0
13	30	7.098317	0	0	0
13	30	7.109405	0	0	0
13	29	7.123052	0	0	0
13	29	7.133447	0	0	0
13	29	7.144475	0	0	0
13	29	7.155323	0	0	0
13	29	7.166949	0	0	0
13	29	7.178144	0	0	0
13	29	7.190526	0	0	0
13	29	7.201346	0	0	0
13	29	7.212737	0	0	0
13	29	7.226784	0	0	0
13	29	7.238473	0	0	0
13	28	7.248864	0	0	0
13	28	7.258686	0	0	0
13	28	7.270394	0	0	0
13	28	7.281522	0	0	0
13	28	7.293349	0	0	0
13	28	7.304962	0	0	0
13	28	7.316139	0	0	0
13	28	7.327482	0	0	0
13	28	7.338102	0	0	0
13	28	7.349271	0	0	0
13	28	7.360774	0	0	0
13	27	7.371607	0	0	0
13	27	7.382831	0	0	0
13	27	7.394469	0	0	0
13	27	7.405284	0	0	0
13	27	7.416509	0	0	0
13	27	7.427944	0	0	0
13	27	7.438775	0	0	0
13	27	7.449969	0	0	0
13	27	7.461863	0	0	0
13	27	7.472306	0	0	0
13	27	7.483695	0	0	0
13	26	7.494956	0	0	0
13	26	7.506069	0	0	0
13	26	7.517136	0	0	0
13	26	7.52864	0	0	0
13	26	7.539417	0	0	0
13	26	7.550502	0	0	0
13	26	7.561679	0	0	0
13	26	7.572966	0	0	0
13	26	7.583846	0	0	0
13	26	7.595286	0	0	0
13	26	7.606124	0	0	0
13	26	7.617795	0	0	0
13	26	7.628782	0	0	0
13	26	7.640182	0	0	0
13	26	7.651218	0	0	0
13	26	7.66291	0	0	0
13	26	7.674091	0	0	0
13	26	7.685397	0	0	0
13	26	7.696201	0	0	0
13	26	7.707469	0	0	0
13	27	7.721195	0	0	0
13	27	7.731535	0	0	0
13	27	7.741208	0	0	0
13	27	7.752911	0	0	0
13	27	7.763706	0	0	0
13	27	7.775085	0	0	0
13	27	7.78598	0	0	0
13	27	7.796978	0	0	0
13	27	7.809922	0	0	0
13	27	7.819481	0	0	0
13	27	7.830196	0	0	0
13	28	7.841305	0	0	0
13	28	7.852458	0	0	0
13	28	7.866428	0	0	0
13	28	7.874701	0	0	0
13	28	7.885303	0	0	0
13	28	7.896852	0	0	0
13	28	7.907636	0	0	0
13	28	7.919123	0	0	0
13	28	7.930598	0	0	0
13	28	7.941761	0	0	0
13	28	7.955625	0	0	0
14	28	7.967261	0	0	0
14	28	7.975227	0	0	0
14	28	7.985713	0	0	0
14	28	7.997058	0	0	0
14	28	8.008296	0	0	0
14	28	8.021452	0	0	0
14	28	8.032178	0	0	0
14	28	8.041746	0	0	0
14	28	8.053409	0	0	0
14	28	8.064126	0	0	0
14	28	8.075392	0	0	0
15	28	8.087948	0	0	0
15	28	8.100023	0	0	0
15	28	8.111371	0	0	0
15	28	8.123033	0	0	0
15	28	8.131928	0	0	0
15	28	8.141902	0	0	0
15	28	8.153704	0	0	0
15	28	8.16433	0	0	0
15	28	8.175619	0	0	0
15	28	8.186761	0	0	0
15	28	8.198	0	0	0
16	28	8.209201	0	0	0
16	28	8.220528	0	0	0
16	28	8.233361	0	0	0
16	28	8.244476	0	0	0
16	28	8.255489	0	0	0
16	28	8.267643	0	0	0
16	28	8.276752	0	0	0
16	28	8.287613	0	0	0
16	28	8.298825	0	0	0
16	28	8.30986	0	0	0
16	28	8.322927	0	0	0
16	27	8.33307	0	0	0
16	27	8.343186	0	0	0
16	27	8.354871	0	0	0
16	27	8.365381	0	0	0
16	27	8.376573	0	0	0
16	27	8.388025	0	0	0
16	27	8.399506	0	0	0
16	27	8.411683	0	0	0
16	27	8.423917	0	0	0
16	27	8.432869	0	0	0
16	27	8.443823	0	0	0
16	26	8.45539	0	0	0
16	26	8.466174	0	0	0
16	26	8.477435	0	0	0
16	26	8.488994	0	0	0
16	26	8.500031	0	0	0
16	26	8.511313	0	0	0
16	26	8.522903	0	0	0
16	26	8.533876	0	0	0
16	26	8.545584	0	0	0
16	26	8.557402	0	0	0
16	26	8.57062	0	0	0
17	26	8.584702	0	0	0
17	26	8.598707	0	0	0
17	26	8.608046	0	0	0
17	26	8.616461	0	0	0
17	26	8.625423	0	0	0
17	26	8.634782	0	0	0
17	26	8.644176	0	0	0
17	26	8.652784	0	0	0
17	26	8.665668	0	0	0
17	26	8.678241	0	0	0
17	26	8.687429	0	0	0
18	26	8.696737	0	0	0
18	26	8.707603	0	0	0
18	26	8.719275	0	0	0
18	26	8.732874	0	0	0
18	26	8.742413	0	0	0
18	26	8.751862	0	0	0
18	26	8.763401	0	0	0
18	26	8.774209	0	0	0
18	26	8.78545	0	0	0
18	26	8.797518	0	0	0
18	26	8.807979	0	0	0
19	26	8.818619	0	0	0
19	26	8.830379	0	0	0
19	26	8.842353	0	0	0
19	26	8.85196	0	0	0
19	26	8.864488	0	0	0
19	26	8.876701	0	0	0
19	26	8.889672	0	0	0
19	26	8.89946	0	0	0
19	26	8.907895	0	0	0
19	26	8.918734	0	0	0
19	26	8.930411	0	0	0
20	26	8.941341	0	0	0
20	26	8.95309	0	0	0
20	26	8.964089	0	0	0
20	26	8.975274	0	0	0
20	26	8.986355	0	0	0
20	26	8.99809	0	0	0
20	26	9.008791	0	0	0
20	26	9.021593	0	0	0
20	26	9.039966	0	0	0
20	26	9.0584	0	0	0
21	26	9.069712	0	0	0
21	26	9.078399	0	0	0
21	26	9.089682	0	0	0
21	26	9.099744	0	0	0
21	26	9.109471	0	0	0
21	26	9.117978	0	0	0
21	26	9.12838	0	0	0
21	26	9.136611	0	0	0
21	26	9.146041	0	0	0
21	26	9.154444	0	0	0
21	26	9.165286	0	0	0
21	26	9.1767	0	0	0
22	26	9.189737	0	0	0
22	26	9.204112	0	0	0
22	26	9.214189	0	0	0
22	26	9.224304	0	0	0
22	26	9.233783	0	0	0
22	26	9.243457	0	0	0
22	26	9.255302	0	0	0
22	26	9.266142	0	0	0
22	26	9.277084	0	0	0
22	26	9.288004	0	0	0
22	26	9.299422	0	0	0
22	25	9.312865	0	0	0
22	25	9.324372	0	0	0
22	25	9.334712	0	0	0
22	25	9.347388	0	0	0
22	25	9.360236	0	0	0
22	25	9.369915	0	0	0
22	25	9.379992	0	0	0
22	25	9.388822	0	0	0
22	25	9.399719	0	0	0
22	25	9.410827	0	0	0
22	25	9.422704	0	0	0
22	24	9.43266	0	0	0
22	24	9.443825	0	0	0
22	24	9.455588	0	0	0
22	24	9.466444	0	0	0
22	24	9.477226	0	0	0
22	24	9.489313	0	0	0
22	24	9.501311	0	0	0
22	24	9.512369	0	0	0
22	24	9.522275	0	0	0
22	24	9.533099	0	0	0
22	24	9.544168	0	0	0
22	23	9.555958	0	0	0
22	23	9.566693	0	0	0
22	23	9.577917	0	0	0
22	23	9.590426	0	0	0
22	23	9.601462	0	0	0
22	23	9.613239	0	0	0
22	23	9.625477	0	0	0
22	23	9.636522	0	0	0
22	23	9.6485	0	0	0
22	23	9.660879	0	0	0
22	23	9.671532	0	0	0
22	22	9.681985	0	0	0
22	22	9.693033	0	0	0
22	22	9.704532	0	0	0
22	22	9.71505	0	0	0
22	22	9.726752	0	0	0
22	22	9.738052	0	0	0
22	22	9.749061	0	0	0
22	22	9.760917	0	0	0
22	22	9.771804	0	0	0
22	22	9.78323	0	0	0
22	22	9.794901	0	0	0
22	21	9.806694	0	0	0
22	21	9.817822	0	0	0
22	21	9.83143	0	0	0
22	21	9.840021	0	0	0
22	21	9.851539	0	0	0
22	21	9.863169	0	0	0
22	21	9.874364	0	0	0
22	21	9.885316	0	0	0
22	21	9.897058	0	0	0
22	21	9.907762	0	0	0
22	20	9.918742	0	0	0
22	20	9.930242	0	0	0
22	20	9.941303	0	0	0
22	20	9.952244	0	0	0
22	20	9.964554	0	0	0
22	20	9.978387	0	0	0
22	20	9.990702	0	0	0
22	20	10.00194	0	0	0
22	20	10.01079	0	0	0
22	20	10.02166	0	0	0
22	20	10.03348	0	0	0
22	19	10.04201	0	0	0
22	19	10.04981	0	0	0
22	19	10.06153	0	0	0
22	19	10.07258	0	0	0
22	19	10.08357	0	0	0
22	19	10.0948	0	0	0
22	19	10.10583	0	0	0
22	19	10.11727	0	0	0
22	19	10.12978	0	0	0
22	19	10.14085	0	0	0
22	19	10.15106	0	0	0
22	19	10.16196	0	0	0
22	18	10.173	0	0	0
22	18	10.18412	0	0	0
22	18	10.19835	0	0	0
22	18	10.20726	0	0	0
22	18	10.21778	0	0	0
22	18	10.22931	0	0	0
22	18	10.24014	0	0	0
22	18	10.25101	0	0	0
22	18	10.26252	0	0	0
22	18	10.27439	0	0	0
22	17	10.28583	0	0	0
22	17	10.29902	0	0	0
22	17	10.30871	0	0	0
22	17	10.31838	0	0	0
22	17	10.32955	0	0	0
22	17	10.34046	0	0	0
22	17	10.35145	0	0	0
22	17	10.36285	0	0	0
22	17	10.37381	0	0	0
22	17	10.38525	0	0	0
22	17	10.39686	0	0	0
22	16	10.40792	0	0	0
22	16	10.41946	0	0	0
22	16	10.43162	0	0	0
22	16	10.44268	0	0	0
22	16	10.45343	0	0	0
22	16	10.46501	0	0	0
22	16	10.47635	0	0	0
22	16	10.48775	0	0	0
22	16	10.49902	0	0	0
22	16	10.51037	0	0	0
22	16	10.52163	0	0	0
22	15	10.53308	0	0	0
22	15	10.54395	0	0	0
22	15	10.55602	0	0	0
22	15	10.56658	0	0	0
22	15	10.57779	0	0	0
22	15	10.58946	0	0	0
22	15	10.60198	0	0	0
22	15	10.61267	0	0	0
22	15	10.62177	0	0	0
22	15	10.6331	0	0	0
22	15	10.64414	0	0	0
22	14	10.65575	0	0	0
22	14	10.66643	0	0	0
22	14	10.67794	0	0	0
22	14	10.68994	0	0	0
22	14	10.70081	0	0	0
22	14	10.7116	0	0	0
22	14	10.72329	0	0	0
22	14	10.73424	0	0	0
22	14	10.74599	0	0	0
22	14	10.75754	0	0	0
22	14	10.76898	0	0	0
22	13	10.77909	0	0	0
22	13	10.79062	0	0	0
22	13	10.80202	0	0	0
22	13	10.81284	0	0	0
22	13	10.82436	0	0	0
22	13	10.83533	0	0	0
22	13	10.84642	0	0	0
22	13	10.85799	0	0	0
22	13	10.8684	0	0	0
22	13	10.87969	0	0	0
22	13	10.89103	0	0	0
22	12	10.90234	0	0	0
22	12	10.91379	0	0	0
22	12	10.92588	0	0	0
22	12	10.93709	0	0	0
22	12	10.94687	0	0	0
22	12	10.95869	0	0	0
22	12	10.96926	0	0	0
22	12	10.98028	0	0	0
22	12	10.99213	0	0	0
22	12	11.00284	0	0	0
22	12	11.01405	0	0	0
22	11	11.02542	0	0	0
22	11	11.03653	0	0	0
22	11	11.04742	0	0	0
22	11	11.05955	0	0	0
22	11	11.07323	0	0	0
22	11	11.08704	0	0	0
22	11	11.09709	0	0	0
22	11	11.10575	0	0	0
22	11	11.11372	0	0	0
22	11	11.12211	0	0	0
22	11	11.13329	0	0	0
22	10	11.1441	0	0	0
22	10	11.15536	0	0	0
22	10	11.16665	0	0	0
22	10	11.1776	0	0	0
22	10	11.1889	0	0	0
22	10	11.19996	0	0	0
22	10	11.21165	0	0	0
22	10	11.22273	0	0	0
22	10	11.23507	0	0	0
22	10	11.24501	0	0	0
22	10	11.25649	0	0	0
22	9	11.26735	0	0	0
22	9	11.27843	0	0	0
22	9	11.29061	0	0	0
22	9	11.3015	0	0	0
22	9	11.31227	0	0	0
22	9	11.3233	0	0	0
22	9	11.33412	0	0	0
22	9	11.34516	0	0	0
22	9	11.35648	0	0	0
22	9	11.36831	0	0	0
22	9	11.38365	0	0	0
22	8	11.39557	0	0	0
22	8	11.40451	0	0	0
22	8	11.41291	0	0	0
22	8	11.42414	0	0	0
22	8	11.43494	0	0	0
22	8	11.44635	0	0	0
22	8	11.45763	0	0	0
22	8	11.46885	0	0	0
22	8	11.47996	0	0	0
22	8	11.49158	0	0	0
22	8	11.50249	0	0	0
22	7	11.51357	0	0	0
22	7	11.5274	0	0	0
22	7	11.54116	0	0	0
22	7	11.55353	0	0	0
22	7	11.56314	0	0	0
22	7	11.57165	0	0	0
22	7	11.57983	0	0	0
22	7	11.59137	0	0	0
22	7	11.60348	0	0	0
22	7	11.61342	0	0	0
22	7	11.62484	0	0	0
22	6	11.63577	0	0	0
22	6	11.64679	0	0	0
22	6	11.65861	0	0	0
22	6	11.66932	0	0	0
22	6	11.68112	0	0	0
22	6	11.69186	0	0	0
22	6	11.70289	0	0	0
22	6	11.71357	0	0	0
22	6	11.72522	0	0	0
22	6	11.73581	0	0	0
22	6	11.74683	0	0	0
22	5	11.75844	0	0	0
22	5	11.76923	0	0	0
22	5	11.78039	0	0	0
22	5	11.79257	0	0	0
22	5	11.8031	0	0	0
22	5	11.81418	0	0	0
22	5	11.82602	0	0	0
22	5	11.83691	0	0	0
22	5	11.84797	0	0	0
22	5	11.85946	0	0	0
22	5	11.87028	0	0	0
22	4	11.88151	0	0	0
22	4	11.8929	0	0	0
22	4	11.90396	0	0	0
22	4	11.91491	0	0	0
22	4	11.927	0	0	0
22	4	11.93763	0	0	0
22	4	11.94884	0	0	0
22	4	11.96034	0	0	0
22	4	11.97184	0	0	0
22	4	11.98286	0	0	0
22	4	11.99507	0	0	0
22	3	12.00652	0	0	0
22	3	12.01702	0	0	0
22	3	12.02897	0	0	0
22	3	12.0402	0	0	0
22	3	12.05152	0	0	0
22	3	12.0631	0	0	0
22	3	12.07435	0	0	0
22	3	12.08578	0	0	0
22	3	12.09713	0	0	0
22	3	12.10833	0	0	0
22	2	12.11948	0	0	0
22	2	12.13111	0	0	0
22	2	12.14202	0	0	0
22	2	12.15357	0	0	0
22	2	12.16477	0	0	0
22	2	12.17573	0	0	0
22	2	12.18671	0	0	0
22	2	12.19814	0	0	0
22	2	12.21049	0	0	0
22	2	12.22009	0	0	0
22	2	12.23208	0	0	0
22	3	12.2428	0	0	0
22	3	12.25383	0	0	0
22	3	12.26532	0	0	0
22	3	12.27651	0	0	0
22	3	12.28909	0	0	0
22	3	12.30114	0	0	0
22	3	12.31022	0	0	0
22	3	12.32054	0	0	0
22	3	12.33214	0	0	0
22	3	12.34259	0	0	0
22	3	12.35381	0	0	0
22	4	12.36511	0	0	0
22	4	12.37593	0	0	0
22	4	12.38688	0	0	0
22	4	12.39833	0	0	0
22	4	12.40918	0	0	0
22	4	12.42041	0	0	0
22	4	12.432	0	0	0
22	4	12.443	0	0	0
22	4	12.45419	0	0	0
22	4	12.46608	0	0	0
22	4	12.47681	0	0	0
22	5	12.48794	0	0	0
22	5	12.49944	0	0	0
22	5	12.51032	0	0	0
22	5	12.52196	0	0	0
22	5	12.53349	0	0	0
22	5	12.54403	0	0	0
22	5	12.55492	0	0	0
22	5	12.56888	0	0	0
22	5	12.57745	0	0	0
22	5	12.5879	0	0	0
22	5	12.59964	0	0	0
22	6	12.61046	0	0	0
22	6	12.62201	0	0	0
22	6	12.63307	0	0	0
22	6	12.64419	0	0	0
22	6	12.65554	0	0	0
22	6	12.66701	0	0	0
22	6	12.67756	0	0	0
22	6	12.68877	0	0	0
22	6	12.70026	0	0	0
22	6	12.711	0	0	0
22	6	12.72194	0	0	0
22	7	12.73347	0	0	0
22	7	12.74415	0	0	0
22	7	12.75553	0	0	0
22	7	12.76717	0	0	0
22	7	12.77814	0	0	0
22	7	12.78884	0	0	0
22	7	12.80056	0	0	0
22	7	12.81155	0	0	0
22	7	12.82271	0	0	0
22	7	12.834	0	0	0
22	7	12.84521	0	0	0
22	8	12.85615	0	0	0
22	8	12.86788	0	0	0
22	8	12.87863	0	0	0
22	8	12.88995	0	0	0
22	8	12.90143	0	0	0
22	8	12.91216	0	0	0
22	8	12.92321	0	0	0
22	8	12.9367	0	0	0
22	8	12.94673	0	0	0
22	8	12.9571	0	0	0
22	8	12.96857	0	0	0
21	8	12.97985	0	0	0
21	8	12.99123	0	0	0
21	8	13.00222	0	0	0
21	8	13.01351	0	0	0
21	8	13.02475	0	0	0
21	8	13.03729	0	0	0
21	8	13.0487	0	0	0
21	8	13.05803	0	0	0
21	8	13.06896	0	0	0
21	8	13.08006	0	0	0
21	8	13.09305	0	0	0
20	8	13.11205	0	0	0
20	8	13.12578	0	0	0
20	8	13.13799	0	0	0
20	8	13.14663	0	0	0
20	8	13.15517	0	0	0
20	8	13.16485	0	0	0
20	8	13.17223	0	0	0
20	8	13.17926	0	0	0
20	8	13.1876	0	0	0
20	8	13.19761	0	0	0
20	8	13.2085	0	0	0
19	8	13.21891	0	0	0
19	8	13.23106	0	0	0
19	8	13.24314	0	0	0
19	8	13.25423	0	0	0
19	8	13.2665	0	0	0
19	8	13.27611	0	0	0
19	8	13.2862	0	0	0
19	8	13.29808	0	0	0
19	8	13.30898	0	0	0
19	8	13.31989	0	0	0
19	8	13.33131	0	0	0
18	8	13.3425	0	0	0
18	8	13.35297	0	0	0
18	8	13.36487	0	0	0
18	8	13.37575	0	0	0
18	8	13.38649	0	0	0
18	8	13.39871	0	0	0
18	8	13.40914	0	0	0
18	8	13.42021	0	0	0
18	8	13.43178	0	0	0
18	8	13.44246	0	0	0
18	8	13.45376	0	0	0
17	8	13.46514	0	0	0
17	8	13.47578	0	0	0
17	8	13.48697	0	0	0
17	8	13.49854	0	0	0
17	8	13.50967	0	0	0
17	8	13.52068	0	0	0
17	8	13.5325	0	0	0
17	8	13.54321	0	0	0
17	8	13.55612	0	0	0
17	8	13.56833	0	0	0
17	8	13.57711	0	0	0
16	8	13.58777	0	0	0
16	8	13.59954	0	0	0
16	8	13.61033	0	0	0
16	8	13.62112	0	0	0
16	8	13.6347	0	0	0
16	8	13.64478	0	0	0
16	8	13.65485	0	0	0
16	8	13.66617	0	0	0
16	8	13.67762	0	0	0
16	8	13.68938	0	0	0
16	8	13.70162	0	0	0
16	8	13.71351	0	0	0
16	8	13.72536	0	0	0
16	8	13.73656	0	0	0
16	8	13.74865	0	0	0
16	8	13.76103	0	0	0
16	8	13.77158	0	0	0
16	8	13.78313	0	0	0
16	8	13.79508	0	0	0
16	8	13.80569	0	0	0
16	8	13.81677	0	0	0
16	8	13.82826	0	0	0
16	8	13.83901	0	0	0
17	8	13.8519	0	0	0
17	8	13.86272	0	0	0
17	8	13.87313	0	0	0
17	8	13.88355	0	0	0
17	8	13.89532	0	0	0
17	8	13.9075	0	0	0
17	8	13.91723	0	0	0
17	8	13.92844	0	0	0
17	8	13.93966	0	0	0
17	8	13.95132	0	0	0
18	8	13.96271	0	0	0
18	8	13.97364	0	0	0
18	8	13.98487	0	0	0
18	8	13.99651	0	0	0
18	8	14.00771	0	0	0
18	8	14.01863	0	0	0
18	8	14.03079	0	0	0
18	8	14.04125	0	0	0
18	8	14.0522	0	0	0
18	8	14.06353	0	0	0
18	8	14.07441	0	0	0
19	8	14.08552	0	0	0
19	8	14.09714	0	0	0
19	8	14.10776	0	0	0
19	8	14.11902	0	0	0
19	8	14.13026	0	0	0
19	8	14.14394	0	0	0
19	8	14.15325	0	0	0
19	8	14.16382	0	0	0
19	8	14.17521	0	0	0
19	8	14.18613	0	0	0
19	8	14.19754	0	0	0
19	7	14.20858	0	0	0
19	7	14.22096	0	0	0
19	7	14.23123	0	0	0
19	7	14.24241	0	0	0
19	7	14.25305	0	0	0
19	7	14.2644	0	0	0
19	7	14.27567	0	0	0
19	7	14.28674	0	0	0
19	7	14.29816	0	0	0
19	7	14.30948	0	0	0
19	7	14.32021	0	0	0
19	6	14.33174	0	0	0
19	6	14.34314	0	0	0
19	6	14.35447	0	0	0
19	6	14.36541	0	0	0
19	6	14.3763	0	0	0
19	6	14.38721	0	0	0
19	6	14.39857	0	0	0
19	6	14.40954	0	0	0
19	6	14.42047	0	0	0
19	6	14.43196	0	0	0
19	6	14.44302	0	0	0
19	5	14.45395	0	0	0
19	5	14.46548	0	0	0
19	5	14.47635	0	0	0
19	5	14.48762	0	0	0
19	5	14.4998	0	0	0
19	5	14.51088	0	0	0
19	5	14.52124	0	0	0
19	5	14.53284	0	0	0
19	5	14.54365	0	0	0
19	5	14.55479	0	0	0
19	5	14.56609	0	0	0
18	5	14.5785	0	0	0
18	5	14.58782	0	0	0
18	5	14.59937	0	0	0
18	5	14.61023	0	0	0
18	5	14.62137	0	0	0
18	5	14.63286	0	0	0
18	5	14.64371	0	0	0
18	5	14.65514	0	0	0
18	5	14.67099	0	0	0
18	5	14.6851	0	0	0
18	5	14.69256	0	0	0
17	5	14.70087	0	0	0
17	5	14.70962	0	0	0
17	5	14.71779	0	0	0
17	5	14.72855	0	0	0
17	5	14.73925	0	0	0
17	5	14.75032	0	0	0
17	5	14.76167	0	0	0
17	5	14.7723	0	0	0
17	5	14.78376	0	0	0
17	5	14.79542	0	0	0
17	5	14.80688	0	0	0
16	5	14.81864	0	0	0
16	5	14.83081	0	0	0
16	5	14.83997	0	0	0
16	5	14.85137	0	0	0
16	5	14.8628	0	0	0
16	5	14.87329	0	0	0
16	5	14.88436	0	0	0
16	5	14.89623	0	0	0
16	5	14.90932	0	0	0
16	5	14.91833	0	0	0
16	5	14.93114	0	0	0
16	4	14.94042	0	0	0
16	4	14.95127	0	0	0
16	4	14.96366	0	0	0
16	4	14.97519	0	0	0
16	4	14.98621	0	0	0
16	4	14.99603	0	0	0
16	4	15.00678	0	0	0
16	4	15.01946	0	0	0
16	4	15.02946	0	0	0
16	4	15.04052	0	0	0
16	4	15.05176	0	0	0
16	3	15.06346	0	0	0
16	3	15.07489	0	0	0
16	3	15.08615	0	0	0
16	3	15.09808	0	0	0
16	3	15.10935	0	0	0
16	3	15.12153	0	0	0
16	3	15.13844	0	0	0
16	3	15.15065	0	0	0
16	3	15.15814	0	0	0
16	3	15.16784	0	0	0
16	3	15.17713	0	0	0
16	2	15.18664	0	0	0
16	2	15.19792	0	0	0
16	2	15.20913	0	0	0
16	2	15.21992	0	0	0
16	2	15.23171	0	0	0
16	2	15.24315	0	0	0
16	2	15.25376	0	0	0
16	2	15.26753	0	0	0
16	2	15.27953	0	0	0
16	2	15.2925	0	0	0
15	2	15.30721	0	0	0
15	2	15.31795	0	0	0
15	2	15.32632	0	0	0
15	2	15.33432	0	0	0
15	2	15.34274	0	0	0
15	2	15.35481	0	0	0
15	2	15.36579	0	0	0
15	2	15.37507	0	0	0
15	2	15.38613	0	0	0
15	2	15.39755	0	0	0
15	2	15.4089	0	0	0
15	2	15.41964	0	0	0
14	2	15.43174	0	0	0
14	2	15.44369	0	0	0
14	2	15.45465	0	0	0
14	2	15.46644	0	0	0
14	2	15.4756	0	0	0
14	2	15.48672	0	0	0
14	2	15.50025	0	0	0
14	2	15.51078	0	0	0
14	2	15.52065	0	0	0
14	2	15.53141	0	0	0
14	2	15.54305	0	0	0
13	2	15.55377	0	0	0
13	2	15.56523	0	0	0
13	2	15.57794	0	0	0
13	2	15.58742	0	0	0
13	2	15.6008	0	0	0
13	2	15.61268	0	0	0
13	2	15.62074	0	0	0
13	2	15.63242	0	0	0
13	2	15.64342	0	0	0
13	2	15.65431	0	0	0
13	2	15.66617	0	0	0
13	3	15.67745	0	0	0
13	3	15.68834	0	0	0
13	3	15.70048	0	0	0
13	3	15.71182	0	0	0
13	3	15.72324	0	0	0
13	3	15.73508	0	0	0
13	3	15.74624	0	0	0
13	3	15.75732	0	0	0
13	3	15.76929	0	0	0
13	3	15.77988	0	0	0
13	3	15.79127	0	0	0
13	4	15.80307	0	0	0
13	4	15.81404	0	0	0
13	4	15.82563	0	0	0
13	4	15.83712	0	0	0
13	4	15.84841	0	0	0
13	4	15.86019	0	0	0
13	4	15.87135	0	0	0
13	4	15.88271	0	0	0
13	4	15.89425	0	0	0
13	4	15.9056	0	0	0
13	4	15.91717	0	0	0
13	5	15.93036	0	0	0
13	5	15.93888	0	0	0
13	5	15.94994	0	0	0
13	5	15.9634	0	0	0
13	5	15.97471	0	0	0
13	5	15.98369	0	0	0
13	5	15.99525	0	0	0
13	5	16.0061	0	0	0
13	5	16.01749	0	0	0
13	5	16.03139	0	0	0
13	5	16.04173	0	0	0
13	5	16.05137	0	0	0
13	5	16.06303	0	0	0
13	5	16.0746	0	0	0
13	5	16.09104	0	0	0
13	5	16.09962	0	0	0
13	5	16.10841	0	0	0
13	5	16.11742	0	0	0
13	5	16.12581	0	0	0
13	5	16.13695	0	0	0
13	5	16.14814	0	0	0
13	5	16.15949	0	0	0
13	5	16.17055	0	0	0
13	5	16.18159	0	0	0
12	5	16.19538	0	0	0
12	5	16.20672	0	0	0
12	5	16.217	0	0	0
12	5	16.22828	0	0	0
12	5	16.24055	0	0	0
12	5	16.24994	0	0	0
12	5	16.25955	0	0	0
12	5	16.27268	0	0	0
12	5	16.28337	0	0	0
12	5	16.29355	0	0	0
12	5	16.30453	0	0	0
11	5	16.31564	0	0	0
11	5	16.32694	0	0	0
11	5	16.33814	0	0	0
11	5	16.34911	0	0	0
11	5	16.36047	0	0	0
11	5	16.37204	0	0	0
11	5	16.38364	0	0	0
11	5	16.39431	0	0	0
11	5	16.40509	0	0	0
11	5	16.416	0	0	0
11	5	16.42763	0	0	0
10	5	16.43883	0	0	0
10	5	16.4499	0	0	0
10	5	16.46184	0	0	0
10	5	16.47257	0	0	0
10	5	16.48441	0	0	0
10	5	16.49564	0	0	0
10	5	16.5065	0	0	0
10	5	16.51778	0	0	0
10	5	16.5318	0	0	0
10	5	16.54503	0	0	0
10	6	16.55527	0	0	0
10	6	16.56352	0	0	0
10	6	16.57414	0	0	0
10	6	16.58526	0	0	0
10	6	16.59703	0	0	0
10	6	16.60942	0	0	0
10	6	16.62054	0	0	0
10	6	16.63022	0	0	0
10	6	16.64102	0	0	0
10	6	16.6521	0	0	0
10	6	16.66388	0	0	0
10	7	16.67461	0	0	0
10	7	16.68698	0	0	0
10	7	16.70367	0	0	0
10	7	16.72047	0	0	0
10	7	16.73143	0	0	0
10	7	16.74446	0	0	0
10	7	16.75514	0	0	0
10	7	16.76581	0	0	0
10	7	16.77751	0	0	0
10	7	16.78715	0	0	0
10	8	16.79892	0	0	0
10	8	16.81052	0	0	0
10	8	16.82325	0	0	0
10	8	16.83467	0	0	0
10	8	16.84549	0	0	0
10	8	16.85761	0	0	0
10	8	16.87128	0	0	0
10	8	16.88008	0	0	0
10	8	16.88831	0	0	0
10	8	16.8981	0	0	0
10	8	16.90832	0	0	0
10	8	16.91689	0	0	0
10	8	16.92761	0	0	0
10	8	16.93899	0	0	0
10	8	16.95025	0	0	0
10	8	16.96118	0	0	0
10	8	16.97266	0	0	0
10	8	16.98355	0	0	0
10	8	16.9957	0	0	0
10	8	17.00648	0	0	0
10	8	17.0169	0	0	0
10	8	17.02829	0	0	0
10	8	17.03942	0	0	0
10	8	17.05031	0	0	0
10	8	17.06167	0	0	0
9	8	17.07599	0	0	0
9	8	17.08965	0	0	0
9	8	17.0986	0	0	0
9	8	17.10822	0	0	0
9	8	17.11798	0	0	0
9	8	17.12856	0	0	0
9	8	17.13927	0	0	0
9	8	17.1523	0	0	0
9	8	17.17154	0	0	0
8	8	17.18577	0	0	0
8	8	17.19413	0	0	0
8	8	17.20327	0	0	0
8	8	17.21556	0	0	0
8	8	17.22347	0	0	0
8	8	17.2332	0	0	0
8	8	17.24248	0	0	0
8	8	17.25533	0	0	0
8	8	17.26478	0	0	0
8	8	17.27413	0	0	0
8	8	17.28493	0	0	0
8	8	17.29675	0	0	0
7	8	17.30851	0	0	0
7	8	17.3214	0	0	0
7	8	17.33749	0	0	0
7	8	17.35295	0	0	0
7	8	17.36384	0	0	0
7	8	17.37362	0	0	0
7	8	17.38209	0	0	0
7	8	17.39051	0	0	0
7	8	17.39996	0	0	0
7	8	17.4097	0	0	0
7	8	17.41936	0	0	0
7	9	17.43256	0	0	0
7	9	17.44473	0	0	0
7	9	17.45486	0	0	0
7	9	17.46901	0	0	0
7	9	17.48209	0	0	0
7	9	17.49384	0	0	0
7	9	17.50363	0	0	0
7	9	17.5132	0	0	0
7	9	17.52197	0	0	0
7	9	17.53163	0	0	0
7	9	17.54208	0	0	0
7	10	17.55332	0	0	0
7	10	17.56459	0	0	0
