x	y	time
13	10	0.0485067
13	10	0.0721919
13	10	0.0807213
13	10	0.0873886
13	10	0.1100711
13	10	0.1198382
13	10	0.1299278
13	10	0.1525789
13	10	0.1601985
13	10	0.1666626
13	10	0.189637
13	10	0.1965778
13	10	0.2043779
13	10	0.225989
13	10	0.2332799
13	10	0.2404122
13	10	0.2630349
13	10	0.271324
13	10	0.2780192
13	10	0.3000591
13	10	0.3079449
13	10	0.3151718
13	10	0.3367173
13	10	0.3438112
13	10	0.350605
13	10	0.3717574
13	10	0.3816886
13	10	0.3907211
13	10	0.4172276
13	10	0.4249274
13	10	0.4455729
13	10	0.4528441
13	10	0.460135
13	10	0.4818221
13	10	0.4897483
13	10	0.4963818
13	10	0.5187994
13	10	0.5261122
13	10	0.532922
13	10	0.5549911
13	10	0.56235
13	10	0.5709944
13	10	0.5934191
13	10	0.6005879
13	10	0.6078573
13	10	0.6284137
13	10	0.6359999
13	10	0.6428453
13	10	0.6643724
13	10	0.6719134
13	10	0.6778933
13	10	0.7002645
13	10	0.7074651
13	10	0.7146977
13	10	0.7359697
13	10	0.7425768
13	10	0.750246
13	10	0.7706425
13	10	0.7775682
13	10	0.785128
13	10	0.8065142
13	10	0.8132826
13	10	0.8202218
13	10	0.8406684
13	10	0.8481215
13	10	0.8547258
13	10	0.8764364
13	10	0.8836967
13	10	0.8910303
13	10	0.911926
13	10	0.9197659
13	10	0.9273661
13	10	0.9477427
13	10	0.9554115
13	10	0.9623309
13	10	0.9841658
13	10	0.9908015
13	10	0.9977997
13	10	1.020712
13	10	1.029061
13	10	1.036865
13	10	1.065966
13	10	1.074508
13	10	1.101197
13	10	1.110231
13	10	1.137409
13	10	1.145742
13	10	1.169195
13	10	1.176806
13	10	1.184172
13	10	1.204967
13	10	1.211816
13	10	1.22033
13	10	1.24241
13	10	1.24988
13	10	1.256979
13	10	1.278493
13	10	1.28628
13	10	1.292929
13	10	1.314529
13	10	1.322465
13	10	1.330682
13	10	1.351802
13	10	1.35868
13	10	1.365596
13	10	1.387311
13	10	1.394213
13	10	1.401393
13	10	1.422438
13	10	1.429978
13	10	1.436828
13	10	1.458088
13	10	1.4659
13	10	1.473109
13	10	1.494727
13	10	1.502476
13	10	1.509714
13	10	1.530777
13	10	1.53868
13	10	1.545402
13	10	1.567009
13	10	1.573558
13	10	1.580318
13	10	1.601194
13	10	1.608819
13	10	1.615453
13	10	1.636605
13	10	1.644156
13	10	1.651099
13	10	1.672579
13	10	1.680231
13	10	1.688918
13	10	1.710765
13	10	1.717575
13	10	1.72483
13	10	1.746574
13	10	1.75482
13	10	1.761755
13	10	1.782241
13	10	1.790285
13	10	1.797146
13	10	1.818706
13	10	1.825541
13	10	1.832337
13	10	1.858698
13	10	1.866343
13	10	1.889167
13	10	1.895782
13	10	1.903519
13	10	1.925233
13	10	1.932342
13	10	1.939286
13	10	1.960154
13	10	1.967349
13	10	1.974507
13	10	1.995995
13	10	2.003431
13	10	2.010281
13	10	2.032072
13	10	2.038684
13	10	2.045937
13	10	2.068224
13	10	2.075753
13	10	2.083066
13	10	2.113059
13	10	2.122148
13	10	2.15186
13	10	2.162842
13	10	2.194101
13	10	2.202368
13	10	2.227129
13	10	2.235918
13	10	2.263637
13	10	2.272128
13	10	2.296482
13	10	2.304883
13	10	2.311982
13	10	2.347042
13	10	2.369307
13	10	2.378265
13	10	2.401297
13	10	2.435508
13	10	2.459774
13	10	2.46785
13	10	2.490498
13	10	2.527421
13	10	2.54939
13	10	2.55707
13	10	2.579078
13	10	2.613463
13	10	2.636425
13	10	2.646174
13	10	2.668411
13	10	2.704123
13	10	2.726872
13	10	2.735781
13	10	2.758517
13	10	2.788863
13	10	2.796455
13	10	2.818163
13	10	2.825217
13	10	2.83102
13	10	2.851851
13	10	2.860172
13	10	2.880711
13	10	2.901755
13	10	2.909275
13	10	2.916504
13	10	2.938063
13	10	2.944424
13	10	2.951743
13	10	2.973238
13	10	2.980092
13	10	2.98738
13	10	3.009733
13	10	3.017785
13	10	3.024919
13	10	3.045238
13	10	3.055317
13	10	3.062649
13	10	3.084577
13	10	3.091778
13	10	3.097956
13	10	3.119368
13	10	3.127163
13	10	3.133013
13	10	3.153894
13	10	3.161162
13	10	3.169139
13	10	3.197594
13	10	3.20696
13	10	3.231205
13	10	3.239075
13	10	3.245774
13	10	3.272094
13	10	3.279975
13	10	3.303459
13	10	3.310835
13	10	3.318157
13	10	3.33996
13	10	3.346107
13	10	3.353039
13	10	3.374283
13	10	3.380782
13	10	3.387307
13	10	3.408157
13	10	3.415495
13	10	3.422164
13	10	3.442197
13	10	3.449257
13	10	3.455864
13	10	3.476995
13	10	3.484587
13	10	3.491669
13	10	3.519813
13	10	3.527663
13	10	3.552772
13	10	3.560917
14	10	3.585167
14	10	3.595848
14	10	3.616401
14	10	3.623602
14	10	3.630876
14	10	3.651714
14	10	3.673471
15	10	3.695894
15	10	3.702992
15	10	3.709836
15	10	3.731397
15	10	3.739486
15	10	3.745952
15	10	3.768154
15	10	3.775974
15	10	3.78321
15	10	3.804795
15	10	3.814997
16	10	3.82464
16	10	3.846736
16	10	3.854311
16	10	3.861068
16	10	3.88181
16	10	3.890377
16	10	3.897057
16	10	3.918379
16	10	3.925604
16	10	3.932544
17	10	3.95382
17	10	3.961488
17	10	3.984559
17	10	4.010001
17	10	4.020385
17	10	4.043555
17	10	4.05018
17	10	4.05801
18	10	4.080091
18	10	4.087388
18	10	4.094516
18	10	4.115392
18	10	4.125648
18	10	4.135037
18	10	4.157251
18	10	4.164821
18	10	4.17147
19	10	4.19347
19	10	4.201768
19	10	4.209044
19	10	4.235474
19	10	4.244364
19	10	4.273907
19	10	4.302139
20	10	4.333196
20	10	4.343626
20	10	4.365427
20	10	4.372658
20	10	4.379567
20	10	4.402324
20	10	4.409916
20	10	4.416515
21	10	4.44892
21	10	4.459787
21	10	4.492713
21	10	4.50059
21	10	4.536611
22	10	4.559095
22	10	4.568036
22	10	4.590602
22	10	4.626578
22	10	4.649852
22	10	4.660378
23	10	4.696243
23	10	4.718268
23	10	4.726196
23	10	4.745737
23	10	4.783237
24	10	4.807131
24	10	4.816341
24	10	4.849583
24	10	4.870789
24	10	4.880568
24	10	4.902375
24	10	4.926079
24	10	4.933037
24	10	4.940658
24	10	4.962751
24	10	4.972996
24	10	4.979331
24	10	5.002256
24	10	5.009451
24	10	5.017
24	10	5.038231
24	10	5.04477
24	10	5.051867
24	10	5.075578
24	10	5.083852
24	10	5.091096
24	10	5.122748
24	10	5.130576
24	10	5.15485
24	10	5.162135
24	10	5.16901
24	10	5.188709
24	10	5.195917
24	10	5.202642
24	10	5.22326
24	10	5.22998
24	10	5.23637
24	10	5.260259
24	10	5.266769
24	10	5.273493
24	10	5.29562
24	10	5.302095
24	10	5.308939
24	10	5.329849
24	10	5.336831
24	10	5.343343
24	10	5.36428
24	10	5.371083
24	10	5.377664
24	10	5.399391
24	10	5.407126
24	10	5.413861
24	10	5.436535
24	10	5.445599
24	10	5.455663
24	10	5.480482
24	10	5.488946
24	10	5.511255
24	10	5.518346
24	10	5.524979
24	10	5.545519
24	10	5.552915
24	10	5.559682
24	10	5.581746
24	10	5.588408
24	10	5.595592
24	10	5.61655
24	10	5.623414
24	10	5.630468
24	10	5.651827
24	10	5.658611
24	10	5.664762
24	10	5.687809
24	10	5.694334
24	10	5.700353
24	9	5.72107
24	9	5.728174
24	9	5.734893
24	9	5.757825
24	9	5.765598
24	9	5.772399
24	9	5.793218
24	9	5.800734
24	9	5.807768
24	8	5.833869
24	8	5.842093
24	8	5.867293
24	8	5.875196
24	8	5.882308
24	8	5.903309
24	8	5.913573
24	8	5.923479
24	8	5.945414
24	7	5.953136
24	7	5.960138
24	7	5.980793
24	7	5.988928
24	7	5.995884
24	7	6.018117
24	7	6.025088
24	7	6.03196
24	7	6.054246
24	7	6.078868
24	7	6.102437
24	7	6.109901
24	7	6.116636
24	7	6.137031
24	7	6.143882
24	7	6.150307
24	7	6.170969
24	7	6.17791
24	7	6.185954
24	7	6.221966
24	7	6.24541
24	7	6.253985
24	7	6.276324
23	7	6.311945
23	7	6.334638
23	7	6.343967
23	7	6.365805
23	7	6.401407
23	7	6.423866
23	7	6.432656
23	7	6.455781
23	7	6.496033
23	7	6.521692
23	7	6.529208
23	7	6.557683
23	7	6.569502
23	7	6.604229
23	7	6.626053
23	7	6.634604
23	7	6.656641
23	7	6.697757
23	7	6.720097
23	7	6.727661
23	7	6.734947
23	7	6.756185
23	7	6.762354
23	7	6.76942
23	7	6.790341
23	7	6.797046
23	7	6.804293
23	6	6.825723
23	6	6.832079
23	6	6.838665
23	6	6.859091
23	6	6.866261
23	6	6.873505
23	6	6.894768
23	6	6.902039
23	6	6.909146
23	5	6.930459
23	5	6.938104
23	5	6.944376
23	5	6.965559
23	5	6.973209
23	5	6.979598
23	5	7.001621
23	5	7.009093
23	5	7.016403
23	5	7.038149
23	5	7.04838
23	5	7.056291
23	5	7.083075
23	5	7.09217
23	5	7.116034
23	5	7.123443
23	5	7.13189
23	5	7.156313
23	5	7.163587
23	5	7.170804
23	5	7.193471
23	5	7.203267
23	5	7.211671
23	5	7.232842
23	5	7.23983
23	5	7.246186
23	5	7.269074
23	5	7.276127
23	5	7.283291
23	5	7.303871
23	5	7.311391
23	5	7.318268
23	5	7.339427
23	5	7.34607
23	5	7.35331
23	5	7.374505
23	5	7.381316
23	5	7.387851
24	5	7.408749
24	5	7.420694
24	5	7.42737
24	5	7.447458
24	5	7.454307
24	5	7.461522
24	5	7.481619
24	5	7.488543
24	5	7.496894
24	5	7.521394
24	5	7.531513
24	5	7.552887
24	5	7.560277
24	5	7.566456
24	5	7.586404
24	5	7.593135
24	5	7.599371
24	5	7.606675
24	5	7.635023
24	5	7.643216
24	5	7.66923
24	5	7.677135
24	5	7.700081
24	5	7.707006
24	5	7.713838
24	5	7.734854
24	5	7.742605
24	5	7.749722
24	5	7.770671
24	5	7.7777
24	5	7.784267
24	5	7.80373
24	5	7.810877
24	5	7.817592
24	4	7.838297
24	4	7.844885
24	4	7.852331
24	4	7.87263
24	4	7.879513
24	4	7.886601
24	4	7.908199
24	4	7.916389
24	4	7.922755
24	4	7.944461
24	3	7.951173
24	3	7.957932
24	3	7.977325
24	3	7.985249
24	3	7.993125
24	3	8.017089
24	3	8.027072
24	3	8.051092
24	3	8.05815
24	3	8.065177
24	2	8.087338
24	2	8.093989
24	2	8.100629
24	2	8.121617
24	2	8.13417
24	2	8.16212
24	2	8.190924
24	2	8.217525
24	2	8.225965
24	2	8.254459
24	2	8.26175
24	2	8.283553
24	2	8.290525
24	2	8.297643
24	2	8.32051
24	2	8.330379
24	2	8.339252
24	2	8.360301
24	2	8.368155
24	2	8.374498
24	2	8.400948
24	2	8.410206
24	2	8.445194
24	2	8.467501
24	2	8.479246
24	2	8.514196
24	2	8.535852
24	2	8.544104
24	2	8.566069
24	2	8.601415
24	2	8.62434
24	2	8.633457
24	2	8.668514
24	2	8.694501
24	2	8.7024
24	2	8.735761
24	2	8.75878
24	2	8.767113
24	2	8.789612
24	2	8.826579
24	2	8.847682
24	2	8.856608
24	2	8.866884
24	2	8.89336
24	2	8.89994
24	2	8.92126
24	2	8.928175
24	2	8.934786
24	2	8.956534
24	2	8.963101
24	2	8.970417
24	2	8.99791
24	2	9.005749
24	2	9.027154
24	2	9.034616
24	2	9.040975
24	2	9.061942
24	2	9.068187
24	2	9.074483
24	2	9.096164
24	2	9.10288
24	2	9.109385
24	2	9.130019
24	2	9.137203
24	2	9.143788
24	2	9.164353
24	2	9.171927
24	2	9.178931
24	2	9.19986
24	2	9.207222
24	2	9.214373
24	2	9.235336
24	2	9.241675
24	2	9.249681
24	2	9.271901
24	2	9.279246
24	2	9.285935
24	2	9.306064
24	2	9.313196
24	2	9.319774
24	2	9.341512
24	2	9.348644
24	2	9.355002
24	2	9.376678
24	2	9.386062
24	2	9.394639
24	2	9.41939
24	2	9.427936
24	2	9.450962
24	2	9.475198
24	2	9.484007
24	2	9.508045
24	2	9.516013
24	2	9.521918
24	2	9.543841
24	2	9.55131
24	2	9.55833
24	2	9.579579
24	2	9.58645
24	2	9.593445
24	2	9.614599
24	2	9.62156
24	2	9.628043
23	2	9.650011
23	2	9.656889
23	2	9.662893
23	2	9.685842
23	2	9.692033
23	2	9.698776
23	2	9.724165
23	2	9.732268
23	2	9.757648
22	2	9.781617
22	2	9.789314
22	2	9.79635
22	2	9.817636
22	2	9.82375
22	2	9.832026
22	2	9.855275
22	2	9.863042
22	2	9.869659
21	2	9.8905
21	2	9.900662
21	2	9.910474
21	2	9.932735
21	2	9.939392
21	2	9.94599
21	2	9.966929
21	2	9.974131
21	2	9.981421
21	2	10.00418
20	2	10.01189
20	2	10.01896
20	2	10.04083
20	2	10.06426
20	2	10.08902
20	2	10.09961
20	2	10.12357
19	2	10.13112
19	2	10.13772
19	2	10.15797
19	2	10.16608
19	2	10.18568
19	2	10.22112
19	2	10.24878
18	2	10.26097
18	2	10.29147
18	2	10.30063
18	2	10.33446
18	2	10.35662
18	2	10.36489
17	2	10.38704
17	2	10.42464
17	2	10.44827
17	2	10.45509
17	2	10.47714
16	2	10.52049
16	2	10.55472
16	2	10.58011
16	2	10.58971
16	2	10.61056
16	2	10.61765
15	2	10.63233
15	2	10.66897
15	2	10.69293
15	2	10.70063
15	2	10.70739
15	2	10.73247
14	2	10.74157
14	2	10.76532
14	2	10.77235
14	2	10.77913
14	2	10.80055
14	2	10.80729
14	2	10.81505
14	2	10.83646
14	2	10.84362
14	2	10.85089
13	2	10.87202
13	2	10.88223
13	2	10.89174
13	2	10.91368
13	2	10.91983
13	2	10.9272
13	2	10.94895
13	2	10.95691
13	2	10.96438
12	2	10.98528
12	2	10.9934
12	2	10.99982
12	2	11.02211
12	2	11.05093
12	2	11.07952
12	2	11.09075
12	3	11.11967
12	3	11.12835
12	3	11.14969
12	3	11.15637
12	3	11.1638
12	3	11.18527
12	3	11.21112
12	4	11.23505
12	4	11.2446
12	4	11.26653
12	4	11.2742
12	4	11.28135
12	4	11.30256
12	4	11.31553
12	4	11.33563
12	4	11.3596
12	4	11.38292
12	4	11.38952
12	4	11.4029
12	4	11.43883
12	4	11.46139
12	4	11.4698
12	4	11.49245
12	4	11.52904
12	4	11.55181
12	4	11.55999
12	4	11.58259
12	4	11.61804
12	4	11.64116
12	4	11.65057
12	4	11.68939
12	4	11.71083
12	4	11.71856
12	4	11.73822
12	4	11.77474
12	4	11.79754
12	4	11.80596
12	4	11.82967
12	4	11.85099
12	4	11.85764
12	4	11.86462
12	4	11.88616
12	4	11.89341
12	4	11.89974
12	4	11.92197
12	4	11.92921
12	4	11.93583
12	4	11.95733
12	4	11.96546
12	4	11.97213
12	4	11.99213
12	4	11.99958
12	4	12.00584
12	4	12.02807
12	4	12.03432
11	4	12.04177
11	4	12.06295
11	4	12.07003
11	4	12.07668
11	4	12.09914
11	4	12.1071
11	4	12.11404
11	4	12.14318
11	4	12.1539
10	4	12.17651
10	4	12.18409
10	4	12.19083
10	4	12.21498
10	4	12.22333
10	4	12.23093
10	4	12.25748
10	4	12.26594
9	4	12.29487
9	4	12.30676
9	4	12.33699
9	4	12.34611
9	4	12.36905
9	4	12.3758
9	4	12.38262
9	4	12.40407
9	5	12.41142
9	5	12.4194
9	5	12.45667
9	5	12.47983
9	5	12.48729
9	5	12.50951
9	6	12.54874
9	6	12.57115
9	6	12.5944
9	6	12.61866
9	6	12.62841
9	7	12.65673
9	7	12.6659
9	7	12.70123
9	7	12.7251
9	7	12.74972
9	7	12.7715
9	7	12.77925
9	7	12.79974
9	7	12.83903
9	7	12.86341
9	7	12.87185
8	7	12.88901
8	7	12.92522
8	7	12.94985
8	7	12.95778
8	7	12.96579
8	7	12.98656
8	7	12.99414
8	7	13.00043
7	7	13.02955
7	7	13.03763
7	7	13.05879
7	7	13.06901
7	7	13.07691
7	7	13.09844
7	7	13.10551
7	7	13.11217
6	7	13.13385
6	7	13.1409
6	7	13.14887
6	7	13.17036
6	7	13.17678
6	7	13.18412
6	7	13.2053
6	7	13.21308
6	7	13.23672
6	7	13.26145
6	7	13.26892
6	7	13.27534
6	7	13.29682
6	7	13.30485
6	7	13.31098
6	7	13.33289
6	7	13.33987
6	7	13.34716
6	7	13.37031
6	7	13.38085
6	7	13.4159
6	7	13.43825
6	7	13.44769
6	7	13.47006
6	7	13.5055
6	7	13.53455
6	7	13.543
6	7	13.57533
6	7	13.58433
6	7	13.61659
6	7	13.62594
7	7	13.6608
7	7	13.68558
7	7	13.70677
7	7	13.72916
7	7	13.738
8	7	13.76043
8	7	13.79696
8	7	13.81835
8	7	13.8272
8	7	13.85457
9	7	13.87722
9	7	13.88484
9	7	13.907
9	7	13.91437
9	7	13.92101
9	7	13.94298
9	7	13.95038
9	7	13.95634
9	7	13.97727
9	7	13.98568
9	7	13.9922
10	7	14.01422
10	7	14.02324
10	7	14.03141
10	7	14.05622
10	7	14.06478
10	7	14.08719
10	7	14.09481
10	7	14.10082
11	7	14.12223
11	7	14.12984
11	7	14.13854
11	7	14.15911
11	7	14.16685
11	7	14.19166
11	7	14.21477
11	7	14.22228
11	7	14.22949
12	7	14.25277
12	7	14.25936
12	7	14.26656
12	7	14.28839
12	7	14.29578
12	7	14.302
12	7	14.32156
12	7	14.33278
12	7	14.34276
12	7	14.36438
12	7	14.37056
12	7	14.37657
12	7	14.39838
12	7	14.40487
12	7	14.41062
12	7	14.4316
12	7	14.4382
12	7	14.44447
12	8	14.46645
12	8	14.47378
12	8	14.49488
12	8	14.51668
12	8	14.52396
12	8	14.53087
12	8	14.55398
12	8	14.56318
12	8	14.57605
12	8	14.59851
12	8	14.60568
12	8	14.61235
12	8	14.63389
12	8	14.65784
12	8	14.68206
12	8	14.68988
12	9	14.6965
12	9	14.71777
12	9	14.72664
12	9	14.7348
12	9	14.76259
12	9	14.77077
12	9	14.79556
12	9	14.80813
13	9	14.83673
13	9	14.84418
13	9	14.86415
13	9	14.87076
13	9	14.88811
13	9	14.9231
14	9	14.94579
14	9	14.96817
14	9	14.99015
14	9	15.00002
14	9	15.02223
14	9	15.05805
15	9	15.08022
15	9	15.0895
15	9	15.11158
15	9	15.14883
15	9	15.17022
15	9	15.17849
16	9	15.2007
16	9	15.23667
16	9	15.25957
16	9	15.26891
16	9	15.2936
17	9	15.31564
17	9	15.32262
17	9	15.32951
17	9	15.35038
17	9	15.3578
17	9	15.3642
17	9	15.38547
17	9	15.39373
17	9	15.40016
17	9	15.42782
18	9	15.44949
18	9	15.4712
18	9	15.47733
18	9	15.48506
18	9	15.50708
18	9	15.5144
18	9	15.52102
18	9	15.54306
19	9	15.55164
19	9	15.5596
19	9	15.58146
19	9	15.58836
19	9	15.59535
19	9	15.61694
19	9	15.62413
19	9	15.6309
19	9	15.65135
19	9	15.65877
19	9	15.66464
20	9	15.68808
20	9	15.6954
20	9	15.70198
20	9	15.72421
20	9	15.73223
20	9	15.75427
20	9	15.77652
20	9	15.7851
20	9	15.79234
19	9	15.8133
19	9	15.82041
19	9	15.82686
19	9	15.84649
19	9	15.85439
19	9	15.86244
19	9	15.88553
19	9	15.9084
18	9	15.93573
18	9	15.94366
18	9	15.96864
18	9	15.9767
18	9	16.00622
18	9	16.01361
18	9	16.03579
17	9	16.05846
17	9	16.07946
17	9	16.08718
17	9	16.09403
17	9	16.11852
17	9	16.12787
16	9	16.17038
16	9	16.19124
16	9	16.2122
16	9	16.23329
16	9	16.24087
16	9	16.26211
15	9	16.29864
15	9	16.32428
15	9	16.3326
15	9	16.36713
15	9	16.39006
15	9	16.39812
14	9	16.41866
14	9	16.45314
14	9	16.47664
14	9	16.48587
14	9	16.50743
13	9	16.53258
13	9	16.55387
13	9	16.57618
13	9	16.58652
13	9	16.59475
13	9	16.61591
13	9	16.62359
13	9	16.62986
12	9	16.65127
12	9	16.65803
12	9	16.66431
12	9	16.6874
12	9	16.70858
12	9	16.73017
12	9	16.73745
12	9	16.74407
12	9	16.7666
12	9	16.7729
11	9	16.77961
11	9	16.80096
11	9	16.80767
11	9	16.81475
11	9	16.83489
11	9	16.84257
11	9	16.86654
11	9	16.89008
10	9	16.89638
10	9	16.90376
10	9	16.92544
10	9	16.93269
10	9	16.9397
10	9	16.96726
10	9	16.97484
10	9	16.99859
9	9	17.02248
9	9	17.04744
9	9	17.05555
9	9	17.06335
9	9	17.08532
9	9	17.09492
9	9	17.10402
9	9	17.13113
9	9	17.13959
8	9	17.16112
8	9	17.1729
8	9	17.19499
8	9	17.20347
8	9	17.22234
8	9	17.25824
7	9	17.28055
7	9	17.28967
7	9	17.3119
7	9	17.34942
7	9	17.37248
7	9	17.38008
6	9	17.4017
6	9	17.43716
6	9	17.46038
6	9	17.46941
6	9	17.50587
5	9	17.52962
5	9	17.53998
5	9	17.57423
5	9	17.5976
5	9	17.60571
5	9	17.62532
4	9	17.65096
4	9	17.66084
4	9	17.68429
4	9	17.69162
4	9	17.69825
4	9	17.71949
4	9	17.72673
4	9	17.7338
3	9	17.75764
3	9	17.76418
3	9	17.7719
3	9	17.79484
3	9	17.81021
3	9	17.83608
3	9	17.84501
3	9	17.86602
2	9	17.874
2	9	17.88044
2	9	17.90182
2	9	17.90879
2	9	17.91594
2	9	17.93662
2	9	17.94334
2	9	17.95126
2	9	17.97597
2	9	17.98635
2	9	18.0089
2	9	18.01575
2	9	18.02236
2	9	18.04353
2	9	18.051
2	9	18.05762
2	9	18.07776
2	9	18.08508
2	9	18.09374
2	9	18.13
2	9	18.15216
2	9	18.16093
2	9	18.18336
2	9	18.21872
2	9	18.24144
2	9	18.25017
2	9	18.27242
2	9	18.31149
2	9	18.33777
2	9	18.34583
2	9	18.37481
2	9	18.38529
2	9	18.41952
2	9	18.44213
2	9	18.45134
2	9	18.47334
2	9	18.50846
2	9	18.53174
2	9	18.54077
2	9	18.5633
2	9	18.60095
2	9	18.62652
2	9	18.63377
2	9	18.64053
2	9	18.66252
2	9	18.66924
2	9	18.67573
2	9	18.70305
2	9	18.71051
2	9	18.73114
2	9	18.73868
2	9	18.74507
2	9	18.76802
2	9	18.77752
2	9	18.78622
2	9	18.81062
2	9	18.81798
2	9	18.82616
2	9	18.84816
2	9	18.8552
2	9	18.86192
2	9	18.88268
2	9	18.89029
2	8	18.89757
2	8	18.91914
2	8	18.92608
2	8	18.93292
2	8	18.95693
2	8	18.96614
2	8	18.98803
2	8	18.99541
2	8	19.00197
2	7	19.02446
2	7	19.03227
2	7	19.03924
2	7	19.05951
2	7	19.06782
2	7	19.07481
2	7	19.09702
2	7	19.12155
2	6	19.1451
2	6	19.15223
2	6	19.1595
2	6	19.1809
2	6	19.18901
2	6	19.19555
2	6	19.21723
2	6	19.22422
2	6	19.23096
2	6	19.25222
2	6	19.27568
2	6	19.29786
2	6	19.30528
2	6	19.31192
2	6	19.33382
2	6	19.34017
2	6	19.34752
2	6	19.36905
2	6	19.37597
2	6	19.38292
2	6	19.40817
2	6	19.41607
2	6	19.44719
2	6	19.45624
2	6	19.49128
2	6	19.51453
2	6	19.52417
2	6	19.54627
2	6	19.58515
3	6	19.60923
3	6	19.61735
3	6	19.63514
3	6	19.67142
3	6	19.69394
3	6	19.70199
3	6	19.72461
3	6	19.7611
3	6	19.78582
3	6	19.79577
3	6	19.82768
3	6	19.8369
3	6	19.87298
3	6	19.89685
3	6	19.90467
3	6	19.91078
3	6	19.93637
3	6	19.94423
3	6	19.96704
3	6	19.97415
3	6	19.98086
3	6	20.00346
3	6	20.01014
3	6	20.01713
3	6	20.03906
3	6	20.04529
3	6	20.05246
3	6	20.07377
3	6	20.08026
3	6	20.08731
3	6	20.10751
3	6	20.11411
3	6	20.12043
3	6	20.1404
3	6	20.14692
3	6	20.15353
3	5	20.17565
3	5	20.18332
3	5	20.19002
3	5	20.21171
3	5	20.21954
3	5	20.22625
3	5	20.24826
3	5	20.26346
3	5	20.28695
3	5	20.2943
3	5	20.30021
3	5	20.32203
3	5	20.3292
3	5	20.33657
3	5	20.35666
3	5	20.36413
3	5	20.37207
3	5	20.39261
3	5	20.40059
3	5	20.42418
3	5	20.44765
3	5	20.45454
3	5	20.46189
3	5	20.48084
3	5	20.48842
3	5	20.49504
3	5	20.51596
3	5	20.52338
3	5	20.53068
3	5	20.55273
3	5	20.55963
3	5	20.56592
3	5	20.58697
3	5	20.59366
3	5	20.60005
3	5	20.62037
3	5	20.62716
3	5	20.6346
3	5	20.66124
3	5	20.66804
3	5	20.69069
3	5	20.69773
3	5	20.7045
3	5	20.7305
3	5	20.73907
3	5	20.76479
3	5	20.77303
3	5	20.79325
3	5	20.80021
3	5	20.8064
3	5	20.82703
3	5	20.83411
3	5	20.84084
3	5	20.86175
3	5	20.86806
2	5	20.87527
2	5	20.89692
2	5	20.90419
2	5	20.91077
2	5	20.93241
2	5	20.93997
2	5	20.94597
2	5	20.97394
2	5	20.98235
2	5	21.00478
2	5	21.0127
2	5	21.03743
2	5	21.06114
2	5	21.06804
2	5	21.0746
2	5	21.09488
2	5	21.10176
2	5	21.10826
2	5	21.12809
2	5	21.13496
2	5	21.14139
2	5	21.16337
2	5	21.17165
2	5	21.17825
2	5	21.19903
2	5	21.20558
2	5	21.21291
2	5	21.23442
2	5	21.24154
2	5	21.24832
2	5	21.27077
2	5	21.27715
2	5	21.28402
2	4	21.30505
2	4	21.31324
2	4	21.33538
2	4	21.35793
2	4	21.36513
2	4	21.37197
2	4	21.39223
2	4	21.39908
2	4	21.40579
2	3	21.42636
2	3	21.4342
2	3	21.44211
2	3	21.4663
2	3	21.49153
2	3	21.51678
2	3	21.52755
2	2	21.54827
2	2	21.55563
2	2	21.56204
2	2	21.58156
2	2	21.58929
2	2	21.59598
2	2	21.61806
2	2	21.64244
2	2	21.66536
2	2	21.67299
2	2	21.68535
2	2	21.70794
2	2	21.71506
2	2	21.72153
2	2	21.7429
2	2	21.75063
2	2	21.75713
2	2	21.78165
2	2	21.79422
2	2	21.82023
2	2	21.82847
2	2	21.84959
2	2	21.85806
2	2	21.88045
3	2	21.91607
3	2	21.93892
3	2	21.96228
3	2	21.9844
3	2	21.99302
3	2	22.01469
4	2	22.05064
4	2	22.07302
4	2	22.0813
4	2	22.10383
5	2	22.14139
5	2	22.16631
5	2	22.17492
5	2	22.20967
5	2	22.23587
5	2	22.24466
6	2	22.27353
6	2	22.30031
6	2	22.32578
6	2	22.33289
6	2	22.34211
6	2	22.36736
6	2	22.37574
7	2	22.40174
7	2	22.41056
7	2	22.43733
7	2	22.46101
7	2	22.48528
7	2	22.493
7	2	22.49913
8	2	22.52045
8	2	22.53283
8	2	22.55486
8	2	22.56193
8	2	22.56753
8	2	22.58908
8	2	22.61387
9	2	22.63773
9	2	22.64457
9	2	22.65227
9	2	22.67627
9	2	22.68517
9	2	22.69201
9	2	22.71169
9	2	22.71855
9	2	22.74106
10	2	22.7787
10	2	22.80217
10	2	22.81217
10	2	22.84282
10	2	22.8523
11	2	22.8884
11	2	22.91055
11	2	22.93566
11	2	22.95831
11	2	22.96573
11	2	22.98679
12	2	23.02642
12	2	23.05103
12	2	23.05925
12	2	23.0755
12	2	23.11017
13	2	23.13361
13	2	23.1423
13	2	23.16476
13	2	23.2
13	2	23.22563
14	2	23.249
14	2	23.27191
14	2	23.2788
14	2	23.2857
14	2	23.30757
14	2	23.3143
14	2	23.32186
14	2	23.34198
14	2	23.34901
14	2	23.35545
15	2	23.38293
15	2	23.4052
15	2	23.42746
15	2	23.43403
15	2	23.44115
15	2	23.46223
15	2	23.46946
15	2	23.47572
16	2	23.50169
16	2	23.509
16	2	23.53582
16	2	23.56151
16	2	23.58301
16	2	23.5899
16	2	23.59661
15	2	23.61721
15	2	23.62522
15	2	23.64489
15	2	23.68169
15	2	23.70488
15	2	23.72633
14	2	23.75038
14	2	23.75762
14	2	23.77976
14	2	23.81508
14	2	23.83872
14	2	23.84704
13	2	23.86926
13	2	23.9038
13	2	23.92701
13	2	23.93576
13	2	23.95787
12	2	23.99354
12	2	24.01628
12	2	24.02595
12	2	24.06159
12	2	24.08378
12	2	24.09248
11	2	24.10289
11	2	24.12828
11	2	24.13482
11	2	24.14229
11	2	24.16905
11	2	24.17756
11	2	24.20253
11	2	24.21142
10	2	24.23679
10	2	24.25109
10	2	24.27314
10	2	24.27965
10	2	24.28611
10	2	24.30693
10	2	24.31403
10	2	24.32008
9	2	24.34179
9	2	24.36453
9	2	24.38715
9	2	24.39508
9	2	24.40095
9	2	24.42253
9	2	24.42962
9	2	24.43685
9	2	24.45768
8	2	24.46494
8	2	24.47227
8	2	24.49302
8	2	24.49997
8	2	24.50687
8	2	24.52765
8	2	24.53365
8	2	24.54088
8	2	24.56263
8	2	24.56916
8	2	24.57593
7	2	24.59763
7	2	24.60433
7	2	24.61061
7	2	24.63181
7	2	24.63968
7	2	24.64573
7	2	24.66755
7	2	24.67499
7	2	24.68409
6	2	24.70996
6	2	24.71666
6	2	24.72311
6	2	24.74428
6	2	24.75197
6	2	24.75878
6	2	24.77889
6	2	24.78574
6	2	24.79404
6	2	24.82139
6	3	24.83042
6	3	24.85529
6	3	24.86167
6	3	24.86835
6	3	24.89279
6	3	24.9007
6	3	24.90882
6	3	24.9333
6	3	24.94166
6	3	24.94805
6	4	24.9751
6	4	24.98631
6	4	25.01221
6	4	25.01882
6	4	25.02593
6	4	25.04558
6	4	25.05298
6	4	25.06042
6	5	25.07913
6	5	25.08719
6	5	25.10825
6	5	25.14336
6	5	25.16836
6	5	25.17866
6	5	25.211
6	5	25.22018
6	5	25.25588
6	5	25.28114
6	5	25.28988
6	6	25.32711
6	6	25.3546
6	6	25.36482
6	6	25.39019
6	6	25.39891
6	6	25.43409
6	7	25.45746
6	7	25.46623
6	7	25.48851
6	7	25.52525
6	7	25.54708
6	7	25.55566
6	8	25.57817
6	8	25.60258
6	8	25.61008
6	8	25.6172
6	8	25.63774
6	8	25.64578
6	8	25.67004
6	9	25.6948
6	9	25.70199
6	9	25.70832
6	9	25.72947
6	9	25.73697
6	9	25.74362
6	9	25.76657
6	9	25.77345
6	9	25.78088
6	9	25.80304
6	10	25.81039
6	10	25.81677
6	10	25.8428
6	10	25.85003
6	10	25.87116
6	10	25.87794
6	10	25.8842
6	10	25.90487
6	10	25.91299
6	10	25.91944
6	11	25.94086
6	11	25.94836
6	11	25.95481
6	11	25.97984
6	11	25.99046
6	11	26.0205
6	11	26.03016
6	12	26.05769
6	12	26.06537
6	12	26.08645
6	12	26.09389
6	12	26.10036
6	12	26.1218
6	12	26.14533
6	12	26.1687
6	13	26.17865
6	13	26.20141
6	13	26.20883
6	13	26.21532
6	13	26.2354
6	13	26.24301
6	13	26.2503
6	13	26.28432
6	14	26.30805
6	14	26.31799
6	14	26.35176
6	14	26.37328
6	14	26.38204
6	14	26.40438
6	15	26.44039
6	15	26.46494
6	15	26.47549
6	15	26.5142
6	16	26.54058
6	16	26.54979
6	16	26.57809
6	16	26.58627
6	16	26.61918
6	16	26.65018
6	17	26.67172
6	17	26.67889
6	17	26.69504
6	17	26.73116
6	17	26.75535
6	17	26.76255
6	17	26.76962
6	18	26.79369
6	18	26.80276
6	18	26.82447
6	18	26.83204
6	18	26.83892
6	18	26.8596
6	18	26.86605
6	18	26.87276
6	18	26.89369
6	18	26.90083
6	19	26.90854
6	19	26.92949
6	19	26.9383
6	19	26.94718
6	19	26.96773
6	19	26.97487
6	19	26.98154
6	19	27.00334
6	19	27.01062
6	19	27.01807
6	20	27.04049
6	20	27.04749
6	20	27.05447
6	20	27.07548
6	20	27.08265
6	20	27.10547
6	20	27.12868
6	20	27.13595
6	20	27.14311
6	21	27.16435
6	21	27.17084
6	21	27.17742
6	21	27.19879
6	21	27.2061
6	21	27.21355
6	21	27.24199
6	21	27.26842
6	22	27.29535
6	22	27.30235
6	22	27.32676
6	22	27.33451
6	22	27.3418
6	22	27.3667
6	22	27.37614
6	23	27.41677
6	23	27.4391
6	23	27.44873
6	23	27.46554
6	23	27.50126
6	24	27.52382
6	24	27.53332
6	24	27.55504
6	24	27.59083
6	24	27.61492
6	24	27.62511
6	25	27.65788
6	25	27.6675
6	25	27.70752
6	25	27.73235
6	25	27.74049
6	26	27.77003
6	26	27.79554
6	26	27.81827
6	26	27.8288
6	26	27.86164
6	26	27.8681
6	26	27.88973
6	26	27.89665
6	26	27.90366
6	26	27.92531
6	26	27.93481
6	26	27.94333
6	26	27.96423
6	26	27.97125
6	26	27.97736
6	26	27.99997
6	26	28.00636
6	26	28.01309
6	26	28.03668
6	26	28.0425
6	26	28.04947
6	26	28.06978
6	26	28.07678
6	26	28.09799
6	26	28.11919
6	26	28.12633
6	26	28.13214
6	26	28.15326
6	26	28.16039
6	26	28.1656
7	26	28.18605
7	26	28.19452
7	26	28.20095
7	26	28.22874
7	26	28.2512
7	26	28.27313
7	26	28.28075
7	26	28.28779
8	26	28.3093
8	26	28.31705
8	26	28.32296
8	26	28.34641
8	26	28.35369
8	26	28.36098
8	26	28.3824
8	26	28.39143
8	26	28.39975
8	26	28.42132
9	26	28.42941
9	26	28.43596
9	26	28.46284
9	26	28.47134
9	26	28.49327
9	26	28.50032
9	26	28.50718
9	26	28.52884
9	26	28.53568
10	26	28.56045
10	26	28.5827
10	26	28.58939
10	26	28.59631
10	26	28.61586
10	26	28.62291
10	26	28.63823
11	26	28.67339
11	26	28.69706
11	26	28.72117
11	26	28.74654
11	26	28.75422
11	26	28.78629
11	26	28.79499
12	26	28.83024
12	26	28.85412
12	26	28.88342
12	26	28.91051
12	26	28.91862
12	26	28.94188
12	26	28.95145
12	26	28.97344
12	26	29.01363
12	26	29.03538
12	26	29.04279
12	26	29.06267
12	26	29.09874
12	26	29.1204
12	26	29.12694
12	26	29.13331
12	26	29.15459
12	26	29.16147
12	26	29.16795
12	26	29.18964
12	26	29.19687
12	26	29.2035
12	26	29.22466
12	26	29.23204
12	26	29.2383
12	26	29.26007
12	26	29.26704
12	26	29.27446
12	26	29.29527
12	26	29.30158
12	26	29.30901
12	26	29.33063
12	26	29.33704
12	26	29.34422
12	26	29.36528
12	26	29.37182
12	26	29.37857
12	26	29.39939
12	26	29.40596
12	26	29.41299
12	26	29.43373
12	26	29.44056
12	26	29.44754
12	26	29.46736
12	26	29.47378
12	26	29.47989
12	26	29.48693
12	26	29.51406
12	26	29.52178
12	26	29.54814
12	26	29.55539
12	26	29.5757
12	26	29.58252
12	26	29.58858
12	26	29.61148
12	26	29.6196
12	26	29.6273
12	26	29.65303
12	26	29.66089
12	26	29.68571
12	26	29.69323
12	26	29.69985
12	26	29.72092
12	26	29.72749
12	26	29.73393
12	25	29.76285
12	25	29.77145
12	25	29.79256
12	25	29.79948
12	25	29.80606
12	25	29.82971
12	25	29.83947
12	25	29.86041
12	24	29.86694
12	24	29.87348
12	24	29.89401
12	24	29.90104
12	24	29.90729
12	24	29.92915
12	24	29.93565
12	24	29.9416
12	24	29.96267
12	23	29.98706
12	23	30.01169
12	23	30.01864
12	23	30.0261
12	23	30.05033
12	23	30.05774
12	23	30.0645
12	23	30.08495
12	23	30.09202
12	23	30.09835
12	22	30.11955
12	22	30.14269
12	22	30.16667
12	22	30.17349
12	22	30.18028
12	22	30.2022
12	22	30.20886
12	22	30.21608
12	22	30.23458
12	22	30.24154
12	22	30.25794
12	22	30.29357
12	22	30.31564
12	22	30.3249
12	22	30.34715
12	22	30.38293
12	22	30.40516
12	22	30.41419
12	22	30.43667
12	22	30.47376
12	22	30.49656
12	22	30.50427
12	22	30.52629
12	22	30.56188
12	22	30.58673
12	22	30.59347
12	22	30.61568
12	22	30.65118
12	22	30.67369
12	22	30.68302
11	22	30.70517
11	22	30.73235
11	22	30.74089
11	22	30.76916
11	22	30.77817
11	22	30.80102
11	22	30.80987
10	22	30.83434
10	22	30.85785
10	22	30.86513
10	22	30.87173
10	22	30.89151
10	22	30.89919
10	22	30.90577
10	22	30.92542
10	22	30.93246
10	22	30.93934
9	22	30.9606
9	22	30.97051
9	22	30.97925
9	22	31.0043
9	22	31.01151
9	22	31.01882
9	22	31.04042
9	22	31.04743
9	22	31.05441
8	22	31.07532
8	22	31.08459
8	22	31.10683
8	22	31.14224
8	22	31.16768
8	22	31.17723
7	22	31.20982
7	22	31.21934
7	22	31.25393
7	22	31.27697
7	22	31.28671
6	22	31.30901
6	22	31.34949
6	22	31.37766
6	22	31.38687
6	22	31.41133
6	22	31.42013
5	22	31.46055
5	22	31.48127
5	22	31.48945
5	22	31.50896
5	22	31.54413
4	22	31.56768
4	22	31.57384
4	22	31.58138
4	22	31.60179
4	22	31.60919
4	22	31.61643
4	22	31.64019
4	22	31.65076
4	22	31.67309
3	22	31.6812
3	22	31.68889
3	22	31.70959
3	22	31.71712
3	22	31.72367
3	22	31.7449
3	22	31.75214
3	22	31.75856
3	22	31.77956
3	22	31.78925
2	22	31.79746
2	22	31.81815
2	22	31.82523
2	22	31.83165
2	22	31.85373
2	22	31.86109
2	22	31.86793
2	22	31.89555
2	22	31.90378
2	22	31.92705
2	22	31.93422
2	22	31.95664
2	22	31.98088
2	22	31.98724
2	22	31.9938
2	22	32.01672
2	22	32.02331
2	22	32.02953
2	22	32.04999
2	22	32.05741
2	22	32.06455
2	22	32.08561
2	22	32.10673
2	22	32.12774
2	22	32.13393
2	22	32.1406
2	22	32.16228
2	22	32.16909
2	22	32.1755
2	22	32.20448
2	22	32.21062
3	22	32.23172
3	22	32.23918
3	22	32.26097
3	22	32.28231
3	22	32.28814
3	22	32.29478
3	22	32.31633
3	22	32.32378
3	22	32.33008
4	22	32.3503
4	22	32.35656
4	22	32.36335
4	22	32.38374
4	22	32.39085
4	22	32.41278
4	22	32.43423
4	22	32.44086
4	22	32.44983
5	22	32.47766
5	22	32.48702
5	22	32.51693
5	22	32.52456
5	22	32.55334
5	22	32.57598
6	22	32.5983
6	22	32.60511
6	22	32.61078
6	22	32.63169
6	22	32.63852
6	22	32.64444
6	22	32.67142
6	22	32.68207
7	22	32.71689
7	22	32.73895
7	22	32.74853
7	22	32.77088
7	22	32.8076
7	22	32.82856
8	22	32.83796
8	22	32.85994
8	22	32.89593
8	22	32.9192
8	22	32.92765
8	22	32.95016
9	22	32.98571
9	22	33.01781
9	22	33.02572
9	22	33.05553
9	22	33.06479
10	22	33.09941
10	22	33.12117
10	22	33.12894
10	22	33.1511
10	22	33.17525
10	22	33.1823
10	22	33.18885
11	22	33.20938
11	22	33.23091
11	22	33.25374
11	22	33.26001
11	22	33.26622
11	22	33.28775
11	22	33.29378
11	22	33.3002
11	23	33.32102
11	23	33.32772
11	23	33.3337
11	23	33.35482
11	23	33.36158
11	23	33.38263
11	23	33.40389
11	23	33.41089
11	23	33.41771
11	23	33.4379
11	24	33.44455
11	24	33.45087
11	24	33.47211
11	24	33.47928
11	24	33.48668
11	24	33.50819
11	24	33.51569
11	24	33.53601
11	24	33.55743
11	25	33.5643
11	25	33.5715
11	25	33.593
11	25	33.60061
11	25	33.60735
11	25	33.6312
11	25	33.63848
11	25	33.6453
11	25	33.67034
11	26	33.69487
11	26	33.72272
11	26	33.73036
11	26	33.76525
11	26	33.78889
11	26	33.7958
11	26	33.80266
11	26	33.82301
11	26	33.83189
11	26	33.85459
11	26	33.8901
11	26	33.91262
11	26	33.92158
11	26	33.94396
11	26	33.97911
11	26	34.00335
11	26	34.01089
11	26	34.03292
11	26	34.06762
11	26	34.0925
11	26	34.10049
11	26	34.1225
11	26	34.15957
11	26	34.18328
11	26	34.19065
11	26	34.2123
11	26	34.2488
11	26	34.27048
11	26	34.27965
11	26	34.30194
11	26	34.32806
11	26	34.3366
11	26	34.35783
11	26	34.36409
11	26	34.3713
11	26	34.39179
11	26	34.39832
11	26	34.40542
11	26	34.42659
11	26	34.43369
11	26	34.43985
11	26	34.46049
11	26	34.46666
11	26	34.47349
11	26	34.4949
11	26	34.51674
11	26	34.53784
11	26	34.54372
11	26	34.55113
11	26	34.5752
11	26	34.58333
11	26	34.59027
11	26	34.61449
11	26	34.62186
11	26	34.62891
11	26	34.65599
11	26	34.66259
11	26	34.6857
11	26	34.69298
11	26	34.69881
11	26	34.72092
11	26	34.72789
11	26	34.73407
11	26	34.75675
11	26	34.76347
11	26	34.77061
11	26	34.79163
11	26	34.79892
11	26	34.8061
11	26	34.83046
11	26	34.83722
11	26	34.84339
11	26	34.86352
11	26	34.87099
11	26	34.87661
11	26	34.89771
11	26	34.90432
11	26	34.91024
11	26	34.9367
11	26	34.94451
11	26	34.96927
11	26	34.97711
11	26	34.98626
11	26	35.01232
11	26	35.02011
11	26	35.04144
11	26	35.0486
11	26	35.05486
11	26	35.07663
11	26	35.08405
11	26	35.09
11	26	35.11024
11	26	35.11829
11	26	35.12521
11	26	35.14557
11	26	35.15351
11	26	35.15984
11	26	35.17937
11	26	35.18694
11	26	35.19428
11	26	35.2141
11	26	35.22134
11	26	35.2282
11	26	35.24993
11	26	35.25625
11	26	35.26257
11	26	35.28364
11	26	35.28978
11	26	35.29708
11	26	35.3224
11	26	35.33007
11	26	35.33779
11	26	35.36798
11	26	35.37565
11	26	35.39723
11	26	35.40386
11	26	35.41056
11	26	35.43249
11	26	35.43998
11	26	35.46037
11	26	35.48208
11	26	35.48909
11	26	35.49581
11	26	35.51756
11	26	35.52412
11	26	35.53099
11	26	35.55323
11	26	35.55951
11	26	35.5664
11	26	35.58852
11	26	35.59554
11	26	35.60165
11	26	35.62225
11	26	35.62922
11	26	35.63572
11	26	35.6561
11	26	35.66249
11	26	35.66953
11	26	35.69116
11	26	35.69869
11	26	35.705
11	26	35.72516
11	26	35.73313
11	26	35.73999
11	26	35.76261
11	26	35.76999
11	26	35.77669
11	26	35.79837
11	26	35.80475
11	26	35.81106
11	26	35.83093
11	26	35.83729
11	26	35.84341
11	26	35.85024
11	26	35.87078
11	26	35.87747
11	26	35.88423
11	26	35.90562
11	26	35.91316
11	26	35.91986
11	26	35.94059
11	26	35.94793
11	26	35.95485
11	26	35.97712
11	26	35.9875
11	26	35.99606
11	26	36.02452
11	26	36.03163
11	26	36.05654
11	26	36.06282
11	26	36.07059
11	26	36.09589
11	26	36.10319
11	26	36.10947
11	26	36.13071
11	26	36.13794
11	26	36.144
11	26	36.16426
11	26	36.17116
11	26	36.1771
11	26	36.19753
11	26	36.20459
11	26	36.2109
11	26	36.23302
11	26	36.23959
11	26	36.24598
11	26	36.26805
11	26	36.27428
11	26	36.28155
11	26	36.3025
11	26	36.30882
11	26	36.31592
11	26	36.3364
11	26	36.34341
11	26	36.35109
11	26	36.37706
11	26	36.38617
11	26	36.4118
11	26	36.41889
11	26	36.4407
11	26	36.44754
11	26	36.45404
11	26	36.47546
11	26	36.4833
11	26	36.4897
11	26	36.51139
11	26	36.51858
11	26	36.52517
11	26	36.54628
11	26	36.55315
11	26	36.56029
11	26	36.58165
11	26	36.58863
11	26	36.59554
11	26	36.61686
11	26	36.62382
11	26	36.63038
11	26	36.65072
11	26	36.65695
11	26	36.66298
11	26	36.67052
11	26	36.69405
11	26	36.70166
11	26	36.70835
11	26	36.72877
11	26	36.73636
11	26	36.74272
11	26	36.76542
11	26	36.77304
11	26	36.78473
11	26	36.80655
11	26	36.81254
11	26	36.81987
11	26	36.84397
11	26	36.8539
11	26	36.87572
11	26	36.88277
11	26	36.88832
11	26	36.90892
11	26	36.91674
11	26	36.92319
11	26	36.94374
11	26	36.95105
11	26	36.95738
11	26	36.97772
11	26	36.98593
11	26	36.99264
11	26	37.02086
11	26	37.02928
11	26	37.05391
11	26	37.06207
11	26	37.06912
11	26	37.09463
11	26	37.10346
11	26	37.12369
11	26	37.13094
11	26	37.13704
11	26	37.15707
11	26	37.16424
11	26	37.1714
11	26	37.19175
11	26	37.19821
11	26	37.20428
11	26	37.22419
11	26	37.23143
11	26	37.2382
11	26	37.25909
11	26	37.26536
11	26	37.2716
11	26	37.29086
11	26	37.29821
11	26	37.30462
11	26	37.32458
11	26	37.33137
11	26	37.33775
11	26	37.35704
11	26	37.36433
11	26	37.37065
11	26	37.3766
11	26	37.39742
11	26	37.40337
11	26	37.40966
11	26	37.43052
11	26	37.43637
11	26	37.4431
11	26	37.46943
11	26	37.47762
11	26	37.51051
11	26	37.53602
11	26	37.54347
11	26	37.54971
11	26	37.56979
11	26	37.57661
11	26	37.58258
11	26	37.5891
11	26	37.60975
11	26	37.61583
11	26	37.62221
11	26	37.64425
11	26	37.65016
11	26	37.65682
11	26	37.67699
11	26	37.68351
11	26	37.68982
11	26	37.69683
11	26	37.72076
11	26	37.72714
11	26	37.73391
11	26	37.75589
11	26	37.76237
11	26	37.76838
11	26	37.78981
11	26	37.79691
11	26	37.80299
11	26	37.82352
11	26	37.82996
11	26	37.83611
11	26	37.8559
11	26	37.86158
11	26	37.86827
11	26	37.87556
11	26	37.89937
11	26	37.90536
11	26	37.91135
11	26	37.93409
11	26	37.94034
11	26	37.94628
11	26	37.96847
11	26	37.97495
11	26	37.98118
11	26	38.00276
11	26	38.00976
11	26	38.01567
11	26	38.04206
11	26	38.04937
11	26	38.07296
11	26	38.07978
11	26	38.08693
11	26	38.10984
11	26	38.11585
11	26	38.12256
11	26	38.1428
11	26	38.14831
11	26	38.15469
11	26	38.16052
11	26	38.18544
11	26	38.19908
11	26	38.21947
11	26	38.22568
11	26	38.23185
11	26	38.23774
11	26	38.25935
11	26	38.26562
11	26	38.2783
