x	y	time	x-coordinate	y-coordinate	z-coordinate
15	11	0.1898983	3.162259	1.283164	-1.57952
15	11	0.2149203	3.162044	1.283075	-1.579356
15	11	0.2273274	3.161948	1.283173	-1.579383
15	11	0.2453269	3.161936	1.283094	-1.579485
15	11	0.2507691	3.162038	1.283116	-1.579524
15	11	0.2564812	3.162038	1.283116	-1.579524
15	11	0.2615439	3.162134	1.283004	-1.579394
15	11	0.2773165	3.162068	1.282852	-1.579397
15	11	0.2841773	3.162232	1.282882	-1.579405
15	11	0.3037853	3.162001	1.283116	-1.579581
15	11	0.3258771	3.162377	1.283153	-1.579609
15	11	0.3488325	3.162683	1.283271	-1.579866
15	11	0.3709299	3.162572	1.283382	-1.579798
15	11	0.392821	3.162497	1.283354	-1.579782
15	11	0.4153256	3.162187	1.283322	-1.579518
15	11	0.4380485	3.162174	1.282939	-1.579671
15	11	0.4671263	3.162424	1.282985	-1.579732
15	11	0.4825636	3.162248	1.283108	-1.579464
15	11	0.505046	3.16193	1.283191	-1.579832
15	11	0.5270475	3.162043	1.283172	-1.57991
15	11	0.5499924	3.162339	1.28337	-1.579948
15	11	0.5718634	3.162367	1.283265	-1.580111
15	11	0.5940653	3.162315	1.283127	-1.58011
15	11	0.6164018	3.162447	1.283156	-1.579746
15	11	0.6390048	3.162071	1.283209	-1.579318
15	11	0.6612608	3.162117	1.283285	-1.579347
15	11	0.6833041	3.161987	1.283146	-1.579576
15	11	0.705817	3.162047	1.28305	-1.579645
15	11	0.7283304	3.161947	1.283119	-1.5797
15	11	0.750639	3.16225	1.283293	-1.5794
15	11	0.7729701	3.162207	1.283326	-1.579314
15	11	0.795094	3.162164	1.283655	-1.57968
15	11	0.811509	3.162056	1.283522	-1.579771
15	11	0.8180604	3.162215	1.283295	-1.579614
15	11	0.8279696	3.162268	1.2833	-1.579696
15	11	0.8394234	3.162297	1.283224	-1.579825
15	11	0.8551126	3.162267	1.283264	-1.579906
15	11	0.8620737	3.162246	1.283226	-1.579889
15	11	0.8728967	3.162299	1.283208	-1.579934
15	11	0.887857	3.16231	1.283185	-1.579952
15	11	0.8952662	3.16216	1.283108	-1.579747
15	11	0.9091403	3.162193	1.283066	-1.579785
15	11	0.9267355	3.162176	1.283076	-1.579809
15	11	0.9326966	3.162271	1.283075	-1.579933
15	11	0.9400885	3.162313	1.283215	-1.579841
15	11	0.9509793	3.162328	1.283141	-1.579859
15	11	0.966665	3.162353	1.283149	-1.579903
15	11	0.974218	3.162272	1.283123	-1.579835
15	11	0.9845759	3.162395	1.282992	-1.579744
15	11	1.000787	3.162273	1.282895	-1.57955
15	11	1.008461	3.162177	1.28292	-1.579393
15	11	1.018682	3.161973	1.283102	-1.579549
15	11	1.034126	3.162017	1.28313	-1.57958
15	11	1.041206	3.162106	1.283248	-1.579524
15	11	1.051506	3.16196	1.283412	-1.579678
15	11	1.062767	3.161884	1.283421	-1.579591
15	11	1.077644	3.161827	1.283481	-1.579587
15	11	1.085249	3.161879	1.283396	-1.579529
15	11	1.096848	3.162002	1.2835	-1.579688
15	11	1.11249	3.162119	1.283348	-1.579983
15	11	1.119094	3.162379	1.283025	-1.579791
15	11	1.130029	3.162295	1.282977	-1.579668
15	11	1.146185	3.162187	1.283149	-1.579366
15	11	1.153393	3.162051	1.283259	-1.57946
15	11	1.166025	3.162066	1.28321	-1.579545
15	11	1.181346	3.162266	1.283267	-1.579624
15	11	1.188722	3.162306	1.283257	-1.579605
15	11	1.199702	3.16228	1.283144	-1.579677
15	11	1.215871	3.162316	1.283134	-1.579663
15	11	1.222039	3.162363	1.283103	-1.579654
15	11	1.233027	3.162289	1.283109	-1.579491
15	11	1.24939	3.162063	1.282996	-1.579409
15	11	1.255658	3.161958	1.283124	-1.579506
15	11	1.266577	3.162122	1.283076	-1.579847
15	11	1.282382	3.162282	1.283133	-1.579896
15	11	1.289314	3.16239	1.283021	-1.579864
15	11	1.300586	3.162369	1.282911	-1.579905
15	11	1.316359	3.162279	1.282844	-1.579862
15	11	1.323241	3.162127	1.283014	-1.580036
15	11	1.334859	3.162054	1.283316	-1.579649
15	11	1.350972	3.16228	1.283411	-1.579697
15	11	1.357717	3.162455	1.283248	-1.579545
15	11	1.369287	3.162436	1.283189	-1.579478
15	11	1.385614	3.162364	1.283154	-1.579426
15	11	1.392116	3.162139	1.283463	-1.579671
15	11	1.40354	3.162175	1.283401	-1.579853
15	11	1.421542	3.162054	1.283376	-1.579836
15	11	1.427619	3.16207	1.28334	-1.579826
15	11	1.435546	3.16196	1.28347	-1.579564
15	11	1.446582	3.162039	1.283525	-1.579576
15	11	1.462185	3.162085	1.283452	-1.579542
15	11	1.469311	3.16211	1.283257	-1.579725
15	11	1.480145	3.161986	1.283227	-1.579671
15	11	1.49713	3.162054	1.283116	-1.579593
15	11	1.503437	3.162239	1.283165	-1.579847
15	11	1.513584	3.162401	1.283245	-1.57988
15	11	1.533563	3.162397	1.283257	-1.579934
15	11	1.540247	3.162369	1.283442	-1.579679
15	11	1.546276	3.162324	1.28343	-1.579646
15	11	1.5564	3.162315	1.283511	-1.579698
15	11	1.571431	3.162333	1.283329	-1.579874
15	11	1.578828	3.162254	1.283295	-1.57985
15	11	1.590078	3.162455	1.283094	-1.579734
15	11	1.605055	3.16243	1.282985	-1.57971
15	11	1.612244	3.1623	1.282883	-1.579633
15	11	1.623545	3.16219	1.282991	-1.57974
15	11	1.638726	3.162086	1.282943	-1.579587
15	11	1.645809	3.162251	1.282979	-1.579617
15	11	1.656951	3.162205	1.28302	-1.57969
15	11	1.672186	3.162225	1.28295	-1.57976
15	11	1.67929	3.162209	1.282926	-1.57975
15	11	1.690407	3.162219	1.282921	-1.579781
15	11	1.705391	3.162235	1.283082	-1.579643
15	11	1.712733	3.162136	1.28303	-1.579578
15	11	1.72398	3.162058	1.283115	-1.579634
15	11	1.739142	3.162158	1.283322	-1.579592
15	11	1.746492	3.16216	1.283352	-1.579545
15	11	1.757425	3.162198	1.283313	-1.579527
15	11	1.771989	3.162171	1.283237	-1.57955
15	11	1.779816	3.162053	1.283215	-1.579485
15	11	1.790926	3.161983	1.283277	-1.579518
15	11	1.806376	3.162045	1.283222	-1.579676
15	11	1.813679	3.162262	1.283332	-1.579737
15	11	1.824428	3.162293	1.283337	-1.579743
15	11	1.839769	3.162296	1.283289	-1.579747
15	11	1.846987	3.162338	1.283336	-1.579755
15	11	1.85799	3.162452	1.283228	-1.579676
15	11	1.873413	3.162452	1.283103	-1.579777
15	11	1.880459	3.162472	1.283096	-1.579766
15	11	1.904346	3.16242	1.283354	-1.579801
15	11	1.920866	3.162324	1.28331	-1.579758
15	11	1.927144	3.162218	1.283463	-1.579885
15	11	1.933092	3.162159	1.283389	-1.579904
15	11	1.939025	3.162159	1.283389	-1.579904
15	11	1.955268	3.162243	1.283288	-1.579843
15	11	1.960983	3.162243	1.283288	-1.579843
15	11	1.967847	3.162271	1.283244	-1.579953
15	11	1.978869	3.162182	1.283222	-1.579946
15	11	1.993897	3.162168	1.283212	-1.579967
15	11	2.000939	3.162089	1.283447	-1.579635
15	11	2.012428	3.161867	1.283371	-1.57955
15	11	2.033171	3.161978	1.283049	-1.579488
15	11	2.040458	3.161978	1.283049	-1.579488
15	11	2.046955	3.162004	1.283047	-1.579467
15	11	2.062967	3.161932	1.283074	-1.579515
15	11	2.06869	3.1619	1.283225	-1.579333
15	11	2.079385	3.162023	1.283285	-1.579337
15	11	2.090377	3.161928	1.283426	-1.579395
15	11	2.107042	3.161899	1.283311	-1.579497
15	11	2.113347	3.162055	1.283403	-1.579537
15	11	2.123815	3.162074	1.28341	-1.579547
15	11	2.139186	3.162113	1.28335	-1.579756
15	11	2.146507	3.1621	1.283334	-1.579755
15	11	2.157816	3.162075	1.283362	-1.579797
15	11	2.173928	3.162062	1.283323	-1.579848
15	11	2.180219	3.161905	1.283238	-1.579804
15	11	2.191154	3.161989	1.283101	-1.579743
15	11	2.206146	3.162114	1.283226	-1.579891
15	11	2.213644	3.162124	1.283236	-1.579912
15	11	2.224757	3.162102	1.283282	-1.579947
15	11	2.240976	3.162019	1.283349	-1.579769
15	11	2.423422	3.162028	1.283345	-1.579738
15	11	2.446617	3.161827	1.283358	-1.579417
15	11	2.452798	3.161827	1.283358	-1.579417
15	11	2.460289	3.161774	1.283399	-1.579392
15	11	2.479731	3.161779	1.283188	-1.579633
15	11	2.485715	3.16209	1.283308	-1.579735
15	11	2.492471	3.162243	1.283171	-1.579626
15	11	2.498118	3.162243	1.283171	-1.579626
15	11	2.515238	3.162334	1.283143	-1.579899
15	11	2.520913	3.162334	1.283143	-1.579899
15	11	2.526328	3.162347	1.283142	-1.579896
15	11	2.537466	3.162441	1.283448	-1.579686
15	11	2.553379	3.162177	1.28322	-1.579507
15	11	2.560131	3.1622	1.283219	-1.579493
15	11	2.571145	3.161975	1.283011	-1.579536
15	11	2.588094	3.161968	1.283002	-1.579519
15	11	2.594573	3.161812	1.283156	-1.579672
15	11	2.604107	3.161997	1.283167	-1.580029
15	11	2.615201	3.162089	1.283207	-1.580085
15	11	2.630934	3.162128	1.283148	-1.580098
15	11	2.638179	3.161938	1.283374	-1.579647
15	11	2.648945	3.161919	1.283399	-1.579643
15	11	2.666427	3.162158	1.283206	-1.579591
15	11	2.672239	3.162328	1.283076	-1.579803
15	11	2.682417	3.162343	1.283064	-1.579797
15	11	2.702543	3.162284	1.283122	-1.579838
15	11	2.708488	3.162207	1.283298	-1.579442
15	11	2.716432	3.162202	1.283342	-1.579454
15	11	2.732478	3.162202	1.283358	-1.579427
15	11	2.739275	3.162145	1.283171	-1.579508
15	11	2.7495	3.162105	1.283137	-1.579462
15	11	2.764718	3.162096	1.283123	-1.579448
15	11	2.772014	3.162157	1.283065	-1.579538
15	11	2.78331	3.16208	1.283144	-1.57962
15	11	2.798324	3.162088	1.283125	-1.579627
15	11	2.805475	3.162086	1.283292	-1.579386
15	11	2.816897	3.161953	1.283458	-1.579473
15	11	2.833737	3.161925	1.283473	-1.57945
15	11	2.840466	3.162057	1.283513	-1.579542
15	11	2.850265	3.162118	1.283463	-1.579504
15	11	2.865721	3.1622	1.283514	-1.579603
15	11	2.873076	3.162244	1.283205	-1.579971
15	11	2.883828	3.162289	1.283147	-1.579982
15	11	2.899805	3.16237	1.28317	-1.580128
15	11	2.907003	3.162464	1.283153	-1.580243
15	11	2.917176	3.162628	1.282977	-1.580199
15	11	2.932765	3.162639	1.282928	-1.580215
15	11	2.93986	3.162546	1.283196	-1.579857
15	11	2.950778	3.162471	1.283298	-1.579964
15	11	2.965398	3.162311	1.283253	-1.579741
15	11	2.973588	3.162334	1.283139	-1.579848
15	11	2.984753	3.162266	1.283187	-1.579932
15	11	2.999567	3.162327	1.283179	-1.580045
15	11	3.007251	3.162295	1.283238	-1.579961
15	11	3.017827	3.162349	1.283162	-1.579945
15	11	3.033473	3.162338	1.283149	-1.579955
15	11	3.04057	3.162455	1.283126	-1.58005
15	11	3.051613	3.162438	1.283154	-1.580105
15	11	3.067028	3.162344	1.283089	-1.57997
15	11	3.074506	3.162244	1.283214	-1.579746
15	11	3.084999	3.162237	1.283256	-1.579756
15	11	3.100132	3.162196	1.283257	-1.579711
15	11	3.107469	3.162102	1.28325	-1.57961
15	11	3.118613	3.162114	1.283252	-1.579605
15	11	3.133615	3.162109	1.283054	-1.579793
15	11	3.144398	3.162123	1.283064	-1.579767
15	11	3.156302	3.162145	1.283008	-1.579734
15	11	3.172518	3.162168	1.283047	-1.579697
15	11	3.178574	3.162354	1.283132	-1.579738
15	11	3.189875	3.162309	1.283214	-1.579783
15	11	3.2066	3.162433	1.283229	-1.579979
15	11	3.218014	3.162313	1.283168	-1.579936
15	11	3.223867	3.162311	1.283126	-1.579977
15	11	3.23903	3.162409	1.283145	-1.580095
15	11	3.246376	3.162364	1.283112	-1.580093
15	11	3.257478	3.162386	1.283071	-1.580113
15	11	3.273235	3.162398	1.283161	-1.580014
15	11	3.279956	3.162433	1.283192	-1.580005
15	11	3.290982	3.16241	1.283271	-1.58005
15	11	3.306263	3.162229	1.283371	-1.579654
15	11	3.313409	3.162166	1.283384	-1.579612
15	11	3.32461	3.162089	1.283452	-1.579651
15	11	3.340803	3.162079	1.283625	-1.579499
15	11	3.347167	3.16168	1.283516	-1.579341
15	11	3.358349	3.161739	1.283427	-1.579241
15	11	3.375492	3.161645	1.283401	-1.579159
15	11	3.382167	3.16187	1.283525	-1.579189
15	11	3.390787	3.162057	1.283316	-1.578956
14	11	3.403129	3.162361	1.283218	-1.579513
14	11	3.420524	3.162217	1.283126	-1.579445
14	11	3.426699	3.162143	1.283221	-1.579492
14	11	3.435284	3.162104	1.283183	-1.579469
14	11	3.446507	3.161907	1.283117	-1.579368
14	11	3.461494	3.161724	1.283278	-1.579488
14	11	3.468819	3.161855	1.283327	-1.579737
14	11	3.479991	3.161792	1.283311	-1.57973
14	11	3.496939	3.161806	1.283288	-1.579728
14	11	3.503895	3.161751	1.283259	-1.579716
13	11	3.513761	3.161977	1.283367	-1.579793
13	11	3.529381	3.162045	1.283337	-1.579758
13	11	3.536259	3.161974	1.283159	-1.579839
13	11	3.547218	3.162318	1.283277	-1.579944
13	11	3.562045	3.162337	1.283289	-1.579944
13	11	3.569432	3.162377	1.283257	-1.580043
13	11	3.580601	3.16229	1.283201	-1.580015
13	11	3.596556	3.162439	1.282977	-1.579918
13	11	3.603003	3.162489	1.283019	-1.579894
13	11	3.614111	3.162303	1.282887	-1.579808
13	11	3.634592	3.162286	1.28309	-1.580038
12	11	3.6409	3.162286	1.28309	-1.580038
12	11	3.64678	3.162417	1.283135	-1.580096
12	11	3.655919	3.162525	1.283027	-1.580034
12	11	3.671487	3.162377	1.283031	-1.579733
12	11	3.681174	3.162482	1.283063	-1.579762
12	11	3.691555	3.162408	1.28318	-1.579842
12	11	3.707641	3.162459	1.283218	-1.579854
12	11	3.714238	3.162405	1.283191	-1.579837
12	11	3.722712	3.162293	1.28341	-1.580024
12	11	3.735135	3.162147	1.283284	-1.580002
12	11	3.751799	3.162295	1.283391	-1.580071
11	11	3.758766	3.16238	1.28329	-1.580027
11	11	3.767294	3.162329	1.283496	-1.579801
11	11	3.778489	3.162076	1.283431	-1.579687
11	11	3.797859	3.162176	1.283365	-1.579627
11	11	3.804569	3.162107	1.283445	-1.579453
11	11	3.812084	3.161779	1.283354	-1.579303
11	11	3.829044	3.161861	1.283161	-1.579147
11	11	3.836296	3.16194	1.283028	-1.579374
11	11	3.845545	3.162252	1.283162	-1.579461
11	11	3.861977	3.162129	1.283303	-1.579584
11	11	3.870172	3.162183	1.283362	-1.579645
11	11	3.879053	3.162172	1.283382	-1.579648
10	11	3.893465	3.162281	1.283317	-1.57959
10	11	3.901454	3.162295	1.283326	-1.579583
10	11	3.912576	3.162016	1.283257	-1.579462
10	11	3.928416	3.162072	1.283154	-1.579437
10	11	3.934953	3.162084	1.282905	-1.579682
10	11	3.946117	3.162157	1.282934	-1.579705
10	11	3.961441	3.162102	1.283034	-1.579812
10	11	3.968613	3.162154	1.283249	-1.579751
10	11	3.979753	3.162098	1.283258	-1.579717
10	11	3.994716	3.162112	1.283209	-1.579717
9	11	4.002747	3.162135	1.28301	-1.579985
9	11	4.014236	3.162283	1.283087	-1.580052
9	11	4.030325	3.162328	1.28303	-1.580052
9	11	4.036469	3.162336	1.283231	-1.579824
9	11	4.047454	3.162434	1.283295	-1.579822
9	11	4.063149	3.162453	1.283307	-1.579816
9	11	4.069786	3.162506	1.283188	-1.579974
9	11	4.082511	3.162425	1.283184	-1.579946
9	11	4.099917	3.162325	1.28334	-1.580063
9	11	4.105577	3.162184	1.283232	-1.579921
9	11	4.11464	3.161932	1.283152	-1.579836
10	11	4.125742	3.161964	1.283044	-1.579822
10	11	4.140735	3.162005	1.283125	-1.579814
10	11	4.148035	3.162057	1.283188	-1.579808
10	11	4.159785	3.162129	1.283044	-1.579606
10	11	4.17458	3.162102	1.283036	-1.579522
10	11	4.182428	3.162251	1.283135	-1.579536
10	11	4.193774	3.162342	1.283095	-1.579574
10	11	4.20945	3.162433	1.283214	-1.579474
10	11	4.21779	3.162442	1.283222	-1.579443
10	11	4.229117	3.162345	1.283359	-1.579443
10	11	4.24539	3.16236	1.283211	-1.579599
11	11	4.267957	3.162346	1.283378	-1.579801
11	11	4.284177	3.162184	1.28324	-1.579879
11	11	4.290002	3.162337	1.283116	-1.579781
11	11	4.295764	3.162337	1.283116	-1.579781
11	11	4.302143	3.162308	1.283254	-1.57964
11	11	4.317411	3.162344	1.283301	-1.579646
11	11	4.325322	3.162161	1.283532	-1.579789
11	11	4.335338	3.16214	1.283482	-1.579859
11	11	4.356112	3.161943	1.283386	-1.57975
11	11	4.362667	3.161943	1.283386	-1.57975
12	11	4.369491	3.161922	1.283486	-1.579695
12	11	4.386159	3.161813	1.283483	-1.579662
12	11	4.393294	3.162031	1.28321	-1.57945
12	11	4.402431	3.162105	1.282995	-1.579769
12	11	4.413812	3.162325	1.283025	-1.579864
12	11	4.429288	3.162346	1.282985	-1.579875
12	11	4.436229	3.162238	1.283151	-1.579514
12	11	4.447793	3.162346	1.283184	-1.579517
12	11	4.462824	3.162144	1.283425	-1.579696
12	11	4.469906	3.162023	1.283177	-1.579791
12	11	4.480475	3.162047	1.283216	-1.579792
13	11	4.491967	3.162172	1.28303	-1.579701
13	11	4.507146	3.162184	1.282967	-1.57973
13	11	4.514408	3.162209	1.282986	-1.579735
13	11	4.525261	3.162095	1.28315	-1.579884
13	11	4.540138	3.161997	1.283228	-1.579652
13	11	4.547831	3.162175	1.283352	-1.579687
13	11	4.558748	3.162244	1.283225	-1.579618
13	11	4.575075	3.16246	1.283205	-1.57998
13	11	4.583161	3.162454	1.283231	-1.579968
13	11	4.593799	3.162479	1.28328	-1.580031
13	11	4.609559	3.162473	1.283378	-1.579901
13	10	4.615364	3.162305	1.283347	-1.57982
13	10	4.625787	3.162233	1.283467	-1.579936
13	10	4.637168	3.162055	1.28351	-1.579678
13	10	4.653003	3.161971	1.283535	-1.579626
13	10	4.660077	3.162019	1.283495	-1.579563
13	10	4.670973	3.162138	1.283398	-1.579862
13	10	4.685674	3.162246	1.283498	-1.579917
13	10	4.69382	3.162411	1.283376	-1.579866
13	10	4.707836	3.162421	1.283513	-1.579705
13	10	4.724727	3.162349	1.28351	-1.579644
13	10	4.73239	3.16229	1.283522	-1.579547
13	9	4.738419	3.162357	1.283247	-1.579877
13	9	4.749172	3.162279	1.283227	-1.57985
13	9	4.765347	3.162287	1.283205	-1.579852
13	9	4.775042	3.162365	1.283281	-1.57999
13	9	4.785357	3.162211	1.283242	-1.580019
13	9	4.800885	3.162207	1.283239	-1.580048
13	9	4.807868	3.162288	1.283371	-1.579853
13	9	4.816683	3.162468	1.283227	-1.579713
13	9	4.827451	3.16245	1.283194	-1.579715
13	9	4.844368	3.162366	1.283088	-1.579723
13	9	4.84996	3.162219	1.283263	-1.579817
13	8	4.860967	3.162252	1.28327	-1.579844
13	8	4.876787	3.16221	1.283383	-1.579722
13	8	4.883837	3.162346	1.283319	-1.579659
13	8	4.894776	3.162277	1.283298	-1.579549
13	8	4.912825	3.162272	1.28322	-1.579602
13	8	4.919465	3.162224	1.283288	-1.579625
13	8	4.930991	3.162282	1.283284	-1.579699
13	8	4.953947	3.162229	1.283241	-1.580024
13	8	4.960389	3.162119	1.283201	-1.57991
13	8	4.966169	3.162119	1.283201	-1.57991
12	8	4.99429	3.162232	1.283245	-1.57965
12	8	5.002519	3.162232	1.283245	-1.57965
12	8	5.019654	3.162199	1.283064	-1.579406
12	8	5.025628	3.162199	1.283064	-1.579406
12	8	5.031739	3.162356	1.283083	-1.57957
12	8	5.039257	3.16236	1.283134	-1.579531
12	8	5.05486	3.162277	1.283265	-1.579666
12	8	5.063415	3.162156	1.283253	-1.579604
12	8	5.073279	3.162016	1.283217	-1.579558
12	8	5.09165	3.162065	1.283103	-1.579481
12	8	5.100306	3.162021	1.283104	-1.579419
11	8	5.10661	3.16221	1.282895	-1.579748
11	8	5.1225	3.162016	1.283113	-1.579906
11	8	5.130024	3.162054	1.283131	-1.579991
11	8	5.139635	3.162034	1.283407	-1.579705
11	8	5.150959	3.162047	1.283436	-1.579715
11	8	5.167565	3.161963	1.283423	-1.579631
11	8	5.174587	3.162075	1.283325	-1.579853
11	8	5.184504	3.16213	1.283208	-1.579777
11	8	5.20096	3.162189	1.283244	-1.579825
11	8	5.207435	3.162219	1.283258	-1.57985
11	8	5.218241	3.162346	1.283123	-1.579808
10	8	5.233794	3.162464	1.283121	-1.579967
10	8	5.243466	3.162467	1.283143	-1.579908
10	8	5.253998	3.162405	1.283244	-1.579989
10	8	5.27409	3.162465	1.283345	-1.57996
10	8	5.279971	3.162465	1.283345	-1.57996
10	8	5.286337	3.162472	1.283403	-1.580028
10	8	5.296031	3.162353	1.283372	-1.579856
10	8	5.311694	3.162318	1.28343	-1.57976
10	8	5.322215	3.162349	1.283419	-1.579774
10	8	5.32948	3.162306	1.283432	-1.579717
10	8	5.345146	3.162242	1.283304	-1.579803
9	8	5.353105	3.162365	1.283133	-1.579685
9	8	5.363257	3.162302	1.283112	-1.579563
9	8	5.379116	3.162168	1.283089	-1.579437
9	8	5.386137	3.1622	1.283025	-1.579374
9	8	5.400091	3.162392	1.283066	-1.579624
9	8	5.419315	3.162153	1.282997	-1.579848
9	8	5.425547	3.162153	1.282997	-1.579848
9	8	5.431424	3.162048	1.282929	-1.579769
9	8	5.441583	3.162325	1.283111	-1.579793
9	8	5.457535	3.162228	1.283163	-1.579867
9	8	5.464367	3.162232	1.283174	-1.57987
8	8	5.475638	3.162207	1.283081	-1.579952
8	8	5.490468	3.162146	1.283145	-1.580002
8	8	5.497938	3.162181	1.283171	-1.580107
8	8	5.509617	3.162156	1.283331	-1.579932
8	8	5.526198	3.162116	1.283379	-1.579969
8	8	5.535412	3.162067	1.283372	-1.579935
8	8	5.543466	3.162054	1.283531	-1.57979
8	8	5.564313	3.162036	1.28349	-1.57993
8	8	5.573416	3.162036	1.28349	-1.57993
8	8	5.5801	3.162108	1.283524	-1.579965
7	8	5.59587	3.162241	1.283355	-1.579872
7	8	5.601322	3.162078	1.283219	-1.579711
7	8	5.611036	3.162156	1.283268	-1.579721
7	8	5.623434	3.162297	1.283101	-1.579599
7	8	5.641187	3.162487	1.283053	-1.579867
7	8	5.64743	3.162445	1.283011	-1.579854
7	8	5.65601	3.162442	1.283095	-1.579921
7	8	5.667107	3.16228	1.28316	-1.579604
7	8	5.684136	3.162331	1.283171	-1.579608
7	8	5.690265	3.162141	1.283386	-1.579795
7	8	5.700752	3.162086	1.283296	-1.579818
7	9	5.719363	3.161976	1.283263	-1.579791
7	9	5.727902	3.162068	1.283146	-1.579717
7	9	5.737104	3.162084	1.283044	-1.579854
7	9	5.755156	3.162282	1.282898	-1.579808
7	9	5.762838	3.162282	1.282898	-1.579808
7	9	5.769176	3.162321	1.283287	-1.579433
7	9	5.777806	3.162313	1.283309	-1.57935
7	9	5.792257	3.162316	1.283313	-1.57931
7	9	5.800111	3.162454	1.283205	-1.579593
7	9	5.811532	3.162385	1.283195	-1.579542
7	9	5.827012	3.162313	1.283295	-1.579631
7	9	5.83397	3.162419	1.283248	-1.579906
7	10	5.844873	3.1622	1.283158	-1.579839
7	10	5.861022	3.162137	1.283191	-1.579914
7	10	5.871707	3.162139	1.283153	-1.579997
7	10	5.880956	3.162256	1.283202	-1.580049
7	10	5.896571	3.162305	1.283143	-1.580047
7	10	5.902507	3.162356	1.283121	-1.580126
7	10	5.911804	3.162431	1.283147	-1.580172
7	10	5.923132	3.162373	1.283251	-1.580305
7	10	5.938286	3.162227	1.283314	-1.580015
7	10	5.948211	3.161959	1.283235	-1.57993
7	10	5.956548	3.16196	1.283222	-1.579926
7	11	5.972672	3.16202	1.283392	-1.579958
7	11	5.979996	3.162173	1.283509	-1.580021
7	11	5.990566	3.162355	1.283322	-1.579889
7	11	6.005923	3.162197	1.283182	-1.579708
7	11	6.012845	3.162059	1.283126	-1.579623
7	11	6.026426	3.162088	1.283119	-1.57956
7	11	6.045016	3.162369	1.283469	-1.5794
7	11	6.051826	3.162369	1.283469	-1.5794
7	11	6.057549	3.162341	1.283564	-1.579435
7	11	6.068258	3.162321	1.283429	-1.579481
7	12	6.088203	3.16227	1.283424	-1.579449
7	12	6.09432	3.162236	1.283471	-1.57948
7	12	6.101933	3.162265	1.28307	-1.579892
7	12	6.116775	3.162219	1.283041	-1.579906
7	12	6.12476	3.162211	1.283021	-1.579908
7	12	6.135779	3.162257	1.282978	-1.580055
7	12	6.152357	3.162239	1.282948	-1.58007
7	12	6.161058	3.162289	1.282845	-1.580048
7	12	6.169682	3.162333	1.283051	-1.579891
7	12	6.187713	3.162434	1.2831	-1.579934
7	12	6.196277	3.162346	1.283196	-1.580021
7	13	6.202943	3.162324	1.283329	-1.579869
7	13	6.218656	3.162062	1.283263	-1.579787
7	13	6.225531	3.16214	1.283105	-1.579684
7	13	6.236448	3.162092	1.282979	-1.579762
7	13	6.252768	3.162125	1.282977	-1.579772
7	13	6.259257	3.162133	1.282895	-1.579768
7	13	6.269889	3.162135	1.282768	-1.579871
7	13	6.286904	3.162319	1.282806	-1.579931
7	13	6.293012	3.162229	1.282944	-1.580057
7	13	6.303616	3.162208	1.283174	-1.579818
7	13	6.319088	3.162367	1.283287	-1.57984
7	14	6.326313	3.162249	1.283464	-1.58
7	14	6.339602	3.162158	1.28336	-1.579993
7	14	6.358727	3.162351	1.283352	-1.579993
7	14	6.370526	3.162246	1.283474	-1.579682
7	14	6.376603	3.162246	1.283474	-1.579682
7	14	6.393848	3.162181	1.283433	-1.57957
7	14	6.400754	3.162181	1.283433	-1.57957
7	14	6.406665	3.162204	1.283314	-1.579724
7	14	6.414225	3.162211	1.283324	-1.579705
7	14	6.431767	3.162123	1.283453	-1.579781
7	14	6.437958	3.162163	1.28329	-1.580022
7	15	6.447025	3.162155	1.2833	-1.580018
7	15	6.458539	3.162185	1.283299	-1.580033
7	15	6.475523	3.162173	1.283456	-1.579871
7	15	6.481873	3.162219	1.28349	-1.579885
7	15	6.494767	3.162333	1.283362	-1.579808
7	15	6.513491	3.162312	1.283185	-1.579973
7	15	6.519537	3.162312	1.283185	-1.579973
7	15	6.525826	3.162273	1.283239	-1.580064
7	15	6.536328	3.162209	1.28318	-1.580041
7	15	6.551292	3.162187	1.283183	-1.58004
7	15	6.559181	3.162158	1.283163	-1.580071
7	16	6.569765	3.162192	1.283425	-1.579886
7	16	6.584957	3.161959	1.28338	-1.579781
7	16	6.592634	3.162104	1.283175	-1.579622
7	16	6.604249	3.162153	1.283067	-1.579821
7	16	6.620933	3.162241	1.283107	-1.579838
7	16	6.628064	3.162172	1.28319	-1.579928
7	16	6.638109	3.162113	1.283184	-1.579864
7	16	6.656956	3.162204	1.283226	-1.579886
7	16	6.666314	3.162311	1.283085	-1.579795
7	16	6.672659	3.162332	1.283046	-1.579866
7	16	6.688859	3.162137	1.282978	-1.579783
7	17	6.695613	3.162178	1.28293	-1.579773
7	17	6.70383	3.162206	1.283015	-1.579682
7	17	6.715458	3.162181	1.283019	-1.579644
7	17	6.730433	3.162037	1.283189	-1.579801
7	17	6.73782	3.161952	1.283166	-1.579757
7	17	6.74854	3.162112	1.283215	-1.579824
7	17	6.763425	3.162088	1.283212	-1.579853
7	17	6.773434	3.16207	1.283261	-1.579805
7	17	6.782516	3.162162	1.283302	-1.579842
7	17	6.798874	3.162356	1.283106	-1.579715
7	17	6.808378	3.162316	1.283148	-1.579584
7	18	6.819314	3.162087	1.283348	-1.579714
7	18	6.835448	3.162126	1.283377	-1.579746
7	18	6.8427	3.162051	1.283201	-1.57988
7	18	6.851278	3.162221	1.282975	-1.579752
7	18	6.862557	3.162224	1.282974	-1.579741
7	18	6.87893	3.162273	1.283213	-1.57952
7	18	6.886667	3.162251	1.283232	-1.579507
7	18	6.896693	3.16229	1.283269	-1.579516
7	18	6.912218	3.162446	1.283282	-1.579607
7	18	6.918939	3.162427	1.283297	-1.579668
7	18	6.930135	3.162454	1.283331	-1.579628
7	19	6.945686	3.162199	1.283092	-1.579714
7	19	6.95291	3.162013	1.28334	-1.579915
7	19	6.966628	3.162016	1.283383	-1.580011
7	19	6.989693	3.162296	1.283442	-1.580074
7	19	6.998498	3.1623	1.283478	-1.580082
7	19	7.006065	3.162282	1.283568	-1.580021
7	19	7.021725	3.162335	1.283535	-1.579945
7	19	7.028346	3.162207	1.283511	-1.579763
7	19	7.034221	3.162207	1.283511	-1.579763
7	19	7.040419	3.162049	1.283272	-1.57991
7	19	7.056042	3.162187	1.283093	-1.579767
7	20	7.062255	3.162277	1.283134	-1.579898
7	20	7.072366	3.162256	1.283167	-1.579805
7	20	7.08369	3.162109	1.283114	-1.579772
7	20	7.098672	3.162023	1.283047	-1.579656
7	20	7.10645	3.16205	1.283006	-1.579681
7	20	7.119993	3.16204	1.283006	-1.579683
7	20	7.138826	3.162346	1.283122	-1.579913
7	20	7.145092	3.162346	1.283122	-1.579913
7	20	7.151114	3.162263	1.283258	-1.580018
7	20	7.161813	3.162192	1.283204	-1.57994
7	20	7.177024	3.162221	1.283147	-1.580057
8	20	7.186948	3.162321	1.28305	-1.579988
8	20	7.195845	3.162272	1.28302	-1.579909
8	20	7.215703	3.162342	1.283282	-1.579664
8	20	7.222117	3.162354	1.283287	-1.579638
8	20	7.22938	3.162355	1.283303	-1.579556
8	20	7.245441	3.162438	1.283165	-1.579745
8	20	7.252186	3.16228	1.283399	-1.579924
8	20	7.262876	3.162279	1.283415	-1.57993
8	20	7.281996	3.162173	1.28346	-1.57984
8	20	7.29076	3.162231	1.283365	-1.579777
8	20	7.297149	3.162175	1.283356	-1.579691
9	20	7.312119	3.16204	1.283155	-1.579767
9	20	7.318276	3.16197	1.283203	-1.579818
9	20	7.329443	3.161998	1.283206	-1.579887
9	20	7.340766	3.161856	1.283231	-1.57976
9	20	7.355581	3.161852	1.283187	-1.57972
9	20	7.363173	3.161843	1.283187	-1.579738
9	20	7.374129	3.161898	1.283364	-1.579624
9	20	7.389423	3.16206	1.283152	-1.579438
9	20	7.398953	3.162154	1.283153	-1.579554
9	20	7.4081	3.16226	1.283142	-1.579612
10	20	7.425952	3.162111	1.283273	-1.579723
10	20	7.435673	3.162253	1.283295	-1.579908
10	20	7.444005	3.162246	1.28308	-1.580152
10	20	7.460886	3.162423	1.282838	-1.580017
10	20	7.467121	3.16244	1.282801	-1.58003
10	20	7.474787	3.162288	1.282953	-1.579736
10	20	7.486552	3.16208	1.283192	-1.579924
10	20	7.501154	3.162093	1.283204	-1.579944
10	20	7.50914	3.162019	1.283158	-1.579936
10	20	7.520654	3.162172	1.282953	-1.579823
10	20	7.536532	3.162275	1.282972	-1.579926
10	20	7.543952	3.162199	1.283	-1.579835
11	20	7.554153	3.162047	1.283163	-1.579957
11	20	7.569852	3.162027	1.283078	-1.580054
11	20	7.578062	3.162178	1.283105	-1.580129
11	20	7.591422	3.162322	1.282916	-1.580002
11	20	7.612953	3.162156	1.282793	-1.580014
11	20	7.620104	3.162072	1.282845	-1.580127
11	20	7.625932	3.162072	1.282845	-1.580127
11	20	7.641238	3.162172	1.28285	-1.580321
11	20	7.64689	3.162086	1.283165	-1.579944
11	20	7.654341	3.162204	1.282979	-1.579826
11	20	7.665748	3.162136	1.282955	-1.579712
12	20	7.682628	3.16204	1.282904	-1.579659
12	20	7.689638	3.161888	1.283042	-1.579794
12	20	7.699214	3.162033	1.283053	-1.580057
12	20	7.715239	3.162127	1.283114	-1.58008
12	20	7.721733	3.162247	1.282963	-1.580003
12	20	7.732889	3.162126	1.282936	-1.579819
12	20	7.751976	3.162329	1.283032	-1.579872
12	20	7.761487	3.162286	1.2831	-1.579952
12	20	7.767138	3.162368	1.283159	-1.580052
12	20	7.787909	3.162139	1.283406	-1.579834
13	20	7.794094	3.162139	1.283406	-1.579834
13	20	7.800757	3.162166	1.283455	-1.579852
13	20	7.816029	3.162099	1.283355	-1.579921
13	20	7.823038	3.162085	1.283347	-1.579925
13	20	7.832437	3.161906	1.28332	-1.579656
13	20	7.843506	3.162093	1.283197	-1.579971
13	20	7.858412	3.162177	1.283102	-1.579927
13	20	7.865918	3.162161	1.283088	-1.579914
13	20	7.877037	3.162212	1.283129	-1.579906
13	20	7.892209	3.162115	1.283256	-1.580059
13	20	7.902441	3.162056	1.283089	-1.580161
14	20	7.913415	3.16227	1.283168	-1.580248
14	20	7.928617	3.162389	1.283034	-1.580209
14	20	7.935392	3.162488	1.283316	-1.580067
14	20	7.944223	3.162198	1.283204	-1.579954
14	20	7.954679	3.162207	1.283199	-1.579973
14	20	7.970161	3.162166	1.283209	-1.579917
14	20	7.978302	3.162107	1.283173	-1.579889
14	20	7.988497	3.162069	1.283213	-1.579913
14	20	8.005736	3.162072	1.283225	-1.579951
14	20	8.014541	3.161886	1.283158	-1.579881
14	20	8.022216	3.161911	1.28308	-1.579841
15	20	8.038281	3.16192	1.283174	-1.579795
15	20	8.045333	3.162064	1.283257	-1.579834
15	20	8.058393	3.162137	1.283202	-1.579805
15	20	8.0773	3.162338	1.283113	-1.58006
15	20	8.087487	3.162356	1.283166	-1.580141
15	20	8.094816	3.162356	1.283166	-1.580141
15	20	8.114302	3.162118	1.283008	-1.580107
15	20	8.121497	3.162324	1.282722	-1.579936
15	20	8.128292	3.162324	1.282722	-1.579936
15	20	8.144479	3.162601	1.282856	-1.579985
15	20	8.150017	3.162601	1.282856	-1.579985
15	20	8.157004	3.162541	1.282931	-1.580059
16	20	8.16713	3.162629	1.283034	-1.580045
16	20	8.183367	3.162363	1.282941	-1.579925
16	20	8.190143	3.162225	1.283041	-1.580021
16	20	8.201152	3.162188	1.282975	-1.580068
16	20	8.22049	3.16231	1.283033	-1.580099
16	20	8.231586	3.162266	1.283094	-1.580141
16	20	8.237872	3.162107	1.283283	-1.579705
16	20	8.255437	3.161869	1.283198	-1.579592
16	20	8.261821	3.161869	1.283198	-1.579592
16	20	8.268312	3.161941	1.283072	-1.57988
16	20	8.278917	3.162183	1.28318	-1.579943
17	20	8.294935	3.16226	1.283074	-1.579881
17	20	8.301826	3.162187	1.283045	-1.579792
17	20	8.312462	3.162354	1.283132	-1.579815
17	20	8.327606	3.162436	1.28306	-1.579768
17	20	8.338237	3.162515	1.283053	-1.579823
17	20	8.3464	3.162401	1.283012	-1.579767
17	20	8.361837	3.162377	1.283068	-1.579838
17	20	8.371549	3.162263	1.283105	-1.579566
17	20	8.381595	3.162352	1.283133	-1.579563
17	20	8.397574	3.16226	1.283254	-1.579648
18	20	8.404291	3.162328	1.283124	-1.579886
18	20	8.412849	3.16221	1.283108	-1.579843
18	20	8.424254	3.162171	1.283126	-1.579898
18	20	8.442371	3.162067	1.283081	-1.579853
18	20	8.449352	3.162116	1.283136	-1.579876
18	20	8.458093	3.162081	1.283163	-1.57993
18	20	8.474796	3.162056	1.283233	-1.579909
18	20	8.481558	3.162104	1.283268	-1.579916
18	20	8.491001	3.162167	1.283226	-1.579898
18	20	8.502535	3.162277	1.283339	-1.579996
18	20	8.519142	3.162212	1.283339	-1.579961
19	20	8.529755	3.162381	1.283201	-1.57985
19	20	8.538656	3.162277	1.283212	-1.579681
19	20	8.556131	3.162274	1.283198	-1.579649
19	20	8.563033	3.162288	1.283194	-1.579682
19	20	8.570077	3.162399	1.283248	-1.579794
19	20	8.580855	3.162149	1.283159	-1.579681
19	20	8.596934	3.162151	1.28311	-1.579659
19	20	8.603293	3.16208	1.282866	-1.579778
19	20	8.614084	3.162097	1.282856	-1.579784
19	20	8.630808	3.161999	1.282957	-1.579919
19	20	8.639814	3.16195	1.282934	-1.579858
20	20	8.648371	3.162133	1.282986	-1.579922
20	20	8.664971	3.162081	1.283019	-1.579996
20	20	8.671692	3.162205	1.283007	-1.580217
20	20	8.685509	3.162424	1.282966	-1.580236
20	20	8.704896	3.16221	1.283086	-1.579814
20	20	8.711627	3.16221	1.283086	-1.579814
20	20	8.718143	3.162194	1.283097	-1.579824
20	20	8.72777	3.162436	1.282971	-1.579849
20	20	8.743426	3.162252	1.282844	-1.579786
20	20	8.749879	3.162086	1.283035	-1.579926
20	20	8.761093	3.162082	1.283034	-1.579914
21	20	8.7763	3.162081	1.283016	-1.579944
21	20	8.7833	3.161982	1.283163	-1.580055
21	20	8.794737	3.161952	1.283144	-1.58004
21	20	8.810421	3.162178	1.283399	-1.579955
21	20	8.817169	3.162356	1.283195	-1.579793
21	20	8.828388	3.162358	1.283182	-1.579741
21	20	8.847295	3.162456	1.283202	-1.579771
21	20	8.859926	3.162443	1.283144	-1.579537
21	20	8.867423	3.162443	1.283144	-1.579537
21	20	8.885976	3.162381	1.282875	-1.579683
22	20	8.893019	3.162287	1.282992	-1.579779
22	20	8.90031	3.162287	1.282992	-1.579779
22	20	8.906894	3.162234	1.283033	-1.57962
22	20	8.931871	3.162156	1.283296	-1.579782
22	20	8.940656	3.162232	1.283267	-1.579963
22	20	8.956564	3.162056	1.283176	-1.579878
22	20	8.963236	3.162171	1.28295	-1.579672
22	20	8.969119	3.162171	1.28295	-1.579672
22	20	8.974681	3.162309	1.283065	-1.579631
22	20	8.990056	3.162332	1.283065	-1.579613
22	20	8.999567	3.16205	1.283347	-1.579797
22	20	9.007623	3.162073	1.283185	-1.58003
22	19	9.023183	3.16238	1.283031	-1.579962
22	19	9.029757	3.162392	1.28303	-1.579989
22	19	9.039856	3.162521	1.283044	-1.58013
22	19	9.050999	3.162494	1.282994	-1.580093
22	19	9.078564	3.162442	1.282997	-1.579916
22	19	9.085776	3.162476	1.282984	-1.579916
22	19	9.102423	3.162378	1.283216	-1.580121
22	19	9.109245	3.162286	1.283289	-1.57999
22	19	9.114983	3.162286	1.283289	-1.57999
22	19	9.12057	3.162396	1.28312	-1.579898
22	18	9.136297	3.162484	1.283168	-1.580023
22	18	9.142925	3.162555	1.283021	-1.580216
22	18	9.153186	3.162735	1.282874	-1.580129
22	18	9.164065	3.162655	1.282805	-1.57997
22	18	9.181837	3.162364	1.282891	-1.579639
22	18	9.187928	3.162364	1.282891	-1.579639
22	18	9.195157	3.162349	1.282871	-1.579589
22	18	9.206586	3.162479	1.282844	-1.57965
22	18	9.222348	3.162524	1.282735	-1.579587
22	18	9.228703	3.162648	1.28276	-1.579734
22	18	9.239295	3.162675	1.282777	-1.579656
22	18	9.251018	3.162354	1.282612	-1.579534
22	17	9.265616	3.162415	1.282626	-1.579594
22	17	9.273299	3.162532	1.282871	-1.579378
22	17	9.284434	3.162308	1.283161	-1.579578
22	17	9.29957	3.16241	1.283243	-1.57975
22	17	9.309369	3.162386	1.283218	-1.579784
22	17	9.320281	3.162417	1.283221	-1.579772
22	17	9.336538	3.162442	1.283268	-1.579798
22	17	9.342969	3.162458	1.282969	-1.580136
22	17	9.351376	3.162693	1.282674	-1.579973
22	17	9.36254	3.162688	1.282663	-1.579925
22	17	9.376883	3.162525	1.282681	-1.579714
22	16	9.385001	3.162309	1.282956	-1.579904
22	16	9.396253	3.162231	1.282926	-1.579853
22	16	9.41188	3.162496	1.282964	-1.580043
22	16	9.418799	3.162542	1.282908	-1.580022
22	16	9.430079	3.162507	1.282866	-1.579982
22	16	9.446604	3.162436	1.282765	-1.580027
22	16	9.452668	3.162554	1.282596	-1.579941
22	16	9.468064	3.162636	1.28258	-1.580056
22	16	9.492203	3.162452	1.282969	-1.579833
22	16	9.498892	3.162372	1.282953	-1.579737
22	15	9.504845	3.162372	1.282953	-1.579737
22	15	9.521382	3.16238	1.282809	-1.579735
22	15	9.528829	3.162481	1.282844	-1.579853
22	15	9.534614	3.162481	1.282844	-1.579853
22	15	9.54128	3.162333	1.282885	-1.579684
22	15	9.556198	3.162435	1.282761	-1.579605
22	15	9.563754	3.162388	1.282744	-1.579503
22	15	9.574513	3.162299	1.282677	-1.579459
22	15	9.590178	3.16216	1.282796	-1.579542
22	15	9.597672	3.162123	1.282789	-1.579525
22	15	9.608248	3.162345	1.282822	-1.579648
22	14	9.627555	3.162229	1.282945	-1.579757
22	14	9.636103	3.162214	1.282924	-1.579746
22	14	9.642865	3.162207	1.282992	-1.5797
22	14	9.657722	3.162297	1.282851	-1.579602
22	14	9.667199	3.162317	1.282825	-1.579592
22	14	9.675288	3.162422	1.282773	-1.579722
22	14	9.686692	3.162303	1.282916	-1.579849
22	14	9.702487	3.162463	1.282949	-1.580095
22	14	9.709376	3.162592	1.282942	-1.580224
22	14	9.720008	3.162626	1.282874	-1.580244
22	14	9.735218	3.162599	1.282873	-1.580186
22	14	9.742404	3.1625	1.282935	-1.58009
22	13	9.753586	3.162671	1.282691	-1.579952
22	13	9.769661	3.162686	1.282674	-1.579931
22	13	9.779908	3.162606	1.282611	-1.579915
22	13	9.789488	3.162529	1.282692	-1.580044
22	13	9.805341	3.162611	1.282702	-1.580159
22	13	9.812046	3.162454	1.282863	-1.579891
22	13	9.820499	3.16236	1.282959	-1.579981
22	13	9.831951	3.162416	1.282991	-1.580069
22	13	9.847004	3.162095	1.282949	-1.579901
22	13	9.854387	3.162215	1.282774	-1.579782
22	13	9.864929	3.162256	1.282777	-1.579872
22	12	9.879162	3.162234	1.282815	-1.579835
22	12	9.895614	3.16221	1.282851	-1.579884
22	12	9.902469	3.162108	1.282825	-1.579789
22	12	9.909808	3.162219	1.282914	-1.579811
22	12	9.921301	3.162201	1.282974	-1.579847
22	12	9.939408	3.162274	1.283137	-1.579852
22	12	9.948565	3.162272	1.283152	-1.579834
22	12	9.95522	3.162361	1.283069	-1.579785
22	12	9.970303	3.162327	1.282974	-1.579838
22	12	9.977011	3.162337	1.283002	-1.579829
22	12	9.988174	3.162413	1.282941	-1.579762
22	11	9.998864	3.162433	1.282948	-1.579769
22	11	10.01413	3.162524	1.282974	-1.579777
22	11	10.02164	3.16261	1.282932	-1.579754
22	11	10.03285	3.162725	1.282783	-1.580064
22	11	10.04819	3.162598	1.282714	-1.580022
22	11	10.05499	3.162643	1.282661	-1.580065
22	11	10.06602	3.162674	1.282786	-1.579946
22	11	10.08536	3.162646	1.282747	-1.57995
22	11	10.09457	3.162581	1.282812	-1.580073
22	11	10.10276	3.16254	1.283012	-1.579825
22	10	10.11903	3.162402	1.282985	-1.579775
22	10	10.12571	3.162486	1.282904	-1.579731
22	10	10.13325	3.162534	1.283005	-1.579694
22	10	10.14451	3.162253	1.282902	-1.579592
22	10	10.15946	3.16229	1.282861	-1.57953
22	10	10.16682	3.162282	1.28279	-1.579575
22	10	10.17805	3.162467	1.282854	-1.579621
22	10	10.19368	3.162488	1.282828	-1.579595
22	10	10.20099	3.162482	1.282724	-1.57965
22	10	10.21126	3.162461	1.282713	-1.57963
22	10	10.22726	3.162457	1.282709	-1.579662
22	10	10.2355	3.162485	1.282617	-1.579769
22	9	10.24778	3.162358	1.282555	-1.57973
22	9	10.26682	3.16194	1.282982	-1.580012
22	9	10.2774	3.162072	1.283073	-1.580123
22	9	10.28295	3.162072	1.283073	-1.580123
22	9	10.29944	3.161742	1.283212	-1.580067
22	9	10.30508	3.161742	1.283212	-1.580067
22	9	10.3136	3.161844	1.283315	-1.580169
22	9	10.32441	3.161985	1.283154	-1.580083
22	9	10.3416	3.161806	1.283026	-1.580066
22	9	10.3485	3.161899	1.283065	-1.580114
22	9	10.35662	3.161962	1.282939	-1.580048
22	8	10.36769	3.161916	1.282989	-1.580002
22	8	10.38351	3.162198	1.28311	-1.580112
22	8	10.39122	3.162227	1.283107	-1.580127
22	8	10.4042	3.162248	1.283109	-1.580184
22	8	10.42271	3.162249	1.283165	-1.580277
22	8	10.42848	3.162249	1.283165	-1.580277
22	8	10.43564	3.162066	1.28334	-1.579795
22	8	10.44625	3.162294	1.283476	-1.579853
22	8	10.46238	3.162503	1.283249	-1.579679
22	8	10.46853	3.162558	1.283235	-1.579715
22	8	10.47955	3.162585	1.283286	-1.579692
21	8	10.49431	3.16244	1.283522	-1.579847
21	8	10.50188	3.162484	1.283409	-1.580067
21	8	10.51282	3.162388	1.283383	-1.58005
21	8	10.52766	3.162437	1.283351	-1.580031
21	8	10.53556	3.162311	1.283096	-1.580045
21	8	10.54661	3.162257	1.283053	-1.580057
21	8	10.56577	3.162306	1.282993	-1.580056
21	8	10.57396	3.162227	1.283	-1.579926
21	8	10.58038	3.162356	1.283054	-1.579969
21	8	10.59615	3.162313	1.283064	-1.580015
20	8	10.60253	3.162228	1.28327	-1.5797
20	8	10.61313	3.162282	1.283301	-1.579699
20	8	10.62432	3.162303	1.283285	-1.579673
20	8	10.64521	3.162234	1.283092	-1.5797
20	8	10.65335	3.162234	1.283092	-1.5797
20	8	10.66001	3.162227	1.283061	-1.579708
20	8	10.67559	3.162396	1.283071	-1.579965
20	8	10.685	3.162128	1.282947	-1.579888
20	8	10.6926	3.162096	1.282914	-1.579905
20	8	10.70411	3.161977	1.283024	-1.579625
20	8	10.72214	3.161899	1.282995	-1.579585
19	8	10.73136	3.161821	1.283031	-1.579636
19	8	10.73768	3.161896	1.282986	-1.579867
19	8	10.75704	3.162108	1.283092	-1.579941
19	8	10.76353	3.1621	1.283096	-1.579987
19	8	10.77078	3.162137	1.283118	-1.580049
19	8	10.78607	3.162326	1.283195	-1.580135
19	8	10.79307	3.16233	1.283208	-1.580191
19	8	10.80418	3.162339	1.283237	-1.580172
19	8	10.82003	3.162382	1.283259	-1.580221
19	8	10.82695	3.162509	1.283149	-1.580154
19	8	10.83774	3.162418	1.283106	-1.580015
18	8	10.85326	3.162456	1.283133	-1.580024
18	8	10.86054	3.162579	1.283005	-1.579968
18	8	10.87435	3.162606	1.28304	-1.579938
18	8	10.89369	3.162377	1.283219	-1.580071
18	8	10.90448	3.1624	1.283326	-1.580076
18	8	10.91073	3.1624	1.283326	-1.580076
18	8	10.92664	3.162486	1.283285	-1.580054
18	8	10.93378	3.162486	1.283285	-1.580054
18	8	10.93961	3.162536	1.283128	-1.580221
18	8	10.9485	3.162566	1.283163	-1.580242
18	8	10.96392	3.16259	1.283121	-1.580277
17	8	10.97107	3.162534	1.283295	-1.579973
17	8	10.982	3.162467	1.283286	-1.579934
17	8	10.99716	3.162527	1.283213	-1.579886
17	8	11.00492	3.162535	1.283285	-1.5798
17	8	11.01582	3.162074	1.283286	-1.579778
17	8	11.03457	3.162056	1.283332	-1.57977
17	8	11.0446	3.16204	1.283395	-1.579714
17	8	11.05114	3.16202	1.283064	-1.579454
17	8	11.06664	3.161958	1.283025	-1.579376
17	8	11.0725	3.161943	1.283017	-1.579372
17	8	11.08236	3.162241	1.28318	-1.579507
16	8	11.09373	3.162242	1.283177	-1.579474
16	8	11.11036	3.162299	1.283091	-1.579623
16	8	11.11703	3.162511	1.2832	-1.579689
16	8	11.12732	3.162503	1.283185	-1.579705
16	8	11.1423	3.16247	1.282837	-1.579946
16	8	11.1497	3.162639	1.282864	-1.580038
16	8	11.16061	3.162659	1.282864	-1.580104
16	8	11.18386	3.162674	1.282829	-1.58025
16	8	11.19411	3.16238	1.283023	-1.580314
16	9	11.21349	3.162348	1.283204	-1.580141
16	9	11.21944	3.16229	1.283304	-1.580255
16	9	11.22477	3.16229	1.283304	-1.580255
16	9	11.23173	3.162179	1.283283	-1.580186
16	9	11.24834	3.162186	1.283062	-1.580017
16	9	11.25445	3.162186	1.283062	-1.580017
16	9	11.26136	3.162183	1.283064	-1.580029
16	9	11.27243	3.162177	1.283366	-1.579747
16	9	11.28746	3.162317	1.283221	-1.579618
16	9	11.29512	3.162399	1.283241	-1.579721
16	9	11.30586	3.162138	1.283081	-1.579689
16	9	11.32137	3.162178	1.283014	-1.57964
16	9	11.3285	3.162078	1.282968	-1.579499
16	10	11.33986	3.162174	1.282832	-1.579707
16	10	11.35744	3.162125	1.282853	-1.579757
16	10	11.36708	3.162202	1.282833	-1.57988
16	10	11.37547	3.162274	1.283057	-1.579712
16	10	11.39128	3.162224	1.283167	-1.579777
16	10	11.39736	3.162196	1.28312	-1.579782
16	10	11.40626	3.162348	1.283172	-1.579852
16	10	11.41765	3.162213	1.283341	-1.580015
16	10	11.43366	3.162162	1.283388	-1.579967
16	10	11.4405	3.16206	1.283225	-1.580123
16	10	11.45127	3.162102	1.28316	-1.580102
16	11	11.4661	3.162131	1.283187	-1.58021
16	11	11.47366	3.161945	1.283339	-1.579974
