x	y	time	x-coordinate	y-coordinate	z-coordinate
15	11	0.3533334	-0.04701805	0.06259537	-0.03045177
15	11	0.3899336	-0.04702973	0.06242514	-0.03073812
15	11	0.4117939	-0.04614377	0.0625633	-0.03040123
15	11	0.4227284	-0.04611731	0.06244755	-0.03060818
15	11	0.4328665	-0.04692125	0.06190348	-0.03106451
15	11	0.4456086	-0.04582596	0.06250894	-0.03045464
15	11	0.4583546	-0.0457921	0.06243825	-0.03059292
15	11	0.4689572	-0.04549003	0.06241286	-0.03031802
15	11	0.4811914	-0.0453558	0.06225133	-0.03057384
15	11	0.4980891	-0.04550314	0.06198275	-0.03066158
15	11	0.5119499	-0.04500151	0.06203747	-0.03048182
15	11	0.5300216	-0.04521132	0.06135964	-0.03041935
15	11	0.5422159	-0.04521132	0.06135964	-0.03041935
15	11	0.5525591	-0.04422998	0.0614109	-0.02980757
15	11	0.5730265	-0.04425001	0.06101358	-0.0295074
15	11	0.5948269	-0.04527378	0.06022549	-0.02992916
15	11	0.6176644	-0.04487467	0.06086421	-0.02944183
15	11	0.6400008	-0.04498768	0.06139874	-0.02907562
15	11	0.6625878	-0.04496384	0.06174731	-0.02867293
15	11	0.6909487	-0.04513025	0.06227767	-0.02888775
15	11	0.7073736	-0.04456902	0.06270194	-0.02815247
15	11	0.7292779	-0.04569602	0.06247723	-0.02895212
15	11	0.7522668	-0.04515958	0.06314456	-0.02882671
15	11	0.7745723	-0.04399824	0.06396008	-0.02821112
15	11	0.7967293	-0.04436374	0.0637995	-0.02839136
15	11	0.8209556	-0.04406047	0.06418359	-0.0283308
15	11	0.8477057	-0.04496384	0.06363511	-0.02898693
15	11	0.8636383	-0.04552746	0.06288731	-0.02930164
15	11	0.8862793	-0.04540658	0.06250715	-0.02915668
15	11	0.9076884	-0.04581404	0.06122959	-0.02957296
15	11	0.9297143	-0.04663205	0.05974925	-0.03026199
15	11	0.9531484	-0.04692316	0.05917978	-0.03044391
15	11	0.9751735	-0.04697084	0.05910516	-0.03019261
15	11	1.007976	-0.04732537	0.05932689	-0.03032207
15	11	1.020722	-0.0481348	0.05922365	-0.03080726
15	11	1.032807	-0.04833698	0.0594964	-0.03085685
15	11	1.04567	-0.04915309	0.05961144	-0.03130221
15	11	1.058875	-0.04951191	0.05960166	-0.0316186
15	11	1.071375	-0.05016327	0.05930972	-0.03204942
15	11	1.084401	-0.05158758	0.05860758	-0.03302884
15	11	1.097658	-0.05239487	0.05809402	-0.03373623
15	11	1.108444	-0.05180931	0.05833733	-0.03356504
15	11	1.120293	-0.05225205	0.05810881	-0.03390408
15	11	1.133554	-0.05226851	0.05798852	-0.03372955
15	11	1.153205	-0.05168581	0.05779612	-0.03372884
15	11	1.167362	-0.05205536	0.05747783	-0.03402424
15	11	1.178134	-0.05163431	0.05782545	-0.03365612
15	11	1.192067	-0.05201435	0.05746722	-0.03391314
15	11	1.203516	-0.05200744	0.05739987	-0.03393269
15	11	1.214797	-0.05177546	0.05738568	-0.03387856
15	11	1.228652	-0.05268097	0.05692196	-0.0342617
15	11	1.2388	-0.05192089	0.05754101	-0.03364587
15	11	1.249136	-0.05192089	0.05754101	-0.03364587
15	11	1.262403	-0.05273294	0.05708718	-0.03431416
15	11	1.272992	-0.05177641	0.05772805	-0.03370643
15	11	1.284658	-0.05195189	0.05746078	-0.03401756
15	11	1.304159	-0.05173326	0.05723238	-0.03407335
15	11	1.319636	-0.05174446	0.05754507	-0.03395414
15	11	1.332269	-0.05104709	0.05804038	-0.0334022
15	11	1.34075	-0.05046844	0.05873549	-0.0329473
15	11	1.352347	-0.05059719	0.05860507	-0.03314877
15	11	1.363789	-0.05053759	0.05863225	-0.03318214
15	11	1.373806	-0.04839468	0.05980873	-0.03199387
15	11	1.387412	-0.04859114	0.05966449	-0.03214931
15	11	1.399084	-0.04903412	0.05931616	-0.03229618
15	11	1.410203	-0.04781771	0.06023753	-0.03140783
15	11	1.422262	-0.04801369	0.06015515	-0.03149176
15	11	1.433756	-0.04819679	0.0600214	-0.0314641
15	11	1.443853	-0.04555058	0.06173933	-0.02973557
15	11	1.465191	-0.0467782	0.06106365	-0.0305922
15	11	1.475207	-0.04378343	0.06297493	-0.02858901
15	11	1.489504	-0.04376125	0.06288624	-0.02859592
15	11	1.500747	-0.04186726	0.06354892	-0.02745104
15	11	1.509988	-0.04148364	0.06415796	-0.02692842
15	11	1.521808	-0.04157591	0.06414354	-0.02694559
15	11	1.531911	-0.04243279	0.06364024	-0.02716422
15	11	1.54105	-0.04243279	0.06364024	-0.02716422
15	11	1.553152	-0.03997803	0.06503034	-0.02563286
15	11	1.564129	-0.03839493	0.06606019	-0.0245533
15	11	1.573573	-0.03839493	0.06606019	-0.0245533
15	11	1.584565	-0.0376792	0.0663476	-0.0241909
15	11	1.597915	-0.03664446	0.06693506	-0.02324033
15	11	1.614961	-0.03601503	0.06720519	-0.02299976
15	11	1.626264	-0.03594112	0.06723762	-0.02301407
15	11	1.636582	-0.03418803	0.06844831	-0.0218792
15	11	1.647626	-0.03332496	0.06910932	-0.02140284
15	11	1.6611	-0.03331113	0.06930494	-0.02142811
15	11	1.670292	-0.03173161	0.07017159	-0.02037954
15	11	1.680961	-0.0313015	0.07053387	-0.02017832
15	11	1.692328	-0.03123426	0.07073998	-0.02015018
15	11	1.702751	-0.03064775	0.07158637	-0.01951027
15	11	1.712202	-0.03061008	0.07185817	-0.01947474
15	11	1.724253	-0.03054333	0.07223177	-0.01944494
15	11	1.735261	-0.0305171	0.07255232	-0.01923656
15	11	1.746376	-0.02950096	0.07359433	-0.01855993
15	11	1.761248	-0.02933502	0.07400334	-0.01850796
15	11	1.783031	-0.02819014	0.07496643	-0.01780462
15	11	1.796538	-0.02798486	0.07526076	-0.01774693
15	11	1.80935	-0.0285778	0.07480955	-0.0182786
15	11	1.823979	-0.02793503	0.07517123	-0.01813078
15	11	1.834767	-0.02926636	0.07403934	-0.01920843
15	11	1.843737	-0.02833128	0.07470798	-0.01861691
15	11	1.858577	-0.02815104	0.07483327	-0.01855898
15	11	1.870788	-0.0301497	0.07387018	-0.0197072
15	11	1.881205	-0.02915215	0.07423484	-0.01922417
15	11	1.89352	-0.02894568	0.07435405	-0.01917315
15	11	1.904525	-0.02990985	0.07409906	-0.01967669
15	11	1.917001	-0.02984905	0.07398772	-0.01957512
15	11	1.936216	-0.03143597	0.07329917	-0.02030945
15	11	1.95191	-0.03065801	0.07341325	-0.01989627
15	11	1.963947	-0.03062749	0.07331181	-0.01981163
15	11	1.97431	-0.03165746	0.07291973	-0.02033639
15	11	1.985866	-0.0316062	0.07286096	-0.02017546
15	11	1.997072	-0.03151798	0.07280731	-0.0201726
15	11	2.006451	-0.03184414	0.07307327	-0.02034259
15	11	2.017148	-0.03185058	0.07299423	-0.02032781
15	11	2.030182	-0.03192353	0.07286644	-0.02032638
15	11	2.039538	-0.03258634	0.07244444	-0.02056217
15	11	2.050034	-0.03255606	0.07231438	-0.02056265
15	11	2.072878	-0.03253746	0.07223392	-0.02057862
15	11	2.095924	-0.032686	0.07205629	-0.02058554
15	11	2.106444	-0.03386593	0.07158303	-0.0212152
15	11	2.117432	-0.03386593	0.07158303	-0.0212152
15	11	2.129833	-0.03396082	0.07161283	-0.02129841
15	11	2.148336	-0.03506756	0.07118022	-0.0218482
15	11	2.17008	-0.03607297	0.07071447	-0.02234459
15	11	2.193373	-0.03634334	0.07061684	-0.02247524
15	11	2.215287	-0.03671336	0.07054424	-0.02257299
15	11	2.237745	-0.03703022	0.07078815	-0.02254224
15	11	2.266693	-0.03742504	0.07071328	-0.02270937
15	11	2.282371	-0.03841996	0.07028222	-0.02341652
15	11	2.304183	-0.03978324	0.06992936	-0.0241456
15	11	2.326792	-0.03998995	0.07002926	-0.024158
15	11	2.349491	-0.04016781	0.06976867	-0.02439594
15	11	2.37151	-0.03974938	0.06971157	-0.02389622
15	11	2.393819	-0.03988695	0.06929433	-0.0240171
15	11	2.425944	-0.03988171	0.06918144	-0.02386427
15	11	2.438778	-0.03975439	0.06924295	-0.0237298
15	11	2.460639	-0.04037237	0.06876493	-0.02411222
15	11	2.483607	-0.0388217	0.06967115	-0.02295399
15	11	2.505052	-0.03697014	0.07079053	-0.0216825
15	11	2.527397	-0.03725719	0.07053804	-0.0220046
15	11	2.550539	-0.03541946	0.07103479	-0.02092648
15	11	2.57749	-0.03352404	0.07170916	-0.01965046
15	11	2.591732	-0.03348684	0.07164001	-0.01967311
15	11	2.603276	-0.03213096	0.07234991	-0.01886129
15	11	2.614469	-0.03218484	0.07234013	-0.01883888
15	11	2.627379	-0.03229475	0.07227886	-0.01898623
15	11	2.637941	-0.03044176	0.07345593	-0.01744223
15	11	2.648242	-0.03036189	0.07338572	-0.01746154
15	11	2.661192	-0.030128	0.07327878	-0.01716757
15	11	2.673576	-0.02911806	0.07385135	-0.01659918
15	11	2.685369	-0.029109	0.07363701	-0.01664019
15	11	2.697814	-0.02885509	0.07348478	-0.01635647
15	11	2.709163	-0.02773142	0.0740186	-0.01579857
15	11	2.729748	-0.027987	0.07352316	-0.01614189
15	11	2.740364	-0.02615309	0.0746156	-0.01502419
15	11	2.753062	-0.02607059	0.07455277	-0.01504993
15	11	2.76592	-0.02643967	0.07406926	-0.01519394
15	11	2.776242	-0.02490306	0.0751214	-0.01401234
15	11	2.789045	-0.02494049	0.07510281	-0.01401234
15	11	2.801442	-0.02558303	0.07472563	-0.0143857
15	11	2.811625	-0.02437258	0.07563555	-0.01356077
15	11	2.823805	-0.0243485	0.07586181	-0.01356769
15	11	2.835586	-0.02468228	0.07583845	-0.0138135
15	11	2.847723	-0.02332306	0.0767467	-0.01292968
15	11	2.860087	-0.02417326	0.07640743	-0.01350021
15	11	2.879463	-0.02257109	0.07729435	-0.01260853
15	11	2.893209	-0.02250671	0.07744575	-0.01262474
15	11	2.903273	-0.02278948	0.07723153	-0.0128355
15	11	2.913224	-0.02188087	0.07777572	-0.01236343
15	11	2.926309	-0.02177811	0.07780921	-0.01240039
15	11	2.936544	-0.02213264	0.0774771	-0.01254988
15	11	2.946643	-0.02050185	0.07839978	-0.0115819
15	11	2.960691	-0.02090979	0.07778215	-0.01169467
15	11	2.971295	-0.02090979	0.07778215	-0.01169467
15	11	2.981932	-0.01902747	0.07876801	-0.01058745
15	11	2.994024	-0.01927972	0.07850969	-0.01086569
15	11	3.004875	-0.01863098	0.07905614	-0.01036215
15	11	3.015762	-0.01863098	0.07905614	-0.01036215
15	11	3.03508	-0.01850128	0.0789063	-0.01028991
15	11	3.044862	-0.01850128	0.0789063	-0.01028991
15	11	3.061222	-0.01674151	0.07969451	-0.009294033
15	11	3.074726	-0.01660061	0.07938874	-0.009393454
15	11	3.097266	-0.0167954	0.07893968	-0.009747028
15	11	3.120187	-0.01500893	0.08014822	-0.008597374
15	11	3.14171	-0.01462126	0.0808804	-0.008434772
15	11	3.164064	-0.01385665	0.08173907	-0.007865429
15	11	3.1881	-0.01257253	0.08263087	-0.007265806
15	11	3.217893	-0.0125742	0.08242822	-0.007214546
15	11	3.232069	-0.01204181	0.08265126	-0.007343292
15	11	3.254616	-0.01059675	0.08322704	-0.006745815
15	11	3.275719	-0.01070428	0.0831213	-0.007144213
15	11	3.298238	-0.0100975	0.08301997	-0.007144928
15	11	3.321592	-0.007463932	0.08347976	-0.006490707
15	11	3.343129	-0.006267548	0.08203328	-0.007274628
15	11	3.370449	-0.002202034	0.08163917	-0.007358551
15	11	3.388182	0.005473137	0.08205354	-0.006903172
15	11	3.409739	0.01661015	0.08172691	-0.006307602
15	11	3.432436	0.03226399	0.07981193	-0.006026745
15	11	3.455862	0.05207539	0.08034098	-0.001930714
15	11	3.476776	0.06808066	0.08150578	0.003183126
15	11	3.500117	0.08246231	0.0832392	0.008925915
15	11	3.529019	0.1026218	0.08972883	0.02084351
15	11	3.539128	0.1026218	0.08972883	0.02084351
15	11	3.549424	0.107614	0.09046888	0.02365947
16	11	3.562534	0.1127224	0.08908796	0.02544832
16	11	3.578128	0.1152737	0.08880031	0.02724743
16	11	3.590708	0.1135993	0.08536041	0.02506208
16	11	3.601959	0.114363	0.08488691	0.02563953
16	11	3.611599	0.1155949	0.08463943	0.02674818
16	11	3.626873	0.1173446	0.08449996	0.02807093
16	11	3.637825	0.1171043	0.08327758	0.02765703
16	11	3.648608	0.1203713	0.08516443	0.03050351
16	11	3.660738	0.1202958	0.08534634	0.03070927
17	11	3.677842	0.119777	0.08603525	0.03186798
17	11	3.691133	0.1195908	0.08521342	0.03137183
17	11	3.702068	0.1184587	0.08493757	0.03065062
17	11	3.711551	0.1174254	0.08438015	0.03046036
17	11	3.726675	0.1168818	0.08409083	0.02979636
17	11	3.737311	0.1161909	0.08403015	0.02929807
17	11	3.748014	0.1152828	0.08390272	0.02893305
17	11	3.759793	0.1147377	0.08395803	0.0287683
17	11	3.77146	0.1141562	0.08378851	0.02824593
17	11	3.781877	0.1131303	0.0839057	0.02774191
17	11	3.794392	0.1125486	0.08425808	0.02736425
18	11	3.806607	0.1121774	0.08446074	0.02717638
18	11	3.819597	0.1116576	0.08458805	0.02682304
18	11	3.839032	0.1109607	0.08499897	0.02660513
18	11	3.850348	0.1107759	0.08511019	0.02647209
18	11	3.863211	0.1105845	0.08561194	0.02644968
18	11	3.874045	0.1102128	0.08599102	0.02627611
18	11	3.887182	0.1097336	0.08644271	0.02604246
18	11	3.900409	0.1094463	0.08673644	0.02590799
18	11	3.910474	0.1090708	0.08672488	0.0256381
19	11	3.926368	0.1089816	0.08688152	0.02568388
19	11	3.937649	0.1087279	0.08710134	0.02560544
19	11	3.947929	0.1087279	0.08710134	0.02560544
19	11	3.960378	0.1089494	0.08725762	0.02528429
19	11	3.980373	0.1094778	0.08770621	0.0245862
19	11	4.007449	0.108465	0.0864501	0.02414083
19	11	4.025155	0.1079462	0.08661687	0.02360916
20	11	4.046968	0.1055555	0.08565891	0.02253532
20	11	4.06907	0.101948	0.08548141	0.02197218
20	11	4.092929	0.09777904	0.08567584	0.02061319
20	11	4.113968	0.09169126	0.08433175	0.01817226
20	11	4.136304	0.08551526	0.08179855	0.01391935
21	11	4.167569	0.08215547	0.07982874	0.01109385
21	11	4.180659	0.07737708	0.07925022	0.008597374
21	11	4.202729	0.06572437	0.07634747	0.001798868
21	11	4.226325	0.05320597	0.07529509	-0.003506184
21	11	4.247322	0.03585505	0.07390356	-0.01055002
21	11	4.269269	0.0164361	0.07319379	-0.01796508
22	11	4.292797	-0.008188963	0.07240975	-0.02556658
22	11	4.323443	-0.03550148	0.07043445	-0.03375149
22	11	4.337643	-0.04589319	0.08224487	-0.02644634
22	11	4.359933	-0.07398462	0.08148944	-0.03005004
22	11	4.381825	-0.09220695	0.08039212	-0.03243256
22	11	4.403701	-0.1073596	0.08034933	-0.03517342
21	11	4.426526	-0.1188383	0.08120036	-0.03607273
21	11	4.449449	-0.1254842	0.08430922	-0.03618479
21	11	4.468842	-0.1302588	0.08850455	-0.03662753
21	11	4.479161	-0.1327124	0.09011567	-0.03690577
21	11	4.492188	-0.1333306	0.09177935	-0.0362196
21	11	4.50363	-0.1356478	0.09313059	-0.03719378
21	11	4.51543	-0.1372616	0.09447956	-0.03728294
20	11	4.529607	-0.1370358	0.09557748	-0.037184
20	11	4.541502	-0.1368821	0.09644246	-0.03644371
20	11	4.552146	-0.137763	0.09718645	-0.03662586
20	11	4.565142	-0.1371472	0.09738576	-0.03595829
20	11	4.574903	-0.1371813	0.09686804	-0.03672791
20	11	4.585901	-0.1372275	0.09704053	-0.03708553
20	11	4.598629	-0.1368966	0.09698665	-0.03748989
20	11	4.608119	-0.1367869	0.09676623	-0.03719854
20	11	4.628408	-0.1369781	0.09650278	-0.0376792
20	11	4.638449	-0.1379025	0.09594452	-0.03811884
20	11	4.64949	-0.1384752	0.09576404	-0.0382998
19	11	4.661463	-0.1389446	0.09576142	-0.03827953
19	11	4.672128	-0.1393375	0.0958159	-0.03850555
19	11	4.683552	-0.1397657	0.09584939	-0.03869009
19	11	4.696098	-0.1400044	0.09611225	-0.03879738
19	11	4.706704	-0.140449	0.09628248	-0.03873539
19	11	4.716817	-0.141057	0.0963378	-0.03878784
19	11	4.728546	-0.142205	0.09613299	-0.03927469
19	11	4.739378	-0.1428537	0.09589553	-0.03934383
19	11	4.753269	-0.1433139	0.09577191	-0.03934479
19	11	4.766618	-0.1441972	0.09519136	-0.03975415
18	11	4.784072	-0.1439064	0.09507883	-0.03934598
18	11	4.795696	-0.1443791	0.09464598	-0.03968477
18	11	4.806556	-0.1442008	0.09451139	-0.03953028
18	11	4.816379	-0.1441708	0.09417963	-0.0395577
18	11	4.831641	-0.1451237	0.09334934	-0.0401969
18	11	4.841691	-0.1447999	0.09341252	-0.03991699
18	11	4.851845	-0.1448469	0.09310091	-0.03997803
18	11	4.864095	-0.1447108	0.09294963	-0.03994274
18	11	4.8751	-0.1457546	0.09229767	-0.04051876
18	11	4.885828	-0.1456342	0.09199107	-0.04066634
17	11	4.89889	-0.145762	0.09156191	-0.04099107
17	11	4.909457	-0.145077	0.09158802	-0.04097748
17	11	4.9231	-0.1448226	0.09144545	-0.04125071
17	11	4.944162	-0.143712	0.09151077	-0.0412755
17	11	4.957085	-0.1435912	0.09148133	-0.041574
17	11	4.968898	-0.1431162	0.09154391	-0.04160595
17	11	4.979318	-0.1419289	0.09193087	-0.04132962
17	11	4.993134	-0.1418262	0.09188759	-0.04162908
17	11	5.003066	-0.1411397	0.09208405	-0.04141951
16	11	5.019478	-0.1402054	0.09197569	-0.04161215
16	11	5.032855	-0.1398225	0.0918957	-0.04142141
16	11	5.043107	-0.138926	0.09195566	-0.04125929
16	11	5.055254	-0.1389966	0.09185493	-0.0414474
16	11	5.068821	-0.1389627	0.09167862	-0.04131055
16	11	5.079098	-0.1386292	0.09145057	-0.04140472
16	11	5.100506	-0.1390285	0.09071279	-0.04195642
16	11	5.110937	-0.1379271	0.09071207	-0.04157209
16	11	5.123537	-0.1380992	0.09032381	-0.04174685
16	11	5.136045	-0.1393003	0.0893755	-0.04241371
15	11	5.146512	-0.1388311	0.08943653	-0.04218483
15	11	5.163532	-0.1395416	0.08872795	-0.04269886
15	11	5.174628	-0.1395416	0.08872795	-0.04269886
15	11	5.18728	-0.1393538	0.08838713	-0.04262733
15	11	5.208383	-0.1382384	0.08851349	-0.04192066
15	11	5.231716	-0.1378264	0.08821273	-0.04173779
15	11	5.260841	-0.1372037	0.08828437	-0.04167843
14	11	5.275237	-0.137033	0.088117	-0.0417037
14	11	5.298556	-0.1370854	0.08770955	-0.04183269
14	11	5.321511	-0.1368356	0.08763087	-0.04204297
14	11	5.342626	-0.1380229	0.08699334	-0.04281187
14	11	5.365856	-0.1390171	0.08654165	-0.04332685
13	11	5.388926	-0.1399655	0.08586097	-0.04396677
13	11	5.415492	-0.1413713	0.0848484	-0.04509568
13	11	5.431991	-0.1429644	0.08399534	-0.04607964
13	11	5.454902	-0.1435471	0.08346534	-0.04649878
13	11	5.476079	-0.1442912	0.0829016	-0.04675674
13	11	5.498807	-0.1460378	0.08185673	-0.04797745
12	11	5.522123	-0.146333	0.08170891	-0.04823112
12	11	5.543854	-0.1476955	0.08115387	-0.04903412
12	11	5.571912	-0.1494167	0.08025038	-0.05015421
12	11	5.589175	-0.1496253	0.08009195	-0.05053091
12	11	5.610263	-0.1497467	0.08015788	-0.05062938
11	11	5.633	-0.151422	0.07961488	-0.05152988
11	11	5.656124	-0.1510503	0.07983601	-0.05126286
11	11	5.677428	-0.1516757	0.07958078	-0.05178642
11	11	5.689488	-0.1524627	0.07919431	-0.05225134
11	11	5.701711	-0.151221	0.07977819	-0.0513835
11	11	5.717602	-0.1520138	0.07942188	-0.05185843
11	11	5.732952	-0.15308	0.07902324	-0.05228949
11	11	5.743412	-0.1523719	0.07947564	-0.05180645
10	11	5.755246	-0.1531484	0.07909644	-0.05217886
10	11	5.767875	-0.1535208	0.07877994	-0.05227017
10	11	5.778016	-0.1528754	0.07892919	-0.05196381
10	11	5.789979	-0.153501	0.07839167	-0.05241632
10	11	5.803105	-0.1539898	0.07787681	-0.05276918
10	11	5.812787	-0.1533961	0.07802904	-0.05244207
10	11	5.82495	-0.1541169	0.07735634	-0.05301476
10	11	5.837986	-0.1533649	0.07770133	-0.05249834
10	11	5.848053	-0.1530771	0.07733119	-0.05266547
10	11	5.860723	-0.153728	0.0765959	-0.05334878
9	11	5.87892	-0.1523449	0.07689953	-0.0533669
9	11	5.891684	-0.1529145	0.07634699	-0.05424714
9	11	5.904598	-0.1530311	0.07614636	-0.05493212
9	11	5.915491	-0.1532459	0.07627451	-0.05574656
9	11	5.928957	-0.1538939	0.07606232	-0.05700207
9	11	5.93955	-0.1530085	0.0769434	-0.05695343
9	11	5.949329	-0.1526611	0.07758129	-0.05820799
9	11	5.96175	-0.153213	0.0782814	-0.05996704
9	11	5.972904	-0.1509607	0.08042228	-0.06008673
9	11	5.983573	-0.1511328	0.08192027	-0.06273556
8	11	5.998183	-0.1469162	0.08709264	-0.06667614
8	11	6.010833	-0.1453757	0.08987737	-0.07144117
8	11	6.031527	-0.1398883	0.09611678	-0.08152866
8	11	6.041791	-0.1398883	0.09611678	-0.08152866
8	11	6.053451	-0.1335819	0.1032486	-0.09652519
8	11	6.069984	-0.1285093	0.1056267	-0.1035075
8	11	6.080194	-0.1230521	0.1086485	-0.1112218
8	11	6.093143	-0.1183314	0.1110123	-0.118444
8	11	6.104501	-0.1183314	0.1110123	-0.118444
8	11	6.114018	-0.1102183	0.1178547	-0.1309779
7	11	6.136322	-0.106668	0.1313199	-0.1431932
7	11	6.159148	-0.09899282	0.1441823	-0.1540947
7	11	6.180044	-0.09523535	0.1468457	-0.1677113
7	11	6.208488	-0.08952618	0.1484114	-0.1735477
7	11	6.225473	-0.09215474	0.148597	-0.1804812
6	11	6.24653	-0.093431	0.1514041	-0.1838627
6	11	6.269525	-0.09304476	0.1508383	-0.1851377
6	11	6.292701	-0.09263659	0.1503329	-0.184598
6	11	6.313973	-0.09286356	0.1514241	-0.184628
6	11	6.336718	-0.09378982	0.1513749	-0.1834249
5	11	6.367038	-0.09445858	0.1487877	-0.1833363
5	11	6.380922	-0.09398627	0.1465704	-0.1834559
5	11	6.403478	-0.09340382	0.1443293	-0.1836267
5	11	6.426589	-0.09307408	0.1427052	-0.1838517
5	11	6.44836	-0.09299088	0.1411383	-0.1841812
5	11	6.470351	-0.09183073	0.1392604	-0.1840549
4	11	6.493698	-0.09159756	0.1377386	-0.1844482
4	11	6.522389	-0.09109783	0.1364732	-0.1847372
4	11	6.537189	-0.09042263	0.1356524	-0.1849914
4	11	6.56134	-0.08878565	0.1351751	-0.1850452
4	11	6.581984	-0.08731198	0.134638	-0.1850071
4	11	6.604685	-0.08647585	0.1340821	-0.1855206
4	12	6.616631	-0.08582807	0.1335475	-0.1855063
4	12	6.631261	-0.08536863	0.132758	-0.1858292
4	12	6.641556	-0.08396387	0.1324755	-0.1854062
4	12	6.658722	-0.08182812	0.1311021	-0.1848679
4	12	6.681867	-0.07892466	0.1293606	-0.1833639
4	12	6.695325	-0.07758975	0.1283256	-0.1824265
4	12	6.706518	-0.07537127	0.1268996	-0.180748
4	12	6.718216	-0.07387781	0.125368	-0.1787896
4	13	6.731539	-0.07297564	0.1232421	-0.176722
4	13	6.742846	-0.07117033	0.1216691	-0.1736288
4	13	6.754343	-0.07009745	0.1194402	-0.1712422
4	13	6.77103	-0.06915832	0.1130449	-0.1643481
4	13	6.78477	-0.06898117	0.1098092	-0.1598251
4	13	6.798656	-0.06929064	0.1061385	-0.1547337
4	13	6.811345	-0.06759644	0.1033571	-0.1490104
4	13	6.835147	-0.06216145	0.09737623	-0.1391673
4	13	6.846379	-0.05586863	0.09393728	-0.1344981
4	14	6.85986	-0.04406452	0.08704901	-0.1256733
4	14	6.871965	-0.03478146	0.0836302	-0.1209702
4	14	6.882603	-0.02632999	0.0800544	-0.1167364
4	14	6.895651	-0.01492524	0.07669306	-0.112886
4	14	6.907611	-0.001640558	0.07398212	-0.1100106
4	14	6.917553	0.008954763	0.07149947	-0.1068954
4	14	6.930158	0.02056336	0.06938767	-0.1052923
4	14	6.943053	0.03167343	0.06702542	-0.1037459
4	14	6.95493	0.04275703	0.06546533	-0.1016345
4	14	6.968222	0.05225086	0.06428504	-0.09968472
4	14	6.987241	0.06317282	0.06288886	-0.09734106
4	14	6.999633	0.06688714	0.06188524	-0.09604812
4	14	7.009589	0.06955028	0.06340635	-0.09322786
4	14	7.024209	0.06858134	0.06321108	-0.09214735
4	14	7.035664	0.06826305	0.06254816	-0.09161186
4	14	7.045497	0.06693864	0.06327534	-0.0907383
4	14	7.064488	0.06494212	0.06459248	-0.09010053
4	14	7.075941	0.06072474	0.06647742	-0.0895822
4	14	7.087097	0.06072474	0.06647742	-0.0895822
4	14	7.099709	0.05240345	0.0674926	-0.09022141
4	14	7.119279	0.04410934	0.06737769	-0.08886528
4	14	7.146871	0.03415704	0.06612492	-0.08730745
4	14	7.163536	0.02576447	0.06475627	-0.08541417
4	14	7.186341	0.01730657	0.06373715	-0.08249331
4	14	7.207741	0.005443096	0.06004202	-0.07973099
4	14	7.230484	-0.008799076	0.05481708	-0.07454872
4	14	7.252932	-0.02052879	0.05002439	-0.06673932
4	14	7.275084	-0.03004313	0.04528117	-0.05983925
4	14	7.30373	-0.03827333	0.03653431	-0.05254507
4	14	7.319815	-0.04434204	0.02673876	-0.04324102
4	14	7.341911	-0.04734516	0.01562941	-0.03204751
4	14	7.364079	-0.04999614	0.0069561	-0.02180958
4	14	7.386661	-0.04991961	0.0003736019	-0.009682178
4	14	7.408957	-0.04952526	-0.00699985	0.001374722
4	14	7.431611	-0.05186629	-0.01484573	0.009443045
4	14	7.4627	-0.05131245	-0.01916182	0.01552773
4	14	7.476282	-0.04966736	-0.02024519	0.01986289
4	14	7.498361	-0.04710817	-0.01640642	0.0211792
4	14	7.521602	-0.04190397	-0.01092136	0.0227499
4	14	7.542955	-0.03885174	-0.006632805	0.02380538
4	14	7.565688	-0.0356679	-0.002209902	0.02272177
4	14	7.577585	-0.03313899	0.0004072189	0.02304125
4	14	7.589773	-0.03136277	0.001925468	0.02308941
4	14	7.608566	-0.02632999	0.004588723	0.02277327
4	14	7.620831	-0.02428937	0.005076289	0.02286816
4	14	7.633848	-0.0222559	0.005245924	0.02327919
4	14	7.644652	-0.01978278	0.005937338	0.02435493
4	14	7.655401	-0.01803398	0.005789161	0.02541232
4	14	7.669327	-0.01681519	0.005376339	0.0264883
4	14	7.679725	-0.01384616	0.005122781	0.02952814
4	14	7.691479	-0.01198983	0.004289031	0.03202391
4	14	7.702858	-0.01115036	0.00304687	0.03378296
4	14	7.71245	-0.009071827	0.001786232	0.03717041
4	14	7.734476	-0.007722855	-0.001130581	0.04400969
4	14	7.746903	-0.006148815	-0.0009499788	0.04897904
4	14	7.772779	-0.004447222	-0.0001449585	0.05699492
4	14	7.783769	-0.00346303	0.001294851	0.06189632
4	14	7.796427	-0.004025221	0.00204277	0.07081175
4	14	7.808212	-0.004073381	0.00175631	0.0768857
4	14	7.81794	-0.004073381	0.00175631	0.0768857
4	14	7.833855	-0.00647521	-0.002589226	0.0886817
4	14	7.843893	-0.00815773	-0.004821897	0.09540439
4	14	7.862532	-0.01359367	-0.009670496	0.1078949
4	14	7.879156	-0.01507378	-0.01164317	0.114222
4	14	7.896109	-0.0182395	-0.01539183	0.1259599
4	14	7.913942	-0.01929116	-0.01728022	0.1319098
4	14	7.949027	-0.02147841	-0.02366316	0.1410971
4	14	7.965665	-0.02132988	-0.03012621	0.1493239
4	14	7.977836	-0.01764774	-0.03476131	0.1531348
4	14	7.992151	-0.01764774	-0.03476131	0.1531348
4	14	8.010317	-0.0106163	-0.03641021	0.1546419
4	14	8.025427	0.0006337166	-0.03623176	0.1517386
4	14	8.044412	0.01042938	-0.03618586	0.1492682
4	14	8.067631	0.01687193	-0.03706026	0.1483817
4	14	8.09799	0.02169752	-0.03714693	0.1486492
4	14	8.11208	0.02226686	-0.03670275	0.1491475
4	14	8.134972	0.02161932	-0.03704214	0.1486902
4	14	8.159654	0.02258205	-0.03665125	0.1492095
4	14	8.179796	0.0226841	-0.03652382	0.1491444
4	14	8.20204	0.02267766	-0.03643334	0.1492753
4	14	8.225577	0.02266788	-0.03646588	0.1492739
4	14	8.252618	0.0225625	-0.03691077	0.1492021
4	14	8.269321	0.02254248	-0.03681064	0.1489077
4	14	8.291769	0.02255416	-0.03687286	0.1488919
4	14	8.313122	0.022331	-0.03690946	0.1484728
4	14	8.335467	0.02211857	-0.03722036	0.1485052
4	14	8.358459	0.02266479	-0.03693068	0.1488194
4	14	8.381469	0.02300549	-0.03680825	0.14903
4	14	8.409991	0.02258253	-0.03683794	0.1487918
4	14	8.42733	0.02257347	-0.03691602	0.1487641
4	14	8.447799	0.02240586	-0.03693116	0.1488252
4	14	8.47026	0.02215528	-0.03699017	0.1488361
4	14	8.480568	0.02212906	-0.03704822	0.1488171
4	14	8.493146	0.0220952	-0.03709137	0.1488082
4	14	8.50559	0.02218628	-0.0368098	0.148808
4	14	8.515992	0.02216148	-0.03683913	0.1487861
4	14	8.529967	0.02213669	-0.03683543	0.1487622
4	14	8.542878	0.02218771	-0.03722811	0.1492043
4	14	8.564299	0.0221715	-0.03729379	0.1492424
4	14	8.57631	0.02236223	-0.03719449	0.1491351
4	14	8.587385	0.02233315	-0.03726172	0.149137
4	14	8.603027	0.02264833	-0.03703213	0.1491442
4	14	8.612562	0.02262568	-0.03703785	0.1491327
4	14	8.625069	0.02260208	-0.03705013	0.1491218
4	14	8.639342	0.02204943	-0.03736281	0.1486969
4	14	8.648962	0.02247095	-0.03702569	0.1490827
4	14	8.663476	0.02244496	-0.03705251	0.1490827
4	14	8.67487	0.02231169	-0.03680789	0.1489902
4	14	8.685186	0.02226591	-0.03681159	0.1489863
4	14	8.69803	0.02221107	-0.03681481	0.1489892
4	14	8.715909	0.02265263	-0.03626037	0.1490269
4	14	8.731826	0.02260876	-0.03624737	0.1489887
4	14	8.742572	0.02249265	-0.03640914	0.1492958
4	14	8.753595	0.02244592	-0.0364306	0.1492724
4	14	8.767789	0.02240753	-0.03642738	0.1492519
4	14	8.77784	0.02279258	-0.03636205	0.1493392
4	14	8.789183	0.02275324	-0.03636742	0.1492949
4	14	8.801534	0.02271366	-0.0363524	0.1492944
4	14	8.812689	0.02333355	-0.03629124	0.1493466
4	14	8.826656	0.02335191	-0.03632677	0.1492913
4	14	8.838133	0.02383375	-0.03618801	0.1494942
4	14	8.848374	0.02384973	-0.03621089	0.1494844
4	14	8.869944	0.02367449	-0.03597605	0.1495676
4	14	8.879602	0.02367449	-0.03597605	0.1495676
4	14	8.8921	0.02368593	-0.03597236	0.149528
4	14	8.904792	0.02368593	-0.03597236	0.149528
4	14	8.914723	0.02340794	-0.03620291	0.1496682
4	14	8.928453	0.02340794	-0.03620291	0.1496682
4	14	8.940938	0.02317882	-0.03630066	0.1494689
4	14	8.962765	0.02241564	-0.03673065	0.1490254
4	14	8.985153	0.0230298	-0.03637767	0.1493564
4	14	9.007107	0.02317786	-0.0363121	0.1495805
4	14	9.037259	0.02247477	-0.03658199	0.1488967
4	14	9.052114	0.02318096	-0.03622115	0.1492724
4	14	9.074977	0.02382183	-0.03584659	0.1499491
4	14	9.096729	0.02327108	-0.03605938	0.1494298
4	14	9.119116	0.02384949	-0.03587604	0.149672
4	14	9.140911	0.02417064	-0.03572261	0.1499083
4	14	9.165033	0.02417612	-0.03577077	0.1498585
4	14	9.195878	0.02506018	-0.03568733	0.1504416
4	14	9.208333	0.02401257	-0.03595388	0.1499887
4	14	9.230253	0.02354431	-0.03628635	0.1498437
4	14	9.251643	0.02405596	-0.03592408	0.1502471
4	14	9.273486	0.02445745	-0.03543615	0.1501689
4	14	9.296868	0.02365541	-0.03602052	0.1498418
4	14	9.319338	0.02407503	-0.03554273	0.1502995
4	14	9.347091	0.0238874	-0.03566122	0.1497772
4	14	9.363772	0.02350593	-0.03583264	0.1495013
4	14	9.385473	0.02374935	-0.03563905	0.1495976
4	14	9.407746	0.02371669	-0.03583539	0.1495581
4	14	9.419716	0.02370739	-0.03586221	0.1495228
4	14	9.432018	0.02357602	-0.03606999	0.1496601
4	14	9.443122	0.02387094	-0.03589976	0.1497726
4	14	9.453488	0.02386475	-0.03588653	0.1497679
4	14	9.468481	0.02318525	-0.03625584	0.1492343
4	14	9.479107	0.02350593	-0.03577316	0.1496034
4	14	9.50077	0.02282906	-0.03624213	0.149415
4	14	9.510764	0.02363348	-0.03599584	0.1497657
4	14	9.521321	0.02361178	-0.03599513	0.1497521
4	14	9.534398	0.02295399	-0.03637087	0.149354
4	14	9.544447	0.02338886	-0.03627169	0.149507
4	14	9.555507	0.02336073	-0.03624582	0.1494994
4	14	9.568785	0.02316737	-0.03631353	0.1492224
4	14	9.579018	0.02364349	-0.03607881	0.1494517
4	14	9.592827	0.02363968	-0.03608465	0.1494336
4	14	9.606845	0.02330875	-0.03617084	0.1493607
4	14	9.619963	0.0232861	-0.03618205	0.1493335
4	14	9.635824	0.02236938	-0.03667355	0.1486692
4	14	9.653635	0.02289677	-0.03650188	0.1489134
4	14	9.667632	0.02222252	-0.03706205	0.1487379
4	14	9.677691	0.0227046	-0.03659308	0.1491866
4	14	9.690864	0.02268982	-0.03662896	0.1491911
4	14	9.703971	0.02209067	-0.03709793	0.1489892
4	14	9.714562	0.02266979	-0.03667033	0.1494341
4	14	9.726632	0.02261686	-0.03669035	0.1494589
4	14	9.738913	0.0214262	-0.03719234	0.1484151
4	14	9.749413	0.02226162	-0.03676677	0.1488836
4	14	9.761974	0.0220437	-0.03687835	0.1487012
4	14	9.772758	0.0220437	-0.03687835	0.1487012
4	14	9.782557	0.02312756	-0.03636122	0.1492934
4	14	9.799275	0.02372456	-0.03616202	0.1498594
4	14	9.815379	0.02372622	-0.03620434	0.1498737
4	14	9.828542	0.02335405	-0.03635895	0.1495409
4	14	9.84037	0.02335405	-0.03635895	0.1495409
4	14	9.858212	0.05416298	-0.0180105	0.1695313
4	14	9.870063	0.05458522	-0.01747251	0.1698544
4	14	9.889026	0.05408335	-0.01776505	0.1696491
4	14	9.910638	0.05245137	-0.01884377	0.1686811
4	14	9.933592	0.05262733	-0.01868379	0.1685591
4	14	9.957146	0.0512414	-0.01950657	0.1677287
4	14	9.98385	0.05062675	-0.02018332	0.1672258
4	14	10.00214	0.05027246	-0.01998138	0.1670976
4	14	10.02582	0.04966402	-0.02039397	0.1666749
4	14	10.04539	0.04966164	-0.02031183	0.1667037
4	14	10.06791	0.04948139	-0.02049351	0.1664593
4	14	10.0904	0.0491128	-0.02066636	0.1663647
4	14	10.11178	0.04906344	-0.02080393	0.166301
4	14	10.14097	0.04877043	-0.02086461	0.1661773
4	14	10.15709	0.04850483	-0.0208956	0.1660819
4	14	10.17903	0.04827595	-0.02097642	0.1655636
4	14	10.20353	0.04787469	-0.0212425	0.1655884
4	14	10.22481	0.04769683	-0.02151251	0.1653543
4	14	10.24562	0.04744291	-0.02192402	0.1650963
4	14	10.26853	0.04684043	-0.02193367	0.1648579
4	14	10.29979	0.04648161	-0.02207768	0.1646395
4	14	10.31359	0.04623127	-0.02256632	0.1643314
4	14	10.33609	0.04576206	-0.02292478	0.1638722
4	14	10.3459	0.04558945	-0.02299547	0.1637349
4	14	10.35817	0.0454011	-0.02308595	0.1635947
4	14	10.37202	0.04506946	-0.02319825	0.1632147
4	14	10.38268	0.04488945	-0.02331245	0.1630135
4	14	10.39549	0.04470158	-0.02340424	0.1628571
4	14	10.40769	0.04394674	-0.02380264	0.1627648
4	14	10.41765	0.04372501	-0.02393818	0.1626337
4	14	10.43083	0.04348993	-0.02402818	0.1624756
4	14	10.44847	0.04257941	-0.0244832	0.1623147
4	14	10.46051	0.04232979	-0.02460194	0.1621604
4	14	10.47314	0.04182673	-0.02469814	0.1616135
4	14	10.48337	0.04168081	-0.02502573	0.1613009
4	14	10.49684	0.04140043	-0.02516234	0.161129
4	14	10.50896	0.04102993	-0.02589083	0.1609964
4	14	10.51995	0.04074526	-0.02603447	0.1608224
4	14	10.53317	0.03965044	-0.02642405	0.1598039
4	14	10.54295	0.03965044	-0.02642405	0.1598039
4	14	10.55363	0.03933716	-0.0265702	0.1596088
4	14	10.56666	0.0383718	-0.02712679	0.1591485
4	14	10.57789	0.03800297	-0.02728772	0.1589248
4	14	10.58973	0.03767157	-0.02746332	0.1587143
4	14	10.60992	0.03700781	-0.02783394	0.1583347
4	14	10.62215	0.03663158	-0.02801478	0.1580853
4	14	10.63675	0.03566575	-0.02878153	0.1574535
4	14	10.64717	0.03527308	-0.02898383	0.1571989
4	14	10.66122	0.03488302	-0.02915823	0.1569448
4	14	10.6734	0.03454399	-0.02974522	0.1567135
4	14	10.68399	0.03416491	-0.02993906	0.1564651
4	14	10.69619	0.03378153	-0.03013563	0.1562312
4	14	10.70824	0.03304434	-0.0305047	0.1558855
4	14	10.71853	0.03264713	-0.03070235	0.1556258
4	14	10.73365	0.03152466	-0.03161395	0.1547337
4	14	10.74394	0.03152466	-0.03161395	0.1547337
4	14	10.76601	0.03068495	-0.03210902	0.154201
4	14	10.77798	0.03068495	-0.03210902	0.154201
4	14	10.78802	0.02960587	-0.0322746	0.1537023
4	14	10.80471	0.02882385	-0.03272462	0.1529083
4	14	10.82754	0.02791166	-0.03318536	0.1523085
4	14	10.84887	0.02739334	-0.03384364	0.1519396
4	14	10.87156	0.02670145	-0.03425801	0.1517596
4	14	10.89506	0.02578664	-0.03472579	0.1512098
4	14	10.92254	0.02447104	-0.03546011	0.1502147
4	14	10.93834	0.02394533	-0.03609693	0.1498036
4	14	10.96156	0.02234364	-0.03708577	0.148818
4	14	10.98252	0.02216101	-0.03719318	0.1486583
4	14	11.00466	0.02164531	-0.03735101	0.148344
4	14	11.02861	0.02068949	-0.03789842	0.1477382
4	14	11.0508	0.02033758	-0.03803408	0.1474576
4	14	11.07885	0.02029419	-0.03828001	0.1475029
4	14	11.09602	0.0194416	-0.03879678	0.146919
4	14	11.11714	0.0188725	-0.03897214	0.1465335
4	14	11.13954	0.01876426	-0.03912508	0.1464534
4	14	11.1627	0.017663	-0.03981578	0.1458242
4	14	11.18427	0.01752329	-0.03984356	0.1457772
4	13	11.20743	0.01748013	-0.03983033	0.1458874
4	13	11.23773	0.01693273	-0.04004526	0.1456671
4	13	11.24857	0.01693273	-0.04004526	0.1456671
4	13	11.26137	0.01584744	-0.04044569	0.1447268
4	13	11.27432	0.01629925	-0.04017615	0.1449847
4	13	11.28407	0.01586819	-0.04038191	0.1447248
4	13	11.29582	0.01490688	-0.04087579	0.1441197
4	12	11.30849	0.01567268	-0.04066885	0.1444368
4	12	11.31891	0.01530504	-0.04086685	0.1441522
4	12	11.33178	0.01461506	-0.0414207	0.1439619
4	12	11.34278	0.01587391	-0.04102314	0.1444981
4	12	11.35384	0.01553822	-0.04124272	0.1442435
4	12	11.3682	0.01463246	-0.04173994	0.1434898
4	12	11.3862	0.0149436	-0.04119313	0.1438875
4	12	11.39908	0.014678	-0.04150224	0.143949
4	12	11.41065	0.01527333	-0.04114151	0.1443009
4	12	11.42176	0.01492786	-0.04134667	0.1440721
4	11	11.43439	0.01459312	-0.04146385	0.143764
4	11	11.44534	0.01544952	-0.04094434	0.1442838
4	11	11.45719	0.01512051	-0.04112923	0.1440597
4	11	11.47309	0.01517463	-0.04112709	0.144197
4	11	11.49238	0.01485777	-0.04131055	0.1439819
4	11	11.50791	0.01548386	-0.04119194	0.1444917
4	11	11.52136	0.01518726	-0.04138267	0.1443009
4	11	11.54444	0.0159564	-0.0408361	0.1445818
4	11	11.55664	0.0156734	-0.04098248	0.144393
4	11	11.57255	0.01547813	-0.04090774	0.1442914
4	11	11.58499	0.01519632	-0.04107022	0.1440935
4	11	11.60346	0.015172	-0.04112637	0.1440549
4	11	11.61446	0.01555729	-0.04086792	0.1443114
4	11	11.63189	0.01544929	-0.04110909	0.1445518
4	11	11.64457	0.01544929	-0.04110909	0.1445518
4	11	11.65806	0.01636314	-0.04086637	0.1449392
4	11	11.67692	0.016294	-0.04095364	0.1448836
4	11	11.70704	0.01552725	-0.04138541	0.1442223
4	11	11.72094	0.01614213	-0.04068267	0.1448555
4	11	11.74261	0.01670098	-0.04015172	0.1451545
4	11	11.76555	0.01563001	-0.04083979	0.1444354
4	11	11.78754	0.0164268	-0.0401299	0.1450305
4	11	11.80961	0.01621938	-0.04060507	0.1449866
4	11	11.83289	0.01610422	-0.04066741	0.144825
4	11	11.86009	0.01701546	-0.04016685	0.1453676
4	11	11.8768	0.01725793	-0.04007077	0.1456265
4	11	11.89922	0.01673079	-0.04041457	0.1452336
4	11	11.92171	0.01724148	-0.03992355	0.1456842
4	11	11.94454	0.01777077	-0.03962362	0.1459033
4	11	11.96634	0.01698828	-0.04022038	0.1456017
4	11	11.98905	0.01757288	-0.04020965	0.1457982
4	11	12.01686	0.01781058	-0.03967333	0.1458683
4	11	12.03319	0.01723623	-0.04016709	0.1455579
4	11	12.05581	0.01792526	-0.03973949	0.1460268
4	11	12.0782	0.01871109	-0.03947771	0.1465058
4	11	12.09994	0.01887083	-0.03923309	0.1467156
4	11	12.11167	0.01880956	-0.03929627	0.1466761
4	11	12.12324	0.01874661	-0.03937078	0.1466336
4	11	12.13528	0.0181098	-0.03974545	0.1461859
4	11	12.14958	0.01913786	-0.0391748	0.1468253
4	11	12.17155	0.01851988	-0.03957713	0.1463332
4	11	12.18375	0.01959062	-0.03855026	0.1472912
4	11	12.19572	0.01954699	-0.03858149	0.1472883
4	11	12.20936	0.08093071	0.1544825	0.2100396
4	11	12.2272	0.08111906	0.1531204	0.2134666
4	11	12.24263	0.08572531	0.1523799	0.2204099
4	11	12.25717	0.08422995	0.1500583	0.2276044
4	11	12.2697	0.08090591	0.1487255	0.2305124
4	11	12.28245	0.08393955	0.1493281	0.2353988
4	11	12.29521	0.08276701	0.1474296	0.2398252
4	11	12.30897	0.07848644	0.1462213	0.2473426
4	11	12.32968	0.06943083	0.1419328	0.2458887
4	11	12.34279	0.08601332	0.1457422	0.2652693
4	11	12.35259	0.08601332	0.1457422	0.2652693
4	11	12.36735	0.1016562	0.1447675	0.2854075
5	11	12.37972	0.1082292	0.1449679	0.2984605
5	11	12.3904	0.1042864	0.1395487	0.3039806
5	11	12.40205	0.1051159	0.1380394	0.3181865
5	11	12.41461	0.1074491	0.1375302	0.3325701
5	11	12.42686	0.1059208	0.1365359	0.3474643
5	11	12.43875	0.1036482	0.1349319	0.3606148
5	11	12.45013	0.09643888	0.1345423	0.3727171
5	11	12.46262	0.08830976	0.1360921	0.3846054
5	11	12.48345	0.0697186	0.1404442	0.4014122
5	11	12.49412	0.05456138	0.1403681	0.4064846
6	11	12.50658	0.05456138	0.1403681	0.4064846
6	11	12.51801	0.03317142	0.1523386	0.416101
6	11	12.5355	0.01770711	0.161867	0.4286137
6	11	12.55863	-0.003442764	0.1656998	0.4350593
6	11	12.58065	-0.02954555	0.1595596	0.432373
6	11	12.60241	-0.04624939	0.1589488	0.4348016
7	11	12.6258	-0.06973267	0.1513442	0.4295249
7	11	12.65426	-0.08752847	0.1448089	0.4259381
7	11	12.67056	-0.1041429	0.1395481	0.4250538
7	11	12.69259	-0.1200118	0.1313742	0.4210618
7	11	12.71474	-0.1285052	0.1270655	0.4205894
7	11	12.73772	-0.1294253	0.1257547	0.4233742
6	11	12.75977	-0.1319528	0.1235327	0.424067
6	11	12.78173	-0.1325111	0.122316	0.4236057
6	11	12.81076	-0.1302009	0.1229281	0.4231606
6	11	12.82595	-0.1274114	0.1237777	0.4237628
6	11	12.84851	-0.1269119	0.1240643	0.4228282
5	11	12.87141	-0.1234071	0.1259493	0.4222493
5	11	12.89363	-0.1210086	0.1271478	0.4205787
5	11	12.91564	-0.1205847	0.1275743	0.4187119
5	11	12.93873	-0.1209495	0.1279649	0.4165092
5	11	12.9675	-0.1225705	0.1272074	0.4135227
5	11	12.98308	-0.1226165	0.1274749	0.4116411
4	11	13.00492	-0.1217036	0.1274582	0.4100866
4	11	13.02755	-0.1220558	0.1266208	0.4076362
4	11	13.03956	-0.1209433	0.1264931	0.4075227
4	11	13.05378	-0.1198409	0.1265931	0.4065924
4	11	13.06584	-0.1202624	0.1257066	0.4054761
4	11	13.07908	-0.1193571	0.1241251	0.4046674
4	11	13.09074	-0.1182177	0.1232297	0.4037013
3	11	13.11046	-0.113749	0.1220499	0.4019971
3	11	13.122	-0.1098931	0.1220827	0.4019346
3	11	13.13378	-0.1063342	0.1226306	0.401958
3	11	13.14695	-0.09763288	0.1231741	0.4014597
3	11	13.15983	-0.093117	0.1240199	0.4019108
3	11	13.17899	-0.08694124	0.1246816	0.4023256
3	11	13.19156	-0.08241034	0.1248034	0.4022493
3	11	13.20334	-0.07222319	0.1279218	0.4051538
3	11	13.21657	-0.06375265	0.1292404	0.4040418
3	11	13.22877	-0.06120157	0.1306686	0.4024966
2	11	13.24469	-0.05942941	0.131532	0.400207
2	11	13.26572	-0.05363417	0.1351696	0.3973739
2	11	13.27915	-0.0317626	0.1493452	0.4093411
2	11	13.29009	-0.03291893	0.1497173	0.4072449
2	11	13.30147	-0.03053522	0.1506722	0.4062085
2	11	13.31354	-0.0315938	0.1503069	0.4044757
2	11	13.32401	-0.03576398	0.1472158	0.4014196
2	11	13.33556	-0.03863096	0.1450691	0.399173
2	11	13.34795	-0.04433346	0.1372138	0.3947873
2	11	13.35989	-0.04433346	0.1372138	0.3947873
2	11	13.37063	-0.04867458	0.13164	0.3916302
2	11	13.38324	-0.04867458	0.13164	0.3916302
2	11	13.39649	-0.05209732	0.128795	0.3905115
2	11	13.42352	-0.05697513	0.1265566	0.3893352
2	11	13.44103	-0.06360412	0.1248298	0.3876467
2	11	13.46315	-0.06024694	0.1276931	0.3902402
2	11	13.48472	-0.05566597	0.1295433	0.3940949
2	11	13.50785	-0.04183245	0.1335481	0.4021564
2	11	13.53087	-0.02396131	0.1380118	0.4092731
2	11	13.5524	-0.0104816	0.1391786	0.4131682
2	11	13.58282	0.003341198	0.1417129	0.4166346
2	11	13.59761	0.02177286	0.1461506	0.4220772
2	11	13.6191	0.04100037	0.149308	0.4264183
2	11	13.64181	0.06440139	0.1555699	0.4301395
2	11	13.66444	0.08416557	0.1605568	0.4314139
3	11	13.68628	0.1017201	0.1656429	0.4315686
3	11	13.7097	0.1167011	0.1699778	0.4310737
3	11	13.73856	0.1275911	0.17146	0.430954
3	11	13.75296	0.1366508	0.1727043	0.4329083
3	11	13.77623	0.1356642	0.169517	0.4357541
3	11	13.79852	0.1171222	0.1635398	0.4447222
4	11	13.82001	0.08977461	0.160681	0.4564435
4	11	13.84311	0.05025482	0.1563885	0.4673891
4	11	13.86593	-0.004677296	0.1509751	0.4678173
4	11	13.8862	-0.05060363	0.1496416	0.4648247
4	11	13.90069	-0.06878471	0.1471213	0.4571605
4	11	13.91506	-0.08599377	0.1457548	0.4536624
4	11	13.92521	-0.1008515	0.145925	0.4487348
4	12	13.93717	-0.1168144	0.1464235	0.4454813
4	12	13.94948	-0.129765	0.1442288	0.4406571
4	12	13.96154	-0.1384759	0.1469731	0.4240484
4	12	13.97311	-0.1410558	0.1438726	0.4174509
4	12	13.98988	-0.1442809	0.1439478	0.4150603
4	12	14.00258	-0.1436729	0.1418853	0.409698
4	12	14.01615	-0.1463599	0.139973	0.4054122
4	12	14.03534	-0.1383941	0.1392705	0.4082465
4	12	14.04903	-0.1400006	0.1377653	0.4059095
4	13	14.06327	-0.1308308	0.13749	0.408453
4	13	14.0763	-0.1305029	0.1363674	0.4079628
4	13	14.0872	-0.1125522	0.1444824	0.4196453
4	13	14.09921	-0.1077747	0.1459452	0.4218087
4	13	14.11157	-0.1067772	0.1466955	0.4224937
4	13	14.12368	-0.1071663	0.1470865	0.4230654
4	13	14.13635	-0.103919	0.1472746	0.423173
4	13	14.14975	-0.1014462	0.1490581	0.4247558
4	13	14.16603	-0.09845257	0.1490437	0.4244957
4	14	14.18857	-0.1034675	0.1485018	0.4216533
4	14	14.20156	-0.1000891	0.1487368	0.4229343
4	14	14.21418	-0.1000891	0.1487368	0.4229343
4	14	14.22587	-0.1049364	0.1475984	0.4192915
4	14	14.24841	-0.09864998	0.1499985	0.4208312
4	14	14.26781	-0.09743595	0.1513425	0.4185634
4	14	14.29	-0.103713	0.1489921	0.4142685
3	14	14.31246	-0.0977211	0.1518767	0.4173679
3	14	14.33498	-0.1016712	0.1493222	0.4149022
3	14	14.36403	-0.1013873	0.1477338	0.414115
3	14	14.3795	-0.09357429	0.1488605	0.4175291
3	14	14.40129	-0.09140515	0.1476401	0.4189248
2	14	14.42328	-0.08987713	0.1465355	0.4214451
2	14	14.44637	-0.05925941	0.1594181	0.4370236
2	14	14.46817	-0.05911231	0.1570538	0.437681
2	14	14.49088	-0.05841517	0.1555011	0.4387362
2	14	14.51885	-0.03837013	0.1660295	0.4522839
2	14	14.53531	-0.0317359	0.1687912	0.4583766
2	15	14.55762	-0.01646948	0.1746961	0.4659662
2	15	14.58014	0.004898787	0.1801932	0.4726949
2	15	14.60204	0.03950524	0.1840123	0.4791691
2	15	14.62423	0.08186865	0.1890695	0.4886277
2	15	14.64793	0.1087544	0.1848361	0.4848313
2	16	14.67591	0.1388168	0.1865996	0.4745002
2	16	14.69119	0.1605015	0.1884673	0.461046
2	16	14.71447	0.1474729	0.1790845	0.4428105
2	16	14.72668	0.1475394	0.1786107	0.4410048
2	16	14.73992	0.1577826	0.180863	0.4429286
2	16	14.75143	0.1593509	0.1802812	0.441443
2	16	14.76376	0.1667523	0.1811256	0.4412737
2	16	14.77662	0.1657622	0.1802434	0.4389992
2	17	14.79065	0.1656919	0.1785221	0.4317555
2	17	14.8026	0.1624823	0.1791328	0.4312005
2	17	14.82087	0.1603699	0.1794535	0.4289513
2	17	14.83309	0.1568904	0.1778985	0.4272761
2	17	14.85113	0.1546464	0.1761839	0.4238486
2	17	14.86243	0.1546366	0.1758808	0.4225206
2	17	14.87376	0.1558371	0.1751227	0.4202876
2	17	14.88575	0.1560354	0.1730332	0.4164376
2	17	14.89702	0.159863	0.1745037	0.4154711
3	17	14.9091	0.1630912	0.1746573	0.4133425
3	17	14.9212	0.1629226	0.1733668	0.410635
3	17	14.93234	0.1648974	0.1751994	0.4098458
3	17	14.94705	0.1632071	0.1743079	0.4058049
3	17	14.95903	0.1609414	0.1747153	0.4047163
3	17	14.9779	0.1601083	0.1748818	0.4036012
3	17	14.99182	0.150547	0.1730368	0.4016595
3	17	15.00463	0.1451366	0.1725968	0.401968
3	17	15.01719	0.1383293	0.1712474	0.4012375
3	17	15.02786	0.1300983	0.1690568	0.4017351
4	17	15.04001	0.1241517	0.1677403	0.4029727
4	17	15.052	0.1161165	0.1647203	0.4043748
4	17	15.06474	0.1090527	0.1604532	0.4041941
4	17	15.07694	0.1054897	0.1573843	0.4043715
4	17	15.08704	0.1043973	0.1548805	0.4040198
4	17	15.09908	0.1010408	0.152573	0.4020753
4	17	15.11138	0.101737	0.1513647	0.40134
4	17	15.13073	0.1048105	0.1528449	0.402302
4	17	15.1437	0.1048105	0.1528449	0.402302
5	17	15.15587	0.1067996	0.1545249	0.403173
5	17	15.17116	0.1093428	0.1578165	0.4016123
5	17	15.19434	0.1146958	0.1617609	0.3992205
5	17	15.21678	0.1227198	0.1670961	0.3955545
5	17	15.23919	0.1291361	0.1716917	0.392477
5	17	15.26184	0.1343143	0.1748683	0.3881342
6	17	15.28952	0.1380446	0.1767159	0.3834548
6	17	15.30561	0.1398401	0.1768746	0.3781965
6	17	15.32865	0.1417334	0.1767477	0.3725982
6	17	15.35034	0.140244	0.1746372	0.3663683
6	17	15.37318	0.1399775	0.172038	0.3615899
7	17	15.39593	0.1385326	0.1678437	0.3556991
7	17	15.41828	0.1458156	0.1671735	0.3541384
7	17	15.44849	0.148612	0.1640137	0.3492665
7	17	15.46329	0.1475348	0.1606584	0.3439541
7	17	15.48456	0.145956	0.1582698	0.3414941
7	17	15.50746	0.1443453	0.1552345	0.3404107
7	17	15.53235	0.1429734	0.1523244	0.3388586
7	17	15.55477	0.1383338	0.1504066	0.3386552
7	18	15.5745	0.129492	0.1477194	0.3401132
7	18	15.60334	0.1124177	0.1429462	0.3436794
7	18	15.61601	0.1081505	0.1417513	0.3441305
7	18	15.62796	0.1057565	0.1404526	0.344346
7	18	15.63991	0.1053336	0.1399573	0.3444834
7	18	15.65245	0.1051223	0.1397104	0.3449936
7	18	15.6638	0.1071234	0.1413816	0.346252
7	18	15.67604	0.1099176	0.1434851	0.3482099
7	18	15.68766	0.1111469	0.145331	0.3502097
7	19	15.69938	0.1126366	0.1485931	0.3529067
7	19	15.71023	0.1132174	0.15227	0.355433
7	19	15.72298	0.1130805	0.1545715	0.3582494
7	19	15.73602	0.1135252	0.157872	0.360673
7	19	15.76014	0.1151202	0.1695453	0.3678825
7	19	15.77768	0.115592	0.1741534	0.3702703
7	19	15.79014	0.1137528	0.1789119	0.3731918
7	19	15.80235	0.1107378	0.1842322	0.3767149
7	19	15.81591	0.1067619	0.190946	0.3815331
7	20	15.82718	0.1001737	0.1979002	0.3872478
7	20	15.83852	0.08665156	0.2155074	0.4003296
7	20	15.8524	0.07765746	0.2281568	0.4088173
7	20	15.8634	0.06689334	0.2428833	0.4183064
7	20	15.87549	0.06041908	0.2555081	0.4260483
7	20	15.8888	0.05270195	0.2670274	0.4319429
7	20	15.91377	0.04202032	0.2825723	0.4370446
7	20	15.92911	0.03397226	0.291258	0.4392462
7	21	15.94441	0.02984571	0.2942669	0.4397831
7	21	15.95536	0.02604485	0.2982907	0.4415274
7	21	15.96893	0.02424216	0.3054106	0.4453588
7	21	15.98164	0.02216005	0.3078527	0.445333
7	21	15.99312	0.02216005	0.3078527	0.445333
7	21	16.00473	0.02200842	0.3108494	0.446008
7	21	16.02036	0.0237	0.3120544	0.4451253
7	21	16.04447	0.02519584	0.3122619	0.4436169
7	22	16.07392	0.02866125	0.3088943	0.4411592
7	22	16.09163	0.030267	0.3057899	0.4398348
7	22	16.11099	0.03487611	0.3019193	0.4380589
7	22	16.13336	0.04010248	0.2960958	0.4348383
7	22	16.15495	0.04439306	0.2916571	0.4328034
7	22	16.17769	0.04835844	0.2860349	0.4306955
7	23	16.20149	0.05126929	0.2802038	0.4283185
7	23	16.22855	0.05401087	0.2754778	0.4265893
7	23	16.2475	0.05797458	0.2716184	0.4248104
7	23	16.26789	0.06226516	0.2687354	0.4226379
7	23	16.28952	0.06511354	0.2665085	0.4206488
7	24	16.31236	0.06852961	0.2650685	0.41909
7	24	16.33363	0.07015419	0.2639781	0.4179151
7	24	16.35613	0.07200241	0.2631928	0.4161892
7	24	16.38499	0.07353806	0.2631855	0.4153924
7	24	16.401	0.07499433	0.2627999	0.4146686
7	24	16.42284	0.07623172	0.2628148	0.4135194
7	25	16.4465	0.07743716	0.2627459	0.4129949
7	25	16.46841	0.07853317	0.2621038	0.4130578
7	25	16.48998	0.07913017	0.2616332	0.4128039
7	25	16.50159	0.07956314	0.2613064	0.4129004
7	25	16.51489	0.07940125	0.2609092	0.4129214
7	25	16.54078	0.07960057	0.259806	0.4129906
7	26	16.55892	0.07923412	0.2586894	0.4124246
7	26	16.57024	0.07940531	0.2583476	0.4126916
7	26	16.58207	0.07910538	0.258049	0.4124932
7	26	16.59328	0.07907295	0.2578248	0.4122643
7	26	16.60515	0.07896066	0.2579275	0.4123597
7	26	16.6175	0.07951164	0.2579751	0.4127126
7	26	16.62781	0.07947969	0.2576553	0.4128118
7	26	16.64091	0.07964373	0.257201	0.4129963
7	26	16.65354	0.07972217	0.2568717	0.4130404
7	26	16.66731	0.07958364	0.2561098	0.4128869
7	27	16.68627	0.07972765	0.2556615	0.412961
7	27	16.69817	0.07969809	0.2549977	0.4127288
7	27	16.7106	0.08079648	0.253764	0.412796
7	27	16.72349	0.08080792	0.2527764	0.4124322
7	27	16.7345	0.08124113	0.2516378	0.4121492
7	27	16.74946	0.08165264	0.2506037	0.4117675
7	27	16.76287	0.08153319	0.2493401	0.4112887
7	27	16.78104	0.081635	0.2465982	0.4100285
7	27	16.79375	0.0801034	0.2432814	0.4076495
7	28	16.80898	0.07844687	0.2398994	0.4055901
7	28	16.82334	0.06919146	0.2207643	0.3987584
7	28	16.84497	0.05177569	0.1850214	0.3885581
7	28	16.85705	0.05177569	0.1850214	0.3885581
7	28	16.87005	0.03195786	0.1482012	0.3811808
7	28	16.89193	0.01514053	0.1084144	0.3732061
7	28	16.91501	-0.001586199	0.06941926	0.3604627
7	29	16.93657	-0.02042007	0.03710318	0.347008
7	29	16.95929	-0.03935313	0.01030529	0.3370657
7	29	16.9821	-0.05885792	-0.008712053	0.3297076
7	29	17.01327	-0.07126451	-0.02207398	0.3236632
7	29	17.0262	-0.08174729	-0.03484833	0.3189206
7	28	17.04884	-0.08768201	-0.04105854	0.3158412
7	28	17.07061	-0.09229708	-0.04741621	0.3135681
7	28	17.09277	-0.09505653	-0.05398762	0.3114088
7	28	17.11561	-0.09835291	-0.06065094	0.3077431
7	28	17.13846	-0.1004181	-0.06278062	0.3065987
7	27	17.16851	-0.09920788	-0.06222463	0.3067973
7	27	17.1833	-0.09655738	-0.06330669	0.3076506
7	27	17.20544	-0.09144378	-0.0671376	0.3071151
7	27	17.22722	-0.08815885	-0.07257044	0.3047371
7	27	17.2498	-0.08620644	-0.07645011	0.3028812
7	27	17.27173	-0.08594084	-0.08032322	0.3014255
7	26	17.2947	-0.08550382	-0.08329964	0.299865
7	26	17.32273	-0.07335925	-0.07820439	0.3046021
7	26	17.33537	-0.07245088	-0.07881141	0.3043118
7	26	17.3474	-0.07044029	-0.07953346	0.3041735
7	26	17.35941	-0.06949377	-0.08042312	0.3037
7	26	17.37191	-0.06863165	-0.08137512	0.3033438
7	26	17.38383	-0.06690836	-0.08199716	0.3037338
7	26	17.39729	-0.06637907	-0.08356559	0.3036594
6	26	17.41032	-0.06570816	-0.08478582	0.3035176
6	26	17.42315	-0.06472445	-0.08551514	0.3040533
6	26	17.43447	-0.06426573	-0.08639324	0.3039663
6	26	17.44737	-0.06306887	-0.08695841	0.3045535
6	26	17.46626	-0.06247997	-0.08721077	0.3046446
6	26	17.48549	-0.0612669	-0.08603561	0.305469
6	26	17.49721	-0.06081581	-0.08522761	0.3057334
6	26	17.50949	-0.06032348	-0.08475745	0.3059096
6	26	17.52117	-0.05950928	-0.08339763	0.306694
5	26	17.5335	-0.05918169	-0.08228219	0.3072801
5	26	17.54753	-0.05907226	-0.08112216	0.3076553
5	26	17.5591	-0.05867243	-0.08001721	0.3085332
5	26	17.57172	-0.05786467	-0.07797647	0.3091435
5	26	17.58399	-0.05780435	-0.07773423	0.3094168
5	26	17.59468	-0.05714726	-0.07704222	0.309536
5	26	17.60913	-0.05658579	-0.07627559	0.3097444
5	26	17.62831	-0.05579114	-0.07472098	0.3102374
5	26	17.64037	-0.05536222	-0.07377672	0.3101273
4	26	17.65405	-0.05491161	-0.07326519	0.3102813
4	26	17.66616	-0.05466223	-0.07212281	0.3105667
4	26	17.6783	-0.05466223	-0.07212281	0.3105667
4	26	17.68983	-0.05370116	-0.07144797	0.3105135
4	26	17.707	-0.05303335	-0.0710355	0.3100367
4	26	17.72936	-0.0519886	-0.07013118	0.3100181
4	26	17.75207	-0.05128956	-0.06882918	0.3099024
3	26	17.77474	-0.05021954	-0.06772804	0.3096409
3	26	17.8032	-0.04883695	-0.06655085	0.30937
3	26	17.81938	-0.04782128	-0.065835	0.3091369
3	26	17.84261	-0.0467062	-0.06425309	0.3093314
3	26	17.86427	-0.04557157	-0.06288624	0.3097129
3	26	17.88631	-0.04457235	-0.06144261	0.3099427
2	26	17.90891	-0.0431664	-0.05997491	0.3106737
2	26	17.93204	-0.040133	-0.05714238	0.3119206
2	26	17.96037	-0.03579283	-0.05319321	0.3135324
2	26	17.97627	-0.03129745	-0.04939866	0.3156433
2	26	17.99816	-0.02789783	-0.0446378	0.3183861
2	26	18.01988	-0.02498865	-0.03997517	0.3211982
2	26	18.04222	-0.02195096	-0.03537846	0.3241982
2	26	18.06506	-0.0186851	-0.03003073	0.3278687
2	26	18.08689	-0.01539207	-0.02404201	0.3318493
2	26	18.12193	-0.01120853	-0.01656306	0.3372054
2	26	18.13504	-0.006608963	-0.004885316	0.344296
2	26	18.15494	-0.003639936	0.008990407	0.3541055
2	26	18.17691	-0.002963543	0.02555513	0.3668208
2	26	18.19074	-0.004420519	0.03709805	0.3741989
2	26	18.20352	-0.00637579	0.05079651	0.3837347
2	26	18.21616	-0.007940292	0.06010699	0.3904114
2	26	18.22823	-0.01282358	0.07493854	0.3993342
2	27	18.24109	-0.0195384	0.09816945	0.4145548
2	27	18.26332	-0.03315496	0.1154983	0.4261727
2	27	18.27713	-0.03940368	0.1228477	0.4316778
2	27	18.28984	-0.0476265	0.1279374	0.4351912
2	27	18.30608	-0.05632401	0.1323334	0.4385893
2	27	18.3239	-0.07040119	0.1384846	0.4422753
2	27	18.33555	-0.07751608	0.1439871	0.4455996
2	27	18.34774	-0.08109593	0.1474665	0.4467936
2	28	18.35949	-0.08397841	0.1494613	0.4480581
2	28	18.37159	-0.08799434	0.1526847	0.449996
2	28	18.38332	-0.09045362	0.1519707	0.4494414
2	28	18.39535	-0.09119415	0.1507148	0.44906
2	28	18.41615	-0.09254408	0.1469985	0.4464917
2	28	18.42706	-0.0914607	0.1443955	0.4452782
2	28	18.439	-0.09075046	0.1425273	0.4442143
2	28	18.45243	-0.08781433	0.1377407	0.4417162
2	28	18.46301	-0.08781433	0.1377407	0.4417162
2	29	18.47537	-0.08415508	0.1330947	0.4384089
2	29	18.48814	-0.07957673	0.1301645	0.4368405
2	29	18.4998	-0.07495785	0.1277789	0.4352975
2	29	18.51274	-0.07495785	0.1277789	0.4352975
2	29	18.52361	-0.06610489	0.1233559	0.4319763
2	29	18.54613	-0.05691981	0.1208681	0.4287226
2	29	18.57389	-0.04490495	0.120387	0.4253449
2	29	18.5897	-0.03213096	0.1225286	0.4210863
2	30	18.61204	-0.01881933	0.1241689	0.4174433
2	30	18.63419	-0.005372286	0.12661	0.4124496
2	30	18.65616	0.008096218	0.1287682	0.4076047
2	30	18.67929	0.01951337	0.1297221	0.40099
2	30	18.70245	0.02955294	0.1296064	0.3937144
2	30	18.73002	0.04008555	0.1300128	0.3868029
2	30	18.74696	0.04854107	0.1295334	0.3790781
2	30	18.76912	0.05721998	0.1290393	0.369925
2	30	18.79098	0.06872749	0.1298581	0.3569169
2	30	18.81368	0.08374071	0.1311871	0.3424568
3	30	18.836	0.1026855	0.1332396	0.3253169
3	30	18.85759	0.1209846	0.1319773	0.3052592
3	30	18.88633	0.1348825	0.1288092	0.2854285
3	30	18.90313	0.1464448	0.1244817	0.2653837
3	30	18.92438	0.1600745	0.1252227	0.2508779
3	30	18.94802	0.1654527	0.1246186	0.2388587
4	30	18.97002	0.1671317	0.1242883	0.2304873
4	30	18.99172	0.1682034	0.1260006	0.2243707
4	30	19.01574	0.1682858	0.1291678	0.222518
4	30	19.03786	0.1693745	0.1306063	0.2194853
4	30	19.05124	0.1697152	0.131021	0.2180338
4	30	19.06595	0.1705694	0.1320115	0.2163277
5	30	19.07738	0.1708574	0.1333759	0.2148638
5	30	19.08898	0.1722083	0.1357386	0.2134023
5	30	19.1005	0.1722083	0.1357386	0.2134023
5	30	19.11303	0.1736538	0.1374397	0.2115428
5	30	19.12463	0.174747	0.1386676	0.2114308
5	30	19.13871	0.1750286	0.1414515	0.2122455
5	30	19.15151	0.1758394	0.1425377	0.2114463
5	30	19.16414	0.1781471	0.1445261	0.2105236
5	30	19.17895	0.1831789	0.1486622	0.2078986
6	30	19.19968	0.1855431	0.1519223	0.2073376
6	30	19.21305	0.1898012	0.1560957	0.2064691
6	30	19.22604	0.1908767	0.1575476	0.2060699
6	30	19.23954	0.1918142	0.1591365	0.2059121
6	30	19.25357	0.1916296	0.1608377	0.2062674
6	30	19.26838	0.1888733	0.1641655	0.2082069
6	30	19.28239	0.188103	0.166253	0.2085919
6	30	19.29644	0.1859949	0.1671013	0.2100186
6	30	19.31038	0.1833942	0.1673346	0.2121532
7	30	19.32362	0.1803989	0.1670164	0.2141623
7	30	19.33694	0.1736262	0.1636339	0.2181909
7	30	19.35994	0.1648421	0.1577891	0.2222099
7	30	19.3747	0.1648421	0.1577891	0.2222099
7	30	19.38579	0.1591992	0.1514992	0.2251325
7	30	19.39796	0.1591992	0.1514992	0.2251325
7	30	19.40986	0.1517055	0.1441529	0.2271547
7	30	19.42747	0.1416309	0.1362773	0.2291985
8	30	19.44994	0.1286049	0.127316	0.2318277
8	30	19.4724	0.109591	0.1150486	0.2349701
8	30	19.49542	0.08697391	0.09938955	0.2383456
8	30	19.52269	0.06282854	0.07745314	0.2416008
8	30	19.53909	0.04104877	0.0499121	0.2432251
8	30	19.56091	0.01776099	0.02506912	0.2434492
9	30	19.58387	-0.002473831	0.009081125	0.2440405
9	30	19.60596	-0.01770377	-0.001468301	0.2451439
9	30	19.62805	-0.02790856	-0.01049221	0.2459402
9	30	19.65151	-0.03124666	-0.01651454	0.2455916
9	30	19.67933	-0.03241754	-0.01927614	0.2456238
10	30	19.69572	-0.03586435	-0.02384603	0.2466412
10	30	19.71833	-0.03612757	-0.0262661	0.2469316
10	30	19.74026	-0.03462172	-0.02864361	0.24613
10	30	19.7625	-0.03352404	-0.02997053	0.244719
10	30	19.78554	-0.03235912	-0.02896655	0.2443891
11	30	19.8073	-0.03126764	-0.02836311	0.2437122
11	30	19.836	-0.03069401	-0.02775598	0.2424765
11	30	19.85228	-0.02879453	-0.02606106	0.2413421
11	30	19.87402	-0.02723837	-0.02568471	0.2404008
11	30	19.88695	-0.02586627	-0.02471638	0.2403188
11	30	19.89878	-0.02505088	-0.02398789	0.2405543
11	30	19.91276	-0.02436018	-0.02341568	0.2407126
11	30	19.92388	-0.0230422	-0.02231669	0.2413993
12	30	19.93692	-0.02220058	-0.02153981	0.2426271
12	30	19.95091	-0.02038527	-0.01990557	0.2455902
12	30	19.96327	-0.01969051	-0.01898897	0.2471275
12	30	19.98408	-0.01608205	-0.01691759	0.2511644
12	30	19.99601	-0.01377916	-0.01597404	0.2530637
12	30	20.01238	-0.01041698	-0.01429009	0.255352
12	30	20.02532	-0.006852388	-0.01296687	0.2585411
12	30	20.04016	0.0002446175	-0.009255648	0.2655797
13	30	20.05238	0.003125191	-0.007318735	0.2699728
13	30	20.06536	0.005973339	-0.005230308	0.2740703
13	30	20.07798	0.007761717	-0.002830982	0.2789021
13	30	20.08927	0.009972095	0.0003147125	0.2848454
13	30	20.1001	0.01157069	0.004101872	0.2914076
13	30	20.11296	0.01297379	0.007864952	0.2973096
13	30	20.12467	0.01388383	0.01268625	0.3052049
13	30	20.14658	0.0136447	0.02144372	0.3214176
13	30	20.15878	0.01283741	0.0263232	0.3296151
13	30	20.17157	0.01196241	0.03028393	0.3379107
13	30	20.18351	0.01147795	0.03414631	0.3460441
13	30	20.19606	0.008529186	0.04140067	0.3631673
13	30	20.21023	0.007011414	0.04516578	0.3712115
13	30	20.22262	0.003955841	0.05038166	0.3788981
13	30	20.23505	0.001667023	0.05631113	0.3867362
13	30	20.24891	0.002139091	0.06323099	0.3949494
13	30	20.26079	0.003435612	0.07081103	0.4025836
13	30	20.27287	0.006888628	0.07835877	0.410234
13	30	20.28627	0.01530409	0.09110236	0.4243269
13	30	20.30359	0.01530409	0.09110236	0.4243269
13	30	20.31614	0.02100801	0.1031804	0.4317617
13	30	20.33434	0.03082466	0.1156267	0.4393835
13	30	20.35457	0.04529953	0.1259761	0.4427638
13	30	20.37749	0.06281185	0.136613	0.4409511
13	30	20.39982	0.08048868	0.1470364	0.4365439
13	30	20.42187	0.09478879	0.1554724	0.4305594
13	30	20.44481	0.1070416	0.1630975	0.424614
13	30	20.47319	0.1157784	0.1671141	0.4186511
13	30	20.48853	0.1205163	0.1699129	0.4148729
13	30	20.51094	0.1240983	0.1720945	0.4132781
13	30	20.53375	0.1216474	0.1702094	0.4135752
13	30	20.55551	0.1177471	0.169543	0.4157643
13	30	20.57835	0.1115167	0.1675549	0.4201477
13	30	20.60117	0.1057055	0.1655474	0.4237027
13	30	20.62851	0.09973478	0.1632597	0.4264667
13	30	20.64551	0.09291577	0.1589259	0.4291987
13	30	20.66743	0.08714461	0.1545058	0.4323003
13	30	20.68974	0.08259916	0.1488656	0.4345758
13	30	20.71212	0.07929945	0.1440796	0.4382029
13	30	20.73476	0.0764153	0.1387297	0.4423723
13	30	20.75708	0.07119346	0.1343933	0.44736
13	30	20.78666	0.05563021	0.1364418	0.4587927
13	30	20.79933	0.04822755	0.1385536	0.4641063
13	30	20.81228	0.04118538	0.1416795	0.4687209
13	30	20.82507	0.02867627	0.1470156	0.4744401
13	30	20.83754	0.0195322	0.1487737	0.4782395
13	30	20.85014	0.007209063	0.1533368	0.4826384
13	30	20.86155	-0.004371166	0.1566595	0.485857
13	30	20.87226	-0.01757312	0.1590372	0.4873643
13	30	20.88379	-0.02998352	0.162334	0.4888015
13	30	20.89585	-0.04158688	0.1648581	0.4893308
13	30	20.90812	-0.05111885	0.1673867	0.4894767
13	30	20.92784	-0.06525183	0.1721767	0.4905071
13	30	20.93879	-0.06928205	0.1729357	0.4901648
13	30	20.9517	-0.07125306	0.1714836	0.4893081
13	30	20.96244	-0.07205462	0.1712592	0.4892433
13	30	20.97494	-0.0707655	0.1692424	0.4869533
13	30	20.98884	-0.06424475	0.1659967	0.4851592
13	30	21.00107	-0.061584	0.164974	0.4840698
13	30	21.01406	-0.0570457	0.1629701	0.4826007
13	30	21.02524	-0.05223608	0.1620867	0.4809079
13	30	21.03758	-0.04980516	0.160786	0.4788575
13	30	21.05284	-0.04696465	0.1594163	0.4764423
13	30	21.06549	-0.04547834	0.1588027	0.4742851
13	30	21.08549	-0.04376984	0.1582143	0.4696636
13	30	21.09624	-0.04426956	0.156803	0.4668489
13	30	21.10789	-0.04577851	0.1559393	0.4645195
13	30	21.1205	-0.04652762	0.155938	0.4617682
13	30	21.1319	-0.04652762	0.155938	0.4617682
13	30	21.14492	-0.05299926	0.1520649	0.4525352
13	30	21.15865	-0.06099606	0.1484017	0.4415231
13	30	21.18191	-0.07335997	0.1421632	0.4272764
13	30	21.20458	-0.08516765	0.1349655	0.4145455
13	30	21.22606	-0.08812189	0.1290784	0.4054909
13	30	21.25555	-0.08642316	0.1229261	0.4015687
13	30	21.27139	-0.08329725	0.1182976	0.397121
12	30	21.2926	-0.08087778	0.1115475	0.3889008
12	30	21.3157	-0.08234262	0.1057274	0.3787394
12	30	21.33742	-0.08545804	0.1026711	0.3723731
12	30	21.35917	-0.07641172	0.1048757	0.3738554
12	30	21.38264	-0.07885289	0.1007135	0.3672421
11	30	21.41615	-0.08142805	0.09605134	0.3601501
11	30	21.42772	-0.08413219	0.09269035	0.3557625
11	30	21.44939	-0.07827115	0.09395945	0.3577452
11	30	21.47215	-0.07774758	0.0924083	0.3576097
11	30	21.49395	-0.07727289	0.09137487	0.3571312
11	30	21.51682	-0.07610798	0.09114921	0.357255
10	30	21.53911	-0.07500958	0.09119523	0.3574591
10	30	21.56859	-0.07421541	0.09169793	0.3598695
10	30	21.58373	-0.07161403	0.09206021	0.362906
10	30	21.60639	-0.06664586	0.09352982	0.3671613
10	30	21.62791	-0.06047702	0.09573603	0.3718181
10	30	21.63922	-0.058146	0.09657598	0.3737309
9	30	21.65438	-0.05572653	0.09723723	0.375802
9	30	21.66617	-0.05243397	0.09818137	0.3778262
9	30	21.67602	-0.04926848	0.09912765	0.3794456
9	30	21.69065	-0.04598999	0.09908736	0.3808537
9	30	21.70874	-0.04842687	0.09351254	0.3766713
9	30	21.72281	-0.04913282	0.08988583	0.3745828
9	30	21.73429	-0.04515982	0.09033334	0.3761811
9	30	21.74567	-0.04013944	0.09008408	0.377656
9	30	21.75946	-0.0301218	0.08998203	0.3801036
9	30	21.77261	-0.0247705	0.08972454	0.3811009
8	30	21.78684	-0.01976228	0.08952355	0.3815525
8	30	21.80548	-0.01003599	0.08951879	0.3829939
8	30	21.81859	-0.004439354	0.09027493	0.3832388
8	30	21.83285	0.001178265	0.09056187	0.3828583
8	30	21.84425	0.006265402	0.09097528	0.383069
8	30	21.86862	0.01935577	0.09413016	0.383539
8	30	21.88106	0.02672267	0.09647429	0.3845744
8	30	21.89416	0.04195571	0.1008164	0.385437
7	30	21.90499	0.04989576	0.1021616	0.3857372
7	30	21.91751	0.05763626	0.1023669	0.3854406
7	30	21.93067	0.06558084	0.1023868	0.3849516
7	30	21.94202	0.0746963	0.1011298	0.3841186
7	30	21.95573	0.08419585	0.1003966	0.3840003
7	30	21.96878	0.09251809	0.0997318	0.3844912
7	30	21.97924	0.102365	0.09820735	0.3848095
7	30	21.99368	0.1197042	0.09586239	0.3837867
7	30	22.00516	0.1277988	0.09510314	0.3821254
8	30	22.02688	0.143214	0.096421	0.3799272
8	30	22.03714	0.143214	0.096421	0.3799272
8	30	22.0496	0.1581237	0.09850335	0.377718
8	30	22.06643	0.1581237	0.09850335	0.377718
8	30	22.07667	0.174947	0.1039671	0.3730345
8	30	22.09667	0.1906443	0.1101342	0.3675685
8	30	22.12006	0.1973205	0.1179984	0.3606319
8	30	22.14145	0.2012696	0.1216223	0.3553607
8	30	22.16438	0.2017946	0.1231438	0.3510334
8	30	22.19466	0.1987162	0.1230593	0.3475332
8	30	22.20834	0.1972728	0.1225125	0.3446229
8	30	22.23084	0.1944909	0.1200808	0.3415847
8	30	22.254	0.2006617	0.1207337	0.3439317
9	30	22.27494	0.1993656	0.1178913	0.3421516
9	30	22.2975	0.1985173	0.1151505	0.3408492
9	30	22.32146	0.1978505	0.1125849	0.3397906
9	30	22.34905	0.1964712	0.1097876	0.3389552
9	30	22.36938	0.1955221	0.1079453	0.3388939
10	30	22.38839	0.1942554	0.1067805	0.3386683
10	30	22.40957	0.1924486	0.1060652	0.339129
10	30	22.43206	0.1896806	0.1054375	0.3403192
10	30	22.45492	0.1870599	0.1049367	0.3410978
10	30	22.47667	0.1844156	0.1042734	0.3411245
10	30	22.50404	0.181607	0.1045084	0.3396163
11	30	22.52237	0.1784256	0.1045172	0.3384132
11	30	22.54338	0.1744878	0.1037517	0.3369188
11	30	22.55983	0.1729195	0.1030464	0.3360715
11	30	22.57115	0.171453	0.1025641	0.3348107
11	30	22.58164	0.1704652	0.1022279	0.3335304
11	30	22.59624	0.1698279	0.1023062	0.3317103
11	30	22.6061	0.1687794	0.1031649	0.3296909
11	30	22.61847	0.1675253	0.1039577	0.3271568
12	30	22.6317	0.1646616	0.1065562	0.3226657
12	30	22.65105	0.1630611	0.1077806	0.3207254
12	30	22.66528	0.1590986	0.1115384	0.315659
12	30	22.67574	0.1569023	0.1129133	0.3129978
12	30	22.68932	0.154223	0.1149429	0.3090663
12	30	22.702	0.151377	0.1172869	0.3048143
12	30	22.71277	0.1487575	0.1196096	0.3005786
12	30	22.72745	0.14575	0.1213968	0.2967348
12	30	22.73693	0.1423059	0.1236502	0.2921176
12	30	22.74863	0.13885	0.1255016	0.287993
12	30	22.7608	0.1336167	0.1270378	0.2836156
12	30	22.77198	0.1282063	0.1283274	0.2791657
12	30	22.7842	0.1229339	0.129468	0.2748606
12	30	22.80369	0.1097009	0.1303688	0.2651231
12	30	22.81503	0.1040688	0.1306269	0.260514
12	30	22.82957	0.09795809	0.1298026	0.2555177
12	30	22.84004	0.09277129	0.1294752	0.2497597
12	30	22.852	0.08802724	0.1293024	0.2447982
12	30	22.86479	0.07864904	0.1283427	0.2342889
12	30	22.87589	0.07419348	0.127593	0.2295377
12	30	22.89043	0.06992841	0.1264086	0.2251287
12	30	22.90342	0.06472635	0.1250929	0.2214675
12	30	22.91421	0.0605588	0.1236066	0.2176533
12	30	22.92751	0.056499	0.1221558	0.2131536
12	30	22.93874	0.05129337	0.1207434	0.209053
12	30	22.96072	0.04716039	0.1191742	0.2046661
12	30	22.97122	0.03995156	0.1167769	0.1961412
12	30	22.98539	0.03995156	0.1167769	0.1961412
12	30	23.00307	0.03461027	0.1150074	0.1880555
12	30	23.0134	0.02922273	0.1136981	0.1799765
12	30	23.03481	0.02434993	0.1126711	0.1713581
12	30	23.05815	0.01892233	0.1127453	0.1639538
12	30	23.07971	0.01303458	0.1120157	0.156837
12	30	23.10226	0.006337404	0.1104031	0.1496439
12	30	23.13256	-0.0003874302	0.1088234	0.1440244
12	30	23.14779	-0.008080482	0.1069096	0.1380312
12	30	23.16967	-0.01669526	0.1048869	0.1325846
12	30	23.19283	-0.02432013	0.1029878	0.1287351
12	30	23.21467	-0.03254128	0.1009334	0.1242616
12	30	23.2361	-0.04023647	0.09891915	0.1206727
12	30	23.25923	-0.04851341	0.09618819	0.117805
12	30	23.28847	-0.05675125	0.09286988	0.1152198
12	30	23.30337	-0.06505108	0.08917832	0.1124063
12	30	23.32596	-0.07213688	0.08555388	0.1098983
12	30	23.34836	-0.07937288	0.0824337	0.1074812
11	30	23.3702	-0.08646417	0.07907593	0.105638
11	30	23.39266	-0.09255981	0.07561135	0.1039586
11	30	23.41584	-0.09847188	0.07260454	0.1027851
11	30	23.44277	-0.1029987	0.07021058	0.1023664
11	30	23.45985	-0.1077933	0.06736767	0.1010151
11	30	23.47212	-0.1104329	0.06598163	0.1006341
11	30	23.48301	-0.1124017	0.06488717	0.1000547
10	30	23.49949	-0.1142058	0.06397772	0.09949207
10	30	23.50992	-0.1152904	0.06286299	0.09896612
10	30	23.5224	-0.1180654	0.06148839	0.09778357
10	30	23.53571	-0.1191452	0.06029356	0.09716272
10	30	23.54619	-0.1201005	0.05969715	0.0964005
10	30	23.56142	-0.1210735	0.05905473	0.0954473
10	30	23.57329	-0.123244	0.05758178	0.09372187
10	30	23.59361	-0.1238337	0.05681527	0.09052825
10	30	23.60496	-0.1250143	0.05630493	0.08885908
9	30	23.61556	-0.125891	0.05597711	0.08643866
9	30	23.6311	-0.1267598	0.05584657	0.0836339
9	30	23.64143	-0.1278114	0.05560374	0.08108449
9	30	23.65374	-0.1286676	0.05560899	0.07788754
9	30	23.66626	-0.1300986	0.05547059	0.07435465
9	30	23.6757	-0.1308038	0.05606377	0.07082725
9	30	23.68839	-0.1321983	0.05608523	0.06656528
9	30	23.70014	-0.1336372	0.05579793	0.06201601
9	30	23.71004	-0.1357703	0.05615997	0.05804777
9	30	23.72248	-0.1376445	0.05568683	0.05336595
8	30	23.73485	-0.1396494	0.05533803	0.04869699
8	30	23.75593	-0.143934	0.05475497	0.03981042
8	30	23.76851	-0.1461945	0.05471504	0.03562164
8	30	23.77857	-0.148627	0.05526769	0.0318985
8	30	23.79447	-0.1532838	0.05444574	0.0232532
8	30	23.80493	-0.1540532	0.05482543	0.0197618
8	30	23.81574	-0.1548004	0.05491543	0.01557875
8	30	23.82905	-0.1561821	0.05483115	0.01110435
8	30	23.84143	-0.1566334	0.0551883	0.00751543
7	30	23.85427	-0.1571808	0.05416572	0.003532171
7	30	23.86602	-0.1584933	0.05286407	-0.0009353161
7	30	23.87698	-0.1573069	0.05077171	-0.004524708
7	30	23.89131	-0.157546	0.04786646	-0.008222342
7	30	23.91169	-0.1578364	0.04262626	-0.0145483
7	30	23.92598	-0.1568499	0.0390029	-0.01653194
7	30	23.93653	-0.1577537	0.03573871	-0.01993275
7	30	23.94579	-0.1563652	0.03354609	-0.02046251
7	30	23.96051	-0.1545916	0.02847445	-0.02225208
7	30	23.97108	-0.1558828	0.02559447	-0.02353644
6	30	23.98084	-0.1558828	0.02559447	-0.02353644
6	30	23.99381	-0.1540871	0.02267087	-0.02428246
6	30	24.00568	-0.1544988	0.01511872	-0.02826214
6	30	24.01716	-0.1544988	0.01511872	-0.02826214
6	30	24.03213	-0.1536195	0.01045847	-0.02831268
6	30	24.05251	-0.1483049	0.009909987	-0.02894902
6	30	24.07929	-0.15381	0.003418803	-0.03819227
6	30	24.0959	-0.1553614	-0.002774358	-0.03979373
6	30	24.11903	-0.1610208	-0.005491614	-0.04673767
6	30	24.14084	-0.1648784	-0.005106568	-0.04976153
6	30	24.16328	-0.1680391	-0.006094456	-0.05123949
6	30	24.18588	-0.1692491	-0.00595057	-0.05147934
6	30	24.20778	-0.1686096	-0.005656958	-0.05327177
5	30	24.23612	-0.1706333	-0.007812023	-0.05612373
5	30	24.25341	-0.1702366	-0.009306431	-0.05481339
5	30	24.27457	-0.1685913	-0.01083088	-0.05538416
5	30	24.29783	-0.1708031	-0.009406567	-0.05958652
5	30	24.32115	-0.1733859	-0.00824964	-0.05975819
4	30	24.34249	-0.1718757	-0.00822711	-0.05911732
4	30	24.36572	-0.1723833	-0.007857084	-0.06072187
4	30	24.40165	-0.1729593	-0.0113759	-0.05961657
4	30	24.41309	-0.1703248	-0.01526237	-0.05737448
4	30	24.43152	-0.1695738	-0.02117157	-0.05576468
4	30	24.45485	-0.1707454	-0.01894927	-0.05787563
3	30	24.47533	-0.173969	-0.01080835	-0.05876398
3	30	24.498	-0.174794	-0.01209152	-0.05807805
3	30	24.50869	-0.1749704	-0.01414895	-0.05937719
3	30	24.52258	-0.1757574	-0.01435304	-0.05964375
3	30	24.54366	-0.1758437	-0.01492858	-0.06045103
3	30	24.55806	-0.1762261	-0.01455486	-0.06048298
3	30	24.57079	-0.176131	-0.01479411	-0.06028605
3	30	24.58391	-0.1772549	-0.01607966	-0.06169128
2	30	24.59759	-0.1759257	-0.01493943	-0.06111431
2	30	24.60879	-0.1771345	-0.01589191	-0.06200743
2	30	24.62129	-0.1785464	-0.01689982	-0.0626936
2	30	24.63541	-0.17643	-0.01578319	-0.06155777
2	30	24.65173	-0.1786346	-0.01693022	-0.06312227
2	30	24.66465	-0.1765475	-0.01690352	-0.06189537
2	30	24.67555	-0.1771321	-0.01670671	-0.06213069
2	30	24.69668	-0.1770165	-0.01716518	-0.06206441
2	30	24.70755	-0.1770165	-0.01716518	-0.06206441
2	30	24.71944	-0.1794655	-0.01854229	-0.063941
2	30	24.73223	-0.1772263	-0.01762938	-0.06232643
2	30	24.74302	-0.1783566	-0.01803315	-0.06302428
2	30	24.75682	-0.1796019	-0.01903355	-0.06386757
2	30	24.77011	-0.1773529	-0.01796341	-0.06265259
2	30	24.7802	-0.1727958	-0.014871	-0.05944204
2	30	24.79314	-0.1731086	-0.01500487	-0.05991006
2	30	24.80448	-0.1718791	-0.01429117	-0.05869675
2	30	24.81561	-0.1748197	-0.01609504	-0.06065273
2	30	24.82971	-0.1738803	-0.01579654	-0.06013775
2	30	24.84828	-0.1767323	-0.01708186	-0.06164956
2	30	24.86185	-0.1771803	-0.01724911	-0.06221199
2	30	24.87283	-0.1756425	-0.01603615	-0.06083584
2	30	24.88368	-0.1769764	-0.01708138	-0.06179452
2	30	24.8981	-0.1760507	-0.01641095	-0.06112719
2	30	24.90858	-0.1773283	-0.01717699	-0.06199646
2	30	24.92414	-0.1773283	-0.01717699	-0.06199646
2	30	24.93716	-0.176698	-0.01682377	-0.06181479
2	30	24.95057	-0.176698	-0.01682377	-0.06181479
2	30	24.96642	-0.1777658	-0.01762772	-0.06237078
2	30	24.9814	-0.1775064	-0.01737988	-0.06224012
2	30	25.00845	-0.1765177	-0.0169456	-0.0616374
2	30	25.02591	-0.1776242	-0.01723361	-0.06245589
2	30	25.0482	-0.1766496	-0.01661861	-0.06206322
2	30	25.07034	-0.175313	-0.01645672	-0.06115723
2	30	25.09302	-0.176167	-0.01636326	-0.06135917
2	30	25.11325	-0.1762686	-0.01621306	-0.06155944
2	30	25.13674	-0.1756487	-0.01566887	-0.06108284
2	30	25.1685	-0.1762061	-0.01587343	-0.0612855
2	30	25.18164	-0.1746993	-0.01547468	-0.06053305
2	30	25.20357	-0.1731033	-0.01471674	-0.05955434
2	30	25.22697	-0.1733863	-0.01519918	-0.06028271
2	30	25.24833	-0.1728568	-0.01489997	-0.05939341
2	30	25.2706	-0.1723516	-0.01454973	-0.05888367
2	30	25.29424	-0.1725292	-0.01478958	-0.05888987
2	30	25.32646	-0.172132	-0.01442397	-0.05862975
2	30	25.33928	-0.1713068	-0.01382375	-0.05827522
2	30	25.36121	-0.1713572	-0.01403975	-0.05871439
2	30	25.38252	-0.1700547	-0.01326323	-0.05755711
2	30	25.40385	-0.1697202	-0.01291859	-0.05728292
2	30	25.42726	-0.1700215	-0.01307809	-0.05740356
2	30	25.43995	-0.1689634	-0.01252413	-0.05676603
2	30	25.453	-0.169076	-0.01264811	-0.05695486
2	30	25.4783	-0.1682303	-0.01213408	-0.05655169
2	30	25.49775	-0.1683509	-0.01202297	-0.05650949
2	30	25.51143	-0.1676607	-0.01168501	-0.05602741
2	30	25.52926	-0.16749	-0.01151431	-0.05600691
2	30	25.54179	-0.1673737	-0.01145172	-0.05587053
2	30	25.55344	-0.167362	-0.01147282	-0.05584574
2	30	25.56748	-0.1669333	-0.01137352	-0.05553102
2	30	25.57842	-0.1669333	-0.01137352	-0.05553102
2	30	25.59263	-0.1668749	-0.01138294	-0.05554056
2	30	25.60561	-0.1665101	-0.01099885	-0.05516243
2	30	25.62657	-0.1653214	-0.01019037	-0.05482817
2	30	25.63792	-0.1659429	-0.0106256	-0.05478954
2	30	25.64745	-0.1658885	-0.01061761	-0.05475688
2	30	25.66307	-0.1658366	-0.01062226	-0.05474567
2	30	25.67443	-0.1652603	-0.0103879	-0.05446243
2	30	25.68717	-0.1651995	-0.01042378	-0.05443525
2	30	25.70211	-0.1646941	-0.01008952	-0.05422592
2	30	25.71182	-0.1646941	-0.01008952	-0.05422592
2	30	25.72584	-0.1631892	-0.009413123	-0.05322456
2	30	25.73792	-0.1635647	-0.009538412	-0.05339813
2	30	25.75032	-0.1634827	-0.009541392	-0.05335855
2	30	25.76712	-0.1634827	-0.009541392	-0.05335855
2	30	25.78442	-0.1634262	-0.009366035	-0.05321884
2	30	25.79712	-0.1627762	-0.00897193	-0.05298567
2	30	25.8167	-0.1633437	-0.009168148	-0.05320883
2	30	25.83889	-0.1632423	-0.009235501	-0.05341673
2	30	25.86115	-0.1622438	-0.008866191	-0.05264997
2	30	25.88355	-0.1635134	-0.009534955	-0.05358601
2	30	25.90568	-0.1639447	-0.009631276	-0.05379272
2	30	25.92846	-0.1627536	-0.008942604	-0.0532279
2	30	25.96084	-0.1639519	-0.009512663	-0.05397367
2	30	25.97789	-0.1635332	-0.009162903	-0.05354095
2	30	25.99686	-0.1623683	-0.008620024	-0.05272913
2	30	26.01923	-0.1633306	-0.009167671	-0.05331612
2	30	26.04036	-0.1634879	-0.009310246	-0.05338049
2	30	26.06387	-0.1623883	-0.008805633	-0.05264235
2	30	26.08673	-0.1631446	-0.009198785	-0.05305457
2	30	26.1123	-0.1633766	-0.009438634	-0.05325389
2	30	26.12994	-0.1628542	-0.009283185	-0.05296516
2	30	26.15228	-0.1633482	-0.009631991	-0.05319881
2	30	26.17417	-0.1637201	-0.009708405	-0.05342913
2	30	26.19644	-0.162765	-0.009233356	-0.05289578
2	30	26.22016	-0.1629488	-0.009251475	-0.05291414
2	30	26.24139	-0.162255	-0.00876689	-0.05254674
2	30	26.26964	-0.1619737	-0.008558869	-0.05258012
2	30	26.28041	-0.1628585	-0.008936048	-0.05307961
2	30	26.29537	-0.1624081	-0.008764029	-0.0528028
2	30	26.31064	-0.1632907	-0.009142518	-0.05322027
2	30	26.3228	-0.1631603	-0.009112	-0.0531981
2	30	26.33595	-0.1630054	-0.009075165	-0.05317116
2	30	26.34564	-0.1635783	-0.009372115	-0.05351496
2	30	26.35917	-0.1634631	-0.009318113	-0.05348444
2	30	26.37107	-0.1634092	-0.009401798	-0.05338144
2	30	26.38087	-0.1642644	-0.009992003	-0.05398273
2	30	26.3979	-0.1639032	-0.009875417	-0.05392981
2	30	26.41707	-0.1644359	-0.01006651	-0.0541923
2	30	26.43637	-0.1639724	-0.01001942	-0.05376053
2	30	26.4455	-0.1645312	-0.01041627	-0.05414701
2	30	26.45913	-0.1643977	-0.01039326	-0.05408859
2	30	26.47352	-0.1648138	-0.01040018	-0.05435514
2	30	26.48748	-0.1646938	-0.01042068	-0.05432129
2	30	26.50119	-0.1641192	-0.01010299	-0.05410576
2	30	26.51711	-0.1644983	-0.01019347	-0.05430889
2	30	26.53061	-0.1639748	-0.009866595	-0.05415964
2	30	26.5416	-0.165092	-0.0102042	-0.05467272
2	30	26.55942	-0.1649909	-0.01017964	-0.0546205
