x	y	time	x-coordinate	y-coordinate	z-coordinate
15	11	0.2253177	0.345	-0.1	0.038
15	11	0.2335216	0.345	-0.1	0.038
15	11	0.239645	0.345	-0.1	0.038
15	11	0.2455966	0.345	-0.1	0.038
15	11	0.2504898	0.345	-0.1	0.038
15	11	0.255061	0.345	-0.1	0.038
15	11	0.2599148	0.345	-0.1	0.038
15	11	0.2645433	0.345	-0.1	0.038
15	11	0.2693937	0.345	-0.1	0.038
15	11	0.2743695	0.345	-0.1	0.038
15	11	0.2796367	0.345	-0.1	0.038
15	11	0.2842827	0.345	-0.1	0.038
15	11	0.2898626	0.345	-0.1	0.038
15	11	0.2946812	0.345	-0.1	0.038
15	11	0.2990809	0.345	-0.1	0.038
15	11	0.3042461	0.345	-0.1	0.038
15	11	0.3088094	0.345	-0.1	0.038
15	11	0.3144447	0.345	-0.1	0.038
15	11	0.3195157	0.345	-0.1	0.038
15	11	0.3248447	0.345	-0.1	0.038
15	11	0.3303424	0.345	-0.1	0.038
15	11	0.3429629	0.345	-0.1	0.038
15	11	0.3476318	0.345	-0.1	0.038
15	11	0.3531272	0.345	-0.1	0.038
15	11	0.3582725	0.345	-0.1	0.038
15	11	0.3636289	0.345	-0.1	0.038
15	11	0.3685471	0.345	-0.1	0.038
15	11	0.373405	0.345	-0.1	0.038
15	11	0.3781137	0.345	-0.1	0.038
15	11	0.3826659	0.345	-0.1	0.038
15	11	0.3880704	0.345	-0.1	0.038
15	11	0.3927261	0.345	-0.1	0.038
15	11	0.3972008	0.345	-0.1	0.038
15	11	0.4019446	0.345	-0.1	0.038
15	11	0.4065178	0.345	-0.1	0.038
15	11	0.4116034	0.345	-0.1	0.038
15	11	0.4161791	0.345	-0.1	0.038
15	11	0.4207824	0.345	-0.1	0.038
15	11	0.4255539	0.345	-0.1	0.038
15	11	0.430334	0.345	-0.1	0.038
15	11	0.4349891	0.345	-0.1	0.038
15	11	0.4398858	0.345	-0.1	0.038
15	11	0.4452727	0.345	-0.1	0.038
15	11	0.4503476	0.345	-0.1	0.038
15	11	0.4555124	0.345	-0.1	0.038
15	11	0.4605915	0.345	-0.1	0.038
15	11	0.4649354	0.345	-0.1	0.038
15	11	0.4697423	0.345	-0.1	0.038
15	11	0.4744043	0.345	-0.1	0.038
15	11	0.479034	0.345	-0.1	0.038
15	11	0.4840596	0.345	-0.1	0.038
15	11	0.4897079	0.345	-0.1	0.038
15	11	0.4945284	0.345	-0.1	0.038
15	11	0.5000273	0.345	-0.1	0.038
15	11	0.5049586	0.345	-0.1	0.038
15	11	0.512975	0.345	-0.1	0.038
15	11	0.5175119	0.345	-0.1	0.038
15	11	0.5219398	0.345	-0.1	0.038
15	11	0.5267624	0.345	-0.1	0.038
15	11	0.5314063	0.345	-0.1	0.038
15	11	0.5362008	0.345	-0.1	0.038
15	11	0.541436	0.345	-0.1	0.038
15	11	0.5458422	0.345	-0.1	0.038
15	11	0.5506821	0.345	-0.1	0.038
15	11	0.5554041	0.345	-0.1	0.038
15	11	0.5609334	0.345	-0.1	0.038
15	11	0.5658611	0.345	-0.1	0.038
15	11	0.570686	0.345	-0.1	0.038
15	11	0.576135	0.345	-0.1	0.038
15	11	0.5812197	0.345	-0.1	0.038
15	11	0.5861453	0.345	-0.1	0.038
15	11	0.5914725	0.345	-0.1	0.038
15	11	0.5970473	0.345	-0.1	0.038
15	11	0.6015971	0.345	-0.1	0.038
15	11	0.6065937	0.345	-0.1	0.038
15	11	0.6115	0.345	-0.1	0.038
15	11	0.6160592	0.345	-0.1	0.038
15	11	0.6208574	0.345	-0.1	0.038
15	11	0.6260696	0.345	-0.1	0.038
15	11	0.6312581	0.345	-0.1	0.038
15	11	0.6361566	0.345	-0.1	0.038
15	11	0.6406772	0.345	-0.1	0.038
15	11	0.6453079	0.345	-0.1	0.038
15	11	0.6497434	0.345	-0.1	0.038
15	11	0.6543496	0.345	-0.1	0.038
15	11	0.6594273	0.345	-0.1	0.038
15	11	0.6638443	0.345	-0.1	0.038
15	11	0.6686879	0.345	-0.1	0.038
15	11	0.6737405	0.345	-0.1	0.038
15	11	0.6792501	0.345	-0.1	0.038
15	11	0.6843751	0.345	-0.1	0.038
15	11	0.690172	0.345	-0.1	0.038
15	11	0.6953531	0.345	-0.1	0.038
15	11	0.6999936	0.345	-0.1	0.038
15	11	0.7045073	0.345	-0.1	0.038
15	11	0.7095527	0.345	-0.1	0.038
15	11	0.7145651	0.345	-0.1	0.038
15	11	0.7197251	0.345	-0.1	0.038
15	11	0.7251745	0.345	-0.1	0.038
15	11	0.7300613	0.345	-0.1	0.038
15	11	0.7346587	0.345	-0.1	0.038
15	11	0.7391525	0.345	-0.1	0.038
15	11	0.7436657	0.345	-0.1	0.038
15	11	0.748534	0.345	-0.1	0.038
15	11	0.753345	0.345	-0.1	0.038
15	11	0.7583654	0.345	-0.1	0.038
15	11	0.7632716	0.345	-0.1	0.038
15	11	0.7683391	0.345	-0.1	0.038
15	11	0.7738892	0.345	-0.1	0.038
15	11	0.77958	0.345	-0.1	0.038
15	11	0.7844872	0.345	-0.1	0.038
15	11	0.789137	0.345	-0.1	0.038
15	11	0.7939687	0.345	-0.1	0.038
15	11	0.7983304	0.345	-0.1	0.038
15	11	0.8024189	0.345	-0.1	0.038
15	11	0.807395	0.345	-0.1	0.038
15	11	0.8119687	0.345	-0.1	0.038
15	11	0.8164871	0.345	-0.1	0.038
15	11	0.8208095	0.345	-0.1	0.038
15	11	0.8254012	0.345	-0.1	0.038
15	11	0.8304036	0.345	-0.1	0.038
15	11	0.8349166	0.345	-0.1	0.038
15	11	0.8400508	0.345	-0.1	0.038
15	11	0.8452811	0.345	-0.1	0.038
15	11	0.850191	0.345	-0.1	0.038
15	11	0.8546521	0.345	-0.1	0.038
15	11	0.8598011	0.345	-0.1	0.038
15	11	0.864142	0.345	-0.1	0.038
15	11	0.8689409	0.345	-0.1	0.038
15	11	0.8737456	0.345	-0.1	0.038
15	11	0.878912	0.345	-0.1	0.038
15	11	0.8836811	0.345	-0.1	0.038
15	11	0.8885682	0.345	-0.1	0.038
15	11	0.8931779	0.345	-0.1	0.038
15	11	0.8979201	0.345	-0.1	0.038
15	11	0.9027608	0.345	-0.1	0.038
15	11	0.9083587	0.345	-0.1	0.038
15	11	0.9135027	0.345	-0.1	0.038
15	11	0.9188558	0.345	-0.1	0.038
15	11	0.9243357	0.345	-0.1	0.038
15	11	0.9294745	0.345	-0.1	0.038
15	11	0.9348146	0.345	-0.1	0.038
15	11	0.9400629	0.345	-0.1	0.038
15	11	0.9461505	0.345	-0.1	0.038
15	11	0.9511123	0.345	-0.1	0.038
15	11	0.956112	0.345	-0.1	0.038
15	11	0.9605411	0.345	-0.1	0.038
15	11	0.9654225	0.345	-0.1	0.038
15	11	0.9705107	0.345	-0.1	0.038
15	11	0.9750896	0.345	-0.1	0.038
15	11	0.9794636	0.345	-0.1	0.038
15	11	0.9843029	0.345	-0.1	0.038
15	11	0.9890726	0.345	-0.1	0.038
15	11	0.9936113	0.345	-0.1	0.038
15	11	0.9988505	0.345	-0.1	0.038
15	11	1.003436	0.345	-0.1	0.038
15	11	1.011352	0.345	-0.1	0.038
15	11	1.016052	0.345	-0.1	0.038
15	11	1.021076	0.345	-0.1	0.038
15	11	1.025629	0.345	-0.1	0.038
15	11	1.030516	0.345	-0.1	0.038
15	11	1.035288	0.345	-0.1	0.038
15	11	1.040103	0.345	-0.1	0.038
15	11	1.044774	0.345	-0.1	0.038
15	11	1.050325	0.345	-0.1	0.038
15	11	1.054813	0.345	-0.1	0.038
15	11	1.059868	0.345	-0.1	0.038
15	11	1.064505	0.345	-0.1	0.038
15	11	1.069245	0.345	-0.1	0.038
15	11	1.074646	0.345	-0.1	0.038
15	11	1.0798	0.345	-0.1	0.038
15	11	1.084609	0.345	-0.1	0.038
15	11	1.089794	0.345	-0.1	0.038
15	11	1.094915	0.345	-0.1	0.038
15	11	1.10015	0.345	-0.1	0.038
15	11	1.10435	0.345	-0.1	0.038
15	11	1.109779	0.345	-0.1	0.038
15	11	1.115333	0.345	-0.1	0.038
15	11	1.119999	0.345	-0.1	0.038
15	11	1.124845	0.345	-0.1	0.038
15	11	1.12977	0.345	-0.1	0.038
15	11	1.134833	0.345	-0.1	0.038
15	11	1.139316	0.345	-0.1	0.038
15	11	1.144142	0.345	-0.1	0.038
15	11	1.14976	0.345	-0.1	0.038
15	11	1.154537	0.345	-0.1	0.038
15	11	1.159702	0.345	-0.1	0.038
15	11	1.164108	0.345	-0.1	0.038
15	11	1.169353	0.345	-0.1	0.038
15	11	1.174852	0.345	-0.1	0.038
15	11	1.179875	0.345	-0.1	0.038
15	11	1.184532	0.345	-0.1	0.038
15	11	1.189548	0.345	-0.1	0.038
15	11	1.194179	0.345	-0.1	0.038
15	11	1.198949	0.345	-0.1	0.038
15	11	1.203624	0.345	-0.1	0.038
15	11	1.209467	0.345	-0.1	0.038
15	11	1.214184	0.345	-0.1	0.038
15	11	1.218573	0.345	-0.1	0.038
15	11	1.223799	0.345	-0.1	0.038
15	11	1.229285	0.345	-0.1	0.038
15	11	1.233985	0.345	-0.1	0.038
15	11	1.239609	0.345	-0.1	0.038
15	11	1.244753	0.345	-0.1	0.038
15	11	1.249335	0.345	-0.1	0.038
15	11	1.254242	0.345	-0.1	0.038
15	11	1.259822	0.345	-0.1	0.038
15	11	1.264603	0.345	-0.1	0.038
15	11	1.26997	0.345	-0.1	0.038
15	11	1.274778	0.345	-0.1	0.038
15	11	1.279178	0.345	-0.1	0.038
15	11	1.283735	0.345	-0.1	0.038
15	11	1.288983	0.345	-0.1	0.038
15	11	1.293858	0.345	-0.1	0.038
15	11	1.298469	0.345	-0.1	0.038
15	11	1.30422	0.345	-0.1	0.038
15	11	1.309322	0.345	-0.1	0.038
15	11	1.314157	0.345	-0.1	0.038
15	11	1.31924	0.345	-0.1	0.038
15	11	1.323795	0.345	-0.1	0.038
15	11	1.329559	0.345	-0.1	0.038
15	11	1.334585	0.345	-0.1	0.038
15	11	1.33931	0.345	-0.1	0.038
15	11	1.34433	0.345	-0.1	0.038
15	11	1.349447	0.345	-0.1	0.038
15	11	1.354419	0.345	-0.1	0.038
15	11	1.359573	0.345	-0.1	0.038
15	11	1.365002	0.345	-0.1	0.038
15	11	1.370223	0.345	-0.1	0.038
15	11	1.375595	0.345	-0.1	0.038
15	11	1.380794	0.345	-0.1	0.038
15	11	1.385452	0.345	-0.1	0.038
15	11	1.390606	0.345	-0.1	0.038
15	11	1.396244	0.345	-0.1	0.038
15	11	1.400788	0.345	-0.1	0.038
15	11	1.405457	0.345	-0.1	0.038
15	11	1.410981	0.345	-0.1	0.038
15	11	1.415414	0.345	-0.1	0.038
15	11	1.420651	0.345	-0.1	0.038
15	11	1.425483	0.345	-0.1	0.038
15	11	1.431241	0.345	-0.1	0.038
15	11	1.436322	0.345	-0.1	0.038
15	11	1.441807	0.345	-0.1	0.038
15	11	1.446815	0.345	-0.1	0.038
15	11	1.452427	0.345	-0.1	0.038
15	11	1.457952	0.345	-0.1	0.038
15	11	1.463382	0.345	-0.1	0.038
15	11	1.468543	0.345	-0.1	0.038
15	11	1.474033	0.345	-0.1	0.038
15	11	1.479035	0.345	-0.1	0.038
15	11	1.484546	0.345	-0.1	0.038
15	11	1.489753	0.345	-0.1	0.038
15	11	1.494441	0.345	-0.1	0.038
15	11	1.498784	0.345	-0.1	0.038
15	11	1.503296	0.345	-0.1	0.038
15	11	1.508232	0.345	-0.1	0.038
15	11	1.515855	0.345	-0.1	0.038
15	11	1.520481	0.345	-0.1	0.038
15	11	1.525566	0.345	-0.1	0.038
15	11	1.530516	0.345	-0.1	0.038
15	11	1.535859	0.345	-0.1	0.038
15	11	1.540798	0.345	-0.1	0.038
15	11	1.545465	0.345	-0.1	0.038
15	11	1.55065	0.345	-0.1	0.038
15	11	1.555482	0.345	-0.1	0.038
15	11	1.560148	0.345	-0.1	0.038
15	11	1.564772	0.345	-0.1	0.038
15	11	1.569789	0.345	-0.1	0.038
15	11	1.574694	0.345	-0.1	0.038
15	11	1.579234	0.345	-0.1	0.038
15	11	1.583692	0.345	-0.1	0.038
15	11	1.588583	0.345	-0.1	0.038
15	11	1.593362	0.345	-0.1	0.038
15	11	1.598005	0.345	-0.1	0.038
15	11	1.603172	0.345	-0.1	0.038
15	11	1.609085	0.345	-0.1	0.038
15	11	1.613498	0.345	-0.1	0.038
15	11	1.618406	0.345	-0.1	0.038
15	11	1.623031	0.345	-0.1	0.038
15	11	1.627749	0.345	-0.1	0.038
15	11	1.63235	0.345	-0.1	0.038
15	11	1.63703	0.345	-0.1	0.038
15	11	1.64213	0.345	-0.1	0.038
15	11	1.646939	0.345	-0.1	0.038
15	11	1.652777	0.345	-0.1	0.038
15	11	1.657472	0.345	-0.1	0.038
15	11	1.661992	0.345	-0.1	0.038
15	11	1.667049	0.345	-0.1	0.038
15	11	1.672069	0.345	-0.1	0.038
15	11	1.677469	0.345	-0.1	0.038
15	11	1.682934	0.345	-0.1	0.038
15	11	1.687616	0.345	-0.1	0.038
15	11	1.692952	0.345	-0.1	0.038
15	11	1.698067	0.345	-0.1	0.038
15	11	1.702743	0.345	-0.1	0.038
15	11	1.707712	0.345	-0.1	0.038
15	11	1.712727	0.345	-0.1	0.038
15	11	1.717176	0.345	-0.1	0.038
15	11	1.721804	0.345	-0.1	0.038
15	11	1.726317	0.345	-0.1	0.038
15	11	1.731443	0.345	-0.1	0.038
15	11	1.735931	0.345	-0.1	0.038
15	11	1.740769	0.345	-0.1	0.038
15	11	1.745582	0.345	-0.1	0.038
15	11	1.750698	0.345	-0.1	0.038
15	11	1.755588	0.345	-0.1	0.038
15	11	1.760866	0.345	-0.1	0.038
15	11	1.765541	0.345	-0.1	0.038
15	11	1.770148	0.345	-0.1	0.038
15	11	1.774512	0.345	-0.1	0.038
15	11	1.779782	0.345	-0.1	0.038
15	11	1.785797	0.345	-0.1	0.038
15	11	1.791031	0.345	-0.1	0.038
15	11	1.795319	0.345	-0.1	0.038
15	11	1.8002	0.345	-0.1	0.038
15	11	1.80483	0.345	-0.1	0.038
15	11	1.809909	0.345	-0.1	0.038
15	11	1.815222	0.345	-0.1	0.038
15	11	1.819898	0.345	-0.1	0.038
15	11	1.824592	0.345	-0.1	0.038
15	11	1.829512	0.345	-0.1	0.038
15	11	1.83424	0.345	-0.1	0.038
15	11	1.839164	0.345	-0.1	0.038
15	11	1.844143	0.345	-0.1	0.038
15	11	1.848829	0.345	-0.1	0.038
15	11	1.853602	0.345	-0.1	0.038
15	11	1.858778	0.345	-0.1	0.038
15	11	1.863995	0.345	-0.1	0.038
15	11	1.868988	0.345	-0.1	0.038
15	11	1.873748	0.345	-0.1	0.038
15	11	1.878558	0.345	-0.1	0.038
15	11	1.88329	0.345	-0.1	0.038
15	11	1.888145	0.345	-0.1	0.038
15	11	1.893156	0.345	-0.1	0.038
15	11	1.897654	0.345	-0.1	0.038
15	11	1.902463	0.345	-0.1	0.038
15	11	1.907021	0.345	-0.1	0.038
15	11	1.912021	0.345	-0.1	0.038
15	11	1.916266	0.345	-0.1	0.038
15	11	1.921313	0.345	-0.1	0.038
15	11	1.926488	0.345	-0.1	0.038
15	11	1.93112	0.345	-0.1	0.038
15	11	1.936065	0.345	-0.1	0.038
15	11	1.94122	0.345	-0.1	0.038
15	11	1.946615	0.345	-0.1	0.038
15	11	1.952652	0.345	-0.1	0.038
15	11	1.958044	0.345	-0.1	0.038
15	11	1.962777	0.345	-0.1	0.038
15	11	1.967661	0.345	-0.1	0.038
15	11	1.972498	0.345	-0.1	0.038
15	11	1.977306	0.345	-0.1	0.038
15	11	1.982255	0.345	-0.1	0.038
15	11	1.987072	0.345	-0.1	0.038
15	11	1.9924	0.345	-0.1	0.038
15	11	1.997348	0.345	-0.1	0.038
15	11	2.002478	0.345	-0.1	0.038
15	11	2.010571	0.345	-0.1	0.038
15	11	2.01559	0.345	-0.1	0.038
15	11	2.02	0.345	-0.1	0.038
15	11	2.024553	0.345	-0.1	0.038
15	11	2.029406	0.345	-0.1	0.038
15	11	2.033996	0.345	-0.1	0.038
15	11	2.038657	0.345	-0.1	0.038
15	11	2.04319	0.345	-0.1	0.038
15	11	2.048122	0.345	-0.1	0.038
15	11	2.052981	0.345	-0.1	0.038
15	11	2.058002	0.345	-0.1	0.038
15	11	2.062926	0.345	-0.1	0.038
15	11	2.06781	0.345	-0.1	0.038
15	11	2.07232	0.345	-0.1	0.038
15	11	2.077786	0.345	-0.1	0.038
15	11	2.08242	0.345	-0.1	0.038
15	11	2.087355	0.345	-0.1	0.038
15	11	2.092271	0.345	-0.1	0.038
15	11	2.096971	0.345	-0.1	0.038
15	11	2.101423	0.345	-0.1	0.038
15	11	2.106188	0.345	-0.1	0.038
15	11	2.111326	0.345	-0.1	0.038
15	11	2.116074	0.345	-0.1	0.038
15	11	2.121565	0.345	-0.1	0.038
15	11	2.126502	0.345	-0.1	0.038
15	11	2.131413	0.345	-0.1	0.038
15	11	2.136141	0.345	-0.1	0.038
15	11	2.141253	0.345	-0.1	0.038
15	11	2.145758	0.345	-0.1	0.038
15	11	2.150783	0.345	-0.1	0.038
15	11	2.155831	0.345	-0.1	0.038
15	11	2.160611	0.345	-0.1	0.038
15	11	2.165138	0.345	-0.1	0.038
15	11	2.170069	0.345	-0.1	0.038
15	11	2.175511	0.345	-0.1	0.038
15	11	2.180293	0.345	-0.1	0.038
15	11	2.184934	0.345	-0.1	0.038
15	11	2.189581	0.345	-0.1	0.038
15	11	2.194387	0.345	-0.1	0.038
15	11	2.198897	0.345	-0.1	0.038
15	11	2.203516	0.345	-0.1	0.038
15	11	2.209184	0.345	-0.1	0.038
15	11	2.214233	0.345	-0.1	0.038
15	11	2.219068	0.345	-0.1	0.038
15	11	2.223925	0.345	-0.1	0.038
15	11	2.229422	0.345	-0.1	0.038
15	11	2.2339	0.345	-0.1	0.038
15	11	2.238972	0.345	-0.1	0.038
15	11	2.244121	0.345	-0.1	0.038
15	11	2.249174	0.345	-0.1	0.038
15	11	2.254065	0.345	-0.1	0.038
15	11	2.25889	0.345	-0.1	0.038
15	11	2.263424	0.345	-0.1	0.038
15	11	2.268541	0.345	-0.1	0.038
15	11	2.273087	0.345	-0.1	0.038
15	11	2.27765	0.345	-0.1	0.038
15	11	2.282179	0.345	-0.1	0.038
15	11	2.286824	0.345	-0.1	0.038
15	11	2.291453	0.345	-0.1	0.038
15	11	2.295764	0.345	-0.1	0.038
15	11	2.300489	0.345	-0.1	0.038
15	11	2.305068	0.345	-0.1	0.038
15	11	2.31003	0.345	-0.1	0.038
15	11	2.314807	0.345	-0.1	0.038
15	11	2.319361	0.345	-0.1	0.038
15	11	2.323857	0.345	-0.1	0.038
15	11	2.329732	0.345	-0.1	0.038
15	11	2.334138	0.345	-0.1	0.038
15	11	2.338508	0.345	-0.1	0.038
15	11	2.343851	0.345	-0.1	0.038
15	11	2.348778	0.345	-0.1	0.038
15	11	2.353223	0.345	-0.1	0.038
15	11	2.358177	0.345	-0.1	0.038
15	11	2.363242	0.345	-0.1	0.038
15	11	2.369041	0.345	-0.1	0.038
15	11	2.374902	0.345	-0.1	0.038
15	11	2.379458	0.345	-0.1	0.038
15	11	2.383991	0.345	-0.1	0.038
15	11	2.388804	0.345	-0.1	0.038
15	11	2.393776	0.345	-0.1	0.038
15	11	2.398287	0.345	-0.1	0.038
15	11	2.402899	0.345	-0.1	0.038
15	11	2.408007	0.345	-0.1	0.038
15	11	2.412567	0.345	-0.1	0.038
15	11	2.41703	0.345	-0.1	0.038
15	11	2.421708	0.345	-0.1	0.038
15	11	2.426816	0.345	-0.1	0.038
15	11	2.431688	0.345	-0.1	0.038
15	11	2.436725	0.345	-0.1	0.038
15	11	2.441408	0.345	-0.1	0.038
15	11	2.446363	0.345	-0.1	0.038
15	11	2.451104	0.345	-0.1	0.038
15	11	2.455609	0.345	-0.1	0.038
15	11	2.460234	0.345	-0.1	0.038
15	11	2.464978	0.345	-0.1	0.038
15	11	2.470215	0.345	-0.1	0.038
15	11	2.475437	0.345	-0.1	0.038
15	11	2.480185	0.345	-0.1	0.038
15	11	2.485053	0.345	-0.1	0.038
15	11	2.490078	0.345	-0.1	0.038
15	11	2.497626	0.345	-0.1	0.038
15	11	2.502152	0.345	-0.1	0.038
15	11	2.506975	0.345	-0.1	0.038
15	11	2.511677	0.345	-0.1	0.038
15	11	2.516978	0.345	-0.1	0.038
15	11	2.52195	0.345	-0.1	0.038
15	11	2.527342	0.345	-0.1	0.038
15	11	2.532259	0.345	-0.1	0.038
15	11	2.536862	0.345	-0.1	0.038
15	11	2.541797	0.345	-0.1	0.038
15	11	2.547013	0.345	-0.1	0.038
15	11	2.552108	0.345	-0.1	0.038
15	11	2.557066	0.345	-0.1	0.038
15	11	2.562194	0.345	-0.1	0.038
15	11	2.567516	0.345	-0.1	0.038
15	11	2.572285	0.345	-0.1	0.038
15	11	2.578179	0.345	-0.1	0.038
15	11	2.582668	0.345	-0.1	0.038
15	11	2.587798	0.345	-0.1	0.038
15	11	2.592782	0.345	-0.1	0.038
15	11	2.598165	0.345	-0.1	0.038
15	11	2.603376	0.345	-0.1	0.038
15	11	2.608571	0.345	-0.1	0.038
15	11	2.613095	0.345	-0.1	0.038
15	11	2.618055	0.345	-0.1	0.038
15	11	2.622583	0.345	-0.1	0.038
15	11	2.627615	0.345	-0.1	0.038
15	11	2.632403	0.345	-0.1	0.038
15	11	2.637077	0.345	-0.1	0.038
15	11	2.642472	0.345	-0.1	0.038
15	11	2.647125	0.345	-0.1	0.038
15	11	2.651885	0.345	-0.1	0.038
15	11	2.6566	0.345	-0.1	0.038
15	11	2.661427	0.345	-0.1	0.038
15	11	2.667251	0.345	-0.1	0.038
15	11	2.672168	0.345	-0.1	0.038
15	11	2.676827	0.345	-0.1	0.038
15	11	2.68127	0.345	-0.1	0.038
15	11	2.686559	0.345	-0.1	0.038
15	11	2.691649	0.345	-0.1	0.038
15	11	2.696172	0.345	-0.1	0.038
15	11	2.700838	0.345	-0.1	0.038
15	11	2.705467	0.345	-0.1	0.038
15	11	2.710328	0.345	-0.1	0.038
15	11	2.715234	0.345	-0.1	0.038
15	11	2.720119	0.345	-0.1	0.038
15	11	2.72576	0.345	-0.1	0.038
15	11	2.731551	0.345	-0.1	0.038
15	11	2.736223	0.345	-0.1	0.038
15	11	2.740628	0.345	-0.1	0.038
15	11	2.745178	0.345	-0.1	0.038
15	11	2.749955	0.345	-0.1	0.038
15	11	2.754433	0.345	-0.1	0.038
15	11	2.759103	0.345	-0.1	0.038
15	11	2.763571	0.345	-0.1	0.038
15	11	2.7684	0.345	-0.1	0.038
15	11	2.772758	0.345	-0.1	0.038
15	11	2.777392	0.345	-0.1	0.038
15	11	2.783132	0.345	-0.1	0.038
15	11	2.788133	0.345	-0.1	0.038
15	11	2.793658	0.345	-0.1	0.038
15	11	2.798992	0.345	-0.1	0.038
15	11	2.80357	0.345	-0.1	0.038
15	11	2.808406	0.345	-0.1	0.038
15	11	2.813363	0.345	-0.1	0.038
15	11	2.818341	0.345	-0.1	0.038
15	11	2.823189	0.345	-0.1	0.038
15	11	2.828201	0.345	-0.1	0.038
15	11	2.83297	0.345	-0.1	0.038
15	11	2.837673	0.345	-0.1	0.038
15	11	2.84273	0.345	-0.1	0.038
15	11	2.847648	0.345	-0.1	0.038
15	11	2.851918	0.345	-0.1	0.038
15	11	2.856913	0.345	-0.1	0.038
15	11	2.862195	0.345	-0.1	0.038
15	11	2.867312	0.345	-0.1	0.038
15	11	2.871688	0.345	-0.1	0.038
15	11	2.87639	0.345	-0.1	0.038
15	11	2.880921	0.345	-0.1	0.038
15	11	2.885336	0.345	-0.1	0.038
15	11	2.890071	0.345	-0.1	0.038
15	11	2.895545	0.345	-0.1	0.038
15	11	2.900059	0.345	-0.1	0.038
15	11	2.904498	0.345	-0.1	0.038
15	11	2.909729	0.345	-0.1	0.038
15	11	2.914469	0.345	-0.1	0.038
15	11	2.919047	0.345	-0.1	0.038
15	11	2.923828	0.345	-0.1	0.038
15	11	2.928884	0.345	-0.1	0.038
15	11	2.933551	0.345	-0.1	0.038
15	11	2.938084	0.345	-0.1	0.038
15	11	2.943356	0.345	-0.1	0.038
15	11	2.947987	0.345	-0.1	0.038
15	11	2.952631	0.345	-0.1	0.038
15	11	2.95722	0.345	-0.1	0.038
15	11	2.961969	0.345	-0.1	0.038
15	11	2.966397	0.345	-0.1	0.038
15	11	2.971374	0.345	-0.1	0.038
15	11	2.976737	0.345	-0.1	0.038
15	11	2.9813	0.345	-0.1	0.038
15	11	2.988882	0.345	-0.1	0.038
15	11	2.993818	0.345	-0.1	0.038
15	11	2.998295	0.345	-0.1	0.038
15	11	3.003489	0.345	-0.1	0.038
15	11	3.008523	0.345	-0.1	0.038
15	11	3.013862	0.345	-0.1	0.038
15	11	3.019687	0.345	-0.1	0.038
15	11	3.024631	0.345	-0.1	0.038
15	11	3.029902	0.345	-0.1	0.038
15	11	3.034934	0.345	-0.1	0.038
15	11	3.039941	0.345	-0.1	0.038
15	11	3.044502	0.345	-0.1	0.038
15	11	3.049032	0.345	-0.1	0.038
15	11	3.053636	0.345	-0.1	0.038
15	11	3.058454	0.345	-0.1	0.038
15	11	3.062903	0.345	-0.1	0.038
15	11	3.06795	0.345	-0.1	0.038
15	11	3.07227	0.345	-0.1	0.038
15	11	3.077323	0.345	-0.1	0.038
15	11	3.082433	0.345	-0.1	0.038
15	11	3.08731	0.345	-0.1	0.038
15	11	3.092712	0.345	-0.1	0.038
15	11	3.097474	0.345	-0.1	0.038
15	11	3.102192	0.345	-0.1	0.038
15	11	3.107059	0.345	-0.1	0.038
15	11	3.112776	0.345	-0.1	0.038
15	11	3.11717	0.345	-0.1	0.038
15	11	3.122091	0.345	-0.1	0.038
15	11	3.128125	0.345	-0.1	0.038
15	11	3.133125	0.345	-0.1	0.038
15	11	3.137803	0.345	-0.1	0.038
15	11	3.143523	0.345	-0.1	0.038
15	11	3.148427	0.345	-0.1	0.038
15	11	3.153069	0.345	-0.1	0.038
15	11	3.157736	0.345	-0.1	0.038
15	11	3.163017	0.345	-0.1	0.038
15	11	3.167877	0.345	-0.1	0.038
15	11	3.172983	0.345	-0.1	0.038
15	11	3.178705	0.345	-0.1	0.038
15	11	3.183928	0.345	-0.1	0.038
15	11	3.189094	0.345	-0.1	0.038
15	11	3.194054	0.345	-0.1	0.038
15	11	3.198762	0.345	-0.1	0.038
15	11	3.203517	0.345	-0.1	0.038
15	11	3.208401	0.345	-0.1	0.038
15	11	3.213187	0.345	-0.1	0.038
15	11	3.217517	0.345	-0.1	0.038
15	11	3.222235	0.345	-0.1	0.038
15	11	3.227545	0.345	-0.1	0.038
15	11	3.232539	0.345	-0.1	0.038
15	11	3.237431	0.345	-0.1	0.038
15	11	3.242716	0.345	-0.1	0.038
15	11	3.247921	0.345	-0.1	0.038
15	11	3.252855	0.345	-0.1	0.038
15	11	3.257511	0.345	-0.1	0.038
15	11	3.262253	0.345	-0.1	0.038
15	11	3.26786	0.345	-0.1	0.038
15	11	3.273285	0.345	-0.1	0.038
15	11	3.278718	0.345	-0.1	0.038
15	11	3.283509	0.345	-0.1	0.038
15	11	3.288829	0.345	-0.1	0.038
15	11	3.294548	0.345	-0.1	0.038
15	11	3.299482	0.345	-0.1	0.038
15	11	3.306777	0.345	-0.1	0.038
15	11	3.31444	0.345	-0.1	0.038
15	11	3.319323	0.345	-0.1	0.038
15	11	3.323756	0.345	-0.1	0.038
15	11	3.329084	0.345	-0.1	0.038
15	11	3.334422	0.345	-0.1	0.038
15	11	3.339305	0.345	-0.1	0.038
15	11	3.344194	0.345	-0.1	0.038
15	11	3.349635	0.345	-0.1	0.038
15	11	3.354237	0.345	-0.1	0.038
15	11	3.359017	0.345	-0.1	0.038
15	11	3.363778	0.345	-0.1	0.038
15	11	3.368677	0.345	-0.1	0.038
15	11	3.373757	0.345	-0.1	0.038
15	11	3.378989	0.345	-0.1	0.038
15	11	3.383363	0.345	-0.1	0.038
15	11	3.388229	0.345	-0.1	0.038
15	11	3.394228	0.345	-0.1	0.038
15	11	3.400286	0.345	-0.1	0.038
15	11	3.404883	0.345	-0.1	0.038
15	11	3.409913	0.345	-0.1	0.038
15	11	3.414649	0.345	-0.1	0.038
15	11	3.419216	0.345	-0.1	0.038
15	11	3.424107	0.345	-0.1	0.038
15	11	3.430187	0.345	-0.1	0.038
15	11	3.435014	0.345	-0.1	0.038
15	11	3.439653	0.345	-0.1	0.038
15	11	3.444192	0.345	-0.1	0.038
15	11	3.449547	0.345	-0.1	0.038
15	11	3.454288	0.345	-0.1	0.038
15	11	3.459484	0.345	-0.1	0.038
15	11	3.464738	0.345	-0.1	0.038
15	11	3.469783	0.345	-0.1	0.038
15	11	3.474787	0.345	-0.1	0.038
15	11	3.479105	0.345	-0.1	0.038
15	11	3.483629	0.345	-0.1	0.038
15	11	3.491969	0.345	-0.1	0.038
15	11	3.497177	0.345	-0.1	0.038
15	11	3.501581	0.345	-0.1	0.038
15	11	3.506481	0.345	-0.1	0.038
15	11	3.511677	0.345	-0.1	0.038
15	11	3.516361	0.345	-0.1	0.038
15	11	3.521497	0.345	-0.1	0.038
15	11	3.526406	0.345	-0.1	0.038
15	11	3.531925	0.345	-0.1	0.038
15	11	3.5365	0.345	-0.1	0.038
15	11	3.540842	0.345	-0.1	0.038
15	11	3.546067	0.345	-0.1	0.038
15	11	3.551022	0.345	-0.1	0.038
15	11	3.555935	0.345	-0.1	0.038
15	11	3.560866	0.345	-0.1	0.038
15	11	3.565879	0.345	-0.1	0.038
15	11	3.570388	0.345	-0.1	0.038
15	11	3.575001	0.345	-0.1	0.038
15	11	3.579773	0.345	-0.1	0.038
15	11	3.584743	0.345	-0.1	0.038
15	11	3.589278	0.345	-0.1	0.038
15	11	3.594514	0.345	-0.1	0.038
15	11	3.599517	0.345	-0.1	0.038
15	11	3.604672	0.345	-0.1	0.038
15	11	3.610655	0.345	-0.1	0.038
15	11	3.615098	0.345	-0.1	0.038
15	11	3.620033	0.345	-0.1	0.038
15	11	3.624434	0.345	-0.1	0.038
15	11	3.629195	0.345	-0.1	0.038
15	11	3.633935	0.345	-0.1	0.038
15	11	3.638862	0.345	-0.1	0.038
15	11	3.643772	0.345	-0.1	0.038
15	11	3.64886	0.345	-0.1	0.038
15	11	3.654082	0.345	-0.1	0.038
15	11	3.658569	0.345	-0.1	0.038
15	11	3.663703	0.345	-0.1	0.038
15	11	3.668899	0.345	-0.1	0.038
15	11	3.673292	0.345	-0.1	0.038
15	11	3.678266	0.345	-0.1	0.038
15	11	3.682726	0.345	-0.1	0.038
15	11	3.687835	0.345	-0.1	0.038
15	11	3.693356	0.345	-0.1	0.038
15	11	3.697732	0.345	-0.1	0.038
15	11	3.702515	0.345	-0.1	0.038
15	11	3.707342	0.345	-0.1	0.038
15	11	3.711977	0.345	-0.1	0.038
15	11	3.716491	0.345	-0.1	0.038
15	11	3.721206	0.345	-0.1	0.038
15	11	3.725935	0.345	-0.1	0.038
15	11	3.730574	0.345	-0.1	0.038
15	11	3.7354	0.345	-0.1	0.038
15	11	3.73992	0.345	-0.1	0.038
15	11	3.744524	0.345	-0.1	0.038
15	11	3.750098	0.345	-0.1	0.038
15	11	3.754735	0.345	-0.1	0.038
15	11	3.760399	0.345	-0.1	0.038
15	11	3.765682	0.345	-0.1	0.038
15	11	3.770535	0.345	-0.1	0.038
15	11	3.774813	0.345	-0.1	0.038
15	11	3.779515	0.345	-0.1	0.038
15	11	3.78506	0.345	-0.1	0.038
15	11	3.790339	0.345	-0.1	0.038
15	11	3.796174	0.345	-0.1	0.038
15	11	3.801611	0.345	-0.1	0.038
15	11	3.806263	0.345	-0.1	0.038
15	11	3.811747	0.345	-0.1	0.038
15	11	3.816457	0.345	-0.1	0.038
15	11	3.821234	0.345	-0.1	0.038
15	11	3.826622	0.345	-0.1	0.038
15	11	3.831492	0.345	-0.1	0.038
15	11	3.835896	0.345	-0.1	0.038
15	11	3.840608	0.345	-0.1	0.038
15	11	3.845367	0.345	-0.1	0.038
15	11	3.849952	0.345	-0.1	0.038
15	11	3.854574	0.345	-0.1	0.038
15	11	3.859461	0.345	-0.1	0.038
15	11	3.863986	0.345	-0.1	0.038
15	11	3.868901	0.345	-0.1	0.038
15	11	3.873222	0.345	-0.1	0.038
15	11	3.878178	0.345	-0.1	0.038
15	11	3.882475	0.345	-0.1	0.038
15	11	3.887853	0.345	-0.1	0.038
15	11	3.893176	0.345	-0.1	0.038
15	11	3.898409	0.345	-0.1	0.038
15	11	3.90316	0.345	-0.1	0.038
15	11	3.908083	0.345	-0.1	0.038
15	11	3.912657	0.345	-0.1	0.038
15	11	3.917172	0.345	-0.1	0.038
15	11	3.921856	0.345	-0.1	0.038
15	11	3.926383	0.345	-0.1	0.038
15	11	3.931374	0.345	-0.1	0.038
15	11	3.935799	0.345	-0.1	0.038
15	11	3.940057	0.345	-0.1	0.038
15	11	3.944997	0.345	-0.1	0.038
15	11	3.949664	0.345	-0.1	0.038
15	11	3.954941	0.345	-0.1	0.038
15	11	3.959739	0.345	-0.1	0.038
15	11	3.964259	0.345	-0.1	0.038
15	11	3.968929	0.345	-0.1	0.038
15	11	3.973938	0.345	-0.1	0.038
15	11	3.981967	0.345	-0.1	0.038
15	11	3.986667	0.345	-0.1	0.038
15	11	3.991726	0.345	-0.1	0.038
15	11	3.996926	0.345	-0.1	0.038
15	11	4.001979	0.345	-0.1	0.038
15	11	4.00651	0.345	-0.1	0.038
15	11	4.01123	0.345	-0.1	0.038
15	11	4.015521	0.345	-0.1	0.038
15	11	4.019931	0.345	-0.1	0.038
15	11	4.024386	0.345	-0.1	0.038
15	11	4.029704	0.345	-0.1	0.038
15	11	4.035194	0.345	-0.1	0.038
15	11	4.040341	0.345	-0.1	0.038
15	11	4.045276	0.345	-0.1	0.038
15	11	4.050228	0.345	-0.1	0.038
15	11	4.054903	0.345	-0.1	0.038
15	11	4.059676	0.345	-0.1	0.038
15	11	4.065984	0.345	-0.1	0.038
15	11	4.071328	0.345	-0.1	0.038
15	11	4.076329	0.345	-0.1	0.038
15	11	4.081152	0.345	-0.1	0.038
15	11	4.085636	0.345	-0.1	0.038
15	11	4.090356	0.345	-0.1	0.038
15	11	4.095958	0.345	-0.1	0.038
15	11	4.100689	0.345	-0.1	0.038
15	11	4.105758	0.345	-0.1	0.038
15	11	4.111402	0.345	-0.1	0.038
15	11	4.116404	0.345	-0.1	0.038
15	11	4.121142	0.345	-0.1	0.038
15	11	4.126744	0.345	-0.1	0.038
15	11	4.131219	0.345	-0.1	0.038
15	11	4.135977	0.345	-0.1	0.038
15	11	4.140559	0.345	-0.1	0.038
15	11	4.145159	0.345	-0.1	0.038
15	11	4.149525	0.345	-0.1	0.038
15	11	4.153996	0.345	-0.1	0.038
15	11	4.158802	0.345	-0.1	0.038
15	11	4.164302	0.345	-0.1	0.038
15	11	4.169265	0.345	-0.1	0.038
15	11	4.174332	0.345	-0.1	0.038
15	11	4.179384	0.345	-0.1	0.038
15	11	4.184123	0.345	-0.1	0.038
15	11	4.189006	0.345	-0.1	0.038
15	11	4.194131	0.345	-0.1	0.038
15	11	4.199112	0.345	-0.1	0.038
15	11	4.203603	0.345	-0.1	0.038
15	11	4.208428	0.345	-0.1	0.038
15	11	4.213085	0.345	-0.1	0.038
15	11	4.217483	0.345	-0.1	0.038
15	11	4.222589	0.345	-0.1	0.038
15	11	4.227697	0.345	-0.1	0.038
15	11	4.232328	0.345	-0.1	0.038
15	11	4.236866	0.345	-0.1	0.038
15	11	4.241725	0.345	-0.1	0.038
15	11	4.246491	0.345	-0.1	0.038
15	11	4.251231	0.345	-0.1	0.038
15	11	4.255938	0.345	-0.1	0.038
15	11	4.260616	0.345	-0.1	0.038
15	11	4.265236	0.345	-0.1	0.038
15	11	4.270004	0.345	-0.1	0.038
15	11	4.274632	0.345	-0.1	0.038
15	11	4.279977	0.345	-0.1	0.038
15	11	4.284966	0.345	-0.1	0.038
15	11	4.289812	0.345	-0.1	0.038
15	11	4.295214	0.345	-0.1	0.038
15	11	4.299657	0.345	-0.1	0.038
15	11	4.304122	0.345	-0.1	0.038
15	11	4.30934	0.345	-0.1	0.038
15	11	4.314333	0.345	-0.1	0.038
15	11	4.319019	0.345	-0.1	0.038
15	11	4.323736	0.345	-0.1	0.038
15	11	4.32936	0.345	-0.1	0.038
15	11	4.333902	0.345	-0.1	0.038
15	11	4.338495	0.345	-0.1	0.038
15	11	4.343717	0.345	-0.1	0.038
15	11	4.34906	0.345	-0.1	0.038
15	11	4.35401	0.345	-0.1	0.038
15	11	4.358604	0.345	-0.1	0.038
15	11	4.363955	0.345	-0.1	0.038
15	11	4.369522	0.345	-0.1	0.038
15	11	4.374418	0.345	-0.1	0.038
15	11	4.379325	0.345	-0.1	0.038
15	11	4.384212	0.345	-0.1	0.038
15	11	4.389324	0.345	-0.1	0.038
15	11	4.394781	0.345	-0.1	0.038
15	11	4.399076	0.345	-0.1	0.038
15	11	4.40362	0.345	-0.1	0.038
15	11	4.408549	0.345	-0.1	0.038
15	11	4.413236	0.345	-0.1	0.038
15	11	4.418152	0.345	-0.1	0.038
15	11	4.42262	0.345	-0.1	0.038
15	11	4.428038	0.345	-0.1	0.038
15	11	4.432773	0.345	-0.1	0.038
15	11	4.437261	0.345	-0.1	0.038
15	11	4.442094	0.345	-0.1	0.038
15	11	4.446881	0.345	-0.1	0.038
15	11	4.451883	0.345	-0.1	0.038
15	11	4.456628	0.345	-0.1	0.038
15	11	4.461452	0.345	-0.1	0.038
15	11	4.466124	0.345	-0.1	0.038
15	11	4.477529	0.345	-0.1	0.038
15	11	4.483634	0.345	-0.1	0.038
15	11	4.488881	0.345	-0.1	0.038
15	11	4.494237	0.345	-0.1	0.038
15	11	4.499095	0.345	-0.1	0.038
15	11	4.503838	0.345	-0.1	0.038
15	11	4.508535	0.345	-0.1	0.038
15	11	4.513016	0.345	-0.1	0.038
15	11	4.517968	0.345	-0.1	0.038
15	11	4.522693	0.345	-0.1	0.038
15	11	4.528381	0.345	-0.1	0.038
15	11	4.533204	0.345	-0.1	0.038
15	11	4.538205	0.345	-0.1	0.038
15	11	4.543233	0.345	-0.1	0.038
15	11	4.548382	0.345	-0.1	0.038
15	11	4.554728	0.345	-0.1	0.038
15	11	4.560683	0.345	-0.1	0.038
15	11	4.565179	0.345	-0.1	0.038
15	11	4.570153	0.345	-0.1	0.038
15	11	4.574912	0.345	-0.1	0.038
15	11	4.579464	0.345	-0.1	0.038
15	11	4.584002	0.345	-0.1	0.038
15	11	4.589021	0.345	-0.1	0.038
15	11	4.593846	0.345	-0.1	0.038
15	11	4.599112	0.345	-0.1	0.038
15	11	4.604625	0.345	-0.1	0.038
15	11	4.609796	0.345	-0.1	0.038
15	11	4.61461	0.345	-0.1	0.038
15	11	4.619215	0.345	-0.1	0.038
15	11	4.623961	0.345	-0.1	0.038
15	11	4.628877	0.345	-0.1	0.038
15	11	4.63385	0.345	-0.1	0.038
15	11	4.638307	0.345	-0.1	0.038
15	11	4.643757	0.345	-0.1	0.038
15	11	4.649308	0.345	-0.1	0.038
15	11	4.654285	0.345	-0.1	0.038
15	11	4.658761	0.345	-0.1	0.038
15	11	4.663338	0.345	-0.1	0.038
15	11	4.668322	0.345	-0.1	0.038
15	11	4.672997	0.345	-0.1	0.038
15	11	4.678505	0.345	-0.1	0.038
15	11	4.683077	0.345	-0.1	0.038
15	11	4.688085	0.345	-0.1	0.038
15	11	4.692923	0.345	-0.1	0.038
15	11	4.697757	0.345	-0.1	0.038
15	11	4.702142	0.345	-0.1	0.038
15	11	4.706541	0.345	-0.1	0.038
15	11	4.711639	0.345	-0.1	0.038
15	11	4.716811	0.345	-0.1	0.038
15	11	4.721899	0.345	-0.1	0.038
15	11	4.727355	0.345	-0.1	0.038
15	11	4.732604	0.345	-0.1	0.038
15	11	4.737042	0.345	-0.1	0.038
15	11	4.741888	0.345	-0.1	0.038
15	11	4.747396	0.345	-0.1	0.038
15	11	4.752107	0.345	-0.1	0.038
15	11	4.7566	0.345	-0.1	0.038
15	11	4.761747	0.345	-0.1	0.038
15	11	4.766142	0.345	-0.1	0.038
15	11	4.771494	0.345	-0.1	0.038
15	11	4.776475	0.345	-0.1	0.038
15	11	4.781322	0.345	-0.1	0.038
15	11	4.786237	0.345	-0.1	0.038
15	11	4.79122	0.345	-0.1	0.038
15	11	4.796386	0.345	-0.1	0.038
15	11	4.801745	0.345	-0.1	0.038
15	11	4.806043	0.345	-0.1	0.038
15	11	4.810617	0.345	-0.1	0.038
15	11	4.815369	0.345	-0.1	0.038
15	11	4.819993	0.345	-0.1	0.038
15	11	4.824394	0.345	-0.1	0.038
15	11	4.829106	0.345	-0.1	0.038
15	11	4.833748	0.345	-0.1	0.038
15	11	4.838468	0.345	-0.1	0.038
15	11	4.843137	0.345	-0.1	0.038
15	11	4.848151	0.345	-0.1	0.038
15	11	4.852901	0.345	-0.1	0.038
15	11	4.857182	0.345	-0.1	0.038
15	11	4.862317	0.345	-0.1	0.038
15	11	4.867011	0.345	-0.1	0.038
15	11	4.871572	0.345	-0.1	0.038
15	11	4.876256	0.345	-0.1	0.038
15	11	4.880991	0.345	-0.1	0.038
15	11	4.885235	0.345	-0.1	0.038
15	11	4.890497	0.345	-0.1	0.038
15	11	4.895586	0.345	-0.1	0.038
15	11	4.900179	0.345	-0.1	0.038
15	11	4.904887	0.345	-0.1	0.038
15	11	4.910092	0.345	-0.1	0.038
15	11	4.915256	0.345	-0.1	0.038
15	11	4.919735	0.345	-0.1	0.038
15	11	4.924526	0.345	-0.1	0.038
15	11	4.930048	0.345	-0.1	0.038
15	11	4.934759	0.345	-0.1	0.038
15	11	4.940143	0.345	-0.1	0.038
15	11	4.945744	0.345	-0.1	0.038
15	11	4.950644	0.345	-0.1	0.038
15	11	4.955762	0.345	-0.1	0.038
15	11	4.961464	0.345	-0.1	0.038
15	11	4.96936	0.345	-0.1	0.038
15	11	4.97451	0.345	-0.1	0.038
15	11	4.979329	0.345	-0.1	0.038
15	11	4.984468	0.345	-0.1	0.038
15	11	4.989905	0.345	-0.1	0.038
15	11	4.994456	0.345	-0.1	0.038
15	11	4.998899	0.345	-0.1	0.038
15	11	5.003397	0.345	-0.1	0.038
15	11	5.009188	0.345	-0.1	0.038
15	11	5.013891	0.345	-0.1	0.038
15	11	5.018193	0.345	-0.1	0.038
15	11	5.022784	0.345	-0.1	0.038
15	11	5.02836	0.345	-0.1	0.038
15	11	5.033735	0.345	-0.1	0.038
15	11	5.038442	0.345	-0.1	0.038
15	11	5.043146	0.345	-0.1	0.038
15	11	5.047764	0.345	-0.1	0.038
15	11	5.052332	0.345	-0.1	0.038
15	11	5.057053	0.345	-0.1	0.038
15	11	5.061872	0.345	-0.1	0.038
15	11	5.066332	0.345	-0.1	0.038
15	11	5.071447	0.345	-0.1	0.038
15	11	5.076643	0.345	-0.1	0.038
15	11	5.081518	0.345	-0.1	0.038
15	11	5.086536	0.345	-0.1	0.038
15	11	5.091504	0.345	-0.1	0.038
15	11	5.096165	0.345	-0.1	0.038
15	11	5.100873	0.345	-0.1	0.038
15	11	5.105364	0.345	-0.1	0.038
15	11	5.111324	0.345	-0.1	0.038
15	11	5.115785	0.345	-0.1	0.038
15	11	5.120517	0.345	-0.1	0.038
15	11	5.124959	0.345	-0.1	0.038
15	11	5.130166	0.345	-0.1	0.038
15	11	5.135935	0.345	-0.1	0.038
15	11	5.14102	0.345	-0.1	0.038
15	11	5.146461	0.345	-0.1	0.038
15	11	5.151782	0.345	-0.1	0.038
15	11	5.156991	0.345	-0.1	0.038
15	11	5.162329	0.345	-0.1	0.038
15	11	5.168239	0.345	-0.1	0.038
15	11	5.173327	0.345	-0.1	0.038
15	11	5.179222	0.345	-0.1	0.038
15	11	5.184345	0.345	-0.1	0.038
15	11	5.189857	0.345	-0.1	0.038
15	11	5.195965	0.345	-0.1	0.038
15	11	5.200934	0.345	-0.1	0.038
15	11	5.205853	0.345	-0.1	0.038
15	11	5.210713	0.345	-0.1	0.038
15	11	5.215322	0.345	-0.1	0.038
15	11	5.219653	0.345	-0.1	0.038
15	11	5.224146	0.345	-0.1	0.038
15	11	5.229915	0.345	-0.1	0.038
15	11	5.234649	0.345	-0.1	0.038
15	11	5.239181	0.345	-0.1	0.038
15	11	5.243772	0.345	-0.1	0.038
15	11	5.248463	0.345	-0.1	0.038
15	11	5.253296	0.345	-0.1	0.038
15	11	5.259778	0.345	-0.1	0.038
15	11	5.265584	0.345	-0.1	0.038
15	11	5.271152	0.345	-0.1	0.038
15	11	5.276327	0.345	-0.1	0.038
15	11	5.281889	0.345	-0.1	0.038
15	11	5.286898	0.345	-0.1	0.038
15	11	5.293065	0.345	-0.1	0.038
15	11	5.298208	0.345	-0.1	0.038
15	11	5.304069	0.345	-0.1	0.038
15	11	5.309622	0.345	-0.1	0.038
15	11	5.315049	0.345	-0.1	0.038
15	11	5.321125	0.345	-0.1	0.038
15	11	5.326699	0.345	-0.1	0.038
15	11	5.335148	0.345	-0.1	0.038
15	11	5.341138	0.345	-0.1	0.038
15	11	5.347025	0.345	-0.1	0.038
15	11	5.353309	0.345	-0.1	0.038
15	11	5.358988	0.345	-0.1	0.038
15	11	5.365492	0.345	-0.1	0.038
15	11	5.371872	0.345	-0.1	0.038
15	11	5.377692	0.345	-0.1	0.038
15	11	5.383147	0.345	-0.1	0.038
15	11	5.388496	0.345	-0.1	0.038
15	11	5.39423	0.345	-0.1	0.038
15	11	5.400205	0.345	-0.1	0.038
15	11	5.405389	0.345	-0.1	0.038
15	11	5.411553	0.345	-0.1	0.038
15	11	5.417302	0.345	-0.1	0.038
15	11	5.424755	0.345	-0.1	0.038
15	11	5.430925	0.345	-0.1	0.038
15	11	5.436037	0.345	-0.1	0.038
15	11	5.441326	0.345	-0.1	0.038
15	11	5.449015	0.345	-0.1	0.038
15	11	5.455766	0.345	-0.1	0.038
15	11	5.461677	0.345	-0.1	0.038
15	11	5.466941	0.345	-0.1	0.038
15	11	5.472104	0.345	-0.1	0.038
15	11	5.477635	0.345	-0.1	0.038
15	11	5.4828	0.345	-0.1	0.038
15	11	5.487571	0.345	-0.1	0.038
15	11	5.49252	0.345	-0.1	0.038
15	11	5.500388	0.345	-0.1	0.038
15	11	5.50544	0.345	-0.1	0.038
15	11	5.510801	0.345	-0.1	0.038
15	11	5.515382	0.345	-0.1	0.038
15	11	5.519928	0.345	-0.1	0.038
15	11	5.524415	0.345	-0.1	0.038
15	11	5.529711	0.345	-0.1	0.038
15	11	5.534045	0.345	-0.1	0.038
15	11	5.539354	0.345	-0.1	0.038
15	11	5.54401	0.345	-0.1	0.038
15	11	5.54865	0.345	-0.1	0.038
15	11	5.553464	0.345	-0.1	0.038
15	11	5.558856	0.345	-0.1	0.038
15	11	5.563743	0.345	-0.1	0.038
15	11	5.569117	0.345	-0.1	0.038
15	11	5.57367	0.345	-0.1	0.038
15	11	5.578711	0.345	-0.1	0.038
15	11	5.583688	0.345	-0.1	0.038
15	11	5.588965	0.345	-0.1	0.038
15	11	5.593602	0.345	-0.1	0.038
15	11	5.599021	0.345	-0.1	0.038
15	11	5.604247	0.345	-0.1	0.038
15	11	5.610054	0.345	-0.1	0.038
15	11	5.615831	0.345	-0.1	0.038
15	11	5.620856	0.345	-0.1	0.038
15	11	5.625483	0.345	-0.1	0.038
15	11	5.631279	0.345	-0.1	0.038
15	11	5.636804	0.345	-0.1	0.038
15	11	5.641886	0.345	-0.1	0.038
15	11	5.647577	0.345	-0.1	0.038
15	11	5.652621	0.345	-0.1	0.038
15	11	5.657528	0.345	-0.1	0.038
15	11	5.662716	0.345	-0.1	0.038
15	11	5.667551	0.345	-0.1	0.038
15	11	5.673029	0.345	-0.1	0.038
15	11	5.678195	0.345	-0.1	0.038
15	11	5.683784	0.345	-0.1	0.038
15	11	5.689586	0.345	-0.1	0.038
15	11	5.695175	0.345	-0.1	0.038
15	11	5.700445	0.345	-0.1	0.038
15	11	5.705499	0.345	-0.1	0.038
15	11	5.710916	0.345	-0.1	0.038
15	11	5.716095	0.345	-0.1	0.038
15	11	5.72141	0.345	-0.1	0.038
15	11	5.72654	0.345	-0.1	0.038
15	11	5.733545	0.345	-0.1	0.038
15	11	5.738407	0.345	-0.1	0.038
15	11	5.744202	0.345	-0.1	0.038
15	11	5.749435	0.345	-0.1	0.038
15	11	5.75466	0.345	-0.1	0.038
15	11	5.760346	0.345	-0.1	0.038
15	11	5.765405	0.345	-0.1	0.038
15	11	5.770999	0.345	-0.1	0.038
15	11	5.778148	0.345	-0.1	0.038
15	11	5.783195	0.345	-0.1	0.038
15	11	5.788792	0.345	-0.1	0.038
15	11	5.795283	0.345	-0.1	0.038
15	11	5.800365	0.345	-0.1	0.038
15	11	5.805773	0.345	-0.1	0.038
15	11	5.81245	0.345	-0.1	0.038
15	11	5.817016	0.345	-0.1	0.038
15	11	5.821869	0.345	-0.1	0.038
15	11	5.826773	0.345	-0.1	0.038
15	11	5.831722	0.345	-0.1	0.038
15	11	5.836431	0.345	-0.1	0.038
15	11	5.841372	0.345	-0.1	0.038
15	11	5.846281	0.345	-0.1	0.038
15	11	5.851983	0.345	-0.1	0.038
15	11	5.856809	0.345	-0.1	0.038
15	11	5.862577	0.345	-0.1	0.038
15	11	5.867603	0.345	-0.1	0.038
15	11	5.872749	0.345	-0.1	0.038
15	11	5.877686	0.345	-0.1	0.038
15	11	5.88257	0.345	-0.1	0.038
15	11	5.887455	0.345	-0.1	0.038
15	11	5.892508	0.345	-0.1	0.038
15	11	5.898316	0.345	-0.1	0.038
15	11	5.903346	0.345	-0.1	0.038
15	11	5.908147	0.345	-0.1	0.038
15	11	5.914132	0.345	-0.1	0.038
15	11	5.918658	0.345	-0.1	0.038
15	11	5.924119	0.345	-0.1	0.038
15	11	5.928967	0.345	-0.1	0.038
15	11	5.934091	0.345	-0.1	0.038
15	11	5.938944	0.345	-0.1	0.038
15	11	5.943801	0.345	-0.1	0.038
15	11	5.948697	0.345	-0.1	0.038
15	11	5.952917	0.345	-0.1	0.038
15	11	5.959317	0.345	-0.1	0.038
15	11	5.964456	0.345	-0.1	0.038
15	11	5.969159	0.345	-0.1	0.038
15	11	5.97438	0.345	-0.1	0.038
15	11	5.979987	0.345	-0.1	0.038
15	11	5.984621	0.345	-0.1	0.038
15	11	5.989362	0.345	-0.1	0.038
15	11	5.995033	0.345	-0.1	0.038
15	11	5.999711	0.345	-0.1	0.038
15	11	6.004377	0.345	-0.1	0.038
15	11	6.009484	0.345	-0.1	0.038
15	11	6.01712	0.345	-0.1	0.038
15	11	6.021507	0.345	-0.1	0.038
15	11	6.027068	0.345	-0.1	0.038
15	11	6.032073	0.345	-0.1	0.038
15	11	6.036836	0.345	-0.1	0.038
15	11	6.042103	0.345	-0.1	0.038
15	11	6.046799	0.345	-0.1	0.038
15	11	6.052499	0.345	-0.1	0.038
15	11	6.057537	0.345	-0.1	0.038
15	11	6.062594	0.345	-0.1	0.038
15	11	6.067466	0.345	-0.1	0.038
15	11	6.072803	0.345	-0.1	0.038
15	11	6.077696	0.345	-0.1	0.038
15	11	6.082997	0.345	-0.1	0.038
15	11	6.088513	0.345	-0.1	0.038
15	11	6.093292	0.345	-0.1	0.038
15	11	6.098545	0.345	-0.1	0.038
15	11	6.103191	0.345	-0.1	0.038
15	11	6.10896	0.345	-0.1	0.038
15	11	6.114086	0.345	-0.1	0.038
15	11	6.118407	0.345	-0.1	0.038
15	11	6.123175	0.345	-0.1	0.038
15	11	6.128853	0.345	-0.1	0.038
15	11	6.134508	0.345	-0.1	0.038
15	11	6.138817	0.345	-0.1	0.038
15	11	6.143534	0.345	-0.1	0.038
15	11	6.148805	0.345	-0.1	0.038
15	11	6.154172	0.345	-0.1	0.038
15	11	6.15897	0.345	-0.1	0.038
15	11	6.163417	0.345	-0.1	0.038
15	11	6.168088	0.345	-0.1	0.038
15	11	6.172596	0.345	-0.1	0.038
15	11	6.177376	0.345	-0.1	0.038
15	11	6.181911	0.345	-0.1	0.038
15	11	6.186638	0.345	-0.1	0.038
15	11	6.191847	0.345	-0.1	0.038
15	11	6.197164	0.345	-0.1	0.038
15	11	6.201471	0.345	-0.1	0.038
15	11	6.206069	0.345	-0.1	0.038
15	11	6.210966	0.345	-0.1	0.038
15	11	6.215699	0.345	-0.1	0.038
15	11	6.221232	0.345	-0.1	0.038
15	11	6.229273	0.345	-0.1	0.038
15	11	6.235385	0.345	-0.1	0.038
15	11	6.239746	0.345	-0.1	0.038
15	11	6.244416	0.345	-0.1	0.038
15	11	6.249223	0.345	-0.1	0.038
15	11	6.253915	0.345	-0.1	0.038
15	11	6.258449	0.345	-0.1	0.038
15	11	6.263786	0.345	-0.1	0.038
15	11	6.268342	0.345	-0.1	0.038
15	11	6.273884	0.345	-0.1	0.038
15	11	6.279128	0.345	-0.1	0.038
15	11	6.284173	0.345	-0.1	0.038
15	11	6.294862	0.345	-0.1	0.038
