x	y	time	x-coordinate	y-coordinate	z-coordinate
15	11	0.4888498	0.345	-0.1	0.038
15	11	0.4936964	0.345	-0.1	0.038
15	11	0.4991354	0.345	-0.1	0.038
15	11	0.504028	0.345	-0.1	0.038
15	11	0.5088049	0.345	-0.1	0.038
15	11	0.5132942	0.345	-0.1	0.038
15	11	0.5183406	0.345	-0.1	0.038
15	11	0.5224869	0.345	-0.1	0.038
15	11	0.5270528	0.345	-0.1	0.038
15	11	0.5322109	0.345	-0.1	0.038
15	11	0.5373701	0.345	-0.1	0.038
15	11	0.5417712	0.345	-0.1	0.038
15	11	0.5487486	0.345	-0.1	0.038
15	11	0.5552211	0.345	-0.1	0.038
15	11	0.5597034	0.345	-0.1	0.038
15	11	0.5643015	0.345	-0.1	0.038
15	11	0.5690033	0.345	-0.1	0.038
15	11	0.5734433	0.345	-0.1	0.038
15	11	0.578591	0.345	-0.1	0.038
15	11	0.5839723	0.345	-0.1	0.038
15	11	0.5889889	0.345	-0.1	0.038
15	11	0.5978107	0.345	-0.1	0.038
15	11	0.6032227	0.345	-0.1	0.038
15	11	0.608215	0.345	-0.1	0.038
15	11	0.6138085	0.345	-0.1	0.038
15	11	0.6181427	0.345	-0.1	0.038
15	11	0.6227427	0.345	-0.1	0.038
15	11	0.6273493	0.345	-0.1	0.038
15	11	0.632226	0.345	-0.1	0.038
15	11	0.6365515	0.345	-0.1	0.038
15	11	0.6412432	0.345	-0.1	0.038
15	11	0.645932	0.345	-0.1	0.038
15	11	0.6507938	0.345	-0.1	0.038
15	11	0.6553568	0.345	-0.1	0.038
15	11	0.6605912	0.345	-0.1	0.038
15	11	0.6661137	0.345	-0.1	0.038
15	11	0.6704208	0.345	-0.1	0.038
15	11	0.6757225	0.345	-0.1	0.038
15	11	0.6803188	0.345	-0.1	0.038
15	11	0.6849692	0.345	-0.1	0.038
15	11	0.6896539	0.345	-0.1	0.038
15	11	0.6946102	0.345	-0.1	0.038
15	11	0.6991394	0.345	-0.1	0.038
15	11	0.7035984	0.345	-0.1	0.038
15	11	0.7082829	0.345	-0.1	0.038
15	11	0.7128986	0.345	-0.1	0.038
15	11	0.7176251	0.345	-0.1	0.038
15	11	0.7225533	0.345	-0.1	0.038
15	11	0.7273012	0.345	-0.1	0.038
15	11	0.7322827	0.345	-0.1	0.038
15	11	0.7371871	0.345	-0.1	0.038
15	11	0.7417635	0.345	-0.1	0.038
15	11	0.7465274	0.345	-0.1	0.038
15	11	0.7515777	0.345	-0.1	0.038
15	11	0.7568552	0.345	-0.1	0.038
15	11	0.7617804	0.345	-0.1	0.038
15	11	0.7668309	0.345	-0.1	0.038
15	11	0.7720901	0.345	-0.1	0.038
15	11	0.7773405	0.345	-0.1	0.038
15	11	0.7825853	0.345	-0.1	0.038
15	11	0.7877911	0.345	-0.1	0.038
15	11	0.7937704	0.345	-0.1	0.038
15	11	0.7999098	0.345	-0.1	0.038
15	11	0.8053189	0.345	-0.1	0.038
15	11	0.8101002	0.345	-0.1	0.038
15	11	0.8148235	0.345	-0.1	0.038
15	11	0.8195949	0.345	-0.1	0.038
15	11	0.8241313	0.345	-0.1	0.038
15	11	0.8288594	0.345	-0.1	0.038
15	11	0.8336436	0.345	-0.1	0.038
15	11	0.8383024	0.345	-0.1	0.038
15	11	0.8427094	0.345	-0.1	0.038
15	11	0.8476139	0.345	-0.1	0.038
15	11	0.8533665	0.345	-0.1	0.038
15	11	0.8582174	0.345	-0.1	0.038
15	11	0.8627614	0.345	-0.1	0.038
15	11	0.868836	0.345	-0.1	0.038
15	11	0.8735576	0.345	-0.1	0.038
15	11	0.8781499	0.345	-0.1	0.038
15	11	0.8835481	0.345	-0.1	0.038
15	11	0.8884609	0.345	-0.1	0.038
15	11	0.8929785	0.345	-0.1	0.038
15	11	0.8973933	0.345	-0.1	0.038
15	11	0.9050608	0.345	-0.1	0.038
15	11	0.9102278	0.345	-0.1	0.038
15	11	0.9154896	0.345	-0.1	0.038
15	11	0.9203745	0.345	-0.1	0.038
15	11	0.9250044	0.345	-0.1	0.038
15	11	0.9301187	0.345	-0.1	0.038
15	11	0.9348992	0.345	-0.1	0.038
15	11	0.9395958	0.345	-0.1	0.038
15	11	0.9443293	0.345	-0.1	0.038
15	11	0.9492908	0.345	-0.1	0.038
15	11	0.9535261	0.345	-0.1	0.038
15	11	0.9580309	0.345	-0.1	0.038
15	11	0.962975	0.345	-0.1	0.038
15	11	0.9683363	0.345	-0.1	0.038
15	11	0.9731452	0.345	-0.1	0.038
15	11	0.9781246	0.345	-0.1	0.038
15	11	0.9831741	0.345	-0.1	0.038
15	11	0.9879307	0.345	-0.1	0.038
15	11	0.9926092	0.345	-0.1	0.038
15	11	0.9971857	0.345	-0.1	0.038
15	11	1.002215	0.345	-0.1	0.038
15	11	1.006719	0.345	-0.1	0.038
15	11	1.011526	0.345	-0.1	0.038
15	11	1.016087	0.345	-0.1	0.038
15	11	1.020798	0.345	-0.1	0.038
15	11	1.025822	0.345	-0.1	0.038
15	11	1.030591	0.345	-0.1	0.038
15	11	1.035514	0.345	-0.1	0.038
15	11	1.040207	0.345	-0.1	0.038
15	11	1.044953	0.345	-0.1	0.038
15	11	1.049744	0.345	-0.1	0.038
15	11	1.054248	0.345	-0.1	0.038
15	11	1.058959	0.345	-0.1	0.038
15	11	1.064045	0.345	-0.1	0.038
15	11	1.069338	0.345	-0.1	0.038
15	11	1.073827	0.345	-0.1	0.038
15	11	1.079118	0.345	-0.1	0.038
15	11	1.083946	0.345	-0.1	0.038
15	11	1.089435	0.345	-0.1	0.038
15	11	1.093817	0.345	-0.1	0.038
15	11	1.098609	0.345	-0.1	0.038
15	11	1.10355	0.345	-0.1	0.038
15	11	1.108413	0.345	-0.1	0.038
15	11	1.11301	0.345	-0.1	0.038
15	11	1.117522	0.345	-0.1	0.038
15	11	1.122291	0.345	-0.1	0.038
15	11	1.127722	0.345	-0.1	0.038
15	11	1.132715	0.345	-0.1	0.038
15	11	1.137377	0.345	-0.1	0.038
15	11	1.142163	0.345	-0.1	0.038
15	11	1.147442	0.345	-0.1	0.038
15	11	1.152122	0.345	-0.1	0.038
15	11	1.156897	0.345	-0.1	0.038
15	11	1.161448	0.345	-0.1	0.038
15	11	1.166383	0.345	-0.1	0.038
15	11	1.171472	0.345	-0.1	0.038
15	11	1.175925	0.345	-0.1	0.038
15	11	1.180617	0.345	-0.1	0.038
15	11	1.185778	0.345	-0.1	0.038
15	11	1.190421	0.345	-0.1	0.038
15	11	1.195339	0.345	-0.1	0.038
15	11	1.200849	0.345	-0.1	0.038
15	11	1.205489	0.345	-0.1	0.038
15	11	1.211119	0.345	-0.1	0.038
15	11	1.216624	0.345	-0.1	0.038
15	11	1.222171	0.345	-0.1	0.038
15	11	1.227354	0.345	-0.1	0.038
15	11	1.231876	0.345	-0.1	0.038
15	11	1.236243	0.345	-0.1	0.038
15	11	1.241074	0.345	-0.1	0.038
15	11	1.2458	0.345	-0.1	0.038
15	11	1.250475	0.345	-0.1	0.038
15	11	1.254819	0.345	-0.1	0.038
15	11	1.259138	0.345	-0.1	0.038
15	11	1.263837	0.345	-0.1	0.038
15	11	1.268506	0.345	-0.1	0.038
15	11	1.273013	0.345	-0.1	0.038
15	11	1.278021	0.345	-0.1	0.038
15	11	1.282668	0.345	-0.1	0.038
15	11	1.287428	0.345	-0.1	0.038
15	11	1.292032	0.345	-0.1	0.038
15	11	1.296605	0.345	-0.1	0.038
15	11	1.301389	0.345	-0.1	0.038
15	11	1.306848	0.345	-0.1	0.038
15	11	1.311607	0.345	-0.1	0.038
15	11	1.316274	0.345	-0.1	0.038
15	11	1.321001	0.345	-0.1	0.038
15	11	1.326136	0.345	-0.1	0.038
15	11	1.330495	0.345	-0.1	0.038
15	11	1.335002	0.345	-0.1	0.038
15	11	1.339766	0.345	-0.1	0.038
15	11	1.344336	0.345	-0.1	0.038
15	11	1.349608	0.345	-0.1	0.038
15	11	1.354349	0.345	-0.1	0.038
15	11	1.358966	0.345	-0.1	0.038
15	11	1.363511	0.345	-0.1	0.038
15	11	1.368535	0.345	-0.1	0.038
15	11	1.373495	0.345	-0.1	0.038
15	11	1.377846	0.345	-0.1	0.038
15	11	1.383543	0.345	-0.1	0.038
15	11	1.388451	0.345	-0.1	0.038
15	11	1.393231	0.345	-0.1	0.038
15	11	1.398245	0.345	-0.1	0.038
15	11	1.406324	0.345	-0.1	0.038
15	11	1.411446	0.345	-0.1	0.038
15	11	1.415816	0.345	-0.1	0.038
15	11	1.421163	0.345	-0.1	0.038
15	11	1.425814	0.345	-0.1	0.038
15	11	1.430455	0.345	-0.1	0.038
15	11	1.435709	0.345	-0.1	0.038
15	11	1.440216	0.345	-0.1	0.038
15	11	1.44572	0.345	-0.1	0.038
15	11	1.450528	0.345	-0.1	0.038
15	11	1.455864	0.345	-0.1	0.038
15	11	1.460346	0.345	-0.1	0.038
15	11	1.465685	0.345	-0.1	0.038
15	11	1.470451	0.345	-0.1	0.038
15	11	1.47477	0.345	-0.1	0.038
15	11	1.479619	0.345	-0.1	0.038
15	11	1.485026	0.345	-0.1	0.038
15	11	1.490067	0.345	-0.1	0.038
15	11	1.495057	0.345	-0.1	0.038
15	11	1.500271	0.345	-0.1	0.038
15	11	1.505271	0.345	-0.1	0.038
15	11	1.51034	0.345	-0.1	0.038
15	11	1.515311	0.345	-0.1	0.038
15	11	1.519721	0.345	-0.1	0.038
15	11	1.52446	0.345	-0.1	0.038
15	11	1.529171	0.345	-0.1	0.038
15	11	1.533801	0.345	-0.1	0.038
15	11	1.538299	0.345	-0.1	0.038
15	11	1.542951	0.345	-0.1	0.038
15	11	1.547999	0.345	-0.1	0.038
15	11	1.552976	0.345	-0.1	0.038
15	11	1.558337	0.345	-0.1	0.038
15	11	1.563278	0.345	-0.1	0.038
15	11	1.568824	0.345	-0.1	0.038
15	11	1.573586	0.345	-0.1	0.038
15	11	1.579003	0.345	-0.1	0.038
15	11	1.584171	0.345	-0.1	0.038
15	11	1.589387	0.345	-0.1	0.038
15	11	1.594952	0.345	-0.1	0.038
15	11	1.599882	0.345	-0.1	0.038
15	11	1.604249	0.345	-0.1	0.038
15	11	1.608757	0.345	-0.1	0.038
15	11	1.61351	0.345	-0.1	0.038
15	11	1.61913	0.345	-0.1	0.038
15	11	1.624007	0.345	-0.1	0.038
15	11	1.629096	0.345	-0.1	0.038
15	11	1.634065	0.345	-0.1	0.038
15	11	1.639117	0.345	-0.1	0.038
15	11	1.643757	0.345	-0.1	0.038
15	11	1.648884	0.345	-0.1	0.038
15	11	1.654406	0.345	-0.1	0.038
15	11	1.659089	0.345	-0.1	0.038
15	11	1.663412	0.345	-0.1	0.038
15	11	1.668404	0.345	-0.1	0.038
15	11	1.672654	0.345	-0.1	0.038
15	11	1.677758	0.345	-0.1	0.038
15	11	1.682819	0.345	-0.1	0.038
15	11	1.687889	0.345	-0.1	0.038
15	11	1.692973	0.345	-0.1	0.038
15	11	1.697913	0.345	-0.1	0.038
15	11	1.703086	0.345	-0.1	0.038
15	11	1.707859	0.345	-0.1	0.038
15	11	1.71246	0.345	-0.1	0.038
15	11	1.717092	0.345	-0.1	0.038
15	11	1.721462	0.345	-0.1	0.038
15	11	1.726149	0.345	-0.1	0.038
15	11	1.730696	0.345	-0.1	0.038
15	11	1.735335	0.345	-0.1	0.038
15	11	1.739902	0.345	-0.1	0.038
15	11	1.744591	0.345	-0.1	0.038
15	11	1.75044	0.345	-0.1	0.038
15	11	1.755253	0.345	-0.1	0.038
15	11	1.75999	0.345	-0.1	0.038
15	11	1.764923	0.345	-0.1	0.038
15	11	1.76952	0.345	-0.1	0.038
15	11	1.774063	0.345	-0.1	0.038
15	11	1.779504	0.345	-0.1	0.038
15	11	1.784323	0.345	-0.1	0.038
15	11	1.789692	0.345	-0.1	0.038
15	11	1.795333	0.345	-0.1	0.038
15	11	1.80052	0.345	-0.1	0.038
15	11	1.805098	0.345	-0.1	0.038
15	11	1.81046	0.345	-0.1	0.038
15	11	1.815463	0.345	-0.1	0.038
15	11	1.819963	0.345	-0.1	0.038
15	11	1.824886	0.345	-0.1	0.038
15	11	1.830086	0.345	-0.1	0.038
15	11	1.835591	0.345	-0.1	0.038
15	11	1.840021	0.345	-0.1	0.038
15	11	1.844687	0.345	-0.1	0.038
15	11	1.849297	0.345	-0.1	0.038
15	11	1.854054	0.345	-0.1	0.038
15	11	1.858865	0.345	-0.1	0.038
15	11	1.863304	0.345	-0.1	0.038
15	11	1.868246	0.345	-0.1	0.038
15	11	1.873565	0.345	-0.1	0.038
15	11	1.879429	0.345	-0.1	0.038
15	11	1.884529	0.345	-0.1	0.038
15	11	1.889855	0.345	-0.1	0.038
15	11	1.894459	0.345	-0.1	0.038
15	11	1.899898	0.345	-0.1	0.038
15	11	1.904642	0.345	-0.1	0.038
15	11	1.90945	0.345	-0.1	0.038
15	11	1.917389	0.345	-0.1	0.038
15	11	1.922436	0.345	-0.1	0.038
15	11	1.927448	0.345	-0.1	0.038
15	11	1.93253	0.345	-0.1	0.038
15	11	1.937384	0.345	-0.1	0.038
15	11	1.942307	0.345	-0.1	0.038
15	11	1.947181	0.345	-0.1	0.038
15	11	1.951673	0.345	-0.1	0.038
15	11	1.956264	0.345	-0.1	0.038
15	11	1.960552	0.345	-0.1	0.038
15	11	1.966086	0.345	-0.1	0.038
15	11	1.970802	0.345	-0.1	0.038
15	11	1.976149	0.345	-0.1	0.038
15	11	1.981513	0.345	-0.1	0.038
15	11	1.986579	0.345	-0.1	0.038
15	11	1.99103	0.345	-0.1	0.038
15	11	1.996003	0.345	-0.1	0.038
15	11	2.001473	0.345	-0.1	0.038
15	11	2.00634	0.345	-0.1	0.038
15	11	2.010987	0.345	-0.1	0.038
15	11	2.015836	0.345	-0.1	0.038
15	11	2.020581	0.345	-0.1	0.038
15	11	2.025517	0.345	-0.1	0.038
15	11	2.030346	0.345	-0.1	0.038
15	11	2.035194	0.345	-0.1	0.038
15	11	2.04003	0.345	-0.1	0.038
15	11	2.045502	0.345	-0.1	0.038
15	11	2.050736	0.345	-0.1	0.038
15	11	2.055482	0.345	-0.1	0.038
15	11	2.060554	0.345	-0.1	0.038
15	11	2.066032	0.345	-0.1	0.038
15	11	2.071527	0.345	-0.1	0.038
15	11	2.076831	0.345	-0.1	0.038
15	11	2.081396	0.345	-0.1	0.038
15	11	2.08654	0.345	-0.1	0.038
15	11	2.091969	0.345	-0.1	0.038
15	11	2.096891	0.345	-0.1	0.038
15	11	2.101533	0.345	-0.1	0.038
15	11	2.10645	0.345	-0.1	0.038
15	11	2.111076	0.345	-0.1	0.038
15	11	2.116321	0.345	-0.1	0.038
15	11	2.121274	0.345	-0.1	0.038
15	11	2.126571	0.345	-0.1	0.038
15	11	2.13232	0.345	-0.1	0.038
15	11	2.137101	0.345	-0.1	0.038
15	11	2.142	0.345	-0.1	0.038
15	11	2.147019	0.345	-0.1	0.038
15	11	2.151933	0.345	-0.1	0.038
15	11	2.156547	0.345	-0.1	0.038
15	11	2.161359	0.345	-0.1	0.038
15	11	2.167325	0.345	-0.1	0.038
15	11	2.171794	0.345	-0.1	0.038
15	11	2.176467	0.345	-0.1	0.038
15	11	2.180889	0.345	-0.1	0.038
15	11	2.185519	0.345	-0.1	0.038
15	11	2.190141	0.345	-0.1	0.038
15	11	2.194527	0.345	-0.1	0.038
15	11	2.199377	0.345	-0.1	0.038
15	11	2.204333	0.345	-0.1	0.038
15	11	2.208963	0.345	-0.1	0.038
15	11	2.213432	0.345	-0.1	0.038
15	11	2.21859	0.345	-0.1	0.038
15	11	2.223399	0.345	-0.1	0.038
15	11	2.228168	0.345	-0.1	0.038
15	11	2.233026	0.345	-0.1	0.038
15	11	2.2375	0.345	-0.1	0.038
15	11	2.241941	0.345	-0.1	0.038
15	11	2.247155	0.345	-0.1	0.038
15	11	2.251916	0.345	-0.1	0.038
15	11	2.256517	0.345	-0.1	0.038
15	11	2.261191	0.345	-0.1	0.038
15	11	2.266658	0.345	-0.1	0.038
15	11	2.270918	0.345	-0.1	0.038
15	11	2.275308	0.345	-0.1	0.038
15	11	2.279614	0.345	-0.1	0.038
15	11	2.284598	0.345	-0.1	0.038
15	11	2.289052	0.345	-0.1	0.038
15	11	2.29336	0.345	-0.1	0.038
15	11	2.298011	0.345	-0.1	0.038
15	11	2.302939	0.345	-0.1	0.038
15	11	2.307831	0.345	-0.1	0.038
15	11	2.312134	0.345	-0.1	0.038
15	11	2.317294	0.345	-0.1	0.038
15	11	2.321681	0.345	-0.1	0.038
15	11	2.326185	0.345	-0.1	0.038
15	11	2.330966	0.345	-0.1	0.038
15	11	2.33585	0.345	-0.1	0.038
15	11	2.340723	0.345	-0.1	0.038
15	11	2.345273	0.345	-0.1	0.038
15	11	2.350365	0.345	-0.1	0.038
15	11	2.354798	0.345	-0.1	0.038
15	11	2.359076	0.345	-0.1	0.038
15	11	2.363671	0.345	-0.1	0.038
15	11	2.368757	0.345	-0.1	0.038
15	11	2.373379	0.345	-0.1	0.038
15	11	2.378216	0.345	-0.1	0.038
15	11	2.382972	0.345	-0.1	0.038
15	11	2.387491	0.345	-0.1	0.038
15	11	2.39217	0.345	-0.1	0.038
15	11	2.396841	0.345	-0.1	0.038
15	11	2.401891	0.345	-0.1	0.038
15	11	2.406674	0.345	-0.1	0.038
15	11	2.414613	0.345	-0.1	0.038
15	11	2.419426	0.345	-0.1	0.038
15	11	2.424567	0.345	-0.1	0.038
15	11	2.429595	0.345	-0.1	0.038
15	11	2.434343	0.345	-0.1	0.038
15	11	2.439257	0.345	-0.1	0.038
15	11	2.443563	0.345	-0.1	0.038
15	11	2.448299	0.345	-0.1	0.038
15	11	2.452816	0.345	-0.1	0.038
15	11	2.457403	0.345	-0.1	0.038
15	11	2.461749	0.345	-0.1	0.038
15	11	2.46682	0.345	-0.1	0.038
15	11	2.471426	0.345	-0.1	0.038
15	11	2.475737	0.345	-0.1	0.038
15	11	2.480249	0.345	-0.1	0.038
15	11	2.485258	0.345	-0.1	0.038
15	11	2.489914	0.345	-0.1	0.038
15	11	2.494304	0.345	-0.1	0.038
15	11	2.499022	0.345	-0.1	0.038
15	11	2.503523	0.345	-0.1	0.038
15	11	2.508627	0.345	-0.1	0.038
15	11	2.512953	0.345	-0.1	0.038
15	11	2.517567	0.345	-0.1	0.038
15	11	2.521996	0.345	-0.1	0.038
15	11	2.526669	0.345	-0.1	0.038
15	11	2.531962	0.345	-0.1	0.038
15	11	2.537041	0.345	-0.1	0.038
15	11	2.541592	0.345	-0.1	0.038
15	11	2.54654	0.345	-0.1	0.038
15	11	2.551501	0.345	-0.1	0.038
15	11	2.555763	0.345	-0.1	0.038
15	11	2.560531	0.345	-0.1	0.038
15	11	2.565865	0.345	-0.1	0.038
15	11	2.571187	0.345	-0.1	0.038
15	11	2.576447	0.345	-0.1	0.038
15	11	2.581341	0.345	-0.1	0.038
15	11	2.587512	0.345	-0.1	0.038
15	11	2.592812	0.345	-0.1	0.038
15	11	2.597947	0.345	-0.1	0.038
15	11	2.603529	0.345	-0.1	0.038
15	11	2.609139	0.345	-0.1	0.038
15	11	2.61465	0.345	-0.1	0.038
15	11	2.619726	0.345	-0.1	0.038
15	11	2.624188	0.345	-0.1	0.038
15	11	2.629783	0.345	-0.1	0.038
15	11	2.634904	0.345	-0.1	0.038
15	11	2.639388	0.345	-0.1	0.038
15	11	2.644168	0.345	-0.1	0.038
15	11	2.649729	0.345	-0.1	0.038
15	11	2.654905	0.345	-0.1	0.038
15	11	2.659888	0.345	-0.1	0.038
15	11	2.664393	0.345	-0.1	0.038
15	11	2.669709	0.345	-0.1	0.038
15	11	2.674245	0.345	-0.1	0.038
15	11	2.679087	0.345	-0.1	0.038
15	11	2.684472	0.345	-0.1	0.038
15	11	2.689539	0.345	-0.1	0.038
15	11	2.695322	0.345	-0.1	0.038
15	11	2.700622	0.345	-0.1	0.038
15	11	2.70563	0.345	-0.1	0.038
15	11	2.710439	0.345	-0.1	0.038
15	11	2.716424	0.345	-0.1	0.038
15	11	2.721648	0.345	-0.1	0.038
15	11	2.726675	0.345	-0.1	0.038
15	11	2.731538	0.345	-0.1	0.038
15	11	2.73628	0.345	-0.1	0.038
15	11	2.740903	0.345	-0.1	0.038
15	11	2.745767	0.345	-0.1	0.038
15	11	2.751078	0.345	-0.1	0.038
15	11	2.75614	0.345	-0.1	0.038
15	11	2.760826	0.345	-0.1	0.038
15	11	2.765863	0.345	-0.1	0.038
15	11	2.770441	0.345	-0.1	0.038
15	11	2.774872	0.345	-0.1	0.038
15	11	2.779569	0.345	-0.1	0.038
15	11	2.784476	0.345	-0.1	0.038
15	11	2.790244	0.345	-0.1	0.038
15	11	2.796114	0.345	-0.1	0.038
15	11	2.801388	0.345	-0.1	0.038
15	11	2.806253	0.345	-0.1	0.038
15	11	2.810487	0.345	-0.1	0.038
15	11	2.815087	0.345	-0.1	0.038
15	11	2.820045	0.345	-0.1	0.038
15	11	2.825155	0.345	-0.1	0.038
15	11	2.829766	0.345	-0.1	0.038
15	11	2.835921	0.345	-0.1	0.038
15	11	2.842152	0.345	-0.1	0.038
15	11	2.847067	0.345	-0.1	0.038
15	11	2.852682	0.345	-0.1	0.038
15	11	2.857506	0.345	-0.1	0.038
15	11	2.861982	0.345	-0.1	0.038
15	11	2.868856	0.345	-0.1	0.038
15	11	2.875401	0.345	-0.1	0.038
15	11	2.882295	0.345	-0.1	0.038
15	11	2.887212	0.345	-0.1	0.038
15	11	2.892192	0.345	-0.1	0.038
15	11	2.897747	0.345	-0.1	0.038
15	11	2.902532	0.345	-0.1	0.038
15	11	2.907851	0.345	-0.1	0.038
15	11	2.912816	0.345	-0.1	0.038
15	11	2.918041	0.345	-0.1	0.038
15	11	2.922593	0.345	-0.1	0.038
15	11	2.927187	0.345	-0.1	0.038
15	11	2.93535	0.345	-0.1	0.038
15	11	2.939655	0.345	-0.1	0.038
15	11	2.944477	0.345	-0.1	0.038
15	11	2.949786	0.345	-0.1	0.038
15	11	2.9545	0.345	-0.1	0.038
15	11	2.959202	0.345	-0.1	0.038
15	11	2.963912	0.345	-0.1	0.038
15	11	2.968967	0.345	-0.1	0.038
15	11	2.973644	0.345	-0.1	0.038
15	11	2.978349	0.345	-0.1	0.038
15	11	2.983356	0.345	-0.1	0.038
15	11	2.988147	0.345	-0.1	0.038
15	11	2.99279	0.345	-0.1	0.038
15	11	2.99711	0.345	-0.1	0.038
15	11	3.002707	0.345	-0.1	0.038
15	11	3.007677	0.345	-0.1	0.038
15	11	3.012466	0.345	-0.1	0.038
15	11	3.017337	0.345	-0.1	0.038
15	11	3.022136	0.345	-0.1	0.038
15	11	3.027383	0.345	-0.1	0.038
15	11	3.032188	0.345	-0.1	0.038
15	11	3.036904	0.345	-0.1	0.038
15	11	3.041995	0.345	-0.1	0.038
15	11	3.051451	0.345	-0.1	0.038
15	11	3.056302	0.345	-0.1	0.038
15	11	3.060671	0.345	-0.1	0.038
15	11	3.065915	0.345	-0.1	0.038
15	11	3.071206	0.345	-0.1	0.038
15	11	3.076228	0.345	-0.1	0.038
15	11	3.080724	0.345	-0.1	0.038
15	11	3.08565	0.345	-0.1	0.038
15	11	3.090652	0.345	-0.1	0.038
15	11	3.095281	0.345	-0.1	0.038
15	11	3.100032	0.345	-0.1	0.038
15	11	3.105176	0.345	-0.1	0.038
15	11	3.109664	0.345	-0.1	0.038
15	11	3.114213	0.345	-0.1	0.038
15	11	3.119283	0.345	-0.1	0.038
15	11	3.123713	0.345	-0.1	0.038
15	11	3.128627	0.345	-0.1	0.038
15	11	3.133713	0.345	-0.1	0.038
15	11	3.138684	0.345	-0.1	0.038
15	11	3.143763	0.345	-0.1	0.038
15	11	3.148365	0.345	-0.1	0.038
15	11	3.15323	0.345	-0.1	0.038
15	11	3.158054	0.345	-0.1	0.038
15	11	3.162324	0.345	-0.1	0.038
15	11	3.167907	0.345	-0.1	0.038
15	11	3.17219	0.345	-0.1	0.038
15	11	3.176849	0.345	-0.1	0.038
15	11	3.181649	0.345	-0.1	0.038
15	11	3.186183	0.345	-0.1	0.038
15	11	3.190613	0.345	-0.1	0.038
15	11	3.194901	0.345	-0.1	0.038
15	11	3.199623	0.345	-0.1	0.038
15	11	3.205254	0.345	-0.1	0.038
15	11	3.209845	0.345	-0.1	0.038
15	11	3.214597	0.345	-0.1	0.038
15	11	3.219915	0.345	-0.1	0.038
15	11	3.224215	0.345	-0.1	0.038
15	11	3.229142	0.345	-0.1	0.038
15	11	3.23363	0.345	-0.1	0.038
15	11	3.238182	0.345	-0.1	0.038
15	11	3.242746	0.345	-0.1	0.038
15	11	3.247568	0.345	-0.1	0.038
15	11	3.252379	0.345	-0.1	0.038
15	11	3.257172	0.345	-0.1	0.038
15	11	3.26166	0.345	-0.1	0.038
15	11	3.266727	0.345	-0.1	0.038
15	11	3.271084	0.345	-0.1	0.038
15	11	3.276022	0.345	-0.1	0.038
15	11	3.280311	0.345	-0.1	0.038
15	11	3.285669	0.345	-0.1	0.038
15	11	3.290091	0.345	-0.1	0.038
15	11	3.294359	0.345	-0.1	0.038
15	11	3.298996	0.345	-0.1	0.038
15	11	3.303426	0.345	-0.1	0.038
15	11	3.308312	0.345	-0.1	0.038
15	11	3.312522	0.345	-0.1	0.038
15	11	3.316793	0.345	-0.1	0.038
15	11	3.321396	0.345	-0.1	0.038
15	11	3.326591	0.345	-0.1	0.038
15	11	3.331174	0.345	-0.1	0.038
15	11	3.33559	0.345	-0.1	0.038
15	11	3.34023	0.345	-0.1	0.038
15	11	3.34475	0.345	-0.1	0.038
15	11	3.35013	0.345	-0.1	0.038
15	11	3.354441	0.345	-0.1	0.038
15	11	3.359237	0.345	-0.1	0.038
15	11	3.363945	0.345	-0.1	0.038
15	11	3.368824	0.345	-0.1	0.038
15	11	3.373281	0.345	-0.1	0.038
15	11	3.378063	0.345	-0.1	0.038
15	11	3.383284	0.345	-0.1	0.038
15	11	3.388458	0.345	-0.1	0.038
15	11	3.393492	0.345	-0.1	0.038
15	11	3.398217	0.345	-0.1	0.038
15	11	3.403268	0.345	-0.1	0.038
15	11	3.408452	0.345	-0.1	0.038
15	11	3.413061	0.345	-0.1	0.038
15	11	3.417928	0.345	-0.1	0.038
15	11	3.422591	0.345	-0.1	0.038
15	11	3.430403	0.345	-0.1	0.038
15	11	3.435096	0.345	-0.1	0.038
15	11	3.439473	0.345	-0.1	0.038
15	11	3.444201	0.345	-0.1	0.038
15	11	3.449008	0.345	-0.1	0.038
15	11	3.453382	0.345	-0.1	0.038
15	11	3.457961	0.345	-0.1	0.038
15	11	3.462411	0.345	-0.1	0.038
15	11	3.468013	0.345	-0.1	0.038
15	11	3.472345	0.345	-0.1	0.038
15	11	3.476706	0.345	-0.1	0.038
15	11	3.481185	0.345	-0.1	0.038
15	11	3.485963	0.345	-0.1	0.038
15	11	3.490385	0.345	-0.1	0.038
15	11	3.494892	0.345	-0.1	0.038
15	11	3.499733	0.345	-0.1	0.038
15	11	3.504724	0.345	-0.1	0.038
15	11	3.510133	0.345	-0.1	0.038
15	11	3.514774	0.345	-0.1	0.038
15	11	3.519909	0.345	-0.1	0.038
15	11	3.524482	0.345	-0.1	0.038
15	11	3.529078	0.345	-0.1	0.038
15	11	3.53398	0.345	-0.1	0.038
15	11	3.538603	0.345	-0.1	0.038
15	11	3.543392	0.345	-0.1	0.038
15	11	3.547866	0.345	-0.1	0.038
15	11	3.552527	0.345	-0.1	0.038
15	11	3.557177	0.345	-0.1	0.038
15	11	3.56232	0.345	-0.1	0.038
15	11	3.567766	0.345	-0.1	0.038
15	11	3.572859	0.345	-0.1	0.038
15	11	3.57803	0.345	-0.1	0.038
15	11	3.582279	0.345	-0.1	0.038
15	11	3.58743	0.345	-0.1	0.038
15	11	3.591915	0.345	-0.1	0.038
15	11	3.596637	0.345	-0.1	0.038
15	11	3.601398	0.345	-0.1	0.038
15	11	3.606632	0.345	-0.1	0.038
15	11	3.666471	0.345	-0.1	0.038
15	11	3.67633	0.345	-0.1	0.038
15	11	3.681029	0.345	-0.1	0.038
15	11	3.686964	0.345	-0.1	0.038
15	11	3.693223	0.345	-0.1	0.038
15	11	3.697977	0.345	-0.1	0.038
15	11	3.702466	0.345	-0.1	0.038
15	11	3.708351	0.345	-0.1	0.038
15	11	3.713163	0.345	-0.1	0.038
15	11	3.718324	0.345	-0.1	0.038
15	11	3.722858	0.345	-0.1	0.038
15	11	3.727875	0.345	-0.1	0.038
15	11	3.732744	0.345	-0.1	0.038
15	11	3.737365	0.345	-0.1	0.038
15	11	3.742128	0.345	-0.1	0.038
15	11	3.746807	0.345	-0.1	0.038
15	11	3.75207	0.345	-0.1	0.038
15	11	3.756408	0.345	-0.1	0.038
15	11	3.761069	0.345	-0.1	0.038
15	11	3.765817	0.345	-0.1	0.038
15	11	3.770428	0.345	-0.1	0.038
15	11	3.775149	0.345	-0.1	0.038
15	11	3.779662	0.345	-0.1	0.038
15	11	3.78456	0.345	-0.1	0.038
15	11	3.790129	0.345	-0.1	0.038
15	11	3.795416	0.345	-0.1	0.038
14	11	3.802898	0.345	-0.1	0.038
14	11	3.809427	0.345	-0.1	0.038
14	11	3.814632	0.345	-0.1	0.038
14	11	3.820648	0.345	-0.1	0.038
14	11	3.825897	0.345	-0.1	0.038
14	11	3.830357	0.345	-0.1	0.038
14	11	3.834816	0.345	-0.1	0.038
14	11	3.839078	0.345	-0.1	0.038
14	11	3.843544	0.345	-0.1	0.038
14	11	3.848371	0.345	-0.1	0.038
14	11	3.853881	0.345	-0.1	0.038
14	11	3.858549	0.345	-0.1	0.038
14	11	3.863164	0.345	-0.1	0.038
14	11	3.868297	0.345	-0.1	0.038
14	11	3.872866	0.345	-0.1	0.038
14	11	3.877346	0.345	-0.1	0.038
14	11	3.881947	0.345	-0.1	0.038
14	11	3.887058	0.345	-0.1	0.038
14	11	3.891707	0.345	-0.1	0.038
14	11	3.896125	0.345	-0.1	0.038
14	11	3.90055	0.345	-0.1	0.038
14	11	3.905825	0.345	-0.1	0.038
14	11	3.91016	0.345	-0.1	0.038
14	11	3.916286	0.345	-0.1	0.038
14	11	3.922259	0.345	-0.1	0.038
14	11	3.927528	0.345	-0.1	0.038
14	11	3.931792	0.345	-0.1	0.038
14	11	3.936846	0.345	-0.1	0.038
14	11	3.941397	0.345	-0.1	0.038
14	11	3.94671	0.345	-0.1	0.038
14	11	3.951983	0.345	-0.1	0.038
14	11	3.956383	0.345	-0.1	0.038
14	11	3.961159	0.345	-0.1	0.038
14	11	3.96621	0.345	-0.1	0.038
14	11	3.972474	0.345	-0.1	0.038
14	11	3.977375	0.345	-0.1	0.038
14	11	3.981823	0.345	-0.1	0.038
14	11	3.987357	0.345	-0.1	0.038
14	11	3.99477	0.345	-0.1	0.038
14	11	3.999934	0.345	-0.1	0.038
14	11	4.004313	0.345	-0.1	0.038
14	11	4.009068	0.345	-0.1	0.038
14	11	4.01333	0.345	-0.1	0.038
14	11	4.018326	0.345	-0.1	0.038
13	11	4.022797	0.345	-0.1	0.038
13	11	4.027567	0.345	-0.1	0.038
13	11	4.032629	0.345	-0.1	0.038
13	11	4.037145	0.345	-0.1	0.038
13	11	4.041561	0.345	-0.1	0.038
13	11	4.047402	0.345	-0.1	0.038
13	11	4.052481	0.345	-0.1	0.038
13	11	4.057273	0.345	-0.1	0.038
13	11	4.062702	0.345	-0.1	0.038
13	11	4.067558	0.345	-0.1	0.038
13	11	4.072126	0.345	-0.1	0.038
13	11	4.076878	0.345	-0.1	0.038
13	11	4.081747	0.345	-0.1	0.038
13	11	4.087693	0.345	-0.1	0.038
13	11	4.092577	0.345	-0.1	0.038
13	11	4.098752	0.345	-0.1	0.038
13	11	4.105386	0.345	-0.1	0.038
13	11	4.110724	0.345	-0.1	0.038
13	11	4.115389	0.345	-0.1	0.038
13	11	4.120247	0.345	-0.1	0.038
13	11	4.12571	0.345	-0.1	0.038
13	11	4.133645	0.345	-0.1	0.038
13	11	4.140786	0.345	-0.1	0.038
13	11	4.145719	0.345	-0.1	0.038
13	11	4.150864	0.345	-0.1	0.038
13	11	4.155151	0.345	-0.1	0.038
13	11	4.159956	0.345	-0.1	0.038
13	11	4.16455	0.345	-0.1	0.038
13	11	4.169761	0.345	-0.1	0.038
13	11	4.174357	0.345	-0.1	0.038
13	11	4.178819	0.345	-0.1	0.038
13	11	4.183299	0.345	-0.1	0.038
13	11	4.189573	0.345	-0.1	0.038
13	11	4.194643	0.345	-0.1	0.038
13	11	4.199092	0.345	-0.1	0.038
13	11	4.204034	0.345	-0.1	0.038
13	11	4.209096	0.345	-0.1	0.038
13	11	4.213612	0.345	-0.1	0.038
13	11	4.218629	0.345	-0.1	0.038
13	11	4.225271	0.345	-0.1	0.038
13	11	4.231961	0.345	-0.1	0.038
13	11	4.23662	0.345	-0.1	0.038
13	10	4.240797	0.345	-0.1	0.038
13	10	4.245439	0.345	-0.1	0.038
13	10	4.25003	0.345	-0.1	0.038
13	10	4.254582	0.345	-0.1	0.038
13	10	4.259403	0.345	-0.1	0.038
13	10	4.263759	0.345	-0.1	0.038
13	10	4.270719	0.345	-0.1	0.038
13	10	4.275358	0.345	-0.1	0.038
13	10	4.280415	0.345	-0.1	0.038
13	10	4.288045	0.345	-0.1	0.038
13	10	4.294945	0.345	-0.1	0.038
13	10	4.30003	0.345	-0.1	0.038
13	10	4.305089	0.345	-0.1	0.038
13	10	4.309545	0.345	-0.1	0.038
13	10	4.31409	0.345	-0.1	0.038
13	10	4.319168	0.345	-0.1	0.038
13	10	4.323711	0.345	-0.1	0.038
13	10	4.329398	0.345	-0.1	0.038
13	10	4.333802	0.345	-0.1	0.038
13	10	4.338405	0.345	-0.1	0.038
13	10	4.342971	0.345	-0.1	0.038
13	10	4.348051	0.345	-0.1	0.038
13	10	4.353186	0.345	-0.1	0.038
13	10	4.357505	0.345	-0.1	0.038
13	10	4.361932	0.345	-0.1	0.038
13	10	4.367656	0.345	-0.1	0.038
13	10	4.372524	0.345	-0.1	0.038
13	10	4.377057	0.345	-0.1	0.038
13	10	4.383073	0.345	-0.1	0.038
13	10	4.388059	0.345	-0.1	0.038
13	10	4.392931	0.345	-0.1	0.038
13	10	4.397847	0.345	-0.1	0.038
13	10	4.403052	0.345	-0.1	0.038
13	10	4.408558	0.345	-0.1	0.038
13	10	4.41386	0.345	-0.1	0.038
13	10	4.418881	0.345	-0.1	0.038
13	10	4.423886	0.345	-0.1	0.038
13	10	4.428742	0.345	-0.1	0.038
13	10	4.433253	0.345	-0.1	0.038
13	10	4.437657	0.345	-0.1	0.038
13	10	4.442057	0.345	-0.1	0.038
13	10	4.446827	0.345	-0.1	0.038
13	10	4.451499	0.345	-0.1	0.038
13	10	4.456016	0.345	-0.1	0.038
13	9	4.460605	0.345	-0.1	0.038
13	9	4.465738	0.345	-0.1	0.038
13	9	4.47059	0.345	-0.1	0.038
13	9	4.475166	0.345	-0.1	0.038
13	9	4.480704	0.345	-0.1	0.038
13	9	4.486604	0.345	-0.1	0.038
13	9	4.491048	0.345	-0.1	0.038
13	9	4.49545	0.345	-0.1	0.038
13	9	4.503968	0.345	-0.1	0.038
13	9	4.508987	0.345	-0.1	0.038
13	9	4.514173	0.345	-0.1	0.038
13	9	4.519306	0.345	-0.1	0.038
13	9	4.524059	0.345	-0.1	0.038
13	9	4.529435	0.345	-0.1	0.038
13	9	4.534627	0.345	-0.1	0.038
13	9	4.539734	0.345	-0.1	0.038
13	9	4.545075	0.345	-0.1	0.038
13	9	4.55045	0.345	-0.1	0.038
13	9	4.555606	0.345	-0.1	0.038
13	9	4.560233	0.345	-0.1	0.038
13	9	4.565224	0.345	-0.1	0.038
13	9	4.569934	0.345	-0.1	0.038
13	9	4.57484	0.345	-0.1	0.038
13	9	4.579359	0.345	-0.1	0.038
13	9	4.584386	0.345	-0.1	0.038
13	9	4.591817	0.345	-0.1	0.038
13	9	4.598866	0.345	-0.1	0.038
13	9	4.6041	0.345	-0.1	0.038
13	9	4.609023	0.345	-0.1	0.038
13	9	4.613872	0.345	-0.1	0.038
13	9	4.618755	0.345	-0.1	0.038
13	9	4.623482	0.345	-0.1	0.038
13	9	4.628317	0.345	-0.1	0.038
13	9	4.632866	0.345	-0.1	0.038
13	9	4.637503	0.345	-0.1	0.038
13	9	4.641786	0.345	-0.1	0.038
13	9	4.646711	0.345	-0.1	0.038
13	9	4.651206	0.345	-0.1	0.038
13	9	4.655607	0.345	-0.1	0.038
13	9	4.6602	0.345	-0.1	0.038
13	9	4.66479	0.345	-0.1	0.038
13	9	4.670043	0.345	-0.1	0.038
13	9	4.675686	0.345	-0.1	0.038
13	10	4.682064	0.345	-0.1	0.038
13	10	4.686728	0.345	-0.1	0.038
13	10	4.691479	0.345	-0.1	0.038
13	10	4.699679	0.345	-0.1	0.038
13	10	4.70437	0.345	-0.1	0.038
13	10	4.709546	0.345	-0.1	0.038
13	10	4.714086	0.345	-0.1	0.038
13	10	4.71933	0.345	-0.1	0.038
13	10	4.724201	0.345	-0.1	0.038
13	10	4.729634	0.345	-0.1	0.038
13	10	4.734742	0.345	-0.1	0.038
13	10	4.739542	0.345	-0.1	0.038
13	10	4.744178	0.345	-0.1	0.038
13	10	4.749233	0.345	-0.1	0.038
13	10	4.75384	0.345	-0.1	0.038
13	10	4.758244	0.345	-0.1	0.038
13	10	4.762841	0.345	-0.1	0.038
13	10	4.767992	0.345	-0.1	0.038
13	10	4.772498	0.345	-0.1	0.038
13	10	4.776854	0.345	-0.1	0.038
13	10	4.781199	0.345	-0.1	0.038
13	10	4.786096	0.345	-0.1	0.038
13	10	4.790634	0.345	-0.1	0.038
13	10	4.795901	0.345	-0.1	0.038
13	10	4.800593	0.345	-0.1	0.038
13	10	4.806115	0.345	-0.1	0.038
13	10	4.811006	0.345	-0.1	0.038
13	10	4.81554	0.345	-0.1	0.038
13	10	4.820507	0.345	-0.1	0.038
13	10	4.825557	0.345	-0.1	0.038
13	10	4.830353	0.345	-0.1	0.038
13	10	4.83534	0.345	-0.1	0.038
13	10	4.839616	0.345	-0.1	0.038
13	10	4.844573	0.345	-0.1	0.038
13	10	4.849684	0.345	-0.1	0.038
13	10	4.854805	0.345	-0.1	0.038
13	10	4.859371	0.345	-0.1	0.038
13	10	4.864099	0.345	-0.1	0.038
13	10	4.869976	0.345	-0.1	0.038
13	10	4.874603	0.345	-0.1	0.038
13	10	4.880692	0.345	-0.1	0.038
13	10	4.887176	0.345	-0.1	0.038
13	10	4.891614	0.345	-0.1	0.038
13	10	4.896492	0.345	-0.1	0.038
13	11	4.900878	0.345	-0.1	0.038
13	11	4.905832	0.345	-0.1	0.038
13	11	4.910927	0.345	-0.1	0.038
13	11	4.915619	0.345	-0.1	0.038
13	11	4.920446	0.345	-0.1	0.038
13	11	4.92558	0.345	-0.1	0.038
13	11	4.931058	0.345	-0.1	0.038
13	11	4.936315	0.345	-0.1	0.038
13	11	4.941257	0.345	-0.1	0.038
13	11	4.946134	0.345	-0.1	0.038
13	11	4.950793	0.345	-0.1	0.038
13	11	4.956065	0.345	-0.1	0.038
13	11	4.96042	0.345	-0.1	0.038
13	11	4.96514	0.345	-0.1	0.038
13	11	4.970022	0.345	-0.1	0.038
13	11	4.974398	0.345	-0.1	0.038
13	11	4.97851	0.345	-0.1	0.038
13	11	4.982878	0.345	-0.1	0.038
13	11	4.987794	0.345	-0.1	0.038
13	11	4.992942	0.345	-0.1	0.038
13	11	4.997348	0.345	-0.1	0.038
13	11	5.002507	0.345	-0.1	0.038
13	11	5.010469	0.345	-0.1	0.038
13	11	5.014854	0.345	-0.1	0.038
13	11	5.01953	0.345	-0.1	0.038
13	11	5.024474	0.345	-0.1	0.038
13	11	5.029438	0.345	-0.1	0.038
13	11	5.034505	0.345	-0.1	0.038
13	11	5.040366	0.345	-0.1	0.038
13	11	5.045234	0.345	-0.1	0.038
13	11	5.050701	0.345	-0.1	0.038
13	11	5.056012	0.345	-0.1	0.038
13	11	5.060482	0.345	-0.1	0.038
13	11	5.067616	0.345	-0.1	0.038
13	11	5.073621	0.345	-0.1	0.038
13	11	5.078513	0.345	-0.1	0.038
13	11	5.08283	0.345	-0.1	0.038
13	11	5.088776	0.345	-0.1	0.038
13	11	5.093472	0.345	-0.1	0.038
13	11	5.098096	0.345	-0.1	0.038
13	11	5.10315	0.345	-0.1	0.038
13	11	5.107956	0.345	-0.1	0.038
13	11	5.112478	0.345	-0.1	0.038
13	11	5.117249	0.345	-0.1	0.038
13	11	5.122013	0.345	-0.1	0.038
13	11	5.127131	0.345	-0.1	0.038
13	11	5.131763	0.345	-0.1	0.038
13	11	5.136306	0.345	-0.1	0.038
13	11	5.141103	0.345	-0.1	0.038
13	11	5.146746	0.345	-0.1	0.038
13	11	5.15283	0.345	-0.1	0.038
13	11	5.157712	0.345	-0.1	0.038
13	11	5.162238	0.345	-0.1	0.038
13	11	5.166715	0.345	-0.1	0.038
13	11	5.171311	0.345	-0.1	0.038
13	11	5.175773	0.345	-0.1	0.038
13	11	5.180073	0.345	-0.1	0.038
13	11	5.186123	0.345	-0.1	0.038
13	11	5.19224	0.345	-0.1	0.038
13	11	5.196508	0.345	-0.1	0.038
13	10	5.201234	0.345	-0.1	0.038
13	10	5.206005	0.345	-0.1	0.038
13	10	5.210731	0.345	-0.1	0.038
13	10	5.215219	0.345	-0.1	0.038
13	10	5.219573	0.345	-0.1	0.038
13	10	5.225308	0.345	-0.1	0.038
13	10	5.230623	0.345	-0.1	0.038
13	10	5.235778	0.345	-0.1	0.038
13	10	5.240537	0.345	-0.1	0.038
13	10	5.259154	0.345	-0.1	0.038
13	10	5.263453	0.345	-0.1	0.038
13	10	5.26877	0.345	-0.1	0.038
13	10	5.273264	0.345	-0.1	0.038
13	10	5.277727	0.345	-0.1	0.038
13	10	5.281999	0.345	-0.1	0.038
13	10	5.287239	0.345	-0.1	0.038
13	10	5.291574	0.345	-0.1	0.038
13	10	5.295901	0.345	-0.1	0.038
13	10	5.300564	0.345	-0.1	0.038
13	10	5.30561	0.345	-0.1	0.038
13	10	5.310896	0.345	-0.1	0.038
13	10	5.315557	0.345	-0.1	0.038
13	10	5.322037	0.345	-0.1	0.038
13	10	5.344375	0.345	-0.1	0.038
13	10	5.349896	0.345	-0.1	0.038
13	10	5.355007	0.345	-0.1	0.038
13	10	5.359296	0.345	-0.1	0.038
13	10	5.363849	0.345	-0.1	0.038
13	10	5.368777	0.345	-0.1	0.038
13	10	5.373538	0.345	-0.1	0.038
13	10	5.379277	0.345	-0.1	0.038
13	10	5.384324	0.345	-0.1	0.038
13	10	5.389679	0.345	-0.1	0.038
13	10	5.394098	0.345	-0.1	0.038
13	10	5.398683	0.345	-0.1	0.038
13	10	5.404607	0.345	-0.1	0.038
13	10	5.41027	0.345	-0.1	0.038
13	10	5.414693	0.345	-0.1	0.038
13	10	5.41964	0.345	-0.1	0.038
13	9	5.424159	0.345	-0.1	0.038
13	9	5.429554	0.345	-0.1	0.038
13	9	5.434152	0.345	-0.1	0.038
13	9	5.43873	0.345	-0.1	0.038
13	9	5.444132	0.345	-0.1	0.038
13	9	5.449127	0.345	-0.1	0.038
13	9	5.453891	0.345	-0.1	0.038
13	9	5.458715	0.345	-0.1	0.038
13	9	5.463024	0.345	-0.1	0.038
13	9	5.468477	0.345	-0.1	0.038
13	9	5.473183	0.345	-0.1	0.038
13	9	5.477521	0.345	-0.1	0.038
13	9	5.482703	0.345	-0.1	0.038
13	9	5.488316	0.345	-0.1	0.038
13	9	5.493227	0.345	-0.1	0.038
13	9	5.498271	0.345	-0.1	0.038
13	9	5.503794	0.345	-0.1	0.038
13	9	5.508646	0.345	-0.1	0.038
13	9	5.513351	0.345	-0.1	0.038
13	9	5.517688	0.345	-0.1	0.038
13	9	5.522483	0.345	-0.1	0.038
13	9	5.527407	0.345	-0.1	0.038
13	9	5.531977	0.345	-0.1	0.038
13	9	5.53651	0.345	-0.1	0.038
13	9	5.543998	0.345	-0.1	0.038
13	9	5.548702	0.345	-0.1	0.038
13	9	5.553614	0.345	-0.1	0.038
13	9	5.558437	0.345	-0.1	0.038
13	9	5.56269	0.345	-0.1	0.038
13	9	5.567789	0.345	-0.1	0.038
13	9	5.572414	0.345	-0.1	0.038
13	9	5.576912	0.345	-0.1	0.038
13	9	5.58127	0.345	-0.1	0.038
13	9	5.586198	0.345	-0.1	0.038
13	9	5.590494	0.345	-0.1	0.038
13	9	5.594998	0.345	-0.1	0.038
13	9	5.599267	0.345	-0.1	0.038
13	9	5.604084	0.345	-0.1	0.038
13	9	5.609135	0.345	-0.1	0.038
13	9	5.613845	0.345	-0.1	0.038
13	9	5.618951	0.345	-0.1	0.038
13	9	5.623421	0.345	-0.1	0.038
13	9	5.628286	0.345	-0.1	0.038
13	9	5.632915	0.345	-0.1	0.038
13	9	5.637426	0.345	-0.1	0.038
13	8	5.641798	0.345	-0.1	0.038
13	8	5.64629	0.345	-0.1	0.038
13	8	5.651147	0.345	-0.1	0.038
13	8	5.655555	0.345	-0.1	0.038
13	8	5.66033	0.345	-0.1	0.038
13	8	5.666455	0.345	-0.1	0.038
13	8	5.671461	0.345	-0.1	0.038
13	8	5.676242	0.345	-0.1	0.038
13	8	5.680969	0.345	-0.1	0.038
13	8	5.686511	0.345	-0.1	0.038
13	8	5.691421	0.345	-0.1	0.038
13	8	5.696714	0.345	-0.1	0.038
13	8	5.701753	0.345	-0.1	0.038
13	8	5.706877	0.345	-0.1	0.038
13	8	5.712122	0.345	-0.1	0.038
13	8	5.716831	0.345	-0.1	0.038
13	8	5.721506	0.345	-0.1	0.038
13	8	5.726627	0.345	-0.1	0.038
13	8	5.731406	0.345	-0.1	0.038
13	8	5.736163	0.345	-0.1	0.038
13	8	5.740851	0.345	-0.1	0.038
13	8	5.745938	0.345	-0.1	0.038
13	8	5.751868	0.345	-0.1	0.038
13	8	5.75716	0.345	-0.1	0.038
13	8	5.762353	0.345	-0.1	0.038
13	8	5.767631	0.345	-0.1	0.038
13	8	5.772525	0.345	-0.1	0.038
13	8	5.777196	0.345	-0.1	0.038
13	8	5.781626	0.345	-0.1	0.038
13	8	5.78679	0.345	-0.1	0.038
13	8	5.793228	0.345	-0.1	0.038
13	8	5.799303	0.345	-0.1	0.038
13	8	5.805581	0.345	-0.1	0.038
13	8	5.814476	0.345	-0.1	0.038
13	8	5.823343	0.345	-0.1	0.038
13	8	5.829752	0.345	-0.1	0.038
13	8	5.834406	0.345	-0.1	0.038
13	8	5.839318	0.345	-0.1	0.038
13	8	5.843771	0.345	-0.1	0.038
13	8	5.84936	0.345	-0.1	0.038
13	8	5.855218	0.345	-0.1	0.038
13	8	5.859606	0.345	-0.1	0.038
13	9	5.864058	0.345	-0.1	0.038
13	9	5.869084	0.345	-0.1	0.038
13	9	5.874264	0.345	-0.1	0.038
13	9	5.878882	0.345	-0.1	0.038
13	9	5.883895	0.345	-0.1	0.038
13	9	5.889262	0.345	-0.1	0.038
13	9	5.893957	0.345	-0.1	0.038
13	9	5.898747	0.345	-0.1	0.038
13	9	5.90306	0.345	-0.1	0.038
13	9	5.907995	0.345	-0.1	0.038
13	9	5.912259	0.345	-0.1	0.038
13	9	5.91684	0.345	-0.1	0.038
13	9	5.921377	0.345	-0.1	0.038
13	9	5.926157	0.345	-0.1	0.038
13	9	5.930558	0.345	-0.1	0.038
13	9	5.934943	0.345	-0.1	0.038
13	9	5.939439	0.345	-0.1	0.038
13	9	5.945649	0.345	-0.1	0.038
13	9	5.952356	0.345	-0.1	0.038
13	9	5.957303	0.345	-0.1	0.038
13	9	5.961656	0.345	-0.1	0.038
13	9	5.966496	0.345	-0.1	0.038
13	9	5.971119	0.345	-0.1	0.038
13	9	5.9757	0.345	-0.1	0.038
13	9	5.980427	0.345	-0.1	0.038
13	9	5.985044	0.345	-0.1	0.038
13	9	5.989663	0.345	-0.1	0.038
13	9	5.994058	0.345	-0.1	0.038
13	9	5.998351	0.345	-0.1	0.038
13	9	6.003079	0.345	-0.1	0.038
13	9	6.008086	0.345	-0.1	0.038
13	9	6.012404	0.345	-0.1	0.038
13	9	6.016946	0.345	-0.1	0.038
13	9	6.021557	0.345	-0.1	0.038
13	9	6.026755	0.345	-0.1	0.038
13	9	6.0311	0.345	-0.1	0.038
13	9	6.035472	0.345	-0.1	0.038
13	9	6.040244	0.345	-0.1	0.038
13	9	6.048383	0.345	-0.1	0.038
13	9	6.05271	0.345	-0.1	0.038
13	9	6.057374	0.345	-0.1	0.038
13	9	6.06176	0.345	-0.1	0.038
13	9	6.067051	0.345	-0.1	0.038
13	9	6.072136	0.345	-0.1	0.038
13	9	6.077238	0.345	-0.1	0.038
13	10	6.08228	0.345	-0.1	0.038
13	10	6.08736	0.345	-0.1	0.038
13	10	6.091707	0.345	-0.1	0.038
13	10	6.096139	0.345	-0.1	0.038
13	10	6.100427	0.345	-0.1	0.038
13	10	6.105664	0.345	-0.1	0.038
13	10	6.110514	0.345	-0.1	0.038
13	10	6.115372	0.345	-0.1	0.038
13	10	6.119908	0.345	-0.1	0.038
13	10	6.124186	0.345	-0.1	0.038
13	10	6.129428	0.345	-0.1	0.038
13	10	6.134105	0.345	-0.1	0.038
13	10	6.138655	0.345	-0.1	0.038
13	10	6.1431	0.345	-0.1	0.038
13	10	6.148203	0.345	-0.1	0.038
13	10	6.15331	0.345	-0.1	0.038
13	10	6.158189	0.345	-0.1	0.038
13	10	6.162641	0.345	-0.1	0.038
13	10	6.167744	0.345	-0.1	0.038
13	10	6.172388	0.345	-0.1	0.038
13	10	6.176817	0.345	-0.1	0.038
13	10	6.181739	0.345	-0.1	0.038
13	10	6.187327	0.345	-0.1	0.038
13	10	6.191888	0.345	-0.1	0.038
13	10	6.196581	0.345	-0.1	0.038
13	10	6.200886	0.345	-0.1	0.038
13	10	6.205754	0.345	-0.1	0.038
13	10	6.209998	0.345	-0.1	0.038
13	10	6.21448	0.345	-0.1	0.038
13	10	6.219432	0.345	-0.1	0.038
13	10	6.224311	0.345	-0.1	0.038
13	10	6.229873	0.345	-0.1	0.038
13	10	6.234229	0.345	-0.1	0.038
13	10	6.239879	0.345	-0.1	0.038
13	10	6.244333	0.345	-0.1	0.038
13	10	6.249156	0.345	-0.1	0.038
13	10	6.253813	0.345	-0.1	0.038
13	10	6.258569	0.345	-0.1	0.038
13	10	6.263204	0.345	-0.1	0.038
13	10	6.268205	0.345	-0.1	0.038
13	10	6.273483	0.345	-0.1	0.038
13	10	6.278386	0.345	-0.1	0.038
13	10	6.282786	0.345	-0.1	0.038
13	10	6.28812	0.345	-0.1	0.038
13	10	6.292698	0.345	-0.1	0.038
13	10	6.296934	0.345	-0.1	0.038
13	11	6.301781	0.345	-0.1	0.038
13	11	6.306696	0.345	-0.1	0.038
13	11	6.311258	0.345	-0.1	0.038
13	11	6.315623	0.345	-0.1	0.038
13	11	6.320058	0.345	-0.1	0.038
13	11	6.324894	0.345	-0.1	0.038
13	11	6.329271	0.345	-0.1	0.038
13	11	6.333799	0.345	-0.1	0.038
13	11	6.338297	0.345	-0.1	0.038
13	11	6.34287	0.345	-0.1	0.038
13	11	6.347893	0.345	-0.1	0.038
13	11	6.352416	0.345	-0.1	0.038
13	11	6.357757	0.345	-0.1	0.038
13	11	6.362943	0.345	-0.1	0.038
13	11	6.369193	0.345	-0.1	0.038
13	11	6.375237	0.345	-0.1	0.038
13	11	6.379678	0.345	-0.1	0.038
13	11	6.384382	0.345	-0.1	0.038
13	11	6.389748	0.345	-0.1	0.038
13	11	6.394685	0.345	-0.1	0.038
13	11	6.399773	0.345	-0.1	0.038
13	11	6.404343	0.345	-0.1	0.038
13	11	6.409404	0.345	-0.1	0.038
13	11	6.414095	0.345	-0.1	0.038
13	11	6.418927	0.345	-0.1	0.038
13	11	6.423411	0.345	-0.1	0.038
13	11	6.428671	0.345	-0.1	0.038
13	11	6.43285	0.345	-0.1	0.038
13	11	6.437581	0.345	-0.1	0.038
13	11	6.442124	0.345	-0.1	0.038
13	11	6.446885	0.345	-0.1	0.038
13	11	6.451328	0.345	-0.1	0.038
13	11	6.456059	0.345	-0.1	0.038
13	11	6.460783	0.345	-0.1	0.038
13	11	6.465587	0.345	-0.1	0.038
13	11	6.46995	0.345	-0.1	0.038
13	11	6.47418	0.345	-0.1	0.038
13	11	6.47897	0.345	-0.1	0.038
13	11	6.483433	0.345	-0.1	0.038
13	11	6.488212	0.345	-0.1	0.038
13	11	6.492802	0.345	-0.1	0.038
13	11	6.497216	0.345	-0.1	0.038
13	11	6.501512	0.345	-0.1	0.038
13	11	6.507217	0.345	-0.1	0.038
13	11	6.512211	0.345	-0.1	0.038
13	11	6.516647	0.345	-0.1	0.038
13	10	6.521604	0.345	-0.1	0.038
13	10	6.526492	0.345	-0.1	0.038
13	10	6.535418	0.345	-0.1	0.038
13	10	6.5421	0.345	-0.1	0.038
13	10	6.547388	0.345	-0.1	0.038
13	10	6.55252	0.345	-0.1	0.038
13	10	6.55795	0.345	-0.1	0.038
13	10	6.562384	0.345	-0.1	0.038
13	10	6.567493	0.345	-0.1	0.038
13	10	6.571984	0.345	-0.1	0.038
13	10	6.576142	0.345	-0.1	0.038
13	10	6.580493	0.345	-0.1	0.038
13	10	6.585323	0.345	-0.1	0.038
13	10	6.590096	0.345	-0.1	0.038
13	10	6.594398	0.345	-0.1	0.038
13	10	6.59901	0.345	-0.1	0.038
13	10	6.603757	0.345	-0.1	0.038
13	10	6.608939	0.345	-0.1	0.038
13	10	6.613528	0.345	-0.1	0.038
13	10	6.61849	0.345	-0.1	0.038
13	10	6.622891	0.345	-0.1	0.038
13	10	6.628251	0.345	-0.1	0.038
13	10	6.633323	0.345	-0.1	0.038
13	10	6.638456	0.345	-0.1	0.038
13	10	6.642712	0.345	-0.1	0.038
13	10	6.647997	0.345	-0.1	0.038
13	10	6.653094	0.345	-0.1	0.038
13	10	6.657538	0.345	-0.1	0.038
13	10	6.661968	0.345	-0.1	0.038
13	10	6.666852	0.345	-0.1	0.038
13	10	6.671464	0.345	-0.1	0.038
13	10	6.676178	0.345	-0.1	0.038
13	10	6.680974	0.345	-0.1	0.038
13	10	6.686699	0.345	-0.1	0.038
13	10	6.691221	0.345	-0.1	0.038
13	10	6.695554	0.345	-0.1	0.038
13	10	6.699908	0.345	-0.1	0.038
13	10	6.704411	0.345	-0.1	0.038
13	10	6.70929	0.345	-0.1	0.038
13	10	6.714817	0.345	-0.1	0.038
13	10	6.719587	0.345	-0.1	0.038
13	10	6.724043	0.345	-0.1	0.038
13	10	6.729542	0.345	-0.1	0.038
13	10	6.733808	0.345	-0.1	0.038
13	10	6.738426	0.345	-0.1	0.038
13	9	6.743002	0.345	-0.1	0.038
13	9	6.747775	0.345	-0.1	0.038
13	9	6.752083	0.345	-0.1	0.038
13	9	6.756872	0.345	-0.1	0.038
13	9	6.76131	0.345	-0.1	0.038
13	9	6.76709	0.345	-0.1	0.038
13	9	6.772276	0.345	-0.1	0.038
13	9	6.776718	0.345	-0.1	0.038
13	9	6.781799	0.345	-0.1	0.038
13	9	6.78665	0.345	-0.1	0.038
13	9	6.791926	0.345	-0.1	0.038
13	9	6.79751	0.345	-0.1	0.038
13	9	6.802007	0.345	-0.1	0.038
13	9	6.807065	0.345	-0.1	0.038
13	9	6.811459	0.345	-0.1	0.038
13	9	6.815742	0.345	-0.1	0.038
13	9	6.820297	0.345	-0.1	0.038
13	9	6.825186	0.345	-0.1	0.038
13	9	6.829947	0.345	-0.1	0.038
13	9	6.834457	0.345	-0.1	0.038
13	9	6.839903	0.345	-0.1	0.038
13	9	6.844326	0.345	-0.1	0.038
13	9	6.849648	0.345	-0.1	0.038
13	9	6.854665	0.345	-0.1	0.038
13	9	6.859434	0.345	-0.1	0.038
13	9	6.863755	0.345	-0.1	0.038
13	9	6.869347	0.345	-0.1	0.038
13	9	6.874518	0.345	-0.1	0.038
13	9	6.879255	0.345	-0.1	0.038
13	9	6.883461	0.345	-0.1	0.038
13	9	6.889051	0.345	-0.1	0.038
13	9	6.893633	0.345	-0.1	0.038
13	9	6.897888	0.345	-0.1	0.038
13	9	6.902908	0.345	-0.1	0.038
13	9	6.907731	0.345	-0.1	0.038
13	9	6.912184	0.345	-0.1	0.038
13	9	6.916456	0.345	-0.1	0.038
13	9	6.921432	0.345	-0.1	0.038
13	9	6.926424	0.345	-0.1	0.038
13	9	6.930637	0.345	-0.1	0.038
13	9	6.935199	0.345	-0.1	0.038
13	9	6.94047	0.345	-0.1	0.038
13	9	6.94555	0.345	-0.1	0.038
13	9	6.950092	0.345	-0.1	0.038
13	9	6.954343	0.345	-0.1	0.038
13	9	6.959078	0.345	-0.1	0.038
13	8	6.964197	0.345	-0.1	0.038
13	8	6.969049	0.345	-0.1	0.038
13	8	6.974366	0.345	-0.1	0.038
13	8	6.978953	0.345	-0.1	0.038
13	8	6.983708	0.345	-0.1	0.038
13	8	6.988961	0.345	-0.1	0.038
13	8	6.993482	0.345	-0.1	0.038
13	8	6.998508	0.345	-0.1	0.038
13	8	7.003061	0.345	-0.1	0.038
13	8	7.008818	0.345	-0.1	0.038
13	8	7.013784	0.345	-0.1	0.038
13	8	7.019008	0.345	-0.1	0.038
13	8	7.02375	0.345	-0.1	0.038
13	8	7.028932	0.345	-0.1	0.038
13	8	7.036933	0.345	-0.1	0.038
13	8	7.042235	0.345	-0.1	0.038
13	8	7.047498	0.345	-0.1	0.038
13	8	7.051873	0.345	-0.1	0.038
13	8	7.056744	0.345	-0.1	0.038
13	8	7.061204	0.345	-0.1	0.038
13	8	7.066273	0.345	-0.1	0.038
13	8	7.071038	0.345	-0.1	0.038
13	8	7.075422	0.345	-0.1	0.038
13	8	7.081284	0.345	-0.1	0.038
13	8	7.088037	0.345	-0.1	0.038
13	8	7.093113	0.345	-0.1	0.038
13	8	7.097782	0.345	-0.1	0.038
13	8	7.102865	0.345	-0.1	0.038
13	8	7.108593	0.345	-0.1	0.038
13	8	7.113129	0.345	-0.1	0.038
13	8	7.11773	0.345	-0.1	0.038
13	8	7.122509	0.345	-0.1	0.038
13	8	7.128	0.345	-0.1	0.038
13	8	7.132248	0.345	-0.1	0.038
13	8	7.137451	0.345	-0.1	0.038
13	8	7.141779	0.345	-0.1	0.038
13	8	7.147151	0.345	-0.1	0.038
13	8	7.154078	0.345	-0.1	0.038
13	8	7.160174	0.345	-0.1	0.038
13	8	7.165678	0.345	-0.1	0.038
13	8	7.17057	0.345	-0.1	0.038
13	8	7.17514	0.345	-0.1	0.038
13	8	7.179875	0.345	-0.1	0.038
12	8	7.184685	0.345	-0.1	0.038
12	8	7.189792	0.345	-0.1	0.038
12	8	7.194082	0.345	-0.1	0.038
12	8	7.198547	0.345	-0.1	0.038
12	8	7.204117	0.345	-0.1	0.038
12	8	7.209206	0.345	-0.1	0.038
12	8	7.214122	0.345	-0.1	0.038
12	8	7.219758	0.345	-0.1	0.038
12	8	7.226241	0.345	-0.1	0.038
12	8	7.231294	0.345	-0.1	0.038
12	8	7.236104	0.345	-0.1	0.038
12	8	7.241944	0.345	-0.1	0.038
12	8	7.248618	0.345	-0.1	0.038
12	8	7.25394	0.345	-0.1	0.038
12	8	7.25917	0.345	-0.1	0.038
12	8	7.264572	0.345	-0.1	0.038
12	8	7.270086	0.345	-0.1	0.038
12	8	7.275686	0.345	-0.1	0.038
12	8	7.280907	0.345	-0.1	0.038
12	8	7.285706	0.345	-0.1	0.038
12	8	7.291224	0.345	-0.1	0.038
12	8	7.296179	0.345	-0.1	0.038
12	8	7.300954	0.345	-0.1	0.038
12	8	7.306412	0.345	-0.1	0.038
12	8	7.311704	0.345	-0.1	0.038
12	8	7.316507	0.345	-0.1	0.038
12	8	7.321502	0.345	-0.1	0.038
12	8	7.326998	0.345	-0.1	0.038
12	8	7.332362	0.345	-0.1	0.038
12	8	7.340158	0.345	-0.1	0.038
12	8	7.3475	0.345	-0.1	0.038
12	8	7.351812	0.345	-0.1	0.038
12	8	7.356287	0.345	-0.1	0.038
12	8	7.360799	0.345	-0.1	0.038
12	8	7.365526	0.345	-0.1	0.038
12	8	7.370166	0.345	-0.1	0.038
12	8	7.374996	0.345	-0.1	0.038
12	8	7.379551	0.345	-0.1	0.038
12	8	7.384253	0.345	-0.1	0.038
12	8	7.389273	0.345	-0.1	0.038
12	8	7.395144	0.345	-0.1	0.038
13	8	7.401217	0.345	-0.1	0.038
13	8	7.406261	0.345	-0.1	0.038
13	8	7.410629	0.345	-0.1	0.038
13	8	7.415115	0.345	-0.1	0.038
13	8	7.420424	0.345	-0.1	0.038
13	8	7.426554	0.345	-0.1	0.038
13	8	7.431274	0.345	-0.1	0.038
13	8	7.436301	0.345	-0.1	0.038
13	8	7.441027	0.345	-0.1	0.038
13	8	7.446131	0.345	-0.1	0.038
13	8	7.450345	0.345	-0.1	0.038
13	8	7.455362	0.345	-0.1	0.038
13	8	7.459802	0.345	-0.1	0.038
13	8	7.464237	0.345	-0.1	0.038
13	8	7.469619	0.345	-0.1	0.038
13	8	7.474306	0.345	-0.1	0.038
13	8	7.478524	0.345	-0.1	0.038
13	8	7.485183	0.345	-0.1	0.038
13	8	7.502157	0.345	-0.1	0.038
13	8	7.507287	0.345	-0.1	0.038
13	8	7.511934	0.345	-0.1	0.038
13	8	7.516601	0.345	-0.1	0.038
13	8	7.521702	0.345	-0.1	0.038
13	8	7.526525	0.345	-0.1	0.038
13	8	7.531259	0.345	-0.1	0.038
13	8	7.535813	0.345	-0.1	0.038
13	8	7.540411	0.345	-0.1	0.038
13	8	7.54553	0.345	-0.1	0.038
13	8	7.550565	0.345	-0.1	0.038
13	8	7.558686	0.345	-0.1	0.038
13	8	7.563636	0.345	-0.1	0.038
13	8	7.568944	0.345	-0.1	0.038
13	8	7.57366	0.345	-0.1	0.038
13	8	7.578112	0.345	-0.1	0.038
13	8	7.583606	0.345	-0.1	0.038
13	8	7.588493	0.345	-0.1	0.038
13	8	7.592846	0.345	-0.1	0.038
13	8	7.59781	0.345	-0.1	0.038
13	8	7.602426	0.345	-0.1	0.038
13	8	7.607895	0.345	-0.1	0.038
13	8	7.612321	0.345	-0.1	0.038
13	8	7.617153	0.345	-0.1	0.038
13	8	7.622319	0.345	-0.1	0.038
13	8	7.627264	0.345	-0.1	0.038
13	8	7.631903	0.345	-0.1	0.038
13	8	7.637041	0.345	-0.1	0.038
13	8	7.642601	0.345	-0.1	0.038
13	8	7.64757	0.345	-0.1	0.038
13	8	7.652245	0.345	-0.1	0.038
13	8	7.656971	0.345	-0.1	0.038
13	8	7.661775	0.345	-0.1	0.038
13	8	7.666475	0.345	-0.1	0.038
13	8	7.671612	0.345	-0.1	0.038
13	8	7.676414	0.345	-0.1	0.038
13	8	7.680763	0.345	-0.1	0.038
13	8	7.685222	0.345	-0.1	0.038
13	8	7.69012	0.345	-0.1	0.038
13	8	7.69439	0.345	-0.1	0.038
13	8	7.698871	0.345	-0.1	0.038
13	8	7.703506	0.345	-0.1	0.038
13	8	7.709046	0.345	-0.1	0.038
13	8	7.71393	0.345	-0.1	0.038
13	8	7.718882	0.345	-0.1	0.038
13	8	7.724337	0.345	-0.1	0.038
13	8	7.729141	0.345	-0.1	0.038
13	8	7.734247	0.345	-0.1	0.038
13	8	7.739578	0.345	-0.1	0.038
13	8	7.744055	0.345	-0.1	0.038
13	8	7.748692	0.345	-0.1	0.038
13	8	7.75353	0.345	-0.1	0.038
13	8	7.757907	0.345	-0.1	0.038
13	8	7.762545	0.345	-0.1	0.038
13	8	7.767892	0.345	-0.1	0.038
13	8	7.772844	0.345	-0.1	0.038
13	8	7.777631	0.345	-0.1	0.038
13	8	7.782022	0.345	-0.1	0.038
13	8	7.788046	0.345	-0.1	0.038
13	8	7.793225	0.345	-0.1	0.038
13	8	7.798241	0.345	-0.1	0.038
13	8	7.803543	0.345	-0.1	0.038
13	8	7.809145	0.345	-0.1	0.038
13	8	7.814355	0.345	-0.1	0.038
13	8	7.818699	0.345	-0.1	0.038
13	8	7.823551	0.345	-0.1	0.038
13	8	7.828509	0.345	-0.1	0.038
13	8	7.833231	0.345	-0.1	0.038
13	8	7.838442	0.345	-0.1	0.038
13	8	7.842758	0.345	-0.1	0.038
13	8	7.847711	0.345	-0.1	0.038
13	8	7.852032	0.345	-0.1	0.038
13	8	7.856785	0.345	-0.1	0.038
13	8	7.861663	0.345	-0.1	0.038
13	8	7.866354	0.345	-0.1	0.038
13	8	7.870707	0.345	-0.1	0.038
13	8	7.874929	0.345	-0.1	0.038
13	8	7.879594	0.345	-0.1	0.038
13	8	7.883905	0.345	-0.1	0.038
13	8	7.889189	0.345	-0.1	0.038
13	8	7.893594	0.345	-0.1	0.038
13	8	7.89794	0.345	-0.1	0.038
13	8	7.90256	0.345	-0.1	0.038
13	8	7.909016	0.345	-0.1	0.038
13	8	7.91494	0.345	-0.1	0.038
13	8	7.919331	0.345	-0.1	0.038
12	8	7.924176	0.345	-0.1	0.038
12	8	7.929392	0.345	-0.1	0.038
12	8	7.933835	0.345	-0.1	0.038
12	8	7.938858	0.345	-0.1	0.038
12	8	7.943901	0.345	-0.1	0.038
12	8	7.949067	0.345	-0.1	0.038
12	8	7.953608	0.345	-0.1	0.038
12	8	7.958692	0.345	-0.1	0.038
12	8	7.963237	0.345	-0.1	0.038
12	8	7.968267	0.345	-0.1	0.038
12	8	7.973441	0.345	-0.1	0.038
12	8	7.978227	0.345	-0.1	0.038
12	8	7.982672	0.345	-0.1	0.038
12	8	7.987912	0.345	-0.1	0.038
12	8	7.99229	0.345	-0.1	0.038
12	8	7.996715	0.345	-0.1	0.038
12	8	8.001239	0.345	-0.1	0.038
12	8	8.007157	0.345	-0.1	0.038
12	8	8.011747	0.345	-0.1	0.038
12	8	8.016279	0.345	-0.1	0.038
12	8	8.021606	0.345	-0.1	0.038
12	8	8.026659	0.345	-0.1	0.038
12	8	8.031592	0.345	-0.1	0.038
12	8	8.036352	0.345	-0.1	0.038
12	8	8.041129	0.345	-0.1	0.038
12	8	8.046364	0.345	-0.1	0.038
12	8	8.051115	0.345	-0.1	0.038
12	8	8.059217	0.345	-0.1	0.038
12	8	8.065165	0.345	-0.1	0.038
12	8	8.073118	0.345	-0.1	0.038
12	8	8.077522	0.345	-0.1	0.038
12	8	8.081939	0.345	-0.1	0.038
12	8	8.088379	0.345	-0.1	0.038
12	8	8.093148	0.345	-0.1	0.038
12	8	8.098003	0.345	-0.1	0.038
12	8	8.102584	0.345	-0.1	0.038
12	8	8.107875	0.345	-0.1	0.038
12	8	8.112195	0.345	-0.1	0.038
12	8	8.116621	0.345	-0.1	0.038
12	8	8.121171	0.345	-0.1	0.038
12	8	8.125996	0.345	-0.1	0.038
12	8	8.13073	0.345	-0.1	0.038
12	8	8.135928	0.345	-0.1	0.038
11	8	8.140775	0.345	-0.1	0.038
11	8	8.146303	0.345	-0.1	0.038
11	8	8.151003	0.345	-0.1	0.038
11	8	8.15627	0.345	-0.1	0.038
11	8	8.16151	0.345	-0.1	0.038
11	8	8.168471	0.345	-0.1	0.038
11	8	8.173866	0.345	-0.1	0.038
11	8	8.179073	0.345	-0.1	0.038
11	8	8.184371	0.345	-0.1	0.038
11	8	8.189893	0.345	-0.1	0.038
11	8	8.194814	0.345	-0.1	0.038
11	8	8.199893	0.345	-0.1	0.038
11	8	8.204882	0.345	-0.1	0.038
11	8	8.210735	0.345	-0.1	0.038
11	8	8.215553	0.345	-0.1	0.038
11	8	8.220535	0.345	-0.1	0.038
11	8	8.226715	0.345	-0.1	0.038
11	8	8.232159	0.345	-0.1	0.038
11	8	8.236877	0.345	-0.1	0.038
11	8	8.241581	0.345	-0.1	0.038
11	8	8.246655	0.345	-0.1	0.038
11	8	8.254206	0.345	-0.1	0.038
11	8	8.261106	0.345	-0.1	0.038
11	8	8.266306	0.345	-0.1	0.038
11	8	8.271646	0.345	-0.1	0.038
11	8	8.276495	0.345	-0.1	0.038
11	8	8.280756	0.345	-0.1	0.038
11	8	8.285519	0.345	-0.1	0.038
11	8	8.289938	0.345	-0.1	0.038
11	8	8.294481	0.345	-0.1	0.038
11	8	8.299301	0.345	-0.1	0.038
11	8	8.305261	0.345	-0.1	0.038
11	8	8.31131	0.345	-0.1	0.038
11	8	8.315681	0.345	-0.1	0.038
11	8	8.320781	0.345	-0.1	0.038
11	8	8.326626	0.345	-0.1	0.038
11	8	8.331153	0.345	-0.1	0.038
11	8	8.335495	0.345	-0.1	0.038
11	8	8.340013	0.345	-0.1	0.038
11	8	8.344899	0.345	-0.1	0.038
11	8	8.349872	0.345	-0.1	0.038
11	8	8.354719	0.345	-0.1	0.038
11	8	8.359432	0.345	-0.1	0.038
12	8	8.364123	0.345	-0.1	0.038
12	8	8.369197	0.345	-0.1	0.038
12	8	8.374317	0.345	-0.1	0.038
12	8	8.37865	0.345	-0.1	0.038
12	8	8.383165	0.345	-0.1	0.038
12	8	8.38839	0.345	-0.1	0.038
12	8	8.393309	0.345	-0.1	0.038
12	8	8.398248	0.345	-0.1	0.038
12	8	8.402878	0.345	-0.1	0.038
12	8	8.408704	0.345	-0.1	0.038
12	8	8.413039	0.345	-0.1	0.038
12	8	8.417517	0.345	-0.1	0.038
12	8	8.422602	0.345	-0.1	0.038
12	8	8.427402	0.345	-0.1	0.038
12	8	8.431805	0.345	-0.1	0.038
12	8	8.436492	0.345	-0.1	0.038
12	8	8.440915	0.345	-0.1	0.038
12	8	8.446009	0.345	-0.1	0.038
12	8	8.450637	0.345	-0.1	0.038
12	8	8.455743	0.345	-0.1	0.038
12	8	8.460293	0.345	-0.1	0.038
12	8	8.465414	0.345	-0.1	0.038
12	8	8.470094	0.345	-0.1	0.038
12	8	8.475981	0.345	-0.1	0.038
12	8	8.480943	0.345	-0.1	0.038
12	8	8.486018	0.345	-0.1	0.038
12	8	8.490718	0.345	-0.1	0.038
12	8	8.495052	0.345	-0.1	0.038
12	8	8.499267	0.345	-0.1	0.038
12	8	8.503654	0.345	-0.1	0.038
12	8	8.50895	0.345	-0.1	0.038
12	8	8.513194	0.345	-0.1	0.038
12	8	8.517654	0.345	-0.1	0.038
12	8	8.522489	0.345	-0.1	0.038
12	8	8.527579	0.345	-0.1	0.038
12	8	8.53232	0.345	-0.1	0.038
12	8	8.537427	0.345	-0.1	0.038
12	8	8.542321	0.345	-0.1	0.038
12	8	8.547334	0.345	-0.1	0.038
12	8	8.552374	0.345	-0.1	0.038
12	8	8.557277	0.345	-0.1	0.038
12	8	8.562021	0.345	-0.1	0.038
12	8	8.570103	0.345	-0.1	0.038
12	8	8.574966	0.345	-0.1	0.038
12	8	8.579424	0.345	-0.1	0.038
13	8	8.584533	0.345	-0.1	0.038
13	8	8.590734	0.345	-0.1	0.038
13	8	8.596071	0.345	-0.1	0.038
13	8	8.600334	0.345	-0.1	0.038
13	8	8.605862	0.345	-0.1	0.038
13	8	8.610604	0.345	-0.1	0.038
13	8	8.615407	0.345	-0.1	0.038
13	8	8.620708	0.345	-0.1	0.038
13	8	8.625811	0.345	-0.1	0.038
13	8	8.630283	0.345	-0.1	0.038
13	8	8.634672	0.345	-0.1	0.038
13	8	8.640583	0.345	-0.1	0.038
13	8	8.647149	0.345	-0.1	0.038
13	8	8.651561	0.345	-0.1	0.038
13	8	8.656552	0.345	-0.1	0.038
13	8	8.661359	0.345	-0.1	0.038
13	8	8.666524	0.345	-0.1	0.038
13	8	8.671622	0.345	-0.1	0.038
13	8	8.676655	0.345	-0.1	0.038
13	8	8.681502	0.345	-0.1	0.038
13	8	8.68725	0.345	-0.1	0.038
13	8	8.692631	0.345	-0.1	0.038
13	8	8.697446	0.345	-0.1	0.038
13	8	8.702612	0.345	-0.1	0.038
13	8	8.707646	0.345	-0.1	0.038
13	8	8.713279	0.345	-0.1	0.038
13	8	8.718633	0.345	-0.1	0.038
13	8	8.723616	0.345	-0.1	0.038
13	8	8.728297	0.345	-0.1	0.038
13	8	8.732809	0.345	-0.1	0.038
13	8	8.738114	0.345	-0.1	0.038
13	8	8.743166	0.345	-0.1	0.038
13	8	8.748645	0.345	-0.1	0.038
13	8	8.752951	0.345	-0.1	0.038
13	8	8.757524	0.345	-0.1	0.038
13	8	8.762584	0.345	-0.1	0.038
13	8	8.767674	0.345	-0.1	0.038
13	8	8.77232	0.345	-0.1	0.038
13	8	8.777242	0.345	-0.1	0.038
13	8	8.782743	0.345	-0.1	0.038
13	8	8.788869	0.345	-0.1	0.038
13	8	8.79495	0.345	-0.1	0.038
13	8	8.799935	0.345	-0.1	0.038
13	8	8.804501	0.345	-0.1	0.038
13	8	8.810306	0.345	-0.1	0.038
13	8	8.814647	0.345	-0.1	0.038
13	8	8.819353	0.345	-0.1	0.038
13	8	8.823956	0.345	-0.1	0.038
13	8	8.829438	0.345	-0.1	0.038
13	8	8.834892	0.345	-0.1	0.038
13	8	8.840658	0.345	-0.1	0.038
13	8	8.845524	0.345	-0.1	0.038
13	8	8.849882	0.345	-0.1	0.038
13	8	8.855979	0.345	-0.1	0.038
13	8	8.860895	0.345	-0.1	0.038
13	8	8.865881	0.345	-0.1	0.038
13	8	8.870642	0.345	-0.1	0.038
13	8	8.875354	0.345	-0.1	0.038
13	8	8.880264	0.345	-0.1	0.038
13	8	8.885301	0.345	-0.1	0.038
13	8	8.890424	0.345	-0.1	0.038
13	8	8.895022	0.345	-0.1	0.038
13	8	8.899489	0.345	-0.1	0.038
13	8	8.905136	0.345	-0.1	0.038
13	8	8.910099	0.345	-0.1	0.038
13	8	8.915651	0.345	-0.1	0.038
12	8	8.922034	0.345	-0.1	0.038
12	8	8.927191	0.345	-0.1	0.038
12	8	8.932005	0.345	-0.1	0.038
12	8	8.936419	0.345	-0.1	0.038
12	8	8.941693	0.345	-0.1	0.038
12	8	8.947076	0.345	-0.1	0.038
12	8	8.952112	0.345	-0.1	0.038
12	8	8.957394	0.345	-0.1	0.038
12	8	8.961861	0.345	-0.1	0.038
12	8	8.967018	0.345	-0.1	0.038
12	8	8.97168	0.345	-0.1	0.038
12	8	8.976225	0.345	-0.1	0.038
12	8	8.980948	0.345	-0.1	0.038
12	8	8.98608	0.345	-0.1	0.038
12	8	8.991634	0.345	-0.1	0.038
12	8	8.996568	0.345	-0.1	0.038
12	8	9.001549	0.345	-0.1	0.038
12	8	9.006667	0.345	-0.1	0.038
12	8	9.01142	0.345	-0.1	0.038
12	8	9.016025	0.345	-0.1	0.038
12	8	9.021352	0.345	-0.1	0.038
12	8	9.027635	0.345	-0.1	0.038
12	8	9.032317	0.345	-0.1	0.038
12	8	9.037853	0.345	-0.1	0.038
12	8	9.043098	0.345	-0.1	0.038
12	8	9.049196	0.345	-0.1	0.038
12	8	9.054403	0.345	-0.1	0.038
12	8	9.059	0.345	-0.1	0.038
12	8	9.066125	0.345	-0.1	0.038
12	8	9.072863	0.345	-0.1	0.038
12	8	9.079085	0.345	-0.1	0.038
12	8	9.084357	0.345	-0.1	0.038
12	8	9.094499	0.345	-0.1	0.038
12	8	9.100045	0.345	-0.1	0.038
12	8	9.105839	0.345	-0.1	0.038
12	8	9.110649	0.345	-0.1	0.038
12	8	9.116419	0.345	-0.1	0.038
12	8	9.121208	0.345	-0.1	0.038
12	8	9.126446	0.345	-0.1	0.038
12	8	9.130945	0.345	-0.1	0.038
12	8	9.136203	0.345	-0.1	0.038
11	8	9.141636	0.345	-0.1	0.038
11	8	9.146564	0.345	-0.1	0.038
11	8	9.151402	0.345	-0.1	0.038
11	8	9.156015	0.345	-0.1	0.038
11	8	9.161468	0.345	-0.1	0.038
11	8	9.166783	0.345	-0.1	0.038
11	8	9.171792	0.345	-0.1	0.038
11	8	9.176632	0.345	-0.1	0.038
11	8	9.182084	0.345	-0.1	0.038
11	8	9.187178	0.345	-0.1	0.038
11	8	9.192945	0.345	-0.1	0.038
11	8	9.198004	0.345	-0.1	0.038
11	8	9.203525	0.345	-0.1	0.038
11	8	9.209117	0.345	-0.1	0.038
11	8	9.213596	0.345	-0.1	0.038
11	8	9.219039	0.345	-0.1	0.038
11	8	9.224142	0.345	-0.1	0.038
11	8	9.229419	0.345	-0.1	0.038
11	8	9.234246	0.345	-0.1	0.038
11	8	9.23937	0.345	-0.1	0.038
11	8	9.244907	0.345	-0.1	0.038
11	8	9.250962	0.345	-0.1	0.038
11	8	9.25668	0.345	-0.1	0.038
11	8	9.262705	0.345	-0.1	0.038
11	8	9.268233	0.345	-0.1	0.038
11	8	9.27312	0.345	-0.1	0.038
11	8	9.278399	0.345	-0.1	0.038
11	8	9.283182	0.345	-0.1	0.038
11	8	9.288237	0.345	-0.1	0.038
11	8	9.293366	0.345	-0.1	0.038
11	8	9.298347	0.345	-0.1	0.038
11	8	9.30308	0.345	-0.1	0.038
11	8	9.3084	0.345	-0.1	0.038
11	8	9.313385	0.345	-0.1	0.038
11	8	9.318008	0.345	-0.1	0.038
11	8	9.322951	0.345	-0.1	0.038
11	8	9.327976	0.345	-0.1	0.038
11	8	9.332272	0.345	-0.1	0.038
11	8	9.337196	0.345	-0.1	0.038
11	8	9.3429	0.345	-0.1	0.038
11	8	9.348109	0.345	-0.1	0.038
11	8	9.352576	0.345	-0.1	0.038
11	8	9.358674	0.345	-0.1	0.038
10	8	9.364603	0.345	-0.1	0.038
10	8	9.369597	0.345	-0.1	0.038
10	8	9.375412	0.345	-0.1	0.038
10	8	9.380519	0.345	-0.1	0.038
10	8	9.386098	0.345	-0.1	0.038
10	8	9.391739	0.345	-0.1	0.038
10	8	9.396358	0.345	-0.1	0.038
10	8	9.400875	0.345	-0.1	0.038
10	8	9.406034	0.345	-0.1	0.038
10	8	9.411039	0.345	-0.1	0.038
10	8	9.415924	0.345	-0.1	0.038
10	8	9.420697	0.345	-0.1	0.038
10	8	9.425786	0.345	-0.1	0.038
10	8	9.430964	0.345	-0.1	0.038
10	8	9.437299	0.345	-0.1	0.038
10	8	9.443425	0.345	-0.1	0.038
10	8	9.448548	0.345	-0.1	0.038
10	8	9.453222	0.345	-0.1	0.038
10	8	9.458228	0.345	-0.1	0.038
10	8	9.462937	0.345	-0.1	0.038
10	8	9.468101	0.345	-0.1	0.038
10	8	9.475313	0.345	-0.1	0.038
10	8	9.482826	0.345	-0.1	0.038
10	8	9.488737	0.345	-0.1	0.038
10	8	9.493377	0.345	-0.1	0.038
10	8	9.498438	0.345	-0.1	0.038
10	8	9.503436	0.345	-0.1	0.038
10	8	9.508332	0.345	-0.1	0.038
10	8	9.512957	0.345	-0.1	0.038
10	8	9.517293	0.345	-0.1	0.038
10	8	9.521938	0.345	-0.1	0.038
10	8	9.527017	0.345	-0.1	0.038
10	8	9.531601	0.345	-0.1	0.038
10	8	9.535962	0.345	-0.1	0.038
10	8	9.540638	0.345	-0.1	0.038
10	8	9.545643	0.345	-0.1	0.038
10	8	9.550248	0.345	-0.1	0.038
10	8	9.554815	0.345	-0.1	0.038
10	8	9.559508	0.345	-0.1	0.038
10	8	9.563945	0.345	-0.1	0.038
10	8	9.568815	0.345	-0.1	0.038
10	8	9.57332	0.345	-0.1	0.038
10	8	9.578378	0.345	-0.1	0.038
11	8	9.582887	0.345	-0.1	0.038
11	8	9.588258	0.345	-0.1	0.038
11	8	9.592776	0.345	-0.1	0.038
11	8	9.597404	0.345	-0.1	0.038
11	8	9.601743	0.345	-0.1	0.038
11	8	9.607296	0.345	-0.1	0.038
11	8	9.611696	0.345	-0.1	0.038
11	8	9.620831	0.345	-0.1	0.038
11	8	9.627872	0.345	-0.1	0.038
11	8	9.632637	0.345	-0.1	0.038
11	8	9.636919	0.345	-0.1	0.038
11	8	9.641788	0.345	-0.1	0.038
11	8	9.646987	0.345	-0.1	0.038
11	8	9.65136	0.345	-0.1	0.038
11	8	9.655849	0.345	-0.1	0.038
11	8	9.660479	0.345	-0.1	0.038
11	8	9.665181	0.345	-0.1	0.038
11	8	9.669559	0.345	-0.1	0.038
11	8	9.674284	0.345	-0.1	0.038
11	8	9.678821	0.345	-0.1	0.038
11	8	9.683183	0.345	-0.1	0.038
11	8	9.688148	0.345	-0.1	0.038
11	8	9.693427	0.345	-0.1	0.038
11	8	9.697974	0.345	-0.1	0.038
11	8	9.702623	0.345	-0.1	0.038
11	8	9.707721	0.345	-0.1	0.038
11	8	9.712346	0.345	-0.1	0.038
11	8	9.716701	0.345	-0.1	0.038
11	8	9.721026	0.345	-0.1	0.038
11	8	9.726569	0.345	-0.1	0.038
11	8	9.730937	0.345	-0.1	0.038
11	8	9.735111	0.345	-0.1	0.038
11	8	9.739649	0.345	-0.1	0.038
11	8	9.7438	0.345	-0.1	0.038
11	8	9.748577	0.345	-0.1	0.038
11	8	9.753852	0.345	-0.1	0.038
11	8	9.758627	0.345	-0.1	0.038
11	8	9.763558	0.345	-0.1	0.038
11	8	9.768682	0.345	-0.1	0.038
11	8	9.773745	0.345	-0.1	0.038
11	8	9.778131	0.345	-0.1	0.038
11	8	9.782785	0.345	-0.1	0.038
11	8	9.788236	0.345	-0.1	0.038
11	8	9.793922	0.345	-0.1	0.038
11	8	9.798801	0.345	-0.1	0.038
12	8	9.803994	0.345	-0.1	0.038
12	8	9.809961	0.345	-0.1	0.038
12	8	9.815007	0.345	-0.1	0.038
12	8	9.820388	0.345	-0.1	0.038
12	8	9.825774	0.345	-0.1	0.038
12	8	9.830808	0.345	-0.1	0.038
12	8	9.835823	0.345	-0.1	0.038
12	8	9.841201	0.345	-0.1	0.038
12	8	9.846025	0.345	-0.1	0.038
12	8	9.850721	0.345	-0.1	0.038
12	8	9.85563	0.345	-0.1	0.038
12	8	9.860543	0.345	-0.1	0.038
12	8	9.865243	0.345	-0.1	0.038
12	8	9.869976	0.345	-0.1	0.038
12	8	9.87515	0.345	-0.1	0.038
12	8	9.879435	0.345	-0.1	0.038
12	8	9.884409	0.345	-0.1	0.038
12	8	9.889829	0.345	-0.1	0.038
12	8	9.89428	0.345	-0.1	0.038
12	8	9.899512	0.345	-0.1	0.038
12	8	9.904454	0.345	-0.1	0.038
12	8	9.910425	0.345	-0.1	0.038
12	8	9.915539	0.345	-0.1	0.038
12	8	9.920636	0.345	-0.1	0.038
12	8	9.926468	0.345	-0.1	0.038
12	8	9.931085	0.345	-0.1	0.038
12	8	9.935884	0.345	-0.1	0.038
12	8	9.940486	0.345	-0.1	0.038
12	8	9.945924	0.345	-0.1	0.038
12	8	9.951098	0.345	-0.1	0.038
12	8	9.956335	0.345	-0.1	0.038
12	8	9.961009	0.345	-0.1	0.038
12	8	9.96638	0.345	-0.1	0.038
12	8	9.971163	0.345	-0.1	0.038
12	8	9.977143	0.345	-0.1	0.038
12	8	9.982676	0.345	-0.1	0.038
12	8	9.98863	0.345	-0.1	0.038
12	8	9.993933	0.345	-0.1	0.038
12	8	9.998869	0.345	-0.1	0.038
12	8	10.00375	0.345	-0.1	0.038
12	8	10.00982	0.345	-0.1	0.038
12	8	10.01424	0.345	-0.1	0.038
12	8	10.01911	0.345	-0.1	0.038
13	8	10.02437	0.345	-0.1	0.038
13	8	10.02926	0.345	-0.1	0.038
13	8	10.03429	0.345	-0.1	0.038
13	8	10.03926	0.345	-0.1	0.038
13	8	10.04399	0.345	-0.1	0.038
13	8	10.05051	0.345	-0.1	0.038
13	8	10.05783	0.345	-0.1	0.038
13	8	10.06227	0.345	-0.1	0.038
13	8	10.06826	0.345	-0.1	0.038
13	8	10.0737	0.345	-0.1	0.038
13	8	10.07824	0.345	-0.1	0.038
13	8	10.08301	0.345	-0.1	0.038
13	8	10.08846	0.345	-0.1	0.038
13	8	10.09387	0.345	-0.1	0.038
13	8	10.0991	0.345	-0.1	0.038
13	8	10.1048	0.345	-0.1	0.038
13	8	10.11003	0.345	-0.1	0.038
13	8	10.11479	0.345	-0.1	0.038
13	8	10.12047	0.345	-0.1	0.038
13	8	10.12565	0.345	-0.1	0.038
13	8	10.13334	0.345	-0.1	0.038
13	8	10.13829	0.345	-0.1	0.038
13	8	10.14296	0.345	-0.1	0.038
13	8	10.1481	0.345	-0.1	0.038
13	8	10.15257	0.345	-0.1	0.038
13	8	10.15759	0.345	-0.1	0.038
13	8	10.16234	0.345	-0.1	0.038
13	8	10.16747	0.345	-0.1	0.038
13	8	10.17263	0.345	-0.1	0.038
13	8	10.17783	0.345	-0.1	0.038
13	8	10.18246	0.345	-0.1	0.038
13	8	10.1876	0.345	-0.1	0.038
13	8	10.19314	0.345	-0.1	0.038
13	8	10.19782	0.345	-0.1	0.038
13	8	10.20238	0.345	-0.1	0.038
13	8	10.20791	0.345	-0.1	0.038
13	8	10.21308	0.345	-0.1	0.038
13	8	10.21764	0.345	-0.1	0.038
13	8	10.22223	0.345	-0.1	0.038
13	8	10.22787	0.345	-0.1	0.038
13	8	10.23395	0.345	-0.1	0.038
12	8	10.24032	0.345	-0.1	0.038
12	8	10.24518	0.345	-0.1	0.038
12	8	10.24955	0.345	-0.1	0.038
12	8	10.25383	0.345	-0.1	0.038
12	8	10.25856	0.345	-0.1	0.038
12	8	10.26306	0.345	-0.1	0.038
12	8	10.2678	0.345	-0.1	0.038
12	8	10.27273	0.345	-0.1	0.038
12	8	10.27715	0.345	-0.1	0.038
12	8	10.28165	0.345	-0.1	0.038
12	8	10.28631	0.345	-0.1	0.038
12	8	10.2913	0.345	-0.1	0.038
12	8	10.2958	0.345	-0.1	0.038
11	8	10.55014	0.345	-0.1	0.038
11	8	10.5577	0.345	-0.1	0.038
11	8	10.56243	0.345	-0.1	0.038
11	8	10.56736	0.345	-0.1	0.038
11	8	10.57262	0.345	-0.1	0.038
11	8	10.57726	0.345	-0.1	0.038
11	8	10.58171	0.345	-0.1	0.038
11	8	10.58654	0.345	-0.1	0.038
11	8	10.59246	0.345	-0.1	0.038
11	8	10.59758	0.345	-0.1	0.038
11	8	10.60217	0.345	-0.1	0.038
11	8	10.60726	0.345	-0.1	0.038
11	8	10.6118	0.345	-0.1	0.038
11	8	10.61621	0.345	-0.1	0.038
11	8	10.62082	0.345	-0.1	0.038
11	8	10.62619	0.345	-0.1	0.038
11	8	10.63048	0.345	-0.1	0.038
11	8	10.63546	0.345	-0.1	0.038
11	8	10.64021	0.345	-0.1	0.038
11	8	10.64495	0.345	-0.1	0.038
11	8	10.64925	0.345	-0.1	0.038
11	8	10.65396	0.345	-0.1	0.038
11	8	10.65971	0.345	-0.1	0.038
11	8	10.66469	0.345	-0.1	0.038
11	8	10.66956	0.345	-0.1	0.038
11	8	10.67523	0.345	-0.1	0.038
11	8	10.68	0.345	-0.1	0.038
10	8	10.68461	0.345	-0.1	0.038
10	8	10.68984	0.345	-0.1	0.038
10	8	10.69425	0.345	-0.1	0.038
10	8	10.69881	0.345	-0.1	0.038
10	8	10.70402	0.345	-0.1	0.038
10	8	10.70921	0.345	-0.1	0.038
10	8	10.71358	0.345	-0.1	0.038
10	8	10.71843	0.345	-0.1	0.038
10	8	10.72297	0.345	-0.1	0.038
10	8	10.72833	0.345	-0.1	0.038
10	8	10.73288	0.345	-0.1	0.038
10	8	10.7377	0.345	-0.1	0.038
10	8	10.74228	0.345	-0.1	0.038
10	8	10.74703	0.345	-0.1	0.038
10	8	10.75149	0.345	-0.1	0.038
10	8	10.75616	0.345	-0.1	0.038
10	8	10.76079	0.345	-0.1	0.038
10	8	10.76614	0.345	-0.1	0.038
10	8	10.77121	0.345	-0.1	0.038
10	8	10.77626	0.345	-0.1	0.038
10	8	10.78092	0.345	-0.1	0.038
10	8	10.78594	0.345	-0.1	0.038
10	8	10.79142	0.345	-0.1	0.038
10	8	10.79627	0.345	-0.1	0.038
10	8	10.80105	0.345	-0.1	0.038
10	8	10.80617	0.345	-0.1	0.038
10	8	10.81098	0.345	-0.1	0.038
10	8	10.81544	0.345	-0.1	0.038
10	8	10.81993	0.345	-0.1	0.038
10	8	10.82521	0.345	-0.1	0.038
10	8	10.83055	0.345	-0.1	0.038
10	8	10.83532	0.345	-0.1	0.038
10	8	10.8397	0.345	-0.1	0.038
10	8	10.8446	0.345	-0.1	0.038
10	8	10.84964	0.345	-0.1	0.038
10	8	10.85455	0.345	-0.1	0.038
10	8	10.85943	0.345	-0.1	0.038
10	8	10.86415	0.345	-0.1	0.038
10	8	10.8691	0.345	-0.1	0.038
10	8	10.87487	0.345	-0.1	0.038
10	8	10.8793	0.345	-0.1	0.038
10	8	10.88768	0.345	-0.1	0.038
10	8	10.89313	0.345	-0.1	0.038
10	8	10.89767	0.345	-0.1	0.038
9	8	10.90206	0.345	-0.1	0.038
9	8	10.9076	0.345	-0.1	0.038
9	8	10.91281	0.345	-0.1	0.038
9	8	10.91876	0.345	-0.1	0.038
9	8	10.92351	0.345	-0.1	0.038
9	8	10.92891	0.345	-0.1	0.038
9	8	10.9333	0.345	-0.1	0.038
9	8	10.93772	0.345	-0.1	0.038
9	8	10.94257	0.345	-0.1	0.038
9	8	10.94752	0.345	-0.1	0.038
9	8	10.95228	0.345	-0.1	0.038
9	8	10.95704	0.345	-0.1	0.038
9	8	10.96196	0.345	-0.1	0.038
9	8	10.96749	0.345	-0.1	0.038
9	8	10.97294	0.345	-0.1	0.038
9	8	10.97787	0.345	-0.1	0.038
9	8	10.983	0.345	-0.1	0.038
9	8	10.98874	0.345	-0.1	0.038
9	8	10.99414	0.345	-0.1	0.038
9	8	10.99917	0.345	-0.1	0.038
9	8	11.00476	0.345	-0.1	0.038
9	8	11.01244	0.345	-0.1	0.038
9	8	11.01972	0.345	-0.1	0.038
9	8	11.02517	0.345	-0.1	0.038
9	8	11.03031	0.345	-0.1	0.038
9	8	11.03562	0.345	-0.1	0.038
9	8	11.04054	0.345	-0.1	0.038
9	8	11.04564	0.345	-0.1	0.038
9	8	11.05005	0.345	-0.1	0.038
9	8	11.05428	0.345	-0.1	0.038
9	8	11.05897	0.345	-0.1	0.038
9	8	11.06371	0.345	-0.1	0.038
9	8	11.06897	0.345	-0.1	0.038
9	8	11.07538	0.345	-0.1	0.038
9	8	11.08246	0.345	-0.1	0.038
9	8	11.08826	0.345	-0.1	0.038
9	8	11.0935	0.345	-0.1	0.038
9	8	11.09894	0.345	-0.1	0.038
9	8	11.1036	0.345	-0.1	0.038
9	8	11.10861	0.345	-0.1	0.038
9	8	11.11308	0.345	-0.1	0.038
9	8	11.11842	0.345	-0.1	0.038
10	8	11.12383	0.345	-0.1	0.038
10	8	11.12848	0.345	-0.1	0.038
10	8	11.13307	0.345	-0.1	0.038
10	8	11.13738	0.345	-0.1	0.038
10	8	11.14185	0.345	-0.1	0.038
10	8	11.1473	0.345	-0.1	0.038
10	8	11.15305	0.345	-0.1	0.038
10	8	11.1585	0.345	-0.1	0.038
10	8	11.1628	0.345	-0.1	0.038
10	8	11.16774	0.345	-0.1	0.038
10	8	11.17213	0.345	-0.1	0.038
10	8	11.17676	0.345	-0.1	0.038
10	8	11.18136	0.345	-0.1	0.038
10	8	11.18646	0.345	-0.1	0.038
10	8	11.1911	0.345	-0.1	0.038
10	8	11.19643	0.345	-0.1	0.038
10	8	11.20124	0.345	-0.1	0.038
10	8	11.20625	0.345	-0.1	0.038
10	8	11.2122	0.345	-0.1	0.038
10	8	11.21703	0.345	-0.1	0.038
10	8	11.22173	0.345	-0.1	0.038
10	8	11.22809	0.345	-0.1	0.038
10	8	11.23309	0.345	-0.1	0.038
10	8	11.23775	0.345	-0.1	0.038
10	8	11.24313	0.345	-0.1	0.038
10	8	11.2481	0.345	-0.1	0.038
10	8	11.25294	0.345	-0.1	0.038
10	8	11.25836	0.345	-0.1	0.038
10	8	11.2628	0.345	-0.1	0.038
10	8	11.26817	0.345	-0.1	0.038
10	8	11.27306	0.345	-0.1	0.038
10	8	11.27798	0.345	-0.1	0.038
10	8	11.28278	0.345	-0.1	0.038
10	8	11.28798	0.345	-0.1	0.038
10	8	11.29343	0.345	-0.1	0.038
10	8	11.29802	0.345	-0.1	0.038
10	8	11.30252	0.345	-0.1	0.038
10	8	11.30889	0.345	-0.1	0.038
10	8	11.31399	0.345	-0.1	0.038
10	8	11.31877	0.345	-0.1	0.038
10	8	11.32424	0.345	-0.1	0.038
10	8	11.32965	0.345	-0.1	0.038
10	8	11.33489	0.345	-0.1	0.038
10	8	11.33945	0.345	-0.1	0.038
11	8	11.34447	0.345	-0.1	0.038
11	8	11.349	0.345	-0.1	0.038
11	8	11.35361	0.345	-0.1	0.038
11	8	11.35876	0.345	-0.1	0.038
11	8	11.36314	0.345	-0.1	0.038
11	8	11.36852	0.345	-0.1	0.038
11	8	11.37314	0.345	-0.1	0.038
11	8	11.37869	0.345	-0.1	0.038
11	8	11.38395	0.345	-0.1	0.038
11	8	11.38866	0.345	-0.1	0.038
11	8	11.39355	0.345	-0.1	0.038
11	8	11.39894	0.345	-0.1	0.038
11	8	11.40356	0.345	-0.1	0.038
11	8	11.41201	0.345	-0.1	0.038
11	8	11.41669	0.345	-0.1	0.038
11	8	11.42153	0.345	-0.1	0.038
11	8	11.42679	0.345	-0.1	0.038
11	8	11.4316	0.345	-0.1	0.038
11	8	11.43729	0.345	-0.1	0.038
11	8	11.44223	0.345	-0.1	0.038
11	8	11.44808	0.345	-0.1	0.038
11	8	11.45266	0.345	-0.1	0.038
11	8	11.45714	0.345	-0.1	0.038
11	8	11.46227	0.345	-0.1	0.038
11	8	11.46783	0.345	-0.1	0.038
11	8	11.47322	0.345	-0.1	0.038
11	8	11.47891	0.345	-0.1	0.038
11	8	11.48461	0.345	-0.1	0.038
11	8	11.49032	0.345	-0.1	0.038
11	8	11.49654	0.345	-0.1	0.038
11	8	11.50231	0.345	-0.1	0.038
11	8	11.50756	0.345	-0.1	0.038
11	8	11.51242	0.345	-0.1	0.038
11	8	11.51665	0.345	-0.1	0.038
11	8	11.52111	0.345	-0.1	0.038
11	8	11.52658	0.345	-0.1	0.038
11	8	11.53131	0.345	-0.1	0.038
11	8	11.53618	0.345	-0.1	0.038
11	8	11.54082	0.345	-0.1	0.038
11	8	11.54616	0.345	-0.1	0.038
11	8	11.55082	0.345	-0.1	0.038
11	8	11.55597	0.345	-0.1	0.038
12	8	11.77202	0.345	-0.1	0.038
12	8	11.77939	0.345	-0.1	0.038
13	8	11.78387	0.345	-0.1	0.038
13	8	11.78937	0.345	-0.1	0.038
13	8	11.79484	0.345	-0.1	0.038
13	8	11.79942	0.345	-0.1	0.038
13	8	11.80364	0.345	-0.1	0.038
13	8	11.80906	0.345	-0.1	0.038
13	8	11.81362	0.345	-0.1	0.038
13	8	11.81863	0.345	-0.1	0.038
13	8	11.82353	0.345	-0.1	0.038
13	8	11.8294	0.345	-0.1	0.038
13	8	11.83485	0.345	-0.1	0.038
13	8	11.83971	0.345	-0.1	0.038
13	8	11.84426	0.345	-0.1	0.038
13	8	11.84917	0.345	-0.1	0.038
13	8	11.85404	0.345	-0.1	0.038
13	8	11.85948	0.345	-0.1	0.038
13	8	11.86435	0.345	-0.1	0.038
13	8	11.86929	0.345	-0.1	0.038
13	8	11.87433	0.345	-0.1	0.038
13	8	11.87883	0.345	-0.1	0.038
13	8	11.88372	0.345	-0.1	0.038
13	8	11.88929	0.345	-0.1	0.038
13	8	11.89466	0.345	-0.1	0.038
13	8	11.89946	0.345	-0.1	0.038
13	8	11.90408	0.345	-0.1	0.038
13	8	11.9104	0.345	-0.1	0.038
13	8	11.9152	0.345	-0.1	0.038
13	8	11.92025	0.345	-0.1	0.038
13	8	11.92565	0.345	-0.1	0.038
13	8	11.93021	0.345	-0.1	0.038
13	8	11.93454	0.345	-0.1	0.038
13	8	11.93981	0.345	-0.1	0.038
13	8	11.94481	0.345	-0.1	0.038
13	8	11.95004	0.345	-0.1	0.038
13	8	11.95471	0.345	-0.1	0.038
13	8	11.96021	0.345	-0.1	0.038
13	8	11.96554	0.345	-0.1	0.038
13	8	11.97067	0.345	-0.1	0.038
13	8	11.97522	0.345	-0.1	0.038
13	8	11.97984	0.345	-0.1	0.038
13	8	11.98465	0.345	-0.1	0.038
13	8	11.98967	0.345	-0.1	0.038
13	8	11.99448	0.345	-0.1	0.038
13	8	11.99939	0.345	-0.1	0.038
13	8	12.00457	0.345	-0.1	0.038
13	8	12.01017	0.345	-0.1	0.038
13	8	12.0153	0.345	-0.1	0.038
13	8	12.02008	0.345	-0.1	0.038
13	8	12.02579	0.345	-0.1	0.038
13	8	12.03019	0.345	-0.1	0.038
13	8	12.03535	0.345	-0.1	0.038
13	8	12.04035	0.345	-0.1	0.038
13	8	12.046	0.345	-0.1	0.038
13	8	12.05066	0.345	-0.1	0.038
13	8	12.05519	0.345	-0.1	0.038
13	8	12.05979	0.345	-0.1	0.038
13	8	12.06467	0.345	-0.1	0.038
13	8	12.06987	0.345	-0.1	0.038
13	8	12.07428	0.345	-0.1	0.038
13	8	12.07913	0.345	-0.1	0.038
13	8	12.08419	0.345	-0.1	0.038
13	8	12.08943	0.345	-0.1	0.038
13	8	12.0948	0.345	-0.1	0.038
13	8	12.09966	0.345	-0.1	0.038
13	8	12.10457	0.345	-0.1	0.038
13	8	12.1108	0.345	-0.1	0.038
13	8	12.11565	0.345	-0.1	0.038
13	8	12.1209	0.345	-0.1	0.038
13	8	12.12659	0.345	-0.1	0.038
13	8	12.1314	0.345	-0.1	0.038
13	8	12.13593	0.345	-0.1	0.038
13	8	12.14406	0.345	-0.1	0.038
13	8	12.14911	0.345	-0.1	0.038
13	8	12.15364	0.345	-0.1	0.038
13	8	12.15862	0.345	-0.1	0.038
13	8	12.16434	0.345	-0.1	0.038
13	8	12.169	0.345	-0.1	0.038
13	8	12.17398	0.345	-0.1	0.038
13	8	12.17902	0.345	-0.1	0.038
13	8	12.18401	0.345	-0.1	0.038
13	8	12.1895	0.345	-0.1	0.038
13	8	12.1941	0.345	-0.1	0.038
13	8	12.19858	0.345	-0.1	0.038
13	8	12.20298	0.345	-0.1	0.038
13	8	12.20904	0.345	-0.1	0.038
13	8	12.21378	0.345	-0.1	0.038
13	8	12.21909	0.345	-0.1	0.038
13	8	12.22515	0.345	-0.1	0.038
13	8	12.23033	0.345	-0.1	0.038
13	8	12.23486	0.345	-0.1	0.038
13	8	12.23934	0.345	-0.1	0.038
13	8	12.24391	0.345	-0.1	0.038
13	8	12.24933	0.345	-0.1	0.038
13	8	12.25431	0.345	-0.1	0.038
13	8	12.25915	0.345	-0.1	0.038
13	8	12.26401	0.345	-0.1	0.038
13	8	12.2695	0.345	-0.1	0.038
13	8	12.27406	0.345	-0.1	0.038
13	8	12.27994	0.345	-0.1	0.038
13	8	12.28502	0.345	-0.1	0.038
13	8	12.29017	0.345	-0.1	0.038
13	8	12.29542	0.345	-0.1	0.038
13	8	12.30016	0.345	-0.1	0.038
13	8	12.3078	0.345	-0.1	0.038
13	8	12.31272	0.345	-0.1	0.038
13	8	12.31808	0.345	-0.1	0.038
13	8	12.32333	0.345	-0.1	0.038
13	8	12.32834	0.345	-0.1	0.038
13	8	12.33463	0.345	-0.1	0.038
13	8	12.34094	0.345	-0.1	0.038
13	8	12.34736	0.345	-0.1	0.038
13	8	12.35787	0.345	-0.1	0.038
13	8	12.36295	0.345	-0.1	0.038
13	8	12.3727	0.345	-0.1	0.038
13	8	12.37898	0.345	-0.1	0.038
13	8	12.38725	0.345	-0.1	0.038
13	8	12.39299	0.345	-0.1	0.038
13	8	12.39818	0.345	-0.1	0.038
13	8	12.40583	0.345	-0.1	0.038
13	8	12.41264	0.345	-0.1	0.038
13	8	12.4181	0.345	-0.1	0.038
13	8	12.42354	0.345	-0.1	0.038
13	8	12.42977	0.345	-0.1	0.038
13	8	12.43478	0.345	-0.1	0.038
13	8	12.43934	0.345	-0.1	0.038
13	8	12.44379	0.345	-0.1	0.038
13	8	12.46106	0.345	-0.1	0.038
13	8	12.46583	0.345	-0.1	0.038
13	8	12.4712	0.345	-0.1	0.038
13	8	12.47667	0.345	-0.1	0.038
13	8	12.48202	0.345	-0.1	0.038
13	8	12.48863	0.345	-0.1	0.038
13	8	12.49475	0.345	-0.1	0.038
13	8	12.50077	0.345	-0.1	0.038
13	8	12.5066	0.345	-0.1	0.038
13	8	12.51225	0.345	-0.1	0.038
13	8	12.51787	0.345	-0.1	0.038
13	8	12.52319	0.345	-0.1	0.038
13	8	12.52873	0.345	-0.1	0.038
13	8	12.53398	0.345	-0.1	0.038
13	8	12.53912	0.345	-0.1	0.038
13	8	12.54368	0.345	-0.1	0.038
13	8	12.54963	0.345	-0.1	0.038
13	8	12.55417	0.345	-0.1	0.038
13	8	12.55919	0.345	-0.1	0.038
13	8	12.56347	0.345	-0.1	0.038
13	8	12.56878	0.345	-0.1	0.038
13	8	12.57356	0.345	-0.1	0.038
13	8	12.57798	0.345	-0.1	0.038
13	8	12.58279	0.345	-0.1	0.038
13	8	12.5875	0.345	-0.1	0.038
13	8	12.59241	0.345	-0.1	0.038
13	8	12.59697	0.345	-0.1	0.038
13	8	12.6015	0.345	-0.1	0.038
13	8	12.60683	0.345	-0.1	0.038
13	8	12.6118	0.345	-0.1	0.038
13	8	12.61646	0.345	-0.1	0.038
13	8	12.62124	0.345	-0.1	0.038
13	8	12.62613	0.345	-0.1	0.038
13	8	12.63192	0.345	-0.1	0.038
13	8	12.63619	0.345	-0.1	0.038
13	8	12.64066	0.345	-0.1	0.038
13	8	12.64573	0.345	-0.1	0.038
13	8	12.65034	0.345	-0.1	0.038
13	8	12.65498	0.345	-0.1	0.038
13	8	12.66001	0.345	-0.1	0.038
13	8	12.66533	0.345	-0.1	0.038
13	8	12.67017	0.345	-0.1	0.038
13	8	12.67535	0.345	-0.1	0.038
13	8	12.68024	0.345	-0.1	0.038
13	8	12.68588	0.345	-0.1	0.038
13	8	12.69143	0.345	-0.1	0.038
13	8	12.6974	0.345	-0.1	0.038
13	8	12.70538	0.345	-0.1	0.038
13	8	12.71203	0.345	-0.1	0.038
13	8	12.71719	0.345	-0.1	0.038
13	8	12.72239	0.345	-0.1	0.038
13	8	12.72918	0.345	-0.1	0.038
13	8	12.73436	0.345	-0.1	0.038
13	8	12.73958	0.345	-0.1	0.038
13	8	12.74422	0.345	-0.1	0.038
13	8	12.74931	0.345	-0.1	0.038
13	8	12.75435	0.345	-0.1	0.038
13	8	12.75963	0.345	-0.1	0.038
13	8	12.76444	0.345	-0.1	0.038
13	8	12.76966	0.345	-0.1	0.038
13	8	12.77454	0.345	-0.1	0.038
13	8	12.77912	0.345	-0.1	0.038
13	8	12.78387	0.345	-0.1	0.038
13	8	12.78864	0.345	-0.1	0.038
13	8	12.79457	0.345	-0.1	0.038
13	8	12.80055	0.345	-0.1	0.038
13	8	12.80564	0.345	-0.1	0.038
13	8	12.8109	0.345	-0.1	0.038
13	8	12.81684	0.345	-0.1	0.038
13	8	12.82212	0.345	-0.1	0.038
13	8	12.82857	0.345	-0.1	0.038
13	8	12.83436	0.345	-0.1	0.038
13	8	12.84001	0.345	-0.1	0.038
13	8	12.84603	0.345	-0.1	0.038
13	8	12.85172	0.345	-0.1	0.038
13	8	12.85735	0.345	-0.1	0.038
13	8	12.86378	0.345	-0.1	0.038
13	8	12.87022	0.345	-0.1	0.038
13	8	12.87565	0.345	-0.1	0.038
13	8	12.8814	0.345	-0.1	0.038
13	8	12.88713	0.345	-0.1	0.038
13	8	12.89277	0.345	-0.1	0.038
13	8	12.89822	0.345	-0.1	0.038
13	8	12.90363	0.345	-0.1	0.038
13	8	12.91036	0.345	-0.1	0.038
13	8	12.91588	0.345	-0.1	0.038
13	8	12.9234	0.345	-0.1	0.038
13	8	12.92959	0.345	-0.1	0.038
13	8	12.9351	0.345	-0.1	0.038
13	8	12.94075	0.345	-0.1	0.038
13	8	12.94666	0.345	-0.1	0.038
13	8	12.9516	0.345	-0.1	0.038
13	8	12.95676	0.345	-0.1	0.038
13	8	12.96289	0.345	-0.1	0.038
13	8	12.96864	0.345	-0.1	0.038
13	8	12.9739	0.345	-0.1	0.038
13	8	12.97908	0.345	-0.1	0.038
13	8	12.98391	0.345	-0.1	0.038
13	8	12.98942	0.345	-0.1	0.038
13	8	12.99506	0.345	-0.1	0.038
13	8	13.00084	0.345	-0.1	0.038
13	8	13.00715	0.345	-0.1	0.038
13	8	13.01251	0.345	-0.1	0.038
13	8	13.01793	0.345	-0.1	0.038
13	8	13.02349	0.345	-0.1	0.038
13	8	13.02889	0.345	-0.1	0.038
13	8	13.03439	0.345	-0.1	0.038
13	8	13.03964	0.345	-0.1	0.038
13	8	13.04537	0.345	-0.1	0.038
13	8	13.05111	0.345	-0.1	0.038
13	8	13.05612	0.345	-0.1	0.038
13	8	13.06128	0.345	-0.1	0.038
13	8	13.06633	0.345	-0.1	0.038
13	8	13.07067	0.345	-0.1	0.038
13	8	13.07555	0.345	-0.1	0.038
13	8	13.08025	0.345	-0.1	0.038
13	8	13.08498	0.345	-0.1	0.038
13	8	13.08954	0.345	-0.1	0.038
13	8	13.09416	0.345	-0.1	0.038
13	8	13.09864	0.345	-0.1	0.038
13	8	13.1035	0.345	-0.1	0.038
13	8	13.10881	0.345	-0.1	0.038
13	8	13.11341	0.345	-0.1	0.038
13	8	13.11813	0.345	-0.1	0.038
13	8	13.1232	0.345	-0.1	0.038
13	8	13.12885	0.345	-0.1	0.038
13	8	13.13407	0.345	-0.1	0.038
13	8	13.13864	0.345	-0.1	0.038
13	8	13.14363	0.345	-0.1	0.038
13	8	13.1488	0.345	-0.1	0.038
13	8	13.1537	0.345	-0.1	0.038
13	8	13.15887	0.345	-0.1	0.038
13	8	13.16385	0.345	-0.1	0.038
13	8	13.16877	0.345	-0.1	0.038
13	8	13.1732	0.345	-0.1	0.038
13	8	13.17906	0.345	-0.1	0.038
13	8	13.18415	0.345	-0.1	0.038
13	8	13.19024	0.345	-0.1	0.038
13	8	13.19545	0.345	-0.1	0.038
13	8	13.20093	0.345	-0.1	0.038
13	8	13.20767	0.345	-0.1	0.038
13	8	13.21301	0.345	-0.1	0.038
13	8	13.21884	0.345	-0.1	0.038
13	8	13.22536	0.345	-0.1	0.038
13	8	13.23183	0.345	-0.1	0.038
13	8	13.23685	0.345	-0.1	0.038
13	8	13.24354	0.345	-0.1	0.038
13	8	13.24939	0.345	-0.1	0.038
13	8	13.25494	0.345	-0.1	0.038
13	8	13.2639	0.345	-0.1	0.038
13	8	13.26946	0.345	-0.1	0.038
13	8	13.27533	0.345	-0.1	0.038
13	8	13.2811	0.345	-0.1	0.038
13	8	13.28663	0.345	-0.1	0.038
13	8	13.29222	0.345	-0.1	0.038
13	8	13.30021	0.345	-0.1	0.038
13	8	13.3081	0.345	-0.1	0.038
13	8	13.3132	0.345	-0.1	0.038
13	8	13.3187	0.345	-0.1	0.038
13	8	13.3244	0.345	-0.1	0.038
13	8	13.33017	0.345	-0.1	0.038
13	8	13.33604	0.345	-0.1	0.038
13	8	13.34141	0.345	-0.1	0.038
13	8	13.34705	0.345	-0.1	0.038
13	8	13.35266	0.345	-0.1	0.038
13	8	13.35848	0.345	-0.1	0.038
13	8	13.36557	0.345	-0.1	0.038
13	8	13.3714	0.345	-0.1	0.038
13	8	13.37709	0.345	-0.1	0.038
13	8	13.38402	0.345	-0.1	0.038
13	8	13.38942	0.345	-0.1	0.038
13	8	13.39516	0.345	-0.1	0.038
13	8	13.40023	0.345	-0.1	0.038
13	8	13.40524	0.345	-0.1	0.038
13	8	13.41114	0.345	-0.1	0.038
13	8	13.4161	0.345	-0.1	0.038
13	8	13.42145	0.345	-0.1	0.038
13	8	13.42775	0.345	-0.1	0.038
13	8	13.43295	0.345	-0.1	0.038
13	8	13.43788	0.345	-0.1	0.038
13	8	13.44363	0.345	-0.1	0.038
13	8	13.44883	0.345	-0.1	0.038
13	8	13.45418	0.345	-0.1	0.038
13	8	13.45973	0.345	-0.1	0.038
13	8	13.46476	0.345	-0.1	0.038
13	8	13.4699	0.345	-0.1	0.038
13	8	13.47479	0.345	-0.1	0.038
13	8	13.48041	0.345	-0.1	0.038
13	8	13.48545	0.345	-0.1	0.038
13	8	13.49013	0.345	-0.1	0.038
13	8	13.49489	0.345	-0.1	0.038
13	8	13.49962	0.345	-0.1	0.038
13	8	13.50447	0.345	-0.1	0.038
13	8	13.5104	0.345	-0.1	0.038
13	8	13.51527	0.345	-0.1	0.038
13	8	13.51966	0.345	-0.1	0.038
13	8	13.52461	0.345	-0.1	0.038
13	8	13.5304	0.345	-0.1	0.038
13	8	13.5349	0.345	-0.1	0.038
13	8	13.53967	0.345	-0.1	0.038
13	8	13.54429	0.345	-0.1	0.038
13	8	13.54874	0.345	-0.1	0.038
13	8	13.55358	0.345	-0.1	0.038
13	8	13.55918	0.345	-0.1	0.038
13	8	13.56418	0.345	-0.1	0.038
13	8	13.56972	0.345	-0.1	0.038
13	8	13.57499	0.345	-0.1	0.038
13	8	13.58021	0.345	-0.1	0.038
13	8	13.58576	0.345	-0.1	0.038
13	8	13.59153	0.345	-0.1	0.038
13	8	13.59762	0.345	-0.1	0.038
13	8	13.60365	0.345	-0.1	0.038
13	8	13.60903	0.345	-0.1	0.038
13	8	13.61462	0.345	-0.1	0.038
13	8	13.61964	0.345	-0.1	0.038
13	8	13.62481	0.345	-0.1	0.038
13	8	13.63093	0.345	-0.1	0.038
13	8	13.63596	0.345	-0.1	0.038
13	8	13.64077	0.345	-0.1	0.038
13	8	13.64696	0.345	-0.1	0.038
13	8	13.65261	0.345	-0.1	0.038
13	8	13.65774	0.345	-0.1	0.038
13	8	13.66285	0.345	-0.1	0.038
13	8	13.66786	0.345	-0.1	0.038
13	8	13.67278	0.345	-0.1	0.038
13	8	13.67884	0.345	-0.1	0.038
13	8	13.68458	0.345	-0.1	0.038
13	8	13.68946	0.345	-0.1	0.038
13	8	13.69512	0.345	-0.1	0.038
13	8	13.70161	0.345	-0.1	0.038
13	8	13.70655	0.345	-0.1	0.038
13	8	13.71213	0.345	-0.1	0.038
13	8	13.71755	0.345	-0.1	0.038
13	8	13.72304	0.345	-0.1	0.038
13	8	13.72879	0.345	-0.1	0.038
13	8	13.73426	0.345	-0.1	0.038
13	8	13.73898	0.345	-0.1	0.038
13	8	13.74471	0.345	-0.1	0.038
13	8	13.74974	0.345	-0.1	0.038
13	8	13.75458	0.345	-0.1	0.038
13	8	13.75994	0.345	-0.1	0.038
13	8	13.765	0.345	-0.1	0.038
13	8	13.76951	0.345	-0.1	0.038
13	8	13.77392	0.345	-0.1	0.038
13	8	13.77892	0.345	-0.1	0.038
13	8	13.78332	0.345	-0.1	0.038
13	8	13.78796	0.345	-0.1	0.038
13	8	13.79405	0.345	-0.1	0.038
13	8	13.79911	0.345	-0.1	0.038
13	8	13.80717	0.345	-0.1	0.038
13	8	13.81204	0.345	-0.1	0.038
13	8	13.81724	0.345	-0.1	0.038
13	8	13.82273	0.345	-0.1	0.038
13	8	13.82742	0.345	-0.1	0.038
13	8	13.83172	0.345	-0.1	0.038
13	8	13.83711	0.345	-0.1	0.038
13	8	13.84232	0.345	-0.1	0.038
13	8	13.84729	0.345	-0.1	0.038
13	8	13.85246	0.345	-0.1	0.038
13	8	13.85705	0.345	-0.1	0.038
13	8	13.86162	0.345	-0.1	0.038
13	8	13.86647	0.345	-0.1	0.038
13	8	13.87126	0.345	-0.1	0.038
13	8	13.87683	0.345	-0.1	0.038
13	8	13.88218	0.345	-0.1	0.038
13	8	13.88704	0.345	-0.1	0.038
13	8	13.89159	0.345	-0.1	0.038
13	8	13.89668	0.345	-0.1	0.038
13	8	13.90158	0.345	-0.1	0.038
13	8	13.90641	0.345	-0.1	0.038
13	8	13.91106	0.345	-0.1	0.038
13	8	13.91624	0.345	-0.1	0.038
13	8	13.92147	0.345	-0.1	0.038
13	8	13.92632	0.345	-0.1	0.038
13	8	13.9313	0.345	-0.1	0.038
13	8	13.93627	0.345	-0.1	0.038
13	8	13.94094	0.345	-0.1	0.038
13	8	13.94644	0.345	-0.1	0.038
13	8	13.95074	0.345	-0.1	0.038
13	8	13.95531	0.345	-0.1	0.038
13	8	13.96018	0.345	-0.1	0.038
13	8	13.96523	0.345	-0.1	0.038
13	8	13.96977	0.345	-0.1	0.038
13	8	13.97418	0.345	-0.1	0.038
13	8	13.97976	0.345	-0.1	0.038
13	8	13.98448	0.345	-0.1	0.038
13	8	13.98942	0.345	-0.1	0.038
13	8	13.99469	0.345	-0.1	0.038
13	8	13.99938	0.345	-0.1	0.038
13	8	14.0042	0.345	-0.1	0.038
13	8	14.00924	0.345	-0.1	0.038
13	8	14.0138	0.345	-0.1	0.038
13	8	14.01889	0.345	-0.1	0.038
13	8	14.02345	0.345	-0.1	0.038
13	8	14.02929	0.345	-0.1	0.038
13	8	14.03394	0.345	-0.1	0.038
13	8	14.03857	0.345	-0.1	0.038
13	8	14.04494	0.345	-0.1	0.038
13	8	14.04996	0.345	-0.1	0.038
13	8	14.05439	0.345	-0.1	0.038
13	8	14.0596	0.345	-0.1	0.038
13	8	14.06428	0.345	-0.1	0.038
13	8	14.06943	0.345	-0.1	0.038
13	8	14.07455	0.345	-0.1	0.038
13	8	14.07937	0.345	-0.1	0.038
13	8	14.08431	0.345	-0.1	0.038
13	8	14.08959	0.345	-0.1	0.038
13	8	14.09528	0.345	-0.1	0.038
13	8	14.09993	0.345	-0.1	0.038
13	8	14.10448	0.345	-0.1	0.038
13	8	14.11049	0.345	-0.1	0.038
13	8	14.11516	0.345	-0.1	0.038
13	8	14.11964	0.345	-0.1	0.038
13	8	14.12448	0.345	-0.1	0.038
13	8	14.12949	0.345	-0.1	0.038
13	8	14.13405	0.345	-0.1	0.038
13	8	14.13921	0.345	-0.1	0.038
13	8	14.14453	0.345	-0.1	0.038
13	8	14.14957	0.345	-0.1	0.038
13	8	14.15454	0.345	-0.1	0.038
13	8	14.15887	0.345	-0.1	0.038
13	8	14.16317	0.345	-0.1	0.038
13	8	14.16807	0.345	-0.1	0.038
13	8	14.17222	0.345	-0.1	0.038
13	8	14.17754	0.345	-0.1	0.038
13	8	14.18177	0.345	-0.1	0.038
13	8	14.18691	0.345	-0.1	0.038
13	8	14.1916	0.345	-0.1	0.038
13	8	14.19612	0.345	-0.1	0.038
13	8	14.20064	0.345	-0.1	0.038
13	8	14.2053	0.345	-0.1	0.038
13	8	14.21024	0.345	-0.1	0.038
13	8	14.21509	0.345	-0.1	0.038
13	8	14.22515	0.345	-0.1	0.038
13	8	14.23227	0.345	-0.1	0.038
13	8	14.23685	0.345	-0.1	0.038
13	8	14.2422	0.345	-0.1	0.038
13	8	14.24761	0.345	-0.1	0.038
13	8	14.25203	0.345	-0.1	0.038
13	8	14.25738	0.345	-0.1	0.038
13	8	14.2622	0.345	-0.1	0.038
13	8	14.26754	0.345	-0.1	0.038
13	8	14.272	0.345	-0.1	0.038
13	8	14.27724	0.345	-0.1	0.038
13	8	14.28229	0.345	-0.1	0.038
13	8	14.29062	0.345	-0.1	0.038
