x	y	time	x-coordinate	y-coordinate	z-coordinate
15	11	0.6736544	3.17707	1.269179	-1.603405
15	11	0.6816396	3.176872	1.269472	-1.603665
15	11	0.697579	3.176775	1.26921	-1.603799
15	11	0.7035843	3.176708	1.269295	-1.603744
15	11	0.7091329	3.176708	1.269295	-1.603744
15	11	0.7151378	3.176789	1.269217	-1.603721
15	11	0.7305052	3.176839	1.268974	-1.604038
15	11	0.73729	3.176709	1.268904	-1.603965
15	11	0.7464646	3.176892	1.268698	-1.603884
15	11	0.7572827	3.176925	1.268684	-1.603895
15	11	0.7733884	3.176837	1.268742	-1.603736
15	11	0.7796366	3.176666	1.268896	-1.603926
15	11	0.7910001	3.176754	1.269047	-1.603932
15	11	0.807232	3.177027	1.269215	-1.604023
15	11	0.8181629	3.177013	1.269244	-1.604141
15	11	0.8245893	3.1769	1.269338	-1.603915
15	11	0.8401935	3.176696	1.269314	-1.603804
15	11	0.846752	3.176793	1.269232	-1.603785
15	11	0.8578632	3.176743	1.269155	-1.603842
15	11	0.8742682	3.176857	1.269246	-1.603849
15	11	0.8803096	3.176841	1.269275	-1.603922
15	11	0.8913398	3.176784	1.269347	-1.603722
15	11	0.9064445	3.176604	1.269322	-1.603611
15	11	0.9141663	3.176572	1.269332	-1.603669
15	11	0.9260001	3.176555	1.269126	-1.603904
15	11	0.9419956	3.176767	1.269239	-1.603979
15	11	0.9481152	3.177006	1.268968	-1.603852
15	11	0.9585622	3.177099	1.269133	-1.603784
15	11	0.9701737	3.17698	1.26905	-1.603688
15	11	0.9849798	3.176935	1.269126	-1.603776
15	11	0.9924768	3.177062	1.268966	-1.604071
15	11	1.00343	3.177092	1.269004	-1.604058
15	11	1.020304	3.177065	1.269044	-1.604172
15	11	1.026933	3.177022	1.26915	-1.603969
15	11	1.037583	3.176729	1.269068	-1.603835
15	11	1.053489	3.176814	1.268959	-1.60382
15	11	1.059598	3.176833	1.26913	-1.603707
15	11	1.070951	3.176767	1.269152	-1.603636
15	11	1.087282	3.176872	1.269024	-1.603586
15	11	1.093592	3.176902	1.268919	-1.603707
15	11	1.104302	3.177094	1.26901	-1.603744
15	11	1.122151	3.176962	1.269168	-1.603926
15	11	1.127886	3.177066	1.269234	-1.60405
15	11	1.137953	3.176844	1.269153	-1.603954
15	11	1.153411	3.176817	1.269202	-1.604074
15	11	1.160334	3.176773	1.269292	-1.603941
15	11	1.171838	3.176826	1.269381	-1.603903
15	11	1.18892	3.176919	1.269293	-1.603899
15	11	1.195152	3.176995	1.269168	-1.60414
15	11	1.204949	3.177002	1.269185	-1.604149
15	11	1.220474	3.177174	1.269019	-1.604083
15	11	1.227102	3.17714	1.269041	-1.603985
15	11	1.238453	3.176937	1.268923	-1.603863
15	11	1.255105	3.176974	1.268888	-1.603904
15	11	1.261049	3.176969	1.268998	-1.603742
15	11	1.272102	3.176976	1.269023	-1.603719
15	11	1.2885	3.176902	1.269106	-1.603836
15	11	1.294454	3.176927	1.269161	-1.60381
15	11	1.305476	3.176927	1.269199	-1.60379
15	11	1.326128	3.177038	1.268954	-1.604004
15	11	1.332195	3.177038	1.268954	-1.604004
15	11	1.338841	3.176853	1.268895	-1.603935
15	11	1.354956	3.176929	1.268793	-1.603928
15	11	1.361977	3.176859	1.26886	-1.603687
15	11	1.372553	3.176929	1.268873	-1.603675
15	11	1.388279	3.17686	1.268929	-1.60377
15	11	1.394722	3.177024	1.268813	-1.604084
15	11	1.406217	3.176811	1.268742	-1.603984
15	11	1.422268	3.17679	1.268857	-1.604255
15	11	1.428338	3.176756	1.269185	-1.603913
15	11	1.439336	3.176927	1.269317	-1.603961
15	11	1.454575	3.177051	1.269223	-1.603945
15	11	1.46158	3.177002	1.269233	-1.603828
15	11	1.472828	3.176914	1.269244	-1.603748
15	11	1.489005	3.176995	1.269165	-1.603703
15	11	1.495308	3.176928	1.269086	-1.603624
15	11	1.506494	3.176702	1.269051	-1.603473
15	11	1.523336	3.176618	1.26915	-1.60358
15	11	1.529358	3.176574	1.268973	-1.603734
15	11	1.539791	3.176802	1.269183	-1.603932
15	11	1.557017	3.176808	1.269211	-1.603956
15	11	1.562853	3.176729	1.269314	-1.603765
15	11	1.573448	3.176773	1.26939	-1.603744
15	11	1.588687	3.176769	1.269334	-1.603727
15	11	1.595655	3.17678	1.269113	-1.60398
15	11	1.606457	3.1768	1.268811	-1.603762
15	11	1.623101	3.176861	1.268799	-1.603845
15	11	1.62922	3.176862	1.268775	-1.603842
15	11	1.640254	3.176893	1.269139	-1.604177
15	11	1.656581	3.176898	1.269168	-1.604216
15	11	1.66254	3.176744	1.269364	-1.603799
15	11	1.673508	3.176611	1.269376	-1.603723
15	11	1.690145	3.176601	1.269252	-1.603631
15	11	1.697548	3.176607	1.269082	-1.603834
15	11	1.707217	3.176534	1.269072	-1.603782
15	11	1.72332	3.176708	1.268833	-1.603605
15	11	1.729678	3.176629	1.268976	-1.603314
15	11	1.740525	3.176638	1.269011	-1.603242
15	11	1.757828	3.176462	1.26916	-1.60334
15	11	1.764234	3.176441	1.269017	-1.60349
15	11	1.773978	3.176476	1.269032	-1.60349
15	11	1.790015	3.176477	1.269023	-1.603501
15	11	1.796881	3.176442	1.269042	-1.603456
15	11	1.80749	3.176762	1.269046	-1.603513
15	11	1.828995	3.176901	1.268957	-1.603781
15	11	1.835378	3.176901	1.268957	-1.603781
15	11	1.841485	3.176823	1.26915	-1.60399
15	11	1.859222	3.176959	1.269221	-1.604215
15	11	1.865361	3.176707	1.269352	-1.603915
15	11	1.874515	3.176885	1.269128	-1.603852
15	11	1.889623	3.176998	1.269164	-1.604009
15	11	1.897104	3.17682	1.269196	-1.603834
15	11	1.908024	3.176885	1.269121	-1.603835
15	11	1.923914	3.176914	1.269145	-1.603863
15	11	1.930404	3.176713	1.269004	-1.603852
15	11	1.941588	3.176771	1.268923	-1.603843
15	11	1.957674	3.176719	1.268859	-1.60379
15	11	1.964071	3.176849	1.268918	-1.603822
15	11	1.975347	3.176803	1.268974	-1.603941
15	11	1.991362	3.176708	1.268953	-1.603812
15	11	1.997667	3.176908	1.26894	-1.604004
15	11	2.008755	3.176888	1.268946	-1.604102
15	11	2.024357	3.17691	1.268983	-1.604133
15	11	2.03139	3.176976	1.269252	-1.603904
15	11	2.042337	3.177018	1.269226	-1.603908
15	11	2.058336	3.177016	1.269241	-1.603872
15	11	2.064865	3.176945	1.26926	-1.603809
15	11	2.075845	3.176935	1.269333	-1.603886
15	11	2.09218	3.177007	1.269361	-1.603984
15	11	2.098347	3.176854	1.269325	-1.60393
15	11	2.109551	3.176944	1.269246	-1.603944
15	11	2.125947	3.176968	1.26928	-1.603994
15	11	2.131826	3.176778	1.269091	-1.604063
15	11	2.142956	3.17683	1.268972	-1.604045
15	11	2.158919	3.176717	1.268936	-1.603909
15	11	2.165211	3.176848	1.268999	-1.60394
15	11	2.176677	3.176933	1.268923	-1.603946
15	11	2.192771	3.17684	1.268887	-1.603818
15	11	2.198941	3.176802	1.269147	-1.603478
15	11	2.210024	3.176734	1.269277	-1.603596
15	11	2.226187	3.17663	1.269267	-1.603432
15	11	2.232693	3.176703	1.269331	-1.603429
15	11	2.243511	3.1767	1.269313	-1.603436
15	11	2.260246	3.176733	1.269351	-1.603463
15	11	2.266653	3.176627	1.269234	-1.603489
15	11	2.277021	3.176574	1.269271	-1.603577
15	11	2.292333	3.176666	1.269328	-1.603707
15	11	2.299419	3.176588	1.269243	-1.6038
15	11	2.310777	3.176677	1.269103	-1.603781
15	11	2.330994	3.176625	1.26917	-1.603756
15	11	2.337752	3.176625	1.26917	-1.603756
15	11	2.3441	3.176633	1.269146	-1.603766
15	11	2.361137	3.176538	1.26912	-1.603654
15	11	2.367232	3.1768	1.269394	-1.60361
15	11	2.378101	3.176864	1.269305	-1.603565
15	11	2.39456	3.176986	1.269367	-1.603699
15	11	2.400256	3.176685	1.269036	-1.603796
15	11	2.411391	3.176654	1.269057	-1.603904
15	11	2.42693	3.176594	1.269072	-1.603856
15	11	2.43329	3.176624	1.26929	-1.603661
15	11	2.444505	3.176656	1.26927	-1.603678
15	11	2.460266	3.17657	1.26926	-1.603602
15	11	2.467242	3.176687	1.269227	-1.603725
15	11	2.4785	3.176723	1.269159	-1.60371
15	11	2.495974	3.176824	1.269166	-1.603822
15	11	2.502484	3.176821	1.269051	-1.603896
15	11	2.511765	3.177017	1.268814	-1.603815
15	11	2.52727	3.176944	1.268744	-1.603683
15	11	2.533987	3.176882	1.268734	-1.603567
15	11	2.545046	3.176893	1.26871	-1.60361
15	11	2.561273	3.176928	1.268733	-1.603569
15	11	2.567817	3.176936	1.268713	-1.603522
15	11	2.578626	3.176719	1.268979	-1.603762
15	11	2.593501	3.176775	1.268972	-1.603856
15	11	2.601331	3.176622	1.269032	-1.603678
15	11	2.612067	3.176559	1.26909	-1.603799
15	11	2.628789	3.176531	1.269161	-1.603721
15	11	2.63472	3.176738	1.269267	-1.603783
15	11	2.645971	3.176705	1.26932	-1.603856
15	11	2.662803	3.176707	1.269312	-1.603882
15	11	2.669316	3.176797	1.269402	-1.603917
15	11	2.679323	3.176997	1.269201	-1.603817
15	11	2.694342	3.177015	1.269006	-1.604025
15	11	2.702069	3.176761	1.268941	-1.603882
15	11	2.712595	3.176874	1.268742	-1.603802
15	11	2.728489	3.176831	1.268876	-1.603554
15	11	2.735198	3.177068	1.268957	-1.603605
15	11	2.74655	3.177023	1.269078	-1.603693
15	11	2.763036	3.176916	1.269037	-1.603525
15	11	2.769558	3.176768	1.269017	-1.603399
15	11	2.779727	3.176786	1.268943	-1.603405
15	11	2.797181	3.176843	1.268806	-1.603641
15	11	2.803585	3.176832	1.268805	-1.603587
15	11	2.813957	3.176549	1.269149	-1.603926
15	11	2.829686	3.176482	1.269263	-1.603794
15	11	2.835777	3.176458	1.269334	-1.603762
15	11	2.846865	3.176564	1.269164	-1.603649
15	11	2.857881	3.176484	1.269102	-1.603608
15	11	2.873443	3.17674	1.269272	-1.603667
15	11	2.87992	3.176708	1.26932	-1.603694
15	11	2.890962	3.17679	1.269436	-1.603705
15	11	2.907104	3.176599	1.269428	-1.603591
15	11	2.913542	3.176841	1.269133	-1.603373
15	11	2.924608	3.176855	1.269081	-1.603415
15	11	2.940109	3.176633	1.268998	-1.60326
15	11	2.947797	3.176444	1.269165	-1.603442
15	11	2.958097	3.176487	1.269087	-1.60358
15	11	2.974402	3.1766	1.269161	-1.603597
15	11	2.980451	3.176604	1.26915	-1.603647
15	11	2.991492	3.176527	1.269046	-1.603668
15	11	3.006771	3.176701	1.269158	-1.603706
15	11	3.013757	3.176791	1.269019	-1.603689
15	11	3.02492	3.176869	1.268775	-1.604019
15	11	3.041133	3.176854	1.268763	-1.604015
15	11	3.049998	3.176781	1.268803	-1.604196
15	11	3.05849	3.176678	1.269094	-1.603793
15	11	3.075022	3.176783	1.269163	-1.603834
15	11	3.081422	3.176803	1.269165	-1.603921
15	11	3.092015	3.176803	1.269172	-1.603923
15	11	3.108546	3.176639	1.269132	-1.603848
15	11	3.114904	3.176859	1.268855	-1.603733
15	11	3.125512	3.176782	1.268954	-1.60352
15	11	3.141577	3.176887	1.269017	-1.603529
15	11	3.147998	3.176779	1.269202	-1.603726
15	11	3.159021	3.176785	1.269056	-1.603915
15	11	3.173875	3.176652	1.269032	-1.603853
15	11	3.181242	3.17665	1.269018	-1.60396
15	11	3.192463	3.176772	1.269229	-1.604
15	11	3.208361	3.176808	1.26929	-1.604018
15	11	3.214928	3.176982	1.269098	-1.603957
15	11	3.226005	3.176887	1.268972	-1.603954
15	11	3.242072	3.176977	1.26903	-1.603979
15	11	3.248599	3.17696	1.269047	-1.604067
15	11	3.259772	3.177032	1.269014	-1.604196
15	11	3.27542	3.176881	1.269	-1.604121
15	11	3.282108	3.176868	1.269004	-1.604228
15	11	3.293291	3.176844	1.269177	-1.604018
15	11	3.308318	3.176809	1.2692	-1.603999
15	11	3.316674	3.176893	1.269114	-1.603969
14	11	3.327905	3.1768	1.269061	-1.603844
14	11	3.344429	3.176846	1.269127	-1.603816
14	11	3.350742	3.176985	1.268947	-1.603735
14	11	3.360025	3.177034	1.26901	-1.60369
14	11	3.371501	3.177127	1.269051	-1.603671
14	11	3.387676	3.17703	1.269213	-1.603819
14	11	3.394052	3.176964	1.269148	-1.603757
14	11	3.405395	3.17696	1.269162	-1.603708
14	11	3.420837	3.176951	1.269174	-1.603773
14	11	3.427333	3.176988	1.268867	-1.604148
14	11	3.439492	3.17701	1.26887	-1.604126
13	11	3.456414	3.176992	1.268837	-1.604207
13	11	3.46327	3.176945	1.269074	-1.60385
13	11	3.47263	3.177013	1.269155	-1.603816
13	11	3.487262	3.176901	1.269319	-1.603996
13	11	3.494729	3.176749	1.269334	-1.603774
13	11	3.505947	3.176542	1.269298	-1.603645
13	11	3.520978	3.17675	1.269011	-1.603451
13	11	3.527994	3.176771	1.268959	-1.603518
13	11	3.539321	3.176772	1.268957	-1.603455
13	11	3.555499	3.176713	1.268961	-1.603454
13	11	3.562077	3.176714	1.269018	-1.603394
12	11	3.573138	3.176375	1.269148	-1.603449
12	11	3.594769	3.176499	1.269109	-1.603835
12	11	3.607332	3.176554	1.269162	-1.603838
12	11	3.627629	3.176778	1.268916	-1.603619
12	11	3.634003	3.176778	1.268916	-1.603619
12	11	3.640375	3.176873	1.269147	-1.603775
12	11	3.655914	3.176836	1.269132	-1.603728
12	11	3.662612	3.176601	1.268968	-1.603697
12	11	3.668294	3.176601	1.268968	-1.603697
12	11	3.675189	3.176578	1.268957	-1.603703
11	11	3.691315	3.176655	1.268915	-1.603803
11	11	3.69703	3.176596	1.269043	-1.603599
11	11	3.70701	3.17657	1.269048	-1.603657
11	11	3.718276	3.176554	1.269061	-1.603633
11	11	3.735548	3.176508	1.268864	-1.603805
11	11	3.747335	3.176822	1.269026	-1.603904
11	11	3.758558	3.176803	1.269085	-1.604059
11	11	3.775209	3.176679	1.269142	-1.60392
11	11	3.781767	3.176679	1.269142	-1.60392
11	11	3.789162	3.176739	1.269207	-1.604028
11	11	3.796126	3.176744	1.269331	-1.603945
10	11	3.811975	3.176979	1.269279	-1.603904
10	11	3.818445	3.176896	1.269254	-1.603753
10	11	3.829905	3.176948	1.268911	-1.604142
10	11	3.846055	3.176898	1.268888	-1.604135
10	11	3.852907	3.176858	1.26885	-1.604089
10	11	3.863217	3.176971	1.269082	-1.603916
10	11	3.879724	3.176898	1.269183	-1.604086
10	11	3.886083	3.176908	1.269199	-1.604113
10	11	3.902494	3.176848	1.26934	-1.603906
10	11	3.925195	3.176834	1.269294	-1.603891
9	11	3.931736	3.176722	1.269041	-1.604073
9	11	3.938034	3.176722	1.269041	-1.604073
9	11	3.95328	3.176825	1.268804	-1.603997
9	11	3.964146	3.176679	1.268611	-1.604021
9	11	3.970009	3.176679	1.268611	-1.604021
9	11	3.977365	3.176536	1.268708	-1.60421
9	11	3.99354	3.176479	1.268673	-1.60419
9	11	3.999813	3.176626	1.268935	-1.604069
9	11	4.008424	3.176755	1.268713	-1.604023
9	11	4.019481	3.176735	1.268668	-1.604026
9	11	4.036862	3.177051	1.269153	-1.603743
9	11	4.048553	3.177055	1.269243	-1.603809
8	11	4.059775	3.176977	1.269235	-1.603616
8	11	4.075681	3.176807	1.269452	-1.603713
8	11	4.083046	3.176807	1.269452	-1.603713
8	11	4.089901	3.176729	1.269478	-1.603606
8	11	4.097542	3.176484	1.269299	-1.60361
8	11	4.113889	3.176545	1.269215	-1.603546
8	11	4.120417	3.176659	1.269282	-1.603713
8	11	4.131165	3.176462	1.269046	-1.603826
8	11	4.146071	3.176436	1.269023	-1.603908
8	11	4.153739	3.176444	1.269006	-1.603983
8	11	4.164712	3.176823	1.269138	-1.604195
7	11	4.180419	3.176913	1.269015	-1.60418
7	11	4.187977	3.176855	1.268993	-1.60412
7	11	4.204777	3.176923	1.269101	-1.604077
7	11	4.226801	3.177045	1.268846	-1.603919
7	11	4.2335	3.177032	1.268929	-1.603773
7	11	4.240429	3.177032	1.268929	-1.603773
7	11	4.257075	3.177135	1.268862	-1.603827
7	11	4.263376	3.177099	1.268957	-1.60365
7	11	4.269382	3.177099	1.268957	-1.60365
7	11	4.276331	3.176982	1.269174	-1.603854
7	11	4.291697	3.176966	1.269204	-1.60382
7	12	4.298716	3.176957	1.269089	-1.603967
7	12	4.309806	3.176928	1.269099	-1.604006
7	12	4.328187	3.176982	1.26912	-1.604069
7	12	4.335705	3.176977	1.269175	-1.604028
7	12	4.343707	3.177077	1.269034	-1.603971
7	12	4.365098	3.176878	1.268978	-1.603871
7	12	4.375691	3.176804	1.2691	-1.604018
7	12	4.381372	3.176804	1.2691	-1.604018
7	12	4.397046	3.176738	1.269101	-1.603987
7	12	4.403998	3.176738	1.269101	-1.603987
7	12	4.410461	3.17678	1.268981	-1.603991
7	13	4.421862	3.176748	1.268979	-1.603943
7	13	4.438204	3.176717	1.268918	-1.604001
7	13	4.444194	3.176738	1.26889	-1.60407
7	13	4.455858	3.176623	1.26885	-1.603958
7	13	4.472671	3.176908	1.268935	-1.604114
7	13	4.478837	3.176854	1.26902	-1.604265
7	13	4.488816	3.176869	1.269045	-1.604326
7	13	4.500047	3.176782	1.269325	-1.60399
7	13	4.520242	3.176906	1.269238	-1.603992
7	13	4.531233	3.176806	1.269098	-1.604102
7	13	4.537456	3.176806	1.269098	-1.604102
7	14	4.552023	3.176832	1.269069	-1.604167
7	14	4.559518	3.176859	1.269074	-1.604194
7	14	4.570163	3.176829	1.269164	-1.60408
7	14	4.578064	3.176903	1.269101	-1.60406
7	14	4.593046	3.176933	1.269086	-1.604106
7	14	4.600622	3.176876	1.268923	-1.604229
7	14	4.611252	3.176943	1.268835	-1.604232
7	14	4.627599	3.176977	1.268795	-1.604265
7	14	4.63385	3.176932	1.269009	-1.603971
7	14	4.644962	3.177082	1.268826	-1.603878
7	14	4.661657	3.177064	1.268787	-1.603797
7	15	4.674046	3.177161	1.268658	-1.603928
7	15	4.684991	3.177095	1.268777	-1.604057
7	15	4.706197	3.177129	1.269046	-1.603647
7	15	4.712284	3.17698	1.26925	-1.603844
7	15	4.717979	3.17698	1.26925	-1.603844
7	15	4.725952	3.176973	1.269313	-1.603776
7	15	4.742171	3.176769	1.269256	-1.60365
7	15	4.748369	3.176776	1.26926	-1.603636
7	15	4.757466	3.176848	1.269234	-1.603772
7	15	4.768218	3.176768	1.26925	-1.603689
7	16	4.785725	3.176827	1.269153	-1.603638
7	16	4.794548	3.176802	1.268994	-1.603758
7	16	4.802157	3.176796	1.269039	-1.603696
7	16	4.822564	3.176563	1.269148	-1.603784
7	16	4.834645	3.176882	1.269055	-1.604164
7	16	4.847715	3.177005	1.268899	-1.60414
7	16	4.865147	3.176966	1.268929	-1.604035
7	16	4.871593	3.177105	1.269014	-1.604049
7	16	4.876669	3.177105	1.269014	-1.604049
7	16	4.883499	3.17704	1.269139	-1.604204
7	16	4.899259	3.177021	1.269169	-1.604185
7	16	4.906078	3.176766	1.269094	-1.604052
7	17	4.913207	3.176775	1.269074	-1.604118
7	17	4.92423	3.176665	1.269013	-1.604064
7	17	4.940386	3.17676	1.269104	-1.604069
7	17	4.946784	3.176799	1.269047	-1.604068
7	17	4.957957	3.176772	1.269195	-1.603912
7	17	4.975078	3.17666	1.269207	-1.603828
7	17	4.989316	3.176675	1.269191	-1.603875
7	17	5.000006	3.176742	1.26922	-1.603985
7	17	5.01564	3.176692	1.268998	-1.603798
7	17	5.022199	3.176692	1.268998	-1.603798
7	17	5.028468	3.176816	1.268832	-1.604132
7	18	5.035934	3.176912	1.268869	-1.604128
7	18	5.051847	3.176898	1.268883	-1.604236
7	18	5.059294	3.176924	1.269004	-1.604196
7	18	5.069461	3.176898	1.269013	-1.604162
7	18	5.08506	3.176934	1.268952	-1.604187
7	18	5.092011	3.177073	1.269093	-1.60424
7	18	5.103041	3.176907	1.26907	-1.604164
7	18	5.118264	3.176942	1.269031	-1.604162
7	18	5.125807	3.17691	1.269179	-1.603947
7	18	5.143224	3.176879	1.269208	-1.60387
7	19	5.1659	3.176857	1.268933	-1.60398
7	19	5.17403	3.176834	1.268934	-1.603929
7	19	5.179763	3.176883	1.268906	-1.603915
7	19	5.199613	3.176967	1.269093	-1.60381
7	19	5.206656	3.176797	1.269107	-1.603681
7	19	5.211856	3.176797	1.269107	-1.603681
7	19	5.217445	3.176758	1.269148	-1.60374
7	19	5.233746	3.176743	1.268968	-1.60392
7	19	5.24161	3.17675	1.269007	-1.603889
7	19	5.249407	3.176686	1.269068	-1.604014
7	19	5.259549	3.176667	1.269142	-1.603997
7	20	5.275514	3.176957	1.26935	-1.604068
7	20	5.282143	3.177213	1.269056	-1.603912
7	20	5.299098	3.177272	1.268982	-1.603999
7	20	5.322735	3.176953	1.269137	-1.604112
7	20	5.334655	3.176963	1.268996	-1.604286
7	20	5.351018	3.17683	1.268901	-1.604298
7	20	5.357744	3.17683	1.268901	-1.604298
7	20	5.363828	3.176819	1.268983	-1.604232
7	20	5.371499	3.176965	1.26909	-1.604288
7	20	5.386147	3.177055	1.268909	-1.604283
7	20	5.394131	3.176964	1.269019	-1.604013
8	20	5.405377	3.176915	1.268971	-1.603952
8	20	5.424976	3.177093	1.268942	-1.604
8	20	5.431212	3.177093	1.268942	-1.604
8	20	5.439017	3.17685	1.268854	-1.603859
8	20	5.459161	3.176895	1.26882	-1.604074
8	20	5.469738	3.176946	1.268864	-1.604065
8	20	5.477623	3.176946	1.268864	-1.604065
8	20	5.493287	3.176858	1.26899	-1.604176
8	20	5.498643	3.176858	1.26899	-1.604176
8	20	5.505524	3.176886	1.26902	-1.60418
8	20	5.515731	3.176918	1.269003	-1.604222
9	20	5.53155	3.176898	1.269145	-1.604055
9	20	5.53903	3.177043	1.269263	-1.604079
9	20	5.549142	3.177339	1.268935	-1.603851
9	20	5.564545	3.177318	1.268873	-1.603786
9	20	5.57199	3.177188	1.268791	-1.603659
9	20	5.582888	3.177387	1.268524	-1.603529
9	20	5.599067	3.177502	1.268605	-1.603501
9	20	5.611567	3.177336	1.268525	-1.603353
9	20	5.622395	3.177141	1.268758	-1.603581
9	20	5.639114	3.177102	1.268636	-1.603728
10	20	5.644816	3.177102	1.268636	-1.603728
10	20	5.650645	3.176993	1.268737	-1.603878
10	20	5.660531	3.177102	1.268678	-1.60411
10	20	5.676395	3.177068	1.268692	-1.604094
10	20	5.68369	3.177162	1.268483	-1.604054
10	20	5.694153	3.177154	1.268545	-1.603989
10	20	5.709353	3.177166	1.268587	-1.603959
10	20	5.716803	3.177094	1.268676	-1.604133
10	20	5.728111	3.177065	1.268871	-1.603925
10	20	5.744573	3.177253	1.269009	-1.603947
10	20	5.751122	3.17713	1.269204	-1.604156
11	20	5.766427	3.176994	1.269107	-1.60409
11	20	5.79403	3.176666	1.26895	-1.603994
11	20	5.800831	3.176666	1.26895	-1.603994
11	20	5.817341	3.176636	1.269072	-1.604106
11	20	5.823931	3.176636	1.269072	-1.604106
11	20	5.830151	3.176564	1.269096	-1.604051
11	20	5.839396	3.176877	1.269271	-1.604181
11	20	5.854328	3.176891	1.269274	-1.604255
11	20	5.861946	3.176768	1.269341	-1.604069
11	20	5.872994	3.176583	1.269325	-1.603967
12	20	5.8883	3.176883	1.268874	-1.603666
12	20	5.896075	3.176915	1.268628	-1.603891
12	20	5.906795	3.176757	1.268583	-1.603796
12	20	5.927729	3.177026	1.269084	-1.604068
12	20	5.937592	3.177026	1.269084	-1.604068
12	20	5.944646	3.177045	1.269088	-1.604079
12	20	5.961997	3.17714	1.268952	-1.604325
12	20	5.967792	3.17714	1.268952	-1.604325
12	20	5.974383	3.177142	1.268733	-1.604208
12	20	5.984845	3.177257	1.268751	-1.604349
12	20	5.999789	3.177266	1.268965	-1.60411
13	20	6.007323	3.17726	1.269058	-1.604199
13	20	6.01865	3.177161	1.269064	-1.604039
13	20	6.035706	3.177205	1.268978	-1.604175
13	20	6.04181	3.176855	1.269048	-1.604214
13	20	6.052252	3.176824	1.269039	-1.604225
13	20	6.068428	3.17683	1.269246	-1.604148
13	20	6.079834	3.176901	1.269171	-1.604078
13	20	6.090305	3.176924	1.269196	-1.604108
13	20	6.107592	3.176904	1.269074	-1.604159
13	20	6.113572	3.176904	1.269074	-1.604159
13	20	6.119435	3.17698	1.269091	-1.60425
14	20	6.13055	3.176761	1.269201	-1.603952
14	20	6.145566	3.176958	1.268951	-1.603801
14	20	6.153158	3.17691	1.268946	-1.603686
14	20	6.164199	3.177013	1.268768	-1.603898
14	20	6.179539	3.176898	1.268939	-1.604068
14	20	6.186642	3.176867	1.268902	-1.604048
14	20	6.197661	3.176863	1.268818	-1.604121
14	20	6.213405	3.17684	1.268823	-1.604204
14	20	6.220777	3.177002	1.268892	-1.604432
14	20	6.236616	3.176793	1.269202	-1.603932
15	20	6.256881	3.176982	1.268972	-1.603687
15	20	6.263062	3.176957	1.268844	-1.603731
15	20	6.269656	3.176957	1.268844	-1.603731
15	20	6.276156	3.176902	1.2689	-1.603806
15	20	6.293334	3.176905	1.268891	-1.603787
15	20	6.300439	3.176821	1.268974	-1.603599
15	20	6.309711	3.176736	1.269111	-1.603718
15	20	6.326165	3.176679	1.269107	-1.603657
15	20	6.332229	3.176864	1.269084	-1.603852
15	20	6.343412	3.176904	1.269063	-1.603873
15	20	6.358771	3.176828	1.269047	-1.60377
15	20	6.365498	3.176754	1.269032	-1.603721
16	20	6.376805	3.176706	1.26908	-1.603783
16	20	6.402501	3.176816	1.269095	-1.603909
16	20	6.414552	3.176836	1.269093	-1.603946
16	20	6.435569	3.176897	1.269065	-1.604061
16	20	6.441639	3.177045	1.268906	-1.604025
16	20	6.448517	3.177045	1.268906	-1.604025
16	20	6.464209	3.176884	1.26895	-1.603852
16	20	6.470737	3.176884	1.26895	-1.603852
16	20	6.477252	3.176906	1.268932	-1.603885
16	20	6.488822	3.176843	1.268937	-1.603762
17	20	6.505014	3.176837	1.268723	-1.603953
17	20	6.511539	3.176651	1.2689	-1.604169
17	20	6.52233	3.176673	1.268896	-1.604234
17	20	6.538031	3.176936	1.269189	-1.604189
17	20	6.548646	3.177031	1.269091	-1.604171
17	20	6.559502	3.176988	1.269099	-1.604108
17	20	6.575804	3.176864	1.26923	-1.603756
17	20	6.582935	3.176864	1.26923	-1.603756
17	20	6.589333	3.176858	1.269254	-1.603736
17	20	6.599892	3.176847	1.269099	-1.603888
17	20	6.617044	3.176868	1.269081	-1.603969
18	20	6.623708	3.176802	1.269065	-1.603895
18	20	6.633215	3.176771	1.268844	-1.604085
18	20	6.64868	3.17672	1.268825	-1.604214
18	20	6.655993	3.176687	1.268807	-1.604207
18	20	6.666798	3.176822	1.269014	-1.604135
18	20	6.683218	3.17697	1.268814	-1.604027
18	20	6.690227	3.177099	1.26882	-1.604188
18	20	6.705019	3.17685	1.268963	-1.603776
18	20	6.726001	3.176859	1.268978	-1.603839
18	20	6.731816	3.177006	1.269106	-1.603773
18	20	6.738355	3.177006	1.269106	-1.603773
19	20	6.754997	3.177004	1.269181	-1.603775
19	20	6.762234	3.177004	1.269181	-1.603775
19	20	6.768837	3.177132	1.269136	-1.603924
19	20	6.778113	3.177213	1.269033	-1.603917
19	20	6.795866	3.177214	1.269023	-1.603846
19	20	6.802423	3.176962	1.268943	-1.603692
19	20	6.811667	3.176998	1.268874	-1.603694
19	20	6.828043	3.177103	1.268881	-1.603807
19	20	6.834238	3.177202	1.268622	-1.604135
19	20	6.845574	3.177124	1.26872	-1.604354
20	20	6.86495	3.17719	1.268728	-1.604456
20	20	6.875183	3.176918	1.268933	-1.604028
20	20	6.882507	3.176971	1.268866	-1.604041
20	20	6.897655	3.176975	1.268875	-1.604037
20	20	6.903363	3.177127	1.269022	-1.604002
20	20	6.912164	3.177026	1.269231	-1.604213
20	20	6.924438	3.176999	1.269109	-1.604294
20	20	6.940418	3.176814	1.269097	-1.604201
20	20	6.946193	3.176915	1.268962	-1.604171
20	20	6.956831	3.176806	1.268944	-1.604026
20	20	6.967966	3.176857	1.269084	-1.603927
20	20	6.984393	3.176829	1.269127	-1.603999
21	20	6.996265	3.176826	1.269144	-1.604015
21	20	7.009552	3.177032	1.269292	-1.60404
21	20	7.033624	3.177112	1.269142	-1.604302
21	20	7.041237	3.177112	1.269142	-1.604302
21	20	7.047571	3.177145	1.269154	-1.604387
21	20	7.064502	3.176998	1.268985	-1.604339
21	20	7.071252	3.176869	1.268954	-1.604283
21	20	7.077026	3.176869	1.268954	-1.604283
21	20	7.083414	3.177072	1.268677	-1.604152
21	20	7.099574	3.177069	1.268736	-1.604057
22	20	7.108174	3.177091	1.268763	-1.604036
22	20	7.114668	3.176955	1.268924	-1.604225
22	20	7.125401	3.17697	1.269059	-1.604138
22	20	7.141021	3.176734	1.269007	-1.604014
22	20	7.147573	3.176685	1.269049	-1.604093
22	20	7.162779	3.176703	1.269024	-1.604213
22	20	7.18289	3.177153	1.269027	-1.604261
22	20	7.189145	3.177153	1.269027	-1.604261
22	20	7.195283	3.177121	1.269029	-1.604177
22	20	7.202848	3.177165	1.269072	-1.604149
22	20	7.218857	3.177224	1.269073	-1.604185
22	20	7.227326	3.177269	1.269161	-1.604125
22	19	7.23881	3.177141	1.269123	-1.604045
22	19	7.254869	3.177221	1.269052	-1.603998
22	19	7.262363	3.177255	1.268853	-1.604214
22	19	7.270193	3.177191	1.268833	-1.604154
22	19	7.28113	3.177157	1.268876	-1.604288
22	19	7.299033	3.177142	1.2689	-1.604202
22	19	7.312057	3.177177	1.268958	-1.604177
22	19	7.32279	3.177188	1.268963	-1.604236
22	19	7.339471	3.176821	1.268881	-1.603939
22	19	7.344777	3.176821	1.268881	-1.603939
22	18	7.351118	3.176746	1.268972	-1.604056
22	18	7.359202	3.176729	1.269157	-1.603912
22	18	7.374515	3.176589	1.269145	-1.603811
22	18	7.381691	3.176713	1.268949	-1.603633
22	18	7.392769	3.176797	1.268868	-1.603841
22	18	7.408803	3.17675	1.268892	-1.60375
22	18	7.415388	3.176648	1.268996	-1.603885
22	18	7.426826	3.176679	1.268919	-1.604044
22	18	7.444108	3.176857	1.269017	-1.604088
22	18	7.450708	3.176896	1.26897	-1.604109
22	18	7.46417	3.17688	1.268941	-1.604109
22	17	7.483529	3.176813	1.268928	-1.604104
22	17	7.489886	3.176813	1.268928	-1.604104
22	17	7.496684	3.176807	1.268986	-1.604065
22	17	7.504951	3.176895	1.26905	-1.604074
22	17	7.52027	3.176986	1.268947	-1.604051
22	17	7.527478	3.176921	1.268861	-1.60399
22	17	7.538916	3.176966	1.268903	-1.603959
22	17	7.556149	3.176951	1.268966	-1.604047
22	17	7.562725	3.176965	1.269051	-1.603995
22	17	7.571557	3.177099	1.269137	-1.603991
22	17	7.582915	3.177127	1.269205	-1.604077
22	16	7.599268	3.177182	1.269235	-1.604129
22	16	7.610764	3.176941	1.269209	-1.603992
22	16	7.621787	3.17694	1.269225	-1.604073
22	16	7.64074	3.17693	1.26906	-1.604198
22	16	7.646617	3.17693	1.26906	-1.604198
22	16	7.652285	3.176936	1.269039	-1.604299
22	16	7.661019	3.177002	1.269032	-1.604393
22	16	7.676178	3.176989	1.269037	-1.60438
22	16	7.683274	3.1771	1.268947	-1.604411
22	16	7.69463	3.177008	1.268924	-1.604296
22	16	7.711506	3.176828	1.268883	-1.604189
22	15	7.717867	3.177009	1.268583	-1.604059
22	15	7.728306	3.177137	1.268623	-1.604173
22	15	7.743497	3.177228	1.268644	-1.604167
22	15	7.750779	3.17724	1.268616	-1.604226
22	15	7.761948	3.177196	1.268822	-1.603871
22	15	7.78279	3.177022	1.268964	-1.603931
22	15	7.79411	3.177105	1.269049	-1.603946
22	15	7.801147	3.177105	1.269049	-1.603946
22	15	7.817221	3.176873	1.26896	-1.603779
22	14	7.854906	3.177052	1.269151	-1.604156
22	14	7.872202	3.176906	1.26921	-1.603987
22	14	7.878775	3.176906	1.26921	-1.603987
22	14	7.88523	3.176792	1.269419	-1.604133
22	14	7.89544	3.176821	1.269248	-1.604419
22	14	7.91108	3.176642	1.269261	-1.604326
22	14	7.918238	3.176903	1.268909	-1.604146
22	14	7.933721	3.176836	1.268805	-1.604119
22	14	7.954778	3.177143	1.268911	-1.604239
22	14	7.96135	3.177123	1.268946	-1.604161
22	13	7.967636	3.177123	1.268946	-1.604161
22	13	7.984323	3.177222	1.269207	-1.604357
22	13	7.991029	3.177222	1.269207	-1.604357
22	13	7.997774	3.177245	1.269407	-1.604205
22	13	8.007211	3.177175	1.269444	-1.604127
22	13	8.022375	3.177266	1.269334	-1.603994
22	13	8.029459	3.177319	1.268986	-1.604378
22	13	8.040571	3.177011	1.268811	-1.604203
22	13	8.055634	3.177007	1.26877	-1.604203
22	13	8.062747	3.176922	1.268986	-1.603847
22	13	8.074367	3.177051	1.269079	-1.603827
22	12	8.093346	3.17689	1.269313	-1.604037
22	12	8.102774	3.176616	1.269032	-1.604058
22	12	8.109408	3.176671	1.268893	-1.604005
22	12	8.125385	3.176665	1.268879	-1.604037
22	12	8.131023	3.176929	1.269247	-1.603836
22	12	8.140949	3.176955	1.269241	-1.603828
22	12	8.152824	3.176969	1.269269	-1.603797
22	12	8.169125	3.176794	1.269187	-1.603723
22	12	8.175645	3.176709	1.269254	-1.603825
22	12	8.185737	3.176687	1.269268	-1.60379
22	12	8.196956	3.176891	1.269031	-1.604264
22	11	8.212929	3.176921	1.268955	-1.6043
22	11	8.220457	3.176934	1.268912	-1.604316
22	11	8.231112	3.177091	1.269213	-1.604126
22	11	8.258135	3.177138	1.269052	-1.603914
22	11	8.267883	3.176858	1.268917	-1.603787
22	11	8.28408	3.176768	1.26893	-1.60387
22	11	8.290953	3.176803	1.268929	-1.603939
22	11	8.297551	3.17702	1.268851	-1.6042
22	11	8.303124	3.17702	1.268851	-1.6042
22	11	8.318692	3.177066	1.268777	-1.6042
22	11	8.32704	3.177066	1.268777	-1.6042
21	11	8.334759	3.177165	1.268881	-1.604123
21	11	8.342179	3.177117	1.268947	-1.604264
21	11	8.358848	3.177183	1.268989	-1.604362
21	11	8.364991	3.177207	1.269028	-1.604312
21	11	8.375588	3.17714	1.269049	-1.604319
21	11	8.392819	3.177151	1.26904	-1.60432
21	11	8.403651	3.177129	1.269113	-1.60421
21	11	8.414408	3.177062	1.269201	-1.60432
21	11	8.431868	3.176927	1.269335	-1.604021
21	11	8.438893	3.176927	1.269335	-1.604021
21	11	8.445196	3.177007	1.269246	-1.604011
20	11	8.453508	3.177097	1.2693	-1.604097
20	11	8.470463	3.177097	1.269203	-1.604238
20	11	8.476826	3.177174	1.269143	-1.604245
20	11	8.487357	3.177121	1.269112	-1.604131
20	11	8.504045	3.177016	1.268991	-1.604121
20	11	8.510244	3.177074	1.268956	-1.604136
20	11	8.520753	3.177022	1.268908	-1.604038
20	11	8.536611	3.176745	1.268974	-1.603706
20	11	8.543746	3.17665	1.269055	-1.603811
20	11	8.558924	3.176614	1.269055	-1.603792
19	11	8.579161	3.176979	1.269011	-1.603997
19	11	8.585179	3.176979	1.269011	-1.603997
19	11	8.59203	3.177108	1.269056	-1.604152
19	11	8.6075	3.176856	1.269136	-1.603868
19	11	8.614231	3.176849	1.26915	-1.603912
19	11	8.622006	3.176974	1.26921	-1.604068
19	11	8.632811	3.1768	1.269039	-1.604122
19	11	8.648579	3.176875	1.268953	-1.604143
19	11	8.655475	3.176894	1.268966	-1.604172
19	11	8.666211	3.176862	1.268879	-1.604227
19	11	8.681892	3.176958	1.268749	-1.604198
19	11	8.68879	3.17705	1.268733	-1.604306
18	11	8.699907	3.177027	1.268742	-1.604272
18	11	8.719661	3.177014	1.268763	-1.60438
18	11	8.730156	3.176938	1.26873	-1.604274
18	11	8.739893	3.177049	1.269036	-1.60404
18	11	8.755873	3.177168	1.268957	-1.604035
18	11	8.762677	3.177168	1.268957	-1.604035
18	11	8.77026	3.177218	1.26885	-1.604166
18	11	8.777787	3.177135	1.26904	-1.604356
18	11	8.794213	3.177121	1.269047	-1.604359
18	11	8.80051	3.177043	1.269034	-1.604344
18	11	8.811419	3.177009	1.269105	-1.604502
17	11	8.832051	3.177008	1.269064	-1.604551
17	11	8.839067	3.177008	1.269064	-1.604551
17	11	8.845	3.177063	1.269018	-1.604606
17	11	8.86116	3.177101	1.269005	-1.604672
17	11	8.872497	3.17702	1.269158	-1.604468
17	11	8.882261	3.177199	1.269007	-1.604403
17	11	8.897919	3.177118	1.268969	-1.604257
17	11	8.904626	3.176999	1.268932	-1.604172
17	11	8.911792	3.17711	1.268806	-1.604118
17	11	8.923323	3.177244	1.268822	-1.604252
17	11	8.939729	3.17702	1.268722	-1.604129
16	11	8.945435	3.176975	1.26881	-1.60427
16	11	8.956524	3.176943	1.26896	-1.604064
