x	y	time	x-coordinate	y-coordinate	z-coordinate
15	11	0.09223101	0.345	-0.1	0.038
15	11	0.1061104	0.345	-0.1	0.038
15	11	0.1130681	0.345	-0.1	0.038
15	11	0.1269832	0.345	-0.1	0.038
15	11	0.1389078	0.345	-0.1	0.038
15	11	0.144688	0.345	-0.1	0.038
15	11	0.1586172	0.345	-0.1	0.038
15	11	0.1687024	0.345	-0.1	0.038
15	11	0.1758001	0.345	-0.1	0.038
15	11	0.1889132	0.345	-0.1	0.038
15	11	0.1935244	0.345	-0.1	0.038
15	11	0.2051502	0.345	-0.1	0.038
15	11	0.2121864	0.345	-0.1	0.038
15	11	0.2254857	0.345	-0.1	0.038
15	11	0.2345579	0.345	-0.1	0.038
15	11	0.2414507	0.345	-0.1	0.038
15	11	0.2542536	0.345	-0.1	0.038
15	11	0.2599089	0.345	-0.1	0.038
15	11	0.2726832	0.345	-0.1	0.038
15	11	0.2784915	0.345	-0.1	0.038
15	11	0.2922151	0.345	-0.1	0.038
15	11	0.3006156	0.345	-0.1	0.038
15	11	0.3066758	0.345	-0.1	0.038
15	11	0.316585	0.345	-0.1	0.038
15	11	0.3249954	0.345	-0.1	0.038
15	11	0.3389758	0.345	-0.1	0.038
15	11	0.3457199	0.345	-0.1	0.038
15	11	0.3586623	0.345	-0.1	0.038
15	11	0.3659889	0.345	-0.1	0.038
15	11	0.3732296	0.345	-0.1	0.038
15	11	0.3842476	0.345	-0.1	0.038
15	11	0.3941516	0.345	-0.1	0.038
15	11	0.4066221	0.345	-0.1	0.038
15	11	0.4128179	0.345	-0.1	0.038
15	11	0.4248458	0.345	-0.1	0.038
15	11	0.4342551	0.345	-0.1	0.038
15	11	0.4410491	0.345	-0.1	0.038
15	11	0.4549872	0.345	-0.1	0.038
15	11	0.4628264	0.345	-0.1	0.038
15	11	0.4742802	0.345	-0.1	0.038
15	11	0.4781464	0.345	-0.1	0.038
15	11	0.4870152	0.345	-0.1	0.038
15	11	0.4952956	0.345	-0.1	0.038
15	11	0.5056857	0.345	-0.1	0.038
15	11	0.5124049	0.345	-0.1	0.038
15	11	0.5237396	0.345	-0.1	0.038
15	11	0.5317908	0.345	-0.1	0.038
15	11	0.5419753	0.345	-0.1	0.038
15	11	0.5540647	0.345	-0.1	0.038
15	11	0.5606041	0.345	-0.1	0.038
15	11	0.5707339	0.345	-0.1	0.038
15	11	0.5758792	0.345	-0.1	0.038
15	11	0.5870419	0.345	-0.1	0.038
15	11	0.5922932	0.345	-0.1	0.038
15	11	0.6074242	0.345	-0.1	0.038
15	11	0.6201409	0.345	-0.1	0.038
15	11	0.6279097	0.345	-0.1	0.038
15	11	0.6401821	0.345	-0.1	0.038
15	11	0.6442704	0.345	-0.1	0.038
15	11	0.6563793	0.345	-0.1	0.038
15	11	0.6736341	0.345	-0.1	0.038
15	11	0.6874322	0.345	-0.1	0.038
15	11	0.6919076	0.345	-0.1	0.038
15	11	0.7023985	0.345	-0.1	0.038
15	11	0.7130255	0.345	-0.1	0.038
15	11	0.7244311	0.345	-0.1	0.038
15	11	0.7307928	0.345	-0.1	0.038
15	11	0.7380387	0.345	-0.1	0.038
15	11	0.7443959	0.345	-0.1	0.038
15	11	0.7591166	0.345	-0.1	0.038
15	11	0.7729029	0.345	-0.1	0.038
15	11	0.7778582	0.345	-0.1	0.038
15	11	0.7887771	0.345	-0.1	0.038
15	11	0.7976489	0.345	-0.1	0.038
15	11	0.8045732	0.345	-0.1	0.038
15	11	0.8246411	0.345	-0.1	0.038
15	11	0.8361157	0.345	-0.1	0.038
15	11	0.8415694	0.345	-0.1	0.038
15	11	0.8543828	0.345	-0.1	0.038
15	11	0.8633025	0.345	-0.1	0.038
15	11	0.8755481	0.345	-0.1	0.038
15	11	0.8840029	0.345	-0.1	0.038
15	11	0.8911963	0.345	-0.1	0.038
15	11	0.9016481	0.345	-0.1	0.038
15	11	0.9089691	0.345	-0.1	0.038
15	11	0.9227762	0.345	-0.1	0.038
15	11	0.928519	0.345	-0.1	0.038
15	11	0.9406366	0.345	-0.1	0.038
15	11	0.9475173	0.345	-0.1	0.038
15	11	0.9574062	0.345	-0.1	0.038
15	11	0.9685526	0.345	-0.1	0.038
15	11	0.9766654	0.345	-0.1	0.038
15	11	0.9881791	0.345	-0.1	0.038
15	11	0.9940132	0.345	-0.1	0.038
15	11	1.004414	0.345	-0.1	0.038
15	11	1.011665	0.345	-0.1	0.038
15	11	1.026378	0.345	-0.1	0.038
15	11	1.036841	0.345	-0.1	0.038
15	11	1.042357	0.345	-0.1	0.038
15	11	1.054858	0.345	-0.1	0.038
15	11	1.05931	0.345	-0.1	0.038
15	11	1.074275	0.345	-0.1	0.038
15	11	1.082739	0.345	-0.1	0.038
15	11	1.090851	0.345	-0.1	0.038
15	11	1.103968	0.345	-0.1	0.038
15	11	1.108836	0.345	-0.1	0.038
15	11	1.121359	0.345	-0.1	0.038
15	11	1.126588	0.345	-0.1	0.038
15	11	1.140733	0.345	-0.1	0.038
15	11	1.147941	0.345	-0.1	0.038
15	11	1.155097	0.345	-0.1	0.038
15	11	1.161462	0.345	-0.1	0.038
15	11	1.173953	0.345	-0.1	0.038
15	11	1.188334	0.345	-0.1	0.038
15	11	1.195568	0.345	-0.1	0.038
15	11	1.207938	0.345	-0.1	0.038
15	11	1.215722	0.345	-0.1	0.038
15	11	1.222047	0.345	-0.1	0.038
15	11	1.233317	0.345	-0.1	0.038
15	11	1.241712	0.345	-0.1	0.038
15	11	1.257781	0.345	-0.1	0.038
15	11	1.265858	0.345	-0.1	0.038
15	11	1.273812	0.345	-0.1	0.038
15	11	1.286915	0.345	-0.1	0.038
15	11	1.300673	0.345	-0.1	0.038
15	11	1.310691	0.345	-0.1	0.038
15	11	1.321987	0.345	-0.1	0.038
15	11	1.327273	0.345	-0.1	0.038
15	11	1.340808	0.345	-0.1	0.038
15	11	1.345626	0.345	-0.1	0.038
15	11	1.354043	0.345	-0.1	0.038
15	11	1.365209	0.345	-0.1	0.038
15	11	1.374094	0.345	-0.1	0.038
15	11	1.383558	0.345	-0.1	0.038
15	11	1.390804	0.345	-0.1	0.038
15	11	1.398724	0.345	-0.1	0.038
15	11	1.410779	0.345	-0.1	0.038
15	11	1.425142	0.345	-0.1	0.038
15	11	1.436187	0.345	-0.1	0.038
15	11	1.441358	0.345	-0.1	0.038
15	11	1.454691	0.345	-0.1	0.038
15	11	1.458784	0.345	-0.1	0.038
15	11	1.469882	0.345	-0.1	0.038
15	11	1.482285	0.345	-0.1	0.038
15	11	1.49488	0.345	-0.1	0.038
15	11	1.506627	0.345	-0.1	0.038
15	11	1.512116	0.345	-0.1	0.038
15	11	1.526033	0.345	-0.1	0.038
15	11	1.537438	0.345	-0.1	0.038
15	11	1.543103	0.345	-0.1	0.038
15	11	1.556437	0.345	-0.1	0.038
15	11	1.561791	0.345	-0.1	0.038
15	11	1.575129	0.345	-0.1	0.038
15	11	1.583657	0.345	-0.1	0.038
15	11	1.592916	0.345	-0.1	0.038
15	11	1.604896	0.345	-0.1	0.038
15	11	1.609365	0.345	-0.1	0.038
15	11	1.620467	0.345	-0.1	0.038
15	11	1.626265	0.345	-0.1	0.038
15	11	1.639859	0.345	-0.1	0.038
15	11	1.648564	0.345	-0.1	0.038
15	11	1.656259	0.345	-0.1	0.038
15	11	1.666576	0.345	-0.1	0.038
15	11	1.672928	0.345	-0.1	0.038
15	11	1.681037	0.345	-0.1	0.038
15	11	1.689485	0.345	-0.1	0.038
15	11	1.699868	0.345	-0.1	0.038
15	11	1.709174	0.345	-0.1	0.038
15	11	1.720166	0.345	-0.1	0.038
15	11	1.726673	0.345	-0.1	0.038
15	11	1.737954	0.345	-0.1	0.038
15	11	1.744003	0.345	-0.1	0.038
15	11	1.754996	0.345	-0.1	0.038
15	11	1.76245	0.345	-0.1	0.038
15	11	1.77425	0.345	-0.1	0.038
15	11	1.786157	0.345	-0.1	0.038
15	11	1.79301	0.345	-0.1	0.038
15	11	1.804062	0.345	-0.1	0.038
15	11	1.810766	0.345	-0.1	0.038
15	11	1.826472	0.345	-0.1	0.038
15	11	1.837155	0.345	-0.1	0.038
15	11	1.841388	0.345	-0.1	0.038
15	11	1.853008	0.345	-0.1	0.038
15	11	1.861247	0.345	-0.1	0.038
15	11	1.873779	0.345	-0.1	0.038
15	11	1.879634	0.345	-0.1	0.038
15	11	1.888093	0.345	-0.1	0.038
15	11	1.898582	0.345	-0.1	0.038
15	11	1.906781	0.345	-0.1	0.038
15	11	1.926082	0.345	-0.1	0.038
15	11	1.937124	0.345	-0.1	0.038
15	11	1.942298	0.345	-0.1	0.038
15	11	1.955945	0.345	-0.1	0.038
15	11	1.961153	0.345	-0.1	0.038
15	11	1.977572	0.345	-0.1	0.038
15	11	1.988497	0.345	-0.1	0.038
15	11	1.993856	0.345	-0.1	0.038
15	11	2.0074	0.345	-0.1	0.038
15	11	2.015026	0.345	-0.1	0.038
15	11	2.021978	0.345	-0.1	0.038
15	11	2.038879	0.345	-0.1	0.038
15	11	2.04975	0.345	-0.1	0.038
15	11	2.055265	0.345	-0.1	0.038
15	11	2.064556	0.345	-0.1	0.038
15	11	2.074569	0.345	-0.1	0.038
15	11	2.08833	0.345	-0.1	0.038
15	11	2.094036	0.345	-0.1	0.038
15	11	2.107814	0.345	-0.1	0.038
15	11	2.115927	0.345	-0.1	0.038
15	11	2.122681	0.345	-0.1	0.038
15	11	2.133972	0.345	-0.1	0.038
15	11	2.143488	0.345	-0.1	0.038
15	11	2.157447	0.345	-0.1	0.038
15	11	2.165027	0.345	-0.1	0.038
15	11	2.173064	0.345	-0.1	0.038
15	11	2.188769	0.345	-0.1	0.038
15	11	2.19381	0.345	-0.1	0.038
15	11	2.205975	0.345	-0.1	0.038
15	11	2.212487	0.345	-0.1	0.038
15	11	2.224601	0.345	-0.1	0.038
15	11	2.232036	0.345	-0.1	0.038
15	11	2.239281	0.345	-0.1	0.038
15	11	2.254954	0.345	-0.1	0.038
15	11	2.263287	0.345	-0.1	0.038
15	11	2.274737	0.345	-0.1	0.038
15	11	2.283395	0.345	-0.1	0.038
15	11	2.293327	0.345	-0.1	0.038
15	11	2.306082	0.345	-0.1	0.038
15	11	2.311052	0.345	-0.1	0.038
15	11	2.324488	0.345	-0.1	0.038
15	11	2.332259	0.345	-0.1	0.038
15	11	2.338255	0.345	-0.1	0.038
15	11	2.346203	0.345	-0.1	0.038
15	11	2.357232	0.345	-0.1	0.038
15	11	2.368518	0.345	-0.1	0.038
15	11	2.375269	0.345	-0.1	0.038
15	11	2.385704	0.345	-0.1	0.038
15	11	2.393563	0.345	-0.1	0.038
15	11	2.4054	0.345	-0.1	0.038
15	11	2.419456	0.345	-0.1	0.038
15	11	2.428101	0.345	-0.1	0.038
15	11	2.438405	0.345	-0.1	0.038
15	11	2.442716	0.345	-0.1	0.038
15	11	2.454811	0.345	-0.1	0.038
15	11	2.46545	0.345	-0.1	0.038
15	11	2.472537	0.345	-0.1	0.038
15	11	2.482581	0.345	-0.1	0.038
15	11	2.489846	0.345	-0.1	0.038
15	11	2.503149	0.345	-0.1	0.038
15	11	2.510025	0.345	-0.1	0.038
15	11	2.524693	0.345	-0.1	0.038
15	11	2.533896	0.345	-0.1	0.038
15	11	2.539659	0.345	-0.1	0.038
15	11	2.549736	0.345	-0.1	0.038
15	11	2.556657	0.345	-0.1	0.038
15	11	2.571212	0.345	-0.1	0.038
15	11	2.576485	0.345	-0.1	0.038
15	11	2.588957	0.345	-0.1	0.038
15	11	2.594173	0.345	-0.1	0.038
15	11	2.609185	0.345	-0.1	0.038
15	11	2.618771	0.345	-0.1	0.038
15	11	2.624542	0.345	-0.1	0.038
15	11	2.638332	0.345	-0.1	0.038
15	11	2.643271	0.345	-0.1	0.038
15	11	2.655481	0.345	-0.1	0.038
15	11	2.662773	0.345	-0.1	0.038
15	11	2.675039	0.345	-0.1	0.038
15	11	2.687036	0.345	-0.1	0.038
15	11	2.691971	0.345	-0.1	0.038
15	11	2.704955	0.345	-0.1	0.038
15	11	2.709748	0.345	-0.1	0.038
15	11	2.724907	0.345	-0.1	0.038
15	11	2.732823	0.345	-0.1	0.038
15	11	2.739767	0.345	-0.1	0.038
15	11	2.750383	0.345	-0.1	0.038
15	11	2.756951	0.345	-0.1	0.038
15	11	2.766328	0.345	-0.1	0.038
15	11	2.774287	0.345	-0.1	0.038
15	11	2.781895	0.345	-0.1	0.038
15	11	2.791749	0.345	-0.1	0.038
15	11	2.804984	0.345	-0.1	0.038
15	11	2.811369	0.345	-0.1	0.038
15	11	2.821499	0.345	-0.1	0.038
15	11	2.828697	0.345	-0.1	0.038
15	11	2.837083	0.345	-0.1	0.038
15	11	2.845725	0.345	-0.1	0.038
15	11	2.857726	0.345	-0.1	0.038
15	11	2.8696	0.345	-0.1	0.038
15	11	2.878412	0.345	-0.1	0.038
15	11	2.891387	0.345	-0.1	0.038
15	11	2.899174	0.345	-0.1	0.038
15	11	2.908925	0.345	-0.1	0.038
15	11	2.921741	0.345	-0.1	0.038
15	11	2.926507	0.345	-0.1	0.038
15	11	2.938214	0.345	-0.1	0.038
15	11	2.944947	0.345	-0.1	0.038
15	11	2.960301	0.345	-0.1	0.038
15	11	2.972484	0.345	-0.1	0.038
15	11	2.978579	0.345	-0.1	0.038
15	11	2.991583	0.345	-0.1	0.038
15	11	2.998989	0.345	-0.1	0.038
15	11	3.006331	0.345	-0.1	0.038
15	11	3.021554	0.345	-0.1	0.038
15	11	3.036046	0.345	-0.1	0.038
15	11	3.040447	0.345	-0.1	0.038
15	11	3.057325	0.345	-0.1	0.038
15	11	3.062564	0.345	-0.1	0.038
15	11	3.073769	0.345	-0.1	0.038
15	11	3.084499	0.345	-0.1	0.038
15	11	3.091005	0.345	-0.1	0.038
15	11	3.101148	0.345	-0.1	0.038
15	11	3.107836	0.345	-0.1	0.038
15	11	3.118445	0.345	-0.1	0.038
15	11	3.126514	0.345	-0.1	0.038
15	11	3.139163	0.345	-0.1	0.038
15	11	3.144596	0.345	-0.1	0.038
15	11	3.157995	0.345	-0.1	0.038
15	11	3.164818	0.345	-0.1	0.038
15	11	3.174743	0.345	-0.1	0.038
15	11	3.188705	0.345	-0.1	0.038
15	11	3.197142	0.345	-0.1	0.038
15	11	3.209375	0.345	-0.1	0.038
15	11	3.217072	0.345	-0.1	0.038
15	11	3.223186	0.345	-0.1	0.038
15	11	3.23607	0.345	-0.1	0.038
15	11	3.242252	0.345	-0.1	0.038
15	11	3.255332	0.345	-0.1	0.038
15	11	3.260744	0.345	-0.1	0.038
15	11	3.27338	0.345	-0.1	0.038
15	11	3.281157	0.345	-0.1	0.038
15	11	3.29651	0.345	-0.1	0.038
16	11	3.308412	0.345	-0.1	0.038
16	11	3.317037	0.345	-0.1	0.038
16	11	3.32351	0.345	-0.1	0.038
16	11	3.337253	0.345	-0.1	0.038
16	11	3.344881	0.345	-0.1	0.038
16	11	3.359474	0.345	-0.1	0.038
16	11	3.368181	0.345	-0.1	0.038
16	11	3.37392	0.345	-0.1	0.038
16	11	3.383703	0.345	-0.1	0.038
16	11	3.392826	0.345	-0.1	0.038
16	11	3.406478	0.345	-0.1	0.038
16	11	3.412387	0.345	-0.1	0.038
16	11	3.426015	0.345	-0.1	0.038
16	11	3.436498	0.345	-0.1	0.038
16	11	3.442032	0.345	-0.1	0.038
16	11	3.458168	0.345	-0.1	0.038
16	11	3.465982	0.345	-0.1	0.038
16	11	3.473606	0.345	-0.1	0.038
16	11	3.485297	0.345	-0.1	0.038
16	11	3.491941	0.345	-0.1	0.038
16	11	3.505727	0.345	-0.1	0.038
16	11	3.512906	0.345	-0.1	0.038
17	11	3.525115	0.345	-0.1	0.038
17	11	3.532815	0.345	-0.1	0.038
17	11	3.540129	0.345	-0.1	0.038
17	11	3.552154	0.345	-0.1	0.038
17	11	3.558001	0.345	-0.1	0.038
17	11	3.572318	0.345	-0.1	0.038
17	11	3.577928	0.345	-0.1	0.038
17	11	3.590724	0.345	-0.1	0.038
17	11	3.598184	0.345	-0.1	0.038
17	11	3.605181	0.345	-0.1	0.038
17	11	3.6177	0.345	-0.1	0.038
17	11	3.625109	0.345	-0.1	0.038
17	11	3.639957	0.345	-0.1	0.038
17	11	3.646211	0.345	-0.1	0.038
17	11	3.654582	0.345	-0.1	0.038
17	11	3.660618	0.345	-0.1	0.038
17	11	3.670131	0.345	-0.1	0.038
17	11	3.674926	0.345	-0.1	0.038
17	11	3.690386	0.345	-0.1	0.038
17	11	3.69813	0.345	-0.1	0.038
17	11	3.70831	0.345	-0.1	0.038
17	11	3.7179	0.345	-0.1	0.038
17	11	3.725246	0.345	-0.1	0.038
17	11	3.737716	0.345	-0.1	0.038
18	11	3.744969	0.345	-0.1	0.038
18	11	3.755649	0.345	-0.1	0.038
18	11	3.763494	0.345	-0.1	0.038
18	11	3.773468	0.345	-0.1	0.038
18	11	3.782115	0.345	-0.1	0.038
18	11	3.791401	0.345	-0.1	0.038
18	11	3.806375	0.345	-0.1	0.038
18	11	3.811969	0.345	-0.1	0.038
18	11	3.824293	0.345	-0.1	0.038
18	11	3.82946	0.345	-0.1	0.038
18	11	3.837986	0.345	-0.1	0.038
18	11	3.845361	0.345	-0.1	0.038
18	11	3.858217	0.345	-0.1	0.038
18	11	3.872983	0.345	-0.1	0.038
18	11	3.878712	0.345	-0.1	0.038
18	11	3.891825	0.345	-0.1	0.038
18	11	3.901363	0.345	-0.1	0.038
18	11	3.908371	0.345	-0.1	0.038
18	11	3.92327	0.345	-0.1	0.038
18	11	3.927854	0.345	-0.1	0.038
18	11	3.940135	0.345	-0.1	0.038
18	11	3.947189	0.345	-0.1	0.038
18	11	3.957192	0.345	-0.1	0.038
19	11	3.971568	0.345	-0.1	0.038
19	11	3.978471	0.345	-0.1	0.038
19	11	3.990566	0.345	-0.1	0.038
19	11	3.996296	0.345	-0.1	0.038
19	11	4.004801	0.345	-0.1	0.038
19	11	4.018128	0.345	-0.1	0.038
19	11	4.024683	0.345	-0.1	0.038
19	11	4.036381	0.345	-0.1	0.038
19	11	4.042083	0.345	-0.1	0.038
19	11	4.056635	0.345	-0.1	0.038
19	11	4.063811	0.345	-0.1	0.038
19	11	4.072818	0.345	-0.1	0.038
19	11	4.083765	0.345	-0.1	0.038
19	11	4.091634	0.345	-0.1	0.038
19	11	4.103096	0.345	-0.1	0.038
19	11	4.120458	0.345	-0.1	0.038
19	11	4.125416	0.345	-0.1	0.038
19	11	4.137697	0.345	-0.1	0.038
19	11	4.143155	0.345	-0.1	0.038
19	11	4.15639	0.345	-0.1	0.038
19	11	4.162652	0.345	-0.1	0.038
19	11	4.178152	0.345	-0.1	0.038
20	11	4.188711	0.345	-0.1	0.038
20	11	4.19368	0.345	-0.1	0.038
20	11	4.206255	0.345	-0.1	0.038
20	11	4.212303	0.345	-0.1	0.038
20	11	4.226068	0.345	-0.1	0.038
20	11	4.238077	0.345	-0.1	0.038
20	11	4.243196	0.345	-0.1	0.038
20	11	4.255826	0.345	-0.1	0.038
20	11	4.260471	0.345	-0.1	0.038
20	11	4.271775	0.345	-0.1	0.038
20	11	4.284174	0.345	-0.1	0.038
20	11	4.291836	0.345	-0.1	0.038
20	11	4.302587	0.345	-0.1	0.038
20	11	4.308932	0.345	-0.1	0.038
20	11	4.317674	0.345	-0.1	0.038
20	11	4.321748	0.345	-0.1	0.038
20	11	4.332653	0.345	-0.1	0.038
20	11	4.340543	0.345	-0.1	0.038
20	11	4.351908	0.345	-0.1	0.038
20	11	4.358004	0.345	-0.1	0.038
20	11	4.368453	0.345	-0.1	0.038
20	11	4.374695	0.345	-0.1	0.038
20	11	4.386611	0.345	-0.1	0.038
20	11	4.397251	0.345	-0.1	0.038
21	11	4.405571	0.345	-0.1	0.038
21	11	4.417136	0.345	-0.1	0.038
21	11	4.424201	0.345	-0.1	0.038
21	11	4.437494	0.345	-0.1	0.038
21	11	4.442891	0.345	-0.1	0.038
21	11	4.45792	0.345	-0.1	0.038
21	11	4.464868	0.345	-0.1	0.038
21	11	4.476076	0.345	-0.1	0.038
21	11	4.484537	0.345	-0.1	0.038
21	11	4.49376	0.345	-0.1	0.038
21	11	4.505972	0.345	-0.1	0.038
21	11	4.519043	0.345	-0.1	0.038
21	11	4.526875	0.345	-0.1	0.038
21	11	4.540512	0.345	-0.1	0.038
21	11	4.546196	0.345	-0.1	0.038
21	11	4.554458	0.345	-0.1	0.038
21	11	4.570392	0.345	-0.1	0.038
21	11	4.575639	0.345	-0.1	0.038
21	11	4.588054	0.345	-0.1	0.038
21	11	4.593343	0.345	-0.1	0.038
21	11	4.608343	0.345	-0.1	0.038
21	11	4.619759	0.345	-0.1	0.038
22	11	4.624831	0.345	-0.1	0.038
22	11	4.638429	0.345	-0.1	0.038
22	11	4.643148	0.345	-0.1	0.038
22	11	4.656376	0.345	-0.1	0.038
22	11	4.66153	0.345	-0.1	0.038
22	11	4.675614	0.345	-0.1	0.038
22	11	4.684672	0.345	-0.1	0.038
22	11	4.69067	0.345	-0.1	0.038
22	11	4.702293	0.345	-0.1	0.038
22	11	4.709351	0.345	-0.1	0.038
22	11	4.723855	0.345	-0.1	0.038
22	11	4.732316	0.345	-0.1	0.038
22	11	4.739248	0.345	-0.1	0.038
22	11	4.750114	0.345	-0.1	0.038
22	11	4.756709	0.345	-0.1	0.038
22	11	4.766604	0.345	-0.1	0.038
22	11	4.775698	0.345	-0.1	0.038
22	11	4.790068	0.345	-0.1	0.038
22	11	4.795174	0.345	-0.1	0.038
22	11	4.803397	0.345	-0.1	0.038
22	11	4.817244	0.345	-0.1	0.038
22	11	4.829067	0.345	-0.1	0.038
22	12	4.841676	0.345	-0.1	0.038
22	12	4.85077	0.345	-0.1	0.038
22	12	4.856442	0.345	-0.1	0.038
22	12	4.867115	0.345	-0.1	0.038
22	12	4.874531	0.345	-0.1	0.038
22	12	4.889851	0.345	-0.1	0.038
22	12	4.894631	0.345	-0.1	0.038
22	12	4.905828	0.345	-0.1	0.038
22	12	4.911296	0.345	-0.1	0.038
22	12	4.923012	0.345	-0.1	0.038
22	12	4.933906	0.345	-0.1	0.038
22	12	4.941089	0.345	-0.1	0.038
22	12	4.95633	0.345	-0.1	0.038
22	12	4.968969	0.345	-0.1	0.038
22	12	4.974594	0.345	-0.1	0.038
22	12	4.987636	0.345	-0.1	0.038
22	12	4.993803	0.345	-0.1	0.038
22	12	5.007127	0.345	-0.1	0.038
22	12	5.014572	0.345	-0.1	0.038
22	12	5.023322	0.345	-0.1	0.038
22	12	5.038013	0.345	-0.1	0.038
22	12	5.043466	0.345	-0.1	0.038
22	12	5.057341	0.345	-0.1	0.038
22	13	5.062809	0.345	-0.1	0.038
22	13	5.071005	0.345	-0.1	0.038
22	13	5.080975	0.345	-0.1	0.038
22	13	5.090607	0.345	-0.1	0.038
22	13	5.101271	0.345	-0.1	0.038
22	13	5.108158	0.345	-0.1	0.038
22	13	5.119916	0.345	-0.1	0.038
22	13	5.127228	0.345	-0.1	0.038
22	13	5.141178	0.345	-0.1	0.038
22	13	5.149127	0.345	-0.1	0.038
22	13	5.156837	0.345	-0.1	0.038
22	13	5.169948	0.345	-0.1	0.038
22	13	5.175814	0.345	-0.1	0.038
22	13	5.188421	0.345	-0.1	0.038
22	13	5.194474	0.345	-0.1	0.038
22	13	5.220851	0.345	-0.1	0.038
22	13	5.226817	0.345	-0.1	0.038
22	13	5.234483	0.345	-0.1	0.038
22	13	5.24349	0.345	-0.1	0.038
22	13	5.258108	0.345	-0.1	0.038
22	13	5.267602	0.345	-0.1	0.038
22	13	5.276646	0.345	-0.1	0.038
22	14	5.289232	0.345	-0.1	0.038
22	14	5.294102	0.345	-0.1	0.038
22	14	5.307632	0.345	-0.1	0.038
22	14	5.31737	0.345	-0.1	0.038
22	14	5.323626	0.345	-0.1	0.038
22	14	5.336129	0.345	-0.1	0.038
22	14	5.341519	0.345	-0.1	0.038
22	14	5.355217	0.345	-0.1	0.038
22	14	5.365886	0.345	-0.1	0.038
22	14	5.37535	0.345	-0.1	0.038
22	14	5.385858	0.345	-0.1	0.038
22	14	5.391416	0.345	-0.1	0.038
22	14	5.401805	0.345	-0.1	0.038
22	14	5.40783	0.345	-0.1	0.038
22	14	5.422186	0.345	-0.1	0.038
22	14	5.428116	0.345	-0.1	0.038
22	14	5.440536	0.345	-0.1	0.038
22	14	5.445761	0.345	-0.1	0.038
22	14	5.455693	0.345	-0.1	0.038
22	14	5.467176	0.345	-0.1	0.038
22	14	5.475222	0.345	-0.1	0.038
22	14	5.487899	0.345	-0.1	0.038
22	14	5.494856	0.345	-0.1	0.038
22	15	5.50681	0.345	-0.1	0.038
22	15	5.513552	0.345	-0.1	0.038
22	15	5.523075	0.345	-0.1	0.038
22	15	5.536761	0.345	-0.1	0.038
22	15	5.541722	0.345	-0.1	0.038
22	15	5.553951	0.345	-0.1	0.038
22	15	5.565742	0.345	-0.1	0.038
22	15	5.577407	0.345	-0.1	0.038
22	15	5.588373	0.345	-0.1	0.038
22	15	5.593331	0.345	-0.1	0.038
22	15	5.607099	0.345	-0.1	0.038
22	15	5.613331	0.345	-0.1	0.038
22	15	5.624107	0.345	-0.1	0.038
22	15	5.638211	0.345	-0.1	0.038
22	15	5.643269	0.345	-0.1	0.038
22	15	5.657613	0.345	-0.1	0.038
22	15	5.666416	0.345	-0.1	0.038
22	15	5.67419	0.345	-0.1	0.038
22	15	5.689175	0.345	-0.1	0.038
22	15	5.694547	0.345	-0.1	0.038
22	15	5.707735	0.345	-0.1	0.038
22	15	5.715845	0.345	-0.1	0.038
22	16	5.722348	0.345	-0.1	0.038
22	16	5.737564	0.345	-0.1	0.038
22	16	5.746838	0.345	-0.1	0.038
22	16	5.756893	0.345	-0.1	0.038
22	16	5.761413	0.345	-0.1	0.038
22	16	5.777271	0.345	-0.1	0.038
22	16	5.788063	0.345	-0.1	0.038
22	16	5.793382	0.345	-0.1	0.038
22	16	5.806027	0.345	-0.1	0.038
22	16	5.812219	0.345	-0.1	0.038
22	16	5.824809	0.345	-0.1	0.038
22	16	5.837162	0.345	-0.1	0.038
22	16	5.841489	0.345	-0.1	0.038
22	16	5.852903	0.345	-0.1	0.038
22	16	5.858821	0.345	-0.1	0.038
22	16	5.871993	0.345	-0.1	0.038
22	16	5.883723	0.345	-0.1	0.038
22	16	5.891209	0.345	-0.1	0.038
22	16	5.905663	0.345	-0.1	0.038
22	16	5.911194	0.345	-0.1	0.038
22	16	5.922442	0.345	-0.1	0.038
22	16	5.929319	0.345	-0.1	0.038
22	17	5.943193	0.345	-0.1	0.038
22	17	5.953918	0.345	-0.1	0.038
22	17	5.958952	0.345	-0.1	0.038
22	17	5.972444	0.345	-0.1	0.038
22	17	5.979452	0.345	-0.1	0.038
22	17	5.991718	0.345	-0.1	0.038
22	17	6.000231	0.345	-0.1	0.038
22	17	6.007187	0.345	-0.1	0.038
22	17	6.019254	0.345	-0.1	0.038
22	17	6.024852	0.345	-0.1	0.038
22	17	6.037444	0.345	-0.1	0.038
22	17	6.04145	0.345	-0.1	0.038
22	17	6.056872	0.345	-0.1	0.038
22	17	6.062835	0.345	-0.1	0.038
22	17	6.07662	0.345	-0.1	0.038
22	17	6.087565	0.345	-0.1	0.038
22	17	6.092192	0.345	-0.1	0.038
22	17	6.105404	0.345	-0.1	0.038
22	17	6.1111	0.345	-0.1	0.038
22	17	6.127316	0.345	-0.1	0.038
22	17	6.139668	0.345	-0.1	0.038
22	17	6.146399	0.345	-0.1	0.038
22	17	6.159894	0.345	-0.1	0.038
22	18	6.169553	0.345	-0.1	0.038
22	18	6.174863	0.345	-0.1	0.038
22	18	6.190297	0.345	-0.1	0.038
22	18	6.19836	0.345	-0.1	0.038
22	18	6.205841	0.345	-0.1	0.038
22	18	6.218391	0.345	-0.1	0.038
22	18	6.226299	0.345	-0.1	0.038
22	18	6.241452	0.345	-0.1	0.038
22	18	6.250073	0.345	-0.1	0.038
22	18	6.258954	0.345	-0.1	0.038
22	18	6.272823	0.345	-0.1	0.038
22	18	6.278769	0.345	-0.1	0.038
22	18	6.292885	0.345	-0.1	0.038
22	18	6.305882	0.345	-0.1	0.038
22	18	6.311117	0.345	-0.1	0.038
22	18	6.323152	0.345	-0.1	0.038
22	18	6.333727	0.345	-0.1	0.038
22	18	6.351919	0.345	-0.1	0.038
22	18	6.357689	0.345	-0.1	0.038
22	18	6.371348	0.345	-0.1	0.038
22	18	6.376792	0.345	-0.1	0.038
22	19	6.389251	0.345	-0.1	0.038
22	19	6.396451	0.345	-0.1	0.038
22	19	6.408536	0.345	-0.1	0.038
22	19	6.418936	0.345	-0.1	0.038
22	19	6.425748	0.345	-0.1	0.038
22	19	6.44081	0.345	-0.1	0.038
22	19	6.448917	0.345	-0.1	0.038
22	19	6.456871	0.345	-0.1	0.038
22	19	6.472117	0.345	-0.1	0.038
22	19	6.482275	0.345	-0.1	0.038
22	19	6.493784	0.345	-0.1	0.038
22	19	6.507098	0.345	-0.1	0.038
22	19	6.519719	0.345	-0.1	0.038
22	19	6.524929	0.345	-0.1	0.038
22	19	6.536014	0.345	-0.1	0.038
22	19	6.543647	0.345	-0.1	0.038
22	19	6.559311	0.345	-0.1	0.038
22	19	6.571027	0.345	-0.1	0.038
22	19	6.576441	0.345	-0.1	0.038
22	19	6.589625	0.345	-0.1	0.038
22	19	6.597483	0.345	-0.1	0.038
22	20	6.608172	0.345	-0.1	0.038
22	20	6.621728	0.345	-0.1	0.038
22	20	6.626612	0.345	-0.1	0.038
22	20	6.638544	0.345	-0.1	0.038
22	20	6.646221	0.345	-0.1	0.038
22	20	6.659967	0.345	-0.1	0.038
22	20	6.672415	0.345	-0.1	0.038
22	20	6.677694	0.345	-0.1	0.038
22	20	6.689344	0.345	-0.1	0.038
22	20	6.698116	0.345	-0.1	0.038
22	20	6.704924	0.345	-0.1	0.038
22	20	6.720115	0.345	-0.1	0.038
22	20	6.728783	0.345	-0.1	0.038
22	20	6.740318	0.345	-0.1	0.038
22	20	6.749746	0.345	-0.1	0.038
22	20	6.757865	0.345	-0.1	0.038
22	20	6.773099	0.345	-0.1	0.038
22	20	6.778766	0.345	-0.1	0.038
22	20	6.788209	0.345	-0.1	0.038
22	20	6.799079	0.345	-0.1	0.038
22	20	6.80779	0.345	-0.1	0.038
22	21	6.821807	0.345	-0.1	0.038
22	21	6.827308	0.345	-0.1	0.038
22	21	6.840256	0.345	-0.1	0.038
22	21	6.847557	0.345	-0.1	0.038
22	21	6.856452	0.345	-0.1	0.038
22	21	6.869381	0.345	-0.1	0.038
22	21	6.87647	0.345	-0.1	0.038
22	21	6.890289	0.345	-0.1	0.038
22	21	6.896547	0.345	-0.1	0.038
22	21	6.904844	0.345	-0.1	0.038
22	21	6.917606	0.345	-0.1	0.038
22	21	6.924945	0.345	-0.1	0.038
22	21	6.938892	0.345	-0.1	0.038
22	21	6.943593	0.345	-0.1	0.038
22	21	6.958554	0.345	-0.1	0.038
22	21	6.967842	0.345	-0.1	0.038
22	21	6.974646	0.345	-0.1	0.038
22	21	6.987206	0.345	-0.1	0.038
22	21	6.997507	0.345	-0.1	0.038
22	21	7.007506	0.345	-0.1	0.038
22	21	7.014387	0.345	-0.1	0.038
22	21	7.024624	0.345	-0.1	0.038
22	21	7.038335	0.345	-0.1	0.038
22	22	7.043363	0.345	-0.1	0.038
22	22	7.05763	0.345	-0.1	0.038
22	22	7.068696	0.345	-0.1	0.038
22	22	7.07931	0.345	-0.1	0.038
22	22	7.090559	0.345	-0.1	0.038
22	22	7.097941	0.345	-0.1	0.038
22	22	7.104547	0.345	-0.1	0.038
22	22	7.118677	0.345	-0.1	0.038
22	22	7.125422	0.345	-0.1	0.038
22	22	7.139468	0.345	-0.1	0.038
22	22	7.145122	0.345	-0.1	0.038
22	22	7.155339	0.345	-0.1	0.038
22	22	7.166535	0.345	-0.1	0.038
22	22	7.174403	0.345	-0.1	0.038
22	22	7.187569	0.345	-0.1	0.038
22	22	7.196042	0.345	-0.1	0.038
22	22	7.208144	0.345	-0.1	0.038
22	22	7.216229	0.345	-0.1	0.038
22	22	7.227857	0.345	-0.1	0.038
22	22	7.240621	0.345	-0.1	0.038
22	22	7.247269	0.345	-0.1	0.038
22	22	7.254104	0.345	-0.1	0.038
22	23	7.261281	0.345	-0.1	0.038
22	23	7.274019	0.345	-0.1	0.038
22	23	7.287251	0.345	-0.1	0.038
22	23	7.29442	0.345	-0.1	0.038
22	23	7.307805	0.345	-0.1	0.038
22	23	7.315631	0.345	-0.1	0.038
22	23	7.321925	0.345	-0.1	0.038
22	23	7.3364	0.345	-0.1	0.038
22	23	7.342955	0.345	-0.1	0.038
22	23	7.356609	0.345	-0.1	0.038
22	23	7.36231	0.345	-0.1	0.038
22	23	7.372857	0.345	-0.1	0.038
22	23	7.385781	0.345	-0.1	0.038
22	23	7.394191	0.345	-0.1	0.038
22	23	7.406332	0.345	-0.1	0.038
22	23	7.412719	0.345	-0.1	0.038
22	23	7.426549	0.345	-0.1	0.038
22	23	7.439343	0.345	-0.1	0.038
22	23	7.444639	0.345	-0.1	0.038
22	23	7.458386	0.345	-0.1	0.038
22	23	7.467319	0.345	-0.1	0.038
22	23	7.476822	0.345	-0.1	0.038
22	23	7.494273	0.345	-0.1	0.038
22	23	7.505581	0.345	-0.1	0.038
22	23	7.510486	0.345	-0.1	0.038
22	23	7.523635	0.345	-0.1	0.038
22	23	7.533304	0.345	-0.1	0.038
21	23	7.542431	0.345	-0.1	0.038
21	23	7.556803	0.345	-0.1	0.038
21	23	7.562626	0.345	-0.1	0.038
21	23	7.572658	0.345	-0.1	0.038
21	23	7.583732	0.345	-0.1	0.038
21	23	7.591694	0.345	-0.1	0.038
21	23	7.605361	0.345	-0.1	0.038
21	23	7.615258	0.345	-0.1	0.038
21	23	7.626119	0.345	-0.1	0.038
21	23	7.636185	0.345	-0.1	0.038
21	23	7.643445	0.345	-0.1	0.038
21	23	7.656998	0.345	-0.1	0.038
21	23	7.66733	0.345	-0.1	0.038
21	23	7.683444	0.345	-0.1	0.038
21	23	7.6887	0.345	-0.1	0.038
21	23	7.698546	0.345	-0.1	0.038
21	23	7.706629	0.345	-0.1	0.038
21	23	7.721306	0.345	-0.1	0.038
21	23	7.726039	0.345	-0.1	0.038
21	23	7.738983	0.345	-0.1	0.038
21	23	7.747797	0.345	-0.1	0.038
21	23	7.759929	0.345	-0.1	0.038
20	23	7.770067	0.345	-0.1	0.038
20	23	7.776018	0.345	-0.1	0.038
20	23	7.789783	0.345	-0.1	0.038
20	23	7.794673	0.345	-0.1	0.038
20	23	7.804848	0.345	-0.1	0.038
20	23	7.816345	0.345	-0.1	0.038
20	23	7.823859	0.345	-0.1	0.038
20	23	7.836371	0.345	-0.1	0.038
20	23	7.841588	0.345	-0.1	0.038
20	23	7.855715	0.345	-0.1	0.038
20	23	7.861364	0.345	-0.1	0.038
20	23	7.874836	0.345	-0.1	0.038
20	23	7.883983	0.345	-0.1	0.038
20	23	7.895978	0.345	-0.1	0.038
20	23	7.907994	0.345	-0.1	0.038
20	23	7.916318	0.345	-0.1	0.038
20	23	7.922312	0.345	-0.1	0.038
20	23	7.932966	0.345	-0.1	0.038
20	23	7.941121	0.345	-0.1	0.038
20	23	7.956466	0.345	-0.1	0.038
20	23	7.961402	0.345	-0.1	0.038
20	23	7.97088	0.345	-0.1	0.038
20	23	7.97817	0.345	-0.1	0.038
19	23	7.990984	0.345	-0.1	0.038
19	23	8.004916	0.345	-0.1	0.038
19	23	8.014797	0.345	-0.1	0.038
19	23	8.025949	0.345	-0.1	0.038
19	23	8.036382	0.345	-0.1	0.038
19	23	8.043603	0.345	-0.1	0.038
19	23	8.058145	0.345	-0.1	0.038
19	23	8.066316	0.345	-0.1	0.038
19	23	8.073241	0.345	-0.1	0.038
19	23	8.084422	0.345	-0.1	0.038
19	23	8.095812	0.345	-0.1	0.038
19	23	8.10716	0.345	-0.1	0.038
19	23	8.115966	0.345	-0.1	0.038
19	23	8.123318	0.345	-0.1	0.038
19	23	8.135582	0.345	-0.1	0.038
19	23	8.141782	0.345	-0.1	0.038
19	23	8.155128	0.345	-0.1	0.038
19	23	8.160267	0.345	-0.1	0.038
19	23	8.175501	0.345	-0.1	0.038
19	23	8.184078	0.345	-0.1	0.038
19	23	8.190455	0.345	-0.1	0.038
18	23	8.201941	0.345	-0.1	0.038
18	23	8.209979	0.345	-0.1	0.038
18	23	8.222998	0.345	-0.1	0.038
18	23	8.230467	0.345	-0.1	0.038
18	23	8.242458	0.345	-0.1	0.038
18	23	8.25266	0.345	-0.1	0.038
18	23	8.258449	0.345	-0.1	0.038
18	23	8.272261	0.345	-0.1	0.038
18	23	8.281933	0.345	-0.1	0.038
18	23	8.293202	0.345	-0.1	0.038
18	23	8.303322	0.345	-0.1	0.038
18	23	8.309583	0.345	-0.1	0.038
18	23	8.323465	0.345	-0.1	0.038
18	23	8.332156	0.345	-0.1	0.038
18	23	8.340325	0.345	-0.1	0.038
18	23	8.353563	0.345	-0.1	0.038
18	23	8.359147	0.345	-0.1	0.038
18	23	8.374194	0.345	-0.1	0.038
18	23	8.382865	0.345	-0.1	0.038
18	23	8.390336	0.345	-0.1	0.038
18	23	8.403364	0.345	-0.1	0.038
18	23	8.408788	0.345	-0.1	0.038
17	23	8.42272	0.345	-0.1	0.038
17	23	8.430282	0.345	-0.1	0.038
17	23	8.44287	0.345	-0.1	0.038
17	23	8.454755	0.345	-0.1	0.038
17	23	8.459386	0.345	-0.1	0.038
17	23	8.472551	0.345	-0.1	0.038
17	23	8.481858	0.345	-0.1	0.038
17	23	8.492676	0.345	-0.1	0.038
17	23	8.502283	0.345	-0.1	0.038
17	23	8.507541	0.345	-0.1	0.038
17	23	8.521931	0.345	-0.1	0.038
17	23	8.528105	0.345	-0.1	0.038
17	23	8.541396	0.345	-0.1	0.038
17	23	8.55352	0.345	-0.1	0.038
17	23	8.557744	0.345	-0.1	0.038
17	23	8.567822	0.345	-0.1	0.038
17	23	8.580041	0.345	-0.1	0.038
17	23	8.592052	0.345	-0.1	0.038
17	23	8.601569	0.345	-0.1	0.038
17	23	8.609884	0.345	-0.1	0.038
17	23	8.627213	0.345	-0.1	0.038
17	23	8.638595	0.345	-0.1	0.038
16	23	8.64328	0.345	-0.1	0.038
16	23	8.657318	0.345	-0.1	0.038
16	23	8.664237	0.345	-0.1	0.038
16	23	8.672827	0.345	-0.1	0.038
16	23	8.68975	0.345	-0.1	0.038
16	23	8.694799	0.345	-0.1	0.038
16	23	8.704012	0.345	-0.1	0.038
16	23	8.713102	0.345	-0.1	0.038
16	23	8.725252	0.345	-0.1	0.038
16	23	8.739366	0.345	-0.1	0.038
16	23	8.744423	0.345	-0.1	0.038
16	23	8.757841	0.345	-0.1	0.038
16	23	8.765528	0.345	-0.1	0.038
16	23	8.773327	0.345	-0.1	0.038
16	23	8.785843	0.345	-0.1	0.038
16	23	8.800194	0.345	-0.1	0.038
16	23	8.809104	0.345	-0.1	0.038
16	23	8.819191	0.345	-0.1	0.038
16	23	8.827679	0.345	-0.1	0.038
16	23	8.843266	0.345	-0.1	0.038
16	23	8.855299	0.345	-0.1	0.038
15	23	8.860728	0.345	-0.1	0.038
15	23	8.874399	0.345	-0.1	0.038
15	23	8.880869	0.345	-0.1	0.038
15	23	8.889353	0.345	-0.1	0.038
15	23	8.904471	0.345	-0.1	0.038
15	23	8.90988	0.345	-0.1	0.038
15	23	8.923637	0.345	-0.1	0.038
15	23	8.931641	0.345	-0.1	0.038
15	23	8.938472	0.345	-0.1	0.038
15	23	8.949797	0.345	-0.1	0.038
15	23	8.958067	0.345	-0.1	0.038
15	23	8.972241	0.345	-0.1	0.038
15	23	8.98071	0.345	-0.1	0.038
15	23	8.993686	0.345	-0.1	0.038
15	23	9.005117	0.345	-0.1	0.038
15	23	9.010644	0.345	-0.1	0.038
15	23	9.026685	0.345	-0.1	0.038
15	23	9.03772	0.345	-0.1	0.038
15	23	9.042444	0.345	-0.1	0.038
15	23	9.056169	0.345	-0.1	0.038
15	23	9.061316	0.345	-0.1	0.038
15	23	9.076443	0.345	-0.1	0.038
14	23	9.087493	0.345	-0.1	0.038
14	23	9.093745	0.345	-0.1	0.038
14	23	9.10653	0.345	-0.1	0.038
14	23	9.113105	0.345	-0.1	0.038
14	23	9.121931	0.345	-0.1	0.038
14	23	9.138178	0.345	-0.1	0.038
14	23	9.144065	0.345	-0.1	0.038
14	23	9.157491	0.345	-0.1	0.038
14	23	9.16264	0.345	-0.1	0.038
14	23	9.170787	0.345	-0.1	0.038
14	23	9.178071	0.345	-0.1	0.038
14	23	9.192271	0.345	-0.1	0.038
14	23	9.20857	0.345	-0.1	0.038
14	23	9.221462	0.345	-0.1	0.038
14	23	9.231793	0.345	-0.1	0.038
14	23	9.243155	0.345	-0.1	0.038
14	23	9.255195	0.345	-0.1	0.038
14	23	9.266707	0.345	-0.1	0.038
14	23	9.276794	0.345	-0.1	0.038
14	23	9.287424	0.345	-0.1	0.038
14	23	9.292829	0.345	-0.1	0.038
13	23	9.307773	0.345	-0.1	0.038
13	23	9.32028	0.345	-0.1	0.038
13	23	9.329787	0.345	-0.1	0.038
13	23	9.342376	0.345	-0.1	0.038
13	23	9.35368	0.345	-0.1	0.038
13	23	9.359138	0.345	-0.1	0.038
13	23	9.372075	0.345	-0.1	0.038
13	23	9.379078	0.345	-0.1	0.038
13	23	9.394369	0.345	-0.1	0.038
13	23	9.40578	0.345	-0.1	0.038
13	23	9.411776	0.345	-0.1	0.038
13	23	9.424477	0.345	-0.1	0.038
13	23	9.435013	0.345	-0.1	0.038
13	23	9.442147	0.345	-0.1	0.038
13	23	9.457125	0.345	-0.1	0.038
13	23	9.463433	0.345	-0.1	0.038
13	23	9.472396	0.345	-0.1	0.038
13	23	9.484153	0.345	-0.1	0.038
13	23	9.490997	0.345	-0.1	0.038
13	23	9.502302	0.345	-0.1	0.038
13	23	9.511976	0.345	-0.1	0.038
12	23	9.525479	0.345	-0.1	0.038
12	23	9.537932	0.345	-0.1	0.038
12	23	9.547329	0.345	-0.1	0.038
12	23	9.56053	0.345	-0.1	0.038
12	23	9.572604	0.345	-0.1	0.038
12	23	9.579131	0.345	-0.1	0.038
12	23	9.591922	0.345	-0.1	0.038
12	23	9.603556	0.345	-0.1	0.038
12	23	9.609616	0.345	-0.1	0.038
12	23	9.625541	0.345	-0.1	0.038
12	23	9.636415	0.345	-0.1	0.038
12	23	9.641579	0.345	-0.1	0.038
12	23	9.657572	0.345	-0.1	0.038
12	23	9.665613	0.345	-0.1	0.038
12	23	9.673875	0.345	-0.1	0.038
12	23	9.688533	0.345	-0.1	0.038
12	23	9.695329	0.345	-0.1	0.038
12	23	9.707419	0.345	-0.1	0.038
12	23	9.717081	0.345	-0.1	0.038
12	23	9.724765	0.345	-0.1	0.038
12	23	9.738998	0.345	-0.1	0.038
11	23	9.743262	0.345	-0.1	0.038
11	23	9.756161	0.345	-0.1	0.038
11	23	9.760936	0.345	-0.1	0.038
11	23	9.77673	0.345	-0.1	0.038
11	23	9.788521	0.345	-0.1	0.038
11	23	9.804822	0.345	-0.1	0.038
11	23	9.810373	0.345	-0.1	0.038
11	23	9.825297	0.345	-0.1	0.038
11	23	9.836419	0.345	-0.1	0.038
11	23	9.842007	0.345	-0.1	0.038
11	23	9.855775	0.345	-0.1	0.038
11	23	9.866652	0.345	-0.1	0.038
11	23	9.882866	0.345	-0.1	0.038
11	23	9.88819	0.345	-0.1	0.038
11	23	9.895737	0.345	-0.1	0.038
11	23	9.905154	0.345	-0.1	0.038
11	23	9.916758	0.345	-0.1	0.038
11	23	9.924405	0.345	-0.1	0.038
11	23	9.93824	0.345	-0.1	0.038
11	23	9.944157	0.345	-0.1	0.038
11	23	9.957352	0.345	-0.1	0.038
10	23	9.966662	0.345	-0.1	0.038
10	23	9.978066	0.345	-0.1	0.038
10	23	9.990664	0.345	-0.1	0.038
10	23	9.997429	0.345	-0.1	0.038
10	23	10.00635	0.345	-0.1	0.038
10	23	10.02176	0.345	-0.1	0.038
10	23	10.03154	0.345	-0.1	0.038
10	23	10.04339	0.345	-0.1	0.038
10	23	10.05459	0.345	-0.1	0.038
10	23	10.05934	0.345	-0.1	0.038
10	23	10.07498	0.345	-0.1	0.038
10	23	10.08715	0.345	-0.1	0.038
10	23	10.09269	0.345	-0.1	0.038
10	23	10.10597	0.345	-0.1	0.038
10	23	10.11119	0.345	-0.1	0.038
10	23	10.12204	0.345	-0.1	0.038
10	23	10.13236	0.345	-0.1	0.038
10	23	10.14784	0.345	-0.1	0.038
10	23	10.1532	0.345	-0.1	0.038
10	23	10.16049	0.345	-0.1	0.038
10	23	10.17266	0.345	-0.1	0.038
9	23	10.18544	0.345	-0.1	0.038
9	23	10.19663	0.345	-0.1	0.038
9	23	10.20804	0.345	-0.1	0.038
9	23	10.21637	0.345	-0.1	0.038
9	23	10.22323	0.345	-0.1	0.038
9	23	10.23502	0.345	-0.1	0.038
9	23	10.24471	0.345	-0.1	0.038
9	23	10.25697	0.345	-0.1	0.038
9	23	10.26377	0.345	-0.1	0.038
9	23	10.27217	0.345	-0.1	0.038
9	23	10.28412	0.345	-0.1	0.038
9	23	10.29193	0.345	-0.1	0.038
9	23	10.30637	0.345	-0.1	0.038
9	23	10.31432	0.345	-0.1	0.038
9	23	10.32171	0.345	-0.1	0.038
9	23	10.33345	0.345	-0.1	0.038
9	23	10.34037	0.345	-0.1	0.038
9	23	10.35438	0.345	-0.1	0.038
9	23	10.36641	0.345	-0.1	0.038
9	23	10.37719	0.345	-0.1	0.038
9	23	10.38828	0.345	-0.1	0.038
9	23	10.39513	0.345	-0.1	0.038
8	23	10.41	0.345	-0.1	0.038
8	23	10.42231	0.345	-0.1	0.038
8	23	10.43355	0.345	-0.1	0.038
8	23	10.44404	0.345	-0.1	0.038
8	23	10.45549	0.345	-0.1	0.038
8	23	10.4619	0.345	-0.1	0.038
8	23	10.47794	0.345	-0.1	0.038
8	23	10.48858	0.345	-0.1	0.038
8	23	10.49562	0.345	-0.1	0.038
8	23	10.5073	0.345	-0.1	0.038
8	23	10.51967	0.345	-0.1	0.038
8	23	10.52489	0.345	-0.1	0.038
8	23	10.53991	0.345	-0.1	0.038
8	23	10.54524	0.345	-0.1	0.038
8	23	10.55969	0.345	-0.1	0.038
8	23	10.57	0.345	-0.1	0.038
8	23	10.57655	0.345	-0.1	0.038
8	23	10.59101	0.345	-0.1	0.038
8	23	10.60173	0.345	-0.1	0.038
8	23	10.61139	0.345	-0.1	0.038
7	23	10.62332	0.345	-0.1	0.038
7	23	10.63496	0.345	-0.1	0.038
7	23	10.64208	0.345	-0.1	0.038
7	23	10.65623	0.345	-0.1	0.038
7	23	10.66323	0.345	-0.1	0.038
7	23	10.67559	0.345	-0.1	0.038
7	23	10.68425	0.345	-0.1	0.038
7	23	10.69087	0.345	-0.1	0.038
7	23	10.7059	0.345	-0.1	0.038
7	23	10.71537	0.345	-0.1	0.038
7	23	10.72693	0.345	-0.1	0.038
7	23	10.7387	0.345	-0.1	0.038
7	23	10.75216	0.345	-0.1	0.038
7	23	10.75875	0.345	-0.1	0.038
7	23	10.77291	0.345	-0.1	0.038
7	23	10.77996	0.345	-0.1	0.038
7	23	10.78837	0.345	-0.1	0.038
7	23	10.79762	0.345	-0.1	0.038
7	23	10.80713	0.345	-0.1	0.038
7	23	10.82322	0.345	-0.1	0.038
7	23	10.82838	0.345	-0.1	0.038
7	23	10.83735	0.345	-0.1	0.038
7	22	10.84509	0.345	-0.1	0.038
7	22	10.85998	0.345	-0.1	0.038
7	22	10.87719	0.345	-0.1	0.038
7	22	10.88939	0.345	-0.1	0.038
7	22	10.89628	0.345	-0.1	0.038
7	22	10.90863	0.345	-0.1	0.038
7	22	10.92097	0.345	-0.1	0.038
7	22	10.9308	0.345	-0.1	0.038
7	22	10.94263	0.345	-0.1	0.038
7	22	10.95309	0.345	-0.1	0.038
7	22	10.95961	0.345	-0.1	0.038
7	22	10.97556	0.345	-0.1	0.038
7	22	10.99152	0.345	-0.1	0.038
7	22	11.00046	0.345	-0.1	0.038
7	22	11.00678	0.345	-0.1	0.038
7	22	11.0225	0.345	-0.1	0.038
7	22	11.03039	0.345	-0.1	0.038
7	22	11.04245	0.345	-0.1	0.038
7	22	11.05421	0.345	-0.1	0.038
7	21	11.06528	0.345	-0.1	0.038
7	21	11.0779	0.345	-0.1	0.038
7	21	11.09134	0.345	-0.1	0.038
7	21	11.10502	0.345	-0.1	0.038
7	21	11.11791	0.345	-0.1	0.038
7	21	11.12567	0.345	-0.1	0.038
7	21	11.14081	0.345	-0.1	0.038
7	21	11.15065	0.345	-0.1	0.038
7	21	11.15686	0.345	-0.1	0.038
7	21	11.1716	0.345	-0.1	0.038
7	21	11.18403	0.345	-0.1	0.038
7	21	11.19726	0.345	-0.1	0.038
7	21	11.20736	0.345	-0.1	0.038
7	21	11.21947	0.345	-0.1	0.038
7	21	11.22714	0.345	-0.1	0.038
7	21	11.24142	0.345	-0.1	0.038
7	21	11.25675	0.345	-0.1	0.038
7	21	11.26582	0.345	-0.1	0.038
7	21	11.27489	0.345	-0.1	0.038
7	20	11.29102	0.345	-0.1	0.038
7	20	11.3042	0.345	-0.1	0.038
7	20	11.31489	0.345	-0.1	0.038
7	20	11.32721	0.345	-0.1	0.038
7	20	11.33931	0.345	-0.1	0.038
7	20	11.3447	0.345	-0.1	0.038
7	20	11.36123	0.345	-0.1	0.038
7	20	11.37339	0.345	-0.1	0.038
7	20	11.38205	0.345	-0.1	0.038
7	20	11.39847	0.345	-0.1	0.038
7	20	11.40996	0.345	-0.1	0.038
7	20	11.42399	0.345	-0.1	0.038
7	20	11.43608	0.345	-0.1	0.038
7	20	11.44432	0.345	-0.1	0.038
7	20	11.45693	0.345	-0.1	0.038
7	20	11.46693	0.345	-0.1	0.038
7	20	11.47659	0.345	-0.1	0.038
7	20	11.48854	0.345	-0.1	0.038
7	20	11.49435	0.345	-0.1	0.038
7	19	11.51139	0.345	-0.1	0.038
7	19	11.52466	0.345	-0.1	0.038
7	19	11.53634	0.345	-0.1	0.038
7	19	11.54155	0.345	-0.1	0.038
7	19	11.55551	0.345	-0.1	0.038
7	19	11.56301	0.345	-0.1	0.038
7	19	11.58103	0.345	-0.1	0.038
7	19	11.59159	0.345	-0.1	0.038
7	19	11.60079	0.345	-0.1	0.038
7	19	11.60818	0.345	-0.1	0.038
7	19	11.62504	0.345	-0.1	0.038
7	19	11.63983	0.345	-0.1	0.038
7	19	11.65266	0.345	-0.1	0.038
7	19	11.66796	0.345	-0.1	0.038
7	19	11.67476	0.345	-0.1	0.038
7	19	11.68742	0.345	-0.1	0.038
7	19	11.69285	0.345	-0.1	0.038
7	19	11.70646	0.345	-0.1	0.038
7	19	11.7175	0.345	-0.1	0.038
7	18	11.72395	0.345	-0.1	0.038
7	18	11.73833	0.345	-0.1	0.038
7	18	11.74871	0.345	-0.1	0.038
7	18	11.76173	0.345	-0.1	0.038
7	18	11.77514	0.345	-0.1	0.038
7	18	11.78741	0.345	-0.1	0.038
7	18	11.79356	0.345	-0.1	0.038
7	18	11.80597	0.345	-0.1	0.038
7	18	11.8108	0.345	-0.1	0.038
7	18	11.82442	0.345	-0.1	0.038
7	18	11.83297	0.345	-0.1	0.038
7	18	11.84004	0.345	-0.1	0.038
7	18	11.85338	0.345	-0.1	0.038
7	18	11.85938	0.345	-0.1	0.038
7	18	11.87327	0.345	-0.1	0.038
7	18	11.88215	0.345	-0.1	0.038
7	18	11.88958	0.345	-0.1	0.038
7	18	11.89947	0.345	-0.1	0.038
7	18	11.90632	0.345	-0.1	0.038
7	18	11.91857	0.345	-0.1	0.038
7	18	11.92482	0.345	-0.1	0.038
7	18	11.93705	0.345	-0.1	0.038
7	17	11.94196	0.345	-0.1	0.038
7	17	11.95642	0.345	-0.1	0.038
7	17	11.96149	0.345	-0.1	0.038
7	17	11.97137	0.345	-0.1	0.038
7	17	11.97749	0.345	-0.1	0.038
7	17	11.98665	0.345	-0.1	0.038
7	17	11.99387	0.345	-0.1	0.038
7	17	12.00375	0.345	-0.1	0.038
7	17	12.00904	0.345	-0.1	0.038
7	17	12.01901	0.345	-0.1	0.038
7	17	12.0263	0.345	-0.1	0.038
7	17	12.03732	0.345	-0.1	0.038
7	17	12.04333	0.345	-0.1	0.038
7	17	12.05365	0.345	-0.1	0.038
7	17	12.05828	0.345	-0.1	0.038
7	17	12.07074	0.345	-0.1	0.038
7	17	12.07694	0.345	-0.1	0.038
7	17	12.08686	0.345	-0.1	0.038
7	17	12.09254	0.345	-0.1	0.038
7	17	12.10394	0.345	-0.1	0.038
7	17	12.10923	0.345	-0.1	0.038
7	17	12.12015	0.345	-0.1	0.038
7	17	12.12508	0.345	-0.1	0.038
7	17	12.13677	0.345	-0.1	0.038
7	17	12.14183	0.345	-0.1	0.038
7	17	12.15388	0.345	-0.1	0.038
7	17	12.15822	0.345	-0.1	0.038
7	16	12.17407	0.345	-0.1	0.038
7	16	12.18649	0.345	-0.1	0.038
7	16	12.19083	0.345	-0.1	0.038
7	16	12.20275	0.345	-0.1	0.038
7	16	12.20859	0.345	-0.1	0.038
7	16	12.21953	0.345	-0.1	0.038
7	16	12.22447	0.345	-0.1	0.038
7	16	12.23614	0.345	-0.1	0.038
7	16	12.24144	0.345	-0.1	0.038
7	16	12.25369	0.345	-0.1	0.038
7	16	12.25801	0.345	-0.1	0.038
7	16	12.27028	0.345	-0.1	0.038
7	16	12.27537	0.345	-0.1	0.038
7	16	12.28862	0.345	-0.1	0.038
7	16	12.2938	0.345	-0.1	0.038
7	16	12.30714	0.345	-0.1	0.038
7	16	12.31492	0.345	-0.1	0.038
7	16	12.32068	0.345	-0.1	0.038
7	16	12.32659	0.345	-0.1	0.038
7	16	12.336	0.345	-0.1	0.038
7	16	12.34245	0.345	-0.1	0.038
7	16	12.35378	0.345	-0.1	0.038
7	16	12.35958	0.345	-0.1	0.038
7	16	12.36851	0.345	-0.1	0.038
7	16	12.37425	0.345	-0.1	0.038
7	15	12.38437	0.345	-0.1	0.038
7	15	12.38989	0.345	-0.1	0.038
7	15	12.39941	0.345	-0.1	0.038
7	15	12.40601	0.345	-0.1	0.038
7	15	12.41586	0.345	-0.1	0.038
7	15	12.42169	0.345	-0.1	0.038
7	15	12.43034	0.345	-0.1	0.038
7	15	12.43798	0.345	-0.1	0.038
7	15	12.44467	0.345	-0.1	0.038
7	15	12.45443	0.345	-0.1	0.038
7	15	12.46042	0.345	-0.1	0.038
7	15	12.47	0.345	-0.1	0.038
7	15	12.47392	0.345	-0.1	0.038
7	15	12.48497	0.345	-0.1	0.038
7	15	12.48996	0.345	-0.1	0.038
7	15	12.50257	0.345	-0.1	0.038
7	15	12.50717	0.345	-0.1	0.038
7	15	12.51888	0.345	-0.1	0.038
7	15	12.52437	0.345	-0.1	0.038
7	15	12.53619	0.345	-0.1	0.038
7	15	12.54321	0.345	-0.1	0.038
7	15	12.55413	0.345	-0.1	0.038
7	15	12.5619	0.345	-0.1	0.038
7	15	12.57228	0.345	-0.1	0.038
7	15	12.58413	0.345	-0.1	0.038
7	15	12.59171	0.345	-0.1	0.038
7	14	12.60622	0.345	-0.1	0.038
7	14	12.61839	0.345	-0.1	0.038
7	14	12.62635	0.345	-0.1	0.038
7	14	12.64087	0.345	-0.1	0.038
7	14	12.64948	0.345	-0.1	0.038
7	14	12.65698	0.345	-0.1	0.038
7	14	12.67051	0.345	-0.1	0.038
7	14	12.67626	0.345	-0.1	0.038
7	14	12.68932	0.345	-0.1	0.038
7	14	12.69465	0.345	-0.1	0.038
7	14	12.70693	0.345	-0.1	0.038
7	14	12.71768	0.345	-0.1	0.038
7	14	12.72353	0.345	-0.1	0.038
7	14	12.73668	0.345	-0.1	0.038
7	14	12.74127	0.345	-0.1	0.038
7	14	12.75439	0.345	-0.1	0.038
7	14	12.75971	0.345	-0.1	0.038
7	14	12.77245	0.345	-0.1	0.038
7	14	12.77818	0.345	-0.1	0.038
7	14	12.79029	0.345	-0.1	0.038
7	14	12.7952	0.345	-0.1	0.038
7	14	12.80426	0.345	-0.1	0.038
7	14	12.81183	0.345	-0.1	0.038
7	13	12.82103	0.345	-0.1	0.038
7	13	12.83129	0.345	-0.1	0.038
7	13	12.83908	0.345	-0.1	0.038
7	13	12.85161	0.345	-0.1	0.038
7	13	12.85842	0.345	-0.1	0.038
7	13	12.87054	0.345	-0.1	0.038
7	13	12.87606	0.345	-0.1	0.038
7	13	12.88894	0.345	-0.1	0.038
7	13	12.89395	0.345	-0.1	0.038
7	13	12.90611	0.345	-0.1	0.038
7	13	12.91189	0.345	-0.1	0.038
7	13	12.92116	0.345	-0.1	0.038
7	13	12.93232	0.345	-0.1	0.038
7	13	12.93835	0.345	-0.1	0.038
7	13	12.94675	0.345	-0.1	0.038
7	13	12.95529	0.345	-0.1	0.038
7	13	12.96474	0.345	-0.1	0.038
7	13	12.97256	0.345	-0.1	0.038
7	13	12.98408	0.345	-0.1	0.038
7	13	12.99104	0.345	-0.1	0.038
7	13	13.00312	0.345	-0.1	0.038
7	13	13.00875	0.345	-0.1	0.038
7	13	13.02033	0.345	-0.1	0.038
7	13	13.02655	0.345	-0.1	0.038
7	13	13.03945	0.345	-0.1	0.038
7	12	13.04428	0.345	-0.1	0.038
7	12	13.05695	0.345	-0.1	0.038
7	12	13.06118	0.345	-0.1	0.038
7	12	13.06975	0.345	-0.1	0.038
7	12	13.07639	0.345	-0.1	0.038
7	12	13.08593	0.345	-0.1	0.038
7	12	13.0904	0.345	-0.1	0.038
7	12	13.10113	0.345	-0.1	0.038
7	12	13.10745	0.345	-0.1	0.038
7	12	13.12033	0.345	-0.1	0.038
7	12	13.12866	0.345	-0.1	0.038
7	12	13.13856	0.345	-0.1	0.038
7	12	13.14466	0.345	-0.1	0.038
7	12	13.15617	0.345	-0.1	0.038
7	12	13.16378	0.345	-0.1	0.038
7	12	13.18208	0.345	-0.1	0.038
7	12	13.18701	0.345	-0.1	0.038
7	12	13.19334	0.345	-0.1	0.038
7	12	13.20172	0.345	-0.1	0.038
7	12	13.20911	0.345	-0.1	0.038
7	12	13.21936	0.345	-0.1	0.038
7	12	13.22651	0.345	-0.1	0.038
7	12	13.23762	0.345	-0.1	0.038
7	12	13.24858	0.345	-0.1	0.038
7	11	13.26262	0.345	-0.1	0.038
7	11	13.27304	0.345	-0.1	0.038
7	11	13.27916	0.345	-0.1	0.038
7	11	13.29146	0.345	-0.1	0.038
7	11	13.29967	0.345	-0.1	0.038
7	11	13.3055	0.345	-0.1	0.038
7	11	13.31566	0.345	-0.1	0.038
7	11	13.32207	0.345	-0.1	0.038
7	11	13.33352	0.345	-0.1	0.038
7	11	13.34043	0.345	-0.1	0.038
7	11	13.35306	0.345	-0.1	0.038
7	11	13.35733	0.345	-0.1	0.038
7	11	13.36829	0.345	-0.1	0.038
7	11	13.37511	0.345	-0.1	0.038
7	11	13.38802	0.345	-0.1	0.038
7	11	13.39226	0.345	-0.1	0.038
7	11	13.40283	0.345	-0.1	0.038
7	11	13.40885	0.345	-0.1	0.038
7	11	13.4188	0.345	-0.1	0.038
7	11	13.42633	0.345	-0.1	0.038
7	11	13.43907	0.345	-0.1	0.038
7	11	13.44523	0.345	-0.1	0.038
7	11	13.45818	0.345	-0.1	0.038
7	11	13.46917	0.345	-0.1	0.038
7	11	13.47475	0.345	-0.1	0.038
8	11	13.4868	0.345	-0.1	0.038
8	11	13.49146	0.345	-0.1	0.038
8	11	13.5036	0.345	-0.1	0.038
8	11	13.50883	0.345	-0.1	0.038
8	11	13.52102	0.345	-0.1	0.038
8	11	13.52509	0.345	-0.1	0.038
8	11	13.53579	0.345	-0.1	0.038
8	11	13.54157	0.345	-0.1	0.038
8	11	13.55249	0.345	-0.1	0.038
8	11	13.5575	0.345	-0.1	0.038
8	11	13.56676	0.345	-0.1	0.038
8	11	13.57431	0.345	-0.1	0.038
8	11	13.58761	0.345	-0.1	0.038
8	11	13.59189	0.345	-0.1	0.038
8	11	13.60506	0.345	-0.1	0.038
8	11	13.60989	0.345	-0.1	0.038
8	11	13.62167	0.345	-0.1	0.038
8	11	13.62669	0.345	-0.1	0.038
8	11	13.63922	0.345	-0.1	0.038
8	11	13.64434	0.345	-0.1	0.038
8	11	13.65698	0.345	-0.1	0.038
8	11	13.66175	0.345	-0.1	0.038
8	11	13.67036	0.345	-0.1	0.038
8	11	13.67724	0.345	-0.1	0.038
8	11	13.68768	0.345	-0.1	0.038
9	11	13.70009	0.345	-0.1	0.038
9	11	13.70688	0.345	-0.1	0.038
9	11	13.71717	0.345	-0.1	0.038
9	11	13.72346	0.345	-0.1	0.038
9	11	13.73645	0.345	-0.1	0.038
9	11	13.74201	0.345	-0.1	0.038
9	11	13.75453	0.345	-0.1	0.038
9	11	13.75845	0.345	-0.1	0.038
9	11	13.76943	0.345	-0.1	0.038
9	11	13.77566	0.345	-0.1	0.038
9	11	13.78699	0.345	-0.1	0.038
9	11	13.79334	0.345	-0.1	0.038
9	11	13.8068	0.345	-0.1	0.038
9	11	13.81474	0.345	-0.1	0.038
9	11	13.82117	0.345	-0.1	0.038
9	11	13.83245	0.345	-0.1	0.038
9	11	13.8387	0.345	-0.1	0.038
9	11	13.84557	0.345	-0.1	0.038
9	11	13.86544	0.345	-0.1	0.038
9	11	13.87205	0.345	-0.1	0.038
9	11	13.88113	0.345	-0.1	0.038
9	11	13.88805	0.345	-0.1	0.038
9	11	13.8944	0.345	-0.1	0.038
9	11	13.90393	0.345	-0.1	0.038
9	11	13.91136	0.345	-0.1	0.038
10	11	13.92105	0.345	-0.1	0.038
10	11	13.92784	0.345	-0.1	0.038
10	11	13.93826	0.345	-0.1	0.038
10	11	13.94864	0.345	-0.1	0.038
10	11	13.95875	0.345	-0.1	0.038
10	11	13.97344	0.345	-0.1	0.038
10	11	13.97962	0.345	-0.1	0.038
10	11	13.98899	0.345	-0.1	0.038
10	11	14.0024	0.345	-0.1	0.038
10	11	14.0097	0.345	-0.1	0.038
10	11	14.02191	0.345	-0.1	0.038
10	11	14.02728	0.345	-0.1	0.038
10	11	14.04079	0.345	-0.1	0.038
10	11	14.05116	0.345	-0.1	0.038
10	11	14.05672	0.345	-0.1	0.038
10	11	14.06722	0.345	-0.1	0.038
10	11	14.07394	0.345	-0.1	0.038
10	11	14.08572	0.345	-0.1	0.038
10	11	14.08996	0.345	-0.1	0.038
10	11	14.10019	0.345	-0.1	0.038
10	11	14.10718	0.345	-0.1	0.038
10	11	14.11664	0.345	-0.1	0.038
10	11	14.12269	0.345	-0.1	0.038
10	11	14.13386	0.345	-0.1	0.038
10	11	14.13946	0.345	-0.1	0.038
11	11	14.14892	0.345	-0.1	0.038
11	11	14.15517	0.345	-0.1	0.038
11	11	14.161	0.345	-0.1	0.038
11	11	14.17651	0.345	-0.1	0.038
11	11	14.18666	0.345	-0.1	0.038
11	11	14.19086	0.345	-0.1	0.038
11	11	14.20173	0.345	-0.1	0.038
11	11	14.20781	0.345	-0.1	0.038
11	11	14.2187	0.345	-0.1	0.038
11	11	14.22458	0.345	-0.1	0.038
11	11	14.23689	0.345	-0.1	0.038
11	11	14.24132	0.345	-0.1	0.038
11	11	14.25181	0.345	-0.1	0.038
11	11	14.25698	0.345	-0.1	0.038
11	11	14.26581	0.345	-0.1	0.038
11	11	14.2734	0.345	-0.1	0.038
11	11	14.28256	0.345	-0.1	0.038
11	11	14.28948	0.345	-0.1	0.038
11	11	14.29843	0.345	-0.1	0.038
11	11	14.30492	0.345	-0.1	0.038
11	11	14.31129	0.345	-0.1	0.038
11	11	14.32134	0.345	-0.1	0.038
11	11	14.32871	0.345	-0.1	0.038
11	11	14.33736	0.345	-0.1	0.038
11	11	14.34404	0.345	-0.1	0.038
11	11	14.35493	0.345	-0.1	0.038
12	11	14.36121	0.345	-0.1	0.038
12	11	14.3704	0.345	-0.1	0.038
12	11	14.37687	0.345	-0.1	0.038
12	11	14.38606	0.345	-0.1	0.038
12	11	14.39101	0.345	-0.1	0.038
12	11	14.40184	0.345	-0.1	0.038
12	11	14.40677	0.345	-0.1	0.038
12	11	14.41552	0.345	-0.1	0.038
12	11	14.42201	0.345	-0.1	0.038
12	11	14.43049	0.345	-0.1	0.038
12	11	14.43819	0.345	-0.1	0.038
12	11	14.44584	0.345	-0.1	0.038
12	11	14.45457	0.345	-0.1	0.038
12	11	14.46032	0.345	-0.1	0.038
12	11	14.47006	0.345	-0.1	0.038
12	11	14.47745	0.345	-0.1	0.038
12	11	14.48804	0.345	-0.1	0.038
12	11	14.49471	0.345	-0.1	0.038
12	11	14.50354	0.345	-0.1	0.038
12	11	14.50994	0.345	-0.1	0.038
12	11	14.51966	0.345	-0.1	0.038
12	11	14.5233	0.345	-0.1	0.038
12	11	14.53334	0.345	-0.1	0.038
12	11	14.53854	0.345	-0.1	0.038
12	11	14.54863	0.345	-0.1	0.038
12	11	14.55474	0.345	-0.1	0.038
12	11	14.56491	0.345	-0.1	0.038
12	11	14.57199	0.345	-0.1	0.038
13	11	14.58471	0.345	-0.1	0.038
13	11	14.5901	0.345	-0.1	0.038
13	11	14.60015	0.345	-0.1	0.038
13	11	14.60702	0.345	-0.1	0.038
13	11	14.61626	0.345	-0.1	0.038
13	11	14.62177	0.345	-0.1	0.038
13	11	14.63253	0.345	-0.1	0.038
13	11	14.63836	0.345	-0.1	0.038
13	11	14.64857	0.345	-0.1	0.038
13	11	14.65445	0.345	-0.1	0.038
13	11	14.66566	0.345	-0.1	0.038
13	11	14.67158	0.345	-0.1	0.038
13	11	14.68164	0.345	-0.1	0.038
13	11	14.68784	0.345	-0.1	0.038
13	11	14.69784	0.345	-0.1	0.038
13	11	14.70429	0.345	-0.1	0.038
13	11	14.71469	0.345	-0.1	0.038
13	11	14.72225	0.345	-0.1	0.038
13	11	14.738	0.345	-0.1	0.038
13	11	14.74929	0.345	-0.1	0.038
13	11	14.75565	0.345	-0.1	0.038
13	11	14.76543	0.345	-0.1	0.038
13	11	14.7723	0.345	-0.1	0.038
13	11	14.7786	0.345	-0.1	0.038
13	11	14.78819	0.345	-0.1	0.038
13	11	14.79526	0.345	-0.1	0.038
12	11	14.80501	0.345	-0.1	0.038
12	11	14.81133	0.345	-0.1	0.038
12	11	14.82105	0.345	-0.1	0.038
12	11	14.82795	0.345	-0.1	0.038
12	11	14.83724	0.345	-0.1	0.038
12	11	14.84314	0.345	-0.1	0.038
12	11	14.85353	0.345	-0.1	0.038
12	11	14.85937	0.345	-0.1	0.038
12	11	14.87007	0.345	-0.1	0.038
12	11	14.8772	0.345	-0.1	0.038
12	11	14.8865	0.345	-0.1	0.038
12	11	14.89048	0.345	-0.1	0.038
12	11	14.89963	0.345	-0.1	0.038
12	11	14.90498	0.345	-0.1	0.038
12	11	14.91598	0.345	-0.1	0.038
12	11	14.92165	0.345	-0.1	0.038
12	11	14.93344	0.345	-0.1	0.038
12	11	14.94492	0.345	-0.1	0.038
12	11	14.9536	0.345	-0.1	0.038
12	11	14.96218	0.345	-0.1	0.038
12	11	14.97011	0.345	-0.1	0.038
12	11	14.97629	0.345	-0.1	0.038
12	11	14.9852	0.345	-0.1	0.038
12	11	14.98944	0.345	-0.1	0.038
12	11	14.99937	0.345	-0.1	0.038
12	11	15.00492	0.345	-0.1	0.038
12	11	15.01701	0.345	-0.1	0.038
11	11	15.02242	0.345	-0.1	0.038
11	11	15.03245	0.345	-0.1	0.038
11	11	15.03816	0.345	-0.1	0.038
11	11	15.04967	0.345	-0.1	0.038
11	11	15.05554	0.345	-0.1	0.038
11	11	15.06572	0.345	-0.1	0.038
11	11	15.07239	0.345	-0.1	0.038
11	11	15.08411	0.345	-0.1	0.038
11	11	15.09265	0.345	-0.1	0.038
11	11	15.10905	0.345	-0.1	0.038
11	11	15.11959	0.345	-0.1	0.038
11	11	15.12345	0.345	-0.1	0.038
11	11	15.13558	0.345	-0.1	0.038
11	11	15.13956	0.345	-0.1	0.038
11	11	15.14896	0.345	-0.1	0.038
11	11	15.15569	0.345	-0.1	0.038
11	11	15.16406	0.345	-0.1	0.038
11	11	15.17202	0.345	-0.1	0.038
11	11	15.17843	0.345	-0.1	0.038
11	11	15.1862	0.345	-0.1	0.038
11	11	15.19306	0.345	-0.1	0.038
11	11	15.20287	0.345	-0.1	0.038
11	11	15.21049	0.345	-0.1	0.038
11	11	15.2193	0.345	-0.1	0.038
11	11	15.22334	0.345	-0.1	0.038
11	11	15.23275	0.345	-0.1	0.038
11	11	15.23918	0.345	-0.1	0.038
10	11	15.24767	0.345	-0.1	0.038
10	11	15.25406	0.345	-0.1	0.038
10	11	15.26329	0.345	-0.1	0.038
10	11	15.27096	0.345	-0.1	0.038
10	11	15.28009	0.345	-0.1	0.038
10	11	15.28795	0.345	-0.1	0.038
10	11	15.29572	0.345	-0.1	0.038
10	11	15.30434	0.345	-0.1	0.038
10	11	15.3143	0.345	-0.1	0.038
10	11	15.32115	0.345	-0.1	0.038
10	11	15.33005	0.345	-0.1	0.038
10	11	15.33729	0.345	-0.1	0.038
10	11	15.34767	0.345	-0.1	0.038
10	11	15.35424	0.345	-0.1	0.038
10	11	15.36406	0.345	-0.1	0.038
10	11	15.3707	0.345	-0.1	0.038
10	11	15.37955	0.345	-0.1	0.038
10	11	15.38742	0.345	-0.1	0.038
10	11	15.39781	0.345	-0.1	0.038
10	11	15.40424	0.345	-0.1	0.038
10	11	15.41574	0.345	-0.1	0.038
10	11	15.42241	0.345	-0.1	0.038
10	11	15.43253	0.345	-0.1	0.038
10	11	15.43885	0.345	-0.1	0.038
10	11	15.44861	0.345	-0.1	0.038
10	11	15.45494	0.345	-0.1	0.038
9	11	15.46517	0.345	-0.1	0.038
9	11	15.47149	0.345	-0.1	0.038
9	11	15.48104	0.345	-0.1	0.038
9	11	15.48805	0.345	-0.1	0.038
9	11	15.49751	0.345	-0.1	0.038
9	11	15.50426	0.345	-0.1	0.038
9	11	15.514	0.345	-0.1	0.038
9	11	15.52189	0.345	-0.1	0.038
9	11	15.53261	0.345	-0.1	0.038
9	11	15.53798	0.345	-0.1	0.038
9	11	15.55023	0.345	-0.1	0.038
9	11	15.55546	0.345	-0.1	0.038
9	11	15.56534	0.345	-0.1	0.038
9	11	15.57186	0.345	-0.1	0.038
9	11	15.58152	0.345	-0.1	0.038
9	11	15.58743	0.345	-0.1	0.038
9	11	15.59737	0.345	-0.1	0.038
9	11	15.60544	0.345	-0.1	0.038
9	11	15.6146	0.345	-0.1	0.038
9	11	15.62086	0.345	-0.1	0.038
9	11	15.63116	0.345	-0.1	0.038
9	11	15.63717	0.345	-0.1	0.038
9	11	15.64679	0.345	-0.1	0.038
9	11	15.6539	0.345	-0.1	0.038
9	11	15.6634	0.345	-0.1	0.038
9	11	15.67139	0.345	-0.1	0.038
9	11	15.67967	0.345	-0.1	0.038
8	11	15.68978	0.345	-0.1	0.038
8	11	15.7004	0.345	-0.1	0.038
8	11	15.70777	0.345	-0.1	0.038
8	11	15.72087	0.345	-0.1	0.038
8	11	15.72791	0.345	-0.1	0.038
8	11	15.73717	0.345	-0.1	0.038
8	11	15.74125	0.345	-0.1	0.038
8	11	15.753	0.345	-0.1	0.038
8	11	15.75858	0.345	-0.1	0.038
8	11	15.76884	0.345	-0.1	0.038
8	11	15.77331	0.345	-0.1	0.038
8	11	15.78389	0.345	-0.1	0.038
8	11	15.78903	0.345	-0.1	0.038
8	11	15.79845	0.345	-0.1	0.038
8	11	15.80429	0.345	-0.1	0.038
8	11	15.81525	0.345	-0.1	0.038
8	11	15.82179	0.345	-0.1	0.038
8	11	15.83174	0.345	-0.1	0.038
8	11	15.83741	0.345	-0.1	0.038
8	11	15.84732	0.345	-0.1	0.038
8	11	15.85451	0.345	-0.1	0.038
8	11	15.86504	0.345	-0.1	0.038
8	11	15.87235	0.345	-0.1	0.038
8	11	15.88325	0.345	-0.1	0.038
8	11	15.88973	0.345	-0.1	0.038
8	11	15.89939	0.345	-0.1	0.038
8	11	15.90619	0.345	-0.1	0.038
8	11	15.91798	0.345	-0.1	0.038
8	11	15.92243	0.345	-0.1	0.038
8	11	15.93186	0.345	-0.1	0.038
8	11	15.9381	0.345	-0.1	0.038
8	11	15.94798	0.345	-0.1	0.038
8	11	15.95428	0.345	-0.1	0.038
8	11	15.96365	0.345	-0.1	0.038
8	11	15.97081	0.345	-0.1	0.038
8	11	15.97853	0.345	-0.1	0.038
8	11	15.98822	0.345	-0.1	0.038
8	11	15.99833	0.345	-0.1	0.038
8	11	16.0043	0.345	-0.1	0.038
8	11	16.01444	0.345	-0.1	0.038
8	11	16.02107	0.345	-0.1	0.038
8	11	16.03083	0.345	-0.1	0.038
8	11	16.03762	0.345	-0.1	0.038
8	11	16.05259	0.345	-0.1	0.038
8	11	16.0594	0.345	-0.1	0.038
8	11	16.06909	0.345	-0.1	0.038
8	11	16.07604	0.345	-0.1	0.038
8	11	16.08606	0.345	-0.1	0.038
8	11	16.09378	0.345	-0.1	0.038
8	11	16.10347	0.345	-0.1	0.038
8	11	16.11032	0.345	-0.1	0.038
8	11	16.11899	0.345	-0.1	0.038
8	11	16.12596	0.345	-0.1	0.038
8	11	16.13655	0.345	-0.1	0.038
8	11	16.14318	0.345	-0.1	0.038
8	11	16.15259	0.345	-0.1	0.038
8	11	16.15958	0.345	-0.1	0.038
8	11	16.16859	0.345	-0.1	0.038
8	11	16.17442	0.345	-0.1	0.038
8	11	16.18236	0.345	-0.1	0.038
8	11	16.18845	0.345	-0.1	0.038
8	11	16.19833	0.345	-0.1	0.038
8	11	16.20448	0.345	-0.1	0.038
8	11	16.2156	0.345	-0.1	0.038
8	11	16.22238	0.345	-0.1	0.038
8	11	16.23245	0.345	-0.1	0.038
8	11	16.23802	0.345	-0.1	0.038
8	11	16.248	0.345	-0.1	0.038
8	11	16.25447	0.345	-0.1	0.038
8	11	16.26324	0.345	-0.1	0.038
8	11	16.27069	0.345	-0.1	0.038
8	11	16.2809	0.345	-0.1	0.038
8	11	16.28778	0.345	-0.1	0.038
8	11	16.29708	0.345	-0.1	0.038
8	11	16.30413	0.345	-0.1	0.038
8	11	16.3148	0.345	-0.1	0.038
8	11	16.32087	0.345	-0.1	0.038
8	11	16.33116	0.345	-0.1	0.038
8	11	16.33798	0.345	-0.1	0.038
8	11	16.34851	0.345	-0.1	0.038
8	11	16.35583	0.345	-0.1	0.038
8	11	16.36504	0.345	-0.1	0.038
8	11	16.3712	0.345	-0.1	0.038
8	11	16.38206	0.345	-0.1	0.038
8	11	16.38841	0.345	-0.1	0.038
8	11	16.39763	0.345	-0.1	0.038
8	11	16.40433	0.345	-0.1	0.038
8	11	16.41423	0.345	-0.1	0.038
8	11	16.42105	0.345	-0.1	0.038
8	11	16.43158	0.345	-0.1	0.038
8	11	16.43847	0.345	-0.1	0.038
8	11	16.44803	0.345	-0.1	0.038
8	11	16.45461	0.345	-0.1	0.038
8	11	16.46453	0.345	-0.1	0.038
8	11	16.47108	0.345	-0.1	0.038
8	11	16.48172	0.345	-0.1	0.038
8	11	16.48913	0.345	-0.1	0.038
8	11	16.49799	0.345	-0.1	0.038
8	11	16.5049	0.345	-0.1	0.038
8	11	16.51495	0.345	-0.1	0.038
8	11	16.52202	0.345	-0.1	0.038
8	11	16.53186	0.345	-0.1	0.038
8	11	16.53869	0.345	-0.1	0.038
8	11	16.54876	0.345	-0.1	0.038
8	11	16.55495	0.345	-0.1	0.038
8	11	16.56511	0.345	-0.1	0.038
8	11	16.57162	0.345	-0.1	0.038
8	11	16.5815	0.345	-0.1	0.038
8	11	16.58802	0.345	-0.1	0.038
8	11	16.59801	0.345	-0.1	0.038
8	11	16.60581	0.345	-0.1	0.038
8	11	16.61513	0.345	-0.1	0.038
8	11	16.62122	0.345	-0.1	0.038
8	11	16.63186	0.345	-0.1	0.038
8	11	16.63793	0.345	-0.1	0.038
8	11	16.64827	0.345	-0.1	0.038
8	11	16.65498	0.345	-0.1	0.038
8	11	16.66339	0.345	-0.1	0.038
8	11	16.67155	0.345	-0.1	0.038
8	11	16.68152	0.345	-0.1	0.038
8	11	16.68837	0.345	-0.1	0.038
8	11	16.69817	0.345	-0.1	0.038
8	11	16.70469	0.345	-0.1	0.038
8	11	16.71465	0.345	-0.1	0.038
8	11	16.72115	0.345	-0.1	0.038
8	11	16.73153	0.345	-0.1	0.038
8	11	16.73859	0.345	-0.1	0.038
8	11	16.74885	0.345	-0.1	0.038
8	11	16.75633	0.345	-0.1	0.038
8	11	16.76496	0.345	-0.1	0.038
8	11	16.77128	0.345	-0.1	0.038
8	11	16.78144	0.345	-0.1	0.038
8	11	16.78809	0.345	-0.1	0.038
8	11	16.79832	0.345	-0.1	0.038
8	11	16.80457	0.345	-0.1	0.038
8	11	16.81535	0.345	-0.1	0.038
8	11	16.82112	0.345	-0.1	0.038
8	11	16.83173	0.345	-0.1	0.038
8	11	16.83831	0.345	-0.1	0.038
8	11	16.8489	0.345	-0.1	0.038
8	11	16.85563	0.345	-0.1	0.038
8	11	16.8646	0.345	-0.1	0.038
8	11	16.87201	0.345	-0.1	0.038
8	11	16.88125	0.345	-0.1	0.038
8	11	16.88778	0.345	-0.1	0.038
8	11	16.89769	0.345	-0.1	0.038
8	11	16.90538	0.345	-0.1	0.038
8	11	16.91522	0.345	-0.1	0.038
8	11	16.92133	0.345	-0.1	0.038
8	11	16.93154	0.345	-0.1	0.038
8	11	16.93929	0.345	-0.1	0.038
8	11	16.94846	0.345	-0.1	0.038
8	11	16.95543	0.345	-0.1	0.038
8	11	16.96518	0.345	-0.1	0.038
8	11	16.97122	0.345	-0.1	0.038
8	11	16.98236	0.345	-0.1	0.038
8	11	16.9968	0.345	-0.1	0.038
8	11	17.00392	0.345	-0.1	0.038
8	11	17.01199	0.345	-0.1	0.038
8	11	17.02017	0.345	-0.1	0.038
8	11	17.02735	0.345	-0.1	0.038
8	11	17.03576	0.345	-0.1	0.038
8	11	17.04107	0.345	-0.1	0.038
8	11	17.0508	0.345	-0.1	0.038
8	11	17.05572	0.345	-0.1	0.038
8	11	17.06515	0.345	-0.1	0.038
8	11	17.07231	0.345	-0.1	0.038
8	11	17.08184	0.345	-0.1	0.038
8	11	17.08786	0.345	-0.1	0.038
8	11	17.09692	0.345	-0.1	0.038
8	11	17.10424	0.345	-0.1	0.038
8	11	17.11417	0.345	-0.1	0.038
8	11	17.12152	0.345	-0.1	0.038
8	11	17.13035	0.345	-0.1	0.038
8	11	17.138	0.345	-0.1	0.038
8	11	17.14842	0.345	-0.1	0.038
8	11	17.15483	0.345	-0.1	0.038
8	11	17.16509	0.345	-0.1	0.038
8	11	17.17109	0.345	-0.1	0.038
8	11	17.18076	0.345	-0.1	0.038
8	11	17.18757	0.345	-0.1	0.038
8	11	17.19835	0.345	-0.1	0.038
8	11	17.20532	0.345	-0.1	0.038
8	11	17.21623	0.345	-0.1	0.038
8	11	17.2227	0.345	-0.1	0.038
8	11	17.23367	0.345	-0.1	0.038
8	11	17.24052	0.345	-0.1	0.038
8	11	17.25401	0.345	-0.1	0.038
8	11	17.26087	0.345	-0.1	0.038
8	11	17.271	0.345	-0.1	0.038
8	11	17.2838	0.345	-0.1	0.038
8	11	17.29259	0.345	-0.1	0.038
8	11	17.30464	0.345	-0.1	0.038
8	11	17.31585	0.345	-0.1	0.038
8	11	17.32201	0.345	-0.1	0.038
8	11	17.33207	0.345	-0.1	0.038
8	11	17.33876	0.345	-0.1	0.038
8	11	17.34867	0.345	-0.1	0.038
8	11	17.35539	0.345	-0.1	0.038
8	11	17.3656	0.345	-0.1	0.038
8	11	17.37246	0.345	-0.1	0.038
8	11	17.38139	0.345	-0.1	0.038
8	11	17.38903	0.345	-0.1	0.038
8	11	17.39852	0.345	-0.1	0.038
8	11	17.40532	0.345	-0.1	0.038
8	11	17.41495	0.345	-0.1	0.038
8	11	17.42171	0.345	-0.1	0.038
8	11	17.43074	0.345	-0.1	0.038
8	11	17.43782	0.345	-0.1	0.038
8	11	17.44441	0.345	-0.1	0.038
8	11	17.45405	0.345	-0.1	0.038
8	11	17.45983	0.345	-0.1	0.038
8	11	17.47067	0.345	-0.1	0.038
8	11	17.47681	0.345	-0.1	0.038
8	11	17.48547	0.345	-0.1	0.038
8	11	17.49043	0.345	-0.1	0.038
8	11	17.49886	0.345	-0.1	0.038
8	11	17.50471	0.345	-0.1	0.038
8	11	17.51361	0.345	-0.1	0.038
8	11	17.52092	0.345	-0.1	0.038
8	11	17.52791	0.345	-0.1	0.038
8	11	17.53708	0.345	-0.1	0.038
8	11	17.54303	0.345	-0.1	0.038
8	11	17.55274	0.345	-0.1	0.038
8	11	17.55752	0.345	-0.1	0.038
8	11	17.56675	0.345	-0.1	0.038
8	11	17.57182	0.345	-0.1	0.038
8	11	17.58177	0.345	-0.1	0.038
8	11	17.58883	0.345	-0.1	0.038
8	11	17.59953	0.345	-0.1	0.038
8	11	17.60598	0.345	-0.1	0.038
8	11	17.6154	0.345	-0.1	0.038
8	11	17.62156	0.345	-0.1	0.038
8	11	17.63294	0.345	-0.1	0.038
8	11	17.63987	0.345	-0.1	0.038
8	11	17.65038	0.345	-0.1	0.038
8	11	17.65651	0.345	-0.1	0.038
8	11	17.66608	0.345	-0.1	0.038
8	11	17.6718	0.345	-0.1	0.038
8	11	17.68176	0.345	-0.1	0.038
8	11	17.68764	0.345	-0.1	0.038
8	11	17.69814	0.345	-0.1	0.038
8	11	17.70415	0.345	-0.1	0.038
8	11	17.71529	0.345	-0.1	0.038
8	11	17.72173	0.345	-0.1	0.038
8	11	17.73219	0.345	-0.1	0.038
8	11	17.73808	0.345	-0.1	0.038
8	11	17.74797	0.345	-0.1	0.038
8	11	17.75429	0.345	-0.1	0.038
8	11	17.76351	0.345	-0.1	0.038
8	11	17.77234	0.345	-0.1	0.038
8	11	17.78199	0.345	-0.1	0.038
8	11	17.78873	0.345	-0.1	0.038
8	11	17.80385	0.345	-0.1	0.038
8	11	17.81226	0.345	-0.1	0.038
8	11	17.82257	0.345	-0.1	0.038
8	11	17.83659	0.345	-0.1	0.038
8	11	17.8415	0.345	-0.1	0.038
8	11	17.85468	0.345	-0.1	0.038
8	11	17.86057	0.345	-0.1	0.038
8	11	17.8723	0.345	-0.1	0.038
8	11	17.88122	0.345	-0.1	0.038
8	11	17.89004	0.345	-0.1	0.038
8	11	17.9022	0.345	-0.1	0.038
8	11	17.9147	0.345	-0.1	0.038
8	11	17.92196	0.345	-0.1	0.038
8	11	17.93049	0.345	-0.1	0.038
8	11	17.9409	0.345	-0.1	0.038
8	11	17.95357	0.345	-0.1	0.038
8	11	17.96763	0.345	-0.1	0.038
8	11	17.97333	0.345	-0.1	0.038
8	11	17.98674	0.345	-0.1	0.038
8	11	17.99193	0.345	-0.1	0.038
8	11	18.00555	0.345	-0.1	0.038
8	11	18.01237	0.345	-0.1	0.038
8	11	18.02555	0.345	-0.1	0.038
8	11	18.03755	0.345	-0.1	0.038
8	11	18.04239	0.345	-0.1	0.038
8	11	18.055	0.345	-0.1	0.038
8	11	18.06098	0.345	-0.1	0.038
8	11	18.07282	0.345	-0.1	0.038
8	11	18.08413	0.345	-0.1	0.038
8	11	18.08864	0.345	-0.1	0.038
8	11	18.09756	0.345	-0.1	0.038
8	11	18.10388	0.345	-0.1	0.038
8	11	18.11062	0.345	-0.1	0.038
8	11	18.12064	0.345	-0.1	0.038
8	11	18.12738	0.345	-0.1	0.038
8	11	18.1376	0.345	-0.1	0.038
8	11	18.1449	0.345	-0.1	0.038
8	11	18.15481	0.345	-0.1	0.038
8	11	18.16394	0.345	-0.1	0.038
8	11	18.17303	0.345	-0.1	0.038
8	11	18.1842	0.345	-0.1	0.038
8	11	18.19132	0.345	-0.1	0.038
8	11	18.2045	0.345	-0.1	0.038
8	11	18.21314	0.345	-0.1	0.038
8	11	18.22406	0.345	-0.1	0.038
8	11	18.23164	0.345	-0.1	0.038
8	11	18.23826	0.345	-0.1	0.038
8	11	18.24622	0.345	-0.1	0.038
8	11	18.25517	0.345	-0.1	0.038
8	11	18.26328	0.345	-0.1	0.038
8	11	18.27201	0.345	-0.1	0.038
8	11	18.28316	0.345	-0.1	0.038
8	11	18.28957	0.345	-0.1	0.038
8	11	18.2997	0.345	-0.1	0.038
8	11	18.30631	0.345	-0.1	0.038
8	11	18.31514	0.345	-0.1	0.038
8	11	18.32252	0.345	-0.1	0.038
8	11	18.32984	0.345	-0.1	0.038
8	11	18.3384	0.345	-0.1	0.038
8	11	18.34702	0.345	-0.1	0.038
8	11	18.35686	0.345	-0.1	0.038
8	11	18.36806	0.345	-0.1	0.038
8	11	18.37448	0.345	-0.1	0.038
8	11	18.38792	0.345	-0.1	0.038
8	11	18.39256	0.345	-0.1	0.038
8	11	18.40562	0.345	-0.1	0.038
8	11	18.42068	0.345	-0.1	0.038
8	11	18.4313	0.345	-0.1	0.038
8	11	18.43649	0.345	-0.1	0.038
8	11	18.44458	0.345	-0.1	0.038
8	11	18.45436	0.345	-0.1	0.038
8	11	18.4657	0.345	-0.1	0.038
8	11	18.47286	0.345	-0.1	0.038
8	11	18.48636	0.345	-0.1	0.038
8	11	18.49062	0.345	-0.1	0.038
8	11	18.50409	0.345	-0.1	0.038
8	11	18.50938	0.345	-0.1	0.038
8	11	18.52131	0.345	-0.1	0.038
8	11	18.52623	0.345	-0.1	0.038
8	11	18.53765	0.345	-0.1	0.038
8	11	18.54316	0.345	-0.1	0.038
8	11	18.55153	0.345	-0.1	0.038
8	11	18.55687	0.345	-0.1	0.038
8	11	18.56629	0.345	-0.1	0.038
8	11	18.57241	0.345	-0.1	0.038
8	11	18.5814	0.345	-0.1	0.038
8	11	18.58895	0.345	-0.1	0.038
8	11	18.60282	0.345	-0.1	0.038
8	11	18.61112	0.345	-0.1	0.038
8	11	18.62256	0.345	-0.1	0.038
8	11	18.64155	0.345	-0.1	0.038
