x	y	time
15	11	0.0502677
15	11	0.0595527
15	11	0.068296
15	11	0.0736012
15	11	0.0810188
15	11	0.0881855
15	11	0.0994337
15	11	0.1107256
15	11	0.1215684
15	11	0.1327638
15	11	0.1441118
15	11	0.1553481
15	11	0.1662886
15	11	0.1777246
15	11	0.1886504
15	11	0.1995601
15	11	0.2114937
15	11	0.2220657
15	11	0.2332778
15	11	0.2446686
15	11	0.25576
15	11	0.2672683
15	11	0.2786781
15	11	0.2895343
15	11	0.3002108
15	11	0.3114652
15	11	0.3234571
15	11	0.3339245
15	11	0.345472
15	11	0.3562201
15	11	0.3675375
15	11	0.3786078
15	11	0.3899511
15	11	0.4009774
15	11	0.412193
15	11	0.4231449
15	11	0.434431
15	11	0.4458277
15	11	0.4569796
15	11	0.4681327
15	11	0.4794339
15	11	0.4907031
15	11	0.5017512
15	11	0.5130348
15	11	0.5242758
15	11	0.5354306
15	11	0.5463547
15	11	0.5573946
15	11	0.5688101
15	11	0.5800404
15	11	0.5911511
15	11	0.6024007
15	11	0.6136755
15	11	0.6247681
15	11	0.6358888
15	11	0.6470919
15	11	0.6579686
15	11	0.6696057
15	11	0.6822737
15	11	0.6945311
15	11	0.7068846
15	11	0.719372
15	11	0.7319577
15	11	0.7446818
15	11	0.7554886
15	11	0.7665454
15	11	0.7779694
15	11	0.7888678
15	11	0.799989
15	11	0.8112677
15	11	0.8223509
15	11	0.8336515
15	11	0.8446791
15	11	0.8560715
15	11	0.8669028
15	11	0.8782508
15	11	0.8894629
15	11	0.9004531
15	11	0.9117889
15	11	0.9227705
15	11	0.9340323
15	11	0.9457512
15	11	0.9565324
15	11	0.9674023
15	11	0.9789267
15	11	0.9900728
15	11	1.001658
15	11	1.0131
15	11	1.023592
15	11	1.034886
15	11	1.046278
15	11	1.05697
15	11	1.068535
15	11	1.079252
15	11	1.090422
15	11	1.101421
15	11	1.112951
15	11	1.124246
15	11	1.135286
15	11	1.146811
15	11	1.157551
15	11	1.168623
15	11	1.17999
15	11	1.190776
15	11	1.202069
15	11	1.213324
15	11	1.224396
15	11	1.235458
15	11	1.247008
15	11	1.258084
15	11	1.269235
15	11	1.280282
15	11	1.291479
15	11	1.302829
15	11	1.313876
15	11	1.324916
15	11	1.33626
15	11	1.347401
15	11	1.358403
15	11	1.369527
15	11	1.381355
15	11	1.392022
15	11	1.403284
15	11	1.414235
15	11	1.425499
15	11	1.436676
15	11	1.447826
15	11	1.459052
15	11	1.470176
15	11	1.481416
15	11	1.492877
15	11	1.503883
15	11	1.514905
15	11	1.526041
15	11	1.53771
15	11	1.54844
15	11	1.559799
15	11	1.570762
15	11	1.5821
15	11	1.593232
15	11	1.604376
15	11	1.615611
15	11	1.626604
15	11	1.637835
15	11	1.649063
15	11	1.660413
15	11	1.671231
15	11	1.682276
15	11	1.693621
15	11	1.704726
15	11	1.715974
15	11	1.727049
15	11	1.738399
15	11	1.749429
15	11	1.760721
15	11	1.771955
15	11	1.782964
15	11	1.794031
15	11	1.805214
15	11	1.816267
15	11	1.827776
15	11	1.838797
15	11	1.849876
15	11	1.861215
15	11	1.872238
15	11	1.883467
15	11	1.894839
15	11	1.905805
15	11	1.916959
15	11	1.928349
15	11	1.93958
15	11	1.950607
15	11	1.961661
15	11	1.973025
15	11	1.984008
15	11	1.995139
15	11	2.006265
15	11	2.017366
15	11	2.028713
15	11	2.039714
15	11	2.051208
15	11	2.062175
15	11	2.07327
15	11	2.084736
15	11	2.095858
15	11	2.106656
15	11	2.118305
15	11	2.129799
15	11	2.140578
15	11	2.151512
15	11	2.163317
15	11	2.173769
15	11	2.185019
15	11	2.196606
15	11	2.208237
15	11	2.218515
15	11	2.229837
15	11	2.241017
15	11	2.252451
15	11	2.263579
15	11	2.274443
15	11	2.285509
15	11	2.29718
15	11	2.307945
15	11	2.318995
15	11	2.330652
15	11	2.341372
15	11	2.352472
15	11	2.364258
15	11	2.374794
15	11	2.386158
15	11	2.397689
15	11	2.408562
15	11	2.419533
15	11	2.431081
15	11	2.44204
15	11	2.45321
15	11	2.464369
15	11	2.475783
15	11	2.487085
15	11	2.498121
15	11	2.509145
15	11	2.520271
15	11	2.531339
15	11	2.542419
15	11	2.553869
15	11	2.564882
15	11	2.575979
15	11	2.587259
15	11	2.598211
15	11	2.609431
15	11	2.620595
15	11	2.631834
15	11	2.642949
15	11	2.654206
15	11	2.665395
15	11	2.676598
15	11	2.687629
15	11	2.698791
15	11	2.710073
15	11	2.721164
15	11	2.732475
15	11	2.743619
15	11	2.754718
15	11	2.765822
15	11	2.776894
15	11	2.788171
15	11	2.799259
15	11	2.810575
15	11	2.82174
15	11	2.832856
15	11	2.844075
15	11	2.855347
15	11	2.866578
15	11	2.877479
15	11	2.888595
15	11	2.899949
15	11	2.911138
15	11	2.922466
15	11	2.933447
15	11	2.944669
15	11	2.955957
15	11	2.966799
15	11	2.97803
15	11	2.989443
15	11	3.000322
15	11	3.011668
15	11	3.023561
15	11	3.034391
15	11	3.045031
15	11	3.056534
15	11	3.067442
15	11	3.078537
15	11	3.089711
15	11	3.100902
15	11	3.112388
15	11	3.123508
15	11	3.134479
15	11	3.145844
15	11	3.156678
15	11	3.167971
15	11	3.179249
15	11	3.190334
15	11	3.201398
15	11	3.212832
15	11	3.223832
15	11	3.234896
15	11	3.246228
15	11	3.257226
15	11	3.26846
15	11	3.279671
15	11	3.29074
15	11	3.302018
15	11	3.313221
15	11	3.324238
15	11	3.335697
15	11	3.347079
15	11	3.357802
15	11	3.368954
15	11	3.380795
15	11	3.39137
15	11	3.402475
15	11	3.413747
15	11	3.42486
15	11	3.435975
15	11	3.447387
15	11	3.458614
15	11	3.469704
15	11	3.481524
15	11	3.492412
15	11	3.503326
15	11	3.514383
15	11	3.525365
15	11	3.536591
15	11	3.548009
15	11	3.558865
15	11	3.570077
15	11	3.581442
15	11	3.592468
16	11	3.603503
16	11	3.614893
16	11	3.625882
16	11	3.637074
16	11	3.648744
16	11	3.659346
16	11	3.670529
16	11	3.681809
16	11	3.692895
16	11	3.704205
16	11	3.715381
16	10	3.72648
16	10	3.737579
16	10	3.748974
16	10	3.759853
16	10	3.771124
16	10	3.78334
16	10	3.79351
16	10	3.804954
16	10	3.815909
16	10	3.826841
16	10	3.838148
16	9	3.849216
16	9	3.860534
16	9	3.871718
16	9	3.882978
16	9	3.894154
16	9	3.905243
16	9	3.916266
16	9	3.927506
16	9	3.938657
16	9	3.949756
16	9	3.961668
16	8	3.972437
16	8	3.983314
16	8	3.994589
16	8	4.005645
16	8	4.016842
16	8	4.027975
16	8	4.039154
16	8	4.050431
16	8	4.061565
16	8	4.072886
16	8	4.084003
16	8	4.095386
16	8	4.106598
16	8	4.11795
16	8	4.128808
16	8	4.139862
16	8	4.150858
16	8	4.162096
16	8	4.173206
16	8	4.184315
16	8	4.195629
16	8	4.206651
16	8	4.217956
16	8	4.229044
16	8	4.240411
16	8	4.251355
16	8	4.262571
16	8	4.273853
16	8	4.284878
16	8	4.296094
16	8	4.307157
16	8	4.318379
16	8	4.329656
16	8	4.340747
16	8	4.352039
16	8	4.363062
16	8	4.374233
16	8	4.385294
16	8	4.396616
16	8	4.407758
16	8	4.418936
16	8	4.430608
16	8	4.441516
16	8	4.452531
16	8	4.463902
16	8	4.474688
16	8	4.485963
16	8	4.49715
16	8	4.50836
16	8	4.519586
16	8	4.530756
16	8	4.541854
16	8	4.552991
16	8	4.564037
16	8	4.575301
16	8	4.586795
16	8	4.597944
16	8	4.608818
16	8	4.620201
16	8	4.631326
16	8	4.642353
16	8	4.653496
16	8	4.664901
16	8	4.676278
16	8	4.687103
16	8	4.698587
16	8	4.709544
16	8	4.720659
16	8	4.732144
16	8	4.743047
16	8	4.754169
16	8	4.765543
16	8	4.776513
16	8	4.787562
16	8	4.799122
16	8	4.809892
16	8	4.821227
16	8	4.832389
16	8	4.843376
16	8	4.854503
16	8	4.866069
16	8	4.876933
16	8	4.888062
16	8	4.899557
16	8	4.910391
16	8	4.921589
16	8	4.932863
16	8	4.944216
16	8	4.955103
16	8	4.96636
16	8	4.977494
16	8	4.988537
16	8	4.999872
16	8	5.010927
16	8	5.022101
16	8	5.033176
16	8	5.044463
16	8	5.056339
16	8	5.066946
16	8	5.078221
16	8	5.089345
16	8	5.100814
16	8	5.111789
16	8	5.122912
16	8	5.134079
16	8	5.145022
16	8	5.15624
16	8	5.16736
16	8	5.178495
16	8	5.189769
16	8	5.201024
16	8	5.21219
16	8	5.22321
16	8	5.234332
16	8	5.245637
16	8	5.256774
16	8	5.267931
16	8	5.27907
16	8	5.290287
16	8	5.301309
16	8	5.312713
16	8	5.323632
16	8	5.334865
16	8	5.346107
16	8	5.35725
16	8	5.368468
16	8	5.379772
16	8	5.390918
16	8	5.402185
16	8	5.413099
16	8	5.424285
16	8	5.43535
16	8	5.446474
16	8	5.457618
16	8	5.468962
16	8	5.480058
16	8	5.491254
16	8	5.502347
16	8	5.51363
16	8	5.524874
16	8	5.535894
16	8	5.547003
16	8	5.55834
16	8	5.569406
16	8	5.580637
16	8	5.591893
16	8	5.602905
16	8	5.614024
16	8	5.625171
16	8	5.636547
16	8	5.64759
16	8	5.658647
16	8	5.67005
16	8	5.681563
16	8	5.692308
16	8	5.70339
16	8	5.71465
16	8	5.72574
16	8	5.736929
16	8	5.748115
16	8	5.759337
16	8	5.770648
16	8	5.781656
16	8	5.792902
16	8	5.804021
16	8	5.815218
16	8	5.826366
16	8	5.837728
16	8	5.848643
16	8	5.859844
16	8	5.871076
16	8	5.882168
16	8	5.893341
16	8	5.904729
16	8	5.91573
16	8	5.926831
16	8	5.938048
16	8	5.949378
16	8	5.960381
17	8	5.971754
17	8	5.98292
17	8	5.995261
17	8	6.005166
17	8	6.016656
17	8	6.027524
17	8	6.038537
17	8	6.049932
17	8	6.060969
17	8	6.072116
17	8	6.083605
18	8	6.094988
18	8	6.105781
18	8	6.117254
18	8	6.128085
18	8	6.139073
18	8	6.150825
18	8	6.161468
18	8	6.172652
18	8	6.183995
18	8	6.194836
18	8	6.206188
17	8	6.217314
17	8	6.228435
17	8	6.239628
17	8	6.250927
17	8	6.262051
17	8	6.273073
17	8	6.284395
17	8	6.295458
17	8	6.306837
17	8	6.31813
16	8	6.32902
16	8	6.340223
16	8	6.351365
16	8	6.362435
16	8	6.373879
16	8	6.385262
16	8	6.396253
16	8	6.407106
16	8	6.418238
16	8	6.42964
16	8	6.440545
16	8	6.451844
16	8	6.463159
16	8	6.474158
16	8	6.485394
16	8	6.496522
16	8	6.507601
16	8	6.519033
16	8	6.530008
16	8	6.541196
16	8	6.552291
16	8	6.563504
16	8	6.574752
16	8	6.58598
16	8	6.597095
16	8	6.608116
16	8	6.619627
16	8	6.630649
16	8	6.641793
16	8	6.652852
16	8	6.664121
16	8	6.675225
16	8	6.686356
16	8	6.697655
16	8	6.708753
16	8	6.7199
16	8	6.731068
16	8	6.742255
16	8	6.753341
16	8	6.764585
16	8	6.776051
16	8	6.786905
16	8	6.798184
16	8	6.809559
16	8	6.820641
16	8	6.832325
16	8	6.843101
16	8	6.854099
16	8	6.865198
16	8	6.87629
16	8	6.887493
16	8	6.898859
16	8	6.909842
16	8	6.920944
16	8	6.932378
16	8	6.943417
16	8	6.95446
16	8	6.965578
16	8	6.976797
16	8	6.988039
16	8	6.999085
16	8	7.010513
16	8	7.021436
16	8	7.032628
16	8	7.043803
16	8	7.055136
16	8	7.066134
16	8	7.078275
16	8	7.089075
16	8	7.099821
16	8	7.110999
16	8	7.122198
16	8	7.133147
16	8	7.14447
16	8	7.155578
16	8	7.166947
16	8	7.177905
16	8	7.189108
16	8	7.200338
16	8	7.211369
16	8	7.222615
16	8	7.233966
16	8	7.245222
16	8	7.256126
16	8	7.267579
16	8	7.27842
16	8	7.289618
16	8	7.301
16	8	7.311887
16	8	7.32307
16	8	7.334783
16	8	7.345725
16	8	7.356781
16	8	7.367849
16	8	7.378937
16	8	7.390347
16	8	7.401795
16	8	7.412577
16	8	7.423697
16	8	7.448503
16	8	7.453962
16	8	7.460384
16	8	7.465171
16	8	7.471637
16	8	7.482248
16	8	7.49354
16	8	7.504895
16	8	7.516053
16	8	7.527218
16	8	7.538471
16	8	7.549494
16	8	7.560644
16	8	7.571794
16	8	7.583056
16	8	7.594352
16	8	7.605296
16	8	7.616669
16	8	7.627782
16	8	7.638875
16	8	7.650257
16	8	7.661079
16	8	7.672348
16	8	7.683727
16	8	7.694934
16	8	7.705965
16	8	7.717733
16	8	7.728312
16	8	7.739524
16	8	7.750705
16	8	7.761867
16	8	7.772814
16	8	7.784711
16	8	7.795306
16	8	7.806402
16	8	7.818263
16	8	7.828792
16	8	7.840196
16	8	7.851493
16	8	7.862678
16	8	7.873841
16	8	7.885346
16	8	7.896992
16	8	7.908358
16	8	7.920096
16	8	7.931796
17	8	7.943375
17	8	7.954912
17	8	7.966486
17	8	7.97806
17	8	7.989749
17	8	8.001624
17	8	8.013039
17	8	8.024629
17	8	8.036077
17	8	8.04775
17	8	8.059971
18	8	8.07134
18	8	8.082787
18	8	8.094012
18	8	8.105098
18	8	8.116091
18	8	8.127299
18	8	8.138427
18	8	8.149662
18	8	8.16094
18	8	8.171977
18	8	8.183326
19	8	8.194362
19	8	8.205444
19	8	8.216599
19	8	8.227847
19	8	8.239194
19	8	8.250054
19	8	8.261576
19	8	8.27247
19	8	8.283626
19	8	8.294957
19	8	8.306005
19	7	8.317341
19	7	8.32861
19	7	8.340005
19	7	8.350842
19	7	8.361755
19	7	8.372946
19	7	8.384231
19	7	8.395383
19	7	8.406483
19	7	8.417813
19	6	8.429054
19	6	8.44001
19	6	8.451584
19	6	8.46241
19	6	8.473575
19	6	8.485102
19	6	8.496147
19	6	8.507359
19	6	8.51858
19	6	8.529589
19	6	8.540562
19	5	8.552101
19	5	8.562941
19	5	8.574145
19	5	8.585514
19	5	8.596543
19	5	8.607523
19	5	8.619125
19	5	8.629948
19	5	8.641305
19	5	8.652909
19	5	8.663393
19	5	8.674713
19	5	8.686009
19	5	8.697026
19	5	8.708259
19	5	8.719362
19	5	8.730523
19	5	8.742032
19	5	8.753046
19	5	8.763988
19	5	8.775112
19	5	8.786554
19	5	8.797442
19	5	8.80878
19	5	8.819881
19	5	8.830925
19	5	8.842201
19	5	8.853437
19	5	8.864497
19	5	8.875728
19	5	8.886915
19	5	8.898195
19	5	8.909365
19	5	8.920269
19	5	8.931545
19	5	8.942869
19	5	8.953993
19	5	8.965286
19	5	8.976276
19	5	8.987392
19	5	8.99863
19	5	9.009762
19	5	9.021285
19	5	9.032228
19	5	9.043327
19	5	9.054343
19	5	9.06589
19	5	9.077065
19	5	9.088182
19	5	9.099295
19	5	9.110856
19	5	9.122329
19	5	9.133605
19	5	9.144586
19	5	9.155524
19	5	9.16644
19	5	9.17768
19	5	9.188982
19	5	9.20023
19	5	9.21159
19	5	9.222338
19	5	9.233206
19	5	9.244571
19	5	9.255547
19	5	9.266623
19	5	9.278112
19	5	9.289408
19	5	9.301045
19	5	9.312091
19	5	9.323758
19	5	9.334188
19	5	9.34564
19	5	9.356565
19	5	9.36765
19	5	9.378831
19	5	9.389999
19	5	9.401189
19	5	9.412449
19	5	9.42339
19	5	9.434927
19	5	9.445887
19	5	9.456892
19	5	9.468503
19	5	9.479198
19	5	9.490661
19	5	9.501626
19	5	9.512885
19	5	9.524035
19	5	9.535169
19	5	9.546653
19	5	9.557742
19	5	9.56918
19	5	9.579831
19	5	9.591186
19	5	9.602507
19	5	9.613838
19	5	9.624497
19	5	9.63568
19	5	9.646763
19	5	9.657661
19	5	9.668891
19	5	9.680374
19	5	9.691704
19	5	9.703012
19	5	9.71424
19	5	9.724874
19	5	9.736298
19	5	9.747585
19	5	9.758345
19	5	9.769927
19	5	9.78125
19	5	9.791922
19	5	9.803592
19	5	9.814314
19	5	9.825543
19	5	9.83693
19	5	9.847813
19	5	9.858866
19	5	9.870448
19	5	9.881186
19	5	9.892582
19	5	9.90414
19	5	9.914474
19	5	9.926013
19	5	9.936871
19	5	9.948305
19	5	9.959517
19	5	9.970404
19	5	9.981516
19	5	9.992645
19	5	10.00435
19	5	10.01514
19	5	10.02616
19	5	10.0375
19	5	10.04859
19	5	10.06062
19	5	10.07171
19	5	10.08424
19	5	10.09334
19	5	10.10458
19	5	10.11584
19	5	10.12762
19	5	10.13801
19	5	10.15083
