x	y	time	x-coordinate	y-coordinate	z-coordinate
15	11	0.1097593	3.177453	1.197333	-1.905329
15	11	0.1213409	3.177361	1.197222	-1.905681
15	11	0.1308215	3.177088	1.197074	-1.905726
15	11	0.1370231	3.177312	1.196439	-1.90559
15	11	0.1438028	3.177312	1.196439	-1.90559
15	11	0.149983	3.177232	1.19622	-1.905599
15	11	0.1602266	3.177291	1.195911	-1.905576
15	11	0.1720708	3.177655	1.195374	-1.905445
15	11	0.183447	3.177753	1.195144	-1.905421
15	11	0.1940058	3.177545	1.194647	-1.905343
15	11	0.2048451	3.17779	1.194628	-1.905232
15	11	0.2163217	3.178108	1.194605	-1.904959
15	11	0.2278833	3.178438	1.194513	-1.904872
15	11	0.2387328	3.178797	1.194583	-1.904761
15	11	0.2495857	3.179235	1.194606	-1.904488
15	11	0.2610147	3.179649	1.194629	-1.904355
15	11	0.2719904	3.180164	1.194736	-1.904463
15	11	0.2830407	3.180917	1.194886	-1.904815
15	11	0.2944708	3.18162	1.195067	-1.904848
15	11	0.3056675	3.181909	1.195529	-1.905153
15	11	0.3170042	3.182334	1.195686	-1.905124
15	11	0.3279033	3.182963	1.195862	-1.905368
15	11	0.3391212	3.183514	1.196084	-1.905593
15	11	0.3501838	3.184189	1.196283	-1.905948
15	11	0.3613265	3.184845	1.196286	-1.906348
15	11	0.3725528	3.185801	1.195999	-1.906577
15	11	0.3837959	3.186478	1.19591	-1.906737
15	11	0.3948596	3.187546	1.195879	-1.907213
15	11	0.406229	3.188401	1.195719	-1.907591
15	11	0.4173392	3.189126	1.195622	-1.907751
15	11	0.4283966	3.189905	1.195626	-1.907926
15	11	0.4398333	3.191033	1.195191	-1.908135
15	11	0.4506708	3.191641	1.194995	-1.908114
15	11	0.4617316	3.192306	1.194912	-1.908297
15	11	0.4731368	3.19295	1.194839	-1.908574
15	11	0.4843979	3.193593	1.194633	-1.908744
15	11	0.495396	3.194492	1.194779	-1.908836
15	11	0.5066698	3.194933	1.19506	-1.909286
15	11	0.5176353	3.1955	1.195122	-1.909555
15	11	0.5290267	3.196126	1.195429	-1.909707
15	11	0.5400179	3.196684	1.195408	-1.910034
15	11	0.551174	3.197121	1.195461	-1.910286
15	11	0.5628103	3.197531	1.195696	-1.910357
15	11	0.573712	3.198081	1.19575	-1.910805
15	11	0.5847676	3.19861	1.195849	-1.911172
15	11	0.5959237	3.199255	1.196136	-1.911403
15	11	0.6071917	3.199924	1.196189	-1.911754
15	11	0.6182589	3.200475	1.196363	-1.911989
15	11	0.6297081	3.201161	1.196506	-1.91246
15	11	0.6407045	3.201863	1.196382	-1.912676
15	11	0.6519186	3.202203	1.196612	-1.912875
15	11	0.6629513	3.202645	1.196756	-1.913355
15	11	0.6740625	3.203085	1.197051	-1.913641
15	11	0.6854184	3.203674	1.197405	-1.914145
15	11	0.6964386	3.204134	1.197569	-1.914732
15	11	0.7075126	3.203832	1.197871	-1.914576
15	11	0.7188576	3.204426	1.198594	-1.914804
15	11	0.7302134	3.20422	1.1989	-1.915028
15	11	0.7414661	3.204462	1.199102	-1.91531
15	11	0.752372	3.204608	1.199311	-1.915551
15	11	0.763414	3.20484	1.200102	-1.915213
15	11	0.7747362	3.204383	1.200503	-1.915276
15	11	0.7860171	3.20432	1.199994	-1.915098
15	11	0.7970969	3.204261	1.200063	-1.91516
15	11	0.8081741	3.204535	1.199848	-1.915052
15	11	0.8195007	3.204713	1.199917	-1.915244
15	11	0.830951	3.204502	1.200197	-1.914914
15	11	0.8415968	3.204234	1.200564	-1.915238
15	11	0.8529218	3.204149	1.200943	-1.915552
15	11	0.8648592	3.204169	1.201225	-1.915944
15	11	0.8751008	3.204615	1.201328	-1.916284
15	11	0.8868145	3.204877	1.201715	-1.916939
15	11	0.8978344	3.205221	1.202263	-1.917415
15	11	0.9086102	3.205022	1.202966	-1.917826
15	11	0.920164	3.204367	1.203152	-1.917999
15	11	0.9313911	3.203256	1.203321	-1.916474
15	11	0.9421234	3.202826	1.203224	-1.91537
15	11	0.9533256	3.202225	1.203354	-1.914608
15	11	0.9647641	3.202057	1.203356	-1.914322
15	11	0.976679	3.201922	1.203566	-1.91393
15	11	0.9871549	3.2016	1.204137	-1.913601
15	11	0.9986572	3.201083	1.204677	-1.91337
15	11	1.009108	3.200698	1.205163	-1.913138
15	11	1.020415	3.200655	1.205807	-1.913221
15	11	1.032087	3.200196	1.206086	-1.913303
15	11	1.04286	3.200409	1.206033	-1.913121
15	11	1.054233	3.200304	1.206419	-1.913094
15	11	1.065332	3.200243	1.206827	-1.912987
15	11	1.076173	3.200196	1.207057	-1.913106
15	11	1.087282	3.200292	1.207434	-1.913207
15	11	1.09868	3.200366	1.207499	-1.913437
15	11	1.109698	3.200311	1.207622	-1.913636
15	11	1.120919	3.200265	1.207661	-1.913432
15	11	1.132034	3.200385	1.207761	-1.91304
15	11	1.143324	3.200599	1.207587	-1.912676
15	11	1.154518	3.200567	1.207223	-1.912053
15	11	1.165779	3.200659	1.206956	-1.911341
15	11	1.17682	3.200652	1.206379	-1.910963
15	11	1.187925	3.200606	1.205534	-1.910409
15	11	1.199455	3.200609	1.204563	-1.909896
15	11	1.210163	3.200881	1.203798	-1.90969
15	11	1.221372	3.201033	1.202953	-1.909293
15	11	1.233228	3.201399	1.202206	-1.909009
15	11	1.243651	3.201928	1.20148	-1.908503
15	11	1.25524	3.202531	1.200888	-1.908569
15	11	1.266011	3.202783	1.200435	-1.908006
15	11	1.277428	3.203204	1.199943	-1.907559
15	11	1.288347	3.203325	1.199134	-1.907501
15	11	1.29969	3.203756	1.199016	-1.907248
15	11	1.310804	3.204038	1.198953	-1.907119
15	11	1.322009	3.204347	1.198877	-1.906964
15	11	1.333071	3.20445	1.199173	-1.906367
15	11	1.344458	3.20475	1.199115	-1.906162
15	11	1.355654	3.204969	1.199507	-1.905465
15	11	1.366612	3.205013	1.199501	-1.905297
15	11	1.378259	3.205149	1.199644	-1.905185
15	11	1.388886	3.205171	1.19994	-1.904568
15	11	1.400015	3.205258	1.200144	-1.904391
15	11	1.411246	3.205466	1.200273	-1.904218
15	11	1.422355	3.205606	1.200375	-1.904244
15	11	1.433467	3.205951	1.200678	-1.904214
15	11	1.444884	3.205968	1.201142	-1.904214
15	11	1.456342	3.206027	1.201389	-1.904226
15	11	1.467012	3.205836	1.201697	-1.904057
15	11	1.478514	3.205503	1.202507	-1.904236
15	11	1.489328	3.205472	1.203032	-1.903929
15	11	1.500601	3.205497	1.203439	-1.903924
15	11	1.511995	3.205392	1.203954	-1.904051
15	11	1.523057	3.205333	1.204535	-1.903854
15	11	1.534427	3.205184	1.204888	-1.903931
15	11	1.545889	3.205233	1.20501	-1.903927
15	11	1.556706	3.204995	1.205162	-1.903791
15	11	1.567918	3.205132	1.205414	-1.90393
15	11	1.578746	3.205338	1.205373	-1.903853
15	11	1.590067	3.205311	1.205325	-1.904137
15	11	1.601071	3.20589	1.205731	-1.904275
15	11	1.61227	3.205998	1.20593	-1.904367
15	11	1.623529	3.206057	1.205836	-1.904764
15	11	1.634637	3.205729	1.205852	-1.90472
15	11	1.646076	3.205691	1.206038	-1.904974
15	11	1.657315	3.205865	1.206293	-1.904977
15	11	1.668393	3.205543	1.206283	-1.904938
15	11	1.679545	3.205673	1.206441	-1.905093
15	11	1.690446	3.205935	1.206677	-1.905283
15	11	1.701683	3.205849	1.206843	-1.905216
15	11	1.712839	3.205828	1.207227	-1.905393
15	11	1.724267	3.205812	1.207153	-1.905534
15	11	1.735625	3.206028	1.207296	-1.90555
15	11	1.746422	3.206085	1.207424	-1.905671
15	11	1.757473	3.206047	1.207299	-1.905584
15	11	1.768664	3.205894	1.207264	-1.90551
15	11	1.780133	3.206034	1.207211	-1.90556
15	11	1.791027	3.206112	1.207263	-1.905439
15	11	1.802255	3.206151	1.207211	-1.905412
15	11	1.8139	3.20627	1.207194	-1.905454
15	11	1.824719	3.206568	1.207328	-1.905548
15	11	1.835837	3.206433	1.20722	-1.905461
15	11	1.846841	3.20668	1.206954	-1.905455
15	11	1.858155	3.206944	1.207057	-1.905506
15	11	1.86943	3.207005	1.206933	-1.905497
15	11	1.880681	3.206967	1.20696	-1.905721
15	11	1.891655	3.207011	1.206744	-1.905741
15	11	1.902822	3.206982	1.206594	-1.905754
15	11	1.914227	3.207151	1.206397	-1.905855
15	11	1.925162	3.207181	1.206027	-1.90619
15	11	1.936438	3.20716	1.20587	-1.906205
15	11	1.947796	3.207159	1.205851	-1.906438
15	11	1.958745	3.207329	1.20575	-1.906736
15	11	1.969887	3.207347	1.205666	-1.906757
15	11	1.981653	3.207601	1.205425	-1.906852
15	11	1.992143	3.207706	1.205299	-1.906901
15	11	2.003169	3.207858	1.205249	-1.906968
15	11	2.014517	3.208233	1.204951	-1.907015
15	11	2.025607	3.208311	1.204909	-1.906853
15	11	2.03715	3.208296	1.204861	-1.906833
15	11	2.048504	3.208079	1.205374	-1.907256
15	11	2.059373	3.208149	1.205286	-1.90756
15	11	2.070781	3.208424	1.20542	-1.907694
15	11	2.082007	3.208598	1.205465	-1.907828
15	11	2.092919	3.20877	1.205595	-1.907886
15	11	2.103825	3.208902	1.205695	-1.907904
15	11	2.11516	3.209325	1.20575	-1.90811
15	11	2.126346	3.209493	1.205987	-1.908162
15	11	2.137864	3.209204	1.206159	-1.908207
15	11	2.148808	3.209336	1.206295	-1.908348
15	11	2.159655	3.209291	1.206235	-1.908499
15	11	2.170765	3.209437	1.206414	-1.908677
15	11	2.182282	3.209437	1.20663	-1.908912
15	11	2.194103	3.209805	1.207175	-1.90884
15	11	2.204425	3.209849	1.207346	-1.908969
15	11	2.215775	3.210071	1.207468	-1.909209
15	11	2.22683	3.210018	1.207467	-1.909444
15	11	2.23776	3.210008	1.207546	-1.909574
15	11	2.24942	3.209669	1.207699	-1.909514
15	11	2.260046	3.209668	1.207744	-1.909683
15	11	2.271581	3.209606	1.207965	-1.909907
15	11	2.283002	3.209461	1.207976	-1.909847
15	11	2.294306	3.209344	1.207818	-1.910136
15	11	2.304858	3.209292	1.207778	-1.910309
15	11	2.316096	3.209165	1.207672	-1.910365
15	11	2.327502	3.209108	1.207543	-1.910617
15	11	2.338514	3.20945	1.207285	-1.910666
15	11	2.349754	3.209569	1.207295	-1.91091
15	11	2.360643	3.20936	1.207336	-1.910776
15	11	2.371775	3.209371	1.207278	-1.91094
15	11	2.38379	3.209499	1.207334	-1.911319
15	11	2.394397	3.20931	1.207238	-1.911373
15	11	2.405368	3.20923	1.207218	-1.911601
15	11	2.416581	3.20921	1.207112	-1.911821
15	11	2.427753	3.209224	1.206934	-1.912071
15	11	2.438922	3.20936	1.206616	-1.91215
15	11	2.450282	3.209514	1.206555	-1.912501
15	11	2.461205	3.209921	1.206672	-1.912478
15	11	2.472747	3.21005	1.206455	-1.912403
15	11	2.483557	3.210014	1.20631	-1.912222
15	11	2.495234	3.209934	1.206186	-1.912126
15	11	2.505884	3.209969	1.20607	-1.912086
15	11	2.517084	3.210096	1.205961	-1.9122
15	11	2.528272	3.209942	1.20564	-1.912221
15	11	2.539312	3.209935	1.205456	-1.912159
15	11	2.550761	3.209941	1.205303	-1.912139
15	11	2.561639	3.209601	1.205033	-1.912035
15	11	2.572875	3.20959	1.204854	-1.911889
15	11	2.584188	3.209423	1.20472	-1.911672
15	11	2.595253	3.209343	1.204628	-1.911649
15	11	2.606666	3.209394	1.204424	-1.911477
15	11	2.61756	3.209378	1.20446	-1.911496
15	11	2.628736	3.209425	1.204565	-1.911436
15	11	2.639921	3.209459	1.204493	-1.911314
15	11	2.651053	3.209564	1.204547	-1.911504
15	11	2.662428	3.20957	1.204659	-1.911314
15	11	2.673386	3.209457	1.204772	-1.911312
15	11	2.684546	3.209498	1.204845	-1.911353
15	11	2.695716	3.209515	1.204914	-1.911243
15	11	2.707087	3.209371	1.205121	-1.911222
15	11	2.718077	3.209313	1.205158	-1.911103
15	11	2.729296	3.209309	1.205059	-1.911214
15	11	2.740654	3.209359	1.204976	-1.91113
15	11	2.752007	3.209201	1.204897	-1.911002
15	11	2.762882	3.209364	1.204768	-1.911261
15	11	2.774256	3.209411	1.204571	-1.911188
15	11	2.785066	3.209197	1.204434	-1.911053
15	11	2.796381	3.209214	1.204459	-1.910952
15	11	2.807607	3.208772	1.204692	-1.91107
15	11	2.81878	3.208643	1.204598	-1.911202
15	11	2.829767	3.2086	1.20454	-1.911278
15	11	2.840999	3.208203	1.204494	-1.91128
15	11	2.852067	3.207783	1.204367	-1.911203
15	11	2.863249	3.207191	1.204338	-1.910839
15	11	2.874683	3.206543	1.204399	-1.910692
15	11	2.885848	3.205857	1.204314	-1.910357
15	11	2.896783	3.204945	1.203995	-1.910156
15	11	2.907957	3.204226	1.203704	-1.909605
15	11	2.919486	3.203467	1.203556	-1.909316
15	11	2.930428	3.202512	1.203244	-1.908938
15	11	2.941408	3.201736	1.203028	-1.908239
15	11	2.952919	3.200777	1.203009	-1.907184
15	11	2.963838	3.199989	1.203347	-1.90575
15	11	2.975033	3.198769	1.204133	-1.904648
15	11	2.986504	3.197729	1.204999	-1.902311
15	11	2.997414	3.196479	1.20593	-1.899895
15	11	3.008876	3.195008	1.207234	-1.896304
15	11	3.01989	3.193227	1.208959	-1.892245
15	11	3.030979	3.191612	1.210068	-1.889045
15	10	3.042133	3.190176	1.21218	-1.883262
15	10	3.053488	3.188869	1.214821	-1.876533
15	10	3.064461	3.187761	1.217808	-1.868617
15	10	3.075793	3.186489	1.22146	-1.859353
15	10	3.086833	3.185326	1.225025	-1.85027
15	10	3.097838	3.184496	1.229445	-1.838994
15	10	3.108956	3.183613	1.234354	-1.826684
15	10	3.12015	3.183484	1.23874	-1.813821
15	10	3.131371	3.1831	1.243001	-1.80089
15	10	3.142619	3.184304	1.245898	-1.787383
15	10	3.154031	3.185922	1.249174	-1.774522
15	11	3.164886	3.188362	1.251523	-1.762476
15	11	3.176002	3.190777	1.254284	-1.75015
15	11	3.187381	3.193717	1.256711	-1.737852
15	11	3.198443	3.197423	1.260379	-1.724588
15	11	3.209585	3.200685	1.262975	-1.71321
15	11	3.220881	3.204858	1.265207	-1.702625
15	11	3.23234	3.209451	1.268551	-1.692614
15	11	3.243469	3.213676	1.270565	-1.685434
15	11	3.254895	3.216765	1.272815	-1.67776
15	11	3.265412	3.219107	1.275587	-1.672537
15	11	3.27715	3.221874	1.276965	-1.668898
15	11	3.287945	3.22345	1.278567	-1.665165
15	11	3.299131	3.225299	1.281555	-1.660803
15	11	3.310038	3.228014	1.281159	-1.657818
15	11	3.321725	3.229879	1.282205	-1.654886
15	11	3.332638	3.230754	1.28363	-1.651757
15	11	3.344095	3.231935	1.283836	-1.649971
15	11	3.354918	3.233313	1.283399	-1.649547
15	11	3.366182	3.234264	1.283403	-1.648964
15	11	3.377358	3.235194	1.283964	-1.64901
15	11	3.388771	3.236832	1.284199	-1.649619
15	11	3.399779	3.237545	1.284599	-1.64948
15	11	3.41066	3.237929	1.285389	-1.65001
15	11	3.421764	3.238939	1.285052	-1.651327
15	11	3.43309	3.239737	1.28511	-1.651524
15	11	3.444172	3.240127	1.284947	-1.652071
15	11	3.455259	3.240681	1.284158	-1.653518
15	11	3.466692	3.240802	1.283751	-1.653863
15	11	3.477916	3.241244	1.282983	-1.654344
15	11	3.488831	3.241917	1.282498	-1.655804
15	11	3.500156	3.242236	1.282336	-1.656253
15	11	3.511242	3.242932	1.282675	-1.656647
15	11	3.522271	3.24372	1.283064	-1.65707
15	11	3.533667	3.244425	1.283894	-1.657237
15	11	3.544816	3.24523	1.284632	-1.65755
15	11	3.555973	3.246037	1.285177	-1.658822
15	11	3.567241	3.246116	1.285724	-1.659648
15	11	3.57822	3.246619	1.286401	-1.660726
15	11	3.589255	3.246851	1.286963	-1.662175
15	11	3.600579	3.246779	1.28784	-1.664332
15	11	3.611776	3.246229	1.288579	-1.667328
15	11	3.622934	3.244859	1.289869	-1.671192
15	11	3.634144	3.243213	1.290491	-1.675525
15	11	3.645125	3.240366	1.290313	-1.681972
15	11	3.656404	3.23638	1.289535	-1.688079
15	11	3.667532	3.232405	1.287711	-1.696062
15	11	3.6786	3.226797	1.284286	-1.704574
16	11	3.690006	3.220678	1.281902	-1.711711
16	11	3.70118	3.212917	1.276623	-1.722276
16	11	3.71212	3.204164	1.26965	-1.733784
16	11	3.723577	3.195432	1.263034	-1.745326
16	11	3.734825	3.188098	1.255353	-1.758449
16	11	3.745692	3.181232	1.248657	-1.770828
16	11	3.757173	3.175744	1.241116	-1.783495
16	11	3.767994	3.17045	1.23356	-1.795102
16	11	3.779369	3.164972	1.226601	-1.807753
16	11	3.790418	3.160417	1.216826	-1.820986
16	11	3.801642	3.155169	1.20839	-1.83266
16	10	3.812838	3.152105	1.201335	-1.845114
16	10	3.824424	3.15047	1.192972	-1.85743
16	10	3.835107	3.148364	1.186595	-1.867711
16	10	3.846199	3.147653	1.182337	-1.877925
16	10	3.85767	3.146554	1.175422	-1.889838
16	10	3.868856	3.145769	1.17112	-1.897759
16	10	3.879803	3.144969	1.166759	-1.906638
16	10	3.890884	3.144937	1.162247	-1.913742
16	10	3.902351	3.145369	1.158142	-1.9196
16	10	3.913241	3.145552	1.153642	-1.926447
16	10	3.924684	3.146222	1.149828	-1.932343
16	9	3.935795	3.14802	1.146877	-1.937539
16	9	3.946944	3.150305	1.143375	-1.941095
16	9	3.957934	3.151629	1.141028	-1.944748
16	9	3.969181	3.153535	1.139333	-1.947393
16	9	3.980845	3.154887	1.137888	-1.949279
16	9	3.991666	3.155919	1.137183	-1.950328
16	9	4.002893	3.157213	1.136766	-1.951893
16	9	4.013965	3.158376	1.13567	-1.953595
16	9	4.025139	3.159008	1.135927	-1.954481
16	9	4.036331	3.159729	1.136048	-1.956077
16	9	4.047657	3.161332	1.135365	-1.957361
16	8	4.058555	3.162216	1.13621	-1.958255
16	8	4.069714	3.163042	1.136556	-1.95951
16	8	4.080968	3.164022	1.136384	-1.960529
16	8	4.09189	3.164383	1.136924	-1.960806
16	8	4.10333	3.164675	1.13718	-1.961223
16	8	4.114349	3.164413	1.137907	-1.961754
16	8	4.125603	3.164388	1.138124	-1.961311
16	8	4.136705	3.164968	1.138107	-1.961773
16	8	4.147984	3.165524	1.13776	-1.962175
16	8	4.159172	3.166088	1.137415	-1.962476
16	8	4.170342	3.166823	1.136894	-1.963056
16	8	4.181342	3.167165	1.136582	-1.963651
16	8	4.192498	3.167385	1.136787	-1.963395
16	8	4.203856	3.167256	1.136543	-1.963691
16	8	4.215545	3.167105	1.136353	-1.964074
16	8	4.227227	3.166934	1.136294	-1.963945
16	8	4.237267	3.166479	1.135739	-1.964099
16	8	4.248789	3.166601	1.13533	-1.964336
16	8	4.259841	3.166736	1.134846	-1.964842
16	8	4.271482	3.166864	1.134538	-1.96495
16	8	4.281886	3.16677	1.134493	-1.964979
16	8	4.293005	3.166693	1.134723	-1.964949
16	8	4.304285	3.166373	1.13479	-1.96475
16	8	4.315615	3.166111	1.134958	-1.964431
16	8	4.32705	3.165823	1.135028	-1.964344
16	8	4.337879	3.165624	1.1353	-1.963909
16	8	4.349312	3.165787	1.135645	-1.963341
16	8	4.360102	3.165864	1.136059	-1.962256
16	8	4.371253	3.166427	1.137264	-1.960743
16	8	4.382687	3.167422	1.138669	-1.95825
16	8	4.393753	3.168559	1.140394	-1.954667
16	8	4.404787	3.170146	1.142933	-1.949624
16	8	4.415918	3.171846	1.14539	-1.944513
16	8	4.427368	3.173631	1.148153	-1.938061
16	8	4.438376	3.176648	1.151617	-1.930949
16	8	4.449528	3.18129	1.155474	-1.924431
16	8	4.460729	3.18632	1.158951	-1.917498
16	8	4.472396	3.191004	1.163308	-1.910398
16	8	4.483279	3.197299	1.167969	-1.902023
16	8	4.494225	3.203865	1.172888	-1.893191
16	8	4.50549	3.211425	1.1774	-1.884045
16	8	4.516629	3.217892	1.18177	-1.87485
16	8	4.527834	3.225723	1.185973	-1.865852
16	8	4.539105	3.23407	1.19006	-1.857556
17	8	4.549894	3.242062	1.192777	-1.850662
17	8	4.561271	3.25001	1.195756	-1.843991
17	8	4.572813	3.256769	1.196123	-1.839297
17	8	4.583726	3.261353	1.197017	-1.835841
17	8	4.59476	3.265759	1.1996	-1.831146
17	8	4.605749	3.269366	1.199797	-1.827272
17	8	4.617154	3.272311	1.200861	-1.823324
17	8	4.628143	3.275518	1.203674	-1.81882
17	8	4.639506	3.278291	1.20471	-1.81535
17	8	4.650886	3.280869	1.206715	-1.812045
17	8	4.661683	3.283185	1.208933	-1.80827
18	8	4.672751	3.285999	1.210496	-1.804758
18	8	4.684328	3.288503	1.212185	-1.801969
18	8	4.695332	3.290412	1.212311	-1.800749
18	8	4.706391	3.292768	1.213409	-1.798455
18	8	4.717547	3.294932	1.214628	-1.796803
18	8	4.728843	3.296427	1.214484	-1.795704
18	8	4.739933	3.297718	1.215264	-1.794093
18	8	4.75111	3.298707	1.215442	-1.792907
18	8	4.762208	3.299135	1.215654	-1.791574
18	8	4.77331	3.300093	1.215386	-1.790501
18	8	4.784974	3.300889	1.215251	-1.789937
19	8	4.796284	3.301488	1.216049	-1.78795
19	8	4.807092	3.301578	1.216212	-1.788056
19	8	4.818539	3.301663	1.215803	-1.787944
19	8	4.829242	3.301294	1.214928	-1.78837
19	8	4.840483	3.301218	1.214628	-1.788616
19	8	4.851892	3.30105	1.214259	-1.789046
19	8	4.862696	3.300276	1.213391	-1.789695
19	8	4.874067	3.30002	1.212687	-1.79019
19	8	4.885533	3.299458	1.212063	-1.790757
19	8	4.89625	3.298766	1.210912	-1.79188
19	8	4.907333	3.297895	1.210586	-1.792941
20	8	4.918667	3.297037	1.209705	-1.793877
20	8	4.929706	3.295787	1.20813	-1.795323
20	8	4.940826	3.294438	1.206633	-1.796229
20	8	4.952593	3.292981	1.205534	-1.79727
20	8	4.963478	3.29071	1.204037	-1.798366
20	8	4.974307	3.28857	1.202516	-1.79916
20	8	4.985939	3.286015	1.201462	-1.800624
20	8	4.996654	3.283126	1.200648	-1.801545
20	8	5.008058	3.280044	1.200325	-1.802697
20	8	5.019395	3.276812	1.199969	-1.80317
20	8	5.030479	3.273473	1.19988	-1.803379
21	8	5.04158	3.270655	1.1996	-1.803299
21	8	5.052642	3.267221	1.19974	-1.803034
21	8	5.063741	3.263538	1.199681	-1.803073
21	8	5.074912	3.259696	1.200428	-1.802707
21	8	5.086133	3.255961	1.201231	-1.802471
21	8	5.097236	3.251785	1.201395	-1.802547
21	8	5.108576	3.247745	1.202169	-1.80158
21	8	5.119485	3.243394	1.203897	-1.800262
21	8	5.130996	3.239226	1.206184	-1.798718
21	8	5.141974	3.234657	1.209416	-1.797417
21	8	5.153293	3.230407	1.212809	-1.795514
22	8	5.164427	3.225948	1.216305	-1.793828
22	8	5.175368	3.221739	1.219998	-1.792279
22	8	5.186755	3.21779	1.224159	-1.79062
22	8	5.197705	3.214014	1.228396	-1.789495
22	8	5.209119	3.210443	1.232592	-1.788245
22	8	5.220199	3.20684	1.237793	-1.786942
22	8	5.23126	3.203617	1.243557	-1.786147
22	8	5.242876	3.200867	1.250217	-1.784946
22	8	5.253638	3.198254	1.259087	-1.782523
22	8	5.265428	3.195562	1.269427	-1.779982
22	8	5.276372	3.193358	1.280423	-1.777384
22	9	5.287783	3.190761	1.290325	-1.774969
22	9	5.298329	3.18805	1.299816	-1.774157
22	9	5.309458	3.186888	1.309366	-1.773092
22	9	5.320757	3.185894	1.318595	-1.772297
22	9	5.331687	3.1859	1.326676	-1.771985
22	9	5.34292	3.185258	1.334789	-1.771605
22	9	5.354285	3.186164	1.340732	-1.770536
22	9	5.365592	3.18831	1.34509	-1.770147
22	9	5.376654	3.188816	1.348629	-1.770084
22	9	5.387944	3.19006	1.351568	-1.769756
22	9	5.398782	3.192264	1.353083	-1.767966
22	10	5.410187	3.19179	1.353938	-1.767822
22	10	5.421746	3.192219	1.353891	-1.766653
22	10	5.432562	3.193023	1.353081	-1.766282
22	10	5.443493	3.192832	1.352472	-1.766127
22	10	5.454784	3.193189	1.352342	-1.765406
22	10	5.465889	3.194168	1.351596	-1.765169
22	10	5.477032	3.194889	1.35063	-1.764753
22	10	5.488237	3.195523	1.349277	-1.765526
22	10	5.499261	3.19656	1.348815	-1.765532
22	10	5.510543	3.198052	1.347895	-1.765205
22	10	5.521867	3.198595	1.346014	-1.766323
22	11	5.533	3.198953	1.345444	-1.766135
22	11	5.54432	3.200113	1.344933	-1.766538
22	11	5.555194	3.200143	1.34375	-1.766835
22	11	5.566725	3.199805	1.342962	-1.767272
22	11	5.577884	3.199991	1.342083	-1.767661
22	11	5.58888	3.199624	1.340922	-1.767197
22	11	5.599844	3.200073	1.33986	-1.767541
22	11	5.61128	3.200429	1.33873	-1.767738
22	11	5.622573	3.200835	1.338519	-1.767185
22	11	5.633413	3.201315	1.338095	-1.767201
22	12	5.644593	3.201786	1.337697	-1.767117
22	12	5.655703	3.202166	1.337395	-1.766986
22	12	5.667263	3.202255	1.336822	-1.766964
22	12	5.678108	3.2025	1.33614	-1.767081
22	12	5.689165	3.202766	1.33542	-1.76711
22	12	5.700541	3.202421	1.333991	-1.7673
22	12	5.711475	3.20228	1.332422	-1.767686
22	12	5.722785	3.202219	1.330621	-1.768007
22	12	5.734365	3.201828	1.327851	-1.768359
22	12	5.745088	3.201436	1.324255	-1.768741
22	12	5.756292	3.200873	1.319706	-1.769663
22	13	5.767652	3.200198	1.314539	-1.770145
22	13	5.778738	3.198711	1.309322	-1.770687
22	13	5.79006	3.197066	1.302959	-1.770109
22	13	5.801669	3.19466	1.293684	-1.770388
22	13	5.812058	3.19138	1.283273	-1.771082
22	13	5.823164	3.188296	1.270862	-1.772099
22	13	5.834744	3.185863	1.259158	-1.772946
22	13	5.845725	3.182956	1.245327	-1.77418
22	13	5.857121	3.181602	1.230634	-1.774567
22	13	5.868408	3.181556	1.214936	-1.77465
22	13	5.879186	3.1821	1.199529	-1.774653
22	12	5.890512	3.182566	1.184989	-1.774434
22	12	5.901604	3.183079	1.170237	-1.775319
22	12	5.912807	3.184124	1.157592	-1.778042
22	12	5.92385	3.185376	1.146068	-1.780401
22	12	5.935067	3.184811	1.135421	-1.782618
22	12	5.946404	3.186001	1.12528	-1.784906
22	12	5.957414	3.186905	1.117696	-1.787745
22	12	5.968915	3.186067	1.111624	-1.789324
22	12	5.979975	3.188003	1.104844	-1.789901
22	12	5.991608	3.187204	1.099185	-1.792621
22	12	6.002514	3.185723	1.093576	-1.794085
22	11	6.013442	3.186348	1.08892	-1.795432
22	11	6.025322	3.185789	1.084312	-1.797819
22	11	6.036222	3.185326	1.081141	-1.799178
22	11	6.046988	3.185688	1.07775	-1.800005
22	11	6.057922	3.185858	1.074748	-1.801261
22	11	6.069446	3.186005	1.07276	-1.801825
22	11	6.08015	3.1862	1.071048	-1.802048
22	11	6.091321	3.186326	1.070341	-1.801628
22	11	6.102748	3.186271	1.069048	-1.801743
22	11	6.113779	3.186172	1.067748	-1.802275
22	11	6.124858	3.186387	1.067575	-1.80196
22	10	6.136285	3.186598	1.066682	-1.802343
22	10	6.147472	3.186663	1.065855	-1.802992
22	10	6.158533	3.187189	1.066137	-1.802997
22	10	6.169624	3.187789	1.065736	-1.803378
22	10	6.180854	3.188275	1.065315	-1.803553
22	10	6.191921	3.188728	1.065506	-1.803363
22	10	6.203382	3.188766	1.065166	-1.803307
22	10	6.214352	3.189214	1.064961	-1.803304
22	10	6.225729	3.189798	1.065525	-1.802884
22	10	6.236868	3.190041	1.065328	-1.802853
22	10	6.248659	3.190598	1.064932	-1.802674
22	9	6.259065	3.191021	1.065116	-1.802501
22	9	6.27038	3.191574	1.065082	-1.80275
22	9	6.281671	3.191966	1.064911	-1.802888
22	9	6.292747	3.192224	1.065187	-1.80249
22	9	6.303735	3.192551	1.06521	-1.802671
22	9	6.315087	3.192889	1.06516	-1.802849
22	9	6.326065	3.193082	1.065237	-1.802714
22	9	6.337528	3.193055	1.065164	-1.802603
22	9	6.34819	3.193351	1.065042	-1.802601
22	9	6.359946	3.193386	1.064995	-1.802365
22	9	6.370668	3.193611	1.065032	-1.802347
22	8	6.381927	3.193861	1.065011	-1.802328
22	8	6.392906	3.194003	1.065336	-1.801971
22	8	6.40414	3.193972	1.065445	-1.801941
22	8	6.41557	3.193891	1.065524	-1.801807
22	8	6.426528	3.19393	1.065726	-1.801801
22	8	6.437841	3.193882	1.06574	-1.801766
22	8	6.448839	3.193913	1.066135	-1.801958
22	8	6.459974	3.193982	1.067175	-1.80183
22	8	6.471202	3.193672	1.067883	-1.801462
22	8	6.48238	3.193564	1.068827	-1.801326
22	8	6.493534	3.19353	1.070316	-1.801005
22	7	6.504621	3.193229	1.071969	-1.800685
22	7	6.515951	3.192663	1.073947	-1.800287
22	7	6.527374	3.192115	1.076372	-1.799854
22	7	6.538169	3.191212	1.079205	-1.799284
22	7	6.549438	3.19103	1.081696	-1.798404
22	7	6.560447	3.190564	1.086083	-1.797306
22	7	6.571916	3.190181	1.090846	-1.796193
22	7	6.582882	3.190105	1.095937	-1.794304
22	7	6.594077	3.189529	1.10162	-1.793007
22	7	6.605484	3.188909	1.107135	-1.790916
22	7	6.616395	3.188069	1.114809	-1.788963
22	6	6.627799	3.18725	1.123171	-1.787596
22	6	6.638686	3.186996	1.132476	-1.785342
22	6	6.649954	3.186623	1.143	-1.782999
22	6	6.661202	3.186361	1.153096	-1.781451
22	6	6.672521	3.186669	1.165087	-1.778926
22	6	6.6834	3.187045	1.177475	-1.776229
22	6	6.69497	3.187396	1.189015	-1.77381
22	6	6.705795	3.189162	1.200747	-1.771127
22	6	6.717016	3.190972	1.212485	-1.768927
22	6	6.728192	3.1944	1.224107	-1.767365
22	6	6.739116	3.196846	1.235754	-1.76702
22	5	6.750324	3.199821	1.246384	-1.765911
22	5	6.761488	3.204826	1.256807	-1.763692
22	5	6.772768	3.209572	1.264492	-1.762699
22	5	6.783779	3.214448	1.270206	-1.761203
22	5	6.795304	3.219804	1.274419	-1.759753
22	5	6.806463	3.223078	1.278957	-1.758517
22	5	6.817522	3.226084	1.279541	-1.757219
22	5	6.829067	3.228871	1.279983	-1.754795
22	5	6.83973	3.22911	1.279964	-1.753979
22	5	6.851149	3.229997	1.279377	-1.753199
22	5	6.86236	3.231487	1.281031	-1.75086
22	6	6.873482	3.232244	1.281101	-1.749541
22	6	6.884406	3.232698	1.281656	-1.749082
22	6	6.895597	3.232764	1.282115	-1.748332
22	6	6.906875	3.233498	1.2821	-1.747151
22	6	6.918089	3.233562	1.282899	-1.746257
22	6	6.929214	3.233371	1.283009	-1.746211
22	6	6.940412	3.234079	1.283605	-1.745553
22	6	6.951375	3.233884	1.284671	-1.744864
22	6	6.962735	3.232992	1.285013	-1.745521
22	6	6.973865	3.232999	1.285883	-1.745134
22	6	6.985605	3.232497	1.286783	-1.744161
22	7	6.996098	3.231589	1.287118	-1.744102
22	7	7.007186	3.231286	1.287431	-1.743585
22	7	7.018891	3.230742	1.287639	-1.743083
22	7	7.029572	3.229911	1.287406	-1.743055
22	7	7.041177	3.229348	1.287585	-1.74276
22	7	7.052323	3.228814	1.287927	-1.74266
22	7	7.063259	3.227835	1.288232	-1.742786
22	7	7.074215	3.227115	1.288733	-1.742899
22	7	7.086072	3.226568	1.289465	-1.743322
22	7	7.09694	3.225916	1.290247	-1.743791
22	7	7.107824	3.225212	1.29131	-1.744287
22	8	7.119258	3.224894	1.292305	-1.744869
22	8	7.130115	3.224358	1.292976	-1.745299
22	8	7.141664	3.223904	1.29364	-1.745432
22	8	7.152927	3.223481	1.294371	-1.745642
22	8	7.163569	3.22274	1.294685	-1.745928
22	8	7.175021	3.221901	1.295748	-1.746002
22	8	7.186109	3.221343	1.296693	-1.746011
22	8	7.197256	3.220883	1.297866	-1.745751
22	8	7.208605	3.220321	1.298933	-1.745763
22	8	7.219965	3.219706	1.299797	-1.745457
22	8	7.230656	3.21992	1.300909	-1.745571
22	8	7.241747	3.2195	1.302188	-1.745578
22	8	7.253467	3.219342	1.303441	-1.745784
22	8	7.264297	3.219055	1.304362	-1.746263
22	8	7.275682	3.219013	1.305543	-1.746244
22	8	7.287522	3.218843	1.306658	-1.746069
22	8	7.297981	3.219388	1.307724	-1.746356
22	8	7.309255	3.219274	1.308879	-1.74628
22	8	7.320356	3.219133	1.309739	-1.745849
22	8	7.331336	3.219038	1.310649	-1.745406
22	8	7.342562	3.21909	1.311164	-1.745252
22	8	7.354011	3.219116	1.311558	-1.745095
22	9	7.365512	3.219208	1.31214	-1.74492
22	9	7.376009	3.219483	1.312601	-1.74471
22	9	7.387084	3.219772	1.313384	-1.744661
22	9	7.398333	3.220143	1.314406	-1.744307
22	9	7.409601	3.219834	1.315848	-1.744643
22	9	7.420885	3.220122	1.316619	-1.744806
22	9	7.43179	3.220147	1.317095	-1.744741
22	9	7.443481	3.220288	1.317338	-1.74475
22	9	7.455366	3.220489	1.317526	-1.744972
22	9	7.465304	3.221113	1.317939	-1.745016
22	9	7.476655	3.221625	1.317824	-1.744893
22	10	7.487855	3.222002	1.317989	-1.745
22	10	7.498685	3.222265	1.318194	-1.744914
22	10	7.509881	3.222754	1.318319	-1.744706
22	10	7.521155	3.223167	1.318658	-1.744834
22	10	7.532305	3.223353	1.318868	-1.744779
22	10	7.543334	3.223544	1.318954	-1.744733
22	10	7.554677	3.223595	1.319032	-1.744691
22	10	7.565818	3.22357	1.318964	-1.744827
22	10	7.577008	3.223629	1.318884	-1.744909
22	10	7.588272	3.223643	1.318992	-1.744705
22	10	7.599286	3.223775	1.318931	-1.744662
22	11	7.6107	3.223852	1.318709	-1.744481
22	11	7.621502	3.22399	1.318607	-1.744465
22	11	7.632867	3.224296	1.318531	-1.744258
22	11	7.644254	3.224178	1.318725	-1.744074
22	11	7.655242	3.224354	1.318784	-1.743725
22	11	7.666628	3.22459	1.318779	-1.743201
22	11	7.677599	3.22484	1.318346	-1.742502
22	11	7.688585	3.224945	1.318033	-1.74201
22	11	7.69979	3.224769	1.317393	-1.741244
22	11	7.711319	3.224794	1.316771	-1.740458
22	11	7.72205	3.225045	1.315994	-1.739205
22	12	7.733541	3.225392	1.315042	-1.738119
22	12	7.744514	3.225808	1.313716	-1.736719
22	12	7.756147	3.22637	1.312041	-1.735365
22	12	7.767176	3.226725	1.31065	-1.734478
22	12	7.778092	3.22677	1.309018	-1.734249
22	12	7.789232	3.22657	1.307198	-1.734584
22	12	7.800304	3.225374	1.305157	-1.736184
22	12	7.811458	3.22292	1.302568	-1.739989
22	12	7.822661	3.219874	1.300264	-1.744279
22	12	7.834047	3.214854	1.297123	-1.752975
22	13	7.845187	3.210445	1.293129	-1.761125
22	13	7.856242	3.203709	1.290725	-1.771123
22	13	7.86744	3.198456	1.287653	-1.783067
22	13	7.878492	3.194702	1.28414	-1.793355
22	13	7.889794	3.190871	1.282084	-1.802039
22	13	7.900973	3.186998	1.279511	-1.81063
22	13	7.911998	3.183557	1.277571	-1.818196
22	13	7.923452	3.18003	1.273689	-1.825876
22	13	7.934427	3.176589	1.270296	-1.832502
22	13	7.945812	3.173695	1.267452	-1.839451
22	13	7.95674	3.171302	1.263175	-1.847447
22	14	7.96779	3.169255	1.259761	-1.852511
22	14	7.979208	3.166456	1.258176	-1.857533
22	14	7.990446	3.164894	1.25472	-1.862677
22	14	8.001459	3.163397	1.252206	-1.865599
22	14	8.012502	3.161089	1.250473	-1.86909
22	14	8.023782	3.159484	1.24774	-1.871996
22	14	8.034996	3.158276	1.246109	-1.873405
22	14	8.046168	3.15679	1.244846	-1.874636
22	14	8.057426	3.1555	1.242985	-1.875678
22	14	8.068418	3.154554	1.241599	-1.876831
22	14	8.079772	3.154445	1.239864	-1.876945
22	15	8.0908	3.15368	1.238869	-1.877058
22	15	8.102297	3.153443	1.238213	-1.877454
22	15	8.11311	3.153161	1.237547	-1.87765
22	15	8.12444	3.15255	1.237118	-1.877454
22	15	8.135605	3.152515	1.237021	-1.877725
22	15	8.146751	3.152252	1.236733	-1.877603
22	15	8.157909	3.151602	1.23729	-1.876587
22	15	8.168915	3.150988	1.237334	-1.876405
22	15	8.180289	3.150868	1.236812	-1.876093
22	15	8.191298	3.150226	1.237558	-1.874711
22	15	8.202422	3.15004	1.238049	-1.874681
22	17	8.213651	3.149794	1.238343	-1.874487
22	17	8.224943	3.149553	1.238922	-1.874426
22	17	8.236987	3.149052	1.239174	-1.874365
22	17	8.24725	3.148903	1.239318	-1.874237
22	17	8.258199	3.148458	1.239685	-1.873698
22	17	8.270499	3.147953	1.239921	-1.873524
22	17	8.281822	3.147458	1.240206	-1.873357
22	17	8.291932	3.146995	1.240465	-1.873107
22	17	8.303224	3.146639	1.240719	-1.873058
22	17	8.314427	3.145845	1.241372	-1.873194
22	17	8.325803	3.145067	1.241899	-1.873335
22	18	8.337031	3.144611	1.242561	-1.873862
22	18	8.347767	3.143995	1.243224	-1.874462
22	18	8.359015	3.143482	1.243749	-1.875341
22	18	8.370023	3.143097	1.244123	-1.876589
22	18	8.381413	3.142471	1.244524	-1.877952
22	18	8.392652	3.141736	1.244411	-1.879275
22	18	8.403919	3.141064	1.244425	-1.88052
22	18	8.414782	3.14038	1.244074	-1.882141
22	18	8.425808	3.139713	1.243657	-1.883859
22	18	8.437653	3.139186	1.243065	-1.886125
22	18	8.448369	3.138403	1.241961	-1.888355
22	19	8.459781	3.137566	1.241339	-1.890661
22	19	8.471125	3.136889	1.240023	-1.894125
22	19	8.48163	3.136167	1.238111	-1.898142
22	19	8.49296	3.135713	1.236059	-1.902209
22	19	8.504466	3.135568	1.233268	-1.906977
22	19	8.515633	3.135753	1.230707	-1.911556
22	19	8.526344	3.136774	1.227687	-1.916555
22	19	8.537933	3.137128	1.225067	-1.921128
22	19	8.549044	3.138134	1.222378	-1.924942
22	19	8.559936	3.138882	1.219853	-1.92847
22	19	8.571384	3.139887	1.217375	-1.932184
22	18	8.582447	3.141087	1.215145	-1.935907
22	18	8.59329	3.142298	1.21216	-1.939864
22	18	8.604894	3.14438	1.20947	-1.943887
22	18	8.61573	3.146857	1.207031	-1.948248
22	18	8.626966	3.149172	1.204364	-1.952645
22	18	8.638562	3.151824	1.202233	-1.956926
22	18	8.649248	3.154665	1.200145	-1.960859
22	18	8.660572	3.157522	1.198118	-1.964634
22	18	8.671568	3.159984	1.196223	-1.967894
22	18	8.682786	3.162585	1.1945	-1.97154
22	18	8.69417	3.164598	1.192088	-1.975531
22	17	8.705359	3.166614	1.19014	-1.9782
22	17	8.716404	3.167995	1.188419	-1.980592
22	17	8.727448	3.168976	1.186934	-1.982896
22	17	8.738808	3.170023	1.1854	-1.985132
22	17	8.750014	3.17058	1.184417	-1.987379
22	17	8.762006	3.171008	1.183844	-1.988716
22	17	8.772199	3.171372	1.182701	-1.989972
22	17	8.783453	3.171246	1.181959	-1.99101
22	17	8.794562	3.171306	1.181119	-1.992291
22	17	8.805772	3.170975	1.180422	-1.992838
22	17	8.816777	3.170478	1.17982	-1.993214
22	16	8.828118	3.169764	1.179364	-1.993041
22	16	8.839067	3.169302	1.178767	-1.992998
22	16	8.850245	3.168752	1.178663	-1.992473
22	16	8.861704	3.167958	1.178936	-1.991027
22	16	8.872581	3.166749	1.179766	-1.989757
22	16	8.88406	3.165852	1.179955	-1.988196
22	16	8.895184	3.164548	1.18003	-1.986114
22	16	8.906187	3.163533	1.18017	-1.983015
22	16	8.917653	3.162089	1.180743	-1.979278
22	16	8.928504	3.160381	1.181473	-1.974736
22	16	8.939809	3.158919	1.182331	-1.970545
22	15	8.950846	3.157675	1.18335	-1.965109
22	15	8.962038	3.156365	1.184143	-1.959297
22	15	8.973394	3.155495	1.185378	-1.952449
22	15	8.984376	3.154709	1.186841	-1.945028
22	15	8.995687	3.153706	1.18808	-1.938038
22	15	9.006835	3.152721	1.190162	-1.929292
22	15	9.018262	3.15163	1.192477	-1.919836
22	15	9.029435	3.150111	1.195311	-1.9093
22	15	9.040113	3.148648	1.19829	-1.897885
22	15	9.051575	3.147017	1.201337	-1.886722
22	15	9.062613	3.144878	1.204563	-1.874771
22	14	9.073737	3.142838	1.208293	-1.861391
22	14	9.085264	3.140353	1.212806	-1.847747
22	14	9.096107	3.137729	1.217913	-1.833215
22	14	9.107314	3.135562	1.222013	-1.819146
22	14	9.118491	3.133231	1.227031	-1.804517
22	14	9.129468	3.131764	1.232377	-1.789167
22	14	9.140775	3.131385	1.236463	-1.774269
22	14	9.151951	3.131644	1.240807	-1.758867
22	14	9.163095	3.131984	1.245165	-1.743535
22	14	9.174658	3.133535	1.250069	-1.72868
22	14	9.185472	3.136759	1.254102	-1.714678
22	15	9.196704	3.140971	1.258148	-1.702165
22	15	9.207726	3.145766	1.261465	-1.691756
22	15	9.219083	3.149674	1.2646	-1.68119
22	15	9.230013	3.15399	1.267367	-1.67239
22	15	9.241266	3.158838	1.269349	-1.665208
22	15	9.252643	3.163223	1.270311	-1.658926
22	15	9.263555	3.166921	1.271225	-1.653435
22	15	9.27488	3.170655	1.271491	-1.648162
22	15	9.286015	3.173494	1.270992	-1.644781
22	15	9.29706	3.176447	1.272227	-1.64145
22	15	9.308167	3.178146	1.272425	-1.639918
22	16	9.319619	3.17892	1.273127	-1.638944
22	16	9.331203	3.17976	1.274788	-1.636413
22	16	9.341766	3.180188	1.274678	-1.635302
22	16	9.353108	3.180249	1.274987	-1.63513
22	16	9.36465	3.180637	1.274821	-1.635246
22	16	9.37567	3.180762	1.274329	-1.635337
22	16	9.38708	3.181243	1.27423	-1.635358
22	16	9.39767	3.181122	1.27335	-1.636082
22	16	9.409448	3.18059	1.273575	-1.636875
22	16	9.420472	3.180495	1.273466	-1.638078
22	16	9.431179	3.179598	1.272325	-1.639645
22	17	9.442248	3.178869	1.27196	-1.640627
22	17	9.453566	3.178407	1.271551	-1.642379
22	17	9.464551	3.177412	1.270612	-1.644128
22	17	9.475813	3.176121	1.270741	-1.645972
22	17	9.487616	3.175449	1.270149	-1.647646
22	17	9.498234	3.174527	1.269538	-1.649131
22	17	9.509259	3.173975	1.268511	-1.651179
22	17	9.520925	3.172837	1.267658	-1.653779
22	17	9.532043	3.171534	1.266892	-1.657235
22	17	9.542855	3.169951	1.26563	-1.660894
22	17	9.554741	3.167597	1.264762	-1.663835
22	18	9.565296	3.164862	1.264393	-1.668
22	18	9.576507	3.160894	1.263947	-1.673296
22	18	9.587919	3.156288	1.26292	-1.679238
22	18	9.598918	3.151362	1.261927	-1.68589
22	18	9.609834	3.146667	1.260071	-1.692315
22	18	9.621192	3.140851	1.257739	-1.700293
22	18	9.632102	3.135156	1.254978	-1.708624
22	18	9.643629	3.130061	1.251289	-1.716747
22	18	9.654993	3.125026	1.247957	-1.72529
22	18	9.665637	3.119888	1.244508	-1.73353
22	18	9.677182	3.114777	1.241561	-1.742558
22	19	9.688143	3.110331	1.237293	-1.750677
22	19	9.699337	3.105987	1.232783	-1.758453
22	19	9.71035	3.101627	1.228635	-1.766754
22	19	9.722146	3.097887	1.223155	-1.775375
22	19	9.73274	3.093644	1.217993	-1.783101
22	19	9.744398	3.090206	1.213304	-1.791566
22	19	9.755786	3.087776	1.207454	-1.800436
22	19	9.766327	3.085051	1.202598	-1.807847
22	19	9.777527	3.083233	1.197782	-1.814453
22	19	9.789063	3.08077	1.195171	-1.816323
22	18	9.800759	3.080947	1.190332	-1.816581
22	18	9.811071	3.079749	1.190401	-1.816222
22	18	9.82267	3.077325	1.185741	-1.820171
22	18	9.833465	3.075822	1.182427	-1.820022
22	18	9.844594	3.076533	1.181821	-1.822947
22	18	9.856334	3.078359	1.179031	-1.827147
22	18	9.866675	3.07899	1.177227	-1.830223
22	18	9.877872	3.080346	1.174175	-1.834829
22	18	9.889249	3.08004	1.172183	-1.838723
22	18	9.900259	3.081251	1.170035	-1.844238
22	18	9.911471	3.084055	1.168032	-1.846882
22	17	9.923172	3.085956	1.167942	-1.84839
22	17	9.933815	3.089813	1.166563	-1.851249
22	17	9.945083	3.092215	1.165676	-1.854666
22	17	9.956575	3.094912	1.16502	-1.857929
22	17	9.967383	3.096575	1.164413	-1.861872
22	17	9.978842	3.097343	1.164621	-1.865175
22	17	9.989859	3.098036	1.164302	-1.868291
22	17	10.0007	3.099199	1.164471	-1.870619
22	17	10.01188	3.099348	1.164629	-1.871786
22	17	10.02314	3.099336	1.164453	-1.871844
22	17	10.03464	3.09954	1.163926	-1.871715
22	16	10.04552	3.099747	1.162774	-1.869867
22	16	10.05688	3.099402	1.162168	-1.868998
22	16	10.06775	3.098594	1.161837	-1.866137
22	16	10.07894	3.096582	1.161097	-1.862071
22	16	10.09007	3.094476	1.160432	-1.85748
22	16	10.1014	3.092389	1.160199	-1.85148
22	16	10.11272	3.090036	1.159795	-1.845834
22	16	10.12371	3.087998	1.159838	-1.83902
22	16	10.13533	3.08537	1.15915	-1.83227
22	16	10.14616	3.08286	1.158161	-1.825527
22	16	10.15722	3.080458	1.157198	-1.818119
22	15	10.16839	3.078237	1.155529	-1.811775
22	15	10.17956	3.077165	1.153442	-1.805857
22	15	10.19073	3.076173	1.153228	-1.799407
22	15	10.20183	3.075473	1.153391	-1.794793
22	15	10.21312	3.075564	1.154514	-1.790738
22	15	10.22445	3.074914	1.155449	-1.785088
22	15	10.23542	3.07448	1.156728	-1.78062
22	15	10.24657	3.075879	1.157102	-1.775879
22	15	10.25793	3.076713	1.158175	-1.771663
22	15	10.26926	3.077319	1.15971	-1.767458
22	15	10.28039	3.078751	1.160826	-1.762969
22	14	10.29191	3.079865	1.163036	-1.758015
22	14	10.30306	3.081394	1.166012	-1.753736
22	14	10.31381	3.082783	1.16946	-1.749904
22	14	10.3249	3.084669	1.173447	-1.74626
22	14	10.336	3.087507	1.177795	-1.743404
22	14	10.34774	3.090785	1.181247	-1.740528
22	14	10.35823	3.093986	1.184606	-1.738255
22	14	10.36943	3.097248	1.187972	-1.735642
22	14	10.38055	3.100999	1.191396	-1.733594
22	14	10.39168	3.105094	1.194803	-1.731218
22	14	10.40325	3.109371	1.197692	-1.728989
22	13	10.41419	3.113718	1.200783	-1.727021
22	13	10.42569	3.118244	1.203976	-1.724766
22	13	10.43644	3.123302	1.206529	-1.723364
22	13	10.4475	3.128448	1.208576	-1.722461
22	13	10.45873	3.133634	1.210092	-1.722767
22	13	10.47021	3.138985	1.211789	-1.722688
22	13	10.48121	3.143324	1.21429	-1.722822
22	13	10.49231	3.148634	1.216063	-1.723177
22	13	10.50376	3.154181	1.217186	-1.724022
22	13	10.51482	3.159784	1.217853	-1.725237
22	13	10.52591	3.165446	1.218765	-1.726134
22	12	10.53693	3.170778	1.219159	-1.727484
22	12	10.54818	3.17595	1.219158	-1.729544
22	12	10.55919	3.181361	1.218414	-1.732296
22	12	10.57062	3.186938	1.218271	-1.734815
22	12	10.58212	3.192293	1.217995	-1.737532
22	12	10.59279	3.197837	1.217468	-1.740927
22	12	10.60425	3.203047	1.217027	-1.743995
22	12	10.61523	3.208303	1.216159	-1.747793
22	12	10.6264	3.213138	1.214872	-1.7521
22	12	10.63752	3.217895	1.213932	-1.756196
22	12	10.64853	3.222718	1.212769	-1.760207
22	11	10.65997	3.226847	1.211769	-1.764331
22	11	10.67094	3.23089	1.210679	-1.769031
22	11	10.68248	3.2348	1.209301	-1.773775
22	11	10.69386	3.238594	1.207788	-1.779013
22	11	10.70567	3.242479	1.206334	-1.78405
22	11	10.71651	3.245946	1.205093	-1.789136
22	11	10.72768	3.24943	1.204046	-1.794481
22	11	10.73929	3.252168	1.202941	-1.79989
22	11	10.74971	3.25551	1.201746	-1.805334
22	11	10.76105	3.258718	1.199621	-1.812147
22	11	10.77292	3.261628	1.198206	-1.81794
22	10	10.78343	3.264874	1.196318	-1.823182
22	10	10.79451	3.267295	1.195345	-1.827796
22	10	10.80619	3.27011	1.194543	-1.832533
22	10	10.81679	3.272391	1.19452	-1.837299
22	10	10.82771	3.27508	1.194787	-1.840909
22	10	10.83918	3.277987	1.195121	-1.844605
22	10	10.85039	3.281119	1.195307	-1.847755
22	10	10.86174	3.284125	1.196134	-1.850625
22	10	10.87281	3.286665	1.196674	-1.85371
22	10	10.8838	3.289608	1.197359	-1.856019
22	10	10.89554	3.292258	1.198615	-1.858243
22	9	10.90583	3.29467	1.19987	-1.86
22	9	10.91742	3.296978	1.201878	-1.861659
22	9	10.92851	3.299588	1.203197	-1.862586
22	9	10.94002	3.302089	1.204189	-1.862554
22	9	10.9508	3.305306	1.204978	-1.862103
22	9	10.96216	3.308413	1.206198	-1.861648
22	9	10.97429	3.310878	1.207079	-1.861162
22	9	10.9845	3.313618	1.208343	-1.860665
22	9	10.99595	3.3165	1.209401	-1.86028
22	9	11.00711	3.318904	1.21018	-1.85929
22	9	11.01818	3.321357	1.210536	-1.85832
22	8	11.02956	3.323502	1.21085	-1.857106
22	8	11.04042	3.325397	1.211238	-1.85528
22	8	11.05342	3.327218	1.21212	-1.853565
22	8	11.06333	3.329122	1.212848	-1.851616
22	8	11.07441	3.330768	1.213346	-1.849344
22	8	11.08536	3.332844	1.213572	-1.847043
22	8	11.09593	3.334165	1.214069	-1.844777
22	8	11.10756	3.334947	1.214628	-1.842242
22	8	11.11849	3.335379	1.215308	-1.838375
22	8	11.12976	3.335649	1.215916	-1.83595
22	8	11.14107	3.335039	1.216516	-1.833455
22	7	11.15175	3.334318	1.216974	-1.830738
22	7	11.16297	3.333377	1.217685	-1.828497
22	7	11.17383	3.332521	1.218432	-1.825835
22	7	11.18472	3.33243	1.218377	-1.823446
22	7	11.19615	3.332098	1.218873	-1.820936
22	7	11.20807	3.331837	1.219689	-1.818084
22	7	11.21834	3.330938	1.220517	-1.815003
22	7	11.22965	3.330001	1.220925	-1.812503
22	7	11.24099	3.32909	1.221358	-1.810109
22	7	11.25187	3.327617	1.222179	-1.806621
22	7	11.26324	3.326488	1.222445	-1.804006
22	6	11.27441	3.324838	1.222921	-1.799866
22	6	11.28556	3.323533	1.222874	-1.79728
22	6	11.29659	3.322152	1.222871	-1.79452
22	6	11.30763	3.320283	1.223268	-1.790923
22	6	11.31896	3.31878	1.223176	-1.78807
22	6	11.33006	3.317719	1.222224	-1.78686
22	6	11.34111	3.316206	1.221751	-1.783538
22	6	11.35319	3.314543	1.221598	-1.780573
22	6	11.36439	3.312633	1.221508	-1.777207
22	6	11.37544	3.311075	1.220915	-1.774031
22	6	11.38659	3.3091	1.220696	-1.770605
22	5	11.39725	3.30709	1.221104	-1.76679
22	5	11.40839	3.305011	1.221517	-1.764235
22	5	11.41944	3.303316	1.221496	-1.761713
22	5	11.43095	3.301438	1.221365	-1.759215
22	5	11.44173	3.299653	1.221531	-1.757161
22	5	11.45286	3.297977	1.221462	-1.754917
22	5	11.46395	3.296073	1.221304	-1.752768
22	5	11.47519	3.294857	1.220919	-1.750659
22	5	11.48658	3.293267	1.220948	-1.748696
22	5	11.4978	3.291849	1.221522	-1.746191
22	5	11.50876	3.2909	1.221057	-1.744008
23	5	11.52076	3.289712	1.220851	-1.742163
23	5	11.5315	3.2881	1.220563	-1.739977
23	5	11.54292	3.286598	1.22083	-1.738082
23	5	11.55343	3.28547	1.220829	-1.73589
23	5	11.5652	3.284268	1.220603	-1.734147
23	5	11.57597	3.283159	1.221023	-1.732452
23	5	11.58739	3.282365	1.221338	-1.731003
23	5	11.59803	3.281195	1.221707	-1.729185
23	5	11.60945	3.280174	1.222137	-1.727846
23	5	11.6204	3.279233	1.222461	-1.726402
23	5	11.63145	3.278705	1.222853	-1.725152
24	5	11.64614	3.277811	1.223091	-1.723714
24	5	11.65382	3.276961	1.223335	-1.722466
24	5	11.66532	3.275769	1.223562	-1.721077
24	5	11.67645	3.275316	1.223203	-1.719857
24	5	11.69159	3.27438	1.223246	-1.718952
