x	y	time	x-coordinate	y-coordinate	z-coordinate
15	11	0.0426006	-0.5767865	-0.00628984	-0.1487026
15	11	0.0515921	-0.5768818	-0.005993366	-0.1485224
15	11	0.0583899	-0.5770193	-0.005823851	-0.1484927
15	11	0.0647822	-0.5770193	-0.005823851	-0.1484927
15	11	0.0722759	-0.5767497	-0.005391121	-0.1483681
15	11	0.0785667	-0.5766972	-0.005245447	-0.1481628
15	11	0.0892711	-0.5768356	-0.005220532	-0.1481246
15	11	0.1002216	-0.5768343	-0.004744649	-0.1478449
15	11	0.1121262	-0.5766407	-0.004693866	-0.1475968
15	11	0.1238743	-0.5768033	-0.004573941	-0.1476254
15	11	0.1344734	-0.576939	-0.004044294	-0.1474867
15	11	0.1453234	-0.5775902	-0.003968596	-0.1476612
15	11	0.1563877	-0.5775682	-0.003118157	-0.147441
15	11	0.1677221	-0.5774165	-0.002717733	-0.1472065
15	11	0.1791633	-0.5776787	-0.001911402	-0.1473373
15	11	0.1899647	-0.5778129	-0.001136899	-0.1472347
15	11	0.2016338	-0.5780566	-0.0002523661	-0.1472055
15	11	0.2123319	-0.5783491	0.0003783703	-0.1473634
15	11	0.2235535	-0.5785259	0.001327634	-0.1473478
15	11	0.2349109	-0.5786208	0.002272725	-0.1473861
15	11	0.2462411	-0.5783795	0.003641009	-0.1472808
15	11	0.2573577	-0.578505	0.004778981	-0.1473397
15	11	0.2688327	-0.5783093	0.006001472	-0.1473998
15	11	0.2799746	-0.5788745	0.007006168	-0.147862
15	11	0.291036	-0.5792305	0.008046269	-0.1484733
15	11	0.302039	-0.5787423	0.009630799	-0.1484413
15	11	0.3134289	-0.5789261	0.01091695	-0.1493104
15	11	0.3243819	-0.5790877	0.01224852	-0.1497586
15	11	0.3357237	-0.5792315	0.01382983	-0.1504266
15	11	0.3465948	-0.5788562	0.01544726	-0.1510594
15	11	0.3580648	-0.5787895	0.01700401	-0.1518295
15	11	0.3685899	-0.5789815	0.0187695	-0.1531247
15	11	0.3797036	-0.5787835	0.0199846	-0.1540009
15	11	0.3911167	-0.5787032	0.02135015	-0.1550472
15	11	0.4022702	-0.5783966	0.02247655	-0.1559628
15	11	0.4135317	-0.5790544	0.02357936	-0.157708
15	11	0.4245338	-0.5789106	0.02516377	-0.1590619
15	11	0.4361218	-0.5787394	0.02725565	-0.1606405
15	11	0.4474988	-0.5783232	0.0285337	-0.1622616
15	11	0.4590757	-0.5779843	0.03008425	-0.1639928
15	11	0.4699174	-0.5770741	0.03190029	-0.1659094
15	11	0.4814165	-0.5768415	0.03299248	-0.1678398
15	11	0.4924639	-0.5763077	0.03418946	-0.1699826
15	11	0.5033162	-0.5760064	0.03499794	-0.1716303
15	11	0.5152969	-0.5762463	0.03583968	-0.173878
15	11	0.5265275	-0.5758611	0.03676188	-0.1760261
15	11	0.5381516	-0.5754745	0.03771222	-0.1777124
15	11	0.5497093	-0.575127	0.03819883	-0.1796458
15	11	0.5612184	-0.5749625	0.03873837	-0.1811312
15	11	0.572832	-0.5743822	0.03972661	-0.1824055
15	11	0.5845357	-0.5740565	0.04020631	-0.1838399
15	11	0.5959508	-0.5737145	0.04061723	-0.1853762
15	11	0.6074581	-0.5737473	0.04082668	-0.1868825
15	11	0.6189458	-0.5736282	0.04093409	-0.1879374
15	11	0.6309227	-0.5733865	0.04104304	-0.1890045
15	11	0.6420786	-0.573379	0.04102588	-0.1896156
15	11	0.6537181	-0.5734167	0.04083776	-0.1902865
15	11	0.6649492	-0.5731267	0.04077601	-0.1910932
15	11	0.67679	-0.5730332	0.04079258	-0.1914326
15	11	0.6880021	-0.5732443	0.0402714	-0.1919328
15	11	0.7002354	-0.5733413	0.03994036	-0.192078
15	11	0.7110696	-0.5736208	0.03945792	-0.1920171
15	11	0.7216529	-0.5736811	0.0393461	-0.1917169
15	11	0.7331443	-0.5738646	0.03895414	-0.1914976
15	11	0.7439982	-0.5737149	0.03885627	-0.1912965
15	11	0.7550857	-0.5740302	0.03825331	-0.1911399
15	11	0.7667315	-0.5741711	0.037925	-0.1909087
15	11	0.7793142	-0.5744936	0.03726673	-0.1903994
15	11	0.7885288	-0.5746725	0.03672922	-0.189953
15	11	0.8002368	-0.5748127	0.03604269	-0.1891565
15	11	0.8107102	-0.5753621	0.03573513	-0.1884803
15	11	0.8220597	-0.5756483	0.03522575	-0.187657
15	11	0.8338223	-0.5758601	0.03467786	-0.1868651
15	11	0.8443232	-0.5758651	0.03420556	-0.1860031
15	11	0.8554933	-0.5761187	0.03349543	-0.1853637
15	11	0.8669762	-0.5764565	0.03282142	-0.1844209
15	11	0.8775558	-0.5765462	0.03228831	-0.1838388
15	11	0.8886582	-0.5766417	0.03186262	-0.1831775
15	11	0.9002427	-0.5763348	0.03147233	-0.1823633
15	11	0.9113405	-0.576636	0.030949	-0.1822064
15	11	0.9222319	-0.5767467	0.03048027	-0.1819016
15	11	0.9336482	-0.5767071	0.02993262	-0.1815751
15	11	0.9447289	-0.576988	0.02927303	-0.1814305
15	11	0.9559397	-0.5770665	0.02899277	-0.1811286
15	11	0.9671869	-0.5772691	0.02882755	-0.181044
15	11	0.9784034	-0.5771351	0.02853847	-0.1805561
15	11	0.989676	-0.577369	0.0281955	-0.1804334
15	11	1.001124	-0.5770538	0.02833331	-0.1804616
15	11	1.012132	-0.5769712	0.02776563	-0.1804588
15	11	1.02329	-0.5770946	0.02733159	-0.1806164
15	11	1.03462	-0.5768939	0.02664042	-0.1805606
15	11	1.045573	-0.5773926	0.02623355	-0.1808954
15	11	1.056884	-0.5775228	0.02573383	-0.1811742
15	11	1.067997	-0.5773695	0.02582073	-0.1808609
15	11	1.079176	-0.5774491	0.02539504	-0.1810417
15	11	1.090295	-0.5775954	0.02506781	-0.1811422
15	11	1.101336	-0.5776324	0.02491462	-0.181155
15	11	1.112227	-0.5779449	0.02453744	-0.1813761
15	11	1.12347	-0.5779972	0.02440989	-0.1813966
15	11	1.134691	-0.5779959	0.02395964	-0.1811843
15	11	1.145974	-0.5784724	0.0240159	-0.1808788
15	11	1.157013	-0.5788268	0.02358544	-0.1811281
15	11	1.167969	-0.5788307	0.02340841	-0.1808724
15	11	1.179186	-0.5794679	0.02313137	-0.1809157
15	11	1.190928	-0.5796496	0.02322268	-0.1804202
15	11	1.201593	-0.5795606	0.02355492	-0.1800513
15	11	1.212789	-0.5795705	0.02345109	-0.1792953
15	11	1.223885	-0.5797808	0.02345777	-0.1787158
15	11	1.235341	-0.5799752	0.02338541	-0.1780602
15	11	1.246348	-0.5803227	0.02326858	-0.1776698
15	11	1.257506	-0.5805807	0.02325606	-0.1773214
15	11	1.268902	-0.5806376	0.02375317	-0.1770555
15	11	1.280082	-0.5806836	0.02376986	-0.1764717
15	11	1.291535	-0.5807968	0.0238657	-0.1761999
15	11	1.30279	-0.5809875	0.02396572	-0.1754445
15	11	1.313639	-0.5812424	0.02379942	-0.1750375
15	11	1.325038	-0.5815229	0.02382553	-0.1740584
15	11	1.336021	-0.5814017	0.02391589	-0.1733108
15	11	1.347155	-0.581714	0.02395546	-0.1726749
15	11	1.358245	-0.5820516	0.02395093	-0.1717699
15	11	1.369344	-0.5817388	0.02413428	-0.1709611
15	11	1.380312	-0.5818409	0.02407765	-0.1703601
15	11	1.391621	-0.5821172	0.0240171	-0.1695346
15	11	1.402592	-0.5820124	0.02409315	-0.1686243
15	11	1.41378	-0.5826533	0.02358031	-0.1683359
15	11	1.42505	-0.5827743	0.02349031	-0.1676252
15	11	1.436248	-0.5827675	0.02290499	-0.1668234
15	11	1.44729	-0.5831639	0.02276576	-0.1662085
15	11	1.458972	-0.5834606	0.02224159	-0.165491
15	11	1.469818	-0.5832663	0.0219686	-0.1650163
15	11	1.481202	-0.583441	0.02066183	-0.1650039
15	11	1.492288	-0.5834261	0.01993048	-0.1646713
15	11	1.503569	-0.5832084	0.01926816	-0.1642765
15	11	1.514888	-0.5828934	0.01823318	-0.1640011
15	11	1.526265	-0.5825982	0.01713705	-0.1639206
15	11	1.537122	-0.5821725	0.01560307	-0.1644869
15	11	1.548295	-0.5818497	0.01457548	-0.1645615
15	11	1.559421	-0.5811474	0.01325202	-0.1653345
15	11	1.5707	-0.5804044	0.01231456	-0.1665088
15	11	1.582213	-0.5793071	0.01088762	-0.1672786
15	11	1.593015	-0.5785363	0.009880185	-0.1678689
15	11	1.604329	-0.5771502	0.008831382	-0.1696446
15	11	1.61562	-0.5760571	0.007776022	-0.1714301
15	11	1.62656	-0.5752676	0.006681919	-0.1728548
15	11	1.637729	-0.5737731	0.006051421	-0.1744295
15	11	1.648449	-0.5732763	0.005159259	-0.1765159
15	11	1.659709	-0.5725696	0.00453341	-0.178387
15	11	1.670763	-0.5722153	0.003194213	-0.1800624
15	11	1.68206	-0.5718055	0.002739429	-0.1819055
15	11	1.693108	-0.5714411	0.002297997	-0.1838489
15	11	1.704438	-0.5711094	0.002004147	-0.1851839
15	11	1.715444	-0.5709416	0.001725554	-0.1867774
15	11	1.72648	-0.5708723	0.001746058	-0.188066
15	11	1.73812	-0.5704485	0.002058148	-0.1892043
15	11	1.748823	-0.5699642	0.002167821	-0.1898724
15	11	1.760118	-0.5700333	0.002068639	-0.1910325
15	11	1.771524	-0.5697358	0.002119184	-0.1913025
15	11	1.782398	-0.5701692	0.002263665	-0.1919709
15	11	1.79389	-0.570019	0.002480626	-0.1925501
15	11	1.804942	-0.5698643	0.003166676	-0.192511
15	11	1.816533	-0.5700951	0.003209591	-0.1928867
15	11	1.827598	-0.5700742	0.00335896	-0.1931123
15	11	1.839268	-0.5699722	0.003545761	-0.1931573
15	11	1.850267	-0.5703464	0.003697395	-0.1929811
15	11	1.860968	-0.5702778	0.003955722	-0.1929122
15	11	1.872518	-0.5699704	0.004879832	-0.1928782
15	11	1.883894	-0.5702425	0.004588008	-0.1927131
15	11	1.89463	-0.5702746	0.004475236	-0.1929801
15	11	1.905923	-0.5707151	0.004504919	-0.1924351
15	11	1.917173	-0.5709503	0.004521251	-0.1920457
15	11	1.928409	-0.5713198	0.004534364	-0.1912714
15	11	1.939328	-0.5715494	0.005185723	-0.1900208
15	11	1.950582	-0.5715884	0.005156755	-0.1889343
15	11	1.96131	-0.5720699	0.00527513	-0.187523
15	11	1.972782	-0.5724812	0.005536675	-0.185967
15	11	1.983984	-0.5730304	0.005450606	-0.1851779
15	11	1.994882	-0.5734378	0.005572557	-0.184299
15	11	2.006097	-0.573735	0.005932331	-0.1832063
15	11	2.017159	-0.5737529	0.005841255	-0.1825973
15	11	2.028106	-0.5738697	0.005957007	-0.1821845
15	11	2.039407	-0.5740786	0.005736947	-0.1815567
15	11	2.050672	-0.5748199	0.005660772	-0.1815426
15	11	2.061705	-0.5749267	0.005771995	-0.1812114
15	11	2.072898	-0.5752013	0.006038189	-0.180668
15	11	2.084867	-0.5751896	0.006369829	-0.1801831
15	11	2.095575	-0.5752385	0.006567478	-0.1798836
15	11	2.106736	-0.5752082	0.006674886	-0.1797334
15	11	2.11804	-0.5751595	0.006935596	-0.1796024
15	11	2.129159	-0.5752499	0.007079959	-0.1794006
15	11	2.1403	-0.5750949	0.007619381	-0.1792693
15	11	2.151863	-0.5752468	0.00770402	-0.1795095
15	11	2.162643	-0.5753355	0.007939219	-0.179654
15	11	2.173927	-0.5755204	0.008163452	-0.180077
15	11	2.185118	-0.575518	0.008356214	-0.1808476
15	11	2.196168	-0.575495	0.00862205	-0.1812928
15	11	2.207176	-0.5753491	0.008778453	-0.182269
15	11	2.21835	-0.575191	0.009114742	-0.1831015
15	11	2.229549	-0.574929	0.009497881	-0.1841365
15	11	2.24104	-0.5748261	0.009518981	-0.1852852
15	11	2.251987	-0.5745342	0.009894133	-0.1865202
15	11	2.262898	-0.5741554	0.0102824	-0.1878412
15	11	2.273925	-0.5738168	0.01077473	-0.1892695
15	11	2.285307	-0.5734066	0.011024	-0.1911336
15	11	2.296295	-0.5729753	0.01141059	-0.1927587
15	11	2.307403	-0.5719571	0.01207149	-0.1948457
15	11	2.318714	-0.5712185	0.01256645	-0.1970545
15	11	2.329728	-0.5704541	0.01310873	-0.1993245
15	11	2.340715	-0.5698216	0.01335812	-0.2018275
15	11	2.3521	-0.568758	0.01406884	-0.204452
15	11	2.362988	-0.567754	0.01467896	-0.2071371
15	11	2.374311	-0.5668619	0.01527536	-0.2103585
15	11	2.385513	-0.5658538	0.01622522	-0.2135611
15	11	2.397176	-0.5647645	0.01710737	-0.2168808
15	11	2.408227	-0.5630718	0.018188	-0.2203621
15	11	2.419276	-0.5618951	0.01914692	-0.2240123
15	11	2.430648	-0.5608511	0.02019298	-0.2275113
15	11	2.441976	-0.5603358	0.02130568	-0.230194
15	11	2.453034	-0.560226	0.02232432	-0.2329326
15	11	2.464495	-0.5614095	0.02371705	-0.2343664
15	11	2.47558	-0.5623336	0.02527893	-0.2354401
15	11	2.486718	-0.5655402	0.02703106	-0.235548
15	11	2.497977	-0.5687091	0.02973151	-0.2341191
15	11	2.509142	-0.5717517	0.03269017	-0.2305872
15	11	2.520379	-0.5755445	0.03555965	-0.2271639
15	11	2.531432	-0.5796125	0.04008043	-0.2205077
15	11	2.542718	-0.5824171	0.04546487	-0.2115666
15	11	2.553846	-0.5861303	0.0488795	-0.2048733
15	11	2.564685	-0.5876681	0.05312085	-0.1953309
15	11	2.576072	-0.5898559	0.05717051	-0.1873095
15	11	2.586909	-0.5921115	0.05984235	-0.1796135
15	11	2.598236	-0.5939004	0.06332707	-0.1710895
15	11	2.609181	-0.5960119	0.06674421	-0.1621119
15	11	2.620105	-0.5969803	0.07041645	-0.1524452
15	11	2.631462	-0.5980455	0.07350266	-0.1424901
15	11	2.642644	-0.5985149	0.07675624	-0.1338053
15	11	2.653677	-0.59872	0.07992208	-0.1255231
15	11	2.665062	-0.5986756	0.08201838	-0.1176708
15	11	2.676032	-0.5986433	0.08361816	-0.1116111
15	11	2.688469	-0.5982071	0.08571744	-0.1057547
15	11	2.698604	-0.5981082	0.08723867	-0.09980845
15	11	2.709959	-0.5980054	0.08870184	-0.09496176
15	11	2.721062	-0.5976036	0.09083438	-0.08986831
15	11	2.732638	-0.59795	0.09178996	-0.08435011
15	11	2.743849	-0.5978316	0.09265828	-0.08084226
15	11	2.755117	-0.5974156	0.09365261	-0.0778017
15	11	2.765654	-0.5975817	0.09450817	-0.07385135
15	11	2.776876	-0.5966985	0.09531116	-0.07068002
15	11	2.787921	-0.5964411	0.09561574	-0.06820917
15	11	2.799266	-0.5961545	0.09582758	-0.06593895
15	11	2.810386	-0.596158	0.09536362	-0.06390893
15	11	2.821352	-0.5957091	0.09544432	-0.06195962
15	11	2.832996	-0.5955654	0.09547246	-0.05950844
15	11	2.843849	-0.5947618	0.09523833	-0.05828118
15	11	2.855204	-0.5945783	0.09482861	-0.05700731
15	11	2.866913	-0.5942067	0.09478354	-0.05526757
15	11	2.877365	-0.5938445	0.09423745	-0.05427241
15	11	2.888512	-0.5936894	0.09373498	-0.05300844
15	11	2.899635	-0.5938016	0.09372365	-0.05176425
15	11	2.910996	-0.5936023	0.09324753	-0.05059731
15	11	2.922019	-0.5938058	0.09261477	-0.04973006
15	11	2.933368	-0.5940568	0.09248674	-0.04852688
15	11	2.944484	-0.5938905	0.09252512	-0.04692841
15	11	2.955609	-0.5941781	0.09221244	-0.04572499
15	11	2.966588	-0.5939336	0.09233475	-0.04396927
15	11	2.977839	-0.5944932	0.09193385	-0.04337454
15	11	2.988899	-0.594817	0.0914588	-0.04267585
15	11	3.000061	-0.5950385	0.0909729	-0.04140162
15	11	3.011044	-0.595405	0.09070873	-0.04073238
15	11	3.022439	-0.5954224	0.09042156	-0.03981602
16	11	3.033897	-0.5956298	0.09028566	-0.03923178
16	11	3.044586	-0.5951531	0.09019804	-0.03774571
16	11	3.055682	-0.5952325	0.08962011	-0.03693366
16	11	3.067022	-0.5948701	0.08961713	-0.03562546
16	11	3.078229	-0.5951276	0.08898163	-0.03511405
16	11	3.089465	-0.5950987	0.0885421	-0.0344044
16	11	3.10087	-0.5954733	0.0882169	-0.03382897
16	11	3.111813	-0.5954108	0.08759499	-0.0330745
16	11	3.123342	-0.5954632	0.08708763	-0.03250659
16	11	3.134541	-0.5954161	0.08669901	-0.03167498
16	11	3.14556	-0.5952549	0.08627474	-0.03110731
17	11	3.156642	-0.5952054	0.08592606	-0.03027153
17	11	3.16787	-0.5951021	0.08562911	-0.02960563
17	11	3.179321	-0.5948839	0.08516598	-0.02923918
17	11	3.189941	-0.5948818	0.08482254	-0.02899396
17	11	3.201303	-0.5947587	0.08458388	-0.02838266
17	11	3.212193	-0.5952654	0.08408082	-0.02903259
17	11	3.223321	-0.5952932	0.08366239	-0.02912891
17	11	3.234769	-0.5952433	0.08318186	-0.02891409
17	11	3.245746	-0.595614	0.0828501	-0.02914393
17	11	3.257115	-0.5957599	0.08263433	-0.02925956
17	11	3.26852	-0.5957955	0.08277941	-0.02939487
18	11	3.27943	-0.5959477	0.08262217	-0.02988303
18	11	3.290488	-0.5961199	0.08255041	-0.03024662
18	11	3.301929	-0.5962176	0.08283448	-0.02981246
18	11	3.312999	-0.596555	0.0828284	-0.02944648
18	11	3.324236	-0.5967088	0.08299899	-0.02911019
18	11	3.335838	-0.596805	0.08342302	-0.02823305
18	11	3.346274	-0.5965649	0.0840497	-0.02733314
18	11	3.357705	-0.5964903	0.08446693	-0.0267452
18	11	3.368984	-0.5963125	0.08516788	-0.02574694
18	11	3.379887	-0.596783	0.08563685	-0.02472293
18	11	3.391039	-0.5967814	0.08628225	-0.02372074
19	11	3.402475	-0.5963668	0.08746672	-0.02228725
19	11	3.413509	-0.5965235	0.08822691	-0.02148807
19	11	3.42489	-0.5962085	0.08929646	-0.02046192
19	11	3.435971	-0.5955911	0.09052372	-0.01904893
19	11	3.44702	-0.5956283	0.09164119	-0.01824856
19	11	3.458101	-0.5954149	0.09267032	-0.01750374
19	11	3.469399	-0.5947051	0.09423482	-0.01668727
19	11	3.480262	-0.5947111	0.09561813	-0.01664925
19	11	3.491778	-0.5947372	0.09711385	-0.01615727
19	11	3.502812	-0.594429	0.09849739	-0.01618087
19	11	3.513856	-0.5941572	0.09991193	-0.01645887
20	11	3.524875	-0.5939993	0.1014537	-0.01652288
20	11	3.536126	-0.5935416	0.1032112	-0.01640248
20	11	3.547015	-0.5930564	0.1046832	-0.01671052
20	11	3.558123	-0.5928774	0.1060295	-0.01698196
20	11	3.569319	-0.592618	0.1075044	-0.01717639
20	11	3.580509	-0.5923028	0.1085373	-0.01758504
20	11	3.591935	-0.592054	0.1094683	-0.01821065
20	11	3.603102	-0.5916646	0.1109513	-0.01845419
20	11	3.614256	-0.5917358	0.1114827	-0.01885688
20	11	3.625598	-0.5916767	0.1120667	-0.01909089
20	11	3.637027	-0.5912437	0.1128976	-0.01941788
21	11	3.648129	-0.5909605	0.113152	-0.02018166
21	11	3.659324	-0.590858	0.1135325	-0.02058172
21	11	3.670512	-0.5909959	0.1139323	-0.02125835
21	11	3.681499	-0.5909507	0.1141762	-0.02169895
21	11	3.692743	-0.59094	0.1141037	-0.02235937
21	11	3.7041	-0.591254	0.1141413	-0.02250957
21	11	3.714882	-0.5913538	0.1141617	-0.0229063
21	11	3.726089	-0.5914556	0.114236	-0.02333641
21	11	3.737344	-0.5916704	0.1140126	-0.02349544
21	11	3.748621	-0.5922514	0.1139143	-0.02434433
21	11	3.759863	-0.5923467	0.1139888	-0.02512467
22	11	3.771062	-0.5923383	0.114253	-0.02577317
22	11	3.782356	-0.5925595	0.1141754	-0.02680695
22	11	3.793375	-0.5929275	0.1141037	-0.02755761
22	11	3.805116	-0.5931432	0.1141564	-0.02837682
22	11	3.815891	-0.5934203	0.1138203	-0.02948189
22	11	3.827075	-0.593645	0.1138425	-0.03048825
22	11	3.838031	-0.5937726	0.1138794	-0.03156936
22	11	3.849589	-0.5940826	0.1137978	-0.03300595
22	11	3.860392	-0.5942053	0.1140925	-0.03397501
22	11	3.87164	-0.5945841	0.1142393	-0.03464818
22	11	3.882695	-0.5948772	0.1144937	-0.03589237
23	11	3.893836	-0.5949689	0.1149282	-0.03725541
23	11	3.904657	-0.5950209	0.1153686	-0.03855371
23	11	3.91569	-0.5955615	0.1157346	-0.03976345
23	11	3.926872	-0.5957121	0.1164182	-0.04117513
23	11	3.938202	-0.5956354	0.1170939	-0.04239535
23	11	3.949273	-0.595734	0.1175755	-0.04365408
23	11	3.960978	-0.5958482	0.1183414	-0.04493046
23	11	3.972172	-0.5958112	0.1190548	-0.04623497
23	11	3.983023	-0.5961349	0.119644	-0.04788029
23	11	3.994656	-0.596324	0.1205975	-0.04902911
23	11	4.005487	-0.5959626	0.1220483	-0.050282
24	11	4.016587	-0.5956622	0.1233184	-0.05176008
24	11	4.028194	-0.5954294	0.1246738	-0.0534929
24	11	4.039141	-0.5958464	0.1255797	-0.05522144
24	11	4.05043	-0.5957389	0.1268122	-0.05693436
24	11	4.061396	-0.5956442	0.1282901	-0.0585674
24	11	4.072728	-0.5954554	0.1299232	-0.05981982
24	11	4.083961	-0.5954084	0.131312	-0.06155169
24	11	4.094988	-0.5954133	0.1326261	-0.06308401
24	11	4.105865	-0.5950708	0.1341169	-0.06487978
24	11	4.117314	-0.5948521	0.1353308	-0.06652594
24	11	4.12824	-0.5948042	0.1365215	-0.06802428
25	11	4.139296	-0.5948899	0.1373178	-0.06937253
25	11	4.150373	-0.5947211	0.1381075	-0.07087326
25	11	4.161417	-0.5948143	0.1386051	-0.07186556
25	11	4.172351	-0.5945441	0.1390114	-0.07303643
25	11	4.183817	-0.5946709	0.1388013	-0.07362711
25	11	4.194833	-0.5947592	0.1381931	-0.07414818
25	11	4.206077	-0.5949546	0.1372269	-0.0743494
25	11	4.217479	-0.5952393	0.135974	-0.07441556
25	11	4.228832	-0.5957173	0.1336017	-0.07406759
25	11	4.240147	-0.5965536	0.1306748	-0.07374489
26	11	4.251234	-0.5968781	0.1275671	-0.07329023
26	11	4.262461	-0.5975037	0.1224049	-0.07314718
26	11	4.273932	-0.5991474	0.1159829	-0.07221889
26	11	4.28509	-0.6005232	0.1082315	-0.07028353
26	11	4.296075	-0.6022739	0.09880376	-0.0685693
26	11	4.307252	-0.6038671	0.0905267	-0.06714904
26	11	4.318731	-0.6053171	0.07845402	-0.06420326
26	11	4.329454	-0.6065686	0.0677253	-0.06254697
26	11	4.340739	-0.607906	0.05551803	-0.06122816
26	11	4.352498	-0.6088402	0.04250598	-0.05938268
26	11	4.363193	-0.6095328	0.02910364	-0.05799043
27	11	4.374345	-0.6103636	0.01659381	-0.05672538
27	11	4.385738	-0.6101876	0.002861619	-0.05562544
27	11	4.396602	-0.6095095	-0.01070762	-0.05525362
27	11	4.407782	-0.6091354	-0.023669	-0.05430579
27	11	4.419043	-0.607945	-0.03609955	-0.05408001
27	11	4.430357	-0.6069617	-0.04816508	-0.05347061
27	11	4.441379	-0.6045157	-0.05987525	-0.05327058
27	11	4.452675	-0.6029114	-0.07065463	-0.05340517
27	11	4.463584	-0.6009072	-0.08046067	-0.05310726
27	11	4.474694	-0.5991814	-0.09086275	-0.05224586
27	11	4.48585	-0.5972357	-0.09968817	-0.05326343
27	10	4.496669	-0.5948191	-0.107585	-0.05340493
27	10	4.507981	-0.5924753	-0.1155275	-0.05389869
27	10	4.518962	-0.5904837	-0.1215768	-0.05558908
27	10	4.530122	-0.5885112	-0.1272159	-0.05599642
27	10	4.541478	-0.5865247	-0.1337765	-0.05607402
27	10	4.552644	-0.5852609	-0.1383567	-0.05670989
27	10	4.563721	-0.5838102	-0.1417307	-0.05712724
27	10	4.574932	-0.5819519	-0.1451885	-0.05704451
27	10	4.58663	-0.5807189	-0.1487278	-0.05781841
27	10	4.599329	-0.5795058	-0.1505579	-0.05901468
27	10	4.609008	-0.5783929	-0.1523695	-0.05967033
27	9	4.620177	-0.577517	-0.1537713	-0.06053269
27	9	4.630927	-0.5764979	-0.1551261	-0.06119025
27	9	4.642385	-0.5755267	-0.1567371	-0.06183541
27	9	4.653622	-0.5746294	-0.157794	-0.06210208
27	9	4.66478	-0.5737662	-0.1588056	-0.06265938
27	9	4.675814	-0.5729874	-0.1597048	-0.06286824
27	9	4.687328	-0.5720909	-0.160861	-0.06317222
27	9	4.69815	-0.5714339	-0.1618954	-0.06362402
27	9	4.709407	-0.570731	-0.1630169	-0.06399071
27	9	4.720975	-0.5696901	-0.1641469	-0.06394291
27	9	4.731668	-0.5691431	-0.1650779	-0.06449461
27	8	4.743257	-0.5679331	-0.1664642	-0.06462598
27	8	4.754713	-0.5670033	-0.1680388	-0.06488061
27	8	4.765968	-0.5662897	-0.1693528	-0.06573093
27	8	4.776367	-0.56552	-0.1706917	-0.06607449
27	8	4.787418	-0.5647663	-0.1717349	-0.0664475
27	8	4.798265	-0.5640426	-0.1731181	-0.06714737
27	8	4.809553	-0.5636489	-0.174207	-0.06842649
27	8	4.82089	-0.5631571	-0.1750562	-0.06920075
27	8	4.832213	-0.5628146	-0.1759036	-0.07033026
27	8	4.843126	-0.5621563	-0.1762196	-0.07115114
27	8	4.854668	-0.56201	-0.1770169	-0.07228816
27	7	4.865604	-0.5618879	-0.1773198	-0.07359111
27	7	4.877007	-0.5621574	-0.1779501	-0.07442772
27	7	4.887971	-0.5622413	-0.1784912	-0.07563162
27	7	4.89933	-0.5620886	-0.1789125	-0.0765456
27	7	4.910217	-0.5622827	-0.1791267	-0.07759893
27	7	4.921496	-0.5623976	-0.1790417	-0.07855463
27	7	4.932425	-0.5622045	-0.1788971	-0.07938612
27	7	4.943631	-0.5626473	-0.1790003	-0.08002937
27	7	4.954778	-0.5628424	-0.1791537	-0.08075941
27	7	4.966005	-0.5628443	-0.1791475	-0.08125961
27	7	4.977258	-0.5628988	-0.1785809	-0.08217084
27	6	4.988395	-0.5632477	-0.1782289	-0.0829643
27	6	4.999436	-0.5634288	-0.1777035	-0.08373916
27	6	5.010796	-0.563697	-0.1770967	-0.0840323
27	6	5.02177	-0.5638479	-0.1766583	-0.08452702
27	6	5.032916	-0.5639436	-0.1761537	-0.08524323
27	6	5.04409	-0.5636157	-0.1757455	-0.08569193
27	6	5.055526	-0.5636396	-0.1754457	-0.08619344
27	6	5.066387	-0.5637741	-0.1750172	-0.08683598
27	6	5.077437	-0.5635461	-0.1749442	-0.087152
27	6	5.088805	-0.5635717	-0.1749344	-0.08769274
27	6	5.099887	-0.5634536	-0.1744119	-0.08804381
27	5	5.111187	-0.5632319	-0.1741458	-0.08824313
27	5	5.122338	-0.5632551	-0.1739618	-0.08856809
27	5	5.133483	-0.5633842	-0.1736197	-0.08901381
27	5	5.144773	-0.5633597	-0.1734457	-0.08928657
27	5	5.156158	-0.5633837	-0.1732913	-0.08951592
27	5	5.16732	-0.5631453	-0.1732489	-0.08978236
27	5	5.178489	-0.563442	-0.1733021	-0.09039545
27	5	5.189584	-0.5634773	-0.1731238	-0.09073353
27	5	5.200604	-0.563379	-0.1731517	-0.09095728
27	5	5.21206	-0.5638647	-0.1730213	-0.09126019
27	5	5.222887	-0.5639962	-0.1729485	-0.09147239
27	4	5.234069	-0.5640848	-0.1727142	-0.09166634
27	4	5.245261	-0.5640322	-0.17237	-0.09192276
27	4	5.256567	-0.5644176	-0.1722616	-0.09254539
27	4	5.267728	-0.5647016	-0.1716962	-0.09270608
27	4	5.278795	-0.5651017	-0.1712129	-0.09323502
27	4	5.289815	-0.5654175	-0.1704115	-0.09349144
27	4	5.301031	-0.565374	-0.169416	-0.09342575
27	4	5.312281	-0.5660695	-0.168697	-0.09394729
27	4	5.323349	-0.5663755	-0.1675946	-0.09430516
27	4	5.334714	-0.5666749	-0.1668657	-0.09472251
27	4	5.346044	-0.5669756	-0.1656889	-0.09526634
27	3	5.357193	-0.5676482	-0.1646657	-0.09612179
27	3	5.368915	-0.5678672	-0.1629241	-0.09671295
27	3	5.379415	-0.5680839	-0.1615553	-0.09753501
27	3	5.390543	-0.5685837	-0.1599222	-0.09880257
27	3	5.401436	-0.5691754	-0.1580194	-0.1006372
27	3	5.41275	-0.5692685	-0.1555533	-0.1027567
27	3	5.423945	-0.5698283	-0.1531427	-0.105608
27	3	5.435072	-0.5701239	-0.1513306	-0.1084722
27	3	5.446371	-0.5710033	-0.1483252	-0.1129333
27	3	5.457414	-0.5717963	-0.1456125	-0.1170448
27	3	5.468709	-0.5720379	-0.1422641	-0.1226653
27	2	5.479803	-0.5726511	-0.1392276	-0.129634
27	2	5.49097	-0.5729444	-0.1353115	-0.1369104
27	2	5.502365	-0.5736716	-0.1319489	-0.1438342
27	2	5.513677	-0.5743738	-0.127571	-0.1535428
27	2	5.525121	-0.5745771	-0.1230793	-0.1614804
27	2	5.535929	-0.5742373	-0.1185763	-0.17003
27	2	5.547033	-0.5750202	-0.1141801	-0.179077
27	2	5.558215	-0.5746975	-0.1088421	-0.1882139
27	2	5.570092	-0.5736694	-0.1034936	-0.1976268
27	2	5.5802	-0.5730512	-0.09851241	-0.2072417
27	2	5.591723	-0.5719372	-0.09338152	-0.216995
27	2	5.602798	-0.5705463	-0.08828151	-0.2257788
26	2	5.614211	-0.5692773	-0.08340287	-0.2342724
26	2	5.625124	-0.5676666	-0.0785445	-0.2425703
26	2	5.636566	-0.5663017	-0.07324588	-0.2502704
26	2	5.647631	-0.5650671	-0.06852901	-0.2570491
26	2	5.658724	-0.56339	-0.06391215	-0.2647595
26	2	5.670109	-0.5619022	-0.05842245	-0.270638
26	2	5.681282	-0.560562	-0.05420303	-0.2750241
26	2	5.691905	-0.5590996	-0.04981673	-0.2809939
26	2	5.703352	-0.5585413	-0.04536438	-0.2850746
26	2	5.714297	-0.5574977	-0.04176867	-0.2885277
26	2	5.725689	-0.5560725	-0.03793144	-0.2929281
25	2	5.73686	-0.5555027	-0.03492451	-0.2952523
25	2	5.747872	-0.5550818	-0.03224933	-0.2972081
25	2	5.759411	-0.5542165	-0.02939379	-0.2997433
25	2	5.770533	-0.5539689	-0.02798069	-0.2999781
25	2	5.781488	-0.5540061	-0.02675045	-0.3008235
25	2	5.792833	-0.5536493	-0.02519977	-0.3021326
25	2	5.804173	-0.5534881	-0.02404857	-0.3024113
25	2	5.815318	-0.5533414	-0.02364838	-0.3023484
25	2	5.826504	-0.5528606	-0.02273262	-0.3027885
25	2	5.8379	-0.5527529	-0.02286756	-0.3025693
25	2	5.848264	-0.5532702	-0.02298808	-0.3029789
24	2	5.859703	-0.5527352	-0.02273345	-0.3033199
24	2	5.871143	-0.5525448	-0.02306902	-0.3035221
24	2	5.882052	-0.5525694	-0.02318799	-0.3037568
24	2	5.893324	-0.5523798	-0.02324426	-0.3042133
24	2	5.90483	-0.5517861	-0.02366745	-0.3046222
24	2	5.915638	-0.5514927	-0.02369177	-0.3046283
24	2	5.926891	-0.5512117	-0.02378678	-0.304966
24	2	5.938124	-0.55053	-0.02431023	-0.3053883
24	2	5.949184	-0.5504982	-0.02429128	-0.3058829
24	2	5.960239	-0.5503266	-0.02412355	-0.3061934
24	2	5.971551	-0.5499469	-0.02407539	-0.305913
23	2	5.982512	-0.5501567	-0.02389431	-0.3055606
23	2	5.99395	-0.5502658	-0.02360928	-0.3048924
23	2	6.005108	-0.5502577	-0.02397609	-0.3044466
23	2	6.015865	-0.5504074	-0.02404749	-0.3041484
23	2	6.026772	-0.5502775	-0.02396405	-0.3035886
23	2	6.038448	-0.5504253	-0.02448809	-0.302322
23	2	6.049176	-0.5510988	-0.02457023	-0.3022125
23	2	6.060513	-0.5512065	-0.02439272	-0.3016068
23	2	6.071761	-0.550982	-0.02401829	-0.3015983
23	2	6.082793	-0.5510596	-0.0236094	-0.3012036
23	2	6.094157	-0.5509423	-0.02300644	-0.301224
22	2	6.105311	-0.5506785	-0.02234519	-0.301424
22	2	6.116536	-0.5504726	-0.02168262	-0.3019897
22	2	6.127833	-0.5501666	-0.02088666	-0.3027525
22	2	6.139025	-0.5497983	-0.02001941	-0.3027127
22	2	6.150539	-0.5494823	-0.01901126	-0.3038286
22	2	6.161425	-0.5491518	-0.01815462	-0.3045291
22	2	6.172459	-0.5487245	-0.01746309	-0.3058072
22	2	6.183442	-0.5482889	-0.01642334	-0.3066627
22	2	6.19455	-0.5476738	-0.01557386	-0.3079829
22	2	6.205601	-0.546587	-0.01465523	-0.3094761
22	2	6.216945	-0.5461106	-0.01412821	-0.3110793
21	2	6.228049	-0.5455215	-0.01363659	-0.3124272
21	2	6.239455	-0.5448787	-0.01317489	-0.3139139
21	2	6.250638	-0.5443152	-0.0128988	-0.3148779
21	2	6.261595	-0.5439584	-0.01267982	-0.3156278
21	2	6.272668	-0.5436803	-0.01253498	-0.3160391
21	2	6.283689	-0.5431709	-0.0124929	-0.316762
21	2	6.294815	-0.5428638	-0.01257014	-0.3175523
21	2	6.306433	-0.5432198	-0.01274502	-0.3173596
21	2	6.317168	-0.5433431	-0.012918	-0.3173268
21	2	6.328198	-0.5436593	-0.01339769	-0.3169622
21	2	6.339548	-0.5439301	-0.01365209	-0.3164021
20	2	6.350835	-0.5442812	-0.01427901	-0.3158741
20	2	6.362096	-0.5443792	-0.0149008	-0.315538
20	2	6.373452	-0.544384	-0.01588547	-0.3148012
20	2	6.384847	-0.5451277	-0.01674092	-0.3151174
20	2	6.395958	-0.5453492	-0.01737869	-0.3148111
20	2	6.407208	-0.544819	-0.01720059	-0.3149023
20	2	6.418244	-0.5450505	-0.01749969	-0.3149837
20	2	6.429474	-0.545091	-0.01758111	-0.3149525
20	2	6.440705	-0.5449558	-0.01786518	-0.3151708
20	2	6.451667	-0.5447241	-0.01777935	-0.3155725
19	2	6.463275	-0.54439	-0.01761854	-0.3161721
19	2	6.476419	-0.5446608	-0.01790702	-0.3164935
19	2	6.485473	-0.544365	-0.01763225	-0.31736
19	2	6.496641	-0.5439887	-0.01711404	-0.318151
19	2	6.507852	-0.5437372	-0.01676047	-0.3183172
19	2	6.518803	-0.5433657	-0.01593626	-0.319037
19	2	6.529885	-0.5430174	-0.01518846	-0.3198647
19	2	6.541035	-0.5427763	-0.01513004	-0.3206153
19	2	6.552255	-0.5424012	-0.01434374	-0.3212639
19	2	6.563253	-0.5422559	-0.01387668	-0.3216797
18	2	6.608321	-0.5405512	-0.01223075	-0.3241532
18	2	6.617196	-0.5405512	-0.01223075	-0.3241532
18	2	6.625549	-0.5400239	-0.01149607	-0.3247908
18	2	6.634827	-0.5398282	-0.01133263	-0.3249904
18	2	6.6433	-0.5398282	-0.01133263	-0.3249904
18	2	6.650487	-0.5403808	-0.01150668	-0.3250796
18	2	6.658246	-0.5401843	-0.01144552	-0.3254218
18	2	6.668565	-0.5404626	-0.01201284	-0.3252729
18	2	6.680196	-0.54085	-0.01222825	-0.3252544
18	2	6.69119	-0.5407827	-0.01238227	-0.3253396
18	2	6.702111	-0.5411747	-0.01235759	-0.3254431
17	2	6.713188	-0.5406275	-0.01259506	-0.3250152
17	2	6.724649	-0.5408351	-0.01307154	-0.3249359
17	2	6.735631	-0.5406208	-0.01310134	-0.3250176
17	2	6.747079	-0.5405616	-0.01335073	-0.3250074
17	2	6.758137	-0.5403365	-0.01327896	-0.3249497
17	2	6.769487	-0.5401372	-0.01335716	-0.3248193
17	2	6.780074	-0.5404582	-0.01342189	-0.3251759
17	2	6.792136	-0.5403678	-0.01336956	-0.3253835
17	2	6.802706	-0.5400329	-0.0132792	-0.3256148
17	2	6.813688	-0.5397416	-0.01307797	-0.3259109
17	2	6.825275	-0.5395643	-0.01315343	-0.3265971
16	2	6.836602	-0.5392494	-0.01317096	-0.3265108
16	2	6.847594	-0.5396898	-0.01305461	-0.3272475
16	2	6.858624	-0.5396199	-0.01277375	-0.3273226
16	2	6.870106	-0.5389316	-0.01220691	-0.3278896
16	2	6.88132	-0.5386903	-0.01198363	-0.3282851
16	2	6.8923	-0.5383874	-0.01176119	-0.3287584
16	2	6.903414	-0.5382792	-0.01120913	-0.3291843
16	2	6.914275	-0.5380552	-0.0110594	-0.3294541
16	2	6.925867	-0.5379688	-0.01069546	-0.3295784
16	2	6.936928	-0.5378517	-0.01035488	-0.3299065
16	2	6.947686	-0.5379237	-0.01039255	-0.3299541
15	2	6.959473	-0.5381129	-0.0104363	-0.3303529
15	2	6.97043	-0.5379796	-0.01062977	-0.3303248
15	2	6.98169	-0.5378318	-0.01019144	-0.3308359
15	2	6.992558	-0.5377622	-0.01002681	-0.3311008
15	2	7.00385	-0.5379354	-0.009593964	-0.3314444
15	2	7.015116	-0.5377196	-0.009482026	-0.3312906
15	2	7.026422	-0.5376198	-0.009554625	-0.3317733
15	2	7.037804	-0.5375915	-0.009441853	-0.3318193
15	2	7.048891	-0.5375383	-0.009499192	-0.332072
15	2	7.05977	-0.5376136	-0.009436011	-0.3317043
15	2	7.071458	-0.5366899	-0.009402037	-0.3316265
14	2	7.082429	-0.5373685	-0.009490728	-0.3322477
14	2	7.092942	-0.537303	-0.009464264	-0.3325614
14	2	7.104832	-0.537505	-0.009017229	-0.3330624
14	2	7.115253	-0.536746	-0.008859515	-0.3328952
14	2	7.12667	-0.5366448	-0.008851051	-0.3330866
14	2	7.138106	-0.5368103	-0.008778811	-0.3331705
14	2	7.148923	-0.5369442	-0.009032607	-0.3334061
14	2	7.159996	-0.5368448	-0.009138584	-0.3334867
14	2	7.171714	-0.5366775	-0.009465814	-0.3336177
14	2	7.182735	-0.5368968	-0.009747267	-0.3338197
14	2	7.194251	-0.5368669	-0.009847879	-0.3339027
13	2	7.205339	-0.5364473	-0.009730697	-0.3338373
13	2	7.216659	-0.5363404	-0.009821177	-0.3337791
13	2	7.22867	-0.5363039	-0.01021099	-0.3342003
13	2	7.240977	-0.5362284	-0.01020443	-0.334366
13	2	7.252398	-0.5362258	-0.01035154	-0.3345425
13	2	7.264585	-0.536172	-0.01063967	-0.3343946
13	2	7.276684	-0.5357815	-0.01027215	-0.3345261
13	2	7.289038	-0.5357988	-0.01029599	-0.3345017
13	2	7.300308	-0.5358453	-0.01065135	-0.3344998
13	2	7.311767	-0.5361938	-0.01071489	-0.3347425
12	2	7.322794	-0.5359159	-0.01035178	-0.3345786
12	2	7.334076	-0.5359265	-0.01009023	-0.3348435
12	2	7.345294	-0.5357366	-0.01001763	-0.3348192
12	2	7.356864	-0.535627	-0.009800792	-0.3351009
12	2	7.367849	-0.5355783	-0.009744406	-0.334967
12	2	7.378724	-0.5351979	-0.009287715	-0.3353748
12	2	7.389944	-0.5351696	-0.009167433	-0.3355917
12	2	7.401326	-0.5350196	-0.008902311	-0.3356526
12	2	7.412397	-0.5348479	-0.008522868	-0.3357117
12	2	7.423285	-0.534709	-0.008335471	-0.3361046
12	2	7.434232	-0.5347049	-0.008096695	-0.3358655
11	2	7.445529	-0.5349452	-0.008154631	-0.3362206
11	2	7.456609	-0.534833	-0.007988453	-0.3362852
11	2	7.467837	-0.5347432	-0.008042097	-0.3362366
11	2	7.479217	-0.5348403	-0.008187413	-0.3365468
11	2	7.490332	-0.5348319	-0.00842917	-0.3367554
11	2	7.501459	-0.5346313	-0.008618593	-0.3368809
11	2	7.513113	-0.5347421	-0.008793354	-0.3371882
11	2	7.523954	-0.5345773	-0.008815169	-0.3372182
11	2	7.535482	-0.5347172	-0.008375764	-0.3376287
11	2	7.546489	-0.5341558	-0.008634567	-0.3373535
11	2	7.558216	-0.5339857	-0.008577585	-0.3372285
10	2	7.568959	-0.5337319	-0.008807898	-0.3371297
10	2	7.579973	-0.5341198	-0.009158611	-0.3374721
10	2	7.591224	-0.5339973	-0.009294391	-0.3375425
10	2	7.602346	-0.5336864	-0.00938201	-0.3374563
10	2	7.613604	-0.53378	-0.009604573	-0.3377665
10	2	7.625179	-0.5335093	-0.009597778	-0.3378669
10	2	7.636235	-0.5332758	-0.009354234	-0.337903
10	2	7.647071	-0.5332093	-0.009674311	-0.3379301
10	2	7.658048	-0.5333266	-0.009820104	-0.3381109
10	2	7.669171	-0.5331674	-0.009981036	-0.3380966
10	2	7.680319	-0.5327168	-0.009477019	-0.3384148
9	2	7.691516	-0.5327592	-0.009403348	-0.3383329
9	2	7.702528	-0.5327147	-0.008841515	-0.3384161
9	2	7.714072	-0.5322706	-0.008704305	-0.3381975
9	2	7.724992	-0.5320461	-0.008403897	-0.3383193
9	2	7.735874	-0.5317345	-0.007952571	-0.3379787
9	2	7.746989	-0.531716	-0.007765651	-0.3383131
9	2	7.7584	-0.5317612	-0.007713437	-0.3384883
9	2	7.769649	-0.5316917	-0.007336617	-0.3384646
9	2	7.780831	-0.5315244	-0.006888032	-0.3386216
9	2	7.792114	-0.531404	-0.006533265	-0.3387351
9	2	7.803237	-0.5312684	-0.0062958	-0.3387009
8	2	7.814826	-0.5315562	-0.006218433	-0.3391593
8	2	7.825696	-0.5313656	-0.005975246	-0.3394687
8	2	7.837012	-0.5316721	-0.005741239	-0.3396869
8	2	7.848193	-0.5311934	-0.005591154	-0.3394558
8	2	7.859287	-0.5312234	-0.005747676	-0.3396574
8	2	7.870928	-0.530741	-0.005592465	-0.3400145
8	2	7.88133	-0.5305517	-0.005770683	-0.3400885
8	2	7.892244	-0.5304369	-0.005875587	-0.340187
8	2	7.903605	-0.5302234	-0.00616622	-0.3401375
8	2	7.914832	-0.5305222	-0.006647706	-0.340531
8	2	7.925992	-0.5303737	-0.006776571	-0.3405279
7	2	7.937243	-0.5301394	-0.007015705	-0.3406812
7	2	7.948494	-0.5299181	-0.007290006	-0.3407447
7	2	7.959852	-0.5298511	-0.007542253	-0.3409312
7	2	7.97096	-0.5299208	-0.007838845	-0.3407737
7	2	7.981989	-0.5302156	-0.008289695	-0.3409816
7	2	7.993175	-0.5303527	-0.008479357	-0.3409984
7	2	8.004672	-0.5300851	-0.008188128	-0.341058
7	2	8.015739	-0.5298082	-0.008224845	-0.3412873
7	2	8.027521	-0.5297202	-0.008226633	-0.3415217
7	2	8.038099	-0.5300776	-0.008310795	-0.3413901
7	2	8.049151	-0.5303038	-0.008324146	-0.3415883
6	2	8.060177	-0.5304686	-0.008274198	-0.3415594
6	2	8.07158	-0.5300037	-0.008341908	-0.3416717
6	2	8.082786	-0.5298146	-0.008016586	-0.3416876
6	2	8.093897	-0.5296869	-0.007860065	-0.3419185
6	2	8.105533	-0.5295292	-0.007594466	-0.3422484
6	2	8.116186	-0.528994	-0.007148504	-0.3424913
6	2	8.127094	-0.5286701	-0.006832957	-0.3428423
6	2	8.138486	-0.5285219	-0.005922198	-0.3429091
6	2	8.149424	-0.5280073	-0.005768895	-0.3428614
6	2	8.160776	-0.5277464	-0.00553298	-0.3431951
6	2	8.171847	-0.5272051	-0.00515449	-0.3434614
5	2	8.183123	-0.5269042	-0.005012751	-0.3438488
5	2	8.193523	-0.526698	-0.004955173	-0.3441434
5	2	8.205295	-0.5264633	-0.005248308	-0.3440109
5	2	8.216354	-0.5267526	-0.005470037	-0.3445837
5	2	8.227247	-0.5266118	-0.005540013	-0.3447526
5	2	8.238671	-0.5267075	-0.005350709	-0.3452086
5	2	8.249755	-0.5265937	-0.005666494	-0.3452253
5	2	8.260952	-0.5265939	-0.005811095	-0.3453648
5	2	8.272615	-0.5264614	-0.006154537	-0.3456956
5	2	8.283524	-0.5264573	-0.006340146	-0.3459266
5	2	8.294563	-0.5262061	-0.006492376	-0.3462809
4	2	8.306167	-0.5262916	-0.006842136	-0.3463757
4	2	8.317309	-0.5263267	-0.007010579	-0.3465735
4	2	8.330289	-0.5261872	-0.0071522	-0.3468616
4	2	8.339751	-0.5257548	-0.006994009	-0.3467792
4	2	8.350562	-0.525756	-0.007171988	-0.3469932
4	2	8.361673	-0.5257576	-0.007228851	-0.3471477
4	2	8.373153	-0.525383	-0.007314682	-0.3472707
4	2	8.384127	-0.5259235	-0.007562757	-0.3480806
4	2	8.395355	-0.5260228	-0.007505655	-0.348271
4	2	8.406624	-0.5256609	-0.007128716	-0.3484793
4	2	8.417373	-0.5256205	-0.00711298	-0.3488057
3	2	8.428735	-0.5254532	-0.0068748	-0.349292
3	2	8.440093	-0.5252967	-0.006335378	-0.3491491
3	2	8.451256	-0.52503	-0.005860806	-0.3493398
3	2	8.462255	-0.5249704	-0.005587459	-0.3496648
3	2	8.473582	-0.5248797	-0.005668998	-0.3502053
3	2	8.48443	-0.524863	-0.005189061	-0.3504871
3	2	8.495794	-0.5247673	-0.004536867	-0.350951
3	2	8.506754	-0.5249093	-0.00372684	-0.3513063
3	2	8.517891	-0.5249397	-0.002966523	-0.3519558
3	2	8.529135	-0.5249436	-0.001625896	-0.3526852
2	2	8.540631	-0.5251778	7.43866E-05	-0.3530087
2	2	8.551302	-0.5259979	0.003328919	-0.3538781
2	2	8.562807	-0.5267777	0.007392049	-0.3543961
2	2	8.574061	-0.5274371	0.01104796	-0.3546555
2	2	8.585075	-0.5288134	0.01665771	-0.354917
2	2	8.596183	-0.5302905	0.0240742	-0.3544872
2	2	8.607329	-0.5308448	0.02974248	-0.3538859
2	2	8.618587	-0.5322357	0.03634644	-0.3538215
2	2	8.629848	-0.5331055	0.04312325	-0.3534275
2	2	8.641173	-0.5335263	0.05076921	-0.3519534
2	2	8.652541	-0.5345203	0.0574255	-0.3514117
2	2	8.663231	-0.535328	0.064852	-0.349839
2	2	8.67454	-0.5361062	0.07149458	-0.3485543
2	3	8.685809	-0.5366721	0.07833052	-0.3471454
2	3	8.696827	-0.5368364	0.08476031	-0.345093
2	3	8.708007	-0.5371724	0.09121454	-0.3439326
2	3	8.7192	-0.5372038	0.09735835	-0.3421443
2	3	8.730159	-0.5373037	0.1031746	-0.3405209
2	3	8.741327	-0.537185	0.1099907	-0.338662
2	3	8.752441	-0.5367243	0.115611	-0.3363521
2	3	8.763675	-0.5368365	0.1202033	-0.3345907
2	3	8.774776	-0.5370964	0.1246642	-0.3332183
2	3	8.786057	-0.5369999	0.1294403	-0.3315269
2	3	8.797269	-0.5368906	0.1326717	-0.3299917
2	4	8.808614	-0.5364554	0.1374087	-0.3284944
2	4	8.820047	-0.5363086	0.1407485	-0.3272083
2	4	8.831407	-0.5363302	0.1441767	-0.3257517
2	4	8.842054	-0.5357699	0.147701	-0.3245012
2	4	8.853191	-0.5348415	0.1509107	-0.3234081
2	4	8.864286	-0.5341313	0.1534966	-0.3227199
2	4	8.875363	-0.5336245	0.155587	-0.3219167
2	4	8.88644	-0.5327314	0.1579703	-0.3212298
2	4	8.898063	-0.5323519	0.1598846	-0.320784
2	4	8.909044	-0.5322659	0.1611645	-0.3206363
2	4	8.920117	-0.5319629	0.1626809	-0.3202226
2	5	8.931267	-0.5316473	0.1643444	-0.3197832
2	5	8.942586	-0.5314733	0.1659968	-0.3189373
2	5	8.953483	-0.5312562	0.1671028	-0.317947
2	5	8.965136	-0.5312321	0.1679529	-0.3169098
2	5	8.976317	-0.5311303	0.1681494	-0.316864
2	5	8.987266	-0.5313739	0.1681871	-0.3169426
2	5	8.998425	-0.5317743	0.1683898	-0.316505
2	5	9.009809	-0.5311134	0.1692607	-0.3158727
2	5	9.020949	-0.5314648	0.1693566	-0.3157417
2	5	9.032637	-0.5315586	0.1697087	-0.3156681
2	5	9.043561	-0.5316914	0.1695995	-0.3158675
2	6	9.054826	-0.5318333	0.1693459	-0.31635
2	6	9.065808	-0.5318494	0.1692091	-0.3166124
2	6	9.0772	-0.5323848	0.1690458	-0.3170042
2	6	9.08792	-0.5324878	0.1689225	-0.3173684
2	6	9.099302	-0.53263	0.1687279	-0.3178256
2	6	9.110575	-0.532755	0.1681268	-0.3182946
2	6	9.121637	-0.5328434	0.1678479	-0.3191646
2	6	9.132584	-0.5329452	0.168077	-0.319926
2	6	9.143471	-0.5330299	0.1681188	-0.3202322
2	6	9.154699	-0.5329884	0.1684368	-0.32058
2	6	9.165611	-0.5330732	0.1686337	-0.3209004
2	7	9.176995	-0.5331392	0.1695586	-0.3210292
2	7	9.188272	-0.5331469	0.170197	-0.3214109
2	7	9.199501	-0.5332204	0.1707032	-0.3212432
2	7	9.210601	-0.5327045	0.1716146	-0.3216428
2	7	9.22165	-0.5329326	0.1719564	-0.3222513
2	7	9.232984	-0.5327637	0.1727819	-0.3226764
2	7	9.244287	-0.5323262	0.1736736	-0.3226233
2	7	9.255738	-0.532254	0.1743393	-0.3226544
2	7	9.266791	-0.5320058	0.1748341	-0.3226178
2	7	9.278526	-0.5325315	0.1752527	-0.3231171
2	7	9.288915	-0.5323428	0.1760923	-0.3230063
2	8	9.300048	-0.5322301	0.1767497	-0.3230124
2	8	9.311076	-0.5322288	0.1773139	-0.3229061
2	8	9.322259	-0.5322262	0.1777542	-0.3231268
2	8	9.333421	-0.5324241	0.1781861	-0.3229328
2	8	9.344674	-0.532195	0.1788771	-0.3229539
2	8	9.355706	-0.5322353	0.1792198	-0.3228216
2	8	9.366921	-0.5321724	0.1793936	-0.3227104
2	8	9.378003	-0.5323726	0.1794052	-0.3227966
2	8	9.389242	-0.5324036	0.1796445	-0.3226761
2	8	9.400967	-0.5323781	0.1794596	-0.3223265
2	8	9.411654	-0.5326049	0.1795838	-0.322433
2	9	9.423064	-0.5326922	0.179574	-0.3222907
2	9	9.434546	-0.5330694	0.1797283	-0.3219414
2	9	9.445355	-0.533145	0.1799012	-0.321794
2	9	9.457032	-0.5331565	0.1804025	-0.3215035
2	9	9.467667	-0.5330663	0.1808763	-0.3214525
2	9	9.478966	-0.5327251	0.1816455	-0.3209441
2	9	9.490549	-0.532719	0.1820748	-0.3207773
2	9	9.501338	-0.5325813	0.1821949	-0.3201622
2	9	9.512723	-0.5327157	0.1828376	-0.3202293
2	9	9.523745	-0.5327787	0.1834059	-0.3201337
2	9	9.534543	-0.5327173	0.1844788	-0.320156
2	10	9.545856	-0.5317144	0.185665	-0.3194301
2	10	9.5571	-0.5314529	0.1863883	-0.3194054
2	10	9.568122	-0.5311483	0.1871408	-0.3191056
2	10	9.578954	-0.5309728	0.1878715	-0.319102
2	10	9.59142	-0.5309087	0.1884841	-0.3192382
2	10	9.60122	-0.5305029	0.1888866	-0.3189248
2	10	9.612354	-0.5308423	0.1894095	-0.3191068
2	10	9.623937	-0.5309516	0.1898453	-0.3185829
2	10	9.635166	-0.5310796	0.1903636	-0.3184757
2	10	9.645984	-0.5305446	0.1906047	-0.3179142
2	10	9.657229	-0.5305645	0.1908573	-0.3177274
2	11	9.668421	-0.5304954	0.1911608	-0.31758
2	11	9.679486	-0.530561	0.1915053	-0.3172146
2	11	9.691309	-0.5306659	0.1918952	-0.3166593
2	11	9.70204	-0.5306432	0.191875	-0.3160573
2	11	9.713352	-0.5309232	0.191939	-0.3161159
2	11	9.724784	-0.5310173	0.1920047	-0.3157315
2	11	9.735698	-0.5311704	0.1920495	-0.3153633
2	11	9.746932	-0.5312023	0.1923047	-0.3147349
2	11	9.757903	-0.5314988	0.1923162	-0.3141984
2	11	9.769079	-0.5313084	0.1924899	-0.3140211
2	11	9.780049	-0.5312526	0.1925993	-0.3138645
2	12	9.791408	-0.5311725	0.1927078	-0.3139101
2	12	9.802337	-0.5312907	0.1929387	-0.3134024
2	12	9.81367	-0.5312063	0.1930922	-0.3134414
2	12	9.824733	-0.5314405	0.1929647	-0.3134193
2	12	9.835887	-0.5316428	0.193316	-0.3134444
2	12	9.847176	-0.5308709	0.1937108	-0.312971
2	12	9.858312	-0.5310472	0.1939195	-0.3127823
2	12	9.869436	-0.531033	0.1946226	-0.312611
2	12	9.880674	-0.5305724	0.1950059	-0.312209
2	12	9.891965	-0.5304487	0.1954004	-0.3121943
2	12	9.903484	-0.5301986	0.1954129	-0.3119406
2	13	9.914181	-0.5300859	0.1957672	-0.3122202
2	13	9.925282	-0.5298738	0.1960555	-0.3122679
2	13	9.93651	-0.5297476	0.1961901	-0.3121147
2	13	9.947655	-0.5296125	0.19662	-0.3121362
2	13	9.95871	-0.5295142	0.1968882	-0.3121555
2	13	9.970023	-0.5290194	0.1972758	-0.3124106
2	13	9.981148	-0.5290238	0.1975567	-0.3125974
2	13	9.992277	-0.528896	0.1978338	-0.3126661
2	13	10.00313	-0.5281609	0.1983949	-0.312969
2	13	10.01434	-0.5278751	0.1989836	-0.3133241
2	13	10.02581	-0.5274217	0.1997116	-0.313319
2	14	10.03668	-0.5272833	0.2003325	-0.3134006
2	14	10.04778	-0.5270582	0.2005161	-0.3135329
2	14	10.05933	-0.5268054	0.2008622	-0.3138608
2	14	10.07039	-0.5266247	0.2011718	-0.3137078
2	14	10.08154	-0.5268104	0.2013811	-0.3136934
2	14	10.09293	-0.5268469	0.2016486	-0.3135406
2	14	10.10409	-0.526894	0.2021873	-0.3131429
2	14	10.11523	-0.526943	0.2021832	-0.3129083
2	14	10.12649	-0.527017	0.2024513	-0.3125602
2	14	10.13773	-0.5270907	0.2029071	-0.3120704
2	14	10.14906	-0.5271181	0.2030679	-0.3117863
2	15	10.16005	-0.5272686	0.2032228	-0.3117349
2	15	10.17148	-0.5274566	0.2031498	-0.3112251
2	15	10.18264	-0.5275586	0.2033418	-0.3112719
2	15	10.19496	-0.5276073	0.2035663	-0.3110436
2	15	10.205	-0.5276718	0.2040207	-0.3109044
2	15	10.21688	-0.5275025	0.2043643	-0.3107435
2	15	10.22721	-0.5274704	0.2046977	-0.3106627
2	15	10.23844	-0.527289	0.2049905	-0.3106368
2	15	10.24945	-0.5273196	0.2053869	-0.3108208
2	15	10.26057	-0.5271792	0.206092	-0.3103836
2	15	10.27164	-0.5267636	0.2066076	-0.3106259
2	16	10.28304	-0.5267469	0.2070256	-0.3106375
2	16	10.29391	-0.5264815	0.2073936	-0.3107868
2	16	10.30525	-0.5265832	0.2073435	-0.310843
2	16	10.31625	-0.5265504	0.2077589	-0.3108714
2	16	10.32746	-0.5266629	0.2080021	-0.3108665
2	16	10.33862	-0.5263892	0.2090235	-0.3109965
2	16	10.3499	-0.5255889	0.2096555	-0.3107382
2	16	10.36075	-0.5253739	0.2102474	-0.3106245
2	16	10.37217	-0.5250863	0.2105949	-0.3104119
2	16	10.38295	-0.5250213	0.2110088	-0.3105065
2	16	10.39402	-0.524875	0.2116556	-0.3104146
2	17	10.40521	-0.5249482	0.2120976	-0.3100184
2	17	10.41655	-0.5246724	0.212822	-0.3098572
2	17	10.42788	-0.5244752	0.2134771	-0.3097312
2	17	10.43915	-0.524411	0.2140335	-0.3094156
2	17	10.45043	-0.5242217	0.2145525	-0.3093585
2	17	10.46163	-0.5239564	0.2152452	-0.3092995
2	17	10.4728	-0.5239159	0.2155648	-0.3092732
2	17	10.48385	-0.523753	0.2161356	-0.3089976
2	17	10.49536	-0.5237461	0.2165902	-0.308651
2	17	10.50639	-0.5234495	0.2169298	-0.308567
2	17	10.51755	-0.5233465	0.2172108	-0.3084103
2	18	10.52903	-0.5232888	0.2173829	-0.3083981
2	18	10.53997	-0.5231034	0.2175723	-0.3082722
2	18	10.55104	-0.5234518	0.2175941	-0.3083
2	18	10.56216	-0.5235547	0.2177869	-0.3081377
2	18	10.57343	-0.5238084	0.2180196	-0.3076081
2	18	10.58473	-0.5238991	0.2181021	-0.307478
2	18	10.59577	-0.5239022	0.2181393	-0.3075318
2	18	10.60657	-0.5239064	0.2180578	-0.307598
2	18	10.61757	-0.5237081	0.2180368	-0.3075614
2	18	10.62894	-0.5236477	0.218098	-0.3076867
2	19	10.64063	-0.5235029	0.2180248	-0.3074843
2	19	10.65113	-0.5235856	0.2180578	-0.307379
2	19	10.66237	-0.5235764	0.2178737	-0.3075372
2	19	10.67347	-0.5236703	0.2178036	-0.307634
2	19	10.68495	-0.5236721	0.218004	-0.3075432
2	19	10.69586	-0.5238829	0.2181848	-0.3072455
2	19	10.70719	-0.5239869	0.2180531	-0.3072897
2	19	10.71818	-0.5239772	0.2180783	-0.3076354
2	19	10.72944	-0.5239718	0.2184376	-0.3076395
2	19	10.74097	-0.5239412	0.2185986	-0.3074518
2	19	10.75205	-0.5240712	0.2189142	-0.3072798
2	20	10.76322	-0.5239367	0.2191781	-0.3072917
2	20	10.77487	-0.5236526	0.2192279	-0.3074031
2	20	10.786	-0.523527	0.2196029	-0.3073578
2	20	10.7968	-0.5234122	0.2201269	-0.3075256
2	20	10.80824	-0.5233076	0.2201989	-0.3071034
2	20	10.81911	-0.5232348	0.2205942	-0.306965
2	20	10.83032	-0.5231963	0.2210671	-0.306778
2	20	10.84293	-0.5227523	0.2215337	-0.3067626
2	20	10.85341	-0.5226338	0.2218292	-0.3067172
2	20	10.86446	-0.5226047	0.2221205	-0.3066001
2	20	10.87538	-0.5227103	0.2217962	-0.3068063
2	21	10.88617	-0.5226866	0.221988	-0.3066963
2	21	10.89779	-0.5225852	0.222074	-0.3067212
2	21	10.90896	-0.5226495	0.2222104	-0.3064692
2	21	10.91998	-0.522723	0.2221045	-0.3066337
2	21	10.9311	-0.5226046	0.2221595	-0.3069016
2	21	10.94215	-0.5225238	0.2222729	-0.3065861
2	21	10.95305	-0.5222685	0.2224441	-0.3065004
2	21	10.96413	-0.5223845	0.2225807	-0.3062899
2	21	10.97564	-0.5221174	0.2229974	-0.3064313
2	21	10.98645	-0.5220478	0.2233067	-0.3062763
2	21	10.99784	-0.5218838	0.2235417	-0.3063924
2	22	11.00898	-0.5221742	0.2232291	-0.3062581
2	22	11.01969	-0.5221953	0.2233219	-0.3061531
2	22	11.0311	-0.5221643	0.2233902	-0.3060721
2	22	11.04252	-0.5222458	0.2234225	-0.3058109
2	22	11.05365	-0.522342	0.2234865	-0.3056701
2	22	11.06498	-0.522356	0.2236763	-0.3055928
2	22	11.07618	-0.5221474	0.2238721	-0.3054914
2	22	11.08732	-0.5221077	0.2241452	-0.3053728
2	22	11.09844	-0.522069	0.2244717	-0.3053223
2	22	11.11003	-0.5223655	0.2243141	-0.305571
2	22	11.12075	-0.5223776	0.2245036	-0.3056139
2	23	11.13222	-0.5222898	0.2247102	-0.3056699
2	23	11.14311	-0.5219946	0.2248846	-0.3055871
2	23	11.15462	-0.5219227	0.2251025	-0.3056073
2	23	11.16535	-0.5221732	0.2255362	-0.3056425
2	23	11.17657	-0.5216961	0.2257595	-0.3054533
2	23	11.18768	-0.5216329	0.2259743	-0.3055496
2	23	11.19876	-0.5216309	0.2262266	-0.3054749
2	23	11.20988	-0.5213876	0.2263923	-0.3054737
2	23	11.22104	-0.5213798	0.226536	-0.3056413
2	23	11.23214	-0.5211933	0.2267808	-0.305828
2	23	11.2431	-0.5211401	0.2265949	-0.305916
2	24	11.25452	-0.5210897	0.226678	-0.3060642
2	24	11.26532	-0.5209032	0.2267537	-0.306172
2	24	11.27664	-0.5207341	0.2268207	-0.3059356
2	24	11.28831	-0.520656	0.2271125	-0.3057767
2	24	11.29939	-0.520618	0.2274714	-0.3057446
2	24	11.3108	-0.5203874	0.2277941	-0.3055855
2	24	11.32155	-0.5203559	0.2280892	-0.3054893
2	24	11.3328	-0.5202647	0.2283111	-0.3055158
2	24	11.34387	-0.5203207	0.2282658	-0.3057562
2	24	11.35512	-0.5203614	0.2283932	-0.3058476
2	24	11.36618	-0.5204569	0.2288561	-0.3058078
2	25	11.37751	-0.5200895	0.2292682	-0.3052838
2	25	11.38861	-0.5200548	0.229468	-0.3051158
2	25	11.39997	-0.5201375	0.229578	-0.304895
2	25	11.41093	-0.5199364	0.2293531	-0.3051732
2	25	11.42206	-0.5199094	0.2295141	-0.3051584
2	25	11.43319	-0.5198308	0.2297469	-0.3051927
2	25	11.44436	-0.5194792	0.2298301	-0.3053927
2	25	11.45543	-0.5193244	0.2300504	-0.3054136
2	25	11.46716	-0.5192294	0.2302631	-0.3054452
2	25	11.47797	-0.51932	0.2304457	-0.3055388
2	25	11.48917	-0.5192627	0.2305952	-0.3058676
2	26	11.50021	-0.5189165	0.2312052	-0.3060627
2	26	11.51144	-0.5188102	0.2312089	-0.3062997
2	26	11.52278	-0.5187027	0.2313726	-0.3065838
2	26	11.53403	-0.5183966	0.2315042	-0.3067422
2	26	11.5454	-0.5180291	0.2318773	-0.3068568
2	26	11.55645	-0.517715	0.232181	-0.30709
2	26	11.56744	-0.5173438	0.2324035	-0.3074487
2	26	11.57865	-0.5167198	0.2325809	-0.3078384
2	26	11.58945	-0.5162381	0.2329187	-0.30843
2	26	11.60082	-0.5157082	0.2330137	-0.3087311
2	26	11.61181	-0.5156666	0.2332799	-0.3090757
2	27	11.62323	-0.5154741	0.2336452	-0.3093597
2	27	11.63431	-0.5151961	0.2338176	-0.3095412
2	27	11.64552	-0.515365	0.234089	-0.3097667
2	27	11.65674	-0.5153655	0.2343074	-0.3099771
2	27	11.6679	-0.5152805	0.2346884	-0.3100791
2	27	11.67904	-0.5151889	0.2350824	-0.310029
2	27	11.69034	-0.5153131	0.2352728	-0.3101512
2	27	11.70137	-0.5154455	0.2354076	-0.309924
2	27	11.71263	-0.5155963	0.2355319	-0.3098255
2	27	11.72362	-0.5158073	0.2356386	-0.3097242
2	27	11.73509	-0.515934	0.2355609	-0.3093747
2	28	11.7463	-0.5166918	0.235382	-0.3095336
2	28	11.75792	-0.5169585	0.2354748	-0.3093721
2	28	11.769	-0.5169774	0.2357707	-0.3089659
2	28	11.78004	-0.5170903	0.2357477	-0.3092226
2	28	11.79102	-0.5172369	0.2359872	-0.3090924
2	28	11.80203	-0.5175139	0.2364686	-0.3091016
2	28	11.813	-0.5174044	0.2368591	-0.3086183
2	28	11.82452	-0.5175132	0.2372557	-0.3084279
2	28	11.83537	-0.5174071	0.237767	-0.3082391
2	28	11.84648	-0.5174617	0.2381628	-0.3082788
2	28	11.85759	-0.5173956	0.2386317	-0.3083634
2	29	11.86903	-0.5166824	0.2393829	-0.3084676
2	29	11.87981	-0.5165266	0.2398032	-0.3087233
2	29	11.8914	-0.516409	0.2403157	-0.3087726
2	29	11.90223	-0.5160749	0.2409303	-0.3088731
2	29	11.91358	-0.5157886	0.2417573	-0.3091677
2	29	11.92479	-0.5155859	0.2424804	-0.3092273
2	29	11.9361	-0.5151403	0.2431796	-0.3088034
2	29	11.94706	-0.5152624	0.2444932	-0.308684
2	29	11.9582	-0.5152795	0.2458149	-0.3082137
2	29	11.96942	-0.5154846	0.2476937	-0.3070961
2	29	11.98081	-0.5155128	0.2497519	-0.3054123
2	30	11.99204	-0.5161142	0.2518622	-0.3039535
2	30	12.00293	-0.5167681	0.2545708	-0.3010924
2	30	12.01422	-0.5175108	0.2578651	-0.2974685
2	30	12.02572	-0.5188527	0.2607658	-0.2939703
2	30	12.03841	-0.5208102	0.2643642	-0.2878125
2	30	12.04812	-0.5228062	0.2675142	-0.2805443
2	30	12.0594	-0.5242121	0.2703902	-0.2748941
2	30	12.07045	-0.5259334	0.2735252	-0.2679268
2	30	12.08155	-0.5270978	0.2762476	-0.2608708
2	30	12.09299	-0.5288626	0.2786169	-0.2542876
2	30	12.10369	-0.5306706	0.2808679	-0.2464604
2	30	12.11488	-0.5319968	0.2832915	-0.23825
2	30	12.12596	-0.5337645	0.2853528	-0.2299122
2	30	12.13685	-0.5353603	0.2872509	-0.2217467
2	30	12.14801	-0.5364642	0.2883691	-0.2136942
2	30	12.15947	-0.5378697	0.2894278	-0.2051585
2	30	12.17009	-0.5396154	0.2899604	-0.1971463
2	30	12.18161	-0.5413213	0.2906991	-0.1893606
2	30	12.19288	-0.5427907	0.2917261	-0.1803739
2	30	12.2039	-0.543779	0.2923175	-0.1726904
2	30	12.21514	-0.5435307	0.2927287	-0.1652983
2	30	12.22667	-0.54434	0.2929409	-0.1583405
2	30	12.23753	-0.5449576	0.2930312	-0.1520854
2	30	12.24922	-0.5457861	0.2928717	-0.1461246
2	30	12.26011	-0.5463524	0.2925811	-0.1397144
2	30	12.27132	-0.5463427	0.2922184	-0.1346328
2	30	12.28248	-0.5462791	0.2918668	-0.1302086
2	30	12.29368	-0.5465636	0.2918506	-0.1247866
2	30	12.30482	-0.5462712	0.2918289	-0.1210468
2	30	12.31613	-0.5456215	0.2918475	-0.1174192
2	30	12.32712	-0.5458462	0.2917346	-0.1140298
2	30	12.33827	-0.5457276	0.2914937	-0.110476
2	30	12.34942	-0.544934	0.2917458	-0.1080718
2	30	12.36077	-0.5448985	0.2917351	-0.1048405
2	30	12.37163	-0.5443172	0.2916155	-0.1025008
2	30	12.3829	-0.5436615	0.2917087	-0.1009976
2	30	12.39386	-0.5436078	0.2917261	-0.09959435
2	30	12.40529	-0.5433559	0.2920418	-0.09801495
3	30	12.4162	-0.5425793	0.2921956	-0.09721005
3	30	12.42725	-0.5423974	0.2924801	-0.09644771
3	30	12.43834	-0.5423067	0.292402	-0.09587908
3	30	12.44963	-0.5420512	0.2925349	-0.09622955
3	30	12.46087	-0.5419394	0.2927305	-0.09579682
3	30	12.47217	-0.5419651	0.2931654	-0.09610629
3	30	12.4834	-0.5413461	0.2932637	-0.0965004
3	30	12.49459	-0.5412822	0.2934291	-0.0969187
3	30	12.50582	-0.5412358	0.2937992	-0.09723461
3	30	12.51708	-0.5412353	0.2933644	-0.09803367
3	30	12.52823	-0.5413874	0.2932726	-0.09813821
4	30	12.53947	-0.5416352	0.2931006	-0.09847283
4	30	12.55053	-0.5419742	0.2928903	-0.0982039
4	30	12.56218	-0.5424633	0.2922803	-0.0970819
4	30	12.57286	-0.5430684	0.2918237	-0.09605157
4	30	12.58403	-0.5436177	0.2907972	-0.0944047
4	30	12.59483	-0.5444546	0.2897445	-0.09221268
4	30	12.60598	-0.5455098	0.28859	-0.08927453
4	30	12.61706	-0.5469133	0.2870358	-0.08709967
4	30	12.6285	-0.5480702	0.2853729	-0.08316278
4	30	12.63954	-0.5497657	0.2833763	-0.07817268
4	30	12.65078	-0.5510063	0.280714	-0.07328808
5	30	12.6619	-0.5524135	0.2776792	-0.06653166
5	30	12.67321	-0.5539454	0.2747203	-0.06004405
5	30	12.68439	-0.5557642	0.271026	-0.05305505
5	30	12.69577	-0.5569956	0.2672009	-0.04588962
5	30	12.70687	-0.5581033	0.2637388	-0.03914654
5	30	12.71818	-0.5587482	0.2597224	-0.03370774
5	30	12.72885	-0.5592046	0.2563409	-0.02792728
5	30	12.74016	-0.55922	0.2531919	-0.02382302
5	30	12.75142	-0.5599219	0.2504534	-0.02004588
5	30	12.76257	-0.560917	0.247798	-0.01628065
6	30	12.77369	-0.5616828	0.2453846	-0.01392519
6	30	12.78498	-0.561643	0.244169	-0.01289523
6	30	12.79627	-0.5624864	0.2432883	-0.01240551
6	30	12.80775	-0.5630234	0.2418895	-0.01228642
6	30	12.81861	-0.5637625	0.2419339	-0.01314962
6	30	12.82997	-0.5648768	0.2415744	-0.01348162
6	30	12.84113	-0.5652975	0.240274	-0.014202
6	30	12.85237	-0.5661309	0.2405365	-0.01537454
6	30	12.86409	-0.5670146	0.2403896	-0.01611662
6	30	12.87568	-0.5667834	0.240206	-0.01735556
6	30	12.8858	-0.5669469	0.240847	-0.01869237
7	30	12.89712	-0.5670316	0.2411729	-0.01955426
7	30	12.90784	-0.5670114	0.2413859	-0.02068353
7	30	12.91902	-0.5670196	0.2419144	-0.02133214
7	30	12.9305	-0.5669019	0.2424635	-0.02179277
7	30	12.9413	-0.5659117	0.2435943	-0.02269197
7	30	12.95235	-0.565835	0.2436556	-0.02362275
7	30	12.96361	-0.5651814	0.2442518	-0.02421808
7	30	12.97528	-0.5658844	0.2444974	-0.02462018
7	30	12.98597	-0.5657527	0.2447058	-0.02462018
7	30	12.99691	-0.5652505	0.244995	-0.023857
7	30	13.00842	-0.5648532	0.245896	-0.02363098
8	30	13.01991	-0.5648034	0.2458354	-0.02326107
8	30	13.0305	-0.5645585	0.2460679	-0.02280164
8	30	13.04138	-0.5641987	0.2466335	-0.02252793
8	30	13.05258	-0.5639207	0.2468402	-0.02189898
8	30	13.06373	-0.56358	0.2468897	-0.021685
8	30	13.07489	-0.5636989	0.2469682	-0.02120829
8	30	13.08635	-0.563607	0.2468089	-0.02106249
8	30	13.09776	-0.5634409	0.2468204	-0.02097631
8	30	13.10879	-0.5641308	0.2458423	-0.02107787
8	30	13.11995	-0.5640436	0.2457942	-0.02086556
8	30	13.13126	-0.5642314	0.2455282	-0.02073264
9	30	13.14255	-0.5639175	0.2452689	-0.02150905
9	30	13.15353	-0.5641482	0.2450615	-0.02209651
9	30	13.16486	-0.5644418	0.2448716	-0.0228349
9	30	13.17612	-0.5643885	0.2445339	-0.02304268
9	30	13.18773	-0.564605	0.2441984	-0.02360415
9	30	13.19855	-0.5649264	0.2438174	-0.024104
9	30	13.20967	-0.5647768	0.2435752	-0.0244776
9	30	13.22053	-0.5651469	0.243256	-0.025298
9	30	13.23164	-0.5652071	0.2428439	-0.02582383
9	30	13.24278	-0.5659664	0.2424576	-0.02668011
9	30	13.25399	-0.566258	0.2422745	-0.02713263
10	30	13.26495	-0.5663264	0.2422289	-0.02746809
10	30	13.27603	-0.566667	0.2418436	-0.02773738
10	30	13.28729	-0.5668095	0.2418171	-0.02784824
10	30	13.29823	-0.5667161	0.2418901	-0.02817273
10	30	13.30982	-0.5668069	0.2420558	-0.0280093
10	30	13.32076	-0.5670229	0.2417693	-0.02833378
10	30	13.33204	-0.5672195	0.2416168	-0.02830315
10	30	13.34391	-0.5670406	0.2417029	-0.02820623
10	30	13.35452	-0.5671816	0.2414608	-0.02801991
10	30	13.36583	-0.567446	0.2413657	-0.02783203
10	30	13.37724	-0.5673122	0.2411705	-0.02801669
11	30	13.40056	-0.5680888	0.2405013	-0.0281316
11	30	13.40994	-0.5688064	0.2397211	-0.02863896
11	30	13.41733	-0.569168	0.2393755	-0.0287621
11	30	13.42409	-0.569168	0.2393755	-0.0287621
11	30	13.43169	-0.5698484	0.2380379	-0.02962351
11	30	13.43806	-0.5704503	0.2371646	-0.03019798
11	30	13.44886	-0.5709547	0.2352736	-0.03171396
11	30	13.4606	-0.5712768	0.2346668	-0.03227103
11	30	13.47082	-0.5718553	0.2335415	-0.03365874
11	30	13.48177	-0.5727713	0.2324737	-0.03511369
11	30	13.49419	-0.5732241	0.2315784	-0.03729844
11	30	13.50372	-0.5733986	0.2305064	-0.03939414
12	30	13.51506	-0.5734272	0.2296413	-0.04070997
12	30	13.52623	-0.5735649	0.2292817	-0.04136729
12	30	13.53763	-0.5735216	0.2291073	-0.04136479
12	30	13.54847	-0.5741318	0.2284532	-0.04228544
12	30	13.55998	-0.5743804	0.2285349	-0.04272795
12	30	13.57082	-0.5748039	0.2284979	-0.04268897
12	30	13.58223	-0.5748146	0.2286724	-0.04240274
12	30	13.59371	-0.5750567	0.2284645	-0.04268122
12	30	13.60486	-0.5751667	0.2287073	-0.04217815
12	30	13.61617	-0.5755888	0.2284775	-0.04148793
12	30	13.62777	-0.5759289	0.2285651	-0.04062068
13	30	13.63874	-0.5762048	0.2284919	-0.03946888
13	30	13.64988	-0.5764015	0.2282461	-0.03869319
13	30	13.6617	-0.5764349	0.2282342	-0.03802538
13	30	13.67251	-0.5764816	0.2283562	-0.03772962
13	30	13.68343	-0.5766475	0.2282283	-0.03731716
13	30	13.69523	-0.5762237	0.2283961	-0.03706849
13	30	13.7059	-0.5762271	0.2283837	-0.03644896
13	30	13.7164	-0.5765694	0.2281899	-0.03582263
13	30	13.72812	-0.5764132	0.2278925	-0.03571498
13	30	13.73892	-0.576039	0.2276942	-0.03508806
13	30	13.74984	-0.5763946	0.2273569	-0.03515553
14	30	13.76132	-0.576133	0.227381	-0.03521347
14	30	13.77216	-0.5759937	0.2271359	-0.03543115
14	30	13.7839	-0.5759814	0.226941	-0.03553593
14	30	13.79508	-0.575938	0.2267512	-0.03569448
14	30	13.80655	-0.5754694	0.2266868	-0.03549409
14	30	13.81753	-0.5754623	0.2265147	-0.03557825
14	30	13.82868	-0.575338	0.2264301	-0.03570187
14	30	13.8397	-0.575047	0.2265346	-0.03577089
14	30	13.8512	-0.5749562	0.2266402	-0.03593946
14	30	13.86278	-0.5750008	0.2267648	-0.03627253
15	30	13.87675	-0.5748538	0.2267239	-0.03692222
15	30	13.88593	-0.5749164	0.2266471	-0.03732216
15	30	13.89814	-0.5747333	0.2268633	-0.03758252
15	30	13.90936	-0.5747666	0.2268982	-0.0376811
15	30	13.92078	-0.5746623	0.2271287	-0.03777266
15	30	13.93243	-0.5746864	0.2273908	-0.03790903
15	30	13.94446	-0.5743442	0.2276697	-0.03800976
15	30	13.95572	-0.5743918	0.2278625	-0.03811455
15	30	13.96757	-0.5745451	0.2280521	-0.03815186
15	30	13.97872	-0.5747415	0.2281156	-0.03848839
15	30	13.98986	-0.5747571	0.2283889	-0.03849661
16	30	14.00156	-0.5749967	0.2283732	-0.03849268
16	30	14.01302	-0.5747118	0.228344	-0.03844512
16	30	14.02449	-0.5747224	0.2282999	-0.03841805
16	30	14.03599	-0.5749229	0.22832	-0.0384438
16	30	14.04749	-0.5749702	0.2281969	-0.03836143
16	30	14.05869	-0.5751156	0.2279493	-0.03848374
16	30	14.06972	-0.575022	0.227991	-0.0387404
16	30	14.08052	-0.5749333	0.2276537	-0.03875434
16	30	14.09167	-0.575051	0.227381	-0.0386337
16	30	14.10281	-0.5750284	0.2270174	-0.03842759
16	30	14.1138	-0.5753068	0.2267524	-0.03850138
17	30	14.12568	-0.5753137	0.2265394	-0.03853571
17	30	14.13638	-0.5754225	0.2267284	-0.03827202
17	30	14.14767	-0.5752198	0.2263319	-0.03785932
17	30	14.15894	-0.5752368	0.2259628	-0.03771627
17	30	14.17	-0.5751153	0.2256172	-0.03694344
17	30	14.18112	-0.5753942	0.2254362	-0.0368681
17	30	14.19238	-0.5752866	0.2253476	-0.03694594
17	30	14.20321	-0.575431	0.2254264	-0.03694284
17	30	14.21465	-0.5753282	0.2253461	-0.03667819
17	30	14.22575	-0.5752877	0.2254469	-0.03646255
17	30	14.237	-0.5747973	0.225652	-0.03638792
18	30	14.24823	-0.5745699	0.2257982	-0.03646767
18	30	14.25931	-0.5744267	0.2259408	-0.03666639
18	30	14.27041	-0.5746228	0.2257196	-0.03654921
18	30	14.2816	-0.5750661	0.2255397	-0.03717041
18	30	14.29306	-0.5749393	0.225804	-0.03734303
18	30	14.30412	-0.5748757	0.2260237	-0.03736329
18	30	14.31513	-0.5747503	0.2261283	-0.03744638
18	30	14.32644	-0.5746512	0.2264034	-0.03743827
18	30	14.33773	-0.5742218	0.2268062	-0.03752208
18	30	14.34909	-0.5741929	0.2269751	-0.03779149
18	30	14.35982	-0.5741242	0.2271527	-0.03796959
19	30	14.37123	-0.5740622	0.227351	-0.03838515
19	30	14.3822	-0.5739492	0.2274234	-0.03870308
19	30	14.39368	-0.57402	0.2274567	-0.03894901
19	30	14.40457	-0.5741144	0.2276418	-0.03936851
19	30	14.41585	-0.5739704	0.2274221	-0.03953135
19	30	14.42706	-0.5739745	0.2274091	-0.03966582
19	30	14.43823	-0.5738975	0.227229	-0.03957796
19	30	14.44904	-0.574101	0.2270722	-0.03997064
19	30	14.46041	-0.5740719	0.2268357	-0.04037511
19	30	14.47133	-0.5744464	0.2267578	-0.03999364
19	30	14.48252	-0.5745351	0.2264507	-0.03992927
20	30	14.49369	-0.5746521	0.226107	-0.04012287
20	30	14.50504	-0.5746771	0.2259983	-0.04033697
20	30	14.51613	-0.5748442	0.2256631	-0.04034674
20	30	14.52742	-0.5749549	0.2253575	-0.04036987
20	30	14.5385	-0.5750949	0.2251072	-0.04012191
20	30	14.54965	-0.5750601	0.2247535	-0.03987074
20	30	14.56106	-0.5750891	0.2243679	-0.04002082
20	30	14.57237	-0.5755609	0.2237555	-0.0400387
20	30	14.58337	-0.5755001	0.2236894	-0.03983045
20	30	14.59526	-0.5756131	0.223514	-0.03980255
20	30	14.60572	-0.5753651	0.2235428	-0.03962946
21	30	14.61675	-0.5755925	0.2232175	-0.03966212
21	30	14.62819	-0.5757929	0.2228954	-0.03978121
21	30	14.6394	-0.5757054	0.2228317	-0.03958762
21	30	14.65039	-0.5758923	0.2226797	-0.03958094
21	30	14.66207	-0.5760207	0.2226677	-0.03932476
21	30	14.67285	-0.5756507	0.2229607	-0.03948474
21	30	14.68426	-0.575555	0.2230176	-0.03959739
21	30	14.69536	-0.5753429	0.223264	-0.03977895
21	30	14.70641	-0.575399	0.2231734	-0.03955472
21	30	14.71733	-0.5756251	0.223287	-0.03968215
21	30	14.72866	-0.5754517	0.2236871	-0.03953743
22	30	14.73943	-0.5750542	0.2243564	-0.03974056
22	30	14.7511	-0.5748585	0.2241966	-0.03980601
22	30	14.7622	-0.5746689	0.2244756	-0.0398289
22	30	14.77344	-0.5746611	0.2246876	-0.03976929
22	30	14.78457	-0.5745562	0.2251012	-0.03969061
22	30	14.79551	-0.574432	0.2254003	-0.03966415
22	30	14.80654	-0.5742927	0.2254382	-0.03956532
22	30	14.81798	-0.5745391	0.2253348	-0.04010463
22	30	14.82905	-0.5743333	0.2254535	-0.04019916
22	30	14.84019	-0.5741869	0.2256798	-0.04013109
23	30	14.85168	-0.5739518	0.2257398	-0.04019713
23	30	14.86282	-0.5738684	0.2257665	-0.04028916
23	30	14.87335	-0.5738568	0.225868	-0.04005957
23	30	14.88529	-0.5737157	0.2259563	-0.0400461
23	30	14.89756	-0.5737073	0.2260362	-0.03972399
23	30	14.90745	-0.5732369	0.2258886	-0.03966415
23	30	14.91793	-0.5738167	0.225685	-0.03989589
23	30	14.92894	-0.5738436	0.2255783	-0.03977001
23	30	14.94001	-0.5737654	0.225619	-0.03954339
23	30	14.95105	-0.573758	0.2255559	-0.03940046
23	30	14.96257	-0.5736818	0.2254318	-0.03940296
24	30	14.97399	-0.5739598	0.2250465	-0.03913724
24	30	14.9852	-0.5739377	0.2249568	-0.03896463
24	30	14.99638	-0.5740083	0.224852	-0.03880084
24	30	15.00779	-0.5740453	0.2250078	-0.03894126
24	30	15.01884	-0.5739274	0.2245929	-0.03881991
24	30	15.02998	-0.5738899	0.2244475	-0.03872871
24	30	15.04131	-0.5742036	0.2243177	-0.03828907
24	30	15.05227	-0.5743858	0.2242048	-0.03840351
24	30	15.06365	-0.5743761	0.2241504	-0.03846395
24	30	15.07459	-0.5745726	0.2241415	-0.03840101
24	30	15.0857	-0.5745716	0.2242367	-0.03831625
25	30	15.09705	-0.5746809	0.2242764	-0.03844881
25	30	15.10814	-0.5750588	0.2238287	-0.03893638
25	30	15.11955	-0.5750675	0.2240336	-0.03901458
25	30	15.13063	-0.5750703	0.2242142	-0.03933668
25	30	15.1419	-0.5749255	0.224424	-0.0393436
25	30	15.15342	-0.5748725	0.224836	-0.03945506
25	30	15.16447	-0.5748272	0.2250891	-0.04003716
25	30	15.17572	-0.5747912	0.2251992	-0.04046071
25	30	15.18672	-0.574815	0.225353	-0.04108787
25	30	15.19794	-0.574828	0.2255954	-0.04159522
25	30	15.20902	-0.5747013	0.2257774	-0.04230964
26	30	15.22019	-0.5746906	0.226109	-0.04306281
26	30	15.23119	-0.5748416	0.2268192	-0.04421759
26	30	15.24244	-0.5746192	0.2272491	-0.04476583
26	30	15.25332	-0.5746804	0.2275969	-0.0458101
26	30	15.26467	-0.5747093	0.2281042	-0.04677391
26	30	15.27564	-0.5743005	0.2289313	-0.04801202
26	30	15.28707	-0.5742303	0.229638	-0.04951882
26	30	15.29817	-0.5741439	0.2305936	-0.05095828
26	30	15.30955	-0.5739524	0.2316283	-0.05271566
26	30	15.32054	-0.5737396	0.2328953	-0.05470181
26	30	15.33156	-0.5735549	0.2341259	-0.05682325
27	30	15.34249	-0.5736587	0.2350702	-0.05906034
27	30	15.35371	-0.5734332	0.2362833	-0.06088138
27	30	15.36488	-0.5732362	0.2373018	-0.06292129
27	30	15.37637	-0.5731452	0.2380629	-0.06489396
27	30	15.38717	-0.5731597	0.2385874	-0.06696343
27	30	15.3985	-0.5732268	0.2390665	-0.06891382
27	30	15.40981	-0.5734832	0.2388828	-0.07102525
27	30	15.42084	-0.5741584	0.2378314	-0.07265484
27	30	15.43218	-0.5749117	0.2373273	-0.07485926
27	30	15.44339	-0.5756365	0.2349718	-0.07613254
27	30	15.45453	-0.576746	0.2325387	-0.07756102
27	30	15.46571	-0.5784581	0.227666	-0.07918131
27	30	15.47671	-0.5804653	0.2229874	-0.08115399
27	30	15.48791	-0.5826995	0.2155602	-0.08158422
27	30	15.49883	-0.586036	0.2060144	-0.08214343
27	30	15.50995	-0.5903141	0.1957814	-0.08191204
27	30	15.52108	-0.5942357	0.1846014	-0.08033288
27	30	15.5325	-0.5979193	0.1719068	-0.08028495
27	30	15.54338	-0.6022656	0.1603899	-0.08042252
27	30	15.55469	-0.6069258	0.1443346	-0.07938099
27	30	15.56586	-0.6110369	0.1291405	-0.08016789
27	30	15.57747	-0.6152335	0.1141672	-0.08005655
27	30	15.58814	-0.6182406	0.09807408	-0.07991171
27	30	15.59949	-0.620878	0.0808742	-0.08039534
27	30	15.61079	-0.6245748	0.06417823	-0.0813297
27	30	15.62208	-0.625958	0.0464412	-0.08243322
27	30	15.63334	-0.6275995	0.03053176	-0.08290589
27	30	15.64474	-0.6284633	0.01479161	-0.08341455
27	30	15.65584	-0.6279519	-0.0006057024	-0.08471465
27	30	15.66693	-0.6272066	-0.01628578	-0.08519793
27	29	15.6785	-0.626714	-0.03074634	-0.08673537
27	29	15.68957	-0.6244935	-0.04440749	-0.08918607
27	29	15.70052	-0.6225042	-0.05842817	-0.0898813
27	29	15.71214	-0.6210123	-0.0698272	-0.0913769
27	29	15.72649	-0.6188365	-0.08037019	-0.09318614
27	29	15.73438	-0.6158309	-0.09025288	-0.09398961
27	29	15.74364	-0.6139418	-0.09918928	-0.0946933
27	29	15.75476	-0.6121513	-0.107147	-0.09692192
27	29	15.76592	-0.6096185	-0.1153502	-0.09754801
27	29	15.77716	-0.6078588	-0.1201078	-0.09834707
27	29	15.78811	-0.6065155	-0.1240654	-0.09954405
27	28	15.79927	-0.6047801	-0.1274456	-0.1000164
27	28	15.81034	-0.6028622	-0.1308657	-0.1007944
27	28	15.82171	-0.6020278	-0.1317956	-0.1016976
27	28	15.83296	-0.6007886	-0.1342773	-0.1023226
27	28	15.84419	-0.5994471	-0.1345724	-0.1028889
27	28	15.85526	-0.5986472	-0.1345178	-0.1039926
27	28	15.86645	-0.5978734	-0.1342285	-0.1044518
27	28	15.87764	-0.5971946	-0.1346158	-0.1046336
27	28	15.88869	-0.5965379	-0.1339195	-0.104529
27	28	15.89978	-0.5958545	-0.1333683	-0.1043493
27	28	15.91114	-0.5953915	-0.1330162	-0.1046848
27	27	15.92223	-0.5945354	-0.1323931	-0.1047658
27	27	15.93358	-0.5942202	-0.1315882	-0.1052033
27	27	15.94482	-0.5935597	-0.1311411	-0.1045488
27	27	15.95574	-0.5928205	-0.1305768	-0.1039181
27	27	15.96697	-0.5923786	-0.1300935	-0.1039903
27	27	15.97865	-0.5924162	-0.1302418	-0.1033161
27	27	15.98919	-0.5920057	-0.1304659	-0.1024691
27	27	16.00064	-0.5917392	-0.1301044	-0.1023523
27	27	16.01186	-0.5913109	-0.1309344	-0.1024637
27	27	16.02275	-0.5908384	-0.1315427	-0.1020845
27	27	16.03394	-0.5906366	-0.1320509	-0.1018641
27	26	16.04529	-0.5902567	-0.1329055	-0.1016651
27	26	16.05626	-0.589677	-0.1340365	-0.1012093
27	26	16.06763	-0.5893383	-0.1346294	-0.1013614
27	26	16.07865	-0.5884526	-0.1363213	-0.1013272
27	26	16.08976	-0.587774	-0.137553	-0.1013303
27	26	16.10106	-0.5871869	-0.1388239	-0.1016101
27	26	16.1125	-0.5870825	-0.1402618	-0.10217
27	26	16.12347	-0.5865453	-0.1413352	-0.1027273
27	26	16.13508	-0.5860457	-0.1426473	-0.1032
27	26	16.1466	-0.5860984	-0.1435435	-0.1037526
27	26	16.15787	-0.5858656	-0.1445175	-0.1042497
27	25	16.16882	-0.5854485	-0.1452373	-0.1050855
27	25	16.18021	-0.585375	-0.1462555	-0.1060024
27	25	16.19159	-0.5853142	-0.1469299	-0.1072448
27	25	16.20283	-0.5849323	-0.1474125	-0.1078746
27	25	16.21397	-0.5848364	-0.1476252	-0.1090853
27	25	16.22513	-0.5848364	-0.1479627	-0.1100339
27	25	16.23623	-0.5847623	-0.1481924	-0.1106735
27	25	16.24755	-0.5848148	-0.1480262	-0.1115538
27	25	16.2586	-0.5847689	-0.1479616	-0.1123426
27	25	16.27008	-0.5849522	-0.1475906	-0.1133962
27	25	16.28083	-0.5851824	-0.1475037	-0.1144221
27	24	16.29208	-0.5853496	-0.1468211	-0.1156603
27	24	16.3033	-0.5853083	-0.1465969	-0.1164099
27	24	16.31467	-0.5858413	-0.1460848	-0.117746
27	24	16.32551	-0.5861055	-0.145605	-0.1184816
27	24	16.33685	-0.5860428	-0.1445355	-0.1192961
27	24	16.34795	-0.5860512	-0.1438354	-0.1199141
27	24	16.35924	-0.5861636	-0.1431911	-0.1208484
27	24	16.37051	-0.5863436	-0.1421946	-0.1217782
27	24	16.38152	-0.5863411	-0.1415066	-0.122736
27	24	16.39257	-0.5865328	-0.140933	-0.1238186
27	24	16.40391	-0.5869304	-0.1402392	-0.1250353
27	23	16.41506	-0.5870366	-0.1400375	-0.1261729
27	23	16.42628	-0.5871178	-0.1394701	-0.1266581
27	23	16.43775	-0.5871979	-0.1388774	-0.1277341
27	23	16.4489	-0.5871841	-0.1387243	-0.128664
27	23	16.45999	-0.5872265	-0.138764	-0.129849
27	23	16.47139	-0.5873942	-0.1385803	-0.130766
27	23	16.48247	-0.5873573	-0.1387576	-0.1316867
27	23	16.49349	-0.5871751	-0.138806	-0.1323909
27	23	16.50447	-0.5870688	-0.1390065	-0.132488
27	23	16.51581	-0.5871141	-0.1389756	-0.1328233
27	23	16.52692	-0.5870541	-0.1394541	-0.1329191
27	22	16.53804	-0.5867908	-0.1400391	-0.1331892
27	22	16.54901	-0.5864869	-0.1406711	-0.1335208
27	22	16.56022	-0.5862017	-0.1411599	-0.1337535
27	22	16.57143	-0.5858967	-0.1412923	-0.1332123
27	22	16.58283	-0.5855904	-0.1419221	-0.1329706
27	22	16.59381	-0.5854564	-0.1426052	-0.1328756
27	22	16.60512	-0.5851383	-0.1431302	-0.1326132
27	22	16.61631	-0.5853697	-0.1438257	-0.1323984
27	22	16.62779	-0.5850692	-0.1441858	-0.1319906
27	22	16.63855	-0.5850724	-0.1441002	-0.1317613
27	22	16.64969	-0.5848622	-0.1448314	-0.131202
27	21	16.66069	-0.5846953	-0.1452925	-0.1311535
27	21	16.67178	-0.5846851	-0.145714	-0.1306416
27	21	16.68322	-0.5848755	-0.1457081	-0.1305135
27	21	16.69435	-0.5850514	-0.1455917	-0.13029
27	21	16.70552	-0.5848682	-0.1456143	-0.1304501
27	21	16.71676	-0.5848367	-0.1452948	-0.1302849
27	21	16.72774	-0.5849926	-0.1449347	-0.1301897
27	21	16.73886	-0.5849521	-0.1445929	-0.1300609
27	21	16.75001	-0.5849837	-0.1442497	-0.1300604
27	21	16.76117	-0.5851009	-0.1439928	-0.129974
27	21	16.77239	-0.5851331	-0.1437863	-0.1300056
27	20	16.78403	-0.5851694	-0.1433448	-0.1302539
27	20	16.7946	-0.5852293	-0.1430172	-0.1304811
27	20	16.80603	-0.5854733	-0.1427586	-0.130639
27	20	16.81722	-0.5854834	-0.1423783	-0.1307428
27	20	16.82856	-0.5855223	-0.1422244	-0.1310022
27	20	16.83956	-0.5853443	-0.1421819	-0.1310934
27	20	16.85099	-0.5854751	-0.1423645	-0.1315479
27	20	16.86213	-0.5854087	-0.1424805	-0.131865
27	20	16.87347	-0.5853313	-0.1423969	-0.1320249
27	20	16.88476	-0.5851846	-0.142377	-0.132306
27	19	16.89589	-0.5850419	-0.1425817	-0.1326911
27	19	16.90754	-0.5851175	-0.1427648	-0.1329112
27	19	16.91902	-0.5848976	-0.1428871	-0.1329262
27	19	16.92959	-0.5847218	-0.1432214	-0.1330304
27	19	16.94083	-0.5847096	-0.1436303	-0.1333206
27	19	16.95118	-0.5844232	-0.1439162	-0.1333008
27	19	16.96243	-0.584211	-0.144278	-0.133508
27	19	16.97342	-0.5840803	-0.144668	-0.1338136
27	19	16.98438	-0.5838757	-0.1448321	-0.1338812
27	19	16.99578	-0.5837786	-0.145179	-0.1339025
27	19	17.00674	-0.5836281	-0.1453274	-0.1340109
27	18	17.0179	-0.5837694	-0.1458309	-0.1344357
27	18	17.02904	-0.5836921	-0.145981	-0.1344845
27	18	17.04037	-0.5834067	-0.1459359	-0.1343386
27	18	17.05128	-0.5831946	-0.1460838	-0.1345212
27	18	17.06266	-0.5830401	-0.1461483	-0.1346774
27	18	17.07368	-0.5827665	-0.145891	-0.1344264
27	18	17.08489	-0.5827479	-0.1459345	-0.1345125
27	18	17.097	-0.5827307	-0.1458036	-0.1347634
27	18	17.10746	-0.5830004	-0.1461297	-0.1348528
27	18	17.11874	-0.5828352	-0.1458881	-0.1347241
27	18	17.13023	-0.5828694	-0.1458386	-0.1346503
27	17	17.14133	-0.5830035	-0.1461314	-0.134745
27	17	17.15244	-0.5829313	-0.1459916	-0.1348096
27	17	17.16383	-0.582875	-0.1457895	-0.1351917
27	17	17.17474	-0.5832727	-0.1460646	-0.1355721
27	17	17.18606	-0.5833218	-0.1458657	-0.1358777
27	17	17.19735	-0.5834223	-0.1457205	-0.1360472
27	17	17.20824	-0.5833123	-0.1456409	-0.1364018
27	17	17.21938	-0.5832946	-0.1454997	-0.1365372
27	17	17.23067	-0.5831621	-0.1454875	-0.1368282
27	17	17.24164	-0.5830193	-0.1455775	-0.1369526
27	17	17.25318	-0.5828911	-0.1457194	-0.1371425
27	16	17.26407	-0.5828007	-0.1458387	-0.1373817
27	16	17.2752	-0.5826042	-0.146132	-0.137694
27	16	17.28653	-0.5823637	-0.1461631	-0.1376715
27	16	17.29797	-0.5823969	-0.1463654	-0.1375787
27	16	17.30906	-0.5820568	-0.1463866	-0.1379592
27	16	17.3201	-0.5819709	-0.1465937	-0.1381958
27	16	17.33142	-0.5818396	-0.146794	-0.1383611
27	16	17.34249	-0.581885	-0.1472253	-0.1385051
27	16	17.35325	-0.5818267	-0.1475309	-0.1387326
27	16	17.36476	-0.5818442	-0.1477808	-0.1387644
27	16	17.37569	-0.5815372	-0.1476485	-0.1385839
27	15	17.38679	-0.5814657	-0.1478381	-0.1387807
27	15	17.3981	-0.5813076	-0.1480124	-0.139076
27	15	17.40943	-0.5810864	-0.1480639	-0.1388355
27	15	17.42019	-0.5809668	-0.1481717	-0.1388687
27	15	17.43152	-0.5810839	-0.1483825	-0.1386632
27	15	17.44255	-0.5807146	-0.1487713	-0.139064
27	15	17.45382	-0.5807102	-0.1491321	-0.1392993
27	15	17.46501	-0.5806394	-0.1492049	-0.1393995
27	15	17.47631	-0.5806234	-0.1497035	-0.1394732
27	15	17.48759	-0.5804476	-0.1498898	-0.13943
27	15	17.49885	-0.5803853	-0.1501039	-0.1393704
27	14	17.5099	-0.5802872	-0.1502653	-0.1393507
27	14	17.52116	-0.5801219	-0.1501552	-0.1393032
27	14	17.53234	-0.5799166	-0.1500838	-0.1395754
27	14	17.54364	-0.5800209	-0.1500628	-0.1393442
27	14	17.55467	-0.5799508	-0.1499339	-0.1394995
27	14	17.56625	-0.5799612	-0.1497614	-0.139691
27	14	17.57922	-0.5798063	-0.1496332	-0.1397926
27	14	17.58831	-0.5798742	-0.1495501	-0.1400712
27	14	17.59925	-0.5799052	-0.1493512	-0.1402278
27	14	17.61021	-0.5797615	-0.1491995	-0.1405287
27	14	17.62113	-0.5797412	-0.1489038	-0.1407208
27	13	17.63253	-0.5797876	-0.1487232	-0.1408646
27	13	17.64343	-0.5800203	-0.1488913	-0.1411992
27	13	17.6548	-0.5800418	-0.1487635	-0.1415296
27	13	17.6658	-0.5799575	-0.1488118	-0.1415865
27	13	17.67697	-0.5800269	-0.1485945	-0.1417936
27	13	17.68828	-0.5799444	-0.1483018	-0.1418604
27	13	17.69955	-0.5797664	-0.1484933	-0.1418525
27	13	17.71071	-0.5799949	-0.1482955	-0.1422386
27	13	17.72232	-0.5799642	-0.148145	-0.1424073
27	13	17.73308	-0.5798949	-0.1480659	-0.1427209
27	13	17.74445	-0.5797728	-0.1479189	-0.1427313
27	12	17.7556	-0.5796881	-0.1479492	-0.1427788
27	12	17.76683	-0.5797058	-0.1478106	-0.1430513
27	12	17.77812	-0.5794775	-0.1477532	-0.1427109
27	12	17.78918	-0.5792854	-0.1476667	-0.142549
27	12	17.80038	-0.579097	-0.1474071	-0.1426353
27	12	17.81133	-0.5788893	-0.1475112	-0.1425959
27	12	17.8226	-0.57881	-0.147481	-0.1426625
27	12	17.83385	-0.5784521	-0.1475312	-0.1424085
27	12	17.84484	-0.578716	-0.1475469	-0.1427311
27	12	17.85611	-0.5787311	-0.1476321	-0.1429822
27	12	17.86744	-0.578824	-0.1473634	-0.1432356
27	11	17.8788	-0.5783436	-0.147251	-0.1429758
27	11	17.88962	-0.5782244	-0.1471595	-0.1430792
27	11	17.90089	-0.5782876	-0.1469338	-0.1433462
27	11	17.91185	-0.5778525	-0.1470344	-0.1433722
27	11	17.92289	-0.5777677	-0.147159	-0.143651
27	11	17.93414	-0.5776774	-0.1472064	-0.1437794
27	11	17.94529	-0.5775496	-0.147292	-0.1438234
27	11	17.9562	-0.5774918	-0.1472427	-0.1437453
27	11	17.96737	-0.5774885	-0.147218	-0.1438937
27	11	17.97865	-0.5773146	-0.1475168	-0.1442291
27	11	17.98966	-0.5771265	-0.1474041	-0.1442595
27	10	18.00064	-0.5769348	-0.1476687	-0.1441815
27	10	18.01196	-0.5771492	-0.1477064	-0.1447459
27	10	18.0234	-0.5770183	-0.1475922	-0.1448853
27	10	18.03473	-0.5765783	-0.1475372	-0.1447475
27	10	18.04556	-0.5769235	-0.147454	-0.145148
27	10	18.05698	-0.5768917	-0.1473147	-0.1452972
27	10	18.06835	-0.5766792	-0.1475132	-0.1453823
27	10	18.0792	-0.5771691	-0.1477238	-0.1459491
27	10	18.09034	-0.5772327	-0.1477761	-0.1461782
27	10	18.10146	-0.577245	-0.1477629	-0.1463826
27	10	18.11285	-0.5769485	-0.1473901	-0.146467
27	9	18.12382	-0.5768696	-0.1470846	-0.146494
27	9	18.13498	-0.5767667	-0.1469338	-0.1465341
27	9	18.1464	-0.5767819	-0.1467949	-0.1468308
27	9	18.15746	-0.5769855	-0.1466172	-0.1469057
27	9	18.16854	-0.5771238	-0.1463166	-0.1470708
27	9	18.17962	-0.5769781	-0.1459674	-0.1469576
27	9	18.1913	-0.5769587	-0.1456176	-0.1469477
27	9	18.20192	-0.5770478	-0.1454334	-0.1467801
27	9	18.21316	-0.5770843	-0.14519	-0.1469376
27	9	18.22454	-0.5771415	-0.1448298	-0.1469202
27	9	18.2355	-0.5772099	-0.1443774	-0.1471517
27	8	18.24697	-0.5772423	-0.1444209	-0.1472272
27	8	18.25799	-0.5772882	-0.1442358	-0.1474677
27	8	18.2694	-0.5775627	-0.1442745	-0.1475711
27	8	18.28101	-0.5776436	-0.1441613	-0.1474825
27	8	18.29184	-0.5777724	-0.1441441	-0.1474791
27	8	18.30313	-0.5775163	-0.1440237	-0.1469787
27	8	18.31425	-0.5777816	-0.1440825	-0.1470803
27	8	18.32521	-0.5778316	-0.1442163	-0.1470782
27	8	18.33624	-0.5778784	-0.1445695	-0.1468014
27	8	18.34799	-0.5780338	-0.1446322	-0.1468829
27	8	18.35851	-0.5780978	-0.1445926	-0.1464579
27	7	18.36963	-0.5780641	-0.144474	-0.1465679
27	7	18.381	-0.5779555	-0.1445106	-0.1467019
27	7	18.39206	-0.5779434	-0.1441613	-0.146512
27	7	18.40324	-0.5782119	-0.1440526	-0.1466837
27	7	18.41482	-0.5780518	-0.1440609	-0.146831
27	7	18.42576	-0.5781248	-0.1439565	-0.146943
27	7	18.43723	-0.5782201	-0.1440691	-0.1470138
27	7	18.44841	-0.5785339	-0.1440884	-0.1473718
27	7	18.45926	-0.5785855	-0.1439972	-0.1477125
27	7	18.47054	-0.5788341	-0.144006	-0.1476974
27	7	18.48178	-0.5787165	-0.1438673	-0.1479429
27	6	18.49286	-0.5787941	-0.1437078	-0.1481184
27	6	18.50411	-0.5787654	-0.143393	-0.1480306
27	6	18.51523	-0.5789055	-0.1432946	-0.1482368
27	6	18.52607	-0.5790397	-0.1430978	-0.1482154
27	6	18.53733	-0.5788943	-0.1429802	-0.1485324
27	6	18.54846	-0.5789745	-0.142971	-0.1486124
27	6	18.55948	-0.5789784	-0.1427165	-0.148387
27	6	18.57072	-0.5787296	-0.1424823	-0.1485807
27	6	18.58198	-0.5786372	-0.1426191	-0.1486192
27	6	18.59312	-0.5785643	-0.1426713	-0.1488155
27	6	18.6045	-0.5786663	-0.1425517	-0.1483507
27	5	18.61562	-0.578595	-0.1427499	-0.1483227
27	5	18.62675	-0.5786471	-0.1427879	-0.1478912
27	5	18.63812	-0.5782899	-0.1428951	-0.1479256
27	5	18.64935	-0.5781045	-0.1430671	-0.1477551
27	5	18.66047	-0.5780234	-0.1432914	-0.1476201
27	5	18.67152	-0.5781312	-0.1433437	-0.1476781
27	5	18.68294	-0.5780824	-0.1438941	-0.1475428
27	5	18.69386	-0.5777968	-0.1440952	-0.1476647
27	5	18.70522	-0.5779034	-0.1443024	-0.147127
27	5	18.71651	-0.5777318	-0.1446437	-0.1469281
27	5	18.7276	-0.5776447	-0.1449609	-0.1468257
27	4	18.7387	-0.5774205	-0.1453127	-0.1463611
27	4	18.74963	-0.577636	-0.1456656	-0.1464659
27	4	18.76074	-0.5778066	-0.1460373	-0.1461763
27	4	18.77201	-0.5776201	-0.1464802	-0.1461227
27	4	18.78324	-0.5777644	-0.1471456	-0.1464392
27	4	18.79404	-0.577619	-0.147404	-0.1465586
27	4	18.80537	-0.5775534	-0.1472901	-0.1464975
27	4	18.81669	-0.5774869	-0.1475418	-0.1462791
27	4	18.82742	-0.5775331	-0.1476464	-0.1463046
27	4	18.83845	-0.577618	-0.147621	-0.1466335
27	4	18.84982	-0.5776173	-0.1473362	-0.1466668
27	3	18.86098	-0.577781	-0.1472732	-0.1467117
27	3	18.87212	-0.5780432	-0.1475537	-0.1473886
