x	y	time
15	11	0.0529989
15	11	0.0673924
15	11	0.0791056
15	11	0.0919075
15	11	0.1053797
15	11	0.1181884
15	11	0.1311461
15	11	0.1445088
15	11	0.1581733
15	11	0.1856248
15	11	0.2006608
15	11	0.2137216
15	11	0.2325397
15	11	0.2549696
15	11	0.2771638
15	11	0.2989727
15	11	0.3215749
15	11	0.3434745
15	11	0.3660643
15	11	0.3893819
15	11	0.410806
15	11	0.4329743
15	11	0.4555223
15	11	0.4783787
15	11	0.501045
15	11	0.5230689
15	11	0.5450513
15	11	0.5677676
15	11	0.5901834
15	11	0.6129229
15	11	0.6355471
15	11	0.657581
15	11	0.6793916
15	11	0.7017497
15	11	0.7141929
15	11	0.7254813
15	11	0.7389058
15	11	0.751296
15	11	0.7640467
15	11	0.7759635
15	11	0.7895285
15	11	0.8148013
15	11	0.8265209
15	11	0.8391179
15	11	0.8519514
15	11	0.8652143
15	11	0.8767257
15	11	0.8893557
15	11	0.9016063
15	11	0.9148834
15	11	0.9273382
15	11	0.9399191
15	11	0.9640326
15	11	0.978052
15	11	0.9950445
15	11	1.00763
15	11	1.020134
15	11	1.032596
15	11	1.047171
15	11	1.064304
15	11	1.078771
15	11	1.093014
15	11	1.118158
15	11	1.130914
15	11	1.148328
15	11	1.170011
15	11	1.192371
15	11	1.215001
15	11	1.236864
15	11	1.259812
15	11	1.281762
15	11	1.304762
15	11	1.326688
15	11	1.348999
15	11	1.371516
15	11	1.394285
15	11	1.416476
15	11	1.438679
15	11	1.460954
15	11	1.483278
15	11	1.505821
15	11	1.528224
15	11	1.55009
15	11	1.573371
15	11	1.599383
15	11	1.613102
15	11	1.626677
15	11	1.637788
15	11	1.649784
15	11	1.66227
15	11	1.675239
15	11	1.687901
15	11	1.700235
15	11	1.712945
15	11	1.726575
15	11	1.74976
15	11	1.763762
15	11	1.776323
15	11	1.788885
15	11	1.806449
15	11	1.818346
15	11	1.830917
15	11	1.843974
15	11	1.855752
15	11	1.868654
15	11	1.881303
15	11	1.904339
15	11	1.916917
15	11	1.930311
15	11	1.944953
15	11	1.963505
15	11	1.986407
15	11	2.008311
15	11	2.030638
15	11	2.053436
15	11	2.076421
15	11	2.097682
15	11	2.120477
15	11	2.142785
15	11	2.165392
15	11	2.187117
15	11	2.209552
15	11	2.232163
15	11	2.254081
15	11	2.276648
15	11	2.298552
15	11	2.321504
15	11	2.343972
15	11	2.366669
15	11	2.391023
15	11	2.410517
15	11	2.42377
15	11	2.435851
15	11	2.447922
15	11	2.460492
15	11	2.472553
15	11	2.485191
15	11	2.497133
15	11	2.510482
15	11	2.525185
15	11	2.548125
15	11	2.560992
15	11	2.572946
15	11	2.586672
15	11	2.600586
15	11	2.613654
15	11	2.627297
15	11	2.641147
15	11	2.653709
15	11	2.666846
15	11	2.680104
15	11	2.703664
15	11	2.717275
15	11	2.73019
15	11	2.742565
15	11	2.756673
15	11	2.778388
15	11	2.800689
15	11	2.823276
15	11	2.845794
15	11	2.867603
15	11	2.890685
15	11	2.912921
15	11	2.935695
15	11	2.958105
15	11	2.980023
15	11	3.003991
15	11	3.030319
15	11	3.04637
15	11	3.069438
15	11	3.091543
15	11	3.113806
15	11	3.136063
15	11	3.159426
15	11	3.181184
15	11	3.204111
15	11	3.226074
15	11	3.248423
15	11	3.270948
15	11	3.284057
15	11	3.297653
15	11	3.310841
15	11	3.334695
15	11	3.346773
15	11	3.359955
15	11	3.373169
15	11	3.384934
15	11	3.398779
15	11	3.411414
15	11	3.423543
15	11	3.435565
15	11	3.446694
15	11	3.459563
15	11	3.472111
15	11	3.494849
15	11	3.506978
15	11	3.519384
15	11	3.530545
15	11	3.541281
15	11	3.55306
15	11	3.565
15	11	3.577643
15	11	3.589918
15	11	3.602911
15	11	3.614897
15	11	3.628448
15	11	3.651822
15	11	3.672653
16	11	3.694575
16	11	3.717226
16	11	3.739368
16	11	3.762043
16	11	3.784389
17	11	3.809044
17	11	3.829324
17	11	3.85221
17	11	3.874318
17	11	3.896228
18	11	3.919793
18	11	3.941108
18	11	3.967479
18	11	3.986019
18	11	4.007698
18	11	4.029961
19	11	4.05268
19	11	4.07519
19	11	4.098313
19	11	4.123472
19	11	4.13845
19	11	4.15157
20	11	4.163361
20	11	4.176753
20	11	4.190785
20	11	4.206594
20	11	4.222199
20	11	4.234773
20	11	4.247264
20	11	4.259386
21	11	4.290715
21	11	4.306398
21	11	4.321688
21	11	4.336451
21	11	4.351018
21	11	4.363388
21	11	4.37632
21	11	4.389843
21	11	4.403759
22	11	4.416997
22	11	4.443731
22	11	4.46063
22	11	4.474823
22	11	4.488226
22	11	4.510112
23	11	4.533043
23	11	4.555188
23	11	4.577555
23	11	4.602254
23	11	4.622211
23	11	4.644061
24	11	4.666687
24	11	4.689302
24	11	4.711732
24	11	4.734426
24	11	4.759351
25	11	4.779452
25	11	4.800972
25	11	4.82423
25	11	4.845892
25	11	4.868009
25	11	4.890432
26	11	4.916159
26	11	4.935058
26	11	4.957078
26	11	4.969498
26	11	4.98098
26	11	4.993221
26	11	5.005834
26	11	5.01738
27	11	5.032835
27	11	5.049814
27	11	5.074701
27	11	5.089609
27	11	5.103866
27	11	5.115776
27	11	5.128706
27	11	5.140645
27	11	5.153531
27	11	5.166337
27	11	5.178909
27	11	5.193012
27	11	5.206029
27	11	5.229832
27	11	5.242043
27	11	5.253879
27	11	5.2681
27	11	5.28054
27	11	5.292539
27	11	5.305242
27	11	5.316623
27	11	5.336384
27	11	5.360166
27	11	5.388485
27	11	5.404545
27	11	5.426398
27	11	5.448754
27	11	5.471207
27	11	5.492933
27	11	5.520088
27	11	5.543921
27	11	5.560462
27	11	5.582356
27	11	5.605162
27	11	5.627125
27	11	5.649605
27	11	5.672603
27	11	5.69609
27	11	5.717567
27	11	5.739831
27	11	5.760964
27	11	5.783491
27	11	5.806109
27	11	5.817895
27	11	5.83109
27	11	5.857587
27	11	5.869225
27	11	5.881909
27	11	5.894228
27	11	5.906756
27	11	5.919275
27	11	5.932045
27	11	5.944455
27	11	5.956467
27	11	5.968386
27	11	5.98124
27	11	6.004347
27	11	6.016284
27	11	6.027522
27	11	6.037904
27	11	6.049282
27	11	6.061721
27	11	6.073901
27	11	6.086222
27	11	6.098543
27	11	6.110742
27	11	6.122477
27	11	6.134827
27	11	6.159098
27	11	6.171147
27	11	6.185546
27	11	6.208036
27	11	6.229936
27	11	6.252406
27	11	6.275165
27	11	6.297832
27	11	6.320022
27	11	6.342204
27	11	6.364242
27	11	6.38648
27	11	6.408736
27	11	6.431203
27	11	6.453865
27	11	6.475903
27	11	6.498828
27	11	6.520966
27	11	6.542968
27	11	6.56566
27	11	6.58809
27	11	6.611152
27	11	6.634012
27	11	6.645576
27	11	6.656577
27	11	6.666802
27	11	6.680367
27	11	6.692464
27	11	6.704975
27	11	6.716868
27	11	6.729765
27	11	6.743001
27	11	6.759464
27	11	6.772124
27	11	6.796012
27	11	6.808463
27	11	6.821028
27	11	6.832362
27	11	6.8438
27	11	6.856695
27	11	6.869343
27	11	6.882205
27	11	6.894482
27	11	6.907198
27	11	6.918967
27	11	6.932124
27	11	6.954914
27	11	6.967352
27	11	6.979116
27	11	6.9913
27	11	7.003837
27	11	7.015767
27	11	7.027918
27	11	7.04025
27	11	7.067025
27	11	7.080309
27	11	7.092797
27	11	7.114338
27	11	7.135483
27	11	7.157611
27	11	7.180398
27	11	7.201978
27	11	7.224913
27	11	7.247044
27	11	7.26963
27	11	7.291587
27	11	7.313899
27	11	7.336404
27	11	7.358593
27	11	7.381081
27	11	7.404303
27	11	7.429833
27	11	7.447616
27	11	7.47014
27	11	7.492692
27	11	7.515152
27	11	7.537615
27	11	7.549233
27	11	7.561274
27	11	7.584798
27	11	7.597675
27	11	7.610756
27	11	7.622695
27	11	7.634733
27	11	7.646334
27	11	7.659214
27	11	7.671127
27	11	7.684665
27	11	7.696669
27	11	7.708238
27	11	7.719898
27	11	7.742837
27	11	7.754852
27	11	7.767332
27	11	7.779756
27	11	7.791892
27	11	7.803702
27	11	7.815675
27	11	7.827237
27	11	7.838627
27	11	7.85084
27	11	7.862507
27	11	7.873668
27	11	7.899188
27	11	7.916433
27	11	7.938198
27	11	7.961229
27	11	7.983839
27	11	8.005936
27	11	8.029173
27	11	8.051496
27	11	8.073729
27	11	8.096003
27	11	8.118424
27	11	8.140691
27	11	8.163298
27	11	8.185074
27	11	8.20755
27	11	8.229793
27	11	8.251662
27	11	8.274843
27	11	8.296656
27	11	8.319035
27	11	8.341589
27	11	8.36369
27	11	8.375735
27	11	8.386955
27	11	8.400978
27	11	8.413743
27	11	8.426044
27	11	8.438463
27	11	8.450399
27	11	8.46301
27	11	8.474778
27	11	8.487389
27	11	8.500997
27	11	8.523565
27	11	8.535435
27	11	8.547963
27	11	8.559933
27	11	8.571742
27	11	8.5832
27	11	8.595945
27	11	8.610109
27	11	8.622268
27	11	8.634138
27	11	8.64658
27	11	8.659133
27	11	8.680868
27	11	8.693571
27	11	8.707413
27	11	8.71951
27	11	8.732174
27	11	8.744315
27	11	8.755389
27	11	8.77678
27	11	8.799007
27	11	8.821692
27	11	8.843571
27	11	8.865571
27	11	8.888169
27	11	8.910415
27	11	8.932921
27	11	8.955357
27	11	8.978362
27	11	9.001656
27	11	9.022958
27	11	9.045143
27	10	9.067376
27	10	9.091577
27	10	9.111921
27	10	9.134653
27	10	9.164212
27	10	9.180518
27	9	9.2006
27	9	9.223872
27	9	9.237712
27	9	9.251483
27	9	9.264458
27	9	9.276202
27	9	9.289927
27	8	9.315248
27	8	9.329885
27	8	9.343579
27	8	9.357659
27	8	9.372961
27	8	9.384963
27	8	9.398584
27	8	9.410888
27	8	9.422318
27	8	9.434011
27	8	9.447169
27	8	9.472136
27	8	9.486474
27	8	9.498495
27	8	9.510155
27	8	9.522386
27	8	9.533886
27	8	9.546857
27	8	9.55864
27	8	9.569757
27	8	9.59271
27	8	9.615047
27	8	9.638688
27	8	9.66003
27	8	9.681639
27	8	9.704268
27	8	9.726192
27	8	9.748567
27	8	9.771204
27	8	9.793409
27	8	9.815537
27	8	9.838136
27	8	9.860351
27	8	9.8826
27	8	9.904883
27	8	9.927763
27	8	9.953457
27	8	9.972037
27	8	9.993749
27	8	10.01654
27	8	10.03899
27	8	10.06188
27	8	10.07424
27	8	10.08715
27	8	10.1114
27	8	10.1238
27	8	10.13722
27	8	10.14954
27	8	10.1611
27	8	10.1732
27	8	10.18706
27	8	10.20015
27	8	10.21182
27	8	10.22456
27	8	10.23681
27	8	10.2489
27	8	10.27222
27	8	10.28613
27	8	10.29931
27	8	10.31174
27	8	10.32385
27	8	10.33621
27	8	10.35274
27	8	10.3654
27	8	10.37847
27	8	10.39119
27	8	10.40372
27	8	10.42551
27	8	10.4414
27	8	10.46345
27	8	10.48596
27	8	10.5089
27	8	10.53118
27	8	10.55366
27	8	10.5767
27	8	10.59854
27	8	10.62025
27	8	10.64237
27	8	10.66459
27	8	10.68686
27	8	10.70943
27	8	10.73252
27	8	10.75422
27	8	10.77669
27	8	10.79861
27	8	10.8208
27	8	10.84358
27	8	10.86657
27	8	10.8881
27	8	10.90144
27	8	10.91284
27	8	10.92393
27	8	10.93539
27	8	10.94752
27	8	10.95924
27	8	10.97062
27	8	10.98274
27	8	10.99439
27	8	11.00683
27	8	11.01986
27	8	11.04558
27	8	11.05789
27	8	11.0708
27	8	11.08238
27	8	11.09519
27	8	11.10707
27	8	11.12437
27	8	11.13719
27	8	11.15147
27	8	11.16313
27	8	11.1752
27	8	11.19928
27	8	11.21207
27	8	11.22449
27	8	11.23731
27	8	11.24968
27	8	11.26136
27	8	11.27342
27	8	11.28509
27	8	11.30093
27	8	11.3234
27	8	11.34585
27	8	11.3684
27	8	11.39108
27	8	11.41311
27	8	11.43526
27	8	11.45776
27	8	11.48027
27	8	11.50261
27	8	11.52491
27	9	11.54698
27	9	11.56904
27	9	11.59166
27	9	11.61388
27	9	11.63686
27	9	11.6591
27	10	11.68262
27	10	11.70406
27	10	11.72763
27	10	11.74833
27	10	11.76148
27	10	11.77276
27	11	11.78537
27	11	11.7984
27	11	11.81056
27	11	11.83403
27	11	11.84599
27	11	11.85744
27	11	11.86847
27	11	11.88054
27	11	11.89184
27	11	11.90355
27	11	11.91603
27	11	11.92815
27	11	11.93946
27	11	11.95173
27	11	11.96374
27	11	11.98621
27	11	11.99882
27	11	12.01107
27	11	12.02348
27	11	12.03521
27	11	12.04741
27	11	12.059
27	11	12.07038
27	11	12.08337
27	11	12.09532
27	11	12.10672
27	11	12.11881
27	11	12.14179
27	11	12.15527
27	11	12.16842
27	11	12.18348
27	11	12.20626
27	10	12.22832
27	10	12.25074
27	10	12.27333
27	10	12.29547
27	10	12.31765
27	9	12.34021
27	9	12.36243
27	9	12.38488
27	9	12.40729
27	9	12.43042
27	9	12.45219
27	8	12.47428
27	8	12.49662
27	8	12.51894
27	8	12.54118
27	8	12.56332
27	8	12.58622
27	8	12.6083
27	8	12.63043
27	8	12.64183
27	8	12.65351
27	8	12.66524
27	8	12.67627
27	8	12.6868
27	8	12.69848
27	8	12.70972
27	8	12.72137
27	8	12.73328
27	8	12.74666
27	8	12.7741
27	8	12.78565
27	8	12.7971
27	8	12.80861
27	8	12.82119
27	8	12.8328
27	8	12.84498
27	8	12.85646
27	8	12.86878
27	8	12.8807
27	8	12.89295
27	8	12.90515
27	8	12.92764
27	8	12.93945
27	8	12.95124
27	8	12.96423
27	8	12.97616
27	8	12.98736
27	8	12.99954
27	8	13.01146
27	8	13.02332
27	8	13.03557
27	8	13.04779
27	8	13.06081
26	8	13.08229
26	8	13.09457
26	8	13.10716
26	8	13.12159
26	8	13.13702
26	8	13.15537
26	8	13.17738
25	8	13.20021
25	8	13.22275
25	8	13.24678
25	8	13.26705
25	8	13.2896
25	8	13.31179
25	8	13.33412
25	8	13.35621
25	8	13.37936
25	8	13.40444
25	8	13.42345
25	8	13.44568
25	8	13.46775
25	8	13.49054
25	8	13.51298
25	8	13.53539
25	8	13.55874
25	8	13.57972
25	8	13.59038
25	8	13.60289
25	8	13.6155
25	8	13.62833
25	8	13.63879
25	8	13.6503
25	8	13.66086
25	8	13.67305
25	8	13.6851
25	8	13.69703
25	8	13.72113
25	8	13.73324
25	8	13.74557
25	8	13.75831
25	8	13.77087
25	8	13.78381
25	8	13.79574
25	8	13.80878
25	8	13.82102
25	8	13.8327
25	8	13.84548
25	8	13.85798
25	8	13.92456
25	8	13.93772
25	8	13.94995
25	8	13.96128
25	8	13.97433
25	8	13.98758
25	8	13.99982
25	8	14.01182
25	8	14.03342
25	8	14.04894
25	8	14.07092
25	8	14.09365
25	8	14.11642
25	8	14.13857
25	8	14.16107
25	8	14.1838
25	8	14.20581
25	8	14.22822
25	8	14.25033
25	8	14.27235
25	8	14.29439
25	8	14.31699
25	8	14.33996
25	8	14.36542
25	8	14.38483
25	8	14.40615
25	8	14.42906
25	8	14.45133
25	8	14.47351
25	8	14.49614
25	8	14.51923
25	8	14.53102
25	8	14.54251
25	8	14.5548
25	8	14.56671
25	8	14.5795
25	8	14.59115
25	8	14.60361
25	8	14.61571
25	8	14.6272
25	8	14.63915
25	8	14.65176
25	8	14.67513
25	8	14.68677
25	8	14.69934
25	8	14.71175
25	8	14.72347
25	8	14.73544
25	8	14.74805
25	8	14.76033
25	8	14.77363
25	8	14.78584
25	8	14.7974
25	8	14.8108
25	8	14.83373
25	8	14.84493
25	8	14.86497
25	8	14.88725
25	8	14.90927
25	8	14.93166
25	8	14.95374
25	8	14.97634
25	8	15.00099
25	8	15.02101
25	8	15.04273
25	8	15.06535
25	8	15.08811
25	8	15.11087
25	8	15.13343
25	8	15.16376
25	8	15.1793
25	8	15.19998
25	8	15.22172
25	8	15.24387
25	8	15.26661
25	8	15.28924
25	8	15.31132
25	8	15.32413
25	8	15.3362
25	8	15.34725
25	8	15.35948
25	8	15.37218
25	8	15.38355
25	8	15.39689
25	8	15.40864
25	8	15.41996
25	8	15.43215
25	8	15.44485
25	8	15.47099
25	7	15.48585
25	7	15.5005
25	7	15.51568
25	7	15.53152
25	7	15.54993
25	7	15.56417
25	7	15.57605
25	7	15.58904
25	7	15.60152
25	6	15.62697
25	6	15.64227
25	6	15.65735
25	6	15.66913
25	6	15.68049
25	6	15.70221
25	6	15.72652
25	5	15.74711
25	5	15.77015
25	5	15.79696
25	5	15.81389
25	5	15.83581
25	5	15.85842
25	5	15.88058
25	5	15.90343
25	5	15.92615
25	5	15.94832
25	5	15.97072
25	5	15.99309
25	5	16.01517
25	5	16.0375
25	5	16.05949
25	5	16.08202
25	5	16.10456
25	5	16.12621
25	5	16.14866
25	5	16.1711
25	5	16.19334
25	5	16.20469
25	5	16.21658
25	5	16.2276
25	5	16.23911
25	5	16.26376
25	5	16.27621
25	5	16.28865
25	5	16.3005
25	5	16.31265
25	5	16.32558
25	5	16.337
25	5	16.34848
25	5	16.36051
25	5	16.37332
25	5	16.39075
25	5	16.41241
25	5	16.42456
25	5	16.43785
25	5	16.45008
25	5	16.4609
25	5	16.47355
25	5	16.48594
25	5	16.49819
25	5	16.51054
25	5	16.52201
25	5	16.53438
25	5	16.54638
25	5	16.56914
25	5	16.58155
25	5	16.59436
25	5	16.60698
25	5	16.62926
25	5	16.65119
25	5	16.67366
25	5	16.6956
25	5	16.71892
25	5	16.74116
25	5	16.76327
25	5	16.78597
25	5	16.80788
25	5	16.82994
25	5	16.85199
25	5	16.87477
25	5	16.89796
25	5	16.9201
25	5	16.94241
25	5	16.96507
25	5	16.9871
25	5	17.0092
25	5	17.03222
25	5	17.05402
25	5	17.07621
25	5	17.09021
25	5	17.10271
25	5	17.11405
25	5	17.1253
25	5	17.13713
25	5	17.14915
25	5	17.16241
25	5	17.17414
25	5	17.19011
25	5	17.21487
25	5	17.22641
25	5	17.23871
25	5	17.24976
25	5	17.26169
25	5	17.27335
25	5	17.28534
25	5	17.29706
25	5	17.30832
25	5	17.32073
25	5	17.33143
25	5	17.34314
25	5	17.3678
25	5	17.3798
25	5	17.39312
25	5	17.40434
25	5	17.41626
25	5	17.42786
25	5	17.43884
25	5	17.45125
25	5	17.46313
25	5	17.47782
24	5	17.5006
24	5	17.52255
24	5	17.54524
24	5	17.56777
24	5	17.58977
24	5	17.6126
23	5	17.63474
23	5	17.6575
23	5	17.68229
23	5	17.70109
23	5	17.72341
22	5	17.74583
22	5	17.76835
22	5	17.79134
22	5	17.81375
22	5	17.83632
22	5	17.85821
22	5	17.88027
22	5	17.90267
22	4	17.92493
22	4	17.94684
22	4	17.96145
22	4	17.97633
22	4	18.00654
22	4	18.02069
22	4	18.033
22	3	18.04479
22	3	18.05719
22	3	18.07059
22	3	18.08454
22	3	18.09972
22	3	18.11209
22	3	18.12411
22	3	18.13689
22	2	18.16337
22	2	18.17809
22	2	18.19138
22	2	18.20629
22	2	18.22065
22	2	18.23279
22	2	18.24446
22	2	18.25744
22	2	18.2699
22	2	18.28192
21	2	18.29433
21	2	18.31947
21	2	18.33505
21	2	18.34964
21	2	18.37185
21	2	18.39458
20	2	18.41721
20	2	18.43893
20	2	18.46189
20	2	18.48592
20	2	18.50578
20	2	18.52816
19	2	18.55071
19	2	18.57255
19	2	18.59512
19	2	18.61794
19	2	18.64877
18	2	18.66276
18	2	18.68434
18	2	18.70701
18	2	18.72926
18	2	18.75214
17	2	18.77442
17	2	18.79933
17	2	18.82428
17	2	18.83811
17	2	18.849
17	2	18.86143
17	2	18.87404
17	2	18.88647
18	2	18.89813
18	2	18.91168
18	2	18.92929
18	2	18.95573
18	2	18.97062
18	2	18.98229
18	2	18.99368
18	2	19.0058
18	2	19.01739
19	2	19.02971
19	2	19.04353
19	2	19.05504
19	2	19.06726
19	2	19.07932
19	2	19.10247
19	2	19.11421
19	2	19.12732
19	2	19.13945
20	2	19.15184
20	2	19.1646
20	2	19.18678
20	2	19.20921
20	2	19.23368
20	2	19.25811
21	2	19.27593
21	2	19.29855
21	2	19.32094
21	2	19.34336
21	2	19.36569
22	2	19.38856
22	2	19.41267
22	2	19.43336
22	2	19.45541
22	2	19.47798
22	2	19.50072
21	2	19.52225
21	2	19.54486
21	2	19.56697
21	2	19.58942
21	2	19.6115
20	2	19.63363
20	2	19.64478
20	2	19.65675
20	2	19.66741
20	2	19.67872
20	2	19.68995
20	2	19.70235
20	2	19.72466
20	2	19.73713
20	2	19.74898
19	2	19.76153
19	2	19.77401
19	2	19.78622
19	2	19.7986
19	2	19.80959
19	2	19.82294
19	2	19.83593
19	2	19.84885
19	2	19.86123
18	2	19.88415
18	2	19.89604
18	2	19.90905
18	2	19.92059
18	2	19.93148
18	2	19.94266
18	2	19.95962
18	2	19.97094
18	2	19.98227
17	2	20.00251
17	2	20.02548
17	2	20.04836
17	2	20.06966
17	2	20.09189
17	2	20.11405
16	2	20.13631
16	2	20.15869
16	2	20.18139
16	2	20.20827
16	2	20.22604
15	2	20.24849
15	2	20.27084
15	2	20.29296
15	2	20.31538
15	2	20.33861
14	2	20.36341
14	2	20.38211
14	2	20.40471
14	2	20.4272
14	2	20.4499
14	2	20.47214
13	2	20.49517
13	2	20.52192
13	2	20.53874
13	2	20.55307
13	2	20.56586
13	2	20.57801
13	2	20.59106
13	2	20.60492
12	2	20.61646
12	2	20.62874
12	2	20.64163
12	2	20.65767
12	2	20.68471
11	2	20.73536
11	2	20.74826
11	2	20.76229
11	2	20.77771
11	2	20.79188
11	2	20.80405
11	2	20.81621
11	2	20.84497
10	2	20.86019
10	2	20.87292
10	2	20.88667
10	2	20.90163
10	2	20.91585
10	2	20.92774
10	2	20.941
10	2	20.96321
9	2	20.98606
9	2	21.01231
9	2	21.03023
9	2	21.05246
9	2	21.07549
8	2	21.0974
8	2	21.12037
8	2	21.14262
8	2	21.16809
8	2	21.18677
8	2	21.20885
7	2	21.23144
7	2	21.25538
7	2	21.27625
7	2	21.299
7	2	21.32203
6	2	21.3435
6	2	21.36578
6	2	21.38778
6	2	21.41019
6	2	21.42473
6	2	21.43757
6	2	21.44977
5	2	21.47451
5	2	21.49085
5	2	21.50637
5	2	21.52074
5	2	21.53324
5	2	21.54675
5	2	21.55914
5	2	21.57149
5	2	21.58328
4	2	21.59529
4	2	21.6119
4	2	21.63862
4	2	21.65508
4	2	21.66713
4	2	21.68026
4	2	21.6926
4	2	21.70479
3	2	21.71738
3	2	21.72943
3	2	21.74274
3	2	21.75773
3	2	21.77104
3	2	21.79486
3	2	21.81242
2	2	21.83445
2	2	21.85677
2	2	21.87894
2	2	21.90208
2	2	21.92524
2	2	21.95101
2	2	21.9696
2	2	21.9909
2	2	22.01289
2	2	22.03568
2	2	22.05811
2	2	22.08078
2	2	22.10344
2	2	22.12617
2	2	22.14746
2	2	22.17007
2	2	22.19255
2	2	22.21397
2	2	22.23732
2	2	22.26022
2	2	22.28108
2	2	22.29316
2	2	22.3053
2	2	22.31763
2	2	22.32983
2	2	22.34206
2	2	22.35487
2	2	22.36769
2	2	22.38062
2	2	22.39401
2	2	22.41649
2	2	22.42899
2	2	22.44139
2	2	22.45402
2	2	22.46574
2	2	22.48245
2	2	22.49466
2	2	22.50702
2	2	22.52065
2	2	22.53228
2	2	22.54495
2	2	22.56814
2	2	22.58012
2	2	22.59137
2	2	22.60419
2	2	22.61595
2	2	22.6284
2	2	22.64013
2	2	22.65077
2	2	22.67213
2	2	22.69504
2	2	22.71711
2	2	22.73934
2	2	22.76192
2	2	22.784
2	2	22.80649
2	2	22.82883
2	2	22.85204
2	2	22.87454
2	2	22.89553
2	2	22.91794
2	2	22.94067
2	2	22.96254
2	2	22.98496
2	2	23.00787
2	2	23.02997
2	2	23.05199
2	2	23.07463
2	2	23.09694
2	2	23.11928
2	2	23.14199
2	2	23.15398
2	2	23.16603
2	2	23.1892
2	2	23.20115
2	2	23.21404
2	2	23.22627
2	2	23.23802
2	2	23.2507
2	2	23.26499
2	2	23.28145
2	2	23.29324
2	2	23.30498
2	2	23.31797
2	2	23.34315
2	2	23.35524
2	2	23.36728
2	2	23.37923
2	2	23.39392
2	2	23.4059
2	3	23.41846
2	3	23.43229
2	3	23.44709
2	3	23.4635
2	3	23.4763
2	3	23.50373
2	3	23.51871
2	4	23.53107
2	4	23.54288
2	4	23.56529
2	4	23.5886
2	4	23.61025
2	4	23.6336
2	5	23.6562
2	5	23.67723
2	5	23.69974
2	5	23.72244
2	5	23.74468
2	5	23.76668
2	5	23.7903
2	5	23.81632
2	5	23.83354
2	5	23.85592
2	5	23.87811
2	5	23.90022
2	5	23.92287
2	5	23.94589
2	5	23.96812
2	5	23.98141
2	5	23.99439
2	5	24.0064
2	5	24.01862
2	5	24.03164
2	5	24.04418
2	5	24.05716
2	5	24.06949
2	5	24.08176
2	5	24.09472
2	5	24.10742
2	5	24.12995
2	5	24.1427
2	5	24.15512
2	5	24.16663
2	5	24.17783
2	5	24.1903
2	5	24.20234
2	5	24.21406
2	5	24.22716
2	5	24.24018
2	5	24.25411
2	5	24.26642
2	5	24.29121
2	5	24.30405
2	5	24.31505
2	5	24.3275
2	5	24.33959
2	5	24.35213
2	5	24.36484
2	5	24.37672
2	5	24.3932
2	5	24.41482
2	5	24.4379
2	5	24.46148
2	5	24.48164
2	5	24.50464
2	5	24.52641
2	5	24.54854
2	5	24.57124
2	5	24.59365
2	5	24.61587
2	5	24.63844
2	5	24.66047
2	5	24.68289
2	5	24.70526
2	5	24.72767
2	5	24.75067
2	5	24.7722
2	5	24.79428
2	5	24.8168
2	5	24.83963
2	5	24.86199
2	5	24.87646
2	5	24.88887
2	5	24.90156
2	5	24.93062
2	5	24.94344
2	5	24.95576
2	5	24.96758
2	5	24.98038
2	5	24.99269
2	5	25.00619
2	5	25.01911
2	5	25.03115
2	5	25.04243
2	5	25.05632
2	5	25.07854
2	5	25.09079
2	4	25.10298
2	4	25.11466
2	4	25.12754
2	4	25.13907
2	4	25.15283
2	4	25.16603
2	4	25.17794
2	4	25.19061
2	4	25.20347
2	4	25.21532
2	3	25.23903
2	3	25.25264
2	3	25.27443
2	3	25.29837
2	3	25.31945
2	2	25.34154
2	2	25.36377
2	2	25.3877
2	2	25.4118
2	2	25.43132
2	2	25.45337
2	2	25.47607
2	2	25.49835
2	2	25.52111
2	2	25.54343
2	2	25.56792
2	2	25.58729
2	2	25.60972
2	2	25.63269
2	2	25.65606
2	2	25.67705
2	2	25.69978
2	2	25.72352
2	2	25.73555
2	2	25.74767
2	2	25.76033
2	2	25.77261
2	2	25.78539
2	2	25.79963
2	2	25.81178
2	2	25.82532
2	2	25.83699
2	2	25.85063
2	2	25.87439
2	2	25.88798
2	2	25.90121
2	2	25.91371
2	2	25.92655
2	2	25.93887
2	2	25.95023
2	2	25.9617
2	2	25.97376
2	2	25.98573
2	2	25.99837
2	2	26.0115
2	2	26.03399
2	2	26.04628
2	2	26.05864
2	2	26.07413
2	2	26.08992
2	2	26.11192
2	2	26.13429
2	2	26.1571
2	2	26.18008
2	2	26.20215
2	2	26.22394
2	2	26.24617
2	2	26.26849
2	2	26.29088
2	2	26.31368
2	2	26.33668
2	2	26.35864
2	2	26.38063
2	2	26.40346
2	2	26.42512
2	2	26.44813
2	2	26.47021
2	2	26.49297
2	2	26.51651
2	2	26.53707
2	2	26.54868
2	2	26.55945
2	2	26.56994
2	2	26.58193
2	2	26.59539
2	2	26.60883
2	2	26.62193
2	2	26.63333
2	2	26.64553
2	2	26.66984
2	2	26.68175
2	2	26.6946
2	2	26.70646
2	2	26.71801
2	2	26.73142
2	2	26.74412
2	2	26.75591
2	2	26.76874
2	2	26.78137
2	2	26.79341
2	2	26.80562
2	2	26.82824
2	2	26.84072
2	2	26.85346
2	2	26.8665
2	2	26.87829
2	2	26.89083
2	2	26.90348
2	2	26.91598
2	2	26.9277
2	2	26.93874
2	2	26.96148
2	2	26.98515
2	2	27.00667
2	2	27.02838
2	2	27.05115
2	2	27.0733
2	2	27.09578
2	2	27.11886
2	2	27.14174
2	2	27.16289
2	2	27.18548
2	2	27.20685
2	2	27.22903
2	2	27.2515
2	2	27.27444
2	2	27.29801
2	2	27.31917
2	2	27.34284
2	2	27.36339
2	2	27.38614
2	2	27.40861
2	2	27.42134
2	2	27.43451
2	2	27.45772
2	2	27.46947
2	2	27.48133
2	2	27.52557
2	2	27.53864
2	2	27.55158
2	2	27.56378
2	2	27.5772
2	2	27.59066
2	2	27.61527
2	2	27.62759
2	2	27.63968
2	2	27.65152
2	2	27.66287
2	2	27.67537
2	2	27.68737
2	2	27.70078
2	2	27.71262
2	2	27.72454
2	2	27.7354
2	2	27.74764
2	2	27.76978
2	2	27.78159
2	2	27.79368
2	2	27.80556
2	2	27.81734
2	2	27.83189
2	2	27.85452
2	2	27.87719
2	2	27.89969
2	2	27.92554
2	2	27.94478
2	2	27.96659
2	2	27.98879
2	2	28.01121
2	2	28.03356
2	2	28.05636
2	2	28.07874
2	2	28.101
2	2	28.12338
2	2	28.14561
2	2	28.16863
2	2	28.19041
2	2	28.21243
2	2	28.23506
2	2	28.25747
2	2	28.27947
2	2	28.3017
2	2	28.31464
2	2	28.32596
2	2	28.33777
2	2	28.34985
2	2	28.36172
2	2	28.37474
2	2	28.40237
2	2	28.41421
2	2	28.42803
2	2	28.44109
2	2	28.45312
2	2	28.46478
2	2	28.47665
2	2	28.48849
2	2	28.50081
2	2	28.51265
2	2	28.52652
2	2	28.55407
2	2	28.56723
2	2	28.58031
2	2	28.59274
2	2	28.60587
2	2	28.61843
2	2	28.63182
2	2	28.64266
2	2	28.65518
2	2	28.66749
2	2	28.67981
2	2	28.70309
2	2	28.71558
2	2	28.72779
2	2	28.73878
2	2	28.75953
2	2	28.78172
2	2	28.80415
2	2	28.82687
2	2	28.84925
2	2	28.87266
2	2	28.89367
2	2	28.91668
2	2	28.9384
2	2	28.96059
2	2	28.98281
2	2	29.00561
2	2	29.02795
2	2	29.05068
2	2	29.07309
2	2	29.09537
2	2	29.11767
2	2	29.14012
2	2	29.16267
2	2	29.18779
2	2	29.20677
2	2	29.21825
2	2	29.23097
2	2	29.24377
2	2	29.25741
2	2	29.27033
2	2	29.28323
2	2	29.29563
2	2	29.30815
2	2	29.3205
2	2	29.34325
2	2	29.35826
2	2	29.37295
2	2	29.38476
2	2	29.39749
2	2	29.41006
2	2	29.42179
2	2	29.43458
2	2	29.44684
2	2	29.45972
2	2	29.47214
2	2	29.49659
2	2	29.50918
2	2	29.52197
2	2	29.53517
2	2	29.54704
2	2	29.55928
2	2	29.57148
2	2	29.58529
2	2	29.60804
2	2	29.63057
2	2	29.6533
2	2	29.67549
2	2	29.69759
2	2	29.71971
3	2	29.74299
3	2	29.76486
3	2	29.78748
3	2	29.80968
3	2	29.83216
3	2	29.85413
4	2	29.87648
4	2	29.89878
4	2	29.92115
4	2	29.94412
4	2	29.96631
5	2	29.98828
5	2	30.01052
5	2	30.0332
5	2	30.04435
5	2	30.05636
5	2	30.06792
5	2	30.07927
5	2	30.0914
5	2	30.10377
6	2	30.12623
6	2	30.13889
6	2	30.15213
6	2	30.16503
6	2	30.17767
6	2	30.19366
6	2	30.20522
6	2	30.21722
7	2	30.23005
7	2	30.24256
7	2	30.25496
7	2	30.27779
7	2	30.28947
7	2	30.30277
7	2	30.31524
7	2	30.32843
7	2	30.33998
8	2	30.3517
8	2	30.36377
8	2	30.37691
8	2	30.39088
8	2	30.41307
8	2	30.43526
8	2	30.45709
9	2	30.47991
9	2	30.50185
9	2	30.52406
9	2	30.54675
9	2	30.56968
9	2	30.59227
10	2	30.61427
10	2	30.63645
10	2	30.65868
10	2	30.68132
10	2	30.70322
11	2	30.72608
11	2	30.74907
11	2	30.77064
11	2	30.79313
11	2	30.81519
11	2	30.83692
12	2	30.85939
12	2	30.87189
12	2	30.88331
12	2	30.90801
12	2	30.92163
12	2	30.93368
12	2	30.94737
12	2	30.96031
13	2	30.97161
13	2	30.98458
13	2	31.00232
13	2	31.01433
13	2	31.02582
13	2	31.0364
13	2	31.05759
13	2	31.06765
13	2	31.07798
14	2	31.08978
14	2	31.10029
14	2	31.11091
14	2	31.12109
14	2	31.13144
14	2	31.14181
14	2	31.1518
14	2	31.16278
14	2	31.17262
14	2	31.18304
14	2	31.19355
15	2	31.21181
15	2	31.22276
15	2	31.233
15	2	31.24257
15	2	31.25387
15	2	31.26451
15	2	31.27422
15	2	31.28392
15	2	31.29432
15	2	31.3042
15	2	31.31508
15	2	31.32646
16	2	31.33752
16	2	31.34923
16	2	31.37048
16	2	31.38323
16	2	31.39759
16	2	31.40842
16	2	31.4189
16	2	31.42989
16	2	31.44053
16	2	31.45065
17	2	31.46152
17	2	31.47213
17	2	31.4821
17	2	31.4924
17	2	31.50397
17	2	31.52594
17	2	31.5357
17	2	31.546
17	2	31.55608
17	2	31.56619
18	2	31.57686
18	2	31.58745
18	2	31.59725
18	2	31.6085
18	2	31.61875
18	2	31.62933
18	2	31.63917
18	2	31.64818
18	2	31.65867
18	2	31.67795
18	2	31.68761
19	2	31.69774
19	2	31.7082
19	2	31.71932
19	2	31.72991
19	2	31.73985
19	2	31.74974
19	2	31.76044
19	2	31.77014
19	2	31.78005
19	2	31.78984
19	2	31.80053
19	2	31.81121
20	2	31.83615
20	2	31.84683
20	2	31.85624
20	2	31.86619
20	2	31.87636
20	2	31.8869
20	2	31.8977
20	2	31.90789
20	2	31.91862
20	2	31.92876
20	2	31.93787
21	2	31.94876
21	2	31.95893
21	2	31.96936
21	2	31.98894
21	2	31.99999
21	2	32.01045
21	2	32.02127
21	2	32.03166
21	2	32.04212
21	2	32.0523
22	2	32.06264
22	2	32.07165
22	2	32.08017
22	2	32.08987
22	2	32.10011
22	2	32.11075
22	2	32.12039
22	2	32.13994
22	2	32.15133
22	2	32.16171
22	2	32.17096
22	2	32.18086
23	2	32.19179
23	2	32.2025
23	2	32.21318
23	2	32.22482
23	2	32.23692
23	2	32.24664
23	2	32.25743
23	2	32.2681
23	2	32.27874
23	2	32.29946
24	2	32.31269
24	2	32.32265
24	2	32.33361
24	2	32.34546
24	2	32.35746
24	2	32.36746
24	2	32.37825
24	2	32.38906
24	2	32.40052
24	2	32.4118
24	2	32.42134
25	2	32.43226
25	2	32.45376
25	2	32.46777
25	2	32.47996
25	2	32.49217
25	2	32.50366
25	2	32.51419
25	2	32.52423
25	2	32.53568
25	2	32.54624
26	2	32.55666
26	2	32.56678
26	2	32.5775
26	2	32.59004
26	2	32.61431
26	2	32.62766
26	2	32.63766
26	2	32.6478
26	2	32.65829
26	2	32.67246
27	2	32.68253
27	2	32.6924
27	2	32.70451
27	2	32.7187
27	2	32.73114
27	2	32.74134
27	2	32.76262
27	2	32.77518
27	2	32.78622
27	2	32.79709
27	2	32.80718
27	2	32.81731
27	2	32.82772
27	2	32.83823
27	2	32.84897
27	2	32.85966
27	2	32.86979
27	2	32.88087
27	2	32.89067
27	2	32.90187
27	2	32.92088
27	2	32.93143
27	2	32.94256
27	2	32.98761
27	2	32.99805
27	2	33.00785
27	2	33.01825
27	2	33.0286
27	2	33.03811
27	2	33.04864
27	2	33.05928
27	2	33.079
27	2	33.08865
27	2	33.09928
27	2	33.10915
27	2	33.11904
27	2	33.12864
27	2	33.13834
27	2	33.14816
27	2	33.15833
27	2	33.16943
27	2	33.18048
27	2	33.19152
27	2	33.20297
27	2	33.21502
27	2	33.23479
27	2	33.2449
27	2	33.25489
27	2	33.26551
27	2	33.27502
27	2	33.28519
27	2	33.29569
27	2	33.30584
27	2	33.31509
27	2	33.32571
27	2	33.33679
27	2	33.34779
27	2	33.35909
27	2	33.3704
27	2	33.38885
27	2	33.39869
27	2	33.40953
27	2	33.42346
27	2	33.43621
27	2	33.44642
27	2	33.45662
27	2	33.46724
27	2	33.4774
27	2	33.48718
27	2	33.4981
27	2	33.50816
27	2	33.51884
27	2	33.52899
27	2	33.55186
27	2	33.56281
27	2	33.57315
27	2	33.58291
27	2	33.59361
27	2	33.60472
27	2	33.61461
27	2	33.62429
27	2	33.6347
27	2	33.64581
27	2	33.65562
27	2	33.66583
27	2	33.67561
27	2	33.68585
27	2	33.70461
27	2	33.71498
27	2	33.72619
27	2	33.73604
27	2	33.74663
27	2	33.75692
27	2	33.7676
27	2	33.77714
27	2	33.78687
27	2	33.79652
27	2	33.80656
27	2	33.81754
27	2	33.8291
27	2	33.84019
27	2	33.85973
27	2	33.86975
27	2	33.88036
27	2	33.89016
27	2	33.89989
27	2	33.90896
27	2	33.91837
27	2	33.92939
27	2	33.94046
27	2	33.95169
27	2	33.96358
27	2	33.97437
27	2	33.98524
27	2	33.99652
27	2	34.01532
27	2	34.02587
27	2	34.03666
27	2	34.0466
27	2	34.05639
27	2	34.06628
27	2	34.07621
27	2	34.08582
27	2	34.09759
27	2	34.10865
27	2	34.11983
27	2	34.13147
27	2	34.14235
27	2	34.15377
27	2	34.17296
27	2	34.18293
27	2	34.19302
27	2	34.20245
27	2	34.21326
27	2	34.22318
27	2	34.23338
27	2	34.24379
27	2	34.25448
27	2	34.26552
27	2	34.2767
27	2	34.28777
27	2	34.29954
27	2	34.31165
27	2	34.33216
27	2	34.3429
27	2	34.35255
27	2	34.3656
27	2	34.37584
27	2	34.38655
27	2	34.3981
27	2	34.40928
27	2	34.41937
27	2	34.43002
27	2	34.43942
27	2	34.44914
27	2	34.45914
27	2	34.46973
27	2	34.49006
27	2	34.50081
27	2	34.51119
27	2	34.52077
27	2	34.53061
27	2	34.54171
27	2	34.55241
27	2	34.56312
27	2	34.5737
27	2	34.5843
27	2	34.59399
27	2	34.60543
27	2	34.61487
27	2	34.62495
27	2	34.64532
27	2	34.65619
27	2	34.66779
27	2	34.6783
27	2	34.68932
27	2	34.69931
27	2	34.70864
27	2	34.7187
27	2	34.72925
27	2	34.73897
27	2	34.74896
27	2	34.75886
27	2	34.77005
27	2	34.78053
27	2	34.79959
27	2	34.80933
27	2	34.81953
27	2	34.82982
27	2	34.84026
27	2	34.85004
27	2	34.85992
27	2	34.86934
27	2	34.87992
27	2	34.89005
27	2	34.90104
27	2	34.91223
27	2	34.92369
27	2	34.93485
27	2	34.95272
27	2	34.963
27	2	34.97362
27	2	34.98471
27	2	34.99469
27	2	35.00417
27	2	35.01389
27	2	35.02407
27	2	35.03522
27	2	35.04629
27	2	35.05725
27	2	35.06853
27	2	35.07977
27	2	35.09132
27	2	35.11019
27	2	35.12127
27	2	35.13129
27	2	35.14087
27	2	35.15068
27	2	35.16047
27	2	35.17004
27	2	35.18042
27	2	35.19477
27	2	35.20466
27	2	35.21513
27	2	35.2262
27	2	35.23734
27	2	35.24873
27	2	35.26878
27	2	35.2809
27	2	35.29029
27	2	35.30069
27	2	35.31115
27	2	35.32092
27	2	35.33127
27	2	35.34126
27	2	35.35133
27	2	35.36166
27	2	35.37116
27	2	35.38171
27	2	35.39329
27	2	35.40413
27	2	35.42319
27	2	35.43401
27	2	35.4481
27	2	35.45842
27	2	35.46856
27	2	35.47865
27	2	35.49322
27	2	35.50519
27	2	35.51734
27	2	35.52876
27	2	35.53936
27	2	35.55038
27	2	35.5616
27	2	35.58266
27	2	35.5947
27	2	35.60592
27	2	35.61689
27	2	35.62733
27	2	35.63741
27	2	35.64764
27	2	35.65732
27	2	35.66698
27	2	35.67622
27	2	35.68738
27	2	35.69837
27	2	35.70953
27	2	35.72079
27	2	35.74129
27	2	35.75322
27	2	35.76469
27	2	35.77647
27	2	35.78721
27	2	35.79747
27	2	35.87501
27	2	35.89635
27	2	35.90743
27	2	35.91804
27	2	35.92815
27	2	35.9376
27	2	35.94865
27	2	35.95841
27	2	35.9695
27	2	35.97916
27	2	35.99033
27	2	36.00138
27	2	36.01213
27	2	36.02092
27	2	36.03088
27	2	36.05062
27	2	36.06047
27	2	36.07088
27	2	36.08135
27	2	36.09126
27	2	36.10544
27	2	36.1161
27	2	36.12716
27	2	36.13779
27	2	36.1483
27	2	36.15889
27	2	36.16883
27	2	36.17856
27	2	36.18992
27	2	36.21005
27	2	36.22013
27	2	36.23103
27	2	36.24108
27	2	36.25235
27	2	36.2628
27	2	36.27321
27	2	36.28312
27	2	36.2943
27	2	36.30466
27	2	36.31566
27	2	36.32555
27	2	36.33511
27	2	36.34512
27	2	36.3643
27	2	36.37473
27	2	36.38556
27	2	36.39843
27	2	36.40907
27	2	36.41967
27	2	36.42966
27	2	36.44046
27	2	36.4517
27	2	36.46118
27	2	36.47179
27	2	36.48192
27	2	36.49217
27	2	36.50196
27	2	36.52061
27	2	36.53147
27	2	36.54168
27	2	36.55151
27	2	36.56194
27	2	36.57085
27	2	36.58063
27	2	36.59082
27	2	36.60043
27	2	36.61034
27	2	36.62095
27	2	36.63259
27	2	36.64356
27	2	36.65485
27	2	36.67368
27	2	36.68392
27	2	36.69387
27	2	36.70372
27	2	36.71422
27	2	36.72419
27	2	36.7349
27	2	36.74442
27	2	36.75531
27	2	36.76648
27	2	36.77788
27	2	36.78868
27	2	36.80009
27	2	36.81151
27	2	36.83135
27	2	36.84183
27	2	36.85289
27	2	36.86285
27	2	36.87373
27	2	36.88364
27	2	36.89375
27	2	36.90422
27	2	36.91387
27	2	36.92356
27	2	36.93829
27	2	36.94881
27	2	36.95916
27	2	36.96902
27	2	36.98783
27	2	37.00031
27	2	37.01052
27	2	37.02057
27	2	37.03135
27	2	37.04154
27	2	37.08355
27	2	37.09386
27	2	37.10454
27	2	37.11477
27	2	37.12588
27	2	37.14648
27	2	37.1572
27	2	37.16741
27	2	37.17739
27	2	37.18848
27	2	37.19851
27	2	37.20782
27	2	37.21818
27	2	37.2284
27	2	37.23825
27	2	37.24877
27	2	37.25867
27	2	37.26931
27	2	37.28048
27	2	37.30204
27	2	37.31277
27	2	37.32344
27	2	37.33393
27	2	37.34388
27	2	37.35557
27	2	37.36642
27	2	37.37687
27	2	37.38699
27	2	37.39743
27	2	37.40781
27	2	37.42048
27	2	37.43223
27	2	37.45161
27	2	37.46622
27	2	37.47726
27	2	37.48741
27	2	37.49907
27	2	37.50858
27	2	37.51907
27	2	37.52954
27	2	37.54033
27	2	37.55107
27	2	37.56116
27	2	37.57204
27	2	37.58233
27	2	37.6043
27	2	37.61524
27	2	37.62634
27	2	37.63696
27	2	37.64812
27	2	37.65821
27	2	37.66881
27	2	37.67828
27	2	37.6888
27	2	37.6999
27	2	37.71071
27	2	37.72104
27	2	37.73243
27	2	37.75392
27	2	37.76491
27	2	37.77567
27	2	37.78626
27	2	37.79684
27	2	37.81171
27	2	37.82256
27	2	37.83373
27	2	37.84448
27	2	37.85478
27	2	37.8662
27	2	37.8774
27	2	37.88877
27	2	37.90922
27	2	37.92021
27	2	37.93065
27	2	37.94092
27	2	37.95123
27	2	37.962
27	2	37.97299
27	2	37.98347
27	2	37.99411
27	2	38.00524
27	2	38.01645
27	2	38.026
27	2	38.03707
27	2	38.04747
27	2	38.06772
27	2	38.07911
27	2	38.08909
27	2	38.09927
27	2	38.10987
27	2	38.12011
27	2	38.13023
27	2	38.14106
27	2	38.15161
27	2	38.16274
27	2	38.17367
27	2	38.18389
27	2	38.19315
27	2	38.20315
27	2	38.22146
27	2	38.2317
27	2	38.24197
27	2	38.25188
27	2	38.26163
27	2	38.27139
27	2	38.28237
27	2	38.29342
27	2	38.30449
27	2	38.31419
27	2	38.32447
27	2	38.3348
27	2	38.34508
27	2	38.35509
27	2	38.37411
27	2	38.38407
27	2	38.39469
27	2	38.40516
27	2	38.41722
27	2	38.4287
27	2	38.44002
27	2	38.45098
27	2	38.46075
27	2	38.4713
27	2	38.48105
27	2	38.49193
27	2	38.50262
27	2	38.51271
27	2	38.53155
27	2	38.54235
27	2	38.55296
27	2	38.56305
27	2	38.57253
27	2	38.58146
27	2	38.59138
27	2	38.60264
27	2	38.61343
27	2	38.62371
27	2	38.63906
27	2	38.64831
27	2	38.65821
27	2	38.66859
27	2	38.68892
27	2	38.69991
27	2	38.7123
27	2	38.72289
27	2	38.73409
27	2	38.74389
27	2	38.75453
27	2	38.76433
27	2	38.77335
27	2	38.78382
27	2	38.79322
27	2	38.80393
27	2	38.81385
27	2	38.82471
27	2	38.84423
27	2	38.85551
27	2	38.86615
27	2	38.87582
27	2	38.88591
27	2	38.89594
27	2	38.90574
27	2	38.91474
27	2	38.92481
27	2	38.93486
27	2	38.94481
27	2	38.9559
27	2	38.96758
27	2	38.97826
27	2	38.99657
27	2	39.00698
27	2	39.01917
27	2	39.02898
27	2	39.03974
27	2	39.04976
27	2	39.05953
27	2	39.06965
27	2	39.0789
27	2	39.08987
27	2	39.10117
27	2	39.11225
27	2	39.12346
27	2	39.13509
27	2	39.15551
27	2	39.16637
27	2	39.17609
27	2	39.18631
27	2	39.19706
27	2	39.20723
27	2	39.21786
27	2	39.22824
27	2	39.2387
27	2	39.24902
27	2	39.25935
27	2	39.26945
27	2	39.27967
27	2	39.29135
27	2	39.3103
27	2	39.32108
27	2	39.33096
27	2	39.34063
27	2	39.35114
27	2	39.36127
27	2	39.37128
27	2	39.38063
27	2	39.39191
27	2	39.40295
27	2	39.41368
27	2	39.42483
27	2	39.43599
27	2	39.44765
27	2	39.47192
27	2	39.48518
27	2	39.49609
27	2	39.50613
27	2	39.51631
27	2	39.52691
27	2	39.53805
27	2	39.54799
27	2	39.55828
27	2	39.56939
27	2	39.57917
27	2	39.58855
27	2	39.59831
27	2	39.61769
27	2	39.62819
27	2	39.63892
27	2	39.64887
27	2	39.65948
27	2	39.66937
27	2	39.67969
27	2	39.69008
27	2	39.70048
27	2	39.71079
27	2	39.72084
27	2	39.7313
27	2	39.74135
27	2	39.75187
27	2	39.77123
27	2	39.78214
27	2	39.79266
27	2	39.80282
27	2	39.81271
27	2	39.82371
27	2	39.8337
27	2	39.84317
27	2	39.8535
27	2	39.86351
27	2	39.87352
27	2	39.88292
27	2	39.89399
27	2	39.90517
27	2	39.92421
27	2	39.93465
27	2	39.94384
27	2	39.95437
27	2	39.96482
27	2	39.97487
27	2	39.98582
27	2	39.99589
27	2	40.00595
27	2	40.01741
27	2	40.02829
27	2	40.03913
27	2	40.05055
27	2	40.06177
27	2	40.07999
27	2	40.09015
27	2	40.10165
27	2	40.11177
27	2	40.12221
27	2	40.13197
27	2	40.14196
27	2	40.15193
27	2	40.16252
27	2	40.17345
27	2	40.18496
27	2	40.19593
27	2	40.20747
27	2	40.21945
27	2	40.23853
27	2	40.2491
27	2	40.25962
27	2	40.27092
27	2	40.28124
27	2	40.29716
27	2	40.30825
27	2	40.3196
27	2	40.33067
27	2	40.34152
27	2	40.35167
27	2	40.36162
27	2	40.37158
27	2	40.39342
27	2	40.40405
27	2	40.41418
27	2	40.42446
27	2	40.43546
27	2	40.44548
27	2	40.45583
27	2	40.46669
27	2	40.47718
27	2	40.48772
27	2	40.49783
27	2	40.50793
27	2	40.5177
27	2	40.52749
27	2	40.54839
27	2	40.55883
27	2	40.56898
27	2	40.57922
27	2	40.58994
27	2	40.60035
27	2	40.6123
27	2	40.62297
27	2	40.6336
27	2	40.64309
27	2	40.65437
27	2	40.66445
27	2	40.67588
27	2	40.68671
27	2	40.70475
27	2	40.71474
27	2	40.72474
27	2	40.73505
27	2	40.74626
27	2	40.75773
27	2	40.76781
27	2	40.77874
27	2	40.79044
27	2	40.80238
27	2	40.81285
27	2	40.82407
27	2	40.83463
27	2	40.84561
27	2	40.86486
27	2	40.87466
27	2	40.88547
27	2	40.89534
27	2	40.90509
27	2	40.9152
27	2	40.92538
27	2	40.93567
27	2	40.94579
27	2	40.95565
27	2	40.96677
27	2	40.97749
27	2	40.98861
27	2	40.99952
27	2	41.01934
27	2	41.03129
27	2	41.04226
27	2	41.05218
27	2	41.06192
27	2	41.07166
27	2	41.08115
27	2	41.09211
27	2	41.10237
27	2	41.11305
27	2	41.12305
27	2	41.13803
27	2	41.14791
27	2	41.15874
27	2	41.17994
27	2	41.19111
27	2	41.20224
27	2	41.21175
27	2	41.22372
27	2	41.23381
27	2	41.24504
27	2	41.25605
27	2	41.26671
27	2	41.27612
27	2	41.28569
27	2	41.29621
27	2	41.30634
27	2	41.31561
27	2	41.33752
27	2	41.34764
27	2	41.35821
27	2	41.36808
27	2	41.37809
27	2	41.3881
27	2	41.39914
27	2	41.40914
27	2	41.41863
27	2	41.42944
27	2	41.43989
27	2	41.45033
27	2	41.46076
27	2	41.47114
27	2	41.49107
27	2	41.50215
27	2	41.51507
27	2	41.52546
27	2	41.5363
27	2	41.54645
27	2	41.55608
27	2	41.5666
27	2	41.57627
27	2	41.58737
27	2	41.59797
27	2	41.60869
27	2	41.62035
27	2	41.63071
27	2	41.64949
27	2	41.66008
27	2	41.6706
27	2	41.68113
27	2	41.69154
27	2	41.70204
27	2	41.71133
27	2	41.72155
27	2	41.7312
27	2	41.74028
27	2	41.75015
27	2	41.76012
27	2	41.77068
27	2	41.78156
27	2	41.80165
27	2	41.81226
27	2	41.82256
27	2	41.8326
27	2	41.84306
27	2	41.85298
27	2	41.863
27	2	41.87302
27	2	41.88193
27	2	41.89354
27	2	41.90427
27	2	41.91584
27	2	41.92689
27	2	41.93887
27	2	41.9623
27	2	41.9724
27	2	41.98221
27	2	41.99255
27	2	42.00323
27	2	42.01285
27	2	42.02315
27	2	42.03348
27	2	42.0446
27	2	42.05531
27	2	42.06543
27	2	42.07511
27	2	42.08582
27	2	42.09528
27	2	42.11584
27	2	42.12618
27	2	42.13707
27	2	42.1462
27	2	42.15595
27	2	42.16599
27	2	42.17682
27	2	42.18749
27	2	42.19706
27	2	42.20811
27	2	42.21807
27	2	42.22877
27	2	42.24001
27	2	42.25112
27	2	42.27016
27	2	42.28089
27	2	42.29113
27	2	42.30044
27	2	42.31139
27	2	42.32164
27	2	42.33137
27	2	42.34134
27	2	42.3515
27	2	42.36264
27	2	42.37333
27	2	42.38488
27	2	42.39586
27	2	42.40726
27	2	42.42557
27	2	42.43647
27	2	42.44635
27	2	42.45646
27	2	42.46675
27	2	42.47706
27	2	42.48699
27	2	42.49704
27	2	42.50865
27	2	42.51992
27	2	42.53098
27	2	42.54207
27	2	42.5535
27	2	42.56443
27	2	42.58308
27	2	42.59407
27	2	42.60541
27	2	42.61461
27	2	42.62464
27	2	42.63499
27	2	42.64452
27	2	42.65448
27	2	42.66609
27	2	42.67694
27	2	42.6881
27	2	42.69925
27	2	42.71025
27	2	42.72173
27	2	42.73975
27	2	42.74946
27	2	42.76085
27	2	42.77038
27	2	42.78456
27	2	42.79517
27	2	42.80479
27	2	42.81465
27	2	42.82429
27	2	42.83332
27	2	42.84458
27	2	42.8558
27	2	42.86686
27	2	42.87839
27	2	42.89845
27	2	42.90923
27	2	42.91975
27	2	42.93009
27	2	42.94127
27	2	42.95053
27	2	42.96203
27	2	42.97224
27	2	42.98352
27	2	42.99391
27	2	43.00491
27	2	43.01472
27	2	43.02558
27	2	43.03568
27	2	43.05555
27	2	43.06607
27	2	43.07687
27	2	43.0872
27	2	43.09704
27	2	43.10744
27	2	43.11732
27	2	43.12733
27	2	43.13739
27	2	43.14722
27	2	43.15709
27	2	43.16706
27	2	43.17829
27	2	43.18992
27	2	43.20918
27	2	43.22074
27	2	43.23147
27	2	43.24177
27	2	43.25119
27	2	43.26074
27	2	43.27038
27	2	43.2801
27	2	43.29105
27	2	43.301
27	2	43.31209
27	2	43.32309
27	2	43.33425
27	2	43.34562
27	2	43.36386
27	2	43.37426
27	2	43.38629
27	2	43.39877
27	2	43.41017
27	2	43.41945
27	2	43.42941
27	2	43.43929
27	2	43.44812
27	2	43.4576
27	2	43.46841
27	2	43.47987
27	2	43.49115
27	2	43.50251
27	2	43.52357
27	2	43.5368
27	2	43.54663
27	2	43.55672
27	2	43.56782
27	2	43.57732
27	2	43.58808
27	2	43.59868
27	2	43.61023
27	2	43.62527
27	2	43.63502
27	2	43.64578
27	2	43.6571
27	2	43.67729
27	2	43.68789
27	2	43.69788
27	2	43.70812
27	2	43.71896
27	2	43.72884
27	2	43.73847
27	2	43.7487
27	2	43.75959
27	2	43.77053
27	2	43.78132
27	2	43.79203
27	2	43.80161
27	2	43.81191
27	2	43.83076
27	2	43.84115
27	2	43.9128
27	2	43.9242
27	2	43.93491
27	2	43.94558
27	2	43.95501
27	2	43.96476
27	2	43.98462
27	2	43.99552
27	2	44.00426
27	2	44.02629
27	2	44.04873
27	2	44.07122
27	2	44.09347
27	2	44.11619
27	2	44.13828
27	2	44.16053
27	2	44.18266
27	2	44.20515
27	2	44.22743
27	2	44.24965
27	2	44.27243
27	2	44.29453
27	2	44.31682
27	2	44.33935
27	2	44.36157
27	2	44.38398
27	2	44.4062
27	2	44.42957
27	2	44.45181
27	2	44.47388
27	2	44.49646
27	2	44.50674
27	2	44.51874
27	2	44.53001
27	2	44.54086
27	2	44.55162
27	2	44.56278
27	2	44.57433
27	2	44.58548
27	2	44.60755
27	2	44.61836
27	2	44.62836
27	2	44.63748
27	2	44.64737
27	2	44.65803
27	2	44.6686
27	2	44.67899
27	2	44.68925
27	2	44.69973
27	2	44.71051
27	2	44.72081
27	2	44.73146
27	2	44.74686
27	2	44.76783
27	2	44.77929
27	2	44.79147
27	2	44.80252
27	2	44.8135
27	2	44.8255
27	2	44.83865
27	2	44.85019
27	2	44.86205
27	2	44.87271
27	2	44.88349
27	2	44.89387
27	2	44.90557
27	2	44.92545
27	2	44.93744
27	2	44.94775
27	2	44.95824
27	2	44.96935
27	2	44.98018
27	2	44.99216
27	2	45.00271
27	2	45.01417
27	2	45.02547
27	2	45.03697
27	2	45.04797
27	2	45.06016
27	2	45.08262
27	2	45.09475
27	2	45.10561
27	2	45.11617
27	2	45.12715
27	2	45.1388
27	2	45.14942
27	2	45.16034
27	2	45.17153
27	2	45.18187
27	2	45.19284
27	2	45.20282
27	2	45.21349
27	2	45.23257
27	2	45.24267
27	2	45.25269
27	2	45.26328
27	2	45.27323
27	2	45.28295
27	2	45.29401
27	2	45.30382
27	2	45.31342
27	2	45.3233
27	2	45.3338
27	2	45.34455
27	2	45.35542
27	2	45.36694
27	2	45.3868
27	2	45.3985
27	2	45.40909
27	2	45.41902
27	2	45.42845
27	2	45.43878
27	2	45.44854
27	2	45.45825
27	2	45.46773
27	2	45.47886
27	2	45.4905
27	2	45.50098
27	2	45.51263
27	2	45.5239
27	2	45.54262
27	2	45.55601
27	2	45.56667
27	2	45.57646
27	2	45.58539
27	2	45.60295
27	2	45.61494
27	2	45.62654
27	2	45.63582
27	2	45.64596
27	2	45.65614
27	2	45.66641
27	2	45.67722
27	2	45.69881
27	2	45.70945
27	2	45.7188
27	2	45.72971
27	2	45.74029
27	2	45.74969
27	2	45.75975
27	2	45.76976
27	2	45.7807
27	2	45.79264
27	2	45.80579
27	2	45.81697
27	2	45.82873
27	2	45.85152
27	2	45.86385
27	2	45.87541
27	2	45.88737
27	2	45.89755
27	2	45.90767
27	2	45.91768
27	2	45.92724
27	2	45.93703
27	2	45.94825
27	2	45.95883
27	2	45.96929
27	2	45.981
27	2	46.00098
27	2	46.01156
27	2	46.02198
27	2	46.03252
27	2	46.04301
27	2	46.05385
27	2	46.06549
27	2	46.07787
27	2	46.08795
27	2	46.09917
27	2	46.11006
27	2	46.12035
27	2	46.13113
27	2	46.15233
27	2	46.16334
27	2	46.1733
27	2	46.18435
27	2	46.19518
27	2	46.20601
27	2	46.21509
27	2	46.22537
27	2	46.23609
27	2	46.24634
27	2	46.25617
27	2	46.26586
27	2	46.27663
27	2	46.28756
27	2	46.30709
27	2	46.31734
27	2	46.32706
27	2	46.33844
27	2	46.34828
27	2	46.35856
27	2	46.36857
27	2	46.37898
27	2	46.39013
27	2	46.39976
27	2	46.40959
27	2	46.41959
27	2	46.42926
27	2	46.44443
27	2	46.4638
27	2	46.47457
27	2	46.48442
27	2	46.49387
27	2	46.50415
27	2	46.51572
27	2	46.52579
27	2	46.53602
27	2	46.54597
27	2	46.55653
27	2	46.56651
27	2	46.57721
27	2	46.58649
27	2	46.59637
27	2	46.61636
27	2	46.62727
27	2	46.63754
27	2	46.64796
27	2	46.65942
27	2	46.6694
27	2	46.68035
27	2	46.69034
27	2	46.70033
27	2	46.7111
27	2	46.72261
27	2	46.73373
27	2	46.7445
27	2	46.75478
27	2	46.77524
27	2	46.7864
27	2	46.79721
27	2	46.80866
27	2	46.81981
27	2	46.831
27	2	46.84237
27	2	46.85317
27	2	46.86406
27	2	46.87431
27	2	46.88599
27	2	46.89662
27	2	46.90784
27	2	46.92859
27	2	46.93986
27	2	46.95053
27	2	46.96119
27	2	46.97136
27	2	46.98289
27	2	46.99472
27	2	47.00648
27	2	47.01611
27	2	47.02766
27	2	47.03813
27	2	47.04898
27	2	47.0602
27	2	47.07911
27	2	47.09076
27	2	47.10036
27	2	47.11135
27	2	47.12188
27	2	47.13176
27	2	47.14253
27	2	47.15232
27	2	47.16289
27	2	47.17184
27	2	47.18144
27	2	47.19266
27	2	47.20339
27	2	47.21512
27	2	47.23513
27	2	47.2468
27	2	47.28842
27	2	47.29996
27	2	47.31505
27	2	47.32663
27	2	47.3367
27	2	47.3474
27	2	47.35748
27	2	47.36885
27	2	47.38949
27	2	47.40077
27	2	47.41148
27	2	47.42177
27	2	47.43292
27	2	47.44282
27	2	47.45529
27	2	47.46576
27	2	47.4768
27	2	47.48795
27	2	47.49874
27	2	47.50909
27	2	47.51929
27	2	47.53835
27	2	47.54926
27	2	47.56009
27	2	47.57184
27	2	47.58301
27	2	47.59307
27	2	47.60358
27	2	47.61486
27	2	47.6251
27	2	47.63616
27	2	47.64637
27	2	47.65657
27	2	47.66684
27	2	47.67768
27	2	47.69779
27	2	47.70837
27	2	47.7188
27	2	47.72948
27	2	47.73934
27	2	47.74849
27	2	47.75895
27	2	47.76939
27	2	47.77953
27	2	47.78866
27	2	47.79785
27	2	47.80745
27	2	47.81754
27	2	47.82695
27	2	47.8366
27	2	47.85493
27	2	47.86545
27	2	47.87588
27	2	47.88758
27	2	47.8997
27	2	47.91062
27	2	47.92037
27	2	47.93118
27	2	47.94074
27	2	47.95055
27	2	47.96044
27	2	47.96978
27	2	47.98083
27	2	47.99255
27	2	48.01121
27	2	48.02106
27	2	48.03185
27	2	48.04245
27	2	48.05168
27	2	48.06177
27	2	48.07141
27	2	48.08162
27	2	48.09309
27	2	48.10448
27	2	48.11481
27	2	48.12613
27	2	48.14058
27	2	48.15071
27	2	48.17075
27	2	48.18179
27	2	48.19243
27	2	48.20208
27	2	48.21145
27	2	48.22077
27	2	48.23087
27	2	48.24075
27	2	48.25045
27	2	48.26021
27	2	48.27104
27	2	48.28229
27	2	48.29391
27	2	48.3051
27	2	48.32283
27	2	48.33331
27	2	48.34426
27	2	48.35387
27	2	48.3634
27	2	48.37261
27	2	48.38321
27	2	48.39432
27	2	48.40545
27	2	48.41624
27	2	48.42775
27	2	48.43864
27	2	48.44977
27	2	48.46165
27	2	48.48059
27	2	48.49096
27	2	48.50155
27	2	48.5117
27	2	48.52287
27	2	48.53333
27	2	48.54405
27	2	48.5547
27	2	48.5652
27	2	48.57589
27	2	48.58543
27	2	48.59623
27	2	48.60783
27	2	48.61879
27	2	48.63789
27	2	48.64819
27	2	48.65913
27	2	48.6688
27	2	48.67904
27	2	48.68828
27	2	48.69928
27	2	48.71001
27	2	48.72045
27	2	48.73042
27	2	48.74162
27	2	48.75251
27	2	48.76398
27	2	48.77536
27	2	48.79473
27	2	48.8042
27	2	48.81384
27	2	48.82401
27	2	48.83572
27	2	48.848
27	2	48.8595
27	2	48.87077
27	2	48.88111
27	2	48.89124
27	2	48.90157
27	2	48.9119
27	2	48.92152
27	2	48.93187
27	2	48.95168
27	2	48.96577
27	2	48.97625
27	2	48.98686
27	2	48.99707
27	2	49.00679
27	2	49.01649
27	2	49.02586
27	2	49.03638
27	2	49.04618
27	2	49.0565
27	2	49.06695
27	2	49.07722
27	2	49.08764
27	2	49.10881
27	2	49.12009
27	2	49.13043
27	2	49.1392
27	2	49.14896
27	2	49.15846
27	2	49.16825
27	2	49.17791
27	2	49.18777
27	2	49.1986
27	2	49.2102
27	2	49.22105
27	2	49.23189
27	2	49.24354
27	2	49.26188
27	2	49.27077
27	2	49.28053
27	2	49.29039
27	2	49.29957
27	2	49.31065
27	2	49.32136
27	2	49.33237
27	2	49.34355
27	2	49.35472
27	2	49.3656
27	2	49.37721
27	2	49.38866
27	2	49.39996
27	2	49.41866
27	2	49.42947
27	2	49.43874
27	2	49.44803
27	2	49.45917
27	2	49.46916
27	2	49.47889
27	2	49.48901
27	2	49.49981
27	2	49.51136
27	2	49.52256
27	2	49.53421
27	2	49.54552
27	2	49.55705
27	2	49.57583
27	2	49.58556
27	2	49.59605
27	2	49.61145
27	2	49.62153
27	2	49.63258
27	2	49.64326
27	2	49.65332
27	2	49.66436
27	2	49.6741
27	2	49.68403
27	2	49.6936
27	2	49.70297
27	2	49.7127
27	2	49.73154
27	2	49.74202
27	2	49.75247
27	2	49.7626
27	2	49.77325
27	2	49.78383
27	2	49.79928
27	2	49.81082
27	2	49.8216
27	2	49.83197
27	2	49.84179
27	2	49.85134
27	2	49.8614
27	2	49.87134
27	2	49.89169
27	2	49.9026
27	2	49.91315
27	2	49.92239
27	2	49.9329
27	2	49.94417
27	2	49.95396
27	2	49.96438
27	2	49.97433
27	2	49.98539
27	2	49.99475
27	2	50.00402
27	2	50.01402
27	2	50.02551
27	2	50.04445
27	2	50.05487
27	2	50.06558
27	2	50.07509
27	2	50.08521
27	2	50.09652
27	2	50.10617
27	2	50.11609
27	2	50.12589
27	2	50.13729
27	2	50.1485
27	2	50.15971
27	2	50.17042
27	2	50.1824
27	2	50.20179
27	2	50.21288
27	2	50.22388
27	2	50.23406
27	2	50.24437
27	2	50.2551
27	2	50.27001
27	2	50.28171
27	2	50.29367
27	2	50.30558
27	2	50.31695
27	2	50.3281
27	2	50.33884
27	2	50.35957
27	2	50.36995
27	2	50.3796
27	2	50.39094
27	2	50.40126
27	2	50.41089
27	2	50.42071
27	2	50.43163
27	2	50.44156
27	2	50.45214
27	2	50.46307
27	2	50.4738
27	2	50.4834
27	2	50.49477
27	2	50.51482
27	2	50.52529
27	2	50.53658
27	2	50.54549
27	2	50.55445
27	2	50.56564
27	2	50.57719
27	2	50.58734
27	2	50.59682
27	2	50.60752
27	2	50.61778
27	2	50.62814
27	2	50.64125
27	2	50.65243
27	2	50.67307
27	2	50.77276
27	2	50.78654
27	2	50.79787
27	2	50.80821
27	2	50.82749
27	2	50.83678
27	2	50.84654
27	2	50.85652
27	2	50.86712
27	2	50.87816
27	2	50.88974
27	2	50.90062
27	2	50.91122
27	2	50.92176
27	2	50.93193
27	2	50.9429
27	2	50.95325
27	2	50.96395
27	2	50.98356
27	2	50.99396
27	2	51.00398
27	2	51.01407
27	2	51.02392
27	2	51.03413
27	2	51.04461
27	2	51.05448
27	2	51.06499
27	2	51.07573
27	2	51.08725
27	2	51.09727
27	2	51.10822
27	2	51.12007
27	2	51.14153
27	2	51.15171
27	2	51.16269
27	2	51.17183
27	2	51.18207
27	2	51.19233
27	2	51.20296
27	2	51.21264
27	2	51.2234
27	2	51.23381
27	2	51.2454
27	2	51.25584
27	2	51.26597
27	2	51.27655
27	2	51.29832
27	2	51.30981
27	2	51.32135
27	2	51.33274
27	2	51.34377
27	2	51.35473
27	2	51.36603
27	2	51.37677
27	2	51.38712
27	2	51.39881
27	2	51.4097
27	2	51.42008
27	2	51.43301
27	2	51.45359
27	2	51.46436
27	2	51.47496
27	2	51.48603
27	2	51.49657
27	2	51.50697
27	2	51.518
27	2	51.52983
27	2	51.54165
27	2	51.55295
27	2	51.56482
27	2	51.58049
27	2	51.59189
27	2	51.61486
27	2	51.62782
27	2	51.64259
27	2	51.65474
27	2	51.66761
27	2	51.69016
27	2	51.71219
27	2	51.73428
27	2	51.75679
27	2	51.77966
27	2	51.80129
27	2	51.82371
27	2	51.84624
27	2	51.86875
27	2	51.89085
27	2	51.91364
27	2	51.93596
27	2	51.95797
27	2	51.98006
27	2	52.00243
27	2	52.02495
27	2	52.04755
27	2	52.06973
27	2	52.09167
27	2	52.11449
27	2	52.1255
27	2	52.13836
27	2	52.14926
27	2	52.16135
27	2	52.17234
27	2	52.18445
27	2	52.19487
27	2	52.2043
27	2	52.21369
27	2	52.22517
27	2	52.24623
27	2	52.2574
27	2	52.26852
27	2	52.27999
27	2	52.29068
27	2	52.30241
27	2	52.31284
27	2	52.32488
27	2	52.33654
27	2	52.34725
27	2	52.35872
27	2	52.36982
27	2	52.38185
27	2	52.40531
27	2	52.41772
27	2	52.43006
27	2	52.44138
27	2	52.45257
27	2	52.46355
27	2	52.47479
27	2	52.48595
27	2	52.49737
27	2	52.50847
27	2	52.51961
27	2	52.53067
27	2	52.54174
27	2	52.56243
27	2	52.57293
27	2	52.58378
27	2	52.59539
27	2	52.60747
27	2	52.61892
27	2	52.62988
27	2	52.64041
27	2	52.65508
27	2	52.66614
27	2	52.67828
27	2	52.68954
27	2	52.70028
27	2	52.71929
27	2	52.73058
27	2	52.74117
27	2	52.75151
27	2	52.76245
27	2	52.77404
27	2	52.78463
27	2	52.79529
27	2	52.8056
27	2	52.81631
27	2	52.82672
27	2	52.83684
27	2	52.84703
27	2	52.8574
27	2	52.87938
27	2	52.89084
27	2	52.90193
27	2	52.91189
27	2	52.92191
27	2	52.93401
27	2	52.94429
27	2	52.95441
27	2	52.96669
27	2	52.97912
27	2	52.9972
27	2	53.01426
27	2	53.04065
27	2	53.0586
27	2	53.07354
27	2	53.08597
27	2	53.10302
27	2	53.11514
27	2	53.12935
27	2	53.14566
27	2	53.1586
27	2	53.17275
27	2	53.19689
27	2	53.21261
27	2	53.23431
27	2	53.25512
27	2	53.28039
27	2	53.30158
27	2	53.32431
27	2	53.36438
27	2	53.38738
27	2	53.41096
27	2	53.43666
27	2	53.45672
27	2	53.49893
27	2	53.5234
27	2	53.56548
27	2	53.63336
27	2	53.66036
27	2	53.68793
27	2	53.6995
27	2	53.71023
27	2	53.72008
27	2	53.72997
27	2	53.73946
27	2	53.7535
27	2	53.76417
27	2	53.77512
27	2	53.78514
27	2	53.79509
27	2	53.80517
27	2	53.81568
27	2	53.8344
27	2	53.84491
27	2	53.85578
27	2	53.86553
27	2	53.87485
27	2	53.88439
27	2	53.89476
27	2	53.90535
27	2	53.9157
27	2	53.92731
27	2	53.93801
27	2	53.94894
27	2	53.95982
27	2	53.97086
27	2	53.99154
27	2	54.00337
27	2	54.01488
27	2	54.02567
27	2	54.03685
27	2	54.0482
27	2	54.05936
27	2	54.07056
27	2	54.08167
27	2	54.09238
27	2	54.10359
27	2	54.11475
27	2	54.12616
27	2	54.14822
27	2	54.16157
27	2	54.17288
27	2	54.18419
27	2	54.19546
27	2	54.20641
27	2	54.21737
27	2	54.22876
27	2	54.23967
27	2	54.25065
27	2	54.26186
27	2	54.27278
27	2	54.28401
27	2	54.30566
27	2	54.31636
27	2	54.32743
27	2	54.3382
27	2	54.34872
27	2	54.35904
27	2	54.37
27	2	54.3805
27	2	54.39116
27	2	54.40232
27	2	54.41252
27	2	54.42358
27	2	54.43361
27	2	54.4444
27	2	54.46511
27	2	54.47516
27	2	54.48642
27	2	54.49687
27	2	54.5073
27	2	54.51817
27	2	54.52912
27	2	54.53866
27	2	54.54985
27	2	54.56057
27	2	54.57066
27	2	54.58159
27	2	54.59149
27	2	54.60802
27	2	54.62862
27	2	54.63923
27	2	54.6507
27	2	54.66182
27	2	54.67275
27	2	54.68494
27	2	54.69661
27	2	54.70762
27	2	54.72026
27	2	54.73454
27	2	54.74649
27	2	54.75774
27	2	54.76827
27	2	54.78806
27	2	54.79945
27	2	54.80947
27	2	54.81988
27	2	54.83043
27	2	54.84045
27	2	54.85083
27	2	54.86018
27	2	54.8708
27	2	54.8807
27	2	54.89145
27	2	54.90325
27	2	54.91418
27	2	54.92453
27	2	54.94571
27	2	54.95616
27	2	54.96698
27	2	54.97714
27	2	54.98772
27	2	54.99817
27	2	55.00937
27	2	55.01994
27	2	55.03111
27	2	55.04145
27	2	55.05301
27	2	55.06443
27	2	55.07631
27	2	55.09512
27	2	55.10642
27	2	55.11575
27	2	55.12637
27	2	55.13757
27	2	55.14833
27	2	55.16109
27	2	55.17334
27	2	55.18492
27	2	55.19654
27	2	55.20662
27	2	55.21585
27	2	55.22581
27	2	55.23677
27	2	55.2577
27	2	55.26989
27	2	55.28052
27	2	55.29123
27	2	55.30183
27	2	55.31224
27	2	55.32314
27	2	55.33554
27	2	55.34557
27	2	55.35611
27	2	55.36698
27	2	55.37727
27	2	55.38902
27	2	55.4106
27	2	55.42212
27	2	55.43319
27	2	55.44312
27	2	55.45311
27	2	55.46394
27	2	55.47815
27	2	55.48827
27	2	55.49875
27	2	55.51
27	2	55.52081
27	2	55.53102
27	2	55.54177
27	2	55.8751
27	2	55.90326
27	2	55.91523
27	2	55.92865
27	2	55.94226
27	2	55.95431
27	2	55.96618
27	2	55.97871
27	2	55.99216
27	2	56.00592
27	2	56.01797
27	2	56.03141
27	2	56.05388
27	2	56.06821
27	2	56.08068
27	2	56.09385
27	2	56.10521
27	2	56.1216
27	2	56.14364
27	2	56.16624
27	2	56.18885
27	2	56.21105
27	2	56.23348
27	2	56.25549
27	2	56.27816
27	2	56.3003
27	2	56.3223
27	2	56.34513
27	2	56.36762
27	2	56.38927
27	2	56.41151
27	2	56.43423
27	2	56.45647
27	2	56.47771
27	2	56.50045
27	2	56.52338
27	2	56.5444
27	2	56.56648
27	2	56.58873
27	2	56.59925
27	2	56.61119
27	2	56.62188
27	2	56.63402
27	2	56.6458
27	2	56.65842
27	2	56.68013
27	2	56.69064
27	2	56.7052
27	2	56.71947
27	2	56.72992
27	2	56.73973
27	2	56.75384
27	2	56.76522
