Player name: no
Login date: 1/12/2023 5:17:21 PM
Coordinates:
15	11	0.0442107	2.896872	1.801562	2.019536
15	11	0.0635843	2.896951	1.801412	2.019331
15	11	0.0791	2.897204	1.801671	2.019324
15	11	0.091585	2.897361	1.801649	2.019503
15	11	0.1030769	2.897463	1.80176	2.019407
15	11	0.1145673	2.897396	1.801824	2.019379
15	11	0.1248654	2.897396	1.801824	2.019379
15	11	0.1345093	2.89741	1.801861	2.019344
15	11	0.1431124	2.897211	1.801664	2.019372
15	11	0.1550576	2.89709	1.801742	2.019436
15	11	0.1653078	2.897031	1.801825	2.019399
15	11	0.1744885	2.897031	1.801739	2.019692
15	11	0.1852623	2.896974	1.80174	2.019652
15	11	0.1959057	2.89696	1.801849	2.019966
15	11	0.205505	2.896996	1.801889	2.020045
15	11	0.2143709	2.897023	1.801844	2.019973
15	11	0.2255882	2.89708	1.801815	2.020065
15	11	0.2350133	2.89708	1.801815	2.020065
15	11	0.2445568	2.896966	1.801748	2.019982
15	11	0.2579964	2.896981	1.80171	2.019907
15	11	0.2679265	2.896861	1.80173	2.019752
15	11	0.2784661	2.896872	1.80171	2.019891
15	11	0.2933825	2.896761	1.80184	2.019866
15	11	0.3039714	2.896761	1.801841	2.019853
15	11	0.3120279	2.896761	1.801841	2.019853
15	11	0.3247981	2.89677	1.801878	2.019761
15	11	0.3353127	2.896749	1.801893	2.01966
15	11	0.3445787	2.896837	1.80189	2.019924
15	11	0.3575332	2.896903	1.801861	2.019795
15	11	0.3679914	2.897032	1.801835	2.019869
15	11	0.3770058	2.897026	1.801801	2.019889
15	11	0.3878016	2.897048	1.801805	2.019809
15	11	0.3983339	2.896941	1.801982	2.019893
15	11	0.4089428	2.896912	1.801927	2.019832
15	11	0.4234605	2.896952	1.801943	2.019724
15	11	0.4369785	2.897276	1.801819	2.020019
15	11	0.4470998	2.897392	1.801897	2.020052
15	11	0.4582044	2.897552	1.80176	2.019869
15	11	0.4677976	2.897454	1.801806	2.019629
15	11	0.4763677	2.89739	1.80175	2.019492
15	11	0.4868459	2.897298	1.801856	2.0195
15	11	0.4963507	2.897241	1.801882	2.019375
15	11	0.507699	2.897343	1.80197	2.019423
15	11	0.5190775	2.897195	1.802155	2.019506
15	11	0.5296288	2.897509	1.802043	2.019867
15	11	0.5403674	2.897296	1.801883	2.019601
15	11	0.5527354	2.897341	1.80188	2.019541
15	11	0.5630654	2.89756	1.801779	2.019745
15	11	0.5739346	2.897713	1.801867	2.019811
15	11	0.5861269	2.897669	1.801906	2.019798
15	11	0.5969101	2.897637	1.801925	2.019711
15	11	0.607637	2.897542	1.801847	2.019584
15	11	0.6196703	2.897535	1.80183	2.019529
15	11	0.6306625	2.897648	1.801805	2.019597
15	11	0.6412405	2.897742	1.801863	2.019563
15	11	0.6529397	2.897559	1.802047	2.019696
15	11	0.6648472	2.897489	1.802099	2.019585
15	11	0.6746455	2.897216	1.801802	2.019546
15	11	0.6865114	2.897235	1.801704	2.01944
15	11	0.6972896	2.897199	1.801699	2.019317
15	11	0.711807	2.897312	1.801774	2.019421
15	11	0.7236867	2.89725	1.801845	2.019428
15	11	0.7341032	2.897504	1.801734	2.019691
15	11	0.7428653	2.897745	1.801907	2.019777
15	11	0.7533345	2.897755	1.80193	2.019791
15	11	0.7640367	2.897574	1.802019	2.019492
15	11	0.7749893	2.897425	1.801857	2.019373
15	11	0.7864434	2.897294	1.80202	2.019412
15	11	0.7974677	2.897333	1.802224	2.019255
15	11	0.8085444	2.897317	1.802195	2.019337
15	11	0.8207992	2.897445	1.802075	2.019137
15	11	0.8333713	2.897527	1.801828	2.01932
15	11	0.8422922	2.897522	1.801799	2.019243
15	11	0.853833	2.897445	1.801912	2.019266
15	11	0.8654305	2.897629	1.801968	2.019296
15	11	0.8754904	2.897621	1.801841	2.019432
15	11	0.8873898	2.897443	1.802089	2.019578
15	11	0.898742	2.897515	1.801845	2.019804
15	11	0.9090944	2.897494	1.80187	2.019709
15	11	0.9212017	2.897372	1.801919	2.019789
15	11	0.9316917	2.89728	1.801888	2.019701
15	11	0.9424167	2.897267	1.802026	2.019589
15	11	0.9543692	2.897388	1.801703	2.019359
15	11	0.9656928	2.897301	1.8018	2.019218
15	11	0.976483	2.897514	1.802072	2.019131
15	11	0.9879493	2.897321	1.802223	2.019164
15	11	0.998832	2.897574	1.801992	2.019471
15	11	1.009747	2.897608	1.801996	2.019467
15	11	1.021511	2.897713	1.801904	2.019321
15	11	1.032375	2.897593	1.801973	2.019022
15	11	1.043234	2.897606	1.801865	2.019226
15	11	1.055326	2.897464	1.801974	2.019263
15	11	1.066183	2.897374	1.801873	2.019195
15	11	1.076742	2.89736	1.801779	2.019256
15	11	1.08874	2.897409	1.801698	2.019118
15	11	1.099288	2.897449	1.801644	2.01906
15	11	1.109954	2.897455	1.801574	2.019146
15	11	1.122097	2.897271	1.801746	2.019269
15	11	1.13353	2.89782	1.801927	2.019595
15	11	1.143418	2.89782	1.801961	2.019506
15	11	1.155272	2.897803	1.801966	2.019506
15	11	1.166206	2.8976	1.801925	2.019258
15	11	1.177114	2.897614	1.801886	2.019346
15	11	1.189111	2.897577	1.801943	2.019343
15	11	1.200137	2.897719	1.801906	2.019457
15	11	1.210444	2.89773	1.80185	2.019579
15	11	1.222794	2.897682	1.801931	2.019629
15	11	1.233179	2.897614	1.802077	2.019415
15	11	1.244094	2.897622	1.802042	2.019596
15	11	1.256068	2.897598	1.802091	2.019557
15	11	1.26668	2.897585	1.802031	2.019474
15	11	1.277664	2.897593	1.802066	2.019447
15	11	1.290423	2.897505	1.802197	2.019432
15	11	1.300906	2.897683	1.801953	2.019715
15	11	1.311257	2.897695	1.801955	2.019661
15	11	1.325256	2.897696	1.80197	2.019646
15	11	1.334874	2.897659	1.801921	2.019623
15	11	1.344987	2.897651	1.80192	2.01957
15	11	1.356574	2.89764	1.80187	2.019471
15	11	1.36766	2.89771	1.80192	2.019446
15	11	1.377925	2.897699	1.801977	2.019424
15	11	1.390049	2.897622	1.802005	2.019365
15	11	1.401034	2.897422	1.801956	2.019179
15	11	1.411982	2.897408	1.801869	2.019203
15	11	1.423572	2.897344	1.801943	2.019176
15	11	1.434676	2.897804	1.802326	2.01923
15	11	1.445345	2.897816	1.802198	2.019526
15	11	1.457069	2.897779	1.802243	2.019519
15	11	1.468035	2.897591	1.802102	2.019425
15	11	1.478956	2.897601	1.802012	2.019613
15	11	1.49077	2.897416	1.802224	2.019766
15	11	1.501545	2.897635	1.802106	2.020088
15	11	1.512537	2.897607	1.802146	2.019945
15	11	1.527315	2.897634	1.802107	2.019878
15	11	1.541298	2.897685	1.80225	2.019757
15	11	1.55447	2.897711	1.802209	2.019773
15	11	1.565325	2.897711	1.802209	2.019773
15	11	1.574749	2.897808	1.802154	2.019865
15	11	1.587455	2.897819	1.802119	2.019772
15	11	1.598816	2.897794	1.802249	2.019793
15	11	1.608046	2.897875	1.802002	2.019999
15	11	1.621851	2.897707	1.802139	2.020154
15	11	1.63473	2.89789	1.802203	2.02023
15	11	1.643143	2.89789	1.802203	2.02023
15	11	1.65331	2.897914	1.80225	2.020042
15	11	1.663941	2.897942	1.802199	2.019957
15	11	1.673579	2.898017	1.802167	2.020025
15	11	1.68337	2.89804	1.802187	2.019937
15	11	1.692593	2.898083	1.802168	2.019863
15	11	1.702576	2.898009	1.802228	2.019633
15	11	1.71314	2.898015	1.802215	2.019685
15	11	1.72486	2.898019	1.802206	2.019598
15	11	1.737362	2.89765	1.802053	2.019289
15	11	1.747858	2.897634	1.802037	2.019219
15	11	1.758396	2.897453	1.802188	2.019296
15	11	1.769254	2.897571	1.802295	2.019281
15	11	1.780018	2.897552	1.802274	2.019436
15	11	1.793694	2.897612	1.80219	2.019312
15	11	1.805575	2.897883	1.802046	2.019542
15	11	1.817214	2.897888	1.802052	2.019506
15	11	1.831361	2.897907	1.802138	2.019869
15	11	1.843378	2.897774	1.801996	2.019807
15	11	1.855427	2.897756	1.802049	2.019596
15	11	1.867156	2.897762	1.8021	2.019376
15	11	1.876537	2.897762	1.8021	2.019376
15	11	1.887533	2.89778	1.80203	2.019492
15	11	1.897674	2.89786	1.802079	2.019962
15	11	1.909297	2.898063	1.802348	2.019938
15	11	1.920179	2.898057	1.802324	2.019972
15	11	1.937094	2.897907	1.802461	2.019683
15	11	1.945998	2.897918	1.802462	2.01959
15	11	1.956724	2.897789	1.802659	2.019669
15	11	1.968729	2.897897	1.802418	2.019972
15	11	1.978327	2.897897	1.802418	2.019972
15	11	1.989602	2.898086	1.802163	2.019864
15	11	2.001784	2.898149	1.802383	2.019725
15	11	2.011529	2.898149	1.802383	2.019725
15	11	2.027513	2.898078	1.802398	2.019464
15	11	2.039287	2.897894	1.802236	2.019367
15	11	2.051794	2.897746	1.802408	2.019476
15	11	2.067592	2.898039	1.802283	2.019778
15	11	2.078002	2.898039	1.802283	2.019778
15	11	2.095594	2.898059	1.802161	2.019811
15	11	2.109556	2.898228	1.80231	2.019794
15	11	2.121762	2.898086	1.802498	2.019961
15	11	2.133434	2.898092	1.802509	2.019948
15	11	2.144084	2.897969	1.802402	2.019899
15	11	2.154528	2.897921	1.802454	2.019989
15	11	2.166479	2.897852	1.802475	2.019876
15	11	2.178915	2.89795	1.802544	2.019973
15	11	2.189878	2.898049	1.802522	2.02002
15	11	2.205119	2.897978	1.802418	2.020084
15	11	2.214485	2.897922	1.802493	2.020097
15	11	2.226823	2.897828	1.802536	2.019971
15	11	2.23681	2.897867	1.802631	2.019927
15	11	2.245943	2.897867	1.802631	2.019927
15	11	2.259654	2.89792	1.802512	2.019793
15	11	2.26941	2.897991	1.802539	2.019961
15	11	2.278241	2.897991	1.802539	2.019961
15	11	2.290885	2.898037	1.802501	2.019867
15	11	2.306015	2.898148	1.80241	2.019936
15	11	2.318509	2.898058	1.802523	2.020169
15	11	2.330482	2.897939	1.802555	2.020005
15	11	2.340094	2.897936	1.802581	2.019958
15	11	2.349621	2.8982	1.802268	2.019689
15	11	2.360562	2.89834	1.802172	2.019787
15	11	2.370738	2.898198	1.801972	2.019648
15	11	2.381132	2.897875	1.802333	2.019903
15	11	2.392239	2.89782	1.802332	2.019834
15	11	2.402658	2.89782	1.802332	2.019834
15	11	2.412013	2.897716	1.802284	2.019681
15	11	2.423207	2.897828	1.802142	2.019492
15	11	2.435862	2.897846	1.802099	2.019448
15	11	2.445104	2.898138	1.802316	2.019662
15	11	2.455448	2.898008	1.802484	2.019745
15	11	2.466462	2.898059	1.802468	2.019755
15	11	2.476568	2.898013	1.802355	2.019865
15	11	2.487861	2.897957	1.802453	2.019885
15	11	2.497995	2.898087	1.802384	2.020023
15	11	2.509302	2.898316	1.802601	2.020089
15	11	2.520387	2.898417	1.802569	2.019992
15	11	2.531992	2.898486	1.80256	2.020015
15	11	2.541991	2.898371	1.802412	2.019964
15	11	2.552792	2.898219	1.802595	2.020062
15	11	2.563931	2.898098	1.802645	2.019872
15	11	2.574341	2.89785	1.802426	2.019814
15	11	2.585336	2.897879	1.802359	2.019729
15	11	2.596524	2.898089	1.802242	2.019969
15	11	2.608108	2.89795	1.802082	2.019954
15	11	2.619579	2.89788	1.802115	2.019989
15	11	2.632147	2.897983	1.802013	2.020146
15	11	2.64275	2.898123	1.802166	2.020092
15	11	2.656967	2.89804	1.802231	2.020168
15	11	2.669994	2.898026	1.802211	2.020164
15	11	2.678793	2.898136	1.802302	2.020139
15	11	2.693913	2.897989	1.802324	2.019787
15	11	2.706799	2.898004	1.802323	2.019854
15	11	2.717068	2.897954	1.802352	2.019845
15	11	2.727914	2.898208	1.802237	2.02009
15	11	2.738686	2.898186	1.802172	2.020107
15	11	2.750226	2.898177	1.802186	2.020067
15	11	2.762242	2.898228	1.802162	2.020096
15	11	2.771953	2.898329	1.802246	2.020057
15	11	2.781252	2.898329	1.802246	2.020057
15	11	2.794779	2.898232	1.802333	2.019695
15	11	2.807797	2.898325	1.802408	2.019687
15	11	2.825205	2.898243	1.802544	2.019731
15	11	2.836183	2.898462	1.802481	2.019915
15	11	2.845373	2.898494	1.802476	2.019893
15	11	2.85503	2.898363	1.802668	2.020002
15	11	2.866529	2.898269	1.802718	2.01985
15	11	2.87684	2.898175	1.802587	2.019979
15	11	2.887385	2.898154	1.802618	2.019937
15	11	2.898877	2.898175	1.802613	2.01995
15	11	2.908678	2.898131	1.802595	2.019969
15	11	2.919918	2.898214	1.802467	2.019788
15	11	2.935037	2.898314	1.802576	2.019753
15	11	2.943888	2.898344	1.802505	2.019923
15	11	2.954644	2.898241	1.802606	2.019969
15	11	2.966132	2.898133	1.802597	2.019878
15	11	2.976326	2.898118	1.80254	2.020026
15	11	2.986845	2.898121	1.802536	2.019965
15	11	2.998975	2.898405	1.802456	2.020246
15	11	3.009101	2.898429	1.802429	2.020286
15	11	3.019011	2.898407	1.802473	2.020293
15	11	3.030711	2.898171	1.802313	2.020144
15	11	3.042303	2.898153	1.802315	2.020039
14	11	3.060072	2.898297	1.802167	2.019832
14	11	3.073126	2.898331	1.802194	2.019743
14	11	3.084753	2.898103	1.802434	2.019959
14	11	3.097145	2.898302	1.802359	2.020167
14	11	3.107672	2.898233	1.802299	2.020138
14	11	3.118989	2.898266	1.802217	2.020018
14	11	3.135571	2.898451	1.802298	2.020063
14	11	3.14565	2.898468	1.802266	2.020039
14	11	3.157098	2.898287	1.80249	2.020171
14	11	3.170656	2.898126	1.802544	2.019962
13	11	3.185149	2.898254	1.802655	2.019897
13	11	3.196321	2.898254	1.802655	2.019897
13	11	3.207214	2.898448	1.802389	2.0202
13	11	3.223364	2.898397	1.802443	2.020133
13	11	3.233898	2.898476	1.802522	2.020067
13	11	3.245333	2.898503	1.80249	2.020084
13	11	3.25767	2.898493	1.802536	2.020083
13	11	3.270043	2.89841	1.802576	2.01993
13	11	3.279011	2.898395	1.802582	2.01987
13	11	3.291088	2.89825	1.8028	2.019981
13	11	3.302242	2.898336	1.802643	2.020135
13	11	3.313032	2.898347	1.802575	2.020289
13	11	3.327281	2.898314	1.802618	2.020297
13	11	3.338403	2.898413	1.802588	2.020431
13	11	3.348036	2.898411	1.802588	2.02042
13	11	3.360774	2.898645	1.802366	2.02021
13	11	3.371534	2.898634	1.802366	2.020161
13	11	3.381653	2.898726	1.802394	2.020288
13	11	3.393843	2.898479	1.802723	2.020556
13	11	3.405192	2.898299	1.802875	2.020298
13	11	3.414822	2.898294	1.802894	2.020265
13	11	3.428065	2.898413	1.802784	2.020091
13	11	3.439089	2.898466	1.802656	2.020225
13	11	3.448453	2.898451	1.802633	2.020234
13	11	3.461371	2.89851	1.802632	2.020169
13	11	3.472199	2.898427	1.802397	2.020267
13	11	3.483183	2.89838	1.802398	2.020183
13	11	3.495711	2.898198	1.802585	2.020287
13	11	3.506548	2.898335	1.802742	2.020279
13	11	3.51529	2.89832	1.802772	2.020139
13	11	3.527588	2.898533	1.80256	2.019909
13	11	3.537889	2.898346	1.802576	2.019686
13	11	3.547238	2.898314	1.802509	2.019886
13	11	3.560488	2.898158	1.802697	2.019958
13	11	3.571407	2.898235	1.802729	2.019981
13	11	3.580425	2.898204	1.802746	2.019935
13	11	3.592084	2.898172	1.8028	2.019884
13	11	3.603221	2.898277	1.802819	2.019927
13	11	3.614365	2.898284	1.802774	2.020054
13	11	3.628613	2.898385	1.802699	2.019919
13	11	3.639552	2.898535	1.8026	2.020078
13	11	3.649068	2.89853	1.802597	2.020002
14	11	3.664351	2.898625	1.802525	2.019893
14	11	3.677958	2.898485	1.802201	2.019905
14	11	3.688571	2.898303	1.802365	2.020053
14	11	3.699542	2.898263	1.802281	2.020048
14	11	3.710351	2.898244	1.802204	2.02003
14	11	3.721066	2.898244	1.802204	2.02003
14	11	3.731017	2.898184	1.802244	2.020041
14	11	3.743859	2.898642	1.802475	2.020359
14	11	3.757735	2.898595	1.802572	2.020442
14	11	3.767888	2.898539	1.802515	2.020436
15	11	3.776872	2.898539	1.802515	2.020436
15	11	3.788693	2.898367	1.802662	2.020598
15	11	3.800313	2.898204	1.802639	2.020485
15	11	3.812027	2.898179	1.80267	2.020324
15	11	3.826035	2.898307	1.802541	2.020188
15	11	3.837453	2.898523	1.802597	2.020311
15	11	3.846764	2.898525	1.802638	2.020265
15	11	3.860193	2.898354	1.802815	2.020372
15	11	3.871132	2.898335	1.802926	2.020236
15	11	3.88265	2.898316	1.802981	2.020124
15	11	3.896307	2.89838	1.802917	2.019961
15	11	3.906751	2.89835	1.802796	2.019975
15	11	3.916768	2.89835	1.802735	2.020074
15	11	3.92811	2.898502	1.80263	2.01993
15	11	3.938797	2.898557	1.802715	2.01986
15	11	3.948069	2.898566	1.802608	2.020048
15	11	3.959137	2.898398	1.802838	2.020169
15	11	3.970269	2.898715	1.802761	2.020462
15	11	3.980596	2.898736	1.802762	2.020505
15	11	3.99691	2.898795	1.802706	2.020407
15	11	4.007561	2.898791	1.802675	2.020391
15	11	4.017809	2.898812	1.802718	2.020202
15	11	4.029476	2.898872	1.802668	2.020142
15	11	4.039864	2.898905	1.802671	2.020112
15	11	4.048872	2.898918	1.802613	2.020185
15	11	4.061769	2.898828	1.802734	2.020135
15	11	4.07309	2.898791	1.802657	2.020084
15	11	4.083655	2.898799	1.802536	2.020388
15	11	4.095965	2.898932	1.802469	2.020507
15	11	4.106544	2.8987	1.802185	2.020447
15	11	4.115611	2.898594	1.802262	2.020639
15	11	4.129386	2.898378	1.802328	2.020382
15	11	4.139755	2.898411	1.802371	2.020343
15	11	4.148567	2.898356	1.802407	2.020214
15	11	4.161722	2.898288	1.802404	2.020036
15	11	4.172486	2.898515	1.802656	2.019958
15	11	4.183726	2.898525	1.802615	2.020108
15	11	4.195518	2.898663	1.802668	2.020574
15	11	4.206902	2.898782	1.802818	2.020556
15	11	4.216924	2.898772	1.802911	2.020451
15	11	4.227972	2.898637	1.803003	2.020214
15	11	4.238431	2.898531	1.802958	2.020112
15	11	4.248866	2.898485	1.803033	2.020167
15	11	4.260259	2.898781	1.802947	2.020508
14	11	4.2731	2.898652	1.802809	2.020481
14	11	4.286385	2.898715	1.802759	2.02037
14	11	4.298411	2.898859	1.80268	2.020529
14	11	4.308593	2.898846	1.8027	2.020479
14	11	4.321409	2.898738	1.80287	2.020621
14	11	4.337274	2.898582	1.802861	2.020433
14	11	4.34963	2.898646	1.802839	2.020297
14	11	4.36195	2.898782	1.802729	2.020455
14	11	4.373753	2.89875	1.802695	2.020415
13	11	4.385046	2.898831	1.802662	2.020323
13	11	4.396084	2.898668	1.80271	2.020082
13	11	4.408299	2.898464	1.802477	2.020101
13	11	4.422073	2.898364	1.802601	2.020124
13	11	4.432653	2.89853	1.802472	2.020319
13	11	4.44412	2.898604	1.802536	2.020328
13	11	4.455311	2.898422	1.802724	2.02045
13	11	4.466562	2.898575	1.802662	2.020671
13	11	4.482589	2.898475	1.802923	2.020646
13	11	4.49556	2.898351	1.802984	2.020535
13	11	4.508553	2.898225	1.802987	2.020354
13	11	4.518445	2.898352	1.802787	2.020139
13	11	4.53018	2.898606	1.802707	2.020422
13	11	4.54144	2.898696	1.802761	2.020403
13	11	4.551832	2.898626	1.802832	2.020503
13	11	4.568033	2.898691	1.802818	2.020597
13	11	4.578261	2.898763	1.8029	2.020604
13	11	4.588851	2.898778	1.802925	2.020622
13	11	4.601182	2.898672	1.802992	2.020447
13	11	4.611706	2.898537	1.802886	2.020379
13	11	4.623401	2.898618	1.802787	2.020191
13	11	4.635616	2.898717	1.802743	2.02027
13	11	4.645987	2.898788	1.802729	2.020381
13	11	4.656539	2.898854	1.802683	2.020311
13	11	4.667191	2.898848	1.802673	2.020292
13	11	4.678448	2.898918	1.802636	2.020582
13	11	4.68936	2.898961	1.802624	2.020566
13	11	4.69903	2.898876	1.802672	2.020458
13	11	4.710281	2.899024	1.802768	2.020574
13	11	4.722164	2.899005	1.802816	2.020584
13	11	4.73516	2.899104	1.802788	2.020688
13	11	4.745452	2.89915	1.802794	2.020662
13	11	4.756608	2.899013	1.80303	2.020834
13	11	4.77089	2.898919	1.803091	2.020702
13	11	4.780241	2.898656	1.802894	2.02063
13	11	4.792492	2.898684	1.802876	2.020588
13	11	4.803804	2.898589	1.8029	2.020449
13	11	4.814654	2.89857	1.802907	2.020396
13	11	4.829196	2.898762	1.802861	2.020739
13	11	4.840278	2.898623	1.802781	2.020565
13	11	4.85025	2.898738	1.802655	2.02042
13	11	4.861854	2.898921	1.802536	2.020632
13	11	4.873828	2.898836	1.802511	2.020365
13	11	4.885995	2.898849	1.802492	2.020328
13	11	4.898199	2.898696	1.802514	2.020092
13	11	4.90967	2.898939	1.80264	2.020341
13	11	4.920794	2.898737	1.802855	2.020484
13	11	4.932985	2.898589	1.802912	2.020274
13	11	4.944503	2.898768	1.80305	2.02045
13	11	4.954824	2.898882	1.802975	2.020368
13	11	4.968008	2.899096	1.802901	2.020603
13	11	4.97816	2.898936	1.802731	2.020672
13	11	4.989202	2.898814	1.802879	2.0208
13	11	5.002029	2.898813	1.802843	2.020818
13	11	5.012411	2.898811	1.802864	2.020748
13	11	5.024978	2.89883	1.802865	2.020706
13	11	5.037086	2.89903	1.802955	2.020819
13	11	5.047293	2.89905	1.802939	2.020839
13	11	5.058725	2.899099	1.802948	2.02082
13	11	5.069957	2.898882	1.803049	2.020521
13	11	5.079601	2.89879	1.802944	2.020571
13	11	5.09188	2.899017	1.802735	2.020335
13	11	5.103653	2.898924	1.802688	2.020184
13	11	5.114294	2.898932	1.802655	2.020218
13	11	5.126813	2.89869	1.802961	2.02041
13	11	5.138562	2.898657	1.802976	2.020376
13	11	5.147923	2.898611	1.802971	2.020327
13	11	5.163898	2.898772	1.802745	2.020359
13	11	5.178634	2.898769	1.802739	2.020355
13	11	5.190404	2.898794	1.802719	2.020298
13	11	5.204004	2.898744	1.80272	2.020198
13	11	5.213664	2.898922	1.80289	2.020244
13	11	5.229416	2.898653	1.802883	2.020168
14	11	5.242998	2.898626	1.802846	2.020246
14	11	5.25666	2.898489	1.803016	2.020355
14	11	5.267974	2.898822	1.802972	2.020691
14	11	5.279106	2.898796	1.803039	2.020608
14	11	5.293221	2.898906	1.802863	2.020455
14	11	5.303978	2.898806	1.802944	2.020274
14	11	5.31445	2.898962	1.8031	2.020257
14	11	5.329391	2.899086	1.80307	2.020459
14	11	5.344037	2.899122	1.803074	2.020683
14	11	5.357882	2.899153	1.803054	2.020696
15	11	5.370146	2.899402	1.803023	2.020934
15	11	5.381274	2.899211	1.80289	2.0207
15	11	5.394763	2.899225	1.80285	2.020639
15	11	5.405923	2.899129	1.803024	2.02037
15	11	5.415971	2.899166	1.802973	2.020591
15	11	5.429876	2.898951	1.802931	2.020397
15	11	5.442341	2.898959	1.802899	2.020571
15	11	5.453854	2.898835	1.803027	2.020653
15	11	5.465011	2.898641	1.802852	2.020607
15	11	5.47688	2.898616	1.80286	2.020674
15	11	5.488761	2.898642	1.80275	2.020556
15	11	5.49955	2.89882	1.802899	2.020613
15	11	5.509984	2.898817	1.802909	2.020538
15	11	5.521074	2.898887	1.802867	2.020432
15	11	5.532798	2.899174	1.802969	2.020586
15	11	5.544428	2.899181	1.802977	2.020529
15	11	5.555583	2.89916	1.803058	2.020549
15	11	5.567043	2.89922	1.802815	2.020735
15	11	5.578395	2.899237	1.80277	2.020788
15	11	5.589723	2.89913	1.802922	2.02089
15	11	5.600599	2.898907	1.802892	2.020691
15	11	5.611023	2.8989	1.802861	2.020752
14	11	5.626102	2.898751	1.803026	2.02088
14	11	5.640491	2.899053	1.80324	2.021039
14	11	5.652396	2.899018	1.80326	2.020991
14	11	5.664118	2.899125	1.803219	2.020894
14	11	5.675188	2.898729	1.803132	2.020609
14	11	5.6874	2.898705	1.803169	2.02058
14	11	5.698493	2.898593	1.803119	2.020522
14	11	5.709408	2.898578	1.803071	2.020533
14	11	5.720821	2.898701	1.802976	2.020403
14	11	5.732287	2.899061	1.803022	2.020719
13	11	5.743429	2.899047	1.802951	2.020637
13	11	5.756453	2.899134	1.802915	2.020569
13	11	5.775962	2.899263	1.802842	2.020691
13	11	5.788784	2.899179	1.802928	2.020766
13	11	5.800884	2.899258	1.802769	2.020913
13	11	5.813226	2.899292	1.802731	2.020874
13	11	5.826472	2.899251	1.80285	2.020937
13	11	5.838419	2.899218	1.802906	2.020853
13	11	5.849548	2.899213	1.802899	2.020823
13	11	5.861863	2.898971	1.803216	2.021062
13	11	5.873553	2.89924	1.80329	2.021225
13	11	5.883465	2.899252	1.803299	2.021195
13	11	5.89464	2.899176	1.803433	2.021278
13	11	5.907364	2.899245	1.803346	2.021458
13	11	5.919102	2.899264	1.803335	2.021545
13	11	5.931895	2.899224	1.803335	2.021275
13	11	5.943022	2.899107	1.803241	2.021245
13	11	5.954444	2.899305	1.803016	2.021099
13	11	5.965681	2.899045	1.803085	2.020743
13	11	5.977123	2.899045	1.803085	2.020743
13	11	5.990481	2.899131	1.802966	2.020526
13	11	6.00294	2.899044	1.802975	2.020374
13	11	6.014331	2.899056	1.802957	2.020281
13	11	6.027276	2.899103	1.803051	2.020522
13	11	6.037639	2.899183	1.803155	2.020463
13	11	6.047369	2.899182	1.803091	2.020591
13	11	6.058132	2.899258	1.80315	2.020847
13	11	6.069762	2.899121	1.802991	2.020833
13	11	6.080962	2.899132	1.802961	2.020883
13	11	6.092174	2.899054	1.80297	2.020696
13	11	6.103506	2.898922	1.802844	2.020647
13	11	6.114169	2.898911	1.802818	2.0206
13	11	6.127125	2.89881	1.802938	2.020674
13	11	6.138315	2.899018	1.803018	2.020785
13	11	6.148435	2.899016	1.803006	2.020819
13	11	6.163228	2.899098	1.802955	2.02086
13	11	6.174619	2.89926	1.803091	2.020874
13	11	6.185246	2.899129	1.803292	2.020912
14	11	6.19917	2.899154	1.803319	2.020932
14	11	6.212523	2.898918	1.803066	2.020917
14	11	6.225345	2.898836	1.803103	2.020815
14	11	6.236874	2.898922	1.803219	2.020811
14	11	6.247077	2.898897	1.8032	2.02088
14	11	6.258439	2.898963	1.803164	2.020756
14	11	6.270325	2.899214	1.803122	2.020968
14	11	6.280762	2.899123	1.803295	2.021092
14	11	6.295945	2.899093	1.803313	2.02108
14	11	6.309048	2.899193	1.803227	2.021281
15	11	6.323369	2.899235	1.803256	2.020959
15	11	6.335127	2.899223	1.80341	2.020795
15	11	6.348299	2.899225	1.803356	2.020903
15	11	6.366771	2.899005	1.803194	2.020819
15	11	6.384463	2.899141	1.803024	2.020677
15	11	6.39691	2.899109	1.803056	2.020609
15	11	6.407309	2.899235	1.803184	2.020561
15	11	6.41795	2.899143	1.803292	2.020707
15	11	6.430828	2.899422	1.803188	2.020999
15	11	6.441505	2.899245	1.803014	2.020941
15	11	6.452903	2.899318	1.802986	2.020691
15	11	6.464707	2.899379	1.802939	2.020704
15	11	6.476032	2.899441	1.802923	2.020784
15	11	6.487421	2.899263	1.803194	2.020973
15	11	6.499303	2.899386	1.803148	2.021115
15	11	6.509899	2.899503	1.803253	2.021186
15	11	6.520206	2.899623	1.803195	2.021105
15	11	6.532483	2.899384	1.803304	2.020791
15	11	6.543457	2.89926	1.803188	2.020694
15	11	6.554578	2.899155	1.803349	2.020675
15	11	6.567232	2.899132	1.803383	2.020628
15	11	6.579408	2.899173	1.80326	2.020875
15	11	6.591067	2.899242	1.803156	2.020751
15	11	6.603384	2.899055	1.803069	2.020658
15	11	6.614236	2.899049	1.803055	2.020627
15	11	6.626369	2.899034	1.803032	2.020592
15	11	6.637315	2.899101	1.803046	2.020729
15	11	6.647991	2.899078	1.803041	2.020687
15	11	6.659948	2.899051	1.803036	2.020649
15	11	6.67277	2.899264	1.803041	2.020891
15	11	6.682598	2.899257	1.803075	2.020901
15	11	6.694685	2.899237	1.803087	2.02087
15	11	6.706734	2.899265	1.80318	2.020715
15	11	6.716867	2.899136	1.803338	2.02084
15	11	6.728784	2.899421	1.803242	2.02116
15	11	6.741535	2.899459	1.803273	2.021122
14	11	6.755161	2.899455	1.803288	2.021122
14	11	6.769535	2.899295	1.803361	2.020927
14	11	6.781077	2.899287	1.803276	2.021082
14	11	6.7927	2.899363	1.80323	2.021071
14	11	6.804299	2.899365	1.803263	2.021058
14	11	6.81537	2.899365	1.803263	2.021058
14	11	6.827576	2.899463	1.803232	2.020713
14	11	6.838777	2.899273	1.802961	2.02083
14	11	6.849387	2.899094	1.803164	2.020955
14	11	6.868494	2.899017	1.80314	2.020877
13	11	6.882135	2.898949	1.803083	2.020776
13	11	6.895438	2.899104	1.802805	2.020429
13	11	6.907485	2.899261	1.802943	2.020507
13	11	6.920047	2.899253	1.80294	2.02051
13	11	6.93289	2.899476	1.80283	2.020747
13	11	6.94406	2.899508	1.802797	2.020808
13	11	6.956718	2.899303	1.80301	2.021012
13	11	6.967878	2.899238	1.803046	2.020946
13	11	6.97921	2.899211	1.803007	2.020919
13	11	6.991712	2.899268	1.802914	2.020846
13	11	7.003174	2.899446	1.802862	2.021083
13	11	7.014127	2.899643	1.803126	2.020955
13	11	7.02842	2.899443	1.803324	2.020741
13	11	7.040154	2.899273	1.80311	2.020818
13	11	7.051813	2.899232	1.803132	2.020805
13	11	7.06386	2.899386	1.803067	2.021024
13	11	7.07596	2.899523	1.803183	2.02105
13	11	7.086996	2.899494	1.803276	2.021121
13	11	7.105594	2.899511	1.803301	2.021127
13	11	7.116461	2.899478	1.803234	2.021224
13	11	7.129746	2.899386	1.803328	2.021022
13	11	7.142426	2.899369	1.803412	2.020796
13	11	7.153129	2.899361	1.803476	2.020778
13	11	7.167267	2.899601	1.80341	2.021066
13	11	7.179931	2.899364	1.803145	2.021091
13	11	7.192527	2.899392	1.803123	2.021093
13	11	7.204014	2.899312	1.803153	2.021018
13	11	7.215369	2.899269	1.803148	2.021081
13	11	7.227795	2.899292	1.803124	2.021047
13	11	7.238648	2.899715	1.803304	2.021279
13	11	7.249314	2.899744	1.803369	2.021128
13	11	7.262384	2.89953	1.803615	2.021103
13	11	7.273827	2.899541	1.803652	2.021091
13	11	7.284006	2.899541	1.803652	2.021091
13	11	7.295862	2.899755	1.803662	2.021269
13	11	7.307339	2.899396	1.803341	2.021136
13	11	7.317586	2.899396	1.803341	2.021136
13	11	7.329368	2.899706	1.803129	2.021012
13	11	7.341738	2.899728	1.803125	2.020946
13	11	7.352973	2.899561	1.803341	2.021117
13	11	7.366257	2.899353	1.803226	2.020992
13	11	7.377664	2.899358	1.803205	2.021039
13	11	7.389195	2.899493	1.803058	2.020895
13	11	7.402565	2.899576	1.803009	2.020996
13	11	7.413343	2.899757	1.80318	2.021028
13	11	7.425244	2.899677	1.803303	2.021133
13	11	7.436718	2.899753	1.80319	2.021251
13	11	7.447858	2.899787	1.803196	2.02123
13	11	7.462332	2.89949	1.803556	2.02116
13	11	7.474383	2.899476	1.803505	2.021393
13	11	7.487848	2.89949	1.803521	2.021386
13	11	7.500991	2.899448	1.803559	2.021367
13	11	7.511687	2.899345	1.803551	2.021265
13	11	7.523402	2.899515	1.803374	2.021093
13	11	7.536921	2.899441	1.803423	2.020968
13	11	7.547769	2.899426	1.803423	2.02094
13	11	7.560211	2.899494	1.803364	2.020803
13	11	7.575712	2.899554	1.80334	2.020881
13	11	7.587953	2.899451	1.803494	2.020966
13	11	7.600373	2.89965	1.803416	2.021178
13	11	7.612761	2.899693	1.80346	2.021166
13	11	7.624485	2.899835	1.803313	2.021027
13	11	7.637089	2.899754	1.803105	2.021041
14	11	7.651107	2.899507	1.803289	2.021376
14	11	7.666203	2.899281	1.803357	2.021119
14	11	7.679541	2.899265	1.803398	2.021099
14	11	7.693719	2.899378	1.803282	2.02097
14	11	7.706151	2.899481	1.803389	2.020912
14	11	7.716641	2.89947	1.80344	2.02086
14	11	7.731483	2.899487	1.803313	2.021109
14	11	7.745702	2.899515	1.803317	2.021156
14	11	7.760404	2.899654	1.803133	2.021002
15	11	7.77488	2.899717	1.803234	2.020999
15	11	7.785789	2.899733	1.803251	2.021021
15	11	7.797434	2.899775	1.802924	2.021273
15	11	7.80941	2.899768	1.802974	2.021056
15	11	7.82067	2.899672	1.803065	2.021163
15	11	7.834752	2.899431	1.803149	2.020842
15	11	7.846037	2.899668	1.803293	2.02107
15	11	7.857421	2.899445	1.803584	2.021267
15	11	7.872049	2.899576	1.803556	2.021466
15	11	7.884094	2.899721	1.80375	2.02137
15	11	7.896367	2.900124	1.803488	2.021333
15	11	7.908324	2.900156	1.803531	2.021348
15	11	7.918732	2.900117	1.803606	2.021404
15	11	7.932831	2.900096	1.803699	2.021329
15	11	7.944605	2.899904	1.803487	2.021246
15	11	7.957644	2.899787	1.803655	2.021335
15	11	7.969136	2.899589	1.803586	2.021226
15	11	7.98062	2.899561	1.803561	2.02132
14	11	7.996113	2.899709	1.803391	2.021156
14	11	8.010693	2.899472	1.803161	2.021124
14	11	8.022912	2.899526	1.803047	2.020974
14	11	8.034636	2.899459	1.803102	2.020831
14	11	8.046626	2.899441	1.803003	2.020979
14	11	8.059628	2.899236	1.803202	2.021116
14	11	8.072591	2.899199	1.80328	2.021041
14	11	8.084044	2.899142	1.803279	2.020929
14	11	8.097323	2.899582	1.80318	2.020854
13	11	8.110538	2.899595	1.803167	2.021004
13	11	8.123927	2.899486	1.803256	2.021061
13	11	8.138498	2.899715	1.803451	2.021066
13	11	8.151598	2.899745	1.803508	2.02105
13	11	8.164104	2.899677	1.803597	2.021114
13	11	8.177201	2.899484	1.803439	2.021049
13	11	8.187819	2.899609	1.803266	2.021152
13	11	8.201107	2.899622	1.803233	2.021177
13	11	8.212799	2.89959	1.80322	2.02107
13	11	8.224849	2.899429	1.803397	2.021213
13	11	8.238946	2.899644	1.803645	2.02124
13	11	8.249934	2.899777	1.803484	2.021241
13	11	8.264237	2.899927	1.803471	2.02143
13	11	8.276637	2.899717	1.803272	2.021395
13	11	8.288998	2.899697	1.803237	2.021347
13	11	8.30131	2.899354	1.803254	2.021279
13	11	8.313467	2.899312	1.803293	2.021135
13	11	8.326559	2.899332	1.803246	2.021081
13	11	8.340684	2.899799	1.803425	2.021334
13	11	8.352379	2.899836	1.803377	2.02155
13	11	8.364832	2.899698	1.803417	2.021325
13	11	8.376864	2.899431	1.803212	2.021265
13	11	8.392999	2.89944	1.803147	2.02129
13	11	8.40951	2.899474	1.803207	2.021286
13	11	8.421656	2.899443	1.803154	2.021357
13	11	8.435975	2.899469	1.80326	2.02169
13	11	8.446717	2.899475	1.803244	2.021684
13	11	8.461577	2.899521	1.803279	2.021788
13	11	8.473819	2.899512	1.803254	2.021796
13	11	8.492093	2.899845	1.803041	2.021749
13	11	8.50523	2.900162	1.803309	2.021731
13	11	8.514754	2.900123	1.803448	2.021839
13	11	8.528517	2.899871	1.803595	2.021483
13	11	8.541036	2.89984	1.80354	2.021441
13	11	8.553988	2.899949	1.80352	2.021286
13	11	8.566249	2.899857	1.803578	2.021087
13	11	8.578732	2.899736	1.803382	2.021234
13	11	8.590549	2.899551	1.803581	2.021362
13	11	8.603364	2.89975	1.80359	2.021465
13	11	8.616103	2.899722	1.803783	2.02153
13	11	8.633939	2.899904	1.803653	2.021796
13	11	8.651335	2.900094	1.803511	2.02157
13	11	8.666248	2.899897	1.803696	2.021321
13	11	8.680088	2.89971	1.803566	2.021172
13	11	8.691875	2.899989	1.803334	2.021214
13	11	8.705272	2.89995	1.803223	2.02121
13	11	8.715288	2.899959	1.803216	2.021199
13	11	8.729036	2.900045	1.803174	2.021273
13	11	8.741923	2.899959	1.803052	2.021225
13	11	8.755854	2.899758	1.803278	2.021352
13	11	8.770446	2.89955	1.803309	2.021129
13	11	8.782593	2.899602	1.803223	2.021057
13	11	8.798114	2.899497	1.803214	2.020957
13	11	8.81299	2.899716	1.803465	2.020978
13	11	8.828842	2.899565	1.803614	2.021012
13	11	8.843818	2.89945	1.80356	2.020972
13	11	8.862391	2.899679	1.803539	2.021406
13	11	8.878247	2.899676	1.803545	2.021471
13	11	8.8922	2.899657	1.803614	2.021509
13	11	8.906164	2.899974	1.803645	2.021707
13	11	8.918036	2.900154	1.803471	2.021606
13	11	8.934763	2.899908	1.803623	2.021313
13	11	8.948159	2.899817	1.803553	2.021291
13	11	8.96215	2.900006	1.803487	2.021297
13	11	8.977	2.899856	1.803283	2.021305
13	11	8.991882	2.899829	1.803252	2.021305
13	11	9.005342	2.899826	1.803428	2.021187
13	11	9.017659	2.899711	1.803527	2.021288
13	11	9.031252	2.899913	1.803489	2.021549
13	11	9.04374	2.89983	1.803355	2.021523
13	11	9.056716	2.899915	1.803327	2.021521
13	11	9.072779	2.899933	1.803152	2.021734
13	11	9.085967	2.899767	1.803326	2.021924
13	11	9.100815	2.899497	1.803427	2.021665
13	11	9.114935	2.899573	1.80351	2.021639
13	11	9.12958	2.89979	1.803294	2.021543
13	11	9.144791	2.899768	1.803228	2.021626
13	11	9.159153	2.899666	1.803378	2.021769
13	11	9.176097	2.899605	1.803548	2.021283
13	11	9.188944	2.899721	1.803431	2.021137
13	11	9.202895	2.899735	1.803488	2.021073
13	11	9.217519	2.899822	1.803399	2.021196
13	11	9.233061	2.900048	1.803307	2.021469
13	11	9.247151	2.900075	1.803271	2.021451
13	11	9.263848	2.900009	1.803289	2.021225
13	11	9.276233	2.900237	1.803493	2.021356
13	11	9.289565	2.900137	1.803642	2.021473
13	11	9.301812	2.900223	1.803536	2.02162
13	11	9.312397	2.900281	1.803521	2.021667
13	11	9.325395	2.900107	1.803802	2.02189
13	11	9.33864	2.899959	1.803888	2.021736
13	11	9.350697	2.899911	1.803621	2.021472
13	11	9.363676	2.899995	1.803544	2.021578
13	11	9.375841	2.899996	1.80353	2.021591
13	11	9.39403	2.90011	1.803406	2.021501
13	11	9.408176	2.90009	1.803392	2.021526
13	11	9.41937	2.899943	1.803586	2.021695
13	11	9.431432	2.899803	1.803632	2.021587
13	11	9.44361	2.899721	1.803603	2.021454
13	11	9.45442	2.899841	1.803454	2.021312
13	11	9.467541	2.900133	1.803495	2.021509
13	11	9.479689	2.900139	1.803502	2.021414
13	11	9.500162	2.899762	1.803374	2.0212
Movements:
Playtime: 9.500162 seconds
Login date: 1/12/2023 5:18:38 PM
Login date: 1/12/2023 5:18:38 PM
Coordinates:
15	11	0.0491483	2.911811	1.81028	2.029484
15	11	0.060312	2.91185	1.810314	2.029478
15	11	0.0713466	2.911809	1.810372	2.029549
15	11	0.0810857	2.911747	1.810348	2.029535
15	11	0.092508	2.911756	1.810471	2.029425
15	11	0.1100316	2.911836	1.810361	2.029037
15	11	0.1268564	2.911832	1.810351	2.0291
15	11	0.1386598	2.911775	1.810407	2.029147
15	11	0.1510513	2.911776	1.810251	2.029259
15	11	0.1614197	2.911758	1.810292	2.029004
15	11	0.1724938	2.911684	1.810389	2.029007
15	11	0.1820685	2.911542	1.810473	2.028776
15	11	0.1929059	2.911525	1.810447	2.028755
15	11	0.204084	2.911499	1.810501	2.028705
15	11	0.2144927	2.911474	1.810279	2.028839
15	11	0.2243875	2.911469	1.810237	2.028996
15	11	0.235295	2.91146	1.810207	2.028923
15	11	0.2460798	2.911403	1.810246	2.028783
15	11	0.2554129	2.911403	1.81024	2.02891
15	11	0.2662659	2.911403	1.81024	2.02891
15	11	0.2760013	2.911316	1.810374	2.029194
15	11	0.2853304	2.911491	1.810596	2.029188
15	11	0.2962748	2.91152	1.810619	2.029323
15	11	0.3078502	2.91168	1.810473	2.029165
15	11	0.3172688	2.911617	1.810459	2.029034
15	11	0.3277717	2.911721	1.810349	2.028939
15	11	0.3384628	2.911741	1.810344	2.028905
15	11	0.3477367	2.911576	1.81019	2.028747
15	11	0.3590006	2.911546	1.810235	2.028924
15	11	0.3695314	2.911545	1.81025	2.028844
15	11	0.3800644	2.911706	1.810432	2.028801
15	11	0.3916479	2.911725	1.810448	2.028708
15	11	0.4035427	2.911753	1.810526	2.028738
15	11	0.4140455	2.911627	1.810368	2.028659
15	11	0.4258848	2.911614	1.810406	2.028682
15	11	0.4368502	2.911631	1.810369	2.028595
15	11	0.447439	2.911796	1.810429	2.028646
15	11	0.4593163	2.911836	1.810336	2.028871
15	11	0.4705096	2.911707	1.810494	2.02893
15	11	0.4817773	2.911713	1.810523	2.028911
15	11	0.4941305	2.911675	1.81056	2.028884
15	11	0.5057207	2.911913	1.810552	2.029322
15	11	0.5159141	2.911913	1.810526	2.029343
15	11	0.5267518	2.912179	1.810263	2.029125
15	11	0.5381717	2.912144	1.810296	2.029025
15	11	0.5482865	2.912068	1.810183	2.028989
15	11	0.5604871	2.912081	1.810212	2.028854
15	11	0.5719818	2.911896	1.810378	2.0288
15	11	0.5816998	2.911785	1.81028	2.028752
15	11	0.5927837	2.911735	1.81032	2.028776
15	11	0.6037741	2.911855	1.81025	2.028907
15	11	0.6151485	2.911873	1.810245	2.028951
15	11	0.6269914	2.911732	1.810407	2.029048
15	11	0.6375299	2.911904	1.810323	2.029275
15	11	0.648707	2.911685	1.810103	2.029268
15	11	0.6607086	2.911519	1.810328	2.029263
15	11	0.6715752	2.911449	1.810366	2.029195
15	11	0.6820474	2.911705	1.810679	2.029102
15	11	0.694811	2.911825	1.810571	2.028925
15	11	0.7066933	2.91195	1.810559	2.02903
15	11	0.7173533	2.911781	1.810366	2.029108
15	11	0.7289885	2.911767	1.810215	2.029093
15	11	0.7407156	2.911603	1.810266	2.028929
15	11	0.7518095	2.91167	1.810338	2.02889
15	11	0.7642835	2.911793	1.810235	2.028813
15	11	0.7753493	2.911868	1.810022	2.029021
15	11	0.7865191	2.911833	1.809982	2.029035
15	11	0.7982188	2.911765	1.810076	2.029072
15	11	0.8092815	2.911746	1.810237	2.028857
15	11	0.8213923	2.911799	1.810175	2.028942
15	11	0.8325523	2.911567	1.810498	2.029062
15	11	0.8439039	2.911901	1.810678	2.029199
15	11	0.8553945	2.911944	1.810665	2.029269
15	11	0.8673741	2.912039	1.810685	2.029185
15	11	0.8783749	2.911897	1.810673	2.029023
15	11	0.889972	2.911934	1.810676	2.029107
15	11	0.9026271	2.912096	1.810538	2.028967
15	11	0.9145004	2.912216	1.810457	2.029111
15	11	0.9287206	2.912207	1.810516	2.029006
15	11	0.9423252	2.911796	1.810258	2.02918
15	11	0.9535053	2.911793	1.810246	2.029179
15	11	0.9655401	2.911891	1.81016	2.028955
15	11	0.9767857	2.91164	1.810256	2.028655
15	11	0.9906946	2.911731	1.810312	2.028775
15	11	1.006605	2.911655	1.810278	2.028581
15	11	1.016789	2.911798	1.810381	2.028715
15	11	1.030042	2.911732	1.81044	2.028713
15	11	1.042169	2.911859	1.810373	2.028866
15	11	1.05279	2.911998	1.81051	2.028818
15	11	1.063634	2.912129	1.810426	2.02872
15	11	1.075603	2.912336	1.810321	2.028934
15	11	1.085066	2.912194	1.810146	2.028937
15	11	1.100677	2.912015	1.81037	2.029107
15	11	1.113196	2.911895	1.810416	2.028922
15	11	1.126682	2.911876	1.810437	2.028847
15	11	1.137443	2.911777	1.810557	2.028961
15	11	1.148384	2.911777	1.810557	2.028961
15	11	1.160238	2.911831	1.810234	2.028757
15	11	1.170003	2.911831	1.810234	2.028757
15	11	1.180563	2.911768	1.810271	2.028595
15	11	1.191153	2.911736	1.810192	2.02859
15	11	1.201741	2.911674	1.810251	2.028508
15	11	1.211599	2.911674	1.810251	2.028508
15	11	1.222255	2.911845	1.810106	2.028738
15	11	1.240844	2.911598	1.810184	2.028534
15	11	1.263198	2.911466	1.810426	2.028584
15	11	1.286726	2.911859	1.810537	2.028871
15	11	1.3078	2.912055	1.810296	2.02832
15	11	1.330837	2.911985	1.810516	2.028397
15	11	1.352347	2.911609	1.810201	2.028222
15	11	1.374984	2.911549	1.810223	2.028121
15	11	1.399376	2.911356	1.810406	2.028231
15	11	1.419394	2.911727	1.810283	2.028751
15	11	1.442027	2.911644	1.810238	2.028552
15	11	1.464682	2.911546	1.810584	2.028698
15	11	1.486415	2.911699	1.810451	2.028951
15	11	1.508311	2.911907	1.810308	2.028954
15	11	1.533307	2.911935	1.810295	2.028919
15	11	1.553035	2.911956	1.810303	2.028973
15	11	1.575576	2.911879	1.810211	2.02895
15	11	1.59832	2.911834	1.810206	2.028875
15	11	1.622368	2.911921	1.810281	2.028921
15	11	1.643535	2.911777	1.810366	2.028594
15	11	1.665212	2.911638	1.810453	2.028864
15	11	1.687996	2.911714	1.810552	2.029003
15	11	1.70954	2.911723	1.810516	2.029154
15	11	1.720981	2.91171	1.810596	2.029105
15	11	1.732893	2.911882	1.810393	2.028906
15	11	1.745102	2.911819	1.810446	2.028801
15	11	1.758044	2.911827	1.810488	2.028645
15	11	1.768272	2.911764	1.810553	2.028689
15	11	1.778983	2.911879	1.810385	2.028912
15	11	1.787978	2.911877	1.810321	2.029008
15	11	1.800013	2.911881	1.810379	2.028996
15	11	1.809974	2.911881	1.810249	2.029105
15	11	1.821933	2.911866	1.810196	2.02902
15	11	1.834473	2.911966	1.810135	2.028943
15	11	1.84698	2.911894	1.810194	2.028737
15	11	1.857674	2.911905	1.810198	2.028607
15	11	1.868501	2.911722	1.810423	2.028757
15	11	1.879095	2.911762	1.810589	2.028656
15	11	1.889766	2.911764	1.81059	2.028714
15	11	1.901642	2.911821	1.81051	2.028586
15	11	1.911622	2.911806	1.810187	2.028805
15	11	1.924959	2.911797	1.810237	2.028662
15	11	1.937618	2.911867	1.810117	2.028464
15	11	1.95046	2.912062	1.81027	2.028534
15	11	1.966106	2.912014	1.810262	2.0288
15	11	1.979052	2.911673	1.810185	2.028508
15	11	1.987806	2.911658	1.810193	2.028349
15	11	2.00012	2.911506	1.810361	2.028417
15	11	2.011782	2.911397	1.810349	2.028327
15	11	2.025929	2.91137	1.810268	2.028481
15	11	2.041992	2.911791	1.810605	2.028559
15	11	2.052845	2.911785	1.810588	2.028648
15	11	2.068059	2.911833	1.810596	2.02859
15	11	2.07842	2.911891	1.810628	2.028572
15	11	2.088289	2.911903	1.810563	2.028857
15	11	2.100891	2.912014	1.810454	2.028712
15	11	2.111147	2.912315	1.810339	2.029018
15	11	2.120382	2.912057	1.810018	2.028942
15	11	2.132103	2.912162	1.809905	2.028812
15	11	2.142365	2.912191	1.809734	2.028904
15	11	2.152757	2.912191	1.809734	2.028904
15	11	2.164509	2.912214	1.809735	2.028732
15	11	2.175516	2.911879	1.81013	2.029073
15	11	2.185415	2.911917	1.810018	2.029162
15	11	2.19664	2.911899	1.810028	2.029067
15	11	2.20771	2.911877	1.810048	2.029066
15	11	2.217583	2.911722	1.810344	2.028698
15	11	2.228379	2.911709	1.810298	2.028828
15	11	2.239824	2.911613	1.810405	2.028884
15	11	2.249705	2.911594	1.81061	2.028725
15	11	2.260714	2.911572	1.810588	2.028931
15	11	2.271729	2.91163	1.810539	2.028868
15	11	2.282012	2.911337	1.810408	2.028728
15	11	2.292578	2.911301	1.810367	2.028861
15	11	2.304273	2.911469	1.810121	2.028616
15	11	2.314803	2.911554	1.810229	2.028595
15	11	2.326773	2.911537	1.8102	2.028701
15	11	2.337824	2.911314	1.810422	2.028895
15	11	2.349297	2.911708	1.810608	2.029153
15	11	2.362354	2.911712	1.810622	2.029243
15	11	2.373379	2.911955	1.810364	2.029
15	11	2.383077	2.912008	1.810478	2.028885
15	11	2.394262	2.912021	1.810534	2.028784
15	11	2.405938	2.912019	1.810576	2.028763
15	11	2.416748	2.911912	1.810248	2.028894
15	11	2.429195	2.91192	1.810223	2.028973
15	11	2.442042	2.91157	1.81056	2.029275
15	11	2.451697	2.911378	1.810431	2.02917
15	11	2.46298	2.91133	1.810435	2.029172
15	11	2.473826	2.911549	1.81011	2.02888
15	11	2.484891	2.911734	1.810251	2.028951
15	11	2.498186	2.911755	1.810252	2.02872
15	11	2.509627	2.911839	1.810192	2.028795
15	11	2.519436	2.911909	1.810253	2.028777
15	11	2.531699	2.911921	1.810232	2.028828
15	11	2.543835	2.911866	1.810308	2.028889
15	11	2.554038	2.911744	1.809979	2.028986
15	11	2.566749	2.911716	1.810052	2.028797
15	11	2.577073	2.911709	1.810033	2.028763
15	11	2.586749	2.911775	1.810381	2.028498
15	11	2.597993	2.911759	1.810425	2.028485
15	11	2.608924	2.911973	1.810346	2.028678
15	11	2.618732	2.911769	1.810126	2.028605
15	11	2.632175	2.911757	1.810111	2.028575
15	11	2.642229	2.9117	1.810119	2.02855
15	11	2.651938	2.911622	1.810254	2.028326
15	11	2.665097	2.911462	1.810414	2.028502
15	11	2.675061	2.911466	1.81044	2.028481
15	11	2.684606	2.9116	1.81053	2.028676
15	11	2.701552	2.911645	1.810496	2.028618
15	11	2.712306	2.911762	1.810479	2.028743
15	11	2.722274	2.911547	1.810283	2.028717
15	11	2.734399	2.911511	1.810217	2.028917
15	11	2.744371	2.911772	1.810063	2.029195
15	11	2.754384	2.911893	1.810191	2.029203
15	11	2.767195	2.911923	1.810188	2.029212
15	11	2.777306	2.912035	1.810152	2.029335
15	11	2.787322	2.911964	1.81007	2.029325
15	11	2.798891	2.911973	1.810169	2.028994
15	11	2.809697	2.911717	1.810381	2.029101
15	11	2.819954	2.911716	1.810411	2.029082
15	11	2.831407	2.911866	1.810277	2.028813
15	11	2.841849	2.911806	1.810286	2.028703
15	11	2.852098	2.911801	1.810308	2.028549
15	11	2.865375	2.911785	1.810312	2.028492
15	11	2.876784	2.911994	1.810213	2.028714
15	11	2.887614	2.91204	1.810224	2.028679
15	11	2.900394	2.911981	1.810298	2.02879
15	11	2.910439	2.912042	1.810276	2.028841
15	11	2.920012	2.911826	1.810062	2.028762
15	11	2.931863	2.911826	1.810021	2.028794
15	11	2.943873	2.911651	1.8101	2.028642
15	11	2.953749	2.911671	1.810195	2.028435
15	11	2.965698	2.91158	1.810288	2.028458
15	11	2.975541	2.911782	1.810186	2.028679
15	11	2.985902	2.912004	1.810425	2.028677
15	11	2.997806	2.911969	1.810463	2.028736
15	11	3.009806	2.912069	1.810446	2.028821
15	11	3.020317	2.911859	1.810224	2.028782
15	11	3.032301	2.911857	1.81019	2.028752
15	11	3.045877	2.911831	1.810192	2.028723
15	11	3.055991	2.911806	1.810108	2.028884
15	11	3.068053	2.9118	1.810117	2.028884
15	11	3.077929	2.911664	1.810157	2.02875
15	11	3.088288	2.911908	1.810324	2.028909
15	11	3.101143	2.911862	1.810397	2.02896
15	11	3.111213	2.911725	1.810485	2.028786
15	11	3.121408	2.91151	1.810341	2.028663
15	11	3.133275	2.911509	1.810333	2.028646
15	11	3.143473	2.911404	1.810364	2.028504
15	11	3.153782	2.911405	1.810309	2.028731
15	11	3.165334	2.91138	1.810275	2.02865
15	11	3.177028	2.911352	1.810295	2.028623
15	11	3.187117	2.911536	1.81052	2.028615
15	11	3.198456	2.91164	1.810398	2.028468
15	11	3.208807	2.911653	1.8104	2.028458
15	11	3.219004	2.911824	1.810544	2.028554
15	11	3.230935	2.911895	1.810489	2.028439
15	11	3.242139	2.911976	1.810478	2.028459
15	11	3.252797	2.911666	1.810143	2.02846
15	11	3.264493	2.911601	1.810162	2.028445
14	11	3.276746	2.911605	1.810078	2.028462
14	11	3.288966	2.911598	1.810095	2.028277
14	11	3.30015	2.911578	1.81009	2.028236
14	11	3.311912	2.911885	1.809956	2.0286
14	11	3.323379	2.912093	1.810054	2.028707
14	11	3.334538	2.912034	1.81016	2.028779
14	11	3.345104	2.911851	1.810192	2.02853
14	11	3.356265	2.911873	1.810228	2.028481
14	11	3.369132	2.911774	1.81033	2.028543
14	11	3.380396	2.911732	1.810362	2.028481
14	11	3.391897	2.911798	1.810363	2.028707
13	11	3.404216	2.911878	1.810292	2.028618
13	11	3.416389	2.911816	1.810322	2.028522
13	11	3.432939	2.911413	1.810333	2.028766
13	11	3.444045	2.911382	1.81034	2.028763
13	11	3.454575	2.911448	1.810457	2.028794
13	11	3.466587	2.911615	1.810243	2.028583
13	11	3.477917	2.911924	1.810209	2.028843
13	11	3.487908	2.91194	1.810178	2.028984
13	11	3.500865	2.911996	1.810144	2.028961
13	11	3.511879	2.911877	1.810209	2.028814
13	11	3.521806	2.911859	1.810197	2.02886
13	11	3.534381	2.911695	1.810374	2.028998
13	11	3.544971	2.911573	1.810454	2.028843
13	11	3.555619	2.911451	1.81037	2.028733
13	11	3.567722	2.911674	1.8101	2.028471
13	11	3.578551	2.911569	1.80996	2.028439
13	11	3.5887	2.911563	1.809945	2.028408
13	11	3.600528	2.911488	1.810008	2.028414
13	11	3.610897	2.911461	1.810009	2.028363
13	11	3.621121	2.911488	1.810004	2.028363
13	11	3.632375	2.911417	1.810048	2.028371
13	11	3.643542	2.911734	1.80989	2.028736
13	11	3.653855	2.911981	1.810142	2.028574
13	11	3.665829	2.911965	1.810216	2.028597
13	11	3.675897	2.911858	1.81031	2.028389
13	11	3.68613	2.911883	1.810231	2.028639
13	11	3.697866	2.911948	1.810149	2.028555
13	11	3.709193	2.911881	1.810186	2.028407
13	11	3.719783	2.912001	1.810233	2.028566
13	11	3.731745	2.911908	1.810358	2.028633
14	11	3.744718	2.911822	1.810432	2.028508
14	11	3.758478	2.911685	1.810239	2.028618
14	11	3.771951	2.911645	1.810283	2.028609
14	11	3.786507	2.911893	1.810149	2.028789
14	11	3.79812	2.911886	1.810179	2.028766
14	11	3.809435	2.911678	1.809865	2.0288
14	11	3.81895	2.911657	1.809806	2.028796
14	11	3.830977	2.911464	1.810052	2.02901
14	11	3.842914	2.911589	1.810305	2.02896
14	11	3.852829	2.911566	1.810314	2.028862
15	11	3.867121	2.911544	1.810389	2.028911
15	11	3.87934	2.911461	1.810434	2.028791
15	11	3.889663	2.911417	1.81043	2.028697
15	11	3.901122	2.911493	1.810334	2.028575
15	11	3.914032	2.911345	1.81025	2.028478
15	11	3.926259	2.911338	1.810215	2.02855
15	11	3.944629	2.91151	1.809846	2.028411
15	11	3.955097	2.911506	1.809825	2.028349
15	11	3.96762	2.911452	1.809862	2.028344
15	11	3.977791	2.911686	1.809705	2.028555
16	11	3.987543	2.911708	1.809789	2.028432
16	11	4.002062	2.911633	1.809753	2.028455
16	11	4.014147	2.911803	1.809857	2.028457
16	11	4.026251	2.911872	1.809886	2.028535
16	11	4.037298	2.911629	1.810111	2.028775
16	11	4.053469	2.911297	1.810062	2.028519
16	11	4.067831	2.911274	1.81005	2.028475
16	11	4.078334	2.911515	1.810194	2.028575
16	11	4.087666	2.911524	1.81021	2.028512
16	11	4.099358	2.911494	1.810283	2.028523
17	11	4.110218	2.911713	1.810162	2.02876
17	11	4.120532	2.911756	1.810172	2.028765
17	11	4.132577	2.91179	1.81014	2.028712
17	11	4.14314	2.911502	1.810093	2.028473
17	11	4.15299	2.911502	1.810093	2.028473
17	11	4.165709	2.911441	1.81009	2.028469
17	11	4.17611	2.911653	1.810024	2.028683
17	11	4.18577	2.911653	1.810024	2.028683
17	11	4.197967	2.911709	1.809925	2.028618
17	11	4.208957	2.911601	1.810013	2.028416
17	11	4.218509	2.911601	1.810013	2.028416
18	11	4.230912	2.911608	1.809979	2.028497
18	11	4.241673	2.911436	1.81019	2.028694
18	11	4.251536	2.9115	1.810214	2.028719
18	11	4.264845	2.911476	1.810243	2.028718
18	11	4.276948	2.911419	1.810214	2.028692
18	11	4.285945	2.911419	1.810214	2.028692
18	11	4.297812	2.911423	1.810217	2.028697
18	11	4.309032	2.911454	1.810162	2.028664
18	11	4.318166	2.911769	1.810178	2.028934
18	11	4.330781	2.911805	1.810153	2.028946
18	11	4.342423	2.911781	1.810229	2.029026
19	11	4.352752	2.9115	1.810235	2.028744
19	11	4.364602	2.911498	1.810218	2.028718
19	11	4.377006	2.911445	1.810005	2.028814
19	11	4.386261	2.911445	1.810005	2.028814
19	11	4.398049	2.911427	1.81004	2.028514
19	11	4.408993	2.911467	1.809988	2.028444
19	11	4.418637	2.9116	1.81023	2.028333
19	11	4.429978	2.911603	1.810179	2.028461
19	11	4.441307	2.911524	1.810241	2.02847
19	11	4.451805	2.911367	1.81012	2.028378
19	11	4.464102	2.911368	1.810126	2.028327
19	11	4.476562	2.911577	1.810199	2.028198
19	11	4.487215	2.911577	1.810199	2.028198
19	11	4.499186	2.911477	1.810321	2.028385
19	11	4.511106	2.911757	1.810393	2.028562
19	11	4.520778	2.911757	1.810393	2.028562
19	11	4.535265	2.911813	1.810352	2.02873
19	11	4.546752	2.911479	1.81013	2.028601
19	11	4.558434	2.911489	1.810109	2.028577
19	11	4.570453	2.911644	1.810083	2.02891
19	11	4.581483	2.911664	1.810073	2.028923
19	11	4.591383	2.911667	1.810121	2.028721
19	11	4.603781	2.911713	1.810071	2.028698
19	11	4.614716	2.911818	1.809976	2.028833
19	11	4.62454	2.911759	1.810052	2.028829
19	11	4.636338	2.91179	1.810037	2.028842
19	11	4.647876	2.911864	1.810129	2.028796
19	11	4.658994	2.911884	1.810178	2.028649
19	11	4.671443	2.911727	1.810306	2.028617
19	11	4.682211	2.911446	1.810026	2.028591
19	11	4.692372	2.911448	1.810043	2.028439
19	11	4.704015	2.911434	1.810038	2.0284
19	11	4.714423	2.911416	1.810164	2.028258
19	11	4.725082	2.911327	1.810233	2.02841
19	11	4.737548	2.91127	1.810236	2.028356
19	11	4.747453	2.911311	1.810283	2.028352
19	11	4.757039	2.911283	1.810295	2.028322
19	11	4.769898	2.911337	1.810253	2.028285
19	11	4.780733	2.911308	1.810273	2.028231
19	11	4.790398	2.911322	1.810218	2.028401
19	11	4.802571	2.911294	1.810231	2.028438
19	11	4.812859	2.911928	1.810307	2.029045
19	11	4.82429	2.911862	1.810434	2.029155
19	11	4.835994	2.91185	1.810463	2.029184
19	11	4.84908	2.911676	1.81012	2.029329
19	11	4.858552	2.911692	1.810155	2.029191
19	11	4.870795	2.91156	1.810118	2.028747
19	11	4.881076	2.911497	1.810064	2.02873
19	11	4.893242	2.911454	1.810037	2.028745
18	11	4.906549	2.911402	1.809986	2.028557
18	11	4.918842	2.911414	1.810005	2.028478
18	11	4.930607	2.911312	1.810163	2.028589
18	11	4.941537	2.911326	1.810049	2.028632
18	11	4.952566	2.911513	1.810306	2.028539
18	11	4.964114	2.911511	1.810455	2.028533
18	11	4.975626	2.911683	1.810231	2.028717
18	11	4.986698	2.911523	1.810216	2.028647
18	11	4.99881	2.911435	1.810365	2.028809
18	11	5.011985	2.911256	1.810344	2.028614
17	11	5.02501	2.911417	1.810274	2.028414
17	11	5.036926	2.911518	1.810142	2.02856
17	11	5.046743	2.911665	1.810366	2.028546
17	11	5.057116	2.911665	1.810366	2.028546
17	11	5.069176	2.911601	1.810431	2.028539
17	11	5.080203	2.911557	1.810341	2.028539
17	11	5.090872	2.911557	1.810341	2.028539
17	11	5.102839	2.911608	1.810301	2.028521
17	11	5.114344	2.91187	1.810201	2.028817
17	11	5.124827	2.91187	1.810201	2.028817
17	11	5.138562	2.911781	1.810447	2.029073
16	11	5.16106	2.911714	1.810562	2.028957
16	11	5.183171	2.911552	1.810569	2.028944
16	11	5.205288	2.911852	1.810383	2.028892
16	11	5.227963	2.911432	1.810318	2.028825
16	11	5.25048	2.911268	1.810278	2.028801
15	11	5.272652	2.911309	1.810231	2.028879
15	11	5.296025	2.911508	1.810181	2.028821
15	11	5.31755	2.911606	1.810289	2.028944
15	11	5.340408	2.912044	1.809856	2.028705
15	11	5.36345	2.91185	1.809921	2.028769
15	11	5.384421	2.911548	1.809878	2.028223
14	11	5.407112	2.911385	1.810017	2.028269
14	11	5.429681	2.911276	1.810265	2.028415
14	11	5.451452	2.911299	1.810367	2.028459
14	11	5.474064	2.911601	1.810272	2.0288
14	11	5.497059	2.911758	1.810101	2.028597
13	11	5.518721	2.91199	1.810145	2.028634
13	11	5.541584	2.912024	1.810281	2.028867
13	11	5.564404	2.911415	1.810342	2.028821
13	11	5.586105	2.911081	1.810365	2.028415
13	11	5.608711	2.911445	1.810406	2.028432
13	11	5.619534	2.911425	1.810376	2.028572
13	11	5.631922	2.911515	1.810257	2.028447
13	11	5.642962	2.911542	1.810254	2.028419
13	11	5.653287	2.911397	1.810119	2.028383
13	11	5.666836	2.911316	1.810147	2.028377
13	11	5.678209	2.911355	1.810397	2.028206
13	11	5.688234	2.911368	1.810315	2.028536
13	11	5.699594	2.911438	1.810232	2.028435
13	11	5.710742	2.911483	1.810218	2.028465
13	11	5.720771	2.911327	1.81002	2.028506
13	11	5.732925	2.91144	1.809817	2.028325
13	11	5.743795	2.911633	1.809695	2.028513
13	11	5.753475	2.911627	1.80967	2.028341
13	11	5.767298	2.91155	1.809735	2.028375
13	11	5.779225	2.911625	1.810017	2.028158
13	11	5.794255	2.911624	1.810001	2.02809
13	11	5.805984	2.911649	1.810117	2.028372
13	11	5.818668	2.91185	1.81025	2.028602
13	11	5.833538	2.911713	1.810394	2.028712
13	11	5.846494	2.911554	1.810495	2.028475
14	11	5.863379	2.9113	1.809935	2.028376
14	11	5.880379	2.911467	1.809847	2.028603
14	11	5.891076	2.911672	1.810048	2.028617
14	11	5.904298	2.911398	1.810344	2.028881
14	11	5.917926	2.911456	1.810252	2.029021
14	11	5.9291	2.911497	1.810074	2.028969
14	11	5.939636	2.911497	1.810074	2.028969
14	11	5.951671	2.911431	1.810383	2.028794
14	11	5.967327	2.911497	1.810193	2.028646
15	11	5.978671	2.911278	1.810221	2.028432
15	11	5.988975	2.911285	1.81017	2.028621
15	11	6.001861	2.911404	1.810007	2.028483
15	11	6.01369	2.91153	1.810386	2.028324
15	11	6.02582	2.91151	1.810348	2.028425
15	11	6.038913	2.911426	1.810448	2.028476
15	11	6.049566	2.911411	1.810433	2.028487
15	11	6.060827	2.911432	1.810393	2.028466
15	11	6.07491	2.911355	1.810001	2.028239
15	11	6.087933	2.911377	1.809882	2.028434
16	11	6.099557	2.911186	1.810106	2.02859
16	11	6.111247	2.911211	1.810024	2.028667
16	11	6.121966	2.911205	1.809973	2.028792
16	11	6.134392	2.911205	1.809973	2.028792
16	11	6.145857	2.911608	1.810054	2.028766
16	11	6.166736	2.911689	1.809971	2.028873
16	11	6.188268	2.911757	1.809865	2.028858
16	11	6.210943	2.911689	1.810106	2.028813
17	11	6.233924	2.911484	1.810372	2.028867
17	11	6.256429	2.911379	1.810353	2.028714
17	11	6.278318	2.911458	1.81036	2.028474
17	11	6.301886	2.911515	1.81028	2.028469
17	11	6.322658	2.911813	1.810217	2.028734
18	11	6.345279	2.911731	1.810108	2.029216
18	11	6.368197	2.911908	1.809919	2.029119
18	11	6.38956	2.911739	1.810205	2.028609
18	11	6.412321	2.911285	1.810305	2.028444
18	11	6.434574	2.911262	1.810296	2.028313
18	11	6.457016	2.911354	1.81003	2.028599
19	11	6.479165	2.911244	1.810084	2.028409
19	11	6.501852	2.91113	1.810128	2.028241
19	11	6.523826	2.911144	1.810236	2.028239
19	11	6.546173	2.911398	1.810266	2.028582
19	11	6.568624	2.911703	1.810022	2.028792
19	11	6.590984	2.911563	1.809945	2.028492
19	11	6.613291	2.911603	1.810033	2.028171
19	11	6.63666	2.911538	1.810037	2.028509
19	11	6.647767	2.911567	1.810281	2.028316
19	11	6.658949	2.911604	1.810247	2.028374
19	11	6.671289	2.911698	1.810233	2.028301
19	11	6.681753	2.911772	1.809997	2.028522
19	11	6.691402	2.91178	1.810014	2.028464
19	11	6.703704	2.911578	1.810226	2.028643
19	11	6.71397	2.911429	1.810071	2.028611
19	11	6.725525	2.911433	1.810048	2.028651
19	11	6.737656	2.911393	1.810045	2.028687
19	11	6.748711	2.911353	1.81015	2.028564
19	11	6.759864	2.911318	1.810215	2.028499
19	11	6.771637	2.911336	1.810204	2.028512
19	11	6.782399	2.911327	1.810247	2.028455
19	11	6.792553	2.911297	1.81028	2.028406
19	11	6.805564	2.911405	1.810101	2.028245
19	11	6.816505	2.911803	1.810167	2.028463
19	11	6.82768	2.91188	1.810089	2.028735
19	11	6.839215	2.911707	1.810278	2.028883
19	11	6.849991	2.911617	1.810272	2.028814
19	11	6.861558	2.911622	1.810242	2.028971
19	11	6.872631	2.911811	1.810078	2.028944
19	11	6.883584	2.911845	1.810037	2.028935
19	11	6.895177	2.911842	1.810087	2.028828
19	11	6.906634	2.911754	1.810142	2.028705
19	11	6.917672	2.911505	1.809901	2.028703
19	11	6.929095	2.911263	1.810189	2.028792
19	11	6.94207	2.911119	1.810257	2.028631
19	11	6.951999	2.911184	1.810336	2.028791
19	11	6.963837	2.911176	1.810315	2.028721
19	11	6.97505	2.911438	1.810202	2.029098
19	11	6.989825	2.911556	1.810357	2.029007
19	11	7.003713	2.911808	1.810083	2.028737
19	11	7.015941	2.911616	1.809904	2.028574
19	11	7.02679	2.911551	1.809972	2.02864
19	11	7.039465	2.911419	1.810007	2.028447
19	11	7.05011	2.911446	1.810017	2.028415
19	11	7.060821	2.91157	1.809853	2.028255
18	11	7.074797	2.911431	1.809891	2.028067
18	11	7.088885	2.911578	1.810014	2.028041
18	11	7.100653	2.91161	1.810007	2.02799
18	11	7.111924	2.911407	1.810198	2.028053
18	11	7.122393	2.911223	1.809965	2.028003
18	11	7.134133	2.91123	1.809993	2.028089
18	11	7.145041	2.91112	1.810137	2.028487
18	11	7.155243	2.911355	1.810435	2.028586
18	11	7.167639	2.91145	1.810431	2.028476
18	11	7.178246	2.911426	1.810328	2.028438
17	11	7.189449	2.911274	1.810146	2.028505
17	11	7.202938	2.911477	1.810081	2.028845
17	11	7.216254	2.911429	1.810086	2.028788
17	11	7.225399	2.911411	1.810075	2.028782
17	11	7.238005	2.911474	1.810079	2.028959
17	11	7.250329	2.911501	1.810087	2.028945
17	11	7.261448	2.911595	1.810006	2.028844
17	11	7.273695	2.911504	1.81001	2.028737
17	11	7.284664	2.911708	1.810141	2.028847
17	11	7.295779	2.911734	1.810152	2.028837
16	11	7.307508	2.911612	1.810201	2.028649
16	11	7.317634	2.911542	1.810197	2.028597
16	11	7.327906	2.911463	1.810325	2.02869
16	11	7.340258	2.911449	1.810352	2.02865
16	11	7.351665	2.911299	1.810168	2.028689
16	11	7.363871	2.911227	1.810254	2.028711
16	11	7.375367	2.911401	1.81014	2.028985
16	11	7.385724	2.911563	1.810346	2.028874
16	11	7.397819	2.911483	1.810499	2.028982
16	11	7.409396	2.911585	1.810488	2.029082
16	11	7.419451	2.911397	1.8104	2.028849
15	11	7.431089	2.911584	1.810188	2.028623
15	11	7.442474	2.911483	1.810237	2.028451
15	11	7.453119	2.911544	1.810204	2.028569
15	11	7.46469	2.911561	1.810201	2.028558
15	11	7.476987	2.911727	1.810117	2.028745
15	11	7.487133	2.911811	1.810217	2.028584
15	11	7.499701	2.911771	1.810309	2.028642
15	11	7.511539	2.911735	1.810327	2.028554
15	11	7.521579	2.911591	1.81021	2.028512
15	11	7.532779	2.911563	1.81021	2.028445
15	11	7.54412	2.911667	1.810149	2.02857
14	11	7.554729	2.911512	1.809942	2.02854
14	11	7.567834	2.911254	1.810212	2.028801
14	11	7.579542	2.911122	1.810275	2.028656
14	11	7.590958	2.911078	1.810269	2.028664
14	11	7.604837	2.911054	1.810278	2.028681
14	11	7.61546	2.911071	1.810267	2.028718
14	11	7.625752	2.911079	1.810294	2.028754
14	11	7.638806	2.911236	1.810168	2.028874
14	11	7.649478	2.911236	1.810168	2.028874
14	11	7.659884	2.911314	1.81028	2.028761
14	11	7.671818	2.911532	1.810179	2.02901
13	11	7.682911	2.911532	1.810179	2.02901
13	11	7.693119	2.911532	1.810179	2.02901
13	11	7.705081	2.911506	1.810195	2.028817
13	11	7.719358	2.911592	1.810372	2.028831
13	11	7.741261	2.911625	1.810495	2.02909
13	11	7.765184	2.911751	1.810118	2.028763
13	11	7.785814	2.911407	1.810043	2.028678
13	11	7.808158	2.911149	1.810243	2.028665
13	11	7.831071	2.911479	1.81042	2.028568
13	11	7.853143	2.911508	1.810208	2.028646
13	11	7.87549	2.911498	1.810091	2.028244
13	11	7.898443	2.911445	1.810106	2.028312
13	11	7.919861	2.91139	1.810014	2.028329
13	11	7.942276	2.911609	1.809781	2.028296
13	11	7.964772	2.911475	1.809955	2.028341
13	11	7.987271	2.911463	1.810034	2.028402
13	11	8.01067	2.91154	1.809964	2.028318
13	11	8.032465	2.911414	1.810078	2.028525
14	11	8.056035	2.911463	1.810086	2.028503
14	11	8.076498	2.911619	1.809981	2.028549
14	11	8.102915	2.911574	1.810114	2.028544
14	11	8.121571	2.911489	1.80989	2.028364
14	11	8.143353	2.911798	1.810179	2.028169
15	11	8.166047	2.911605	1.810365	2.028554
15	11	8.188251	2.911363	1.810216	2.028348
15	11	8.200384	2.911377	1.810171	2.028267
15	11	8.211694	2.911549	1.810296	2.028325
15	11	8.221236	2.911561	1.810278	2.028328
15	11	8.233475	2.911807	1.810056	2.02809
15	11	8.245117	2.91185	1.810209	2.02792
15	11	8.255533	2.911875	1.810138	2.028058
15	11	8.268563	2.911815	1.810218	2.028074
15	11	8.280066	2.911676	1.810166	2.027916
16	11	8.291104	2.91169	1.810103	2.028124
16	11	8.304315	2.911544	1.810269	2.028241
16	11	8.314949	2.911669	1.810088	2.028549
16	11	8.325486	2.91166	1.810071	2.028555
16	11	8.337654	2.911844	1.809898	2.028387
16	11	8.349142	2.911814	1.81002	2.028191
16	11	8.361839	2.911838	1.809989	2.028311
16	11	8.374413	2.91211	1.80988	2.02848
16	11	8.385356	2.91211	1.80988	2.02848
16	11	8.395825	2.912162	1.809897	2.028452
17	11	8.408015	2.91219	1.809865	2.028457
17	11	8.418735	2.91173	1.809829	2.028013
17	11	8.429722	2.911719	1.809798	2.028017
17	11	8.441497	2.911585	1.809975	2.028131
17	11	8.453162	2.912055	1.810124	2.028389
17	11	8.464911	2.912092	1.810103	2.028319
17	11	8.475274	2.91178	1.810011	2.028084
17	11	8.493217	2.911825	1.809974	2.028098
17	11	8.507971	2.911763	1.810023	2.028119
17	11	8.518492	2.911661	1.809962	2.028063
18	11	8.530158	2.911652	1.809973	2.028128
18	11	8.54185	2.911842	1.809762	2.027967
18	11	8.552557	2.911998	1.809935	2.027915
18	11	8.564882	2.912026	1.809888	2.02801
18	11	8.575808	2.911866	1.809818	2.027782
18	11	8.586549	2.911866	1.809818	2.027782
18	11	8.598165	2.911889	1.809758	2.027841
18	11	8.612478	2.91168	1.809837	2.027778
18	11	8.622986	2.911658	1.809803	2.02793
18	11	8.634722	2.911766	1.809685	2.027812
18	11	8.646959	2.911835	1.809711	2.027783
19	11	8.657897	2.911848	1.809694	2.027822
19	11	8.670201	2.912018	1.809618	2.028114
19	11	8.682179	2.912051	1.809624	2.028118
19	11	8.69286	2.912097	1.809647	2.027943
19	11	8.705889	2.911965	1.809788	2.028087
19	11	8.717571	2.91219	1.810005	2.028123
19	11	8.72785	2.912192	1.809955	2.02833
19	11	8.739956	2.912221	1.809987	2.028323
19	11	8.75117	2.912025	1.810024	2.028133
19	11	8.763	2.912058	1.810039	2.028163
19	11	8.774708	2.912143	1.809986	2.028159
19	11	8.78492	2.912328	1.809834	2.028427
19	11	8.796651	2.912378	1.809849	2.028429
19	11	8.811226	2.911783	1.810014	2.028562
19	11	8.822374	2.911764	1.810075	2.028405
19	11	8.835183	2.912188	1.809737	2.028484
19	11	8.846112	2.912398	1.809867	2.02851
19	11	8.85555	2.912451	1.80987	2.028442
19	11	8.868095	2.912344	1.809882	2.028191
19	11	8.8794	2.912393	1.809886	2.028206
19	11	8.889461	2.912443	1.809842	2.028336
19	11	8.902652	2.912457	1.809875	2.028382
19	11	8.913796	2.91207	1.809738	2.0281
19	11	8.923291	2.912053	1.809847	2.027817
19	11	8.935172	2.912008	1.809865	2.027833
19	11	8.946733	2.911894	1.809933	2.027666
19	11	8.957424	2.911903	1.809848	2.027935
19	11	8.971745	2.912031	1.809694	2.027835
19	11	8.983131	2.912221	1.809888	2.027847
19	11	8.993871	2.912229	1.809846	2.027976
19	11	9.007749	2.9122	1.809885	2.028028
19	11	9.019956	2.91214	1.809564	2.028212
19	11	9.031422	2.911941	1.809772	2.028196
19	11	9.042359	2.911751	1.809871	2.027993
19	11	9.053483	2.911827	1.809975	2.028018
19	11	9.066304	2.911861	1.809981	2.027948
19	11	9.077663	2.912128	1.809867	2.028304
19	11	9.088029	2.912217	1.809971	2.028337
19	11	9.099624	2.912223	1.80998	2.028352
19	11	9.110554	2.912227	1.809977	2.028383
19	11	9.121961	2.911702	1.809847	2.028087
19	11	9.133538	2.911757	1.809756	2.027999
19	11	9.144898	2.911825	1.809695	2.02809
19	11	9.154675	2.91183	1.809724	2.028102
19	11	9.167227	2.911919	1.809619	2.028051
19	11	9.177786	2.911787	1.809604	2.027916
19	11	9.189306	2.911866	1.809801	2.027824
19	11	9.201134	2.911836	1.809798	2.027789
19	11	9.212447	2.911853	1.809765	2.027787
19	11	9.222931	2.911821	1.809738	2.027774
19	11	9.235148	2.911794	1.809808	2.027811
19	11	9.246437	2.911704	1.809707	2.027783
19	11	9.256765	2.911704	1.809707	2.027783
19	11	9.270713	2.91202	1.809499	2.028053
19	11	9.282372	2.912241	1.809698	2.028106
19	11	9.292865	2.912161	1.809814	2.028285
19	11	9.305524	2.912161	1.809814	2.028285
19	11	9.316365	2.912243	1.809923	2.028286
19	11	9.338277	2.912044	1.809974	2.02804
19	11	9.360775	2.911949	1.809924	2.028118
19	11	9.383288	2.911838	1.809948	2.027902
19	11	9.405852	2.912128	1.809751	2.028113
19	11	9.428316	2.911986	1.809653	2.028071
19	11	9.450276	2.9118	1.809514	2.027803
18	11	9.47471	2.911625	1.809483	2.02772
18	11	9.496873	2.911752	1.809808	2.027911
18	11	9.51724	2.911866	1.809581	2.02817
18	11	9.539813	2.911861	1.809556	2.027987
18	11	9.561857	2.911836	1.809497	2.027933
17	11	9.584107	2.911663	1.809434	2.027637
17	11	9.609019	2.911814	1.809349	2.027978
17	11	9.630759	2.911908	1.809626	2.02813
17	11	9.651532	2.91204	1.809893	2.027983
17	11	9.673844	2.912098	1.809855	2.027863
16	11	9.696919	2.911938	1.809663	2.027824
16	11	9.717958	2.912276	1.809733	2.028161
16	11	9.740933	2.911981	1.809956	2.027976
16	11	9.764032	2.911739	1.809757	2.02823
16	11	9.785245	2.911667	1.809797	2.028341
16	11	9.807602	2.91147	1.809744	2.027973
15	11	9.818907	2.911427	1.809756	2.027937
15	11	9.831277	2.911364	1.809868	2.028029
15	11	9.843202	2.911299	1.80991	2.027902
15	11	9.85452	2.911161	1.809847	2.027727
15	11	9.866667	2.911201	1.809799	2.027681
15	11	9.878434	2.911438	1.80969	2.027966
15	11	9.888942	2.911276	1.809508	2.027974
15	11	9.900827	2.911206	1.80959	2.028058
15	11	9.912506	2.911154	1.809549	2.028034
15	11	9.92378	2.911118	1.809692	2.027808
15	11	9.936707	2.911138	1.809583	2.027768
14	11	9.94815	2.911299	1.809532	2.027942
14	11	9.958542	2.911339	1.809564	2.027826
14	11	9.972001	2.911539	1.80941	2.027692
14	11	9.983344	2.911342	1.80944	2.027463
14	11	9.993381	2.911368	1.809394	2.027637
14	11	10.0077	2.91147	1.809368	2.02772
14	11	10.02668	2.911449	1.809327	2.027786
14	11	10.04041	2.911641	1.809278	2.027955
14	11	10.05175	2.912005	1.809589	2.027831
13	11	10.06309	2.911999	1.809676	2.027898
13	11	10.07621	2.911896	1.809465	2.02795
13	11	10.08675	2.911943	1.809456	2.028074
13	11	10.09859	2.911929	1.809491	2.028183
13	11	10.11037	2.911868	1.809536	2.028136
13	11	10.12156	2.91186	1.809638	2.02809
13	11	10.13755	2.911733	1.809721	2.028194
13	11	10.15128	2.91151	1.809725	2.027985
13	11	10.16307	2.911568	1.809688	2.027974
13	11	10.17561	2.911334	1.809713	2.027727
13	11	10.1863	2.911346	1.809716	2.027741
13	11	10.19718	2.911488	1.809583	2.027617
13	11	10.209	2.91145	1.809635	2.027489
13	11	10.21924	2.91148	1.809639	2.027519
13	11	10.23017	2.911462	1.809629	2.027464
13	11	10.24168	2.911277	1.809463	2.027382
13	11	10.25272	2.911297	1.809426	2.027454
13	11	10.26343	2.911341	1.80937	2.02739
13	11	10.27505	2.911206	1.809362	2.027266
13	11	10.28498	2.911206	1.809362	2.027266
13	11	10.2959	2.911234	1.809332	2.027332
13	11	10.30748	2.91134	1.809308	2.027453
13	11	10.31903	2.911344	1.809229	2.027563
13	11	10.33028	2.911447	1.809137	2.027517
13	11	10.34303	2.911652	1.809099	2.027703
13	11	10.35332	2.911707	1.809112	2.027523
13	11	10.36694	2.911545	1.80928	2.027723
13	11	10.37802	2.911705	1.809244	2.027883
13	11	10.38966	2.911781	1.809276	2.027867
13	11	10.40108	2.911916	1.809141	2.027821
13	11	10.41282	2.911756	1.809208	2.027584
13	11	10.42305	2.911752	1.809165	2.027586
13	11	10.43441	2.911558	1.809374	2.027778
13	11	10.44634	2.911593	1.809292	2.027928
13	11	10.45659	2.911517	1.809301	2.027738
13	11	10.47	2.911691	1.809134	2.027707
13	11	10.48139	2.911435	1.8093	2.027404
13	11	10.49177	2.911384	1.80928	2.027447
13	11	10.50672	2.911347	1.809346	2.027553
13	11	10.51781	2.911215	1.809344	2.027501
13	11	10.53054	2.911207	1.809303	2.027609
13	11	10.54231	2.911347	1.809247	2.027752
13	11	10.55401	2.911347	1.809263	2.027629
13	11	10.56566	2.911418	1.80921	2.027633
13	11	10.57752	2.911179	1.809193	2.027443
13	11	10.58848	2.911135	1.809236	2.027386
13	11	10.60108	2.911081	1.809243	2.02743
13	11	10.6133	2.911456	1.809512	2.027561
13	11	10.62317	2.911485	1.809526	2.02758
13	11	10.63535	2.911621	1.809414	2.027511
14	11	10.64899	2.911286	1.80941	2.027257
14	11	10.66196	2.911292	1.809368	2.027435
14	11	10.674	2.911214	1.809469	2.027475
14	11	10.68558	2.911454	1.809382	2.027756
14	11	10.69694	2.911472	1.809468	2.027718
14	11	10.70853	2.911444	1.80946	2.02773
14	11	10.72015	2.911156	1.809196	2.027634
14	11	10.73171	2.911145	1.809354	2.027362
14	11	10.74353	2.911002	1.809466	2.027157
14	11	10.75538	2.910984	1.809512	2.02727
15	11	10.76727	2.910983	1.809486	2.027294
15	11	10.78168	2.911372	1.809667	2.027516
15	11	10.79355	2.911372	1.809667	2.027516
15	11	10.80579	2.911475	1.809588	2.027648
15	11	10.82373	2.911005	1.809325	2.027433
15	11	10.84608	2.910775	1.809213	2.027353
15	11	10.86921	2.910771	1.809181	2.027225
16	11	10.89079	2.910859	1.809158	2.027229
16	11	10.9137	2.911472	1.808882	2.027197
16	11	10.93653	2.911469	1.808846	2.027408
16	11	10.95866	2.911286	1.808875	2.027113
16	11	10.98112	2.9111	1.809116	2.027664
16	11	11.00382	2.911239	1.808976	2.027292
17	11	11.02545	2.911197	1.808969	2.027188
17	11	11.04766	2.910846	1.809393	2.027483
17	11	11.07002	2.911087	1.809149	2.02776
17	11	11.09166	2.910903	1.808776	2.027547
17	11	11.11494	2.911092	1.809432	2.028646
18	11	11.13716	2.911192	1.808863	2.028032
18	11	11.15946	2.911393	1.809039	2.027771
18	11	11.18219	2.911161	1.809006	2.02762
18	11	11.20439	2.910865	1.809171	2.027285
18	11	11.2261	2.91083	1.808854	2.027418
18	11	11.24881	2.911065	1.809376	2.027515
19	11	11.27169	2.9108	1.809175	2.027384
19	11	11.29291	2.910664	1.809012	2.027324
19	11	11.31581	2.910826	1.808895	2.027404
19	11	11.32777	2.910863	1.809018	2.027355
19	11	11.34102	2.91089	1.808814	2.026981
19	11	11.35219	2.9111	1.80908	2.026884
19	11	11.36426	2.91102	1.80907	2.02697
19	11	11.37739	2.910899	1.809165	2.027023
19	11	11.38867	2.911031	1.809368	2.027182
19	11	11.40074	2.911142	1.809101	2.027075
19	11	11.41193	2.91127	1.80943	2.027234
19	11	11.42203	2.911171	1.809258	2.027081
19	11	11.43408	2.911043	1.809123	2.02705
19	11	11.44517	2.911009	1.809211	2.026895
19	11	11.45585	2.910938	1.808902	2.026943
19	11	11.46754	2.910735	1.809183	2.027122
19	11	11.47989	2.910874	1.809186	2.027177
19	11	11.4901	2.910903	1.809112	2.02734
19	11	11.50318	2.91092	1.808956	2.027241
19	11	11.51473	2.910813	1.808835	2.027191
19	11	11.52541	2.910797	1.809084	2.027182
19	11	11.53735	2.910845	1.809012	2.027288
19	11	11.54915	2.910898	1.809035	2.027411
19	11	11.56526	2.910946	1.809093	2.02732
19	11	11.57872	2.910883	1.809	2.027229
19	11	11.58931	2.910963	1.809065	2.027256
19	11	11.60076	2.911182	1.80884	2.027326
19	11	11.61172	2.911071	1.808673	2.02722
19	11	11.62237	2.911178	1.808812	2.027266
19	11	11.636	2.911008	1.809083	2.027421
19	11	11.64666	2.910901	1.809189	2.027282
19	11	11.65825	2.910811	1.809063	2.027186
19	11	11.67145	2.911022	1.80876	2.027081
19	11	11.68307	2.911074	1.808691	2.026752
19	11	11.69319	2.910905	1.808944	2.027008
19	11	11.70784	2.911076	1.809002	2.02715
19	11	11.71973	2.911112	1.808971	2.026997
19	11	11.73112	2.911132	1.808734	2.026879
19	11	11.74276	2.910998	1.808837	2.026895
19	11	11.75322	2.910735	1.808568	2.0268
19	11	11.76492	2.910555	1.808717	2.026837
19	11	11.77648	2.910543	1.808682	2.02683
19	11	11.7883	2.910848	1.809004	2.02676
19	11	11.79998	2.910933	1.808768	2.026669
19	11	11.81146	2.910911	1.808738	2.026729
19	11	11.82271	2.910836	1.808605	2.027002
18	11	11.83689	2.910644	1.808649	2.027116
18	11	11.85089	2.910662	1.808528	2.027042
18	11	11.86253	2.910715	1.808573	2.026998
18	11	11.87604	2.910685	1.80846	2.026917
18	11	11.8878	2.911014	1.808892	2.026916
18	11	11.90001	2.911018	1.808805	2.026613
18	11	11.9113	2.910934	1.808919	2.026425
18	11	11.92262	2.910712	1.808703	2.026256
18	11	11.93458	2.910668	1.808663	2.026219
18	11	11.94808	2.910648	1.808762	2.026227
17	11	11.9603	2.91041	1.808821	2.026499
17	11	11.97346	2.910405	1.808829	2.026608
17	11	11.98553	2.91042	1.808807	2.026803
17	11	11.99888	2.910432	1.808751	2.026766
17	11	12.01227	2.91039	1.808775	2.026666
17	11	12.0241	2.910508	1.808829	2.026661
17	11	12.03762	2.910516	1.808829	2.026644
17	11	12.04841	2.910852	1.8087	2.027087
17	11	12.05871	2.910893	1.808703	2.027254
17	11	12.07277	2.910782	1.808774	2.02728
16	11	12.08352	2.910994	1.808949	2.027482
16	11	12.09338	2.910994	1.808949	2.027482
16	11	12.10563	2.911054	1.809012	2.027533
16	11	12.11651	2.911054	1.809012	2.027533
16	11	12.12642	2.911172	1.809027	2.027621
16	11	12.14258	2.911028	1.808516	2.027403
16	11	12.16658	2.911069	1.808596	2.027063
16	11	12.18678	2.910828	1.808678	2.026938
15	11	12.20919	2.910865	1.808612	2.026912
15	11	12.23243	2.910627	1.808718	2.027155
15	11	12.25327	2.910604	1.808628	2.027167
15	11	12.27597	2.910553	1.808726	2.026953
15	11	12.29971	2.910622	1.808651	2.026756
14	11	12.32105	2.910635	1.808531	2.026945
14	11	12.3431	2.910379	1.808524	2.027326
14	11	12.36672	2.910162	1.808873	2.027146
14	11	12.38809	2.910365	1.809064	2.026881
14	11	12.40994	2.910165	1.807969	2.026622
14	11	12.43327	2.910026	1.808228	2.026492
13	11	12.45487	2.910647	1.809064	2.026642
13	11	12.477	2.910693	1.808794	2.027075
13	11	12.50023	2.910506	1.808991	2.027272
13	11	12.52166	2.910537	1.809272	2.027336
13	11	12.5439	2.910623	1.808776	2.026871
13	11	12.56725	2.910697	1.80876	2.026987
13	11	12.58888	2.910441	1.808305	2.026793
13	11	12.61151	2.910643	1.808304	2.02671
13	11	12.62296	2.910513	1.808074	2.026724
13	11	12.63485	2.910506	1.808142	2.02677
13	11	12.64622	2.910576	1.808571	2.026567
13	11	12.65691	2.9106	1.808476	2.026504
13	11	12.66877	2.910337	1.808858	2.026779
13	11	12.68025	2.910551	1.808884	2.027052
13	11	12.69108	2.910516	1.808682	2.027137
13	11	12.70226	2.910494	1.808848	2.027201
13	11	12.71439	2.91073	1.809053	2.027337
13	11	12.72529	2.910744	1.808859	2.02727
13	11	12.73766	2.9109	1.808862	2.02714
13	11	12.74885	2.910778	1.808764	2.027159
13	11	12.75935	2.910829	1.808779	2.027248
13	11	12.77147	2.91079	1.808804	2.027324
13	11	12.78499	2.910767	1.808456	2.027553
13	11	12.79603	2.910768	1.808525	2.027561
13	11	12.80861	2.910795	1.808394	2.027601
13	11	12.82006	2.910898	1.808561	2.027603
13	11	12.82966	2.910977	1.808666	2.027578
13	11	12.84317	2.910647	1.808472	2.027122
13	11	12.85434	2.910633	1.808599	2.026886
13	11	12.86746	2.910401	1.808765	2.027028
13	11	12.87992	2.91021	1.808686	2.026917
13	11	12.89083	2.910219	1.808734	2.026845
14	11	12.90605	2.910214	1.808631	2.026673
14	11	12.91852	2.910263	1.808696	2.02662
14	11	12.92973	2.910263	1.808672	2.026542
14	11	12.94188	2.910321	1.808654	2.02648
14	11	12.95314	2.910676	1.8085	2.026848
14	11	12.96441	2.91066	1.808521	2.026807
14	11	12.97703	2.910531	1.808591	2.026886
14	11	12.98798	2.910646	1.80873	2.02688
14	11	12.99854	2.91063	1.808751	2.026857
14	11	13.01185	2.910491	1.808645	2.026675
15	11	13.02496	2.910506	1.808639	2.026653
15	11	13.03885	2.910436	1.808687	2.02667
15	11	13.05033	2.910841	1.808819	2.026914
15	11	13.06066	2.910856	1.808844	2.026864
15	11	13.07341	2.910773	1.808939	2.026956
15	11	13.0853	2.910779	1.809059	2.026889
15	11	13.09538	2.910826	1.809065	2.027098
15	11	13.11096	2.910777	1.808869	2.02676
15	11	13.12184	2.910777	1.808869	2.02676
15	11	13.13419	2.910777	1.808786	2.026704
16	11	13.14712	2.910495	1.808517	2.026649
16	11	13.1582	2.91048	1.808509	2.026549
16	11	13.17184	2.910686	1.808406	2.026782
16	11	13.18421	2.910669	1.808372	2.026771
16	11	13.19409	2.910669	1.808372	2.026771
16	11	13.20586	2.910613	1.808301	2.026767
16	11	13.22547	2.910343	1.80824	2.026736
16	11	13.24885	2.910499	1.808268	2.026823
17	11	13.27097	2.9104	1.808256	2.026728
17	11	13.29265	2.910362	1.80853	2.026843
17	11	13.3154	2.910704	1.808537	2.027021
17	11	13.33826	2.910647	1.808537	2.02666
17	11	13.35976	2.91073	1.808623	2.026743
17	11	13.38242	2.910453	1.808883	2.026863
18	11	13.40556	2.910773	1.808666	2.026822
18	11	13.4269	2.910665	1.808527	2.026651
18	11	13.4491	2.910598	1.808415	2.02675
18	11	13.4718	2.91051	1.808452	2.026803
18	11	13.49372	2.910463	1.808163	2.026893
19	11	13.51634	2.910721	1.808409	2.026965
19	11	13.54106	2.910732	1.808413	2.027026
19	11	13.56149	2.910772	1.808599	2.027048
19	11	13.58336	2.910386	1.808467	2.026774
19	11	13.60655	2.910172	1.808591	2.026588
19	11	13.62784	2.909987	1.808687	2.026533
18	11	13.65014	2.909886	1.808693	2.026616
18	11	13.67298	2.910085	1.80839	2.026507
18	11	13.69654	2.910504	1.808707	2.026567
18	11	13.71118	2.91047	1.808621	2.026552
18	11	13.72229	2.910471	1.808272	2.026725
18	11	13.73267	2.910456	1.808587	2.026919
18	11	13.7447	2.910674	1.8083	2.027123
17	11	13.7546	2.910746	1.808496	2.026871
17	11	13.76661	2.910871	1.808463	2.026898
17	11	13.77912	2.911116	1.808348	2.027038
17	11	13.79266	2.910657	1.80844	2.027254
17	11	13.80247	2.910657	1.80844	2.027254
17	11	13.81273	2.910544	1.808507	2.027308
17	11	13.82293	2.910425	1.808431	2.027047
17	11	13.8344	2.910312	1.808607	2.027199
17	11	13.84623	2.91006	1.808707	2.026944
17	11	13.85867	2.910299	1.808995	2.027041
17	11	13.87024	2.910292	1.808941	2.027045
16	11	13.88087	2.910392	1.808921	2.027156
16	11	13.89347	2.910476	1.808572	2.027116
16	11	13.90405	2.910476	1.808572	2.027116
16	11	13.91533	2.909962	1.80841	2.026642
16	11	13.92739	2.909935	1.808521	2.026673
16	11	13.93781	2.909935	1.808521	2.026673
16	11	13.94929	2.910022	1.808348	2.026855
16	11	13.96138	2.910269	1.808347	2.026934
16	11	13.97261	2.910323	1.808282	2.026976
16	11	13.98372	2.910463	1.808412	2.02685
15	11	13.9966	2.910551	1.808345	2.026753
15	11	14.00891	2.91064	1.808252	2.026802
15	11	14.02176	2.910542	1.808127	2.026675
15	11	14.03452	2.910348	1.808356	2.026832
15	11	14.04479	2.910455	1.808319	2.026916
15	11	14.05697	2.910414	1.808301	2.026736
15	11	14.06806	2.910427	1.808291	2.02666
15	11	14.07838	2.910308	1.808306	2.02653
15	11	14.09198	2.910417	1.808436	2.026566
15	11	14.10326	2.910336	1.808484	2.026628
15	11	14.11373	2.910438	1.80846	2.026772
14	11	14.12613	2.910455	1.80845	2.026885
14	11	14.13699	2.910406	1.808453	2.026934
14	11	14.14665	2.910511	1.80844	2.027089
14	11	14.15825	2.910554	1.808604	2.026824
14	11	14.17204	2.910495	1.808708	2.026893
14	11	14.18978	2.910505	1.808847	2.026915
14	11	14.207	2.910661	1.808585	2.026873
14	11	14.2211	2.910695	1.808559	2.026789
14	11	14.23344	2.910801	1.808496	2.026768
13	11	14.24407	2.910567	1.808564	2.026527
13	11	14.2566	2.910291	1.808358	2.026475
13	11	14.26989	2.910233	1.808313	2.026454
13	11	14.28115	2.910233	1.808313	2.026454
13	11	14.29565	2.91041	1.808362	2.02654
13	11	14.31011	2.910128	1.808549	2.026572
13	11	14.33341	2.91011	1.808561	2.026679
13	11	14.35578	2.910401	1.808591	2.026975
13	11	14.37756	2.910564	1.80828	2.026825
13	11	14.40009	2.910533	1.808308	2.027046
13	11	14.42277	2.910486	1.808249	2.027012
13	11	14.44492	2.910387	1.808531	2.026744
13	11	14.46756	2.910326	1.808579	2.026822
13	11	14.49215	2.910457	1.808813	2.026714
13	11	14.51152	2.910414	1.80854	2.026469
13	11	14.53363	2.910343	1.808592	2.026449
13	11	14.55684	2.910271	1.808418	2.026663
13	11	14.57826	2.910018	1.808518	2.026538
13	11	14.60526	2.909931	1.808561	2.026756
13	11	14.62324	2.910086	1.808535	2.026984
13	11	14.64483	2.910455	1.808229	2.026892
13	11	14.66768	2.910338	1.808354	2.026833
13	11	14.69013	2.910255	1.808334	2.026731
13	11	14.71296	2.910072	1.808463	2.026681
13	11	14.73465	2.90998	1.808473	2.026522
13	11	14.75779	2.910037	1.808574	2.026537
13	11	14.77921	2.910172	1.808573	2.026526
13	11	14.79354	2.910181	1.808546	2.026627
13	11	14.80614	2.910116	1.808622	2.026637
13	11	14.81826	2.91047	1.808594	2.026967
13	11	14.83312	2.910728	1.808429	2.026612
13	11	14.84594	2.910473	1.808309	2.026391
13	11	14.85956	2.91046	1.808291	2.026428
13	11	14.87807	2.91041	1.808276	2.026233
13	11	14.89091	2.910448	1.80823	2.026342
13	11	14.90667	2.910275	1.80843	2.026523
13	11	14.91984	2.910377	1.808252	2.026784
13	11	14.93265	2.910239	1.808365	2.02682
13	11	14.94405	2.91046	1.808612	2.026845
13	11	14.96027	2.91047	1.808673	2.02672
13	11	14.97176	2.910551	1.808624	2.026656
13	11	14.98346	2.910397	1.808311	2.026746
13	11	14.99675	2.910408	1.808287	2.02675
13	11	15.01352	2.910431	1.808234	2.026866
13	11	15.02656	2.910414	1.808218	2.026875
13	11	15.03861	2.910111	1.808371	2.026556
13	11	15.04976	2.910079	1.808367	2.026554
13	11	15.06193	2.910082	1.80837	2.02646
13	11	15.07386	2.910093	1.808306	2.026344
13	11	15.0892	2.910402	1.808695	2.026224
13	11	15.10193	2.910327	1.808815	2.026264
13	11	15.1133	2.910378	1.808525	2.026549
13	11	15.12752	2.910378	1.808525	2.026549
13	11	15.14107	2.910433	1.808389	2.026777
13	11	15.1596	2.910458	1.808609	2.026699
13	11	15.1809	2.910224	1.808448	2.02685
13	11	15.20304	2.910034	1.808542	2.026834
13	11	15.22547	2.910123	1.808761	2.026787
13	11	15.24743	2.909911	1.808423	2.026627
13	11	15.27436	2.910079	1.808175	2.026385
13	11	15.29253	2.910402	1.808615	2.026676
13	11	15.3143	2.910199	1.808551	2.026784
13	11	15.33653	2.910363	1.808333	2.026686
13	11	15.35897	2.910637	1.808351	2.02665
13	11	15.38658	2.910569	1.808479	2.026422
Movements:
Playtime: 15.38658 seconds
