x	y	time	x-coordinate	y-coordinate	z-coordinate
15	11	0.0442107	2.896872	1.801562	2.019536
15	11	0.0635843	2.896951	1.801412	2.019331
15	11	0.0791	2.897204	1.801671	2.019324
15	11	0.091585	2.897361	1.801649	2.019503
15	11	0.1030769	2.897463	1.80176	2.019407
15	11	0.1145673	2.897396	1.801824	2.019379
15	11	0.1248654	2.897396	1.801824	2.019379
15	11	0.1345093	2.89741	1.801861	2.019344
15	11	0.1431124	2.897211	1.801664	2.019372
15	11	0.1550576	2.89709	1.801742	2.019436
15	11	0.1653078	2.897031	1.801825	2.019399
15	11	0.1744885	2.897031	1.801739	2.019692
15	11	0.1852623	2.896974	1.80174	2.019652
15	11	0.1959057	2.89696	1.801849	2.019966
15	11	0.205505	2.896996	1.801889	2.020045
15	11	0.2143709	2.897023	1.801844	2.019973
15	11	0.2255882	2.89708	1.801815	2.020065
15	11	0.2350133	2.89708	1.801815	2.020065
15	11	0.2445568	2.896966	1.801748	2.019982
15	11	0.2579964	2.896981	1.80171	2.019907
15	11	0.2679265	2.896861	1.80173	2.019752
15	11	0.2784661	2.896872	1.80171	2.019891
15	11	0.2933825	2.896761	1.80184	2.019866
15	11	0.3039714	2.896761	1.801841	2.019853
15	11	0.3120279	2.896761	1.801841	2.019853
15	11	0.3247981	2.89677	1.801878	2.019761
15	11	0.3353127	2.896749	1.801893	2.01966
15	11	0.3445787	2.896837	1.80189	2.019924
15	11	0.3575332	2.896903	1.801861	2.019795
15	11	0.3679914	2.897032	1.801835	2.019869
15	11	0.3770058	2.897026	1.801801	2.019889
15	11	0.3878016	2.897048	1.801805	2.019809
15	11	0.3983339	2.896941	1.801982	2.019893
15	11	0.4089428	2.896912	1.801927	2.019832
15	11	0.4234605	2.896952	1.801943	2.019724
15	11	0.4369785	2.897276	1.801819	2.020019
15	11	0.4470998	2.897392	1.801897	2.020052
15	11	0.4582044	2.897552	1.80176	2.019869
15	11	0.4677976	2.897454	1.801806	2.019629
15	11	0.4763677	2.89739	1.80175	2.019492
15	11	0.4868459	2.897298	1.801856	2.0195
15	11	0.4963507	2.897241	1.801882	2.019375
15	11	0.507699	2.897343	1.80197	2.019423
15	11	0.5190775	2.897195	1.802155	2.019506
15	11	0.5296288	2.897509	1.802043	2.019867
15	11	0.5403674	2.897296	1.801883	2.019601
15	11	0.5527354	2.897341	1.80188	2.019541
15	11	0.5630654	2.89756	1.801779	2.019745
15	11	0.5739346	2.897713	1.801867	2.019811
15	11	0.5861269	2.897669	1.801906	2.019798
15	11	0.5969101	2.897637	1.801925	2.019711
15	11	0.607637	2.897542	1.801847	2.019584
15	11	0.6196703	2.897535	1.80183	2.019529
15	11	0.6306625	2.897648	1.801805	2.019597
15	11	0.6412405	2.897742	1.801863	2.019563
15	11	0.6529397	2.897559	1.802047	2.019696
15	11	0.6648472	2.897489	1.802099	2.019585
15	11	0.6746455	2.897216	1.801802	2.019546
15	11	0.6865114	2.897235	1.801704	2.01944
15	11	0.6972896	2.897199	1.801699	2.019317
15	11	0.711807	2.897312	1.801774	2.019421
15	11	0.7236867	2.89725	1.801845	2.019428
15	11	0.7341032	2.897504	1.801734	2.019691
15	11	0.7428653	2.897745	1.801907	2.019777
15	11	0.7533345	2.897755	1.80193	2.019791
15	11	0.7640367	2.897574	1.802019	2.019492
15	11	0.7749893	2.897425	1.801857	2.019373
15	11	0.7864434	2.897294	1.80202	2.019412
15	11	0.7974677	2.897333	1.802224	2.019255
15	11	0.8085444	2.897317	1.802195	2.019337
15	11	0.8207992	2.897445	1.802075	2.019137
15	11	0.8333713	2.897527	1.801828	2.01932
15	11	0.8422922	2.897522	1.801799	2.019243
15	11	0.853833	2.897445	1.801912	2.019266
15	11	0.8654305	2.897629	1.801968	2.019296
15	11	0.8754904	2.897621	1.801841	2.019432
15	11	0.8873898	2.897443	1.802089	2.019578
15	11	0.898742	2.897515	1.801845	2.019804
15	11	0.9090944	2.897494	1.80187	2.019709
15	11	0.9212017	2.897372	1.801919	2.019789
15	11	0.9316917	2.89728	1.801888	2.019701
15	11	0.9424167	2.897267	1.802026	2.019589
15	11	0.9543692	2.897388	1.801703	2.019359
15	11	0.9656928	2.897301	1.8018	2.019218
15	11	0.976483	2.897514	1.802072	2.019131
15	11	0.9879493	2.897321	1.802223	2.019164
15	11	0.998832	2.897574	1.801992	2.019471
15	11	1.009747	2.897608	1.801996	2.019467
15	11	1.021511	2.897713	1.801904	2.019321
15	11	1.032375	2.897593	1.801973	2.019022
15	11	1.043234	2.897606	1.801865	2.019226
15	11	1.055326	2.897464	1.801974	2.019263
15	11	1.066183	2.897374	1.801873	2.019195
15	11	1.076742	2.89736	1.801779	2.019256
15	11	1.08874	2.897409	1.801698	2.019118
15	11	1.099288	2.897449	1.801644	2.01906
15	11	1.109954	2.897455	1.801574	2.019146
15	11	1.122097	2.897271	1.801746	2.019269
15	11	1.13353	2.89782	1.801927	2.019595
15	11	1.143418	2.89782	1.801961	2.019506
15	11	1.155272	2.897803	1.801966	2.019506
15	11	1.166206	2.8976	1.801925	2.019258
15	11	1.177114	2.897614	1.801886	2.019346
15	11	1.189111	2.897577	1.801943	2.019343
15	11	1.200137	2.897719	1.801906	2.019457
15	11	1.210444	2.89773	1.80185	2.019579
15	11	1.222794	2.897682	1.801931	2.019629
15	11	1.233179	2.897614	1.802077	2.019415
15	11	1.244094	2.897622	1.802042	2.019596
15	11	1.256068	2.897598	1.802091	2.019557
15	11	1.26668	2.897585	1.802031	2.019474
15	11	1.277664	2.897593	1.802066	2.019447
15	11	1.290423	2.897505	1.802197	2.019432
15	11	1.300906	2.897683	1.801953	2.019715
15	11	1.311257	2.897695	1.801955	2.019661
15	11	1.325256	2.897696	1.80197	2.019646
15	11	1.334874	2.897659	1.801921	2.019623
15	11	1.344987	2.897651	1.80192	2.01957
15	11	1.356574	2.89764	1.80187	2.019471
15	11	1.36766	2.89771	1.80192	2.019446
15	11	1.377925	2.897699	1.801977	2.019424
15	11	1.390049	2.897622	1.802005	2.019365
15	11	1.401034	2.897422	1.801956	2.019179
15	11	1.411982	2.897408	1.801869	2.019203
15	11	1.423572	2.897344	1.801943	2.019176
15	11	1.434676	2.897804	1.802326	2.01923
15	11	1.445345	2.897816	1.802198	2.019526
15	11	1.457069	2.897779	1.802243	2.019519
15	11	1.468035	2.897591	1.802102	2.019425
15	11	1.478956	2.897601	1.802012	2.019613
15	11	1.49077	2.897416	1.802224	2.019766
15	11	1.501545	2.897635	1.802106	2.020088
15	11	1.512537	2.897607	1.802146	2.019945
15	11	1.527315	2.897634	1.802107	2.019878
15	11	1.541298	2.897685	1.80225	2.019757
15	11	1.55447	2.897711	1.802209	2.019773
15	11	1.565325	2.897711	1.802209	2.019773
15	11	1.574749	2.897808	1.802154	2.019865
15	11	1.587455	2.897819	1.802119	2.019772
15	11	1.598816	2.897794	1.802249	2.019793
15	11	1.608046	2.897875	1.802002	2.019999
15	11	1.621851	2.897707	1.802139	2.020154
15	11	1.63473	2.89789	1.802203	2.02023
15	11	1.643143	2.89789	1.802203	2.02023
15	11	1.65331	2.897914	1.80225	2.020042
15	11	1.663941	2.897942	1.802199	2.019957
15	11	1.673579	2.898017	1.802167	2.020025
15	11	1.68337	2.89804	1.802187	2.019937
15	11	1.692593	2.898083	1.802168	2.019863
15	11	1.702576	2.898009	1.802228	2.019633
15	11	1.71314	2.898015	1.802215	2.019685
15	11	1.72486	2.898019	1.802206	2.019598
15	11	1.737362	2.89765	1.802053	2.019289
15	11	1.747858	2.897634	1.802037	2.019219
15	11	1.758396	2.897453	1.802188	2.019296
15	11	1.769254	2.897571	1.802295	2.019281
15	11	1.780018	2.897552	1.802274	2.019436
15	11	1.793694	2.897612	1.80219	2.019312
15	11	1.805575	2.897883	1.802046	2.019542
15	11	1.817214	2.897888	1.802052	2.019506
15	11	1.831361	2.897907	1.802138	2.019869
15	11	1.843378	2.897774	1.801996	2.019807
15	11	1.855427	2.897756	1.802049	2.019596
15	11	1.867156	2.897762	1.8021	2.019376
15	11	1.876537	2.897762	1.8021	2.019376
15	11	1.887533	2.89778	1.80203	2.019492
15	11	1.897674	2.89786	1.802079	2.019962
15	11	1.909297	2.898063	1.802348	2.019938
15	11	1.920179	2.898057	1.802324	2.019972
15	11	1.937094	2.897907	1.802461	2.019683
15	11	1.945998	2.897918	1.802462	2.01959
15	11	1.956724	2.897789	1.802659	2.019669
15	11	1.968729	2.897897	1.802418	2.019972
15	11	1.978327	2.897897	1.802418	2.019972
15	11	1.989602	2.898086	1.802163	2.019864
15	11	2.001784	2.898149	1.802383	2.019725
15	11	2.011529	2.898149	1.802383	2.019725
15	11	2.027513	2.898078	1.802398	2.019464
15	11	2.039287	2.897894	1.802236	2.019367
15	11	2.051794	2.897746	1.802408	2.019476
15	11	2.067592	2.898039	1.802283	2.019778
15	11	2.078002	2.898039	1.802283	2.019778
15	11	2.095594	2.898059	1.802161	2.019811
15	11	2.109556	2.898228	1.80231	2.019794
15	11	2.121762	2.898086	1.802498	2.019961
15	11	2.133434	2.898092	1.802509	2.019948
15	11	2.144084	2.897969	1.802402	2.019899
15	11	2.154528	2.897921	1.802454	2.019989
15	11	2.166479	2.897852	1.802475	2.019876
15	11	2.178915	2.89795	1.802544	2.019973
15	11	2.189878	2.898049	1.802522	2.02002
15	11	2.205119	2.897978	1.802418	2.020084
15	11	2.214485	2.897922	1.802493	2.020097
15	11	2.226823	2.897828	1.802536	2.019971
15	11	2.23681	2.897867	1.802631	2.019927
15	11	2.245943	2.897867	1.802631	2.019927
15	11	2.259654	2.89792	1.802512	2.019793
15	11	2.26941	2.897991	1.802539	2.019961
15	11	2.278241	2.897991	1.802539	2.019961
15	11	2.290885	2.898037	1.802501	2.019867
15	11	2.306015	2.898148	1.80241	2.019936
15	11	2.318509	2.898058	1.802523	2.020169
15	11	2.330482	2.897939	1.802555	2.020005
15	11	2.340094	2.897936	1.802581	2.019958
15	11	2.349621	2.8982	1.802268	2.019689
15	11	2.360562	2.89834	1.802172	2.019787
15	11	2.370738	2.898198	1.801972	2.019648
15	11	2.381132	2.897875	1.802333	2.019903
15	11	2.392239	2.89782	1.802332	2.019834
15	11	2.402658	2.89782	1.802332	2.019834
15	11	2.412013	2.897716	1.802284	2.019681
15	11	2.423207	2.897828	1.802142	2.019492
15	11	2.435862	2.897846	1.802099	2.019448
15	11	2.445104	2.898138	1.802316	2.019662
15	11	2.455448	2.898008	1.802484	2.019745
15	11	2.466462	2.898059	1.802468	2.019755
15	11	2.476568	2.898013	1.802355	2.019865
15	11	2.487861	2.897957	1.802453	2.019885
15	11	2.497995	2.898087	1.802384	2.020023
15	11	2.509302	2.898316	1.802601	2.020089
15	11	2.520387	2.898417	1.802569	2.019992
15	11	2.531992	2.898486	1.80256	2.020015
15	11	2.541991	2.898371	1.802412	2.019964
15	11	2.552792	2.898219	1.802595	2.020062
15	11	2.563931	2.898098	1.802645	2.019872
15	11	2.574341	2.89785	1.802426	2.019814
15	11	2.585336	2.897879	1.802359	2.019729
15	11	2.596524	2.898089	1.802242	2.019969
15	11	2.608108	2.89795	1.802082	2.019954
15	11	2.619579	2.89788	1.802115	2.019989
15	11	2.632147	2.897983	1.802013	2.020146
15	11	2.64275	2.898123	1.802166	2.020092
15	11	2.656967	2.89804	1.802231	2.020168
15	11	2.669994	2.898026	1.802211	2.020164
15	11	2.678793	2.898136	1.802302	2.020139
15	11	2.693913	2.897989	1.802324	2.019787
15	11	2.706799	2.898004	1.802323	2.019854
15	11	2.717068	2.897954	1.802352	2.019845
15	11	2.727914	2.898208	1.802237	2.02009
15	11	2.738686	2.898186	1.802172	2.020107
15	11	2.750226	2.898177	1.802186	2.020067
15	11	2.762242	2.898228	1.802162	2.020096
15	11	2.771953	2.898329	1.802246	2.020057
15	11	2.781252	2.898329	1.802246	2.020057
15	11	2.794779	2.898232	1.802333	2.019695
15	11	2.807797	2.898325	1.802408	2.019687
15	11	2.825205	2.898243	1.802544	2.019731
15	11	2.836183	2.898462	1.802481	2.019915
15	11	2.845373	2.898494	1.802476	2.019893
15	11	2.85503	2.898363	1.802668	2.020002
15	11	2.866529	2.898269	1.802718	2.01985
15	11	2.87684	2.898175	1.802587	2.019979
15	11	2.887385	2.898154	1.802618	2.019937
15	11	2.898877	2.898175	1.802613	2.01995
15	11	2.908678	2.898131	1.802595	2.019969
15	11	2.919918	2.898214	1.802467	2.019788
15	11	2.935037	2.898314	1.802576	2.019753
15	11	2.943888	2.898344	1.802505	2.019923
15	11	2.954644	2.898241	1.802606	2.019969
15	11	2.966132	2.898133	1.802597	2.019878
15	11	2.976326	2.898118	1.80254	2.020026
15	11	2.986845	2.898121	1.802536	2.019965
15	11	2.998975	2.898405	1.802456	2.020246
15	11	3.009101	2.898429	1.802429	2.020286
15	11	3.019011	2.898407	1.802473	2.020293
15	11	3.030711	2.898171	1.802313	2.020144
15	11	3.042303	2.898153	1.802315	2.020039
14	11	3.060072	2.898297	1.802167	2.019832
14	11	3.073126	2.898331	1.802194	2.019743
14	11	3.084753	2.898103	1.802434	2.019959
14	11	3.097145	2.898302	1.802359	2.020167
14	11	3.107672	2.898233	1.802299	2.020138
14	11	3.118989	2.898266	1.802217	2.020018
14	11	3.135571	2.898451	1.802298	2.020063
14	11	3.14565	2.898468	1.802266	2.020039
14	11	3.157098	2.898287	1.80249	2.020171
14	11	3.170656	2.898126	1.802544	2.019962
13	11	3.185149	2.898254	1.802655	2.019897
13	11	3.196321	2.898254	1.802655	2.019897
13	11	3.207214	2.898448	1.802389	2.0202
13	11	3.223364	2.898397	1.802443	2.020133
13	11	3.233898	2.898476	1.802522	2.020067
13	11	3.245333	2.898503	1.80249	2.020084
13	11	3.25767	2.898493	1.802536	2.020083
13	11	3.270043	2.89841	1.802576	2.01993
13	11	3.279011	2.898395	1.802582	2.01987
13	11	3.291088	2.89825	1.8028	2.019981
13	11	3.302242	2.898336	1.802643	2.020135
13	11	3.313032	2.898347	1.802575	2.020289
13	11	3.327281	2.898314	1.802618	2.020297
13	11	3.338403	2.898413	1.802588	2.020431
13	11	3.348036	2.898411	1.802588	2.02042
13	11	3.360774	2.898645	1.802366	2.02021
13	11	3.371534	2.898634	1.802366	2.020161
13	11	3.381653	2.898726	1.802394	2.020288
13	11	3.393843	2.898479	1.802723	2.020556
13	11	3.405192	2.898299	1.802875	2.020298
13	11	3.414822	2.898294	1.802894	2.020265
13	11	3.428065	2.898413	1.802784	2.020091
13	11	3.439089	2.898466	1.802656	2.020225
13	11	3.448453	2.898451	1.802633	2.020234
13	11	3.461371	2.89851	1.802632	2.020169
13	11	3.472199	2.898427	1.802397	2.020267
13	11	3.483183	2.89838	1.802398	2.020183
13	11	3.495711	2.898198	1.802585	2.020287
13	11	3.506548	2.898335	1.802742	2.020279
13	11	3.51529	2.89832	1.802772	2.020139
13	11	3.527588	2.898533	1.80256	2.019909
13	11	3.537889	2.898346	1.802576	2.019686
13	11	3.547238	2.898314	1.802509	2.019886
13	11	3.560488	2.898158	1.802697	2.019958
13	11	3.571407	2.898235	1.802729	2.019981
13	11	3.580425	2.898204	1.802746	2.019935
13	11	3.592084	2.898172	1.8028	2.019884
13	11	3.603221	2.898277	1.802819	2.019927
13	11	3.614365	2.898284	1.802774	2.020054
13	11	3.628613	2.898385	1.802699	2.019919
13	11	3.639552	2.898535	1.8026	2.020078
13	11	3.649068	2.89853	1.802597	2.020002
14	11	3.664351	2.898625	1.802525	2.019893
14	11	3.677958	2.898485	1.802201	2.019905
14	11	3.688571	2.898303	1.802365	2.020053
14	11	3.699542	2.898263	1.802281	2.020048
14	11	3.710351	2.898244	1.802204	2.02003
14	11	3.721066	2.898244	1.802204	2.02003
14	11	3.731017	2.898184	1.802244	2.020041
14	11	3.743859	2.898642	1.802475	2.020359
14	11	3.757735	2.898595	1.802572	2.020442
14	11	3.767888	2.898539	1.802515	2.020436
15	11	3.776872	2.898539	1.802515	2.020436
15	11	3.788693	2.898367	1.802662	2.020598
15	11	3.800313	2.898204	1.802639	2.020485
15	11	3.812027	2.898179	1.80267	2.020324
15	11	3.826035	2.898307	1.802541	2.020188
15	11	3.837453	2.898523	1.802597	2.020311
15	11	3.846764	2.898525	1.802638	2.020265
15	11	3.860193	2.898354	1.802815	2.020372
15	11	3.871132	2.898335	1.802926	2.020236
15	11	3.88265	2.898316	1.802981	2.020124
15	11	3.896307	2.89838	1.802917	2.019961
15	11	3.906751	2.89835	1.802796	2.019975
15	11	3.916768	2.89835	1.802735	2.020074
15	11	3.92811	2.898502	1.80263	2.01993
15	11	3.938797	2.898557	1.802715	2.01986
15	11	3.948069	2.898566	1.802608	2.020048
15	11	3.959137	2.898398	1.802838	2.020169
15	11	3.970269	2.898715	1.802761	2.020462
15	11	3.980596	2.898736	1.802762	2.020505
15	11	3.99691	2.898795	1.802706	2.020407
15	11	4.007561	2.898791	1.802675	2.020391
15	11	4.017809	2.898812	1.802718	2.020202
15	11	4.029476	2.898872	1.802668	2.020142
15	11	4.039864	2.898905	1.802671	2.020112
15	11	4.048872	2.898918	1.802613	2.020185
15	11	4.061769	2.898828	1.802734	2.020135
15	11	4.07309	2.898791	1.802657	2.020084
15	11	4.083655	2.898799	1.802536	2.020388
15	11	4.095965	2.898932	1.802469	2.020507
15	11	4.106544	2.8987	1.802185	2.020447
15	11	4.115611	2.898594	1.802262	2.020639
15	11	4.129386	2.898378	1.802328	2.020382
15	11	4.139755	2.898411	1.802371	2.020343
15	11	4.148567	2.898356	1.802407	2.020214
15	11	4.161722	2.898288	1.802404	2.020036
15	11	4.172486	2.898515	1.802656	2.019958
15	11	4.183726	2.898525	1.802615	2.020108
15	11	4.195518	2.898663	1.802668	2.020574
15	11	4.206902	2.898782	1.802818	2.020556
15	11	4.216924	2.898772	1.802911	2.020451
15	11	4.227972	2.898637	1.803003	2.020214
15	11	4.238431	2.898531	1.802958	2.020112
15	11	4.248866	2.898485	1.803033	2.020167
15	11	4.260259	2.898781	1.802947	2.020508
14	11	4.2731	2.898652	1.802809	2.020481
14	11	4.286385	2.898715	1.802759	2.02037
14	11	4.298411	2.898859	1.80268	2.020529
14	11	4.308593	2.898846	1.8027	2.020479
14	11	4.321409	2.898738	1.80287	2.020621
14	11	4.337274	2.898582	1.802861	2.020433
14	11	4.34963	2.898646	1.802839	2.020297
14	11	4.36195	2.898782	1.802729	2.020455
14	11	4.373753	2.89875	1.802695	2.020415
13	11	4.385046	2.898831	1.802662	2.020323
13	11	4.396084	2.898668	1.80271	2.020082
13	11	4.408299	2.898464	1.802477	2.020101
13	11	4.422073	2.898364	1.802601	2.020124
13	11	4.432653	2.89853	1.802472	2.020319
13	11	4.44412	2.898604	1.802536	2.020328
13	11	4.455311	2.898422	1.802724	2.02045
13	11	4.466562	2.898575	1.802662	2.020671
13	11	4.482589	2.898475	1.802923	2.020646
13	11	4.49556	2.898351	1.802984	2.020535
13	11	4.508553	2.898225	1.802987	2.020354
13	11	4.518445	2.898352	1.802787	2.020139
13	11	4.53018	2.898606	1.802707	2.020422
13	11	4.54144	2.898696	1.802761	2.020403
13	11	4.551832	2.898626	1.802832	2.020503
13	11	4.568033	2.898691	1.802818	2.020597
13	11	4.578261	2.898763	1.8029	2.020604
13	11	4.588851	2.898778	1.802925	2.020622
13	11	4.601182	2.898672	1.802992	2.020447
13	11	4.611706	2.898537	1.802886	2.020379
13	11	4.623401	2.898618	1.802787	2.020191
13	11	4.635616	2.898717	1.802743	2.02027
13	11	4.645987	2.898788	1.802729	2.020381
13	11	4.656539	2.898854	1.802683	2.020311
13	11	4.667191	2.898848	1.802673	2.020292
13	11	4.678448	2.898918	1.802636	2.020582
13	11	4.68936	2.898961	1.802624	2.020566
13	11	4.69903	2.898876	1.802672	2.020458
13	11	4.710281	2.899024	1.802768	2.020574
13	11	4.722164	2.899005	1.802816	2.020584
13	11	4.73516	2.899104	1.802788	2.020688
13	11	4.745452	2.89915	1.802794	2.020662
13	11	4.756608	2.899013	1.80303	2.020834
13	11	4.77089	2.898919	1.803091	2.020702
13	11	4.780241	2.898656	1.802894	2.02063
13	11	4.792492	2.898684	1.802876	2.020588
13	11	4.803804	2.898589	1.8029	2.020449
13	11	4.814654	2.89857	1.802907	2.020396
13	11	4.829196	2.898762	1.802861	2.020739
13	11	4.840278	2.898623	1.802781	2.020565
13	11	4.85025	2.898738	1.802655	2.02042
13	11	4.861854	2.898921	1.802536	2.020632
13	11	4.873828	2.898836	1.802511	2.020365
13	11	4.885995	2.898849	1.802492	2.020328
13	11	4.898199	2.898696	1.802514	2.020092
13	11	4.90967	2.898939	1.80264	2.020341
13	11	4.920794	2.898737	1.802855	2.020484
13	11	4.932985	2.898589	1.802912	2.020274
13	11	4.944503	2.898768	1.80305	2.02045
13	11	4.954824	2.898882	1.802975	2.020368
13	11	4.968008	2.899096	1.802901	2.020603
13	11	4.97816	2.898936	1.802731	2.020672
13	11	4.989202	2.898814	1.802879	2.0208
13	11	5.002029	2.898813	1.802843	2.020818
13	11	5.012411	2.898811	1.802864	2.020748
13	11	5.024978	2.89883	1.802865	2.020706
13	11	5.037086	2.89903	1.802955	2.020819
13	11	5.047293	2.89905	1.802939	2.020839
13	11	5.058725	2.899099	1.802948	2.02082
13	11	5.069957	2.898882	1.803049	2.020521
13	11	5.079601	2.89879	1.802944	2.020571
13	11	5.09188	2.899017	1.802735	2.020335
13	11	5.103653	2.898924	1.802688	2.020184
13	11	5.114294	2.898932	1.802655	2.020218
13	11	5.126813	2.89869	1.802961	2.02041
13	11	5.138562	2.898657	1.802976	2.020376
13	11	5.147923	2.898611	1.802971	2.020327
13	11	5.163898	2.898772	1.802745	2.020359
13	11	5.178634	2.898769	1.802739	2.020355
13	11	5.190404	2.898794	1.802719	2.020298
13	11	5.204004	2.898744	1.80272	2.020198
13	11	5.213664	2.898922	1.80289	2.020244
13	11	5.229416	2.898653	1.802883	2.020168
14	11	5.242998	2.898626	1.802846	2.020246
14	11	5.25666	2.898489	1.803016	2.020355
14	11	5.267974	2.898822	1.802972	2.020691
14	11	5.279106	2.898796	1.803039	2.020608
14	11	5.293221	2.898906	1.802863	2.020455
14	11	5.303978	2.898806	1.802944	2.020274
14	11	5.31445	2.898962	1.8031	2.020257
14	11	5.329391	2.899086	1.80307	2.020459
14	11	5.344037	2.899122	1.803074	2.020683
14	11	5.357882	2.899153	1.803054	2.020696
15	11	5.370146	2.899402	1.803023	2.020934
15	11	5.381274	2.899211	1.80289	2.0207
15	11	5.394763	2.899225	1.80285	2.020639
15	11	5.405923	2.899129	1.803024	2.02037
15	11	5.415971	2.899166	1.802973	2.020591
15	11	5.429876	2.898951	1.802931	2.020397
15	11	5.442341	2.898959	1.802899	2.020571
15	11	5.453854	2.898835	1.803027	2.020653
15	11	5.465011	2.898641	1.802852	2.020607
15	11	5.47688	2.898616	1.80286	2.020674
15	11	5.488761	2.898642	1.80275	2.020556
15	11	5.49955	2.89882	1.802899	2.020613
15	11	5.509984	2.898817	1.802909	2.020538
15	11	5.521074	2.898887	1.802867	2.020432
15	11	5.532798	2.899174	1.802969	2.020586
15	11	5.544428	2.899181	1.802977	2.020529
15	11	5.555583	2.89916	1.803058	2.020549
15	11	5.567043	2.89922	1.802815	2.020735
15	11	5.578395	2.899237	1.80277	2.020788
15	11	5.589723	2.89913	1.802922	2.02089
15	11	5.600599	2.898907	1.802892	2.020691
15	11	5.611023	2.8989	1.802861	2.020752
14	11	5.626102	2.898751	1.803026	2.02088
14	11	5.640491	2.899053	1.80324	2.021039
14	11	5.652396	2.899018	1.80326	2.020991
14	11	5.664118	2.899125	1.803219	2.020894
14	11	5.675188	2.898729	1.803132	2.020609
14	11	5.6874	2.898705	1.803169	2.02058
14	11	5.698493	2.898593	1.803119	2.020522
14	11	5.709408	2.898578	1.803071	2.020533
14	11	5.720821	2.898701	1.802976	2.020403
14	11	5.732287	2.899061	1.803022	2.020719
13	11	5.743429	2.899047	1.802951	2.020637
13	11	5.756453	2.899134	1.802915	2.020569
13	11	5.775962	2.899263	1.802842	2.020691
13	11	5.788784	2.899179	1.802928	2.020766
13	11	5.800884	2.899258	1.802769	2.020913
13	11	5.813226	2.899292	1.802731	2.020874
13	11	5.826472	2.899251	1.80285	2.020937
13	11	5.838419	2.899218	1.802906	2.020853
13	11	5.849548	2.899213	1.802899	2.020823
13	11	5.861863	2.898971	1.803216	2.021062
13	11	5.873553	2.89924	1.80329	2.021225
13	11	5.883465	2.899252	1.803299	2.021195
13	11	5.89464	2.899176	1.803433	2.021278
13	11	5.907364	2.899245	1.803346	2.021458
13	11	5.919102	2.899264	1.803335	2.021545
13	11	5.931895	2.899224	1.803335	2.021275
13	11	5.943022	2.899107	1.803241	2.021245
13	11	5.954444	2.899305	1.803016	2.021099
13	11	5.965681	2.899045	1.803085	2.020743
13	11	5.977123	2.899045	1.803085	2.020743
13	11	5.990481	2.899131	1.802966	2.020526
13	11	6.00294	2.899044	1.802975	2.020374
13	11	6.014331	2.899056	1.802957	2.020281
13	11	6.027276	2.899103	1.803051	2.020522
13	11	6.037639	2.899183	1.803155	2.020463
13	11	6.047369	2.899182	1.803091	2.020591
13	11	6.058132	2.899258	1.80315	2.020847
13	11	6.069762	2.899121	1.802991	2.020833
13	11	6.080962	2.899132	1.802961	2.020883
13	11	6.092174	2.899054	1.80297	2.020696
13	11	6.103506	2.898922	1.802844	2.020647
13	11	6.114169	2.898911	1.802818	2.0206
13	11	6.127125	2.89881	1.802938	2.020674
13	11	6.138315	2.899018	1.803018	2.020785
13	11	6.148435	2.899016	1.803006	2.020819
13	11	6.163228	2.899098	1.802955	2.02086
13	11	6.174619	2.89926	1.803091	2.020874
13	11	6.185246	2.899129	1.803292	2.020912
14	11	6.19917	2.899154	1.803319	2.020932
14	11	6.212523	2.898918	1.803066	2.020917
14	11	6.225345	2.898836	1.803103	2.020815
14	11	6.236874	2.898922	1.803219	2.020811
14	11	6.247077	2.898897	1.8032	2.02088
14	11	6.258439	2.898963	1.803164	2.020756
14	11	6.270325	2.899214	1.803122	2.020968
14	11	6.280762	2.899123	1.803295	2.021092
14	11	6.295945	2.899093	1.803313	2.02108
14	11	6.309048	2.899193	1.803227	2.021281
15	11	6.323369	2.899235	1.803256	2.020959
15	11	6.335127	2.899223	1.80341	2.020795
15	11	6.348299	2.899225	1.803356	2.020903
15	11	6.366771	2.899005	1.803194	2.020819
15	11	6.384463	2.899141	1.803024	2.020677
15	11	6.39691	2.899109	1.803056	2.020609
15	11	6.407309	2.899235	1.803184	2.020561
15	11	6.41795	2.899143	1.803292	2.020707
15	11	6.430828	2.899422	1.803188	2.020999
15	11	6.441505	2.899245	1.803014	2.020941
15	11	6.452903	2.899318	1.802986	2.020691
15	11	6.464707	2.899379	1.802939	2.020704
15	11	6.476032	2.899441	1.802923	2.020784
15	11	6.487421	2.899263	1.803194	2.020973
15	11	6.499303	2.899386	1.803148	2.021115
15	11	6.509899	2.899503	1.803253	2.021186
15	11	6.520206	2.899623	1.803195	2.021105
15	11	6.532483	2.899384	1.803304	2.020791
15	11	6.543457	2.89926	1.803188	2.020694
15	11	6.554578	2.899155	1.803349	2.020675
15	11	6.567232	2.899132	1.803383	2.020628
15	11	6.579408	2.899173	1.80326	2.020875
15	11	6.591067	2.899242	1.803156	2.020751
15	11	6.603384	2.899055	1.803069	2.020658
15	11	6.614236	2.899049	1.803055	2.020627
15	11	6.626369	2.899034	1.803032	2.020592
15	11	6.637315	2.899101	1.803046	2.020729
15	11	6.647991	2.899078	1.803041	2.020687
15	11	6.659948	2.899051	1.803036	2.020649
15	11	6.67277	2.899264	1.803041	2.020891
15	11	6.682598	2.899257	1.803075	2.020901
15	11	6.694685	2.899237	1.803087	2.02087
15	11	6.706734	2.899265	1.80318	2.020715
15	11	6.716867	2.899136	1.803338	2.02084
15	11	6.728784	2.899421	1.803242	2.02116
15	11	6.741535	2.899459	1.803273	2.021122
14	11	6.755161	2.899455	1.803288	2.021122
14	11	6.769535	2.899295	1.803361	2.020927
14	11	6.781077	2.899287	1.803276	2.021082
14	11	6.7927	2.899363	1.80323	2.021071
14	11	6.804299	2.899365	1.803263	2.021058
14	11	6.81537	2.899365	1.803263	2.021058
14	11	6.827576	2.899463	1.803232	2.020713
14	11	6.838777	2.899273	1.802961	2.02083
14	11	6.849387	2.899094	1.803164	2.020955
14	11	6.868494	2.899017	1.80314	2.020877
13	11	6.882135	2.898949	1.803083	2.020776
13	11	6.895438	2.899104	1.802805	2.020429
13	11	6.907485	2.899261	1.802943	2.020507
13	11	6.920047	2.899253	1.80294	2.02051
13	11	6.93289	2.899476	1.80283	2.020747
13	11	6.94406	2.899508	1.802797	2.020808
13	11	6.956718	2.899303	1.80301	2.021012
13	11	6.967878	2.899238	1.803046	2.020946
13	11	6.97921	2.899211	1.803007	2.020919
13	11	6.991712	2.899268	1.802914	2.020846
13	11	7.003174	2.899446	1.802862	2.021083
13	11	7.014127	2.899643	1.803126	2.020955
13	11	7.02842	2.899443	1.803324	2.020741
13	11	7.040154	2.899273	1.80311	2.020818
13	11	7.051813	2.899232	1.803132	2.020805
13	11	7.06386	2.899386	1.803067	2.021024
13	11	7.07596	2.899523	1.803183	2.02105
13	11	7.086996	2.899494	1.803276	2.021121
13	11	7.105594	2.899511	1.803301	2.021127
13	11	7.116461	2.899478	1.803234	2.021224
13	11	7.129746	2.899386	1.803328	2.021022
13	11	7.142426	2.899369	1.803412	2.020796
13	11	7.153129	2.899361	1.803476	2.020778
13	11	7.167267	2.899601	1.80341	2.021066
13	11	7.179931	2.899364	1.803145	2.021091
13	11	7.192527	2.899392	1.803123	2.021093
13	11	7.204014	2.899312	1.803153	2.021018
13	11	7.215369	2.899269	1.803148	2.021081
13	11	7.227795	2.899292	1.803124	2.021047
13	11	7.238648	2.899715	1.803304	2.021279
13	11	7.249314	2.899744	1.803369	2.021128
13	11	7.262384	2.89953	1.803615	2.021103
13	11	7.273827	2.899541	1.803652	2.021091
13	11	7.284006	2.899541	1.803652	2.021091
13	11	7.295862	2.899755	1.803662	2.021269
13	11	7.307339	2.899396	1.803341	2.021136
13	11	7.317586	2.899396	1.803341	2.021136
13	11	7.329368	2.899706	1.803129	2.021012
13	11	7.341738	2.899728	1.803125	2.020946
13	11	7.352973	2.899561	1.803341	2.021117
13	11	7.366257	2.899353	1.803226	2.020992
13	11	7.377664	2.899358	1.803205	2.021039
13	11	7.389195	2.899493	1.803058	2.020895
13	11	7.402565	2.899576	1.803009	2.020996
13	11	7.413343	2.899757	1.80318	2.021028
13	11	7.425244	2.899677	1.803303	2.021133
13	11	7.436718	2.899753	1.80319	2.021251
13	11	7.447858	2.899787	1.803196	2.02123
13	11	7.462332	2.89949	1.803556	2.02116
13	11	7.474383	2.899476	1.803505	2.021393
13	11	7.487848	2.89949	1.803521	2.021386
13	11	7.500991	2.899448	1.803559	2.021367
13	11	7.511687	2.899345	1.803551	2.021265
13	11	7.523402	2.899515	1.803374	2.021093
13	11	7.536921	2.899441	1.803423	2.020968
13	11	7.547769	2.899426	1.803423	2.02094
13	11	7.560211	2.899494	1.803364	2.020803
13	11	7.575712	2.899554	1.80334	2.020881
13	11	7.587953	2.899451	1.803494	2.020966
13	11	7.600373	2.89965	1.803416	2.021178
13	11	7.612761	2.899693	1.80346	2.021166
13	11	7.624485	2.899835	1.803313	2.021027
13	11	7.637089	2.899754	1.803105	2.021041
14	11	7.651107	2.899507	1.803289	2.021376
14	11	7.666203	2.899281	1.803357	2.021119
14	11	7.679541	2.899265	1.803398	2.021099
14	11	7.693719	2.899378	1.803282	2.02097
14	11	7.706151	2.899481	1.803389	2.020912
14	11	7.716641	2.89947	1.80344	2.02086
14	11	7.731483	2.899487	1.803313	2.021109
14	11	7.745702	2.899515	1.803317	2.021156
14	11	7.760404	2.899654	1.803133	2.021002
15	11	7.77488	2.899717	1.803234	2.020999
15	11	7.785789	2.899733	1.803251	2.021021
15	11	7.797434	2.899775	1.802924	2.021273
15	11	7.80941	2.899768	1.802974	2.021056
15	11	7.82067	2.899672	1.803065	2.021163
15	11	7.834752	2.899431	1.803149	2.020842
15	11	7.846037	2.899668	1.803293	2.02107
15	11	7.857421	2.899445	1.803584	2.021267
15	11	7.872049	2.899576	1.803556	2.021466
15	11	7.884094	2.899721	1.80375	2.02137
15	11	7.896367	2.900124	1.803488	2.021333
15	11	7.908324	2.900156	1.803531	2.021348
15	11	7.918732	2.900117	1.803606	2.021404
15	11	7.932831	2.900096	1.803699	2.021329
15	11	7.944605	2.899904	1.803487	2.021246
15	11	7.957644	2.899787	1.803655	2.021335
15	11	7.969136	2.899589	1.803586	2.021226
15	11	7.98062	2.899561	1.803561	2.02132
14	11	7.996113	2.899709	1.803391	2.021156
14	11	8.010693	2.899472	1.803161	2.021124
14	11	8.022912	2.899526	1.803047	2.020974
14	11	8.034636	2.899459	1.803102	2.020831
14	11	8.046626	2.899441	1.803003	2.020979
14	11	8.059628	2.899236	1.803202	2.021116
14	11	8.072591	2.899199	1.80328	2.021041
14	11	8.084044	2.899142	1.803279	2.020929
14	11	8.097323	2.899582	1.80318	2.020854
13	11	8.110538	2.899595	1.803167	2.021004
13	11	8.123927	2.899486	1.803256	2.021061
13	11	8.138498	2.899715	1.803451	2.021066
13	11	8.151598	2.899745	1.803508	2.02105
13	11	8.164104	2.899677	1.803597	2.021114
13	11	8.177201	2.899484	1.803439	2.021049
13	11	8.187819	2.899609	1.803266	2.021152
13	11	8.201107	2.899622	1.803233	2.021177
13	11	8.212799	2.89959	1.80322	2.02107
13	11	8.224849	2.899429	1.803397	2.021213
13	11	8.238946	2.899644	1.803645	2.02124
13	11	8.249934	2.899777	1.803484	2.021241
13	11	8.264237	2.899927	1.803471	2.02143
13	11	8.276637	2.899717	1.803272	2.021395
13	11	8.288998	2.899697	1.803237	2.021347
13	11	8.30131	2.899354	1.803254	2.021279
13	11	8.313467	2.899312	1.803293	2.021135
13	11	8.326559	2.899332	1.803246	2.021081
13	11	8.340684	2.899799	1.803425	2.021334
13	11	8.352379	2.899836	1.803377	2.02155
13	11	8.364832	2.899698	1.803417	2.021325
13	11	8.376864	2.899431	1.803212	2.021265
13	11	8.392999	2.89944	1.803147	2.02129
13	11	8.40951	2.899474	1.803207	2.021286
13	11	8.421656	2.899443	1.803154	2.021357
13	11	8.435975	2.899469	1.80326	2.02169
13	11	8.446717	2.899475	1.803244	2.021684
13	11	8.461577	2.899521	1.803279	2.021788
13	11	8.473819	2.899512	1.803254	2.021796
13	11	8.492093	2.899845	1.803041	2.021749
13	11	8.50523	2.900162	1.803309	2.021731
13	11	8.514754	2.900123	1.803448	2.021839
13	11	8.528517	2.899871	1.803595	2.021483
13	11	8.541036	2.89984	1.80354	2.021441
13	11	8.553988	2.899949	1.80352	2.021286
13	11	8.566249	2.899857	1.803578	2.021087
13	11	8.578732	2.899736	1.803382	2.021234
13	11	8.590549	2.899551	1.803581	2.021362
13	11	8.603364	2.89975	1.80359	2.021465
13	11	8.616103	2.899722	1.803783	2.02153
13	11	8.633939	2.899904	1.803653	2.021796
13	11	8.651335	2.900094	1.803511	2.02157
13	11	8.666248	2.899897	1.803696	2.021321
13	11	8.680088	2.89971	1.803566	2.021172
13	11	8.691875	2.899989	1.803334	2.021214
13	11	8.705272	2.89995	1.803223	2.02121
13	11	8.715288	2.899959	1.803216	2.021199
13	11	8.729036	2.900045	1.803174	2.021273
13	11	8.741923	2.899959	1.803052	2.021225
13	11	8.755854	2.899758	1.803278	2.021352
13	11	8.770446	2.89955	1.803309	2.021129
13	11	8.782593	2.899602	1.803223	2.021057
13	11	8.798114	2.899497	1.803214	2.020957
13	11	8.81299	2.899716	1.803465	2.020978
13	11	8.828842	2.899565	1.803614	2.021012
13	11	8.843818	2.89945	1.80356	2.020972
13	11	8.862391	2.899679	1.803539	2.021406
13	11	8.878247	2.899676	1.803545	2.021471
13	11	8.8922	2.899657	1.803614	2.021509
13	11	8.906164	2.899974	1.803645	2.021707
13	11	8.918036	2.900154	1.803471	2.021606
13	11	8.934763	2.899908	1.803623	2.021313
13	11	8.948159	2.899817	1.803553	2.021291
13	11	8.96215	2.900006	1.803487	2.021297
13	11	8.977	2.899856	1.803283	2.021305
13	11	8.991882	2.899829	1.803252	2.021305
13	11	9.005342	2.899826	1.803428	2.021187
13	11	9.017659	2.899711	1.803527	2.021288
13	11	9.031252	2.899913	1.803489	2.021549
13	11	9.04374	2.89983	1.803355	2.021523
13	11	9.056716	2.899915	1.803327	2.021521
13	11	9.072779	2.899933	1.803152	2.021734
13	11	9.085967	2.899767	1.803326	2.021924
13	11	9.100815	2.899497	1.803427	2.021665
13	11	9.114935	2.899573	1.80351	2.021639
13	11	9.12958	2.89979	1.803294	2.021543
13	11	9.144791	2.899768	1.803228	2.021626
13	11	9.159153	2.899666	1.803378	2.021769
13	11	9.176097	2.899605	1.803548	2.021283
13	11	9.188944	2.899721	1.803431	2.021137
13	11	9.202895	2.899735	1.803488	2.021073
13	11	9.217519	2.899822	1.803399	2.021196
13	11	9.233061	2.900048	1.803307	2.021469
13	11	9.247151	2.900075	1.803271	2.021451
13	11	9.263848	2.900009	1.803289	2.021225
13	11	9.276233	2.900237	1.803493	2.021356
13	11	9.289565	2.900137	1.803642	2.021473
13	11	9.301812	2.900223	1.803536	2.02162
13	11	9.312397	2.900281	1.803521	2.021667
13	11	9.325395	2.900107	1.803802	2.02189
13	11	9.33864	2.899959	1.803888	2.021736
13	11	9.350697	2.899911	1.803621	2.021472
13	11	9.363676	2.899995	1.803544	2.021578
13	11	9.375841	2.899996	1.80353	2.021591
13	11	9.39403	2.90011	1.803406	2.021501
13	11	9.408176	2.90009	1.803392	2.021526
13	11	9.41937	2.899943	1.803586	2.021695
13	11	9.431432	2.899803	1.803632	2.021587
13	11	9.44361	2.899721	1.803603	2.021454
13	11	9.45442	2.899841	1.803454	2.021312
13	11	9.467541	2.900133	1.803495	2.021509
13	11	9.479689	2.900139	1.803502	2.021414
13	11	9.500162	2.899762	1.803374	2.0212
