x	y	time	x-coordinate	y-coordinate	z-coordinate
15	11	0.0447805	1.142182	-0.7333626	-0.04465174
15	11	0.0534419	1.14219	-0.7333447	-0.04463314
15	11	0.0608809	1.14219	-0.7333447	-0.04463314
15	11	0.0688486	1.142049	-0.7334398	-0.04446374
15	11	0.0769067	1.142043	-0.7334236	-0.04445051
15	11	0.0871907	1.142096	-0.7332927	-0.04463433
15	11	0.1005005	1.141913	-0.7335368	-0.04447602
15	11	0.1118675	1.141896	-0.7335299	-0.04446267
15	11	0.1212792	1.142357	-0.7330509	-0.04480885
15	11	0.1321339	1.142185	-0.7333683	-0.04465579
15	11	0.143328	1.142175	-0.7333771	-0.04464482
15	11	0.1543063	1.142492	-0.7330271	-0.0449581
15	11	0.1659275	1.142252	-0.7332135	-0.04476045
15	11	0.1770954	1.14224	-0.7332057	-0.04474448
15	11	0.1880365	1.142651	-0.7328345	-0.04494809
15	11	0.1993694	1.142149	-0.7332083	-0.04449462
15	11	0.2107143	1.14213	-0.7332038	-0.04447388
15	11	0.2216081	1.141923	-0.7333022	-0.04466342
15	11	0.2333631	1.141899	-0.7333068	-0.04466401
15	11	0.2436774	1.141867	-0.7333072	-0.04467033
15	11	0.255161	1.141844	-0.7332922	-0.04465698
15	11	0.2671007	1.142122	-0.7333058	-0.04452657
15	11	0.2779738	1.142104	-0.7333022	-0.04449819
15	11	0.2887598	1.142694	-0.732741	-0.04485511
15	11	0.3002381	1.142307	-0.732999	-0.04448794
15	11	0.3114919	1.142297	-0.7329925	-0.04444372
15	11	0.3219906	1.141957	-0.7331697	-0.04431497
15	11	0.333722	1.141943	-0.7331601	-0.04428409
15	11	0.3448073	1.141915	-0.7331604	-0.04425739
15	11	0.3558123	1.141981	-0.73358	-0.04438828
15	11	0.3675397	1.141983	-0.7336091	-0.0443859
15	11	0.3781539	1.142079	-0.733343	-0.04476379
15	11	0.3890755	1.141969	-0.7336415	-0.04466676
15	11	0.4006726	1.14195	-0.7336525	-0.04466795
15	11	0.4116924	1.141922	-0.7336835	-0.04467272
15	11	0.4227383	1.142453	-0.7332774	-0.04490517
15	11	0.4344551	1.141367	-0.7336901	-0.04395961
15	11	0.4454747	1.141338	-0.733709	-0.04394077
15	11	0.4562236	1.141378	-0.7335912	-0.04402303
15	11	0.4679108	1.141511	-0.7338234	-0.04410361
15	11	0.4792727	1.141817	-0.7334467	-0.04445134
15	11	0.49043	1.141515	-0.7337552	-0.04416441
15	11	0.5022345	1.141507	-0.733771	-0.04416393
15	11	0.5135997	1.141503	-0.7337781	-0.04417502
15	11	0.5248271	1.141912	-0.7333812	-0.04449152
15	11	0.5367497	1.141914	-0.7334024	-0.04451262
15	11	0.5479966	1.141888	-0.7334346	-0.0445156
15	11	0.5596045	1.142025	-0.7337819	-0.04429196
15	11	0.5714825	1.142024	-0.7338122	-0.04427968
15	11	0.5828264	1.142034	-0.7338241	-0.0442835
15	11	0.5948862	1.141587	-0.7340599	-0.04424642
15	11	0.6061732	1.14157	-0.7340881	-0.04424952
15	11	0.6177096	1.141735	-0.7339541	-0.04432248
15	11	0.6299762	1.141295	-0.7344071	-0.04392694
15	11	0.6412764	1.141274	-0.7344486	-0.04390858
15	11	0.6525337	1.141408	-0.7344126	-0.04391574
15	11	0.664513	1.141138	-0.734754	-0.04365765
15	11	0.6752749	1.141133	-0.7347831	-0.04364525
15	11	0.6878341	1.14146	-0.734459	-0.04390501
15	11	0.6987992	1.141135	-0.7346805	-0.0435841
15	11	0.710381	1.14113	-0.7347127	-0.04356479
15	11	0.7213905	1.1407	-0.7346271	-0.04322957
15	11	0.7335291	1.140669	-0.7346481	-0.04318069
15	11	0.7436361	1.140612	-0.73467	-0.04312681
15	11	0.7549475	1.140916	-0.7344886	-0.04358684
15	11	0.7666753	1.140884	-0.7344874	-0.04357086
15	11	0.7776045	1.141298	-0.7340723	-0.04386543
15	11	0.788433	1.141285	-0.7340871	-0.04384672
15	11	0.8003534	1.14122	-0.7343673	-0.0437591
15	11	0.8106645	1.141212	-0.7343801	-0.04374396
15	11	0.8218687	1.1411	-0.7342654	-0.04356598
15	11	0.8334554	1.141086	-0.7342771	-0.04355072
15	11	0.8448467	1.141063	-0.7342788	-0.04353951
15	11	0.8557155	1.14125	-0.7339929	-0.04384421
15	11	0.8670157	1.141375	-0.7341269	-0.0439335
15	11	0.8780265	1.141364	-0.7341396	-0.043931
15	11	0.8889315	1.141724	-0.7336844	-0.04439794
15	11	0.9003605	1.141366	-0.7339751	-0.04410242
15	11	0.9116073	1.141354	-0.733982	-0.04410981
15	11	0.9224027	1.141687	-0.7336425	-0.0443642
15	11	0.9341372	1.141543	-0.7339529	-0.04425918
15	11	0.9450822	1.141541	-0.7339619	-0.0442748
15	11	0.9562436	1.141698	-0.7336048	-0.04477428
15	11	0.9675318	1.141399	-0.7340206	-0.04455923
15	11	0.9789564	1.141379	-0.7340323	-0.04458045
15	11	0.9893492	1.141105	-0.7343649	-0.04388117
15	11	1.001175	1.141103	-0.734372	-0.04388462
15	11	1.012134	1.141093	-0.734372	-0.04387962
15	11	1.022914	1.141053	-0.7343837	-0.04380821
15	11	1.034474	1.141053	-0.7343856	-0.0438075
15	11	1.045904	1.141037	-0.7343909	-0.04379772
15	11	1.056356	1.140835	-0.734394	-0.04337608
15	11	1.068054	1.140815	-0.7343844	-0.04334937
15	11	1.079449	1.140805	-0.7343701	-0.04331456
15	11	1.089949	1.141056	-0.7338971	-0.04392074
15	11	1.10156	1.14103	-0.7341725	-0.04389607
15	11	1.113052	1.141032	-0.734177	-0.04389678
15	11	1.123452	1.141317	-0.7343451	-0.04385113
15	11	1.13515	1.141314	-0.7343622	-0.04385136
15	11	1.146235	1.141328	-0.7343715	-0.04385554
15	11	1.157047	1.141027	-0.7345449	-0.04353451
15	11	1.168717	1.14104	-0.7345632	-0.04351806
15	11	1.179622	1.141034	-0.7345654	-0.04348921
15	11	1.191222	1.1408	-0.7346677	-0.04355
15	11	1.202464	1.140784	-0.7346739	-0.04355191
15	11	1.213359	1.140762	-0.7346894	-0.04353713
15	11	1.223968	1.140684	-0.7348112	-0.04337548
15	11	1.235938	1.140663	-0.7348253	-0.04336881
15	11	1.246544	1.140644	-0.7348334	-0.0433582
15	11	1.257407	1.14076	-0.7347649	-0.04334806
15	11	1.269547	1.140742	-0.7347735	-0.04332923
15	11	1.280223	1.140727	-0.7347947	-0.04330658
15	11	1.291447	1.140976	-0.734634	-0.04357539
15	11	1.302851	1.140971	-0.7346579	-0.04357039
15	11	1.313653	1.140969	-0.7346569	-0.04355263
15	11	1.324618	1.140942	-0.7346421	-0.04364013
15	11	1.336299	1.140918	-0.7346388	-0.04361485
15	11	1.346996	1.140911	-0.734639	-0.04358982
15	11	1.358003	1.140873	-0.7346932	-0.04340206
15	11	1.36948	1.14087	-0.7347001	-0.04336857
15	11	1.380828	1.141132	-0.7344104	-0.0436015
15	11	1.391682	1.140892	-0.7347673	-0.04337262
15	11	1.403363	1.140884	-0.7347802	-0.04334854
15	11	1.414074	1.140876	-0.7347814	-0.04333066
15	11	1.42531	1.141285	-0.7345382	-0.04361533
15	11	1.437308	1.141304	-0.7345439	-0.04361223
15	11	1.448275	1.141326	-0.7345558	-0.04362558
15	11	1.458689	1.14095	-0.7347108	-0.0435326
15	11	1.470277	1.140945	-0.7347111	-0.04353546
15	11	1.481125	1.140948	-0.7347113	-0.04354833
15	11	1.492372	1.140764	-0.7346426	-0.04335545
15	11	1.504066	1.140749	-0.7346369	-0.04334163
15	11	1.515127	1.140738	-0.7346262	-0.04334675
15	11	1.525826	1.141095	-0.7343479	-0.04367923
15	11	1.537443	1.141093	-0.7343482	-0.04368495
15	11	1.548366	1.141084	-0.7343386	-0.04370951
15	11	1.559214	1.141472	-0.7339777	-0.04424726
15	11	1.57094	1.141477	-0.7339717	-0.04427134
15	11	1.58203	1.141487	-0.7339617	-0.04429888
15	11	1.592932	1.141657	-0.7338475	-0.0441358
15	11	1.604764	1.141663	-0.7338351	-0.04412245
15	11	1.615772	1.141673	-0.7338182	-0.04412364
15	11	1.626315	1.14154	-0.7340473	-0.04406546
15	11	1.637959	1.141548	-0.7340475	-0.04407905
15	11	1.64848	1.141561	-0.7340442	-0.04409157
15	11	1.659572	1.141362	-0.734002	-0.04414867
15	11	1.671358	1.141341	-0.7339917	-0.0441482
15	11	1.681903	1.14134	-0.7339834	-0.0441656
15	11	1.69328	1.141379	-0.7339562	-0.04412412
15	11	1.704653	1.140983	-0.7342182	-0.04379248
15	11	1.715526	1.141334	-0.7338659	-0.04399036
15	11	1.726846	1.141373	-0.7341253	-0.04400848
15	11	1.738684	1.141383	-0.734136	-0.04401492
15	11	1.749182	1.141386	-0.7341396	-0.04400777
15	11	1.76023	1.141336	-0.7339798	-0.04407655
15	11	1.771845	1.141337	-0.7339765	-0.04408263
15	11	1.782646	1.141328	-0.7339848	-0.0440936
15	11	1.793826	1.141614	-0.734028	-0.04389786
15	11	1.805329	1.141631	-0.734032	-0.04388045
15	11	1.815981	1.141656	-0.7340351	-0.04386782
15	11	1.827235	1.141753	-0.7338723	-0.04389738
15	11	1.838623	1.14178	-0.7338687	-0.0438888
15	11	1.849574	1.141829	-0.7338637	-0.04389786
15	11	1.86095	1.142084	-0.7336515	-0.04426609
15	11	1.87248	1.1421	-0.7336367	-0.04425703
15	11	1.882994	1.142428	-0.7332679	-0.04465031
15	11	1.894814	1.142129	-0.7336093	-0.04436802
15	11	1.905912	1.142159	-0.733595	-0.04437612
15	11	1.916546	1.142192	-0.7335824	-0.04438089
15	11	1.927657	1.1417	-0.733704	-0.04405247
15	11	1.939395	1.141691	-0.7336832	-0.04406093
15	11	1.949946	1.141692	-0.733673	-0.04406189
15	11	1.961392	1.141955	-0.7335824	-0.04443239
15	11	1.973	1.141969	-0.7335783	-0.04445766
15	11	1.98352	1.141968	-0.7335712	-0.04446982
15	11	1.995082	1.141786	-0.7337986	-0.04432379
15	11	2.00635	1.141815	-0.7338082	-0.0443648
15	11	2.01726	1.14203	-0.7335814	-0.04455017
15	11	2.028228	1.14155	-0.7339863	-0.04413425
15	11	2.039805	1.141552	-0.7339815	-0.04413294
15	11	2.050859	1.141552	-0.7339717	-0.04413556
15	11	2.06236	1.14175	-0.7338158	-0.04422759
15	11	2.073495	1.141738	-0.7338058	-0.04421996
15	11	2.084089	1.141725	-0.7338067	-0.04421674
15	11	2.095707	1.141355	-0.7340361	-0.0439794
15	11	2.106706	1.141335	-0.7340363	-0.04398083
15	11	2.117691	1.141609	-0.7336103	-0.04447578
15	11	2.129342	1.141226	-0.7339712	-0.04416727
15	11	2.140043	1.141218	-0.7339753	-0.04419111
15	11	2.151307	1.141351	-0.7338079	-0.04429554
15	11	2.162706	1.141112	-0.7340959	-0.04408525
15	11	2.17365	1.141096	-0.7340938	-0.04410445
15	11	2.184615	1.141602	-0.7337986	-0.04405068
15	11	2.196162	1.141482	-0.7341129	-0.043918
15	11	2.207492	1.141482	-0.7341174	-0.04389428
15	11	2.218019	1.141489	-0.7341172	-0.04387831
15	11	2.229514	1.141661	-0.7339166	-0.04398726
15	11	2.241001	1.141677	-0.7339185	-0.04399358
15	11	2.251711	1.141876	-0.7336739	-0.04423701
15	11	2.263233	1.141486	-0.7339703	-0.04388594
15	11	2.274362	1.141483	-0.7339703	-0.04387032
15	11	2.285404	1.142131	-0.7332929	-0.04442452
15	11	2.296859	1.14224	-0.7335383	-0.044492
15	11	2.307566	1.142265	-0.7335306	-0.0444877
15	11	2.318926	1.142306	-0.7335287	-0.04450845
15	11	2.330345	1.142288	-0.733322	-0.04458069
15	11	2.341022	1.142305	-0.733313	-0.0445969
15	11	2.352244	1.142616	-0.7329494	-0.04490923
15	11	2.364393	1.142205	-0.7332307	-0.04454326
15	11	2.374624	1.142206	-0.733199	-0.04455053
15	11	2.385813	1.142203	-0.7331802	-0.04457079
15	11	2.397309	1.142012	-0.7333816	-0.04447221
15	11	2.408586	1.142016	-0.7333695	-0.04448699
15	11	2.419369	1.142019	-0.7333676	-0.04448925
15	11	2.43101	1.141584	-0.733519	-0.0443884
15	11	2.441578	1.141559	-0.733498	-0.04440068
15	11	2.45268	1.141878	-0.7331833	-0.04456829
15	11	2.464557	1.142005	-0.7333556	-0.04468345
15	11	2.475184	1.142012	-0.7333416	-0.04471837
15	11	2.488133	1.142263	-0.7331263	-0.04484438
15	11	2.49789	1.14202	-0.7334768	-0.04464423
15	11	2.508666	1.142025	-0.7334796	-0.04466449
15	11	2.52015	1.142455	-0.7331351	-0.04482697
15	11	2.531379	1.142198	-0.7333714	-0.04460477
15	11	2.542168	1.142212	-0.7333676	-0.04461025
15	11	2.553377	1.142284	-0.733158	-0.04488396
15	11	2.56509	1.141904	-0.7334405	-0.04454969
15	11	2.575962	1.141893	-0.733447	-0.04456018
15	11	2.586938	1.142089	-0.7332374	-0.04475247
15	11	2.597967	1.141944	-0.7335054	-0.04462515
15	11	2.60939	1.141944	-0.7334903	-0.04464196
15	11	2.620198	1.142125	-0.7334026	-0.04461681
15	11	2.632313	1.141818	-0.7337335	-0.04436849
15	11	2.642722	1.141815	-0.7337383	-0.04437326
15	11	2.654	1.142039	-0.7335449	-0.04447745
15	11	2.665553	1.141322	-0.7339495	-0.04385065
15	11	2.676368	1.1413	-0.7339391	-0.04382871
15	11	2.687322	1.141628	-0.7335855	-0.04409908
15	11	2.69896	1.14165	-0.7339779	-0.04409407
15	11	2.709647	1.141665	-0.7339963	-0.04410051
15	11	2.721017	1.142372	-0.7333289	-0.04466461
15	11	2.732453	1.141703	-0.7337371	-0.04407274
15	11	2.743189	1.141729	-0.7337519	-0.04405271
15	11	2.75425	1.141894	-0.7334327	-0.04443501
15	11	2.766065	1.14202	-0.733555	-0.04452216
15	11	2.776708	1.142021	-0.7335562	-0.04453825
15	11	2.787871	1.142237	-0.7332855	-0.0448886
15	11	2.799517	1.141781	-0.7336522	-0.04448627
15	11	2.810421	1.141783	-0.7336692	-0.04447149
15	11	2.821451	1.141988	-0.7334861	-0.04458581
15	11	2.833436	1.141544	-0.7338592	-0.0441935
15	11	2.844061	1.14154	-0.7338678	-0.04418312
15	11	2.854987	1.14177	-0.733647	-0.04434179
15	11	2.866474	1.141243	-0.7341021	-0.04388951
15	11	2.877394	1.141223	-0.7340974	-0.04386805
15	11	2.88833	1.141753	-0.7336162	-0.04414677
15	11	2.900146	1.141689	-0.7339612	-0.04404568
15	11	2.911138	1.141698	-0.7339798	-0.04400634
15	11	2.922094	1.141515	-0.7339116	-0.04409789
15	11	2.933526	1.141502	-0.733914	-0.04410981
15	11	2.9444	1.141492	-0.7339088	-0.04410099
15	11	2.955374	1.141482	-0.7338356	-0.04387115
15	11	2.967122	1.141457	-0.7338375	-0.04383611
15	11	2.977825	1.141437	-0.7338356	-0.04379438
15	11	2.989128	1.141942	-0.7332469	-0.04432844
15	11	3.000376	1.141552	-0.7336048	-0.04399561
15	11	3.011853	1.141526	-0.7336031	-0.04398512
15	11	3.022402	1.141911	-0.7336022	-0.04466664
15	11	3.034012	1.141917	-0.7336291	-0.04468893
15	11	3.044987	1.142275	-0.7333962	-0.04481362
15	11	3.055898	1.142295	-0.7334234	-0.04483222
15	11	3.067154	1.142004	-0.7337319	-0.04460751
15	11	3.078754	1.141999	-0.7337564	-0.04462932
15	11	3.089395	1.142513	-0.7333969	-0.04473876
15	11	3.101276	1.141882	-0.7336942	-0.04418479
15	11	3.111724	1.141878	-0.7337059	-0.04415177
15	11	3.123023	1.14218	-0.7333978	-0.04440903
15	11	3.13445	1.142053	-0.7335631	-0.04427503
15	11	3.145997	1.142049	-0.7335798	-0.04427408
15	11	3.156518	1.142157	-0.7332648	-0.04480897
15	11	3.167885	1.141898	-0.7335795	-0.04461573
15	11	3.178714	1.141885	-0.733585	-0.04462754
15	11	3.190071	1.141597	-0.7337373	-0.04471492
15	11	3.201323	1.141572	-0.7337312	-0.04474603
15	11	3.212305	1.14157	-0.7337409	-0.0447868
15	11	3.223677	1.141892	-0.7335967	-0.04470466
15	11	3.235247	1.14125	-0.7339205	-0.04419433
15	11	3.245898	1.141212	-0.7339283	-0.04419242
15	11	3.257052	1.141311	-0.7340215	-0.04390453
15	11	3.268362	1.141295	-0.7340323	-0.04386877
15	11	3.279348	1.141563	-0.7337009	-0.04416035
15	11	3.290669	1.14118	-0.7341334	-0.04381369
15	11	3.302501	1.141158	-0.7341362	-0.04379653
15	11	3.312869	1.141145	-0.7341691	-0.04378926
15	11	3.323905	1.1414	-0.7342657	-0.04364156
15	11	3.33539	1.141399	-0.7342883	-0.04361223
15	11	3.346507	1.141407	-0.734322	-0.04358159
15	11	3.357342	1.141085	-0.7341768	-0.04378342
15	11	3.368982	1.141067	-0.7341837	-0.04377531
15	11	3.379798	1.141043	-0.7341849	-0.04376386
15	11	3.39091	1.141114	-0.7344478	-0.043761
15	11	3.402718	1.141111	-0.7344867	-0.04376875
15	11	3.413285	1.141107	-0.7345275	-0.04376124
15	11	3.424365	1.140809	-0.734691	-0.04314052
15	11	3.436131	1.140797	-0.7347146	-0.04310273
15	11	3.446985	1.140775	-0.7347268	-0.04306053
15	11	3.458886	1.141041	-0.734414	-0.04328846
15	11	3.470608	1.141019	-0.734434	-0.04324721
15	11	3.480781	1.141022	-0.7344435	-0.04321359
15	11	3.491396	1.141004	-0.7343382	-0.0433818
15	11	3.503353	1.140986	-0.7343506	-0.04335641
15	11	3.514413	1.140948	-0.7343544	-0.04332422
15	11	3.525164	1.141356	-0.7342557	-0.04403888
15	11	3.536783	1.141334	-0.734269	-0.04406117
15	11	3.547946	1.14133	-0.7342819	-0.04408025
15	11	3.558447	1.141219	-0.7343806	-0.04374884
15	11	3.570413	1.141202	-0.7343892	-0.04371964
15	11	3.581604	1.141188	-0.7344021	-0.04372166
15	11	3.592071	1.140916	-0.7343146	-0.04395102
15	11	3.603632	1.140875	-0.7343131	-0.04398178
15	11	3.615143	1.140828	-0.7343129	-0.0439931
15	11	3.625527	1.141299	-0.7341753	-0.04426037
15	11	3.637247	1.141276	-0.7341777	-0.04427408
15	11	3.648054	1.141256	-0.7341729	-0.04428862
15	11	3.659342	1.141065	-0.7343358	-0.04392384
15	11	3.670583	1.141051	-0.7343429	-0.04391586
15	11	3.681854	1.141044	-0.734342	-0.04393195
15	11	3.692759	1.140953	-0.734414	-0.04369067
15	11	3.70426	1.14094	-0.7344116	-0.04368054
15	11	3.715185	1.140919	-0.7344199	-0.04363905
15	11	3.726122	1.141211	-0.7344197	-0.04357694
15	11	3.737924	1.141219	-0.7344254	-0.04354822
15	11	3.748834	1.141233	-0.7344335	-0.04353582
15	11	3.759657	1.141009	-0.7345494	-0.04337024
15	11	3.771612	1.141018	-0.7345613	-0.04334151
15	11	3.782115	1.14101	-0.7345661	-0.04329585
15	11	3.794513	1.140665	-0.7345389	-0.0434656
15	11	3.804987	1.140634	-0.7345549	-0.04343175
15	11	3.815591	1.140583	-0.7345625	-0.04339765
15	11	3.826641	1.141325	-0.7341355	-0.04375469
15	11	3.838261	1.141305	-0.7341391	-0.04375314
15	11	3.849409	1.141293	-0.7341396	-0.04372858
15	11	3.860151	1.141034	-0.7342359	-0.04357313
15	11	3.871512	1.141017	-0.7342364	-0.0435301
15	11	3.882879	1.140994	-0.7342352	-0.04349779
15	11	3.893455	1.141019	-0.7342843	-0.04360424
15	11	3.905414	1.140992	-0.7342929	-0.04357182
15	11	3.916247	1.140977	-0.7342874	-0.04353999
15	11	3.927339	1.141578	-0.7341949	-0.04385244
15	11	3.938698	1.141592	-0.7342204	-0.04384421
15	11	3.949841	1.141609	-0.7342426	-0.04382228
15	11	3.960526	1.141642	-0.7340335	-0.0440123
15	11	3.97233	1.141651	-0.7340466	-0.04398524
15	11	3.983075	1.141645	-0.7340544	-0.04397367
15	11	3.994019	1.141974	-0.7337435	-0.04438793
15	11	4.005532	1.141961	-0.73374	-0.04438876
15	11	4.017054	1.141965	-0.7337471	-0.04439865
15	11	4.027793	1.141483	-0.7339886	-0.04389809
15	11	4.039258	1.141478	-0.7339936	-0.04388844
15	11	4.050084	1.141461	-0.7340006	-0.04386281
15	11	4.061275	1.141327	-0.734069	-0.04374992
15	11	4.07268	1.141317	-0.7340626	-0.04375981
15	11	4.083694	1.141348	-0.7338485	-0.04407858
15	11	4.094577	1.141154	-0.7341841	-0.04396533
15	11	4.106246	1.141146	-0.7341019	-0.04403781
15	11	4.116916	1.142023	-0.7335991	-0.04475139
15	11	4.128117	1.142352	-0.733862	-0.04497265
15	11	4.139771	1.143366	-0.7338866	-0.04539369
15	11	4.150529	1.145648	-0.7337617	-0.04697322
15	11	4.161769	1.148383	-0.7348298	-0.04869257
15	11	4.174035	1.149337	-0.7358931	-0.0508983
15	11	4.184089	1.147966	-0.7347516	-0.05147313
15	11	4.195253	1.14465	-0.7327663	-0.0467832
15	11	4.20669	1.141379	-0.7306193	-0.04345774
15	11	4.217532	1.138053	-0.7322742	-0.04103803
15	11	4.228728	1.140953	-0.7309946	-0.04372667
15	11	4.240466	1.143236	-0.7305158	-0.04454552
15	11	4.251005	1.145113	-0.733157	-0.04560422
15	11	4.262501	1.145316	-0.7309765	-0.04473161
15	11	4.273836	1.144775	-0.7333535	-0.04460203
15	11	4.284425	1.143047	-0.7328559	-0.04459595
15	11	4.295776	1.142039	-0.7325364	-0.04483723
15	11	4.307417	1.142308	-0.731594	-0.04315661
15	11	4.317931	1.143545	-0.7317141	-0.04248391
15	11	4.32932	1.14397	-0.7332562	-0.04231774
15	11	4.340576	1.142291	-0.7327315	-0.04297351
15	11	4.351702	1.141569	-0.7321452	-0.04254066
15	11	4.36287	1.142854	-0.7314214	-0.04248678
15	11	4.374263	1.14331	-0.7319485	-0.04305028
15	11	4.385028	1.143526	-0.7318548	-0.04433011
15	11	4.396899	1.144234	-0.7313899	-0.04398536
15	11	4.407879	1.144694	-0.73133	-0.04372226
15	11	4.418566	1.144542	-0.7313656	-0.04483246
15	11	4.429725	1.143148	-0.7316431	-0.04423474
15	11	4.441212	1.142738	-0.7313191	-0.04419981
15	11	4.452165	1.142989	-0.7313348	-0.04418753
15	11	4.463439	1.142837	-0.7315778	-0.04472088
15	11	4.474464	1.14272	-0.7314955	-0.04463862
15	11	4.485889	1.143298	-0.7311591	-0.04431676
15	11	4.497108	1.143335	-0.7315632	-0.04416918
15	11	4.508546	1.143336	-0.7314671	-0.0441625
15	11	4.519212	1.143789	-0.7312671	-0.04411815
15	11	4.530352	1.143652	-0.7317492	-0.04393767
15	11	4.541671	1.143574	-0.731656	-0.04397796
15	11	4.552866	1.143825	-0.7315809	-0.04392098
15	11	4.564022	1.143627	-0.7318133	-0.04360555
15	11	4.575435	1.143618	-0.7318143	-0.04371463
15	11	4.5862	1.143941	-0.7311612	-0.04438542
15	11	4.597601	1.143293	-0.731697	-0.04373812
15	11	4.608655	1.143257	-0.7316471	-0.04382275
15	11	4.61996	1.143705	-0.7312526	-0.04403066
15	11	4.630911	1.143392	-0.731465	-0.04381751
15	11	4.642059	1.143591	-0.7314073	-0.0440452
15	11	4.653287	1.143739	-0.7313231	-0.04431306
15	11	4.664773	1.143474	-0.7314044	-0.04433225
15	11	4.675654	1.143418	-0.7313215	-0.04441904
15	11	4.686942	1.143368	-0.7310933	-0.04499101
15	11	4.698176	1.143324	-0.7309991	-0.04527091
15	11	4.709451	1.14335	-0.7309345	-0.04555034
15	11	4.720275	1.143329	-0.7308699	-0.0457605
15	11	4.731592	1.143633	-0.7309238	-0.04566549
15	11	4.742709	1.143609	-0.7308365	-0.04569553
15	11	4.753888	1.143646	-0.7307605	-0.04579519
15	11	4.765172	1.14372	-0.730692	-0.04551767
15	11	4.776041	1.143849	-0.7306379	-0.04562162
15	11	4.78712	1.143968	-0.7305073	-0.04576277
15	11	4.798562	1.143744	-0.7311267	-0.04551314
15	11	4.809748	1.143843	-0.7310764	-0.04553222
15	11	4.820781	1.144102	-0.7309877	-0.04546689
15	11	4.832657	1.143876	-0.7313398	-0.04514324
15	11	4.843174	1.143955	-0.7312974	-0.04518079
15	11	4.854293	1.144134	-0.7309927	-0.04543458
15	11	4.866323	1.143925	-0.7312192	-0.04515826
15	11	4.876606	1.143836	-0.731155	-0.04503535
15	11	4.88781	1.144109	-0.7307702	-0.04518234
15	11	4.899243	1.143551	-0.7311982	-0.04447769
15	11	4.910238	1.143631	-0.7311338	-0.04427027
15	11	4.921101	1.143639	-0.7313403	-0.04417538
15	11	4.932722	1.143638	-0.7312499	-0.04388403
15	11	4.943565	1.143555	-0.7311646	-0.04350828
15	11	4.954881	1.143924	-0.7307695	-0.04344438
15	11	4.966259	1.143132	-0.7311717	-0.04248093
15	11	4.977221	1.143143	-0.7310573	-0.04226588
15	11	4.98829	1.143211	-0.7308675	-0.04236137
15	11	4.999899	1.143282	-0.7310354	-0.04226517
15	11	5.01103	1.143269	-0.7309307	-0.04221033
15	11	5.022052	1.143117	-0.7313176	-0.04190086
15	11	5.033784	1.143148	-0.7312626	-0.0419247
15	11	5.044415	1.143167	-0.7311848	-0.0419135
15	11	5.055429	1.141558	-0.7317699	-0.04046201
15	11	5.067062	1.141455	-0.73166	-0.04035841
15	11	5.077471	1.141331	-0.7315458	-0.04025029
15	11	5.089796	1.141602	-0.7311465	-0.04004501
15	11	5.100679	1.141073	-0.7314805	-0.0395286
15	11	5.111095	1.141034	-0.7313145	-0.03934847
15	11	5.122338	1.141291	-0.7308236	-0.03919696
15	11	5.133876	1.141827	-0.7310024	-0.03946256
15	11	5.144632	1.141745	-0.7309121	-0.03928565
15	11	5.155908	1.141969	-0.7304362	-0.03923129
15	11	5.167464	1.141841	-0.7306575	-0.03883694
15	11	5.178561	1.141761	-0.7304817	-0.03858172
15	11	5.189189	1.14179	-0.7301363	-0.03848742
15	11	5.201103	1.141536	-0.7306594	-0.03808879
15	11	5.211879	1.141303	-0.7305528	-0.03782009
15	11	5.222828	1.141223	-0.7305175	-0.03769659
15	11	5.234428	1.141134	-0.7304169	-0.03751408
15	11	5.245325	1.141049	-0.7303284	-0.03739308
15	11	5.256289	1.140316	-0.7306708	-0.03679489
15	11	5.268044	1.140264	-0.7305773	-0.03669905
15	11	5.278702	1.140208	-0.7304798	-0.03664016
15	11	5.290258	1.140158	-0.7304276	-0.03645371
15	11	5.301726	1.140152	-0.7303561	-0.0365759
15	11	5.313172	1.140082	-0.7302958	-0.0366342
15	11	5.32346	1.140476	-0.7297541	-0.0372548
15	11	5.335535	1.140331	-0.730004	-0.03714584
15	11	5.345751	1.14038	-0.7299339	-0.03722071
15	11	5.356811	1.140366	-0.7299908	-0.03715395
15	11	5.368394	1.140389	-0.72991	-0.0371549
15	11	5.379108	1.140417	-0.7298468	-0.03719639
15	11	5.390276	1.139984	-0.7300721	-0.036875
15	11	5.402182	1.140006	-0.7299954	-0.03690695
15	11	5.41272	1.14006	-0.7299258	-0.03695177
15	11	5.42382	1.139608	-0.7300569	-0.03650378
15	11	5.435328	1.139657	-0.7299913	-0.03648328
15	11	5.44624	1.139729	-0.7299536	-0.03645693
15	11	5.457219	1.140096	-0.7298716	-0.03645586
15	11	5.469227	1.140188	-0.7298201	-0.03641986
15	11	5.479993	1.140273	-0.7297651	-0.03640567
15	11	5.492183	1.139997	-0.7299207	-0.03640066
15	11	5.503274	1.140075	-0.7298781	-0.03641783
15	11	5.513572	1.140157	-0.7298385	-0.036453
15	11	5.524343	1.140226	-0.7299415	-0.03610526
15	11	5.536452	1.140326	-0.729894	-0.0361204
15	11	5.546885	1.140409	-0.7298521	-0.0361564
15	11	5.55824	1.14038	-0.7299265	-0.0362085
15	11	5.56932	1.140427	-0.7298743	-0.03624295
15	11	5.580335	1.140448	-0.729817	-0.03629624
15	11	5.591288	1.140484	-0.7298046	-0.03625773
15	11	5.602767	1.140519	-0.7297388	-0.03628134
15	11	5.614028	1.140531	-0.729674	-0.03628563
15	11	5.62498	1.140451	-0.7297171	-0.03616403
15	11	5.636622	1.140447	-0.7296306	-0.03614866
15	11	5.647665	1.140444	-0.7295524	-0.03615664
15	11	5.658569	1.140133	-0.7296127	-0.03584646
15	11	5.670241	1.140208	-0.7295529	-0.03591656
15	11	5.68084	1.140125	-0.7294644	-0.03586816
15	11	5.691894	1.139684	-0.7297028	-0.03584122
15	11	5.703716	1.139656	-0.7296244	-0.03585004
15	11	5.714802	1.139662	-0.7295667	-0.03588795
15	11	5.725324	1.139611	-0.7295011	-0.03582655
15	11	5.73717	1.139545	-0.7294072	-0.03574847
15	11	5.748008	1.139481	-0.7293097	-0.03567551
15	11	5.759067	1.139099	-0.7295946	-0.03516327
15	11	5.770567	1.139047	-0.7295333	-0.03510474
15	11	5.781229	1.139082	-0.7294415	-0.03509878
15	11	5.792412	1.139046	-0.7295994	-0.03516506
15	11	5.804309	1.139089	-0.7295057	-0.0351839
15	11	5.814945	1.139152	-0.7294279	-0.03520035
15	11	5.825994	1.139123	-0.7296404	-0.03500818
15	11	5.837708	1.139154	-0.7295772	-0.035017
15	11	5.84841	1.13919	-0.7295078	-0.03503012
15	11	5.859505	1.138205	-0.7298077	-0.03435682
15	11	5.871206	1.138255	-0.7297333	-0.03442429
15	11	5.882265	1.138292	-0.7296654	-0.034451
15	11	5.893057	1.138438	-0.729534	-0.03516649
15	11	5.904462	1.138472	-0.7294797	-0.03523229
15	11	5.915748	1.13848	-0.7294134	-0.03526019
15	11	5.926427	1.139	-0.7293962	-0.03513144
15	11	5.937982	1.139054	-0.7293342	-0.03508686
15	11	5.949542	1.139138	-0.7292768	-0.03502785
15	11	5.9602	1.139133	-0.7291628	-0.03519069
15	11	5.971651	1.139245	-0.7290996	-0.03519176
15	11	5.982588	1.139341	-0.7290384	-0.03525029
15	11	5.993539	1.139538	-0.7288693	-0.0353062
15	11	6.00521	1.139585	-0.7288078	-0.03539382
15	11	6.016333	1.139653	-0.7287406	-0.03544818
15	11	6.027236	1.139787	-0.7289182	-0.03533076
15	11	6.038707	1.139881	-0.7288421	-0.0354328
15	11	6.049918	1.139942	-0.7287699	-0.03553246
15	11	6.060602	1.139739	-0.7290746	-0.03505992
15	11	6.072417	1.139759	-0.7289921	-0.03509973
15	11	6.083162	1.139797	-0.7288998	-0.03514909
15	11	6.094011	1.139687	-0.729098	-0.03483306
15	11	6.105487	1.139765	-0.7290348	-0.03488706
15	11	6.117133	1.139823	-0.7289506	-0.03492378
15	11	6.127496	1.139508	-0.7290581	-0.03488873
15	11	6.139092	1.13955	-0.7289761	-0.03491353
15	11	6.150596	1.139588	-0.7288829	-0.0349171
15	11	6.161048	1.139374	-0.7291995	-0.03469001
15	11	6.172409	1.139427	-0.7291147	-0.03470777
15	11	6.183812	1.139492	-0.7290398	-0.03473448
15	11	6.194632	1.139726	-0.7290806	-0.03499674
15	11	6.206367	1.139803	-0.7290231	-0.0350921
15	11	6.217547	1.139879	-0.7289511	-0.03521382
15	11	6.228343	1.139531	-0.7291881	-0.03506516
15	11	6.239853	1.139598	-0.7291163	-0.03518735
15	11	6.252398	1.139689	-0.7290543	-0.03527879
15	11	6.262003	1.13946	-0.7291626	-0.0354123
15	11	6.27364	1.139589	-0.7291216	-0.03560578
15	11	6.284267	1.140028	-0.7287484	-0.03599666
15	11	6.295315	1.139098	-0.7293407	-0.03526138
15	11	6.306499	1.139145	-0.7292601	-0.03531443
15	11	6.317475	1.139197	-0.7291392	-0.03530406
15	11	6.328598	1.139059	-0.7291805	-0.03495334
15	11	6.340222	1.13913	-0.7290689	-0.03493236
15	11	6.351343	1.139232	-0.7289737	-0.03496312
15	11	6.362202	1.139249	-0.7290505	-0.03469216
15	11	6.37384	1.139353	-0.7289573	-0.03474735
15	11	6.387632	1.139429	-0.7286779	-0.03527509
15	11	6.396249	1.139166	-0.7290391	-0.03507029
15	11	6.406336	1.139279	-0.7289468	-0.03520726
15	11	6.41733	1.139356	-0.7288321	-0.03537058
15	11	6.428471	1.139529	-0.7291895	-0.03506039
15	11	6.439665	1.139603	-0.729107	-0.03519677
15	11	6.450766	1.139653	-0.7290202	-0.03529095
15	11	6.461715	1.139695	-0.729066	-0.03529142
15	11	6.473155	1.139754	-0.728968	-0.03529309
15	11	6.484326	1.140396	-0.7282819	-0.03582214
15	11	6.495143	1.139727	-0.7287098	-0.03520607
15	11	6.506821	1.139765	-0.7285777	-0.0352373
15	11	6.517752	1.139817	-0.7284759	-0.03528916
15	11	6.528726	1.139933	-0.7285873	-0.03546201
15	11	6.540495	1.140007	-0.7284917	-0.03553103
15	11	6.551388	1.140074	-0.7284204	-0.03564309
15	11	6.56216	1.139944	-0.7283572	-0.03568529
15	11	6.573648	1.140005	-0.7282544	-0.03577803
15	11	6.584979	1.140442	-0.7278036	-0.03616201
15	11	6.595775	1.140012	-0.7280566	-0.03582333
15	11	6.607156	1.140154	-0.7279674	-0.03596531
15	11	6.618226	1.140763	-0.7273968	-0.03640794
15	11	6.629241	1.140577	-0.7277948	-0.03621792
15	11	6.640697	1.140717	-0.7276777	-0.03627967
15	11	6.651798	1.141096	-0.7272288	-0.03662657
15	11	6.662741	1.140739	-0.7276562	-0.03620015
15	11	6.674071	1.140831	-0.7275311	-0.03619503
15	11	6.68531	1.140779	-0.7274264	-0.03627085
15	11	6.696446	1.140391	-0.7279609	-0.03586935
15	11	6.707955	1.140479	-0.7278413	-0.03588437
15	11	6.718669	1.14072	-0.7275902	-0.03592633
15	11	6.729788	1.140191	-0.7280766	-0.03542231
15	11	6.741384	1.140247	-0.7279428	-0.03546761
15	11	6.752257	1.140567	-0.7276644	-0.03557538
15	11	6.763558	1.140162	-0.7279466	-0.03527497
15	11	6.77543	1.140231	-0.7278334	-0.03542804
15	11	6.786319	1.140644	-0.7273711	-0.03587984
15	11	6.797254	1.140412	-0.7276257	-0.03575991
15	11	6.809021	1.140494	-0.7275039	-0.03590201
15	11	6.820061	1.140598	-0.7273926	-0.03607069
15	11	6.831112	1.139953	-0.7277309	-0.03581904
15	11	6.842605	1.140042	-0.7276391	-0.03595339
15	11	6.853698	1.140722	-0.726971	-0.03643798
15	11	6.864832	1.140482	-0.7273737	-0.03625082
15	11	6.876171	1.140635	-0.7272695	-0.03634499
15	11	6.887501	1.140914	-0.7270361	-0.03668224
15	11	6.898444	1.140855	-0.7274536	-0.03664862
15	11	6.909899	1.141067	-0.7273849	-0.03687047
15	11	6.920526	1.141741	-0.7269574	-0.0373268
15	11	6.931975	1.141055	-0.7276305	-0.03681349
15	11	6.943178	1.141208	-0.7275296	-0.03699874
15	11	6.954244	1.141308	-0.7274443	-0.03724824
15	11	6.965514	1.140772	-0.7278544	-0.03684472
15	11	6.976842	1.140923	-0.7277583	-0.03699659
15	11	6.987649	1.141558	-0.7270883	-0.03768467
15	11	6.999114	1.141752	-0.7274724	-0.03781926
15	11	7.010409	1.141947	-0.7273895	-0.03792547
15	11	7.02119	1.142573	-0.7267672	-0.03854417
15	11	7.032433	1.141924	-0.7274042	-0.0379505
15	11	7.04386	1.142028	-0.7272738	-0.03798901
15	11	7.055251	1.142671	-0.7265648	-0.03855013
15	11	7.066292	1.142028	-0.7271687	-0.03798841
15	11	7.077079	1.142093	-0.7270564	-0.03807174
15	11	7.088386	1.141938	-0.7271687	-0.03748273
15	11	7.099386	1.14202	-0.7270423	-0.03752314
15	11	7.110656	1.142082	-0.726909	-0.0375769
15	11	7.121762	1.141882	-0.7272009	-0.03720282
15	11	7.132788	1.141985	-0.7270817	-0.03722726
15	11	7.144375	1.142125	-0.7269477	-0.0372765
15	11	7.155331	1.142659	-0.726483	-0.03760551
15	11	7.166913	1.14243	-0.7270571	-0.03732311
15	11	7.177538	1.142622	-0.7269508	-0.03745841
15	11	7.188753	1.142514	-0.7269586	-0.03770064
15	11	7.199917	1.141988	-0.7275797	-0.03723203
15	11	7.211323	1.142134	-0.7274758	-0.0373665
15	11	7.222268	1.142135	-0.7275411	-0.03725635
15	11	7.233469	1.142227	-0.7274226	-0.03734158
15	11	7.245067	1.142296	-0.7272888	-0.0374025
15	11	7.256073	1.142461	-0.7271193	-0.03737735
15	11	7.267599	1.141718	-0.7277421	-0.03671585
15	11	7.278152	1.14177	-0.7276129	-0.03676127
15	11	7.289589	1.141732	-0.7274524	-0.03662037
15	11	7.300577	1.141784	-0.7273337	-0.03666865
15	11	7.311955	1.14188	-0.7272149	-0.03676306
15	11	7.323307	1.141925	-0.727121	-0.0368905
15	11	7.333976	1.141354	-0.72779	-0.03648828
15	11	7.34511	1.141405	-0.7276849	-0.03663348
15	11	7.356504	1.141542	-0.7273961	-0.03698992
15	11	7.368052	1.141033	-0.7279724	-0.03661548
15	11	7.378675	1.141075	-0.727856	-0.0367006
15	11	7.389805	1.140942	-0.7277073	-0.03660153
15	11	7.401485	1.141031	-0.7275735	-0.03668331
15	11	7.412315	1.141091	-0.7274507	-0.03675877
15	11	7.423344	1.140752	-0.727686	-0.03679489
15	11	7.434662	1.140825	-0.7275637	-0.03689491
15	11	7.445736	1.140883	-0.7274417	-0.03699921
15	11	7.456715	1.141365	-0.7269834	-0.0372449
15	11	7.468213	1.141131	-0.7274812	-0.03702616
15	11	7.479225	1.141189	-0.7273568	-0.03698956
15	11	7.490312	1.141597	-0.7268962	-0.0372784
15	11	7.501691	1.140801	-0.7276214	-0.03645049
15	11	7.513416	1.140893	-0.7274951	-0.03641294
15	11	7.525137	1.140204	-0.7277449	-0.03600978
15	11	7.53609	1.140238	-0.7276183	-0.03603135
15	11	7.546326	1.140262	-0.7275082	-0.03604864
15	11	7.557695	1.140446	-0.727404	-0.03611599
15	11	7.569501	1.14056	-0.7272998	-0.03621529
15	11	7.579646	1.140712	-0.7272311	-0.03637241
15	11	7.59079	1.140576	-0.7274302	-0.03648352
15	11	7.602317	1.140687	-0.7273377	-0.03651105
15	11	7.613314	1.140739	-0.7272233	-0.03643833
15	11	7.624477	1.140627	-0.7272555	-0.03618406
15	11	7.636005	1.140739	-0.7271699	-0.0363078
15	11	7.646643	1.140847	-0.7270871	-0.03639029
15	11	7.657867	1.141224	-0.7268373	-0.03640245
15	11	7.669785	1.141298	-0.7273854	-0.03648089
15	11	7.683916	1.141457	-0.7273213	-0.0366268
15	11	7.69339	1.141257	-0.7275144	-0.03642236
15	11	7.703185	1.141419	-0.7274762	-0.03667806
15	11	7.71245	1.14158	-0.7274321	-0.03695737
15	11	7.723265	1.141629	-0.7274617	-0.03718017
15	11	7.734738	1.141761	-0.7274035	-0.03742288
15	11	7.745693	1.141832	-0.7273198	-0.03765081
15	11	7.756688	1.141822	-0.7274956	-0.03767799
15	11	7.768157	1.141857	-0.7274274	-0.03780674
15	11	7.779165	1.141885	-0.7273415	-0.03788256
15	11	7.79039	1.141228	-0.727707	-0.03763591
15	11	7.801828	1.141219	-0.7276043	-0.03766166
15	11	7.81284	1.141214	-0.7275051	-0.03767942
15	11	7.823798	1.1408	-0.7277645	-0.03710901
15	11	7.835759	1.140777	-0.7276393	-0.03705334
15	11	7.846197	1.140787	-0.7275118	-0.03696774
15	11	7.857305	1.141183	-0.7270018	-0.03724443
15	11	7.86865	1.141433	-0.7272297	-0.03728317
15	11	7.879664	1.141503	-0.7271246	-0.03720819
15	11	7.890709	1.140915	-0.7276117	-0.03688227
15	11	7.902236	1.141051	-0.7274882	-0.03680145
15	11	7.913243	1.141211	-0.7273885	-0.03681778
15	11	7.92435	1.140759	-0.7277676	-0.03624605
15	11	7.935724	1.14084	-0.7276715	-0.03628825
15	11	7.946595	1.140895	-0.7275563	-0.03629278
15	11	7.957877	1.140595	-0.7277521	-0.03585719
15	11	7.969679	1.140679	-0.727625	-0.03580045
15	11	7.980197	1.140743	-0.7274853	-0.03571771
15	11	7.991596	1.140536	-0.7278453	-0.03556393
15	11	8.002791	1.140597	-0.7277132	-0.03551637
15	11	8.013755	1.140671	-0.727589	-0.03549932
15	11	8.024819	1.140315	-0.7275995	-0.03543519
15	11	8.036537	1.140377	-0.7274944	-0.03551577
15	11	8.047256	1.140436	-0.7273828	-0.03556906
15	11	8.058668	1.140571	-0.7275976	-0.03533911
15	11	8.070605	1.140669	-0.7274996	-0.03540443
15	11	8.081238	1.140749	-0.7273964	-0.03545069
15	11	8.092662	1.140553	-0.7274708	-0.03544449
15	11	8.104118	1.140586	-0.7273458	-0.03547119
15	11	8.115042	1.14061	-0.7272061	-0.03544628
15	11	8.126287	1.140294	-0.727239	-0.03501104
15	11	8.138431	1.140329	-0.7270919	-0.03497289
15	11	8.149366	1.140386	-0.7269677	-0.03499507
15	11	8.160271	1.140207	-0.7271043	-0.03485297
15	11	8.17192	1.140285	-0.7269994	-0.03496038
15	11	8.182739	1.140378	-0.7269059	-0.03507148
15	11	8.193897	1.140115	-0.7271825	-0.03479861
15	11	8.205447	1.140209	-0.7270917	-0.03496503
15	11	8.216571	1.140308	-0.7269934	-0.03511952
15	11	8.227415	1.140241	-0.7271484	-0.03524016
15	11	8.239094	1.140325	-0.7270592	-0.03538083
15	11	8.249914	1.140396	-0.726966	-0.03551768
15	11	8.261202	1.14043	-0.7270008	-0.03580998
15	11	8.27246	1.140535	-0.7269145	-0.03588508
15	11	8.283552	1.14066	-0.7268313	-0.03602098
15	11	8.295006	1.140908	-0.7268761	-0.03597807
15	11	8.306275	1.141159	-0.7268523	-0.036247
15	11	8.317035	1.141428	-0.7268027	-0.03651105
15	11	8.328012	1.140885	-0.7274779	-0.03614878
15	11	8.339579	1.14104	-0.7274054	-0.03622483
15	11	8.350445	1.141136	-0.7273043	-0.03620766
15	11	8.361493	1.140767	-0.7275175	-0.03581141
15	11	8.373057	1.140847	-0.7274135	-0.03577386
15	11	8.384093	1.141334	-0.7269384	-0.03603326
15	11	8.395113	1.140717	-0.7276107	-0.03542386
15	11	8.406741	1.140845	-0.7275523	-0.03548895
15	11	8.417604	1.141042	-0.7275323	-0.03573178
15	11	8.428394	1.141168	-0.7276179	-0.03648566
15	11	8.440045	1.141282	-0.7276202	-0.03680383
15	11	8.450875	1.141377	-0.727609	-0.03712987
15	11	8.462304	1.141367	-0.7277201	-0.03712081
15	11	8.4735	1.141381	-0.727661	-0.03742563
15	11	8.484692	1.141684	-0.7273616	-0.03777884
15	11	8.495655	1.14108	-0.7279249	-0.03747081
15	11	8.507184	1.140984	-0.7278084	-0.03757714
15	11	8.518305	1.141316	-0.7272633	-0.03784775
15	11	8.529068	1.140713	-0.7277809	-0.0373535
15	11	8.540471	1.14064	-0.7276064	-0.03725206
15	11	8.551555	1.140597	-0.7274441	-0.03715311
15	11	8.562624	1.140766	-0.7275239	-0.03704034
15	11	8.574304	1.140812	-0.7274007	-0.03698956
15	11	8.58567	1.14085	-0.7272805	-0.03696655
15	11	8.596182	1.140432	-0.7276872	-0.03650342
15	11	8.607642	1.140567	-0.7276131	-0.03645932
15	11	8.619182	1.140753	-0.7273718	-0.0366721
15	11	8.629527	1.140134	-0.7277519	-0.03601228
15	11	8.641191	1.140295	-0.7276675	-0.03602957
15	11	8.652142	1.140415	-0.7275907	-0.03604864
15	11	8.663206	1.140154	-0.7280148	-0.03574966
15	11	8.674788	1.140259	-0.7279187	-0.03575872
15	11	8.685825	1.140876	-0.7272846	-0.03625273
15	11	8.696492	1.140405	-0.7276658	-0.03569864
15	11	8.707994	1.140483	-0.7275726	-0.03560983
15	11	8.719458	1.140678	-0.7272776	-0.03588723
15	11	8.730054	1.140393	-0.7277428	-0.03558956
15	11	8.742279	1.140557	-0.7276934	-0.03583573
15	11	8.753281	1.141105	-0.7271384	-0.03657197
15	11	8.763757	1.140607	-0.727614	-0.03616225
15	11	8.776233	1.140704	-0.7275404	-0.03624843
15	11	8.786539	1.141475	-0.7270206	-0.03659962
15	11	8.797122	1.140972	-0.7276963	-0.03614794
15	11	8.808945	1.141155	-0.7276479	-0.03634082
15	11	8.819852	1.141532	-0.7274095	-0.03658294
15	11	8.830576	1.140889	-0.7279593	-0.03596805
15	11	8.84235	1.140967	-0.7278553	-0.03592502
15	11	8.853372	1.141069	-0.727779	-0.03592585
15	11	8.864276	1.140975	-0.7278742	-0.03577291
15	11	8.875622	1.14102	-0.727765	-0.03566669
15	11	8.886593	1.141172	-0.7275146	-0.03556298
15	11	8.897549	1.141237	-0.7278198	-0.03541695
15	11	8.909156	1.141224	-0.7276746	-0.03522109
15	11	8.920352	1.141713	-0.7271289	-0.03540825
15	11	8.93141	1.141012	-0.7276973	-0.03463816
15	11	8.942848	1.141086	-0.7275919	-0.0346248
15	11	8.953771	1.141179	-0.7274903	-0.0346403
15	11	8.964611	1.140812	-0.7279087	-0.03509747
15	11	8.97661	1.140897	-0.7278453	-0.03534721
15	11	8.989924	1.141421	-0.7275285	-0.03553127
15	11	8.998181	1.140331	-0.7280267	-0.03486728
15	11	9.008856	1.140273	-0.7279295	-0.03508889
15	11	9.020247	1.14078	-0.7272707	-0.03587543
15	11	9.030598	1.140038	-0.7277187	-0.03546571
15	11	9.04266	1.140056	-0.7276348	-0.03572129
15	11	9.053371	1.140077	-0.7275635	-0.03600215
15	11	9.064218	1.140508	-0.7276484	-0.03612636
15	11	9.075918	1.140495	-0.7275754	-0.03628002
15	11	9.087577	1.141109	-0.7267553	-0.03716122
15	11	9.098027	1.140811	-0.7271394	-0.03696846
15	11	9.109084	1.140786	-0.7270361	-0.03695213
15	11	9.120491	1.141	-0.7266294	-0.03726744
15	11	9.131216	1.140186	-0.7273189	-0.03657864
15	11	9.142802	1.140194	-0.7272233	-0.036561
15	11	9.15376	1.140392	-0.7269183	-0.03674125
15	11	9.164833	1.140012	-0.7273618	-0.03638195
15	11	9.176265	1.140086	-0.7272815	-0.03629969
15	11	9.187326	1.140672	-0.7266322	-0.03676461
15	11	9.198387	1.140198	-0.7272602	-0.03628646
15	11	9.209925	1.140362	-0.7272283	-0.03638743
15	11	9.220604	1.14052	-0.7271806	-0.03653418
15	11	9.231766	1.140221	-0.7273403	-0.03625082
15	11	9.243965	1.140416	-0.7273313	-0.03646253
15	11	9.254217	1.141271	-0.7266933	-0.03730129
15	11	9.265652	1.140848	-0.7271692	-0.03694342
15	11	9.277012	1.141175	-0.7271012	-0.03724693
15	11	9.288277	1.141592	-0.7267677	-0.03771375
15	11	9.298931	1.141349	-0.7272946	-0.03755282
15	11	9.310139	1.141534	-0.727208	-0.03767203
15	11	9.321468	1.141784	-0.7272111	-0.03769611
15	11	9.33229	1.14154	-0.7278677	-0.03739117
15	11	9.343843	1.142002	-0.7279304	-0.03771232
15	11	9.354937	1.142341	-0.7279059	-0.03799878
15	11	9.366074	1.142253	-0.7282516	-0.03774046
15	11	9.377622	1.14243	-0.7281212	-0.03763174
15	11	9.388442	1.142337	-0.7277542	-0.03703355
15	11	9.400175	1.141941	-0.7278086	-0.03600453
15	11	9.411544	1.141859	-0.7275273	-0.0353763
15	11	9.422468	1.1417	-0.7271968	-0.03485249
15	11	9.433709	1.141241	-0.7275292	-0.03404068
15	11	9.445334	1.141348	-0.7274574	-0.03393816
15	11	9.456108	1.14219	-0.7271024	-0.03532456
15	11	9.467505	1.142859	-0.7282299	-0.03674887
15	11	9.478827	1.143546	-0.7285782	-0.03803085
15	11	9.489777	1.144246	-0.7291721	-0.03961169
15	11	9.500736	1.143476	-0.7298828	-0.03993486
15	11	9.512341	1.143606	-0.729998	-0.0407729
15	11	9.523561	1.143363	-0.730445	-0.04065489
15	11	9.534412	1.143325	-0.730379	-0.04093527
15	11	9.546618	1.143399	-0.7303511	-0.04128908
15	11	9.559537	1.143309	-0.7302915	-0.04098283
15	11	9.568248	1.143367	-0.7301613	-0.04104828
15	11	9.579192	1.143329	-0.7300745	-0.04129111
15	11	9.589806	1.143361	-0.7296838	-0.04170965
15	11	9.601129	1.14329	-0.7301515	-0.04183172
15	11	9.6125	1.143245	-0.7300347	-0.0420333
15	11	9.623326	1.143015	-0.7304732	-0.04247211
15	11	9.634727	1.143162	-0.7304355	-0.04284953
15	11	9.645858	1.143498	-0.7303902	-0.04335057
15	11	9.657113	1.143852	-0.7306505	-0.04375576
15	11	9.668086	1.144029	-0.7306474	-0.04424857
15	11	9.679775	1.144277	-0.7305959	-0.0444616
15	11	9.690434	1.143829	-0.7308701	-0.04415892
15	11	9.701852	1.143981	-0.730934	-0.04443072
15	11	9.714044	1.144148	-0.7307934	-0.04446124
15	11	9.724254	1.143452	-0.7315387	-0.04399728
15	11	9.735243	1.143759	-0.7315036	-0.04408263
15	11	9.74632	1.143901	-0.7314886	-0.04412912
15	11	9.757648	1.143867	-0.7314328	-0.04406964
15	11	9.768835	1.144071	-0.7314647	-0.04423009
15	11	9.779893	1.144111	-0.7313856	-0.04419946
15	11	9.790922	1.144182	-0.7317299	-0.04420208
15	11	9.802438	1.144285	-0.7317182	-0.04423188
15	11	9.813563	1.144337	-0.7316617	-0.04431676
15	11	9.824429	1.144029	-0.7317904	-0.04371618
15	11	9.836152	1.144113	-0.731758	-0.04381644
15	11	9.846815	1.144125	-0.7317218	-0.04398416
15	11	9.857864	1.143872	-0.7319359	-0.04373907
15	11	9.869834	1.143869	-0.731872	-0.0437858
15	11	9.880246	1.143856	-0.731815	-0.04391002
15	11	9.89154	1.143958	-0.7318231	-0.04409598
15	11	9.902675	1.143943	-0.7317702	-0.0442407
15	11	9.913715	1.143936	-0.7317418	-0.04440366
15	11	9.924922	1.143734	-0.7317566	-0.04444443
15	11	9.936306	1.143697	-0.731696	-0.04442643
15	11	9.947557	1.14373	-0.7316414	-0.04453443
15	11	9.958844	1.144289	-0.7310725	-0.04502415
15	11	9.970741	1.14353	-0.7316312	-0.0443524
15	11	9.981222	1.143623	-0.7315806	-0.04433166
15	11	9.992694	1.143662	-0.7317153	-0.04420279
15	11	10.00386	1.143641	-0.7316622	-0.04412066
15	11	10.01467	1.143719	-0.7316233	-0.04411136
15	11	10.02608	1.143625	-0.7314705	-0.04430031
15	11	10.03766	1.14367	-0.7314299	-0.04433833
15	11	10.04808	1.143681	-0.7313708	-0.04432689
15	11	10.05939	1.144148	-0.7312526	-0.04464876
15	11	10.07106	1.144172	-0.7312208	-0.04463934
15	11	10.08155	1.144174	-0.7311605	-0.04467653
15	11	10.09316	1.143517	-0.7317079	-0.04413437
15	11	10.10469	1.143468	-0.7316483	-0.0441439
15	11	10.11509	1.143456	-0.7315913	-0.04415857
15	11	10.12622	1.142277	-0.7320491	-0.04306578
15	11	10.13816	1.142254	-0.7319938	-0.04307162
15	11	10.1489	1.142182	-0.7319211	-0.04304777
15	11	10.15992	1.142395	-0.7318279	-0.04330992
15	11	10.17169	1.142329	-0.731757	-0.04328214
15	11	10.18246	1.14222	-0.7316781	-0.04328238
15	11	10.19351	1.14266	-0.7316922	-0.04323815
15	11	10.20537	1.14257	-0.7316147	-0.04326319
15	11	10.21567	1.14248	-0.731563	-0.04327308
15	11	10.22678	1.143071	-0.7314306	-0.04395698
15	11	10.23848	1.143033	-0.7313861	-0.04403423
15	11	10.24926	1.143021	-0.7313608	-0.04405831
15	11	10.26075	1.143356	-0.7312816	-0.04456686
15	11	10.27205	1.143355	-0.7312742	-0.04453026
15	11	10.28528	1.143399	-0.7312557	-0.0445361
15	11	10.29503	1.143598	-0.7311374	-0.04489206
15	11	10.30589	1.143695	-0.731146	-0.04493784
15	11	10.31607	1.143754	-0.7311341	-0.04496692
15	11	10.32705	1.143796	-0.7312683	-0.04463362
15	11	10.33884	1.143836	-0.731259	-0.04462348
15	11	10.34948	1.143891	-0.7312447	-0.04463135
15	11	10.36059	1.143712	-0.731274	-0.04441522
15	11	10.37181	1.143745	-0.7312459	-0.04456352
15	11	10.3831	1.14373	-0.7312123	-0.04471814
15	11	10.39423	1.143683	-0.7311124	-0.04501008
15	11	10.40549	1.143614	-0.7310528	-0.04519533
15	11	10.4168	1.14353	-0.7310086	-0.04547929
15	11	10.42784	1.143072	-0.7314378	-0.04507338
15	11	10.43914	1.143116	-0.7314121	-0.04520034
15	11	10.44988	1.143283	-0.7313801	-0.04518198
15	11	10.46136	1.143356	-0.731387	-0.04514955
15	11	10.47277	1.143465	-0.731361	-0.04525207
15	11	10.48345	1.143493	-0.7313315	-0.04539059
15	11	10.49501	1.142913	-0.7315687	-0.04496812
15	11	10.50623	1.142778	-0.7315251	-0.04503416
15	11	10.5169	1.142688	-0.7314268	-0.04498183
15	11	10.52819	1.142676	-0.7316109	-0.04500638
15	11	10.53957	1.143025	-0.7316076	-0.04531549
15	11	10.55042	1.143287	-0.73165	-0.04560887
15	11	10.56171	1.143108	-0.7316903	-0.04525565
15	11	10.5736	1.143333	-0.7319576	-0.0450735
15	11	10.58396	1.144144	-0.7322925	-0.0451362
15	11	10.59513	1.145409	-0.7326845	-0.04637312
15	11	10.6067	1.146175	-0.7338666	-0.04767989
15	11	10.61768	1.146199	-0.7338618	-0.04895173
15	11	10.62858	1.144793	-0.7343096	-0.04922007
15	11	10.64015	1.144105	-0.7339579	-0.04812406
15	11	10.65123	1.144194	-0.7331818	-0.04764508
15	11	10.66235	1.143756	-0.7335922	-0.04634713
15	11	10.67369	1.143847	-0.7331926	-0.04594492
15	11	10.68527	1.143447	-0.7327477	-0.04600834
15	11	10.69605	1.14301	-0.7331074	-0.04547678
15	11	10.70741	1.142589	-0.7329692	-0.04475163
15	11	10.71857	1.14158	-0.7323962	-0.04529392
15	11	10.72975	1.141181	-0.7328452	-0.0456333
15	11	10.74087	1.1408	-0.7323674	-0.04513763
15	11	10.75202	1.1396	-0.7322258	-0.04445814
15	11	10.76295	1.138522	-0.7320927	-0.04302906
15	11	10.77471	1.137529	-0.7317415	-0.04194974
15	11	10.78564	1.137292	-0.7323343	-0.0415418
15	11	10.79655	1.137627	-0.7321998	-0.04244648
15	11	10.80867	1.137806	-0.7322561	-0.04292773
15	11	10.8192	1.13931	-0.7321028	-0.04321014
15	11	10.83005	1.139348	-0.7330569	-0.04383146
15	11	10.84175	1.140018	-0.733142	-0.04485391
15	11	10.85238	1.140774	-0.732509	-0.04489826
15	11	10.86353	1.139844	-0.7340683	-0.04340779
15	11	10.87509	1.139861	-0.73412	-0.04336952
15	11	10.88622	1.140003	-0.7334586	-0.0435469
15	11	10.89691	1.139084	-0.7340299	-0.0438001
15	11	10.9088	1.138857	-0.7342485	-0.04412698
15	11	10.91942	1.138934	-0.7337216	-0.04369258
15	11	10.93047	1.138308	-0.7338811	-0.04257892
15	11	10.94234	1.138161	-0.7335502	-0.04181432
15	11	10.95303	1.1381	-0.7330498	-0.0417317
15	11	10.96441	1.137721	-0.7336332	-0.04173564
15	11	10.97548	1.137245	-0.7334291	-0.04218434
15	11	10.98656	1.137224	-0.7331494	-0.04288052
15	11	10.99763	1.137438	-0.7337803	-0.04280065
15	11	11.00934	1.138063	-0.7337915	-0.04212569
15	11	11.02021	1.138396	-0.7336348	-0.04245387
15	11	11.03104	1.138072	-0.7342182	-0.04166054
15	11	11.0426	1.13863	-0.7341367	-0.04168116
15	11	11.05387	1.138971	-0.733879	-0.0425403
15	11	11.06497	1.138376	-0.7347935	-0.04261564
15	11	11.07633	1.138184	-0.7349166	-0.04288958
15	11	11.08754	1.138142	-0.7342945	-0.04286145
15	11	11.09812	1.137566	-0.7350415	-0.04203843
15	11	11.11022	1.137199	-0.7349387	-0.04163646
15	11	11.12138	1.137361	-0.7343227	-0.04179143
15	11	11.13154	1.13687	-0.7347192	-0.04146503
15	11	11.14325	1.136654	-0.7347983	-0.04193209
15	11	11.15476	1.136802	-0.7348472	-0.04237841
15	11	11.16531	1.137032	-0.7349693	-0.04140591
15	11	11.17704	1.137187	-0.735164	-0.04090809
15	11	11.18803	1.137463	-0.7348901	-0.04125546
15	11	11.19871	1.137207	-0.7351741	-0.041162
15	11	11.21013	1.137204	-0.7352809	-0.04151021
15	11	11.2215	1.13774	-0.734897	-0.04253386
15	11	11.23208	1.137337	-0.7352506	-0.04209088
15	11	11.2437	1.137067	-0.7351173	-0.04158627
15	11	11.2549	1.137019	-0.7349235	-0.04161047
15	11	11.26587	1.13672	-0.7352606	-0.04124712
15	11	11.27781	1.136711	-0.735243	-0.04127072
15	11	11.28865	1.137307	-0.7347127	-0.04201316
15	11	11.29941	1.136897	-0.7351331	-0.04201483
15	11	11.31075	1.136862	-0.7352415	-0.04213189
15	11	11.3222	1.137224	-0.7348229	-0.04195999
15	11	11.33268	1.13693	-0.7352618	-0.0413277
15	11	11.34416	1.136897	-0.7353412	-0.04135226
15	11	11.35521	1.137216	-0.735046	-0.04164885
15	11	11.36624	1.136817	-0.7354618	-0.04144238
15	11	11.37785	1.136855	-0.7355653	-0.04164862
15	11	11.38892	1.137288	-0.7355224	-0.04164409
15	11	11.39959	1.137161	-0.7355028	-0.04125213
15	11	11.41114	1.137107	-0.7355381	-0.04094743
15	11	11.42227	1.13727	-0.7352802	-0.04124295
15	11	11.43356	1.136575	-0.7356018	-0.04080676
15	11	11.44488	1.136566	-0.735644	-0.04116749
15	11	11.45573	1.13684	-0.7354089	-0.04169558
15	11	11.46665	1.136128	-0.7357591	-0.04076814
15	11	11.47823	1.136072	-0.7357346	-0.04040133
15	11	11.4893	1.136662	-0.7354552	-0.04059028
15	11	11.50015	1.136591	-0.7354842	-0.04056214
15	11	11.51184	1.13656	-0.7354883	-0.04087626
15	11	11.52294	1.136565	-0.7355219	-0.04104506
15	11	11.53377	1.136245	-0.7357587	-0.04123448
15	11	11.54537	1.136123	-0.7357494	-0.04097389
15	11	11.55645	1.136339	-0.7352749	-0.04112791
15	11	11.56721	1.135983	-0.7356216	-0.04073809
15	11	11.58083	1.135936	-0.7356485	-0.04084348
15	11	11.59685	1.136556	-0.7355944	-0.04122971
15	11	11.60731	1.136563	-0.7357253	-0.04159569
15	11	11.61712	1.136525	-0.7357432	-0.04130291
15	11	11.62563	1.136325	-0.7357227	-0.0410509
15	11	11.63435	1.136325	-0.7357227	-0.0410509
15	11	11.64522	1.136229	-0.7357436	-0.04082536
15	11	11.65515	1.136124	-0.7358018	-0.04080104
15	11	11.66483	1.136181	-0.7356561	-0.04085158
15	11	11.67645	1.136183	-0.7356902	-0.04111837
15	11	11.68741	1.136119	-0.735742	-0.0411775
15	11	11.69749	1.136363	-0.7358567	-0.04100417
15	11	11.70942	1.136284	-0.7358278	-0.04056
15	11	11.72067	1.136251	-0.7358466	-0.04024063
15	11	11.73061	1.136233	-0.7357484	-0.04054951
15	11	11.74127	1.136191	-0.7357723	-0.04091548
15	11	11.75249	1.136167	-0.7358347	-0.04115533
15	11	11.76213	1.136442	-0.7358278	-0.04119467
15	11	11.77261	1.136388	-0.735824	-0.04077076
15	11	11.78341	1.136311	-0.7358195	-0.04049097
15	11	11.79384	1.136459	-0.7355107	-0.04084717
15	11	11.80503	1.1364	-0.7355305	-0.04092645
15	11	11.81621	1.136396	-0.7355539	-0.04119181
15	11	11.82727	1.136371	-0.7354404	-0.04149102
15	11	11.8388	1.136314	-0.735499	-0.04154919
15	11	11.84985	1.136229	-0.7355045	-0.04129027
15	11	11.86096	1.136331	-0.7356533	-0.04121672
15	11	11.8724	1.136292	-0.735679	-0.04112982
15	11	11.88317	1.136267	-0.7357217	-0.04131149
15	11	11.89427	1.13649	-0.7356993	-0.04148792
15	11	11.90598	1.136499	-0.7357491	-0.04174303
15	11	11.91679	1.136479	-0.7357963	-0.04167913
15	11	11.92786	1.136624	-0.7356468	-0.04140829
15	11	11.94015	1.136558	-0.7356395	-0.0410689
15	11	11.95116	1.136519	-0.7356564	-0.04101633
15	11	11.96187	1.136673	-0.7353219	-0.04112171
15	11	11.97336	1.136665	-0.735329	-0.04135834
15	11	11.98434	1.13689	-0.7350081	-0.04182934
15	11	11.99572	1.136682	-0.7352411	-0.0415368
15	11	12.00746	1.136634	-0.7352363	-0.04131697
15	11	12.0189	1.136561	-0.7352151	-0.04101728
15	11	12.03017	1.136829	-0.7352899	-0.04121136
15	11	12.04215	1.136817	-0.7352873	-0.04134654
15	11	12.05315	1.137278	-0.734862	-0.04180275
15	11	12.06494	1.136907	-0.7351087	-0.04148732
15	11	12.07663	1.136836	-0.7350975	-0.04124152
15	11	12.08808	1.13706	-0.7347168	-0.04134737
15	11	12.09925	1.136901	-0.7352184	-0.04108046
15	11	12.11092	1.136908	-0.7352504	-0.04120575
15	11	12.12294	1.137243	-0.7348539	-0.04176604
15	11	12.13363	1.137011	-0.7353288	-0.04169606
15	11	12.14572	1.137012	-0.7353588	-0.04166721
15	11	12.15669	1.137437	-0.734934	-0.04180311
15	11	12.16825	1.136783	-0.7353173	-0.04108929
15	11	12.18019	1.136746	-0.7353228	-0.04101275
15	11	12.19122	1.136991	-0.7353088	-0.0413407
15	11	12.20278	1.136997	-0.7353355	-0.04153692
15	11	12.21462	1.136994	-0.7353617	-0.0415852
15	11	12.22584	1.137047	-0.7351793	-0.04172241
15	11	12.23755	1.137009	-0.7351853	-0.04151176
15	11	12.24855	1.136975	-0.7351884	-0.04137992
15	11	12.26011	1.137123	-0.7350177	-0.0416727
15	11	12.27115	1.137115	-0.7350348	-0.04189335
15	11	12.28256	1.137098	-0.7350396	-0.04202102
15	11	12.29359	1.136983	-0.7351938	-0.0418496
15	11	12.30509	1.136963	-0.7351915	-0.04171084
15	11	12.31583	1.136933	-0.7351998	-0.04152464
15	11	12.3271	1.137056	-0.7350105	-0.04169582
15	11	12.33863	1.137041	-0.735037	-0.04175209
15	11	12.34922	1.137041	-0.7350434	-0.041929
15	11	12.36073	1.137051	-0.735093	-0.04160069
15	11	12.37222	1.137045	-0.7351032	-0.04154335
15	11	12.38284	1.137022	-0.735098	-0.04134606
15	11	12.39394	1.136948	-0.7349674	-0.04142462
15	11	12.4053	1.136923	-0.7349709	-0.04135345
15	11	12.41639	1.13692	-0.7349733	-0.04143642
15	11	12.42714	1.137194	-0.7352272	-0.04136227
15	11	12.4388	1.137232	-0.7352601	-0.04144489
15	11	12.44963	1.137246	-0.7352778	-0.0413761
15	11	12.46088	1.137139	-0.7351464	-0.04150962
15	11	12.4723	1.1371	-0.7351354	-0.04131244
15	11	12.48315	1.137103	-0.7351538	-0.04131411
15	11	12.49427	1.137104	-0.7351202	-0.04146289
15	11	12.50592	1.137119	-0.7351493	-0.04167293
15	11	12.51677	1.137129	-0.7351724	-0.04171382
15	11	12.52776	1.13739	-0.7352306	-0.0418918
15	11	12.54009	1.137386	-0.7352408	-0.04173313
15	11	12.55007	1.137395	-0.7352339	-0.04160475
15	11	12.56151	1.136985	-0.7353352	-0.04155659
15	11	12.57335	1.136973	-0.7353517	-0.04163526
15	11	12.58358	1.136988	-0.735365	-0.04181265
15	11	12.59517	1.136936	-0.7352329	-0.04159974
15	11	12.60623	1.136913	-0.7352287	-0.04152166
15	11	12.61721	1.136872	-0.7352098	-0.04138135
15	11	12.62829	1.13685	-0.7352127	-0.04103254
15	11	12.64009	1.136835	-0.7352017	-0.04108571
15	11	12.65074	1.136828	-0.7352093	-0.04115318
15	11	12.66186	1.137086	-0.7348925	-0.04156493
15	11	12.67355	1.137081	-0.7348889	-0.04156898
15	11	12.68435	1.137413	-0.7343889	-0.042006
15	11	12.69608	1.137221	-0.7347647	-0.04175161
15	11	12.70746	1.137206	-0.7347549	-0.04173278
15	11	12.71772	1.137196	-0.7347518	-0.04180049
15	11	12.72883	1.137377	-0.7349221	-0.04169689
15	11	12.7408	1.137387	-0.7349294	-0.04178261
15	11	12.75155	1.137392	-0.7349395	-0.04174362
15	11	12.76243	1.13742	-0.7349695	-0.04177176
15	11	12.77425	1.137421	-0.7349738	-0.04170894
15	11	12.78505	1.13743	-0.7349941	-0.04169368
15	11	12.79602	1.1373	-0.7352113	-0.04174839
15	11	12.80764	1.137319	-0.7352303	-0.04191564
15	11	12.81871	1.13734	-0.7352589	-0.04199408
15	11	12.82954	1.137189	-0.735201	-0.04215621
15	11	12.84118	1.137166	-0.7352055	-0.04207288
15	11	12.85218	1.137164	-0.7352165	-0.04203426
15	11	12.86306	1.136648	-0.7356158	-0.04128336
15	11	12.8746	1.136635	-0.7356185	-0.04137181
15	11	12.88934	1.13664	-0.7356273	-0.04148005
15	11	12.898	1.136472	-0.73548	-0.04156207
15	11	12.907	1.136442	-0.7354909	-0.04147409
15	11	12.91728	1.136854	-0.7350909	-0.04172229
15	11	12.92867	1.136757	-0.7352067	-0.04156565
15	11	12.94002	1.136742	-0.7352091	-0.0416001
15	11	12.95063	1.136728	-0.7352027	-0.04169284
15	11	12.96202	1.137199	-0.7351457	-0.04190444
15	11	12.9739	1.137201	-0.7351519	-0.04193233
15	11	12.98433	1.137208	-0.7351691	-0.04188536
15	11	12.99535	1.136833	-0.7352434	-0.04141234
15	11	13.00762	1.136812	-0.735236	-0.04130529
15	11	13.01784	1.136788	-0.7352148	-0.04130577
15	11	13.02898	1.137281	-0.7350484	-0.0415579
15	11	13.04083	1.1373	-0.7350496	-0.04161333
15	11	13.05127	1.137324	-0.7350489	-0.04161369
15	11	13.06239	1.136787	-0.7351414	-0.04172133
15	11	13.07415	1.136769	-0.7351209	-0.04162585
15	11	13.08461	1.137435	-0.7345577	-0.04182361
15	11	13.09595	1.136869	-0.7348489	-0.04137706
15	11	13.10738	1.136856	-0.7348393	-0.04144191
15	11	13.11843	1.136826	-0.7348262	-0.0414605
15	11	13.13021	1.136945	-0.734521	-0.04177677
15	11	13.14061	1.136922	-0.7345031	-0.04168831
15	11	13.15186	1.137419	-0.7339557	-0.0420314
15	11	13.16379	1.136977	-0.7341133	-0.04165553
15	11	13.17425	1.136936	-0.7340802	-0.04167866
15	11	13.1855	1.13689	-0.7340566	-0.04173993
15	11	13.1971	1.137226	-0.7338523	-0.04167627
15	11	13.20781	1.137214	-0.7338299	-0.04160034
15	11	13.21891	1.137711	-0.7332758	-0.04188775
15	11	13.23043	1.138083	-0.7334975	-0.04209088
15	11	13.24117	1.138104	-0.7334782	-0.04208206
15	11	13.25269	1.138214	-0.7332035	-0.04253923
15	11	13.26446	1.138169	-0.7335314	-0.04256736
15	11	13.27504	1.138192	-0.7335323	-0.04260968
15	11	13.28648	1.13851	-0.7332267	-0.04288672
15	11	13.29901	1.138193	-0.7337173	-0.04252039
15	11	13.30871	1.138213	-0.7337059	-0.04248737
15	11	13.32102	1.13849	-0.7333256	-0.04287051
15	11	13.33191	1.13792	-0.733776	-0.04242562
15	11	13.34293	1.137921	-0.73377	-0.04251324
15	11	13.35428	1.138217	-0.7333974	-0.04291819
15	11	13.36578	1.137588	-0.7338136	-0.04234742
15	11	13.37674	1.137577	-0.7337912	-0.04228853
15	11	13.38798	1.137947	-0.7333986	-0.04259538
15	11	13.39939	1.137616	-0.7339257	-0.04231094
15	11	13.41036	1.137624	-0.733924	-0.04240726
15	11	13.42155	1.138023	-0.7335497	-0.04275678
15	11	13.43298	1.137741	-0.7338947	-0.04250549
15	11	13.44392	1.137753	-0.7338973	-0.04247831
15	11	13.45513	1.138231	-0.7335998	-0.04242634
15	11	13.46622	1.138464	-0.733724	-0.04255794
15	11	13.47811	1.138489	-0.7337145	-0.04260181
15	11	13.48883	1.138881	-0.7332491	-0.04317879
15	11	13.49974	1.138776	-0.7335881	-0.04310273
15	11	13.51102	1.138836	-0.7335793	-0.04311894
15	11	13.52244	1.139446	-0.7330867	-0.0434122
15	11	13.53313	1.138933	-0.7336096	-0.04289173
15	11	13.54435	1.138997	-0.7336129	-0.04290198
15	11	13.55606	1.139078	-0.7335316	-0.04309653
15	11	13.56687	1.13856	-0.7340504	-0.0426855
15	11	13.57791	1.138584	-0.7340428	-0.04271685
15	11	13.59037	1.138916	-0.7336532	-0.04305087
15	11	13.60436	1.138178	-0.7340127	-0.04239546
15	11	13.61451	1.138153	-0.7339901	-0.04234217
15	11	13.62403	1.138171	-0.7339782	-0.04233002
15	11	13.63408	1.138087	-0.7338403	-0.0426092
15	11	13.64337	1.138086	-0.7338275	-0.04268168
15	11	13.65508	1.138319	-0.7336279	-0.04274606
15	11	13.66589	1.138109	-0.7339391	-0.04252361
15	11	13.67678	1.138101	-0.7339135	-0.04248761
15	11	13.68819	1.138843	-0.7331265	-0.04310452
15	11	13.69948	1.138566	-0.7333428	-0.04284357
15	11	13.71039	1.138566	-0.7333244	-0.04288434
15	11	13.7218	1.138906	-0.7329513	-0.04321538
15	11	13.73289	1.138875	-0.7333459	-0.04317712
15	11	13.74366	1.138883	-0.7333273	-0.04316758
15	11	13.75522	1.139046	-0.7329761	-0.04360007
15	11	13.76642	1.138272	-0.7332975	-0.04291653
15	11	13.77747	1.138234	-0.7332667	-0.04294061
15	11	13.78882	1.138468	-0.7330214	-0.04309033
15	11	13.8002	1.138211	-0.7332157	-0.04292284
15	11	13.81072	1.138179	-0.7331761	-0.04291056
15	11	13.82232	1.13845	-0.7328473	-0.0430827
15	11	13.83338	1.138479	-0.7333547	-0.04308008
15	11	13.84418	1.138491	-0.7333292	-0.04307424
15	11	13.85584	1.138874	-0.7330869	-0.04303466
15	11	13.86716	1.138919	-0.7333163	-0.04308103
15	11	13.87779	1.138961	-0.7333013	-0.04310607
15	11	13.88956	1.139263	-0.7330364	-0.04329823
15	11	13.90035	1.138872	-0.7335387	-0.04290198
15	11	13.91134	1.138886	-0.7335356	-0.04284047
15	11	13.92265	1.139288	-0.7331182	-0.04314517
15	11	13.93362	1.138988	-0.733574	-0.04285024
15	11	13.94528	1.139026	-0.7335688	-0.04288803
15	11	13.95615	1.139165	-0.7333006	-0.04329895
15	11	13.96758	1.13862	-0.7336851	-0.04279207
15	11	13.97866	1.138638	-0.733658	-0.04274677
15	11	13.99036	1.138193	-0.7340094	-0.04244016
15	11	14.00104	1.138197	-0.7339979	-0.04245018
15	11	14.01248	1.138187	-0.7339901	-0.04247736
15	11	14.0244	1.138404	-0.7340401	-0.04277681
15	11	14.03536	1.138406	-0.734027	-0.04278921
15	11	14.04646	1.138413	-0.7340153	-0.04278146
15	11	14.05807	1.138589	-0.7338983	-0.04275774
15	11	14.069	1.138619	-0.7338933	-0.04275893
15	11	14.0803	1.138629	-0.7338816	-0.04276012
15	11	14.09202	1.138265	-0.7339674	-0.04303085
15	11	14.10312	1.138261	-0.7339541	-0.04308735
15	11	14.11391	1.138249	-0.7339388	-0.04311727
15	11	14.12583	1.138432	-0.7338308	-0.04308914
15	11	14.13675	1.138421	-0.7338139	-0.04307937
15	11	14.14797	1.138415	-0.7337941	-0.04307877
15	11	14.15929	1.138518	-0.7337776	-0.0426613
15	11	14.16983	1.138524	-0.7337564	-0.04267274
15	11	14.18283	1.138531	-0.7337409	-0.04267656
15	11	14.19286	1.137844	-0.7340523	-0.04234265
15	11	14.20335	1.13783	-0.7340249	-0.04230427
15	11	14.21437	1.137823	-0.7340077	-0.04226326
15	11	14.22593	1.138152	-0.7337631	-0.04239701
15	11	14.23684	1.13814	-0.7337407	-0.04239272
15	11	14.24816	1.138134	-0.7337197	-0.04239534
15	11	14.26014	1.138759	-0.7335538	-0.04298531
15	11	14.2708	1.138788	-0.7335442	-0.04299866
15	11	14.28143	1.138814	-0.7335378	-0.04298447
15	11	14.29362	1.138878	-0.733591	-0.0428692
15	11	14.30419	1.138924	-0.7335738	-0.0428779
15	11	14.3151	1.138939	-0.7335624	-0.04290282
15	11	14.32658	1.138806	-0.7336262	-0.04288029
15	11	14.33731	1.138831	-0.7336262	-0.04289721
15	11	14.34848	1.138857	-0.7336243	-0.04288827
15	11	14.3602	1.138998	-0.7334307	-0.04320787
15	11	14.37092	1.139021	-0.7334355	-0.04320477
15	11	14.38206	1.13905	-0.7334276	-0.04323112
15	11	14.39347	1.138143	-0.7337426	-0.04259228
15	11	14.40486	1.138122	-0.7337159	-0.04260944
15	11	14.41579	1.138099	-0.7336992	-0.04257833
15	11	14.4271	1.138299	-0.7337016	-0.04278492
15	11	14.43794	1.138291	-0.7336932	-0.04276942
15	11	14.44912	1.138285	-0.7336825	-0.04274308
15	11	14.4606	1.138371	-0.7338995	-0.04251205
15	11	14.47157	1.138398	-0.7338945	-0.04254149
15	11	14.48287	1.138407	-0.7338692	-0.04254185
15	11	14.49506	1.138373	-0.7337173	-0.04264544
15	11	14.50566	1.138373	-0.7337028	-0.04261946
15	11	14.51738	1.13837	-0.7336935	-0.04260348
15	11	14.52867	1.138416	-0.7338222	-0.04264091
15	11	14.53928	1.138423	-0.7338158	-0.04266583
15	11	14.55149	1.138419	-0.733807	-0.04269909
15	11	14.56305	1.138357	-0.7337619	-0.04277419
15	11	14.57287	1.138356	-0.7337612	-0.042773
15	11	14.58362	1.138352	-0.7337595	-0.04276465
15	11	14.59671	1.138284	-0.733826	-0.04265987
15	11	14.60647	1.138283	-0.7338156	-0.04266094
15	11	14.61716	1.138301	-0.7337991	-0.04270386
15	11	14.62901	1.138322	-0.733843	-0.04264652
15	11	14.64005	1.138337	-0.733826	-0.04266332
15	11	14.65066	1.138345	-0.7338117	-0.04264687
15	11	14.66224	1.138376	-0.7340738	-0.04262685
15	11	14.67305	1.138386	-0.7340671	-0.04261993
15	11	14.68391	1.138405	-0.7340578	-0.04262256
15	11	14.69525	1.137747	-0.7342514	-0.04225396
15	11	14.7065	1.137743	-0.7342354	-0.04229807
15	11	14.71713	1.137733	-0.7342159	-0.0423082
15	11	14.72895	1.137741	-0.7341977	-0.04216551
15	11	14.74027	1.137722	-0.7341713	-0.04212545
15	11	14.75121	1.137716	-0.7341532	-0.04209195
15	11	14.76289	1.138723	-0.7336148	-0.04295992
15	11	14.7747	1.138738	-0.7336124	-0.04297732
15	11	14.78468	1.138764	-0.7335957	-0.04299234
15	11	14.79642	1.138623	-0.7333626	-0.04322671
15	11	14.80762	1.138616	-0.7333368	-0.04321729
15	11	14.81984	1.138849	-0.7330803	-0.0433725
15	11	14.8315	1.138752	-0.7334648	-0.04326867
15	11	14.84084	1.13877	-0.7334536	-0.04328202
15	11	14.85285	1.138797	-0.7334408	-0.04333876
15	11	14.86366	1.138635	-0.7336601	-0.04283952
15	11	14.87518	1.138655	-0.7336315	-0.04283153
15	11	14.88695	1.138668	-0.7336093	-0.04280614
15	11	14.89844	1.13855	-0.7336267	-0.04257892
15	11	14.90822	1.138567	-0.7336053	-0.04256414
15	11	14.91931	1.138606	-0.7335912	-0.04257487
15	11	14.93033	1.138808	-0.7334439	-0.04324626
15	11	14.94111	1.13883	-0.7334303	-0.04326998
15	11	14.95324	1.138836	-0.7334143	-0.04328178
15	11	14.9641	1.13885	-0.7334956	-0.04304241
15	11	14.97644	1.138871	-0.7334801	-0.0430355
15	11	14.98593	1.138887	-0.7334539	-0.04302894
15	11	14.99677	1.138631	-0.7335159	-0.0431609
15	11	15.00839	1.138646	-0.7335058	-0.04321204
15	11	15.01922	1.138652	-0.7334837	-0.04324435
15	11	15.03136	1.138388	-0.7335614	-0.04297184
15	11	15.0424	1.138373	-0.7335328	-0.04295682
15	11	15.05268	1.138553	-0.7333575	-0.04305958
15	11	15.06428	1.138617	-0.7335793	-0.04312347
15	11	15.07506	1.138628	-0.7335674	-0.0431528
15	11	15.08583	1.138626	-0.733564	-0.04318045
15	11	15.09783	1.138364	-0.7338556	-0.04270445
15	11	15.10859	1.138358	-0.7338535	-0.04267453
15	11	15.11977	1.138597	-0.7336003	-0.04281782
15	11	15.1315	1.138148	-0.733924	-0.04238914
15	11	15.14285	1.138142	-0.7339102	-0.04237698
15	11	15.15363	1.138368	-0.7335168	-0.04281019
15	11	15.1681	1.138123	-0.7338561	-0.04256915
15	11	15.17867	1.138106	-0.7338575	-0.04256533
15	11	15.18727	1.138093	-0.7338523	-0.04255461
15	11	15.19871	1.137943	-0.7339112	-0.04229103
15	11	15.20836	1.137922	-0.7338966	-0.04226564
15	11	15.2194	1.137899	-0.7338783	-0.04225158
15	11	15.23146	1.138308	-0.7336212	-0.04298614
15	11	15.24254	1.1383	-0.7336124	-0.0430225
15	11	15.25471	1.138683	-0.7333368	-0.04309415
15	11	15.2668	1.138458	-0.7337891	-0.04286336
15	11	15.27896	1.138457	-0.733781	-0.0428413
15	11	15.28871	1.138473	-0.7337855	-0.04284166
15	11	15.30144	1.138146	-0.733694	-0.0426824
15	11	15.31301	1.138134	-0.7336854	-0.04270386
15	11	15.32351	1.138556	-0.7333518	-0.04281031
15	11	15.33469	1.138894	-0.7335068	-0.04305314
15	11	15.34466	1.138919	-0.7334958	-0.04303716
15	11	15.35611	1.138955	-0.733492	-0.04303252
15	11	15.36887	1.138692	-0.7336017	-0.04308354
15	11	15.37891	1.138714	-0.7335976	-0.04311084
15	11	15.3888	1.139363	-0.7330641	-0.04342483
15	11	15.4	1.138795	-0.7335557	-0.04290842
15	11	15.40993	1.138844	-0.7335478	-0.04289984
15	11	15.41966	1.13888	-0.7335325	-0.04289101
15	11	15.43099	1.138693	-0.7333814	-0.04311179
15	11	15.44256	1.138713	-0.7333668	-0.04313682
15	11	15.45326	1.139206	-0.7329134	-0.0434668
15	11	15.4661	1.139125	-0.7333301	-0.04336928
15	11	15.47686	1.139139	-0.7333001	-0.04338645
15	11	15.49175	1.13949	-0.7329761	-0.04360317
15	11	15.50271	1.138853	-0.7334653	-0.04300641
15	11	15.51382	1.138864	-0.7334408	-0.04300379
15	11	15.52513	1.138888	-0.7334183	-0.04300939
15	11	15.53579	1.138912	-0.7333609	-0.04315161
15	11	15.54604	1.138939	-0.7333483	-0.0431671
15	11	15.55612	1.138957	-0.7333285	-0.04318236
15	11	15.56817	1.138697	-0.7335643	-0.04292392
15	11	15.57862	1.138695	-0.7335488	-0.04290294
15	11	15.58753	1.138703	-0.733534	-0.04290961
15	11	15.59819	1.138635	-0.7331945	-0.04304777
15	11	15.60873	1.138622	-0.7331663	-0.04306732
15	11	15.61863	1.138613	-0.7331294	-0.04308533
15	11	15.63581	1.138939	-0.7330543	-0.04330705
15	11	15.647	1.138946	-0.7330242	-0.0433123
15	11	15.65646	1.138953	-0.7330073	-0.04332088
15	11	15.66915	1.138892	-0.7331947	-0.0433458
15	11	15.67964	1.138894	-0.7331764	-0.0433849
15	11	15.68957	1.138903	-0.7331642	-0.04343342
15	11	15.70206	1.138658	-0.7335271	-0.04296874
15	11	15.71232	1.138671	-0.7335025	-0.04297971
15	11	15.72051	1.138687	-0.7334872	-0.04297685
15	11	15.73075	1.138592	-0.7333316	-0.04284571
15	11	15.74014	1.138576	-0.7333013	-0.04283284
15	11	15.75126	1.13859	-0.7332765	-0.04284464
15	11	15.76323	1.138637	-0.7334453	-0.04283165
15	11	15.7745	1.138668	-0.7334353	-0.04284536
15	11	15.78486	1.138678	-0.7334169	-0.0428636
15	11	15.79644	1.138923	-0.733601	-0.04299544
15	11	15.80792	1.138964	-0.7335945	-0.04301106
15	11	15.81826	1.138978	-0.7335981	-0.04302358
15	11	15.83016	1.138389	-0.7338892	-0.04307925
15	11	15.84084	1.138396	-0.7338794	-0.0431398
15	11	15.85238	1.138394	-0.7338804	-0.04317759
15	11	15.86395	1.138103	-0.7340323	-0.04271184
15	11	15.87439	1.13812	-0.7340151	-0.04272508
15	11	15.88718	1.138436	-0.7336212	-0.04312395
15	11	15.89762	1.137946	-0.7341162	-0.04270314
15	11	15.90765	1.137934	-0.7341107	-0.04272066
15	11	15.91885	1.137951	-0.7341071	-0.04276513
15	11	15.93065	1.137859	-0.7343091	-0.04245256
15	11	15.94286	1.137852	-0.7343034	-0.04245685
15	11	15.95205	1.13785	-0.7343072	-0.04246591
15	11	15.9635	1.13771	-0.7346145	-0.04231321
15	11	15.97428	1.137726	-0.734609	-0.04234551
15	11	15.98574	1.138248	-0.734156	-0.04265474
15	11	15.99702	1.13767	-0.7344421	-0.04216408
15	11	16.00863	1.137678	-0.7344323	-0.04214906
15	11	16.01942	1.137679	-0.7344216	-0.04212235
15	11	16.03124	1.138063	-0.7339498	-0.04259263
15	11	16.04222	1.138052	-0.7339247	-0.04260432
15	11	16.05308	1.13822	-0.7338504	-0.04254817
15	11	16.06468	1.138102	-0.7341622	-0.04240667
15	11	16.07791	1.138123	-0.7341558	-0.04242371
15	11	16.0885	1.138488	-0.7338079	-0.04275309
15	11	16.09945	1.138288	-0.7340509	-0.04254912
15	11	16.10994	1.138291	-0.734038	-0.04253506
15	11	16.12153	1.138416	-0.7336446	-0.04314731
15	11	16.13314	1.137987	-0.7340347	-0.04280375
15	11	16.14451	1.137987	-0.7340177	-0.04283809
15	11	16.15553	1.138383	-0.7336174	-0.0431106
15	11	16.16721	1.138384	-0.7339019	-0.04310321
15	11	16.17859	1.138396	-0.7338923	-0.04312157
