x	y	time	x-coordinate	y-coordinate	z-coordinate
15	11	0.0627068	-0.1273807	0.2426107	0.6160213
15	11	0.0746614	-0.1270435	0.2422284	0.6161784
15	11	0.0844771	-0.1267452	0.2418253	0.6161247
15	11	0.0938261	-0.1265439	0.2412879	0.6165071
15	11	0.1047691	-0.1263418	0.2409	0.6165293
15	11	0.1165178	-0.1260382	0.2405462	0.6165684
15	11	0.1295999	-0.1262649	0.239931	0.6165913
15	11	0.140372	-0.1263281	0.2395657	0.6164978
15	11	0.1500977	-0.126435	0.2392302	0.6163738
15	11	0.1619755	-0.126339	0.2390875	0.6161323
15	11	0.1733056	-0.1265529	0.2387853	0.6159072
15	11	0.197595	-0.1271074	0.2377802	0.61587
15	11	0.2142227	-0.1275476	0.2376145	0.6156821
15	11	0.2225089	-0.1277041	0.2376987	0.6156336
15	11	0.2337375	-0.127845	0.2378225	0.6155696
15	11	0.2448044	-0.1282344	0.2379975	0.6155155
15	11	0.2545551	-0.1287874	0.2375969	0.615631
15	11	0.2657053	-0.1293534	0.2376243	0.6156255
15	11	0.2772061	-0.1300523	0.2379421	0.6154628
15	11	0.2868664	-0.1300523	0.2379421	0.6154628
15	11	0.2968024	-0.1307431	0.2377942	0.6151886
15	11	0.3073107	-0.131281	0.2380468	0.6147987
15	11	0.3172179	-0.1315968	0.2382058	0.6146038
15	11	0.3272132	-0.1321298	0.2385406	0.6137688
15	11	0.346104	-0.1333073	0.2390459	0.6126169
15	11	0.3559086	-0.1339266	0.238976	0.6125851
15	11	0.3674685	-0.1344237	0.2391158	0.6119974
15	11	0.3774532	-0.1349558	0.2393073	0.6114855
15	11	0.3872613	-0.1349558	0.2393073	0.6114855
15	11	0.3985356	-0.1352284	0.239447	0.6111269
15	11	0.408195	-0.1354871	0.2394425	0.6107707
15	11	0.4184605	-0.1358824	0.2392269	0.6104027
15	11	0.4286308	-0.1361307	0.239038	0.610164
15	11	0.4399663	-0.1362981	0.2386243	0.6099031
15	11	0.4504659	-0.136619	0.2379503	0.6096503
15	11	0.4599312	-0.1371262	0.2369918	0.6094161
15	11	0.4714369	-0.1371461	0.2358938	0.6092114
15	11	0.4829881	-0.1374497	0.2351257	0.6089132
15	11	0.5003529	-0.1374036	0.2323025	0.6086905
15	11	0.5099187	-0.1374036	0.2323025	0.6086905
15	11	0.5200197	-0.1375734	0.2309686	0.6085418
15	11	0.5310309	-0.1379305	0.2284251	0.6084348
15	11	0.5468548	-0.1379292	0.2234052	0.607806
15	11	0.561255	-0.1379399	0.2210796	0.6074412
15	11	0.5760682	-0.1377332	0.2176642	0.6069906
15	11	0.5879863	-0.1374424	0.2144897	0.6068559
15	11	0.6001592	-0.1372486	0.2115368	0.606552
15	11	0.609753	-0.1369462	0.2082858	0.6064675
15	11	0.619898	-0.1367096	0.2048688	0.6065828
15	11	0.6305792	-0.136393	0.2015986	0.6067694
15	11	0.6416886	-0.1358073	0.198274	0.606951
15	11	0.659218	-0.1348014	0.1912566	0.6073405
15	11	0.6716513	-0.1340368	0.1880018	0.6075218
15	11	0.6831707	-0.1332107	0.1850419	0.6076088
15	11	0.6921078	-0.1317412	0.1827039	0.6076183
15	11	0.7024779	-0.1305019	0.1805096	0.6081846
15	11	0.712235	-0.1305019	0.1805096	0.6081846
15	11	0.7212537	-0.1288496	0.1787207	0.608932
15	11	0.7309104	-0.1265486	0.1776584	0.6096618
15	11	0.7425594	-0.1250423	0.1756607	0.6107852
15	11	0.7533534	-0.122318	0.1743653	0.6118656
15	11	0.7635481	-0.1193678	0.1733009	0.6134583
15	11	0.7752264	-0.1164883	0.1726029	0.6146954
15	11	0.7860841	-0.1135582	0.1719267	0.6157384
15	11	0.7972478	-0.1103524	0.1722097	0.6165017
15	11	0.8173635	-0.1054139	0.1726701	0.6180762
15	11	0.8265134	-0.1028007	0.1730758	0.6185161
15	11	0.8366641	-0.1004664	0.1734	0.6187708
15	11	0.8473253	-0.09798372	0.1736435	0.6188385
15	11	0.8560771	-0.09798372	0.1736435	0.6188385
15	11	0.8677471	-0.0958401	0.1737251	0.6194922
15	11	0.8780671	-0.09300447	0.1742965	0.6196084
15	11	0.8873903	-0.09069574	0.1749102	0.6198205
15	11	0.8983468	-0.0882436	0.1756892	0.6196835
15	11	0.9100971	-0.086339	0.1762351	0.620021
15	11	0.9201738	-0.08448803	0.1769032	0.6201475
15	11	0.9305151	-0.08332419	0.177335	0.6204256
15	11	0.9407683	-0.08191788	0.177775	0.6208153
15	11	0.9509117	-0.08140087	0.1781316	0.6210644
15	11	0.969786	-0.08069789	0.1796695	0.6215578
15	11	0.9795516	-0.08069789	0.1796695	0.6215578
15	11	0.9896901	-0.08063412	0.1806116	0.6213508
15	11	1.000476	-0.08102918	0.1819088	0.6215168
15	11	1.01108	-0.08108687	0.1828256	0.6213529
15	11	1.020518	-0.08178425	0.1842233	0.6211373
15	11	1.031781	-0.08229506	0.1860833	0.620684
15	11	1.042471	-0.08328044	0.187265	0.6201882
15	11	1.052478	-0.08482516	0.1885817	0.6198833
15	11	1.062323	-0.0859977	0.1899887	0.6197337
15	11	1.073131	-0.08779991	0.1913975	0.6193856
15	11	1.083772	-0.08962166	0.1927276	0.6191752
15	11	1.095264	-0.09170651	0.1942412	0.6187158
15	11	1.106491	-0.09363687	0.1955602	0.6182667
15	11	1.124	-0.09553957	0.1970764	0.6177788
15	11	1.135481	-0.09810209	0.1982962	0.6173024
15	11	1.146791	-0.1007173	0.1992748	0.6166472
15	11	1.155955	-0.1028672	0.2004781	0.6161059
15	11	1.166606	-0.1053429	0.2012743	0.6155512
15	11	1.179368	-0.1075588	0.2021538	0.6149727
15	11	1.190407	-0.109844	0.2028625	0.6145326
15	11	1.20168	-0.1117147	0.2032875	0.6138749
15	11	1.212832	-0.1137899	0.2036245	0.6132205
15	11	1.222207	-0.1158108	0.2041581	0.6127936
15	11	1.233405	-0.1176574	0.204131	0.6125222
15	11	1.244559	-0.1194067	0.204185	0.61207
15	11	1.254365	-0.1210824	0.204403	0.6116033
15	11	1.265136	-0.1226133	0.2043877	0.6112094
15	11	1.286317	-0.1254294	0.2040284	0.6104198
15	11	1.295726	-0.1271095	0.2037084	0.6103731
15	11	1.306809	-0.1283982	0.2033501	0.6102176
15	11	1.316714	-0.129818	0.2032667	0.6100675
15	11	1.32652	-0.129818	0.2032667	0.6100675
15	11	1.337538	-0.1304823	0.2030716	0.6096518
15	11	1.347216	-0.1317704	0.2028043	0.6093619
15	11	1.356369	-0.1327481	0.2023753	0.6092669
15	11	1.367605	-0.1333227	0.2021943	0.6092445
15	11	1.377722	-0.1340107	0.2020011	0.6090951
15	11	1.38892	-0.1342477	0.2018402	0.60893
15	11	1.400332	-0.134402	0.2018042	0.6087893
15	11	1.410473	-0.1346509	0.2016547	0.608885
15	11	1.420866	-0.1348828	0.20153	0.6086317
15	11	1.439714	-0.1355096	0.2016977	0.6086435
15	11	1.449559	-0.1355096	0.2016977	0.6086435
15	11	1.458454	-0.1359444	0.2016343	0.6086602
15	11	1.470172	-0.1361716	0.2016195	0.6086659
15	11	1.480644	-0.1361459	0.2017019	0.6085393
15	11	1.491002	-0.1360381	0.2018145	0.6083047
15	11	1.501986	-0.1361771	0.20184	0.6083769
15	11	1.512257	-0.135841	0.2020602	0.6083943
15	11	1.522486	-0.1354467	0.2023919	0.6085013
15	11	1.533613	-0.1353022	0.2022815	0.6083962
15	11	1.544686	-0.1346002	0.2024733	0.6086199
15	11	1.55598	-0.1336889	0.202752	0.6090654
15	11	1.56775	-0.1328299	0.2029916	0.60936
15	11	1.578908	-0.1321418	0.2029339	0.6098138
15	11	1.602294	-0.1302978	0.2029355	0.6107771
15	11	1.612946	-0.1292032	0.202956	0.6111237
15	11	1.623144	-0.1280859	0.2028213	0.6118938
15	11	1.635772	-0.1264266	0.2028764	0.612232
15	11	1.646149	-0.1250197	0.2028172	0.6126497
15	11	1.655804	-0.1233	0.2028966	0.6130421
15	11	1.667596	-0.1214285	0.2028922	0.6136065
15	11	1.683715	-0.1193979	0.2028269	0.6141967
15	11	1.694077	-0.1172729	0.202906	0.6146176
15	11	1.706068	-0.1152123	0.2027997	0.6150688
15	11	1.715629	-0.1129299	0.2027494	0.615664
15	11	1.72503	-0.1103698	0.202737	0.6162424
15	11	1.736155	-0.1080811	0.2027863	0.6171441
15	11	1.754295	-0.1039103	0.2026677	0.6181736
15	11	1.765638	-0.1020514	0.2024494	0.6185371
15	11	1.775806	-0.10017	0.2022798	0.6189046
15	11	1.78507	-0.09817815	0.201986	0.6191241
15	11	1.795393	-0.09817815	0.201986	0.6191241
15	11	1.806821	-0.09478426	0.2018106	0.6196085
15	11	1.81643	-0.09478426	0.2018106	0.6196085
15	11	1.825933	-0.09326327	0.2016795	0.619737
15	11	1.83653	-0.09163558	0.2017726	0.6197084
15	11	1.84638	-0.09009957	0.2017649	0.6198924
15	11	1.855748	-0.08908629	0.2018346	0.6197006
15	11	1.866157	-0.08803296	0.2018791	0.6197071
15	11	1.876806	-0.08750165	0.2017677	0.619617
15	11	1.888598	-0.08732009	0.2015213	0.6194979
15	11	1.907225	-0.08701396	0.201442	0.6192285
15	11	1.91857	-0.08690524	0.2018533	0.6185943
15	11	1.929249	-0.08690524	0.2018533	0.6185943
15	11	1.941314	-0.08698714	0.2019898	0.6181072
15	11	1.950639	-0.08698714	0.2019898	0.6181072
15	11	1.960128	-0.08738327	0.2020642	0.617895
15	11	1.972187	-0.08765221	0.2021098	0.617869
15	11	1.98247	-0.08823514	0.2022566	0.6178364
15	11	1.992352	-0.08911955	0.2020533	0.6180518
15	11	2.003165	-0.08990657	0.2021793	0.6180131
15	11	2.013617	-0.09053659	0.2022827	0.6179192
15	11	2.023061	-0.09170258	0.2024529	0.617946
15	11	2.034429	-0.09262574	0.2026745	0.6178709
15	11	2.045114	-0.0935818	0.2029217	0.6176513
15	11	2.060394	-0.09472406	0.2032095	0.6175747
15	11	2.07286	-0.09579086	0.203428	0.6170971
15	11	2.085226	-0.09679055	0.2037226	0.6169697
15	11	2.094759	-0.09829128	0.2038867	0.6168985
15	11	2.107078	-0.09954584	0.2040864	0.6167643
15	11	2.118298	-0.1005465	0.2047071	0.6164637
15	11	2.127799	-0.1015825	0.2052848	0.6163009
15	11	2.139239	-0.1027066	0.2056274	0.6162574
15	11	2.150568	-0.1037017	0.2060664	0.6161538
15	11	2.160288	-0.1049505	0.2065501	0.6160614
15	11	2.171342	-0.1060928	0.2070136	0.6159408
15	11	2.182017	-0.1072448	0.2075021	0.6157286
15	11	2.19167	-0.108524	0.2078925	0.6156341
15	11	2.205394	-0.1095897	0.2084007	0.6153716
15	11	2.223813	-0.111894	0.2092037	0.6148342
15	11	2.235864	-0.1130245	0.2096355	0.6146512
15	11	2.246406	-0.1141815	0.2100776	0.6144131
15	11	2.256083	-0.1155472	0.2104726	0.6143237
15	11	2.268718	-0.1166624	0.2109778	0.6140614
15	11	2.279824	-0.1179073	0.2113533	0.6138892
15	11	2.290577	-0.1192452	0.2116828	0.6135701
15	11	2.301469	-0.1205282	0.212041	0.6131819
15	11	2.312926	-0.1217625	0.2122395	0.6129858
15	11	2.322383	-0.1229726	0.2127672	0.6122541
15	11	2.332984	-0.1244669	0.2128341	0.6119578
15	11	2.344475	-0.1259941	0.2131443	0.6112803
15	11	2.353648	-0.1259941	0.2131443	0.6112803
15	11	2.364487	-0.1277919	0.2128826	0.6110793
15	11	2.38332	-0.1319554	0.21342	0.6094373
15	11	2.393441	-0.1340717	0.2135363	0.6087662
15	11	2.404362	-0.1363363	0.2140195	0.607805
15	11	2.414531	-0.1388212	0.2141504	0.6072509
15	11	2.424877	-0.1409935	0.2143869	0.6064302
15	11	2.436526	-0.14353	0.2148526	0.6055275
15	11	2.447777	-0.1459543	0.2152985	0.604709
15	11	2.457181	-0.1487178	0.2153986	0.6035771
15	11	2.469315	-0.1516404	0.2160043	0.6026751
15	11	2.480408	-0.1542639	0.2165798	0.6018536
15	11	2.489709	-0.1569248	0.217206	0.6008441
15	11	2.50019	-0.1569248	0.217206	0.6008441
15	11	2.51046	-0.1597937	0.2178502	0.6000359
15	11	2.521696	-0.1626534	0.218513	0.599071
15	11	2.540102	-0.1678189	0.2195858	0.5973794
15	11	2.552221	-0.1700693	0.220107	0.5968393
15	11	2.561772	-0.1726547	0.2207421	0.5955667
15	11	2.57408	-0.1747761	0.221148	0.5949701
15	11	2.587622	-0.1770802	0.2216177	0.594225
15	11	2.599967	-0.1792678	0.2219015	0.5938543
15	11	2.612479	-0.1829591	0.2225841	0.5931571
15	11	2.622184	-0.1829591	0.2225841	0.5931571
15	11	2.634104	-0.1855099	0.2232885	0.5923431
15	11	2.643802	-0.1855099	0.2232885	0.5923431
15	11	2.654553	-0.1867832	0.2235179	0.5920713
15	11	2.66459	-0.1877495	0.2235216	0.5921249
15	11	2.675475	-0.1901932	0.2239	0.5916289
15	11	2.694125	-0.191197	0.2236911	0.5917277
15	11	2.705617	-0.191197	0.2236911	0.5917277
15	11	2.71715	-0.1922818	0.2237818	0.591675
15	11	2.737283	-0.1924881	0.2233912	0.5914738
15	11	2.759437	-0.1925293	0.223039	0.5914819
15	11	2.782306	-0.1919863	0.223049	0.5917233
15	11	2.804949	-0.191312	0.2227352	0.5922456
15	11	2.826924	-0.1907557	0.2224529	0.5927106
15	11	2.848846	-0.1896167	0.2220638	0.5929703
15	11	2.87159	-0.188975	0.2219981	0.5933129
15	11	2.893007	-0.1874616	0.2222598	0.5934169
15	11	2.915478	-0.1863225	0.2223769	0.5935782
15	11	2.938129	-0.1850818	0.2222319	0.5942433
15	11	2.959945	-0.184013	0.2224894	0.5940297
15	11	2.983244	-0.1830075	0.222463	0.5941648
15	11	3.005905	-0.1818886	0.2224823	0.5943054
15	11	3.027488	-0.1810635	0.2224771	0.5946114
14	11	3.049937	-0.1799369	0.2225006	0.5952243
14	11	3.072515	-0.1790131	0.2224083	0.5962561
14	11	3.094563	-0.1782448	0.2221395	0.5969213
14	11	3.116893	-0.1770297	0.2221608	0.5978482
14	11	3.139972	-0.1761415	0.2220457	0.5982271
13	11	3.161973	-0.1755555	0.2214327	0.5989871
13	11	3.184364	-0.1751529	0.2209661	0.5994359
13	11	3.194944	-0.1749667	0.220962	0.599766
13	11	3.207382	-0.1748239	0.2211499	0.5996464
13	11	3.21771	-0.1748379	0.2211848	0.5993706
13	11	3.228911	-0.17488	0.2214735	0.5992029
13	11	3.240492	-0.1749771	0.2216418	0.5987852
13	11	3.252156	-0.1748297	0.2218083	0.5984423
13	11	3.263192	-0.1752622	0.2217833	0.5978377
13	11	3.275065	-0.1754781	0.2219088	0.5974935
12	11	3.285512	-0.1761943	0.2219493	0.5971346
12	11	3.297282	-0.1767144	0.221786	0.5968435
12	11	3.31643	-0.1777161	0.2215521	0.5965508
12	11	3.325885	-0.1777161	0.2215521	0.5965508
12	11	3.336666	-0.1782769	0.2216628	0.596378
12	11	3.346982	-0.1790571	0.221638	0.5962931
12	11	3.355955	-0.179541	0.2213172	0.596228
12	11	3.367675	-0.1801826	0.2210858	0.5964909
12	11	3.379317	-0.1806979	0.220634	0.5965577
12	11	3.388967	-0.1810741	0.2203088	0.5966136
12	11	3.400135	-0.181383	0.22016	0.5962998
11	11	3.410358	-0.1816922	0.2199078	0.5963439
11	11	3.420599	-0.1820526	0.2198496	0.5964007
11	11	3.431792	-0.1822379	0.2197717	0.5960463
11	11	3.443098	-0.1826959	0.2195498	0.5959983
11	11	3.453281	-0.182807	0.2189268	0.5964143
11	11	3.472372	-0.18252	0.2183627	0.5967243
11	11	3.482955	-0.1824986	0.2183367	0.596959
11	11	3.492581	-0.1824986	0.2183367	0.596959
11	11	3.503597	-0.1813519	0.2179044	0.5970069
11	11	3.514171	-0.1797761	0.2177228	0.5973966
11	11	3.523595	-0.1781871	0.2174644	0.597997
10	11	3.534843	-0.1758428	0.2174006	0.5990555
10	11	3.54601	-0.1737244	0.21738	0.5997338
10	11	3.556591	-0.1688937	0.217483	0.6010236
10	11	3.567794	-0.1684375	0.2175411	0.6014643
10	11	3.578971	-0.1635234	0.2175796	0.6029127
10	11	3.58939	-0.1589364	0.2179499	0.6045599
10	11	3.600245	-0.1537153	0.218087	0.6055869
10	11	3.611868	-0.1481689	0.218151	0.6072706
10	11	3.63241	-0.1358351	0.218292	0.611596
10	11	3.643154	-0.1291604	0.218491	0.6137493
9	11	3.653871	-0.1219276	0.2186822	0.6160023
9	11	3.665471	-0.1149721	0.2188399	0.6181209
9	11	3.675674	-0.1072606	0.2188056	0.6202416
9	11	3.688082	-0.0997982	0.2187014	0.6222789
9	11	3.697806	-0.09157014	0.2186879	0.6242839
9	11	3.710018	-0.08259594	0.2187133	0.6257967
9	11	3.719749	-0.07464063	0.2183124	0.6276872
9	11	3.728754	-0.06607616	0.2182285	0.6293074
9	11	3.741794	-0.05709076	0.2184223	0.6306343
9	11	3.753074	-0.0482533	0.2183074	0.6317537
9	11	3.764206	-0.03947484	0.2182965	0.6332505
8	11	3.782585	-0.03010142	0.2179661	0.6341637
8	11	3.79276	-0.02118325	0.2175026	0.6350337
8	11	3.804384	-0.01200736	0.2175192	0.6356425
8	11	3.815194	-0.002788186	0.2173322	0.6364653
8	11	3.82486	0.006618977	0.2171429	0.636271
8	11	3.836032	0.01535308	0.2167256	0.6367801
8	11	3.846989	0.02445483	0.2165748	0.6367766
8	11	3.856849	0.03332579	0.2160909	0.6367692
8	11	3.869463	0.04222286	0.2159058	0.6365908
8	11	3.880439	0.05079997	0.2154582	0.6361024
8	11	3.891612	0.05975699	0.2150705	0.6353763
9	11	3.903437	0.06855214	0.2149429	0.6348575
9	11	3.914978	0.07713652	0.2144096	0.6340104
9	11	3.934781	0.09357786	0.213473	0.6318734
9	11	3.946005	0.100803	0.2130319	0.6308017
9	11	3.955594	0.1082145	0.2128181	0.6297792
9	11	3.96756	0.1150211	0.212575	0.6287946
9	11	3.977988	0.1217524	0.2122033	0.6277632
9	11	3.987598	0.1279765	0.2118895	0.6265597
9	11	3.997251	0.1333774	0.2118602	0.625419
9	11	4.009488	0.1378956	0.2119858	0.624393
10	11	4.019577	0.1424525	0.2120199	0.6229246
10	11	4.029237	0.1424525	0.2120199	0.6229246
10	11	4.041935	0.1442056	0.215184	0.6213055
10	11	4.051758	0.1442056	0.215184	0.6213055
10	11	4.062488	0.1440547	0.2176927	0.6206274
10	11	4.074912	0.1420817	0.2212598	0.6200453
10	11	4.092902	0.1378655	0.2278887	0.6185412
10	11	4.10429	0.1335207	0.2331655	0.6179745
10	11	4.114875	0.1287118	0.2397274	0.6178002
10	11	4.124933	0.124032	0.2469319	0.6174338
10	11	4.137328	0.1193722	0.2544338	0.6172285
10	12	4.149461	0.1137136	0.264658	0.617083
10	12	4.159825	0.1083567	0.2751154	0.616583
10	12	4.170806	0.1027267	0.2865759	0.6160052
10	12	4.187421	0.09285831	0.3103747	0.6132251
10	12	4.197137	0.08812869	0.3230193	0.6116107
10	12	4.209886	0.08421695	0.3375783	0.6085263
10	12	4.220557	0.08036935	0.3513573	0.6064879
10	12	4.231528	0.07653868	0.3639157	0.6041771
10	12	4.25196	0.0732758	0.3779235	0.6003416
10	13	4.262404	0.06534791	0.4038099	0.5955305
10	13	4.275765	0.05942309	0.4277761	0.587477
10	13	4.286314	0.05942309	0.4277761	0.587477
10	13	4.301234	0.05318177	0.4511167	0.5799118
10	13	4.322798	0.04691219	0.4699122	0.5714648
10	13	4.344974	0.04255915	0.4859262	0.5639061
10	13	4.368053	0.03910089	0.4978563	0.5566549
10	14	4.390552	0.03658617	0.5061187	0.550683
10	14	4.412629	0.03464174	0.5114431	0.5459592
10	14	4.435637	0.03191459	0.5157069	0.5413796
10	14	4.457049	0.02874506	0.5170197	0.5384598
10	14	4.479485	0.02592576	0.5152236	0.5377984
10	14	4.502166	0.02352941	0.5125808	0.536934
11	14	4.524013	0.02132928	0.5076271	0.5385079
11	14	4.5476	0.019171	0.5014702	0.5403738
11	14	4.569504	0.01615071	0.4956229	0.5426993
11	14	4.591937	0.01345551	0.489145	0.5462303
11	14	4.615253	0.01107275	0.481711	0.5503166
12	14	4.637502	0.01015055	0.4733782	0.5549638
12	14	4.658463	0.009998441	0.46402	0.5605865
12	14	4.681038	0.008930922	0.4545354	0.5659668
12	14	4.703853	0.00725162	0.4434198	0.5711733
12	14	4.725395	0.00445962	0.4281497	0.5763224
12	14	4.747873	0.001454353	0.4116908	0.5819405
13	14	4.758409	-0.0003123283	0.4026959	0.5854446
13	14	4.771054	-0.001331925	0.3944227	0.5883856
13	14	4.783645	-0.00222218	0.3861456	0.5917406
13	14	4.794717	-0.003495812	0.3760008	0.5952685
13	14	4.806554	-0.004614592	0.3664554	0.5981885
13	14	4.816929	-0.006484032	0.3536711	0.6015818
13	14	4.827041	-0.008671045	0.3424429	0.6047971
13	14	4.839666	-0.01067269	0.3302853	0.6077389
13	14	4.85042	-0.01272106	0.3178734	0.6104646
13	14	4.860904	-0.01495254	0.3049052	0.6136862
14	14	4.879569	-0.01733017	0.279785	0.6186469
14	14	4.890177	-0.01878715	0.2658715	0.6209991
14	14	4.901258	-0.01878715	0.2658715	0.6209991
14	14	4.912414	-0.02143931	0.2372149	0.6249068
14	14	4.922848	-0.02143931	0.2372149	0.6249068
14	14	4.93346	-0.0229522	0.2225674	0.6266559
14	14	4.945626	-0.02404392	0.2086325	0.6284341
14	14	4.955694	-0.02446771	0.1945934	0.6294838
14	14	4.966276	-0.02488565	0.1808552	0.6307931
14	14	4.97787	-0.02537847	0.1676826	0.6321878
14	14	4.988899	-0.02498055	0.1551195	0.633106
15	14	4.999908	-0.0247494	0.1432915	0.6338866
15	14	5.011776	-0.02497625	0.1316224	0.634262
15	14	5.030086	-0.02425742	0.1110229	0.6338811
15	14	5.042467	-0.02441704	0.1008329	0.6336792
15	14	5.053442	-0.02376103	0.09277201	0.6322787
15	14	5.06373	-0.02329624	0.08520842	0.630905
15	14	5.076039	-0.02334261	0.07712388	0.6297563
15	14	5.086508	-0.02243018	0.0715363	0.6281884
15	14	5.096745	-0.0218153	0.06490993	0.6272892
15	14	5.108629	-0.02190483	0.06022334	0.6259106
16	14	5.119165	-0.02113342	0.05604887	0.6246991
16	14	5.128886	-0.02138734	0.05877948	0.6247321
16	14	5.140239	-0.02149558	0.05379653	0.6239047
16	14	5.151962	-0.02132213	0.04972339	0.6227336
16	14	5.162412	-0.02175379	0.04620719	0.6217593
16	14	5.180534	-0.02242637	0.04094553	0.6199809
16	14	5.191429	-0.02242637	0.04094553	0.6199809
16	14	5.202537	-0.02280188	0.03870749	0.6189252
16	14	5.213254	-0.02243888	0.03657293	0.6180062
16	14	5.223822	-0.02274537	0.03474951	0.6172185
16	14	5.234572	-0.02310348	0.03270674	0.6167002
17	14	5.244581	-0.02312756	0.03097224	0.6161766
17	14	5.25562	-0.02430844	0.0273726	0.6159832
17	14	5.267175	-0.02430844	0.0273726	0.6159832
17	14	5.278944	-0.02372277	0.02585006	0.6149086
17	14	5.294784	-0.02420664	0.02472758	0.6147966
17	14	5.317278	-0.02392673	0.02492404	0.6141809
17	14	5.339674	-0.02321875	0.0251267	0.6137826
18	14	5.361906	-0.02386427	0.02598166	0.6137686
18	14	5.384558	-0.02396357	0.02667499	0.6132709
18	14	5.406957	-0.02516496	0.02752399	0.6127084
18	14	5.42872	-0.02453744	0.02801037	0.6127558
18	14	5.451348	-0.02578318	0.02735186	0.6117301
18	14	5.474529	-0.02638912	0.0268712	0.6117022
19	14	5.495832	-0.02597916	0.02561259	0.6110092
19	14	5.518346	-0.02624631	0.02394915	0.610058
19	14	5.541133	-0.02744782	0.02152729	0.6085782
19	14	5.56336	-0.02851868	0.01909351	0.6074729
19	14	5.585716	-0.02881765	0.01701832	0.6062473
19	13	5.608011	-0.02871883	0.01462674	0.605491
19	13	5.630729	-0.02933621	0.01212025	0.6042335
19	13	5.653051	-0.02997947	0.01024556	0.6034904
19	13	5.67535	-0.0310787	0.008908272	0.6030816
19	13	5.697027	-0.0324024	0.007656574	0.6023102
19	13	5.719409	-0.03323305	0.007212639	0.6017491
19	12	5.741994	-0.03435397	0.00739193	0.6020579
19	12	5.764041	-0.03466213	0.008602858	0.6026107
19	12	5.775753	-0.03496122	0.009065151	0.6026373
19	12	5.78705	-0.03526485	0.009883404	0.6027031
19	12	5.806316	-0.03658688	0.01166773	0.6031626
19	12	5.817057	-0.03658688	0.01166773	0.6031626
19	12	5.827935	-0.03731167	0.01297641	0.6033585
19	12	5.839488	-0.03826785	0.01595235	0.6042989
19	11	5.850642	-0.03843546	0.01752234	0.6050282
19	11	5.860486	-0.03843546	0.01752234	0.6050282
19	11	5.872149	-0.03858936	0.01963973	0.6057166
19	11	5.884398	-0.03903151	0.02467346	0.6068659
19	11	5.89575	-0.03947413	0.02675343	0.607581
19	11	5.908692	-0.03992176	0.02936864	0.6082265
19	11	5.919061	-0.04084265	0.03328562	0.6098499
19	11	5.929402	-0.04124701	0.03735828	0.6113579
19	11	5.941928	-0.0411669	0.04135561	0.6129014
19	11	5.958882	-0.04138935	0.04646873	0.6139572
19	11	5.969574	-0.04170084	0.05191398	0.615263
19	11	5.98171	-0.04218376	0.05706024	0.6166469
19	11	5.991955	-0.04269052	0.06349874	0.6179829
19	11	6.002724	-0.04343951	0.06918836	0.6194714
19	11	6.013504	-0.04418147	0.0769918	0.6211696
19	11	6.024864	-0.04468787	0.08419943	0.6231114
19	11	6.035323	-0.04533732	0.09111691	0.6244817
19	11	6.046005	-0.04574871	0.09936404	0.626138
19	11	6.056829	-0.0463829	0.1077745	0.6277031
19	11	6.067458	-0.04712045	0.1162622	0.6290015
19	11	6.078717	-0.04801714	0.1242247	0.6302078
19	11	6.090233	-0.04960251	0.1327013	0.6309221
19	11	6.10193	-0.05100477	0.1407858	0.6315717
19	11	6.12084	-0.05408263	0.1566639	0.6326427
19	11	6.131023	-0.05543625	0.164614	0.632838
19	11	6.143239	-0.05611789	0.1645247	0.6321169
19	11	6.152877	-0.05788696	0.1720968	0.6324792
19	11	6.162747	-0.05788696	0.1720968	0.6324792
19	11	6.174597	-0.05974507	0.1792514	0.632138
19	11	6.186892	-0.06531847	0.1925583	0.6307292
19	11	6.197271	-0.06843388	0.1988828	0.6302598
19	11	6.209286	-0.07318389	0.2038327	0.6290003
19	11	6.219184	-0.07318389	0.2038327	0.6290003
19	11	6.229109	-0.0779171	0.2087603	0.6285965
19	11	6.24226	-0.0887444	0.2171067	0.6258674
19	11	6.25246	-0.0887444	0.2171067	0.6258674
19	11	6.271781	-0.1016487	0.2244945	0.622339
19	11	6.283689	-0.1085079	0.2279273	0.6205385
19	11	6.294003	-0.117626	0.2297705	0.6179526
19	11	6.305699	-0.1262722	0.2322756	0.6160444
19	11	6.317874	-0.1365703	0.2339659	0.6130421
19	11	6.327901	-0.1461738	0.235908	0.6104531
19	11	6.340025	-0.1558647	0.2373952	0.6071438
19	11	6.351048	-0.1660843	0.2382894	0.6041648
19	11	6.361652	-0.1766284	0.2385162	0.6007639
18	11	6.373104	-0.187169	0.2388027	0.5974301
18	11	6.383852	-0.1970501	0.2395388	0.5940825
18	11	6.394457	-0.2077705	0.2395018	0.590445
18	11	6.407608	-0.2178013	0.2400831	0.5865027
18	11	6.425166	-0.238439	0.2402915	0.5776135
18	11	6.437476	-0.2485589	0.2398865	0.5732121
18	11	6.448471	-0.2580509	0.2401514	0.5686854
18	11	6.458928	-0.267171	0.2401551	0.5638838
18	11	6.471105	-0.2766383	0.2398632	0.5595742
18	11	6.481905	-0.2854891	0.2398014	0.5546728
18	11	6.492838	-0.2941303	0.2395303	0.5499752
17	11	6.505548	-0.3027793	0.2386029	0.5456364
17	11	6.517248	-0.310627	0.2382191	0.5408453
17	11	6.527555	-0.318838	0.2378784	0.5362594
17	11	6.540072	-0.3259062	0.2370423	0.5316882
17	11	6.551969	-0.3334749	0.2368946	0.5266902
17	11	6.562732	-0.3400489	0.2366318	0.5223285
17	11	6.581827	-0.3520943	0.2360634	0.5138364
17	11	6.592756	-0.3577347	0.2358251	0.5094571
17	11	6.604247	-0.3629702	0.2352579	0.5057375
17	11	6.61535	-0.3676405	0.2347625	0.5022638
16	11	6.625836	-0.3724189	0.2346498	0.4982911
16	11	6.637401	-0.3760796	0.2341748	0.4955069
16	11	6.653959	-0.3839036	0.2334881	0.489429
16	11	6.66823	-0.3871014	0.2331704	0.4868412
16	11	6.679447	-0.3900816	0.2328694	0.4843558
16	11	6.69055	-0.3929006	0.2324786	0.4817965
16	11	6.70128	-0.3958155	0.2321136	0.4793048
16	11	6.712835	-0.3978782	0.2316544	0.4773208
16	11	6.72967	-0.3998417	0.231205	0.4754498
15	11	6.740905	-0.4013658	0.2309439	0.4738038
15	11	6.752303	-0.4030149	0.230476	0.4721889
15	11	6.76187	-0.4045793	0.2299458	0.4710107
15	11	6.773645	-0.4055374	0.2299957	0.4698067
15	11	6.784324	-0.4064955	0.2297723	0.4689053
15	11	6.794924	-0.4082302	0.2291158	0.4683529
15	11	6.807355	-0.4089642	0.2290187	0.4676815
15	11	6.817745	-0.4094605	0.2289861	0.4672909
15	11	6.827263	-0.4094937	0.2288888	0.4668782
15	11	6.839039	-0.4099478	0.2287772	0.466509
15	11	6.850686	-0.4098989	0.2286674	0.4665614
14	11	6.861185	-0.409784	0.2285762	0.4666778
14	11	6.873585	-0.4097452	0.2285907	0.4667965
14	11	6.890615	-0.4092584	0.228635	0.4672608
14	11	6.900385	-0.4092584	0.228635	0.4672608
14	11	6.912885	-0.4084953	0.228502	0.4678841
14	11	6.923504	-0.4079496	0.2281383	0.4686031
14	11	6.940407	-0.4074054	0.2279353	0.4693503
14	11	6.951427	-0.4067732	0.2278136	0.470063
14	11	6.961482	-0.4059093	0.228092	0.4705124
14	11	6.973069	-0.4049194	0.2284325	0.4710968
13	11	6.984961	-0.4042962	0.2284123	0.4716778
13	11	6.995132	-0.4033808	0.2285848	0.4722139
13	11	7.007746	-0.4024879	0.22857	0.4727294
13	11	7.018559	-0.4015237	0.2284436	0.4734771
13	11	7.029308	-0.4007566	0.2283159	0.4738894
13	11	7.0487	-0.3989614	0.2281002	0.475046
13	11	7.059523	-0.3982763	0.2278004	0.4760544
13	11	7.071091	-0.397489	0.2277144	0.4766285
13	11	7.083617	-0.396819	0.227482	0.477106
13	11	7.094058	-0.3963993	0.2270455	0.4782847
12	11	7.106239	-0.3957397	0.2269182	0.4788787
12	11	7.117665	-0.3950428	0.2267756	0.4796658
12	11	7.127514	-0.3948774	0.2263398	0.4804053
12	11	7.139688	-0.3943169	0.2261695	0.4809922
12	11	7.150846	-0.3939035	0.2260003	0.4813162
12	11	7.161842	-0.3937538	0.2256591	0.4817662
12	11	7.174343	-0.3933934	0.2256082	0.4820107
12	11	7.186573	-0.3929811	0.2255391	0.4823304
12	11	7.207216	-0.3923737	0.2255909	0.4827938
12	11	7.218249	-0.3920345	0.2255101	0.4830014
11	11	7.227859	-0.3919109	0.2257845	0.4835314
11	11	7.23982	-0.3916069	0.2258421	0.483853
11	11	7.250887	-0.3912368	0.2257644	0.4839543
11	11	7.262073	-0.3910195	0.2259889	0.4840003
11	11	7.274867	-0.3907858	0.2259915	0.484139
11	11	7.287275	-0.3905232	0.2259959	0.4841622
11	11	7.298517	-0.3904657	0.2258415	0.4841857
11	11	7.310164	-0.3902867	0.2257411	0.4843682
11	11	7.321401	-0.3902273	0.2258428	0.4845438
11	11	7.331256	-0.3904186	0.2254508	0.4849262
11	11	7.343479	-0.3903726	0.2253937	0.4851112
10	11	7.360661	-0.3903096	0.2255342	0.4851751
10	11	7.373173	-0.3902813	0.2254305	0.4851483
10	11	7.384489	-0.3903205	0.2254421	0.4851214
10	11	7.394889	-0.3904399	0.2250808	0.4851518
10	11	7.40639	-0.3903232	0.2250623	0.4850731
10	11	7.419065	-0.3900672	0.2250499	0.4850187
10	11	7.42865	-0.3900297	0.2252003	0.485128
10	11	7.440832	-0.3899772	0.2251917	0.4852724
10	11	7.452498	-0.3898659	0.2251801	0.4853463
10	11	7.462054	-0.389415	0.2254875	0.4851577
9	11	7.473879	-0.3892444	0.2253106	0.4852921
9	11	7.484755	-0.3891001	0.2252383	0.4853966
9	11	7.49588	-0.3887616	0.2249383	0.4854628
9	11	7.515124	-0.3882384	0.2246082	0.4856962
9	11	7.525432	-0.3882384	0.2246082	0.4856962
9	11	7.536528	-0.3876756	0.2249207	0.4857583
9	11	7.548885	-0.3865961	0.2249471	0.4860482
9	11	7.560128	-0.386372	0.2250292	0.4866587
9	11	7.572538	-0.3857538	0.2250906	0.487085
9	11	7.585181	-0.3848553	0.2251723	0.4877952
8	11	7.596158	-0.3848553	0.2251723	0.4877952
8	11	7.607886	-0.3834937	0.2253733	0.4890237
8	11	7.629312	-0.3821797	0.2255331	0.4904315
8	11	7.65249	-0.3806336	0.2259282	0.4916364
8	11	7.674963	-0.3789655	0.2260164	0.492678
8	11	7.696147	-0.3772922	0.2255579	0.4944223
8	11	7.718823	-0.3747904	0.2258815	0.4956813
8	11	7.741575	-0.3725982	0.2257013	0.4976264
8	11	7.763062	-0.3700619	0.2261157	0.4989401
8	11	7.785425	-0.3664333	0.2263702	0.5009415
8	11	7.808862	-0.3619151	0.226981	0.5036612
8	11	7.82975	-0.3552147	0.2295887	0.508075
8	11	7.85265	-0.3476558	0.2349483	0.5147266
8	11	7.875667	-0.3397859	0.2419583	0.5232224
8	11	7.897304	-0.3295406	0.2519628	0.5319102
8	11	7.919753	-0.3189316	0.2632781	0.5396481
8	11	7.943006	-0.308964	0.2783911	0.5466857
8	11	7.964651	-0.2985375	0.2999833	0.553629
8	11	7.987022	-0.288674	0.3269417	0.5605872
8	11	8.009935	-0.2786864	0.3608255	0.5670608
8	11	8.031645	-0.2677897	0.40109	0.5690659
8	11	8.054064	-0.2551241	0.4451398	0.5647097
8	11	8.076535	-0.242587	0.4862711	0.5588183
8	11	8.098886	-0.22822	0.5277652	0.5451154
8	11	8.110927	-0.2209963	0.545486	0.5352793
8	11	8.12239	-0.2146629	0.5635051	0.5286596
8	11	8.14259	-0.2004764	0.5912631	0.5112207
8	11	8.154097	-0.1948007	0.6038042	0.5027359
8	11	8.16429	-0.1870692	0.6166809	0.4948639
8	11	8.175691	-0.1812495	0.6246839	0.4864883
8	11	8.186228	-0.1769264	0.6318042	0.4797122
8	11	8.196337	-0.1708723	0.6376669	0.4722594
8	11	8.207908	-0.1671963	0.6405004	0.4665909
8	11	8.219576	-0.1624695	0.6456802	0.4602487
8	11	8.22969	-0.1575023	0.6466724	0.4557493
8	11	8.241668	-0.1537476	0.6453711	0.4521106
8	11	8.252692	-0.1493769	0.6429915	0.4476399
8	11	8.263494	-0.144505	0.6393709	0.4449135
8	11	8.27656	-0.1404644	0.6364772	0.4418683
8	11	8.296437	-0.1315373	0.6209093	0.4386487
8	11	8.30845	-0.1281848	0.6108211	0.43787
8	11	8.319211	-0.1281848	0.6108211	0.43787
8	11	8.329218	-0.1249493	0.6021321	0.4364345
8	11	8.342445	-0.1222733	0.5795283	0.4382833
8	11	8.358532	-0.1227092	0.5674179	0.442379
8	11	8.370202	-0.1245389	0.5555041	0.4492114
8	11	8.381605	-0.1267736	0.5438068	0.4597687
8	11	8.392653	-0.1271471	0.5343307	0.4677219
8	11	8.404459	-0.1323217	0.5255504	0.4810731
8	11	8.417488	-0.1385311	0.5141771	0.4930933
8	11	8.428626	-0.1404023	0.4995425	0.5018594
8	11	8.448123	-0.1491643	0.4627358	0.5207556
8	11	8.458791	-0.1518533	0.4427259	0.5285311
8	11	8.469805	-0.1537985	0.4226266	0.536263
8	11	8.48138	-0.1551359	0.4019413	0.5423127
8	11	8.492292	-0.1576766	0.3847988	0.5488963
8	11	8.503669	-0.1595993	0.3679631	0.5558457
8	11	8.514173	-0.1601508	0.3434372	0.5595615
8	11	8.524812	-0.1623521	0.3239801	0.5648513
8	11	8.536133	-0.164399	0.3036339	0.5685954
8	11	8.547678	-0.164735	0.2847902	0.5685649
8	11	8.559726	-0.1662719	0.2671344	0.5734669
8	11	8.571737	-0.1664219	0.2503133	0.5757037
8	11	8.583339	-0.1664219	0.2503133	0.5757037
8	11	8.602249	-0.1636646	0.2180742	0.5792314
8	11	8.613856	-0.1630876	0.1935346	0.576611
8	11	8.635187	-0.1623209	0.1700362	0.5763373
8	11	8.657078	-0.1602166	0.1551651	0.5741179
8	11	8.680751	-0.1605598	0.1433572	0.5713832
8	11	8.701848	-0.1600071	0.1331545	0.5698617
8	11	8.72355	-0.1585758	0.1284819	0.5699975
8	11	8.746529	-0.1587389	0.1246942	0.5697891
8	11	8.769045	-0.1595321	0.1228404	0.5679793
8	11	8.791105	-0.1607862	0.1224456	0.5670547
8	11	8.813437	-0.1612276	0.1235652	0.5671935
8	11	8.836905	-0.1623168	0.1248211	0.5666424
8	11	8.858551	-0.1648881	0.1260347	0.5651293
8	11	8.880456	-0.1671948	0.1283741	0.5636973
8	11	8.904005	-0.1707283	0.131487	0.5617361
8	11	8.924881	-0.1744803	0.134147	0.5595061
8	11	8.947314	-0.1789299	0.1365508	0.55688
8	11	8.970044	-0.183224	0.1395999	0.555027
8	11	8.99234	-0.1881007	0.1425982	0.5524915
8	11	9.014233	-0.192598	0.1462473	0.5491157
8	11	9.037468	-0.1975449	0.1494141	0.5453625
8	11	9.059639	-0.2018764	0.1529936	0.5410694
8	11	9.081746	-0.2017334	0.1553105	0.5393883
8	11	9.092902	-0.1975502	0.1612853	0.5502522
8	11	9.106049	-0.1951306	0.1611313	0.5551528
8	11	9.118196	-0.1974243	0.1608988	0.5543712
8	11	9.128753	-0.2006383	0.1591904	0.5532243
8	11	9.140006	-0.2008647	0.1586087	0.5540502
8	11	9.152438	-0.2008632	0.1586179	0.5540646
8	11	9.163493	-0.2000103	0.1584593	0.5520562
8	11	9.175875	-0.1992266	0.1582489	0.5500892
8	11	9.187122	-0.1977656	0.1577088	0.5477995
8	11	9.197533	-0.1978953	0.1556963	0.5487084
8	11	9.21001	-0.1996114	0.1556101	0.5498923
8	11	9.228965	-0.2022799	0.1565439	0.5520092
8	11	9.241035	-0.2020178	0.1573782	0.5526214
8	11	9.252684	-0.2014641	0.1579579	0.5527841
8	11	9.263183	-0.2010717	0.1586378	0.5527942
8	11	9.275697	-0.200966	0.1591464	0.5535655
8	11	9.287011	-0.1999801	0.1591874	0.5545235
8	11	9.297833	-0.199903	0.1596106	0.5553272
8	11	9.310186	-0.1992906	0.1599599	0.5555154
8	11	9.32152	-0.1978815	0.1611084	0.5549855
8	11	9.331873	-0.1966702	0.162699	0.5547924
8	11	9.345229	-0.1954155	0.1644627	0.5543083
8	11	9.355725	-0.1942972	0.1662575	0.5538911
8	11	9.36622	-0.193628	0.1678489	0.5534048
8	11	9.385267	-0.1917497	0.1712955	0.5525758
8	11	9.396194	-0.1907951	0.1729181	0.5522397
8	11	9.407358	-0.1896473	0.1749979	0.5521431
8	11	9.419054	-0.1885355	0.1776969	0.5517999
8	11	9.429709	-0.18769	0.1801972	0.5515063
8	11	9.441314	-0.1871378	0.1830615	0.5513744
8	11	9.453055	-0.187013	0.1855587	0.55114
8	11	9.463329	-0.1875446	0.1877556	0.5511166
8	11	9.475009	-0.1876971	0.1905743	0.5508212
8	11	9.485372	-0.1879754	0.1929287	0.5505276
8	11	9.495937	-0.1883597	0.1958148	0.5500209
8	11	9.507032	-0.1892583	0.1984091	0.54966
8	11	9.518347	-0.1897372	0.2006975	0.5493636
8	11	9.536785	-0.1922275	0.2047617	0.5482076
8	11	9.549958	-0.1928016	0.2065732	0.5475547
8	11	9.561393	-0.1933464	0.2083389	0.5468208
8	11	9.5724	-0.1936358	0.2099617	0.5460857
8	11	9.584225	-0.1942539	0.211284	0.5458238
8	11	9.594842	-0.1942233	0.2128021	0.5452834
8	11	9.607956	-0.1942365	0.2143602	0.5445558
8	11	9.619607	-0.1947055	0.215973	0.5443536
8	11	9.630442	-0.1945217	0.2173288	0.5438547
8	11	9.642414	-0.1942432	0.2188628	0.5428821
8	11	9.653684	-0.1935363	0.2198082	0.5418007
8	11	9.663567	-0.1934469	0.2205448	0.5418859
8	11	9.676332	-0.1927617	0.2207446	0.5416563
8	11	9.694471	-0.1924555	0.2208662	0.5419246
8	11	9.707626	-0.1920105	0.2213038	0.5417048
8	11	9.719918	-0.1916724	0.2214684	0.5416731
8	11	9.730923	-0.1911136	0.2214558	0.541512
8	11	9.742587	-0.1901976	0.2214175	0.5412323
8	11	9.75969	-0.1893543	0.2211231	0.5407405
8	11	9.770741	-0.1893543	0.2211231	0.5407405
8	11	9.781676	-0.1892741	0.2206239	0.5404607
8	11	9.792244	-0.1890568	0.2205588	0.5401583
8	11	9.804402	-0.1894393	0.2198678	0.540194
8	11	9.815143	-0.1892738	0.2200791	0.5397297
8	11	9.826723	-0.189913	0.2186519	0.5393707
8	11	9.847412	-0.1904341	0.2183093	0.5395538
8	11	9.857923	-0.1910372	0.2182156	0.5395179
8	11	9.868409	-0.1916294	0.2186522	0.5393487
8	11	9.879853	-0.1921453	0.219197	0.5396001
8	11	9.890992	-0.1931418	0.21922	0.5394616
8	11	9.902393	-0.1958313	0.2197356	0.5393928
8	11	9.913404	-0.1983271	0.2201734	0.538927
8	11	9.924057	-0.2019702	0.220246	0.5382378
8	11	9.934964	-0.2052506	0.2210006	0.5383719
8	11	9.946828	-0.2052506	0.2210006	0.5383719
8	11	9.957085	-0.2109479	0.2240577	0.5393107
8	11	9.975696	-0.2213311	0.2294416	0.5392071
8	11	9.997995	-0.2363611	0.2327703	0.534362
8	11	10.02075	-0.2535621	0.2356309	0.5279723
8	11	10.04221	-0.2688934	0.2392561	0.5216031
8	11	10.06416	-0.2856919	0.2444992	0.5175546
8	11	10.08752	-0.3006622	0.2492194	0.5107121
8	11	10.109	-0.3193954	0.2515018	0.501344
8	11	10.13131	-0.3370936	0.2510267	0.4909018
8	11	10.15379	-0.3542813	0.251031	0.4822828
8	11	10.17635	-0.3723987	0.2496974	0.4730947
8	11	10.19856	-0.3909674	0.246218	0.4609567
8	11	10.22182	-0.4071351	0.2419436	0.4478804
8	11	10.24326	-0.4213448	0.2369326	0.4343654
8	11	10.26583	-0.4339066	0.2320954	0.4200513
8	11	10.28837	-0.4418268	0.2276698	0.4059627
8	11	10.31041	-0.4491867	0.2234265	0.3949596
8	11	10.33256	-0.4530052	0.2201384	0.3879976
8	11	10.3555	-0.4558268	0.2160262	0.3821915
8	11	10.37661	-0.4561182	0.2117318	0.3793023
8	11	10.39924	-0.4535347	0.2082235	0.3821566
8	11	10.42229	-0.4502442	0.2054209	0.3876163
8	11	10.44439	-0.4432878	0.2030118	0.3977326
8	11	10.4562	-0.4387407	0.2019626	0.404541
8	11	10.4679	-0.4349138	0.2011008	0.4097087
8	11	10.48758	-0.4225971	0.1999717	0.4273294
8	11	10.50058	-0.4153266	0.199294	0.4369801
8	11	10.51139	-0.4077076	0.1983413	0.4467953
8	11	10.52294	-0.4004816	0.1972518	0.456373
8	11	10.53476	-0.3912578	0.196023	0.467267
8	11	10.54706	-0.3806597	0.1947361	0.4783821
8	11	10.56097	-0.3705392	0.1937035	0.4891129
8	11	10.5727	-0.3567311	0.1927748	0.502117
8	11	10.583	-0.3449112	0.1917671	0.513449
8	11	10.59548	-0.3313183	0.1907469	0.5265939
8	11	10.60712	-0.3167939	0.1899164	0.5391203
8	11	10.6174	-0.3008404	0.1891685	0.5511976
8	11	10.62999	-0.2864147	0.1888263	0.5635846
8	11	10.64722	-0.2503086	0.186832	0.5848824
8	11	10.65987	-0.231559	0.1862384	0.5946659
8	11	10.67156	-0.2133759	0.185138	0.6050104
8	11	10.68207	-0.1925398	0.1841804	0.6142932
8	11	10.69531	-0.1717405	0.183759	0.6232795
8	11	10.71037	-0.1313531	0.1821762	0.6394947
8	11	10.72398	-0.1089995	0.1810509	0.6431805
8	11	10.73495	-0.08771241	0.179708	0.647894
8	11	10.74598	-0.06561863	0.1785283	0.6512411
8	11	10.7591	-0.04415393	0.1773067	0.6540318
8	11	10.77027	-0.02228236	0.176811	0.6553385
8	11	10.78124	-0.0005525351	0.1763922	0.6563611
9	11	10.80213	0.04115963	0.1759071	0.6573273
9	11	10.81323	0.06180096	0.175597	0.6559117
9	11	10.82477	0.08211493	0.1755787	0.6545798
9	11	10.83732	0.1016235	0.1756557	0.6511822
9	11	10.84723	0.1202128	0.1755068	0.6462429
9	11	10.86102	0.1388793	0.1744897	0.6436044
9	11	10.87203	0.1575179	0.1745775	0.6402893
9	11	10.88236	0.1575179	0.1745775	0.6402893
9	11	10.89424	0.191304	0.1738133	0.63001
9	11	10.9135	0.2223063	0.1733372	0.6181118
10	11	10.93725	0.2508526	0.1735234	0.6056978
10	11	10.95886	0.2781508	0.1732033	0.5937623
10	11	10.98017	0.3025591	0.1729372	0.5816636
10	11	11.00363	0.3218977	0.1720031	0.5690037
10	11	11.02592	0.33898	0.1710777	0.5568377
11	11	11.04773	0.3556157	0.1711097	0.5460274
11	11	11.0697	0.3673713	0.1702653	0.5360726
11	11	11.09357	0.3762366	0.1689274	0.526791
11	11	11.11456	0.3858727	0.1678402	0.5186826
11	11	11.13706	0.3903898	0.1671566	0.5135732
12	11	11.16016	0.3947698	0.1662431	0.5093074
12	11	11.18124	0.3953763	0.16435	0.5069383
12	11	11.20368	0.3949834	0.1620228	0.5057286
12	11	11.22636	0.3950193	0.1609364	0.505037
12	11	11.24876	0.3934726	0.1595182	0.5056319
12	11	11.27134	0.3900092	0.1580771	0.5076187
13	11	11.29383	0.3850092	0.1567956	0.5108654
13	11	11.31559	0.3799262	0.155827	0.5139689
13	11	11.33841	0.3752517	0.1562761	0.5172734
13	11	11.36121	0.3704826	0.1569204	0.5213501
13	11	11.38255	0.3639287	0.1567891	0.5254256
13	11	11.39487	0.3610413	0.1569971	0.5279592
14	11	11.40667	0.3582759	0.1572392	0.5301105
14	11	11.42408	0.3553376	0.1576064	0.5324216
14	11	11.43588	0.3497765	0.158746	0.536568
14	11	11.4463	0.3469052	0.1594225	0.5384575
14	11	11.45914	0.3436273	0.1597972	0.5410379
14	11	11.46984	0.3405178	0.1602519	0.5429422
14	11	11.47993	0.3375489	0.1612549	0.5448571
14	11	11.49226	0.3346074	0.1617634	0.5470206
14	11	11.50498	0.3320678	0.1625407	0.5487028
14	11	11.51565	0.3291949	0.1634047	0.5505556
15	11	11.52819	0.3265228	0.1641055	0.5524695
15	11	11.53941	0.3240877	0.1647949	0.5539296
15	11	11.54972	0.3214129	0.1655854	0.5555105
15	11	11.56265	0.3190377	0.1661836	0.5568761
15	11	11.58028	0.3141483	0.1672078	0.5594977
15	11	11.59097	0.3141483	0.1672078	0.5594977
15	11	11.60287	0.3120259	0.1675814	0.5603004
15	11	11.61327	0.3101213	0.1679749	0.5613186
15	11	11.62487	0.3082278	0.1686511	0.5623354
15	11	11.63486	0.3062372	0.1689969	0.5634075
15	11	11.64578	0.3045163	0.1693412	0.5642711
16	11	11.65742	0.3027524	0.1697012	0.5652643
16	11	11.66836	0.3009225	0.169564	0.5664506
16	11	11.6786	0.2995256	0.1697793	0.5671382
16	11	11.68946	0.2981375	0.1697159	0.5676074
16	11	11.70122	0.2968937	0.1697632	0.5682722
16	11	11.71203	0.2957383	0.1699352	0.5689493
16	11	11.72441	0.2946181	0.1696067	0.5695617
16	11	11.74442	0.2923675	0.1693447	0.5705528
16	11	11.75636	0.291564	0.1691264	0.5707219
16	11	11.768	0.2907039	0.1687999	0.5710031
17	11	11.77883	0.2899262	0.1685627	0.5714016
17	11	11.79065	0.2894324	0.1684347	0.5716659
17	11	11.80161	0.2886826	0.167742	0.5719225
17	11	11.81204	0.2880377	0.1675832	0.5721036
17	11	11.82427	0.2873751	0.1673348	0.5719883
17	11	11.83539	0.2873751	0.1673348	0.5719883
17	11	11.84521	0.2864182	0.1666726	0.5721649
17	11	11.86322	0.2858574	0.1657498	0.5725751
17	11	11.88662	0.2856916	0.1649266	0.5725048
18	11	11.90989	0.2855601	0.1641638	0.5726615
18	11	11.93137	0.2851238	0.1631085	0.5722587
18	11	11.95392	0.285426	0.162674	0.571973
18	11	11.97541	0.2854544	0.1620106	0.5722364
18	11	11.99808	0.2855265	0.1615608	0.5723575
19	11	12.02044	0.2856662	0.1612037	0.5722402
19	11	12.04278	0.2856997	0.1608222	0.5722859
19	11	12.06592	0.2853085	0.160324	0.5728689
19	11	12.08834	0.2854234	0.1604401	0.5726885
19	11	12.10979	0.28585	0.1606814	0.5728118
19	11	12.1321	0.2855715	0.1608406	0.5729909
20	11	12.15515	0.2847059	0.1604918	0.5727743
20	11	12.17733	0.28415	0.1601138	0.5729845
20	11	12.19952	0.2840689	0.1599338	0.5732031
20	11	12.2225	0.2832844	0.1597306	0.5734912
20	11	12.24351	0.282285	0.1590228	0.5734621
21	11	12.26583	0.2806096	0.1579621	0.5745591
21	11	12.28869	0.2798485	0.1577902	0.5749328
21	11	12.30974	0.2789495	0.1575776	0.5757468
21	11	12.33308	0.2773446	0.156902	0.5764345
21	11	12.34495	0.2765131	0.1564707	0.5767466
21	11	12.35757	0.2750767	0.1557566	0.5769973
21	11	12.37866	0.2729928	0.1547052	0.5777955
21	11	12.3923	0.2719047	0.1542459	0.5781385
21	11	12.40584	0.2708135	0.1537586	0.5786486
21	11	12.41792	0.2696928	0.1532336	0.5791085
21	11	12.43123	0.2664984	0.1514417	0.5802788
21	11	12.44446	0.2643868	0.1502732	0.5808332
21	11	12.45815	0.2621568	0.1490059	0.5814884
21	11	12.4713	0.2603437	0.1480324	0.5819002
21	11	12.4845	0.2577132	0.1464088	0.5826927
21	11	12.49899	0.2525893	0.1433187	0.5843706
21	11	12.51094	0.2499846	0.1415652	0.5853324
21	11	12.5306	0.2432718	0.1372592	0.5872867
21	11	12.54614	0.2397227	0.1346042	0.5882158
21	11	12.55964	0.235543	0.1315087	0.5893079
21	11	12.5725	0.2321638	0.1290293	0.5902449
21	11	12.58412	0.2282767	0.1258079	0.5908988
21	11	12.59746	0.2210338	0.1193578	0.5924463
21	11	12.61033	0.2175083	0.1163869	0.593015
21	11	12.62336	0.2139065	0.1130157	0.593711
21	11	12.63777	0.210018	0.1093221	0.5942491
21	11	12.64919	0.206008	0.105466	0.5945612
21	11	12.66279	0.206008	0.105466	0.5945612
21	11	12.68236	0.1973975	0.09700227	0.5953883
21	11	12.69757	0.1883464	0.08725381	0.5953467
21	11	12.71286	0.1789016	0.07575035	0.5936289
21	11	12.73444	0.1681058	0.06253815	0.5920269
21	11	12.75694	0.1564351	0.04662156	0.5889831
21	11	12.77856	0.1466414	0.03016686	0.5849297
21	11	12.80197	0.137401	0.01220584	0.5811751
21	11	12.82524	0.1274301	-0.005957365	0.5767986
21	11	12.84644	0.1170247	-0.02394962	0.5706731
21	11	12.87032	0.1071615	-0.04022527	0.5650181
21	11	12.89251	0.09911025	-0.05301285	0.5609474
21	11	12.91445	0.08971345	-0.0631125	0.5578331
21	11	12.93672	0.07991409	-0.06923437	0.556531
21	11	12.95999	0.0697335	-0.06877923	0.5579664
21	11	12.98157	0.05806696	-0.0638144	0.5614285
21	11	13.00412	0.04761767	-0.0567348	0.5655341
21	11	13.02655	0.03586578	-0.043679	0.5739619
21	11	13.04775	0.02365065	-0.02758002	0.5819027
21	11	13.06889	0.01088536	-0.01183128	0.5889602
21	11	13.09227	-0.004605651	0.008174181	0.5963402
21	11	13.11372	-0.02176428	0.02816772	0.6020305
21	11	13.13659	-0.04054141	0.04836917	0.6062964
21	11	13.15948	-0.05980194	0.06833315	0.6083311
21	11	13.17213	-0.06948304	0.07692409	0.6097484
21	11	13.18316	-0.07916832	0.08579731	0.6092203
21	11	13.19596	-0.08984363	0.09459269	0.6090924
21	11	13.20815	-0.09890032	0.1030687	0.6086442
21	11	13.2186	-0.1085331	0.110067	0.6073878
21	11	13.23029	-0.1185212	0.1170843	0.6070908
21	11	13.242	-0.1270963	0.1243458	0.6061807
21	11	13.25386	-0.1358303	0.1302243	0.6041979
21	11	13.26893	-0.150869	0.1406705	0.599184
21	11	13.28184	-0.1587938	0.1462216	0.597755
20	11	13.29568	-0.1652778	0.1496627	0.5955786
20	11	13.31832	-0.1778796	0.1568642	0.592095
20	11	13.33268	-0.1825336	0.1590924	0.5900935
20	11	13.34516	-0.191166	0.1631166	0.587528
20	11	13.35809	-0.1931924	0.1635092	0.5867704
20	11	13.37137	-0.1967032	0.1646826	0.5861493
20	11	13.3841	-0.1988419	0.1648052	0.5856525
20	11	13.39777	-0.2003759	0.1647714	0.5855495
20	11	13.41019	-0.2025014	0.1648169	0.5850041
19	11	13.42209	-0.2021103	0.1637071	0.5852469
19	11	13.4349	-0.2029873	0.1627936	0.585416
19	11	13.44769	-0.202078	0.1619552	0.5858197
19	11	13.46859	-0.1999556	0.1605046	0.5867313
19	11	13.48133	-0.1985277	0.159465	0.5873705
19	11	13.4945	-0.1977072	0.1589183	0.58779
19	11	13.50826	-0.196173	0.1579245	0.5884687
19	11	13.52042	-0.1940098	0.1570204	0.5888847
19	11	13.53586	-0.1898259	0.1553968	0.5906348
18	11	13.55175	-0.187659	0.1543624	0.5916748
18	11	13.56613	-0.1854137	0.1537963	0.5930128
18	11	13.57683	-0.183414	0.1536674	0.5940161
18	11	13.58742	-0.1813706	0.1533253	0.5947381
18	11	13.60006	-0.1813706	0.1533253	0.5947381
18	11	13.61807	-0.1783426	0.1541955	0.5958221
18	11	13.63041	-0.1753291	0.1555718	0.5968986
18	11	13.64966	-0.1742721	0.1583844	0.5974666
17	11	13.67225	-0.1737334	0.1629479	0.5976561
17	11	13.69637	-0.1723137	0.1704549	0.5990815
17	11	13.72005	-0.1706095	0.1803012	0.6019009
17	11	13.74101	-0.1690534	0.1939366	0.605298
17	11	13.76552	-0.1663007	0.2091447	0.6082251
16	11	13.78715	-0.1637244	0.2267852	0.6105278
16	11	13.80832	-0.1618361	0.2445716	0.6125705
16	11	13.83108	-0.1589873	0.2648066	0.6131586
16	11	13.85231	-0.1564879	0.2846702	0.6132715
16	11	13.8751	-0.153868	0.3043039	0.6119727
16	11	13.89796	-0.1515185	0.3229699	0.6102884
15	11	13.92071	-0.1490375	0.3409427	0.6086334
15	11	13.94191	-0.1459507	0.3567358	0.6059773
15	11	13.96444	-0.1432911	0.3704233	0.6035292
15	11	13.98615	-0.1404577	0.3830624	0.6003134
15	11	14.00881	-0.1378453	0.393128	0.5974156
14	11	14.03158	-0.1356597	0.3998336	0.5947402
14	11	14.05234	-0.1337569	0.40434	0.5925894
14	11	14.07545	-0.132852	0.4039003	0.5914574
14	11	14.09791	-0.1324983	0.4013577	0.5911562
14	11	14.10875	-0.1321719	0.3995956	0.5911324
14	11	14.11946	-0.131596	0.3983754	0.5912026
14	11	14.13151	-0.1313368	0.3952893	0.5920382
14	11	14.14242	-0.1309633	0.391803	0.5928441
13	11	14.15268	-0.1303443	0.3878719	0.5937957
13	11	14.16417	-0.1300492	0.3835223	0.5950296
13	11	14.17571	-0.1296083	0.3788888	0.5962551
13	11	14.18618	-0.1290007	0.3744901	0.5975112
13	11	14.1979	-0.1283756	0.3687228	0.5989825
13	11	14.20916	-0.1280953	0.3631732	0.6002992
13	11	14.2193	-0.1280577	0.3542035	0.602405
13	11	14.23296	-0.1279371	0.3473115	0.6041894
13	11	14.25213	-0.1275657	0.3293223	0.6085826
13	11	14.26729	-0.1268871	0.3198565	0.6107397
12	11	14.28193	-0.1258751	0.3110645	0.6125555
12	11	14.29552	-0.1234659	0.2893747	0.6162238
12	11	14.31	-0.1222227	0.2786117	0.6176482
12	11	14.32256	-0.1214436	0.2641016	0.6185844
12	11	14.33565	-0.120708	0.2514849	0.6200016
12	11	14.34837	-0.1191928	0.2374738	0.6202878
12	11	14.36124	-0.1157061	0.2096207	0.6204892
12	11	14.3746	-0.1140281	0.1958667	0.6204896
12	11	14.38751	-0.1129016	0.1786869	0.6193404
11	11	14.40935	-0.1094487	0.1463671	0.6175817
11	11	14.42222	-0.1072516	0.1311532	0.6162949
11	11	14.43586	-0.1038709	0.1157931	0.614403
11	11	14.44829	-0.100877	0.1014761	0.6131713
11	11	14.4679	-0.09516323	0.07268095	0.6080279
11	11	14.48005	-0.09192228	0.05896568	0.6045583
11	11	14.49335	-0.08809817	0.04612494	0.6004611
11	11	14.50719	-0.08564782	0.03275347	0.5976063
10	11	14.51922	-0.07724631	0.01063275	0.5905378
10	11	14.53242	-0.07390487	0.0007925034	0.5874264
10	11	14.54521	-0.07390487	0.0007925034	0.5874264
10	11	14.56644	-0.06664336	-0.01713395	0.5794884
10	11	14.57821	-0.06180942	-0.03155804	0.5716463
10	11	14.60056	-0.05585849	-0.04746556	0.5644003
10	11	14.62327	-0.05060244	-0.05733228	0.5580976
9	11	14.6449	-0.04704094	-0.06553364	0.5533226
9	11	14.66759	-0.04456758	-0.07093883	0.5494124
9	11	14.69122	-0.04201746	-0.07548332	0.5454541
9	11	14.71307	-0.04109621	-0.07762194	0.5445276
9	11	14.73611	-0.03966546	-0.07889509	0.543342
9	11	14.75771	-0.03921652	-0.07607055	0.5451149
8	11	14.77915	-0.03989899	-0.07149839	0.5473908
8	11	14.80142	-0.04056871	-0.0665822	0.5501072
8	11	14.8242	-0.04134893	-0.05899525	0.5546906
8	11	14.84626	-0.04188013	-0.04987907	0.5606169
8	11	14.86858	-0.04283595	-0.03644776	0.5683676
8	11	14.89172	-0.0451225	-0.01875496	0.5784611
8	11	14.91212	-0.04642951	0.002262115	0.5897769
8	11	14.9352	-0.0471642	0.02984023	0.6032869
8	11	14.95722	-0.04844594	0.06222773	0.616729
8	11	14.97898	-0.05003548	0.09605801	0.6275641
8	11	15.00157	-0.05164802	0.1330007	0.6373699
8	11	15.0252	-0.05321348	0.1740408	0.6443388
8	11	15.04628	-0.0543201	0.2161349	0.6479099
8	11	15.06834	-0.0550704	0.2568175	0.6480503
8	11	15.08	-0.05593979	0.2764097	0.6482215
8	11	15.09237	-0.05664158	0.2951968	0.6461748
8	11	15.1046	-0.05686605	0.3136556	0.6446002
8	11	15.11706	-0.05756474	0.3296517	0.6401647
8	11	15.13312	-0.05824232	0.3607365	0.6332123
8	11	15.14424	-0.05873454	0.3750594	0.6301681
8	11	15.15464	-0.0599165	0.38955	0.6275021
8	11	15.16848	-0.05987072	0.3992608	0.6219827
8	11	15.17972	-0.06095719	0.4109136	0.6188648
8	11	15.19984	-0.06202984	0.425032	0.6111889
8	11	15.21075	-0.06315553	0.4299698	0.6081108
8	11	15.22041	-0.06315553	0.4299698	0.6081108
8	11	15.23315	-0.06431639	0.4401963	0.6028966
8	11	15.24383	-0.06431639	0.4401963	0.6028966
8	11	15.25407	-0.06532705	0.4423805	0.6008315
8	11	15.26753	-0.06655633	0.4436944	0.5977218
8	11	15.2791	-0.06721163	0.4447105	0.5962535
8	11	15.29059	-0.06738949	0.4423665	0.5951144
8	11	15.30289	-0.06739545	0.4394109	0.5950012
8	11	15.31337	-0.06752586	0.4353994	0.5953754
8	11	15.32439	-0.06731939	0.4302527	0.5959024
8	11	15.33623	-0.06741023	0.4259144	0.5965241
8	11	15.35967	-0.06567836	0.4106268	0.6000607
8	11	15.37312	-0.06390154	0.4020652	0.6025007
8	11	15.38473	-0.06156778	0.3927108	0.6054572
8	11	15.39655	-0.05887318	0.3829041	0.6088128
8	11	15.40745	-0.05647099	0.373619	0.6118062
8	11	15.41739	-0.05211425	0.3626326	0.6154321
8	11	15.42866	-0.04796362	0.352944	0.6191174
8	11	15.43997	-0.04055798	0.3417851	0.6239154
8	11	15.45069	-0.03303754	0.3327082	0.6279342
8	11	15.46219	-0.02686679	0.3244411	0.6320882
8	11	15.4778	-0.01997566	0.3150367	0.6355683
