x	y	time	x-coordinate	y-coordinate	z-coordinate
15	11	0.056957	-0.1624681	0.01277637	0.4161241
15	11	0.0687578	-0.162637	0.01276994	0.4160843
15	11	0.0797461	-0.1626351	0.01275539	0.4160792
15	11	0.08938181	-0.162739	0.01284266	0.4159294
15	11	0.0995741	-0.1625768	0.01295304	0.4158753
15	11	0.1091549	-0.1625768	0.01295304	0.4158753
15	11	0.1184394	-0.1624788	0.01295376	0.4159753
15	11	0.1277661	-0.1626697	0.01272464	0.4159615
15	11	0.1380918	-0.1628191	0.0125587	0.4159424
15	11	0.1481687	-0.1628699	0.01253128	0.4158771
15	11	0.1575372	-0.1629865	0.01241422	0.4160037
15	11	0.1684155	-0.1629337	0.01247764	0.4159214
15	11	0.1807725	-0.1629673	0.01245189	0.4158603
15	11	0.19145	-0.1630737	0.01240683	0.4159461
15	11	0.2018606	-0.1632062	0.01232648	0.4159452
15	11	0.2127092	-0.1631556	0.01230216	0.415993
15	11	0.2232751	-0.1630219	0.01247334	0.4159919
15	11	0.2353706	-0.1630282	0.01239824	0.415995
15	11	0.2463798	-0.1630979	0.01239109	0.4158936
15	11	0.2566967	-0.1630069	0.01243043	0.4160427
15	11	0.268307	-0.1629052	0.01252413	0.4160028
15	11	0.2791848	-0.1628127	0.01250696	0.4160442
15	11	0.2901827	-0.1630443	0.01240277	0.4160706
15	11	0.3026055	-0.1630387	0.01235914	0.4162089
15	11	0.3130366	-0.163149	0.012357	0.4161057
15	11	0.3237249	-0.1630666	0.01256084	0.4159745
15	11	0.3355806	-0.1630801	0.01253796	0.4159926
15	11	0.346562	-0.1630841	0.01251864	0.4159801
15	11	0.3574818	-0.16291	0.01271057	0.4158629
15	11	0.3691801	-0.1628242	0.01266456	0.4158443
15	11	0.3801939	-0.1626905	0.0126431	0.4159914
15	11	0.3911461	-0.1631886	0.01213264	0.4163427
15	11	0.4028007	-0.1632395	0.01203227	0.4163599
15	11	0.4139987	-0.1633083	0.01200151	0.416316
15	11	0.4248117	-0.163486	0.01164436	0.416507
15	11	0.4371747	-0.1634247	0.01174259	0.4164722
15	11	0.4473171	-0.1634356	0.01177311	0.4166068
15	11	0.4587318	-0.1633916	0.01179743	0.4166356
15	11	0.4705737	-0.1633174	0.01180458	0.4166617
15	11	0.4813807	-0.1634004	0.0117805	0.4166168
15	11	0.491867	-0.1635422	0.0116353	0.4167243
15	11	0.5040526	-0.1635457	0.01161528	0.4167606
15	11	0.5146341	-0.1635464	0.01160097	0.4167839
15	11	0.5253304	-0.1637002	0.01125431	0.4166865
15	11	0.5377846	-0.1637096	0.01121783	0.4167062
15	11	0.5485928	-0.1638324	0.01124263	0.4166546
15	11	0.559591	-0.1637962	0.01124167	0.4166304
15	11	0.570996	-0.1638597	0.01108885	0.4166746
15	11	0.5816031	-0.1638823	0.01107836	0.4167743
15	11	0.5927023	-0.163836	0.01132679	0.4166528
15	11	0.6040378	-0.1638474	0.01130605	0.4166299
15	11	0.6147515	-0.1638889	0.01134419	0.4166148
15	11	0.6252974	-0.1636931	0.01150703	0.4166733
15	11	0.6380622	-0.1637402	0.01143575	0.4167258
15	11	0.6491565	-0.1637526	0.01144552	0.4167626
15	11	0.6616508	-0.1635681	0.01165009	0.4165958
15	11	0.6755714	-0.1634796	0.0117135	0.4166033
15	11	0.6868528	-0.1634915	0.01170087	0.4166168
15	11	0.6956726	-0.1634598	0.01188564	0.4165883
15	11	0.7083938	-0.1634729	0.01191974	0.4165877
15	11	0.7198538	-0.1636291	0.01172352	0.4165641
15	11	0.731998	-0.1636529	0.01183462	0.4163462
15	11	0.7430114	-0.1636695	0.0118258	0.4163483
15	11	0.7535675	-0.163554	0.0116806	0.4162655
15	11	0.7655575	-0.1634825	0.01176977	0.4164336
15	11	0.7763908	-0.1634597	0.01176786	0.4164828
15	11	0.7872303	-0.1633221	0.01226711	0.4163532
15	11	0.7992718	-0.1631331	0.01219082	0.4163197
15	11	0.8095558	-0.1630895	0.01221275	0.4163597
15	11	0.8205543	-0.1629069	0.01230621	0.416254
15	11	0.8323904	-0.1629649	0.01213503	0.416374
15	11	0.843317	-0.1626728	0.01240396	0.4163313
15	11	0.8545507	-0.1624771	0.01254892	0.4161015
15	11	0.8664154	-0.1622772	0.01271486	0.4158506
15	11	0.8772737	-0.1622143	0.012784	0.415719
15	11	0.8880515	-0.1621265	0.01280499	0.4157922
15	11	0.8999652	-0.1623323	0.01278424	0.416018
15	11	0.9103934	-0.1624749	0.01284981	0.4159586
15	11	0.9215097	-0.1622305	0.01349235	0.4157497
15	11	0.9333735	-0.1621342	0.01349235	0.4156786
15	11	0.9436134	-0.1619042	0.0135386	0.4158324
15	11	0.9549953	-0.1618041	0.01396513	0.415532
15	11	0.9704111	-0.1618979	0.01415396	0.4154197
15	11	0.9810485	-0.1620167	0.01431513	0.4153454
15	11	0.9898801	-0.161932	0.01471996	0.4154569
15	11	1.000205	-0.161876	0.01482511	0.4155127
15	11	1.011284	-0.162053	0.01497364	0.4154228
15	11	1.021184	-0.1621026	0.01524782	0.4157051
15	11	1.032487	-0.1620998	0.01546335	0.415828
15	11	1.0429	-0.1621994	0.0158999	0.4158322
15	11	1.054671	-0.1623615	0.01638055	0.4157964
15	11	1.065937	-0.162608	0.01674366	0.415687
15	11	1.076643	-0.1627576	0.01740384	0.4155978
15	11	1.087678	-0.1626039	0.01855588	0.4151106
15	11	1.099538	-0.1630727	0.01927781	0.4153057
15	11	1.109955	-0.1634098	0.020298	0.4155536
15	11	1.121396	-0.1641186	0.02137709	0.4157213
15	11	1.133523	-0.1645935	0.02275848	0.4160663
15	11	1.144732	-0.1648117	0.02432156	0.4161845
15	11	1.157406	-0.1647528	0.02635813	0.4158298
15	11	1.168891	-0.1646034	0.02823758	0.4158665
15	11	1.179047	-0.1641047	0.03016996	0.4157513
15	11	1.188972	-0.1633296	0.03194308	0.4160587
15	11	1.200502	-0.1630741	0.03373623	0.4164968
15	11	1.210961	-0.1627507	0.03646493	0.4172547
15	11	1.222102	-0.1624426	0.0392983	0.4180175
15	11	1.233836	-0.1625741	0.04182148	0.4197373
15	11	1.244625	-0.1624666	0.04531288	0.4219524
15	11	1.255896	-0.1622021	0.04834032	0.4239056
15	11	1.267226	-0.1613277	0.05260086	0.4265705
15	11	1.277967	-0.1609528	0.05625939	0.4291651
15	11	1.288607	-0.1600428	0.06024194	0.4324132
15	11	1.300307	-0.1597024	0.06380486	0.4351577
15	11	1.310904	-0.1589984	0.06809115	0.4394987
15	11	1.322596	-0.1584431	0.0722549	0.4432521
15	11	1.334443	-0.1577436	0.07690716	0.4475485
15	11	1.344954	-0.1574076	0.08147645	0.4521019
15	11	1.356502	-0.1569637	0.08621264	0.4562914
15	11	1.368257	-0.1565405	0.0912987	0.4609623
15	11	1.379144	-0.1561868	0.09620166	0.4660378
15	11	1.390574	-0.1558194	0.1009458	0.4712297
15	11	1.402239	-0.1555275	0.1056254	0.476254
15	11	1.413423	-0.1547723	0.1105702	0.4822259
15	11	1.424778	-0.1540929	0.1157562	0.4876611
15	11	1.436775	-0.1537696	0.1205419	0.4934204
15	11	1.447927	-0.1536627	0.1257855	0.4989367
15	11	1.458976	-0.1540283	0.131568	0.5044644
15	11	1.47131	-0.1542171	0.1377206	0.5093704
15	11	1.481979	-0.1543795	0.1440417	0.5142092
15	11	1.492733	-0.1546898	0.1502894	0.5188918
15	11	1.504239	-0.1549735	0.1569641	0.5232755
15	11	1.514981	-0.1550635	0.1635571	0.5273211
15	11	1.526005	-0.1548311	0.1699821	0.5315821
15	11	1.537584	-0.1547891	0.1763625	0.5357163
15	11	1.549339	-0.1542287	0.1833429	0.5395827
15	11	1.559252	-0.1539412	0.1899794	0.5431417
15	11	1.570697	-0.1535763	0.1965261	0.5463541
15	11	1.581658	-0.1529026	0.2034385	0.5493103
15	11	1.592618	-0.152728	0.2104987	0.5524377
15	11	1.604482	-0.1522205	0.2170799	0.5549861
15	11	1.615677	-0.151823	0.2240752	0.5579808
15	11	1.626305	-0.1511017	0.2307208	0.5602574
15	11	1.63817	-0.1507261	0.2369635	0.562942
15	11	1.649127	-0.1498463	0.2430458	0.5653055
15	11	1.659827	-0.1492097	0.2495079	0.5668231
15	11	1.671489	-0.1483011	0.2551519	0.5686908
15	11	1.683113	-0.1475205	0.2608767	0.5704553
15	11	1.693406	-0.1467866	0.2662216	0.5723231
15	11	1.705853	-0.1456959	0.2713249	0.5731949
15	11	1.716444	-0.1446406	0.2763884	0.5746434
15	11	1.727179	-0.1436176	0.2806009	0.5756266
15	11	1.738425	-0.1431072	0.2857096	0.5770259
15	11	1.75059	-0.1426214	0.288836	0.5770873
15	11	1.760192	-0.1421212	0.2923019	0.5779892
15	11	1.771548	-0.1412687	0.2955792	0.5781717
15	11	1.782604	-0.1404762	0.2986218	0.5787052
15	11	1.793737	-0.139825	0.3012962	0.5788875
15	11	1.805314	-0.1390084	0.3041339	0.5793209
15	11	1.81599	-0.1382663	0.3064373	0.5798934
15	11	1.82716	-0.1374544	0.3084161	0.5799773
15	11	1.839162	-0.1368465	0.3101777	0.5803702
15	11	1.849699	-0.1362143	0.3118356	0.5809621
15	11	1.860603	-0.1357603	0.3134245	0.5810864
15	11	1.872517	-0.1352086	0.3145719	0.5815669
15	11	1.88325	-0.1345723	0.3154395	0.5819267
15	11	1.894215	-0.1342596	0.3159764	0.5821877
15	11	1.906	-0.1338594	0.3167696	0.5825872
15	11	1.916818	-0.1333454	0.3174839	0.5829133
15	11	1.927839	-0.132727	0.318073	0.5827149
15	11	1.939729	-0.132465	0.3180873	0.583066
15	11	1.950447	-0.1320096	0.3180889	0.5831798
15	11	1.961327	-0.1320094	0.3179301	0.5834121
15	11	1.973464	-0.1318595	0.3177409	0.5836533
15	11	1.984475	-0.1317103	0.3173436	0.5839981
15	11	1.995532	-0.1316373	0.3167762	0.5840212
15	11	2.006785	-0.1316291	0.3160313	0.5841802
15	11	2.020902	-0.131703	0.3155838	0.5843825
15	11	2.02987	-0.1316612	0.3146935	0.5846183
15	11	2.043057	-0.1318048	0.3138864	0.5848738
15	11	2.052274	-0.1317104	0.3130606	0.5851231
15	11	2.061809	-0.1315364	0.3127398	0.5850394
15	11	2.071857	-0.1317201	0.3117431	0.5853456
15	11	2.082389	-0.1317596	0.3110234	0.5854838
15	11	2.093686	-0.1316844	0.3097476	0.5855179
15	11	2.105173	-0.1317337	0.3084946	0.5857135
15	11	2.115909	-0.1316988	0.3074358	0.5859705
15	11	2.126703	-0.1315203	0.3063653	0.5858159
15	11	2.138329	-0.1314296	0.3050944	0.5860143
15	11	2.149615	-0.1316193	0.3039448	0.5861523
15	11	2.160232	-0.1317011	0.3024267	0.5866977
15	11	2.171239	-0.1317145	0.3006843	0.5870278
15	11	2.182521	-0.131705	0.2990301	0.587275
15	11	2.193262	-0.1314261	0.2972493	0.5870136
15	11	2.205055	-0.1314161	0.294827	0.5872116
15	11	2.216017	-0.1314813	0.2924132	0.5874221
15	11	2.226774	-0.1318573	0.2892437	0.5878631
15	11	2.238184	-0.1318256	0.2861915	0.5881001
15	11	2.249408	-0.131762	0.2829379	0.5887184
15	11	2.260289	-0.1322379	0.2798506	0.5888782
15	11	2.272315	-0.1323962	0.2763916	0.5894561
15	11	2.283324	-0.1326452	0.2732151	0.5900687
15	11	2.294236	-0.1326549	0.2697593	0.5907898
15	11	2.306173	-0.1327144	0.2660511	0.5915085
15	11	2.316933	-0.1326482	0.2625678	0.5921425
15	11	2.327855	-0.1327978	0.258432	0.593205
15	11	2.339399	-0.1327829	0.254673	0.5939028
15	11	2.350187	-0.1326801	0.25103	0.5945877
15	11	2.361984	-0.132515	0.2478153	0.5951388
15	11	2.373612	-0.1326529	0.2445643	0.5957544
15	11	2.384054	-0.1324937	0.2415513	0.596367
15	11	2.394911	-0.1322577	0.2391939	0.5971364
15	11	2.406486	-0.1323221	0.237028	0.5976695
15	11	2.417683	-0.1320845	0.2346396	0.5980099
15	11	2.428676	-0.1323931	0.2333115	0.5983105
15	11	2.440661	-0.1327423	0.2315065	0.5985734
15	11	2.451694	-0.1328499	0.2296604	0.5986308
15	11	2.462809	-0.1337444	0.2280233	0.5990781
15	11	2.474991	-0.1344897	0.2267259	0.5992209
15	11	2.48549	-0.1353059	0.2257953	0.5992521
15	11	2.49655	-0.1360735	0.2245733	0.5994965
15	11	2.508294	-0.1367552	0.2235733	0.5995874
15	11	2.519429	-0.1372169	0.2229954	0.5997903
15	11	2.530512	-0.1378298	0.2223938	0.6002206
15	11	2.542229	-0.1384057	0.2218711	0.6003487
15	11	2.553317	-0.1389871	0.2218254	0.6005114
15	11	2.570194	-0.1394994	0.221379	0.6007231
15	11	2.580547	-0.1400183	0.2213328	0.6006435
15	11	2.589812	-0.1406553	0.2209758	0.6007477
15	11	2.60038	-0.140924	0.2210276	0.6006582
15	11	2.611288	-0.1413631	0.2207741	0.6007106
15	11	2.620986	-0.1418006	0.2207404	0.6005259
15	11	2.630558	-0.1424991	0.2203453	0.6008967
15	11	2.641865	-0.1427519	0.2203952	0.6008849
15	11	2.651793	-0.1431049	0.2204224	0.6010069
15	11	2.661571	-0.1436239	0.2202827	0.6008854
15	11	2.67319	-0.1438659	0.2203118	0.6009033
15	11	2.687809	-0.1442854	0.2205235	0.601069
15	11	2.705561	-0.1450074	0.220202	0.6008334
15	11	2.715955	-0.1452364	0.2201025	0.6008085
15	11	2.725652	-0.1450599	0.220301	0.6007042
15	11	2.736946	-0.1451266	0.2202188	0.6006899
15	11	2.748118	-0.1451772	0.2201469	0.6006213
15	11	2.757907	-0.1454375	0.2198234	0.6008489
15	11	2.768377	-0.1454846	0.2197782	0.6007731
15	11	2.779023	-0.1454846	0.2197782	0.6007731
15	11	2.789599	-0.1456383	0.2198894	0.6008689
15	11	2.800838	-0.1450884	0.2198718	0.6005679
15	11	2.810963	-0.1449468	0.219764	0.6006117
15	11	2.821034	-0.144701	0.2195432	0.6005324
15	11	2.830729	-0.1446682	0.2195103	0.6006982
15	11	2.842175	-0.1443058	0.2196072	0.6008171
15	11	2.852045	-0.1439161	0.2192729	0.6007864
15	11	2.861274	-0.1438917	0.2193313	0.6008781
15	11	2.872199	-0.1436746	0.2192975	0.6010545
15	11	2.88268	-0.1436907	0.2196137	0.601228
15	11	2.893485	-0.1429751	0.2198499	0.6013324
15	11	2.904872	-0.1427212	0.2201153	0.6014113
15	11	2.915847	-0.1426389	0.2203881	0.6014107
15	11	2.926592	-0.1421231	0.2208588	0.6011916
15	11	2.938853	-0.1419936	0.2210952	0.6011838
15	11	2.94967	-0.1419541	0.2213734	0.6010548
15	11	2.960121	-0.1415713	0.2215751	0.6011769
15	11	2.971826	-0.1413199	0.2217747	0.601204
15	11	2.983067	-0.1409631	0.2221386	0.6012738
15	11	2.993942	-0.1409686	0.2220175	0.6014061
15	11	3.006172	-0.1408552	0.2223268	0.6013958
15	11	3.017135	-0.1408606	0.2225356	0.6014378
15	11	3.027579	-0.1410364	0.2226896	0.6014422
15	11	3.039634	-0.1409359	0.2229873	0.6013469
15	11	3.052635	-0.1409694	0.2232631	0.6013956
15	11	3.062522	-0.140673	0.2233922	0.6012383
15	11	3.073076	-0.1402955	0.2236098	0.6012406
15	11	3.084441	-0.1401461	0.2238286	0.6012665
15	11	3.094386	-0.1395319	0.2239263	0.6015166
15	11	3.106621	-0.139207	0.2239641	0.6016918
15	11	3.118899	-0.1387123	0.2239804	0.6016862
15	11	3.129337	-0.1386292	0.2239026	0.602037
15	11	3.13959	-0.1383661	0.2238464	0.6021898
15	11	3.150911	-0.1380159	0.2237079	0.6021762
15	11	3.161799	-0.1378134	0.2235637	0.602296
15	11	3.17307	-0.1373779	0.2234783	0.6024051
15	11	3.185476	-0.1370279	0.2235047	0.6025664
15	11	3.196608	-0.1364641	0.2233859	0.6025053
15	11	3.207922	-0.1360483	0.2232091	0.6025621
15	11	3.219594	-0.1358312	0.2227767	0.6029114
15	11	3.230937	-0.1352899	0.222556	0.6031579
15	11	3.241949	-0.1345692	0.2223223	0.6034442
15	11	3.254123	-0.1338848	0.2215397	0.6037301
15	11	3.265818	-0.1331773	0.2213562	0.6041772
15	11	3.276491	-0.1322274	0.2210279	0.6044021
15	11	3.288009	-0.1306338	0.2211192	0.6050155
15	11	3.299725	-0.1287261	0.2210025	0.6053119
15	11	3.310775	-0.1268871	0.2208	0.6057431
15	11	3.323067	-0.1249713	0.2207012	0.6062006
15	11	3.334239	-0.1226799	0.2201709	0.6069469
15	11	3.344912	-0.1196381	0.2196584	0.6078078
15	11	3.357071	-0.117128	0.2192314	0.6084818
15	11	3.368944	-0.1143241	0.2186017	0.6094028
15	11	3.378613	-0.1101966	0.2182298	0.6103113
15	11	3.390308	-0.1065171	0.2179524	0.6111701
15	11	3.401117	-0.1019552	0.2175545	0.6122289
15	11	3.412237	-0.09679842	0.2173437	0.6132938
15	11	3.423779	-0.09204555	0.2169175	0.6144925
15	11	3.434909	-0.08594024	0.216624	0.6158237
15	11	3.446006	-0.07873023	0.2165259	0.6171799
15	11	3.458209	-0.07235515	0.2167739	0.6181724
15	11	3.468682	-0.0648421	0.2164544	0.6196846
15	11	3.480063	-0.05708504	0.2165632	0.621114
15	11	3.491849	-0.04870474	0.21661	0.6224116
15	11	3.50265	-0.04087007	0.2165035	0.6237607
15	11	3.513852	-0.03229558	0.2168324	0.6249864
15	11	3.525738	-0.02317488	0.2168994	0.6259768
15	11	3.536407	-0.01396763	0.2168881	0.6268919
15	11	3.548167	-0.004653692	0.2170267	0.6276076
15	11	3.560744	0.004802108	0.2171797	0.6282938
16	11	3.571312	0.01458895	0.2173251	0.6287142
16	11	3.581916	0.0245837	0.2174839	0.6289897
16	11	3.59421	0.03427064	0.2177281	0.6290873
16	11	3.604829	0.04414797	0.2179712	0.6289005
16	11	3.61449	0.05391872	0.2181085	0.6285905
16	11	3.626468	0.06389284	0.2186084	0.628204
16	11	3.636746	0.07369483	0.2188386	0.6274266
16	11	3.648211	0.08364785	0.2188059	0.62646
16	11	3.661169	0.09291518	0.2187855	0.6257569
16	11	3.671599	0.1026797	0.219082	0.6241368
16	11	3.682026	0.1125786	0.2192476	0.6230098
17	11	3.693792	0.1219703	0.2190794	0.6216456
17	11	3.705055	0.1317074	0.2194307	0.6198808
17	11	3.715661	0.1411334	0.2195598	0.6180599
17	11	3.728025	0.1500608	0.2196975	0.6162411
17	11	3.738701	0.1588084	0.2198869	0.6142827
17	11	3.74955	0.1673179	0.2202487	0.6124256
17	11	3.761472	0.1758195	0.2205832	0.6097198
17	11	3.771489	0.1836572	0.2206591	0.6075358
17	11	3.783067	0.1912881	0.2207031	0.6054692
17	11	3.794518	0.1980004	0.2202212	0.6031129
17	11	3.804991	0.2043684	0.2200822	0.6009462
18	11	3.816659	0.210368	0.2197214	0.598879
18	11	3.828218	0.2170038	0.2197425	0.5964429
18	11	3.839145	0.2207568	0.2191421	0.5943395
18	11	3.850506	0.2259688	0.2187061	0.5924282
18	11	3.862352	0.2301185	0.2182057	0.5904411
18	11	3.875439	0.2339345	0.2177632	0.58868
18	11	3.890755	0.241197	0.2168814	0.5854176
18	11	3.902434	0.2445232	0.2165668	0.5838988
18	11	3.913392	0.2478342	0.216175	0.5828198
18	11	3.927369	0.2499058	0.2160605	0.5812392
19	11	3.939996	0.2513157	0.2156779	0.58015
19	11	3.95056	0.2523351	0.2152721	0.5790869
19	11	3.962464	0.2539631	0.215077	0.5783482
19	11	3.973518	0.2547879	0.2146945	0.5774651
19	11	3.985198	0.2561538	0.2139636	0.576319
19	11	3.996999	0.256186	0.2136914	0.5759636
19	11	4.007901	0.255694	0.2130114	0.5760524
19	11	4.018797	0.255694	0.2130114	0.5760524
19	11	4.029144	0.255573	0.2123644	0.5760744
19	11	4.04015	0.255736	0.211349	0.5759615
19	11	4.051039	0.255736	0.211349	0.5759615
20	11	4.060818	0.2551886	0.2100394	0.5766596
20	11	4.076744	0.2538977	0.2090805	0.5773474
20	11	4.099696	0.2530892	0.2086942	0.5782664
20	11	4.122289	0.2513266	0.2080694	0.5791109
20	11	4.144176	0.2496483	0.2077029	0.579728
20	11	4.16702	0.2479663	0.2072961	0.5804645
21	11	4.189628	0.2465007	0.2070498	0.5810542
21	11	4.211289	0.2452614	0.2067945	0.5823083
21	11	4.233823	0.2431403	0.2073132	0.5830255
21	11	4.256639	0.2414176	0.2074282	0.5836495
21	11	4.278432	0.2397808	0.2073278	0.5841968
21	11	4.301429	0.2385483	0.2076542	0.5850133
21	11	4.323653	0.2373934	0.2077317	0.5855789
21	11	4.345143	0.2363367	0.2079768	0.5861247
21	11	4.368566	0.2353125	0.208263	0.586992
21	11	4.390668	0.2341632	0.2087908	0.5873133
21	11	4.41216	0.2333626	0.2092787	0.5875149
21	11	4.435417	0.2327282	0.2093936	0.5878987
21	11	4.457725	0.2324922	0.2101809	0.5878989
21	11	4.479702	0.2323036	0.2105228	0.587953
21	11	4.502387	0.2326572	0.2109051	0.5874487
21	11	4.525601	0.2332387	0.2116926	0.5868649
21	11	4.546803	0.2337352	0.2118542	0.5866817
21	11	4.558838	0.2338247	0.2118293	0.5865815
21	11	4.570258	0.2342474	0.2117344	0.5863305
21	11	4.579627	0.2348118	0.2116977	0.5860838
21	11	4.591705	0.2346529	0.2112349	0.5861499
21	11	4.602488	0.2352635	0.211273	0.5858008
21	11	4.613035	0.2360104	0.2112664	0.5855771
21	11	4.625045	0.2367834	0.2113307	0.5850329
21	11	4.635684	0.237414	0.2111741	0.5848231
21	11	4.646265	0.2385116	0.2110966	0.5847259
21	11	4.658649	0.2392552	0.2114205	0.584286
21	11	4.669352	0.2399138	0.2111425	0.5840021
21	11	4.680115	0.2405481	0.210948	0.5837473
21	11	4.691571	0.2414708	0.2110248	0.583266
21	11	4.70434	0.2419854	0.2107656	0.5829688
21	11	4.717486	0.2424757	0.2103018	0.5826368
21	11	4.731666	0.2428339	0.2096577	0.5823332
21	11	4.742273	0.2431064	0.2090124	0.5821198
21	11	4.752584	0.2431276	0.2085267	0.5820283
21	11	4.763619	0.2427948	0.2079887	0.5822093
21	11	4.775666	0.2421081	0.2080067	0.5824677
21	11	4.787786	0.2411246	0.2080455	0.5828644
21	11	4.801309	0.2390153	0.2091788	0.5830708
21	11	4.811487	0.2390153	0.2091788	0.5830708
21	11	4.824547	0.237583	0.2113279	0.5829326
21	11	4.837176	0.2366871	0.2123964	0.5830474
21	11	4.84766	0.2354167	0.2140375	0.5832597
21	11	4.859714	0.2337666	0.2154716	0.5840867
21	11	4.872935	0.2321608	0.2166743	0.5846794
21	11	4.883524	0.2298875	0.2182223	0.5855385
21	11	4.896753	0.2273557	0.2195463	0.5864902
21	11	4.908879	0.2244563	0.2209389	0.5875337
21	11	4.921269	0.2217075	0.2223361	0.5884217
21	11	4.932802	0.2199839	0.2223163	0.5888177
21	11	4.943265	0.2164583	0.2238497	0.5900578
21	11	4.954547	0.2121868	0.2251482	0.5912743
21	11	4.965982	0.2076298	0.2263403	0.592522
21	11	4.977047	0.2023722	0.2278076	0.5939454
21	11	4.990428	0.1904969	0.229941	0.5978316
21	11	5.002559	0.1826185	0.2312628	0.6000801
21	11	5.016562	0.174996	0.2322266	0.6023854
21	11	5.029341	0.1674342	0.2332851	0.6042951
21	11	5.04053	0.1585135	0.2343549	0.6066313
21	11	5.052323	0.1487918	0.2352622	0.6090783
21	11	5.063716	0.1380064	0.2355675	0.6120529
21	11	5.074269	0.1185097	0.2379205	0.6166595
21	11	5.085626	0.1185097	0.2379205	0.6166595
21	11	5.097662	0.09408951	0.2392762	0.6218474
21	11	5.116909	0.06896281	0.2411261	0.6257095
21	11	5.139651	0.04035676	0.2428455	0.6287504
21	11	5.162015	0.01153493	0.2446483	0.6309303
21	11	5.183847	-0.01917875	0.2475489	0.6310785
21	11	5.20567	-0.05094004	0.2493446	0.6300623
21	11	5.228158	-0.08284295	0.251194	0.6273696
21	11	5.250837	-0.1142685	0.253081	0.6228848
21	11	5.273748	-0.1446371	0.2536864	0.6155087
20	11	5.29575	-0.1732807	0.2544411	0.608211
20	11	5.319219	-0.2002451	0.2543573	0.5999069
20	11	5.342147	-0.222677	0.2531983	0.5897306
20	11	5.362441	-0.2451887	0.2522273	0.5807248
20	11	5.38586	-0.2664398	0.2508332	0.5711565
20	11	5.407804	-0.2850636	0.2487411	0.561654
19	11	5.430408	-0.3006345	0.2455842	0.5519508
19	11	5.451967	-0.3162168	0.242262	0.5432963
19	11	5.473671	-0.3284521	0.2386979	0.5351652
19	11	5.495806	-0.3392498	0.2345808	0.5279734
19	11	5.518764	-0.3496031	0.2309076	0.5203117
18	11	5.5406	-0.359001	0.2273265	0.5127397
18	11	5.563037	-0.3669187	0.2233782	0.5058883
18	11	5.586547	-0.3720876	0.2198287	0.500672
18	11	5.598459	-0.3743377	0.2182978	0.4985908
18	11	5.608778	-0.3769352	0.2168792	0.4963979
18	11	5.619288	-0.3785086	0.2153472	0.4949397
18	11	5.630367	-0.3803666	0.214518	0.4935471
18	11	5.641135	-0.3819549	0.2137066	0.4921074
18	11	5.653116	-0.3833847	0.2129251	0.490468
17	11	5.663886	-0.3842802	0.2122043	0.4895353
17	11	5.674529	-0.3849527	0.2115654	0.4887704
17	11	5.686372	-0.3852589	0.2107224	0.4878505
17	11	5.697532	-0.3854971	0.2102504	0.4873368
17	11	5.708246	-0.3859971	0.2096546	0.4867231
17	11	5.719666	-0.3860341	0.2096797	0.4862965
17	11	5.730611	-0.3857418	0.209555	0.4859167
17	11	5.741738	-0.3856697	0.2094792	0.4859617
17	11	5.753542	-0.3858976	0.2089943	0.4857309
17	11	5.765333	-0.3855925	0.2090875	0.48593
17	11	5.775551	-0.385263	0.2090105	0.4863744
16	11	5.787992	-0.384891	0.2088424	0.486751
16	11	5.800911	-0.3844552	0.2087375	0.4870651
16	11	5.811804	-0.3835974	0.208756	0.4876175
16	11	5.824657	-0.3825114	0.2089788	0.4881848
16	11	5.836965	-0.3813717	0.2091389	0.4888849
16	11	5.847236	-0.3799033	0.2094231	0.4899467
16	11	5.860551	-0.3795533	0.209273	0.4905503
16	11	5.872056	-0.3786569	0.2093328	0.4913578
16	11	5.881619	-0.3776547	0.2093976	0.492254
16	11	5.894187	-0.3763621	0.2097574	0.4929732
16	11	5.905434	-0.3753967	0.2096908	0.4942071
15	11	5.915028	-0.3741198	0.2097722	0.4950596
15	11	5.926716	-0.3730108	0.2098523	0.4959732
15	11	5.9369	-0.3712755	0.2099428	0.4968479
15	11	5.946655	-0.3696127	0.2098539	0.4979151
15	11	5.957617	-0.3677133	0.2099648	0.4986907
15	11	5.969161	-0.367586	0.2099496	0.4990317
15	11	5.979423	-0.3663061	0.2098606	0.4999968
15	11	5.991745	-0.365322	0.2097487	0.5010439
15	11	6.005646	-0.3641896	0.2097111	0.501932
15	11	6.016182	-0.3630602	0.2095793	0.5028489
15	11	6.028409	-0.3619329	0.2098825	0.5035253
14	11	6.038679	-0.3606406	0.2098857	0.504077
14	11	6.048424	-0.3597188	0.2096673	0.5048567
14	11	6.059763	-0.358927	0.2096058	0.5053866
14	11	6.070487	-0.3580415	0.2096429	0.5060701
14	11	6.081384	-0.3572801	0.2096366	0.5066626
14	11	6.094041	-0.3561966	0.2097768	0.5070071
14	11	6.108255	-0.3546774	0.2100016	0.5084962
14	11	6.121299	-0.3536478	0.2104813	0.50886
14	11	6.133296	-0.352896	0.2104874	0.509504
14	11	6.14484	-0.3520572	0.2105979	0.5100902
13	11	6.156997	-0.3518722	0.2109081	0.5106479
13	11	6.168661	-0.3511961	0.211102	0.5106592
13	11	6.180126	-0.3508673	0.2112931	0.5108627
13	11	6.191995	-0.3504215	0.2112964	0.5111071
13	11	6.204424	-0.3505162	0.2110924	0.5114816
13	11	6.216689	-0.3500675	0.211217	0.5117565
13	11	6.23109	-0.3495419	0.211434	0.512477
13	11	6.242511	-0.3491435	0.2116008	0.5127592
13	11	6.255446	-0.3487195	0.2117888	0.5130969
13	11	6.268513	-0.3485118	0.2120054	0.5132732
12	11	6.279968	-0.3482517	0.212109	0.5134046
12	11	6.298236	-0.3481739	0.2122836	0.5133066
12	11	6.311156	-0.347809	0.2124062	0.5133573
12	11	6.323175	-0.347809	0.2124062	0.5133573
12	11	6.334334	-0.346983	0.2124652	0.513772
12	11	6.357646	-0.3460282	0.2126094	0.5146203
12	11	6.37859	-0.344964	0.2126933	0.5158875
11	11	6.4009	-0.344027	0.2128645	0.5170742
11	11	6.423746	-0.3428074	0.2131556	0.5181657
11	11	6.445556	-0.3417037	0.2133284	0.5189604
11	11	6.467559	-0.3409294	0.2132915	0.5199858
11	11	6.491251	-0.3396403	0.2136376	0.5207586
11	11	6.512582	-0.3378721	0.2137938	0.5219769
10	11	6.535497	-0.3355134	0.2143369	0.5232043
10	11	6.55867	-0.333611	0.2145115	0.5246028
10	11	6.57995	-0.3309351	0.2148253	0.5263108
10	11	6.602798	-0.3288615	0.214798	0.5278856
10	11	6.625873	-0.3261895	0.2149206	0.5297359
9	11	6.646708	-0.3230788	0.2147568	0.5314443
9	11	6.669282	-0.3194889	0.2141409	0.5339758
9	11	6.692269	-0.3142425	0.212999	0.5375252
9	11	6.713826	-0.3072616	0.2120008	0.5415019
9	11	6.738513	-0.2998701	0.2103127	0.5463889
9	11	6.759676	-0.2912848	0.2082311	0.5523
8	11	6.78133	-0.280475	0.2056623	0.5603986
8	11	6.804245	-0.2674994	0.2035335	0.5696983
8	11	6.827284	-0.2527519	0.2006422	0.5788577
8	11	6.848718	-0.2374345	0.1969041	0.5879753
8	11	6.861673	-0.2291539	0.1944845	0.5925901
8	11	6.873397	-0.2210618	0.1924536	0.5969363
8	11	6.884647	-0.212065	0.1898658	0.6014897
8	11	6.898343	-0.2027396	0.1874055	0.606019
8	11	6.909606	-0.1937549	0.1849154	0.6103251
8	11	6.923174	-0.1724597	0.1787013	0.6187223
8	11	6.936262	-0.1625633	0.1760437	0.6224988
8	11	6.947121	-0.1519951	0.1733682	0.625726
8	11	6.959085	-0.1420609	0.1702948	0.629022
8	11	6.970437	-0.1322987	0.1675127	0.631901
8	11	6.981457	-0.1223352	0.1649125	0.6338022
8	11	6.995679	-0.1127694	0.1621779	0.6358914
8	11	7.007495	-0.1029923	0.1594532	0.6373736
8	11	7.019921	-0.0930779	0.1566449	0.638819
8	11	7.032576	-0.08319688	0.1538677	0.6407709
8	11	7.043758	-0.07270539	0.1515636	0.6416638
8	11	7.056938	-0.05257225	0.1471133	0.6430945
8	11	7.06904	-0.04393601	0.1451827	0.6430401
8	11	7.080767	-0.03601873	0.1433345	0.6429269
8	11	7.094285	-0.0274514	0.141258	0.6431797
8	11	7.107474	-0.02256179	0.1395965	0.6418993
8	11	7.119277	-0.01724279	0.137925	0.6409599
8	11	7.13157	-0.01133299	0.135945	0.6402446
8	11	7.14264	-0.008369684	0.1353304	0.6382301
8	11	7.153688	-0.00393033	0.1335642	0.6372058
8	11	7.165604	-0.002244711	0.1328968	0.6365162
8	11	7.175003	-0.001100063	0.1335287	0.6353794
8	11	7.186743	0.001027107	0.133267	0.6346817
9	11	7.197941	-0.001032114	0.135408	0.634459
9	11	7.209309	-0.000816226	0.1371093	0.6341444
9	11	7.220638	-0.001017451	0.1384703	0.6336908
9	11	7.232154	-0.005502462	0.1437727	0.6341076
9	11	7.242933	-0.009167194	0.1484853	0.6344237
9	11	7.254683	-0.01163685	0.1519923	0.6340194
9	11	7.265725	-0.01636708	0.1574775	0.6340508
9	11	7.276286	-0.02167106	0.1627734	0.6337459
9	11	7.287395	-0.02623713	0.1678057	0.6331156
9	11	7.298146	-0.02623713	0.1678057	0.6331156
9	11	7.30884	-0.03559601	0.1779388	0.6322916
10	11	7.329063	-0.04588091	0.1891482	0.6310138
10	11	7.350562	-0.05532885	0.1987021	0.6296936
10	11	7.374387	-0.06563675	0.2061157	0.6276447
10	11	7.396688	-0.07699394	0.2132616	0.6257083
10	11	7.41766	-0.08772206	0.2185707	0.6232126
11	11	7.440535	-0.09615421	0.2201689	0.6200109
11	11	7.463297	-0.1028589	0.2207973	0.6182125
11	11	7.484448	-0.1076621	0.2225956	0.6178149
11	11	7.507252	-0.1122115	0.2277726	0.6173656
11	11	7.530973	-0.1161762	0.2376685	0.6187272
11	11	7.551569	-0.1213121	0.2506413	0.619458
12	11	7.57387	-0.1271638	0.2754886	0.619244
12	11	7.595913	-0.1301153	0.3015153	0.6166155
12	11	7.618011	-0.1338453	0.3310061	0.612832
12	11	7.642229	-0.1372107	0.3666141	0.6066846
12	11	7.663154	-0.1404144	0.4029642	0.5976261
13	11	7.686386	-0.1430551	0.4362357	0.5884459
13	11	7.709092	-0.1449268	0.4674891	0.5774779
13	11	7.730111	-0.146886	0.4960326	0.564039
13	11	7.752818	-0.1484504	0.5234013	0.5520519
13	11	7.774491	-0.1468939	0.5438888	0.5388364
13	11	7.797195	-0.1460524	0.5589529	0.5276299
14	11	7.807953	-0.1441292	0.5649625	0.5225631
14	11	7.821035	-0.1439009	0.5720366	0.5184752
14	11	7.832444	-0.1416403	0.5724545	0.51393
14	11	7.843521	-0.1398635	0.5764583	0.5096829
14	11	7.853489	-0.1383572	0.5774043	0.5066342
14	11	7.864793	-0.1363275	0.5763996	0.5031154
14	11	7.875082	-0.1339312	0.5771284	0.5000381
14	11	7.886802	-0.1319985	0.5731276	0.498687
14	11	7.898036	-0.1306584	0.5726287	0.495414
14	11	7.90873	-0.1284695	0.5703323	0.4939473
14	11	7.919815	-0.1267431	0.5678519	0.4919217
15	11	7.931272	-0.1246873	0.5611289	0.4909067
15	11	7.941877	-0.1232538	0.5564991	0.4896729
15	11	7.95342	-0.1214758	0.5493647	0.4892168
15	11	7.964617	-0.1210533	0.5422086	0.489886
15	11	7.975474	-0.1196165	0.5366752	0.4902461
15	11	7.986925	-0.1185622	0.5265429	0.4936371
15	11	7.998293	-0.1169087	0.5196862	0.4963315
15	11	8.009107	-0.1149707	0.5124012	0.50223
15	11	8.02096	-0.1125015	0.5049495	0.5071845
15	11	8.031756	-0.1105129	0.4930607	0.5181227
15	11	8.042463	-0.1090891	0.4837871	0.5252116
16	11	8.054519	-0.1074262	0.471771	0.5336829
16	11	8.06565	-0.1059943	0.4592828	0.5415398
16	11	8.07707	-0.1038373	0.4452505	0.5487505
16	11	8.089489	-0.101119	0.4293375	0.5557741
16	11	8.100515	-0.09800947	0.4135332	0.5623231
16	11	8.111963	-0.09518671	0.3968196	0.5681726
16	11	8.124092	-0.09315872	0.3807234	0.5742786
16	11	8.135468	-0.09056675	0.3617768	0.5809078
16	11	8.146776	-0.08755839	0.3423725	0.5862771
16	11	8.159279	-0.08479178	0.3226284	0.5925291
16	11	8.170664	-0.08040977	0.3001426	0.5971951
17	11	8.182387	-0.07990015	0.298133	0.5970216
17	11	8.194324	-0.07635713	0.2771102	0.6012585
17	11	8.205314	-0.07275414	0.2571211	0.6049452
17	11	8.216466	-0.06915975	0.2357185	0.6078104
17	11	8.22789	-0.06572866	0.2135328	0.6106015
17	11	8.238627	-0.06233263	0.1919376	0.6131032
17	11	8.249998	-0.05874026	0.1700932	0.6137142
17	11	8.261402	-0.05555964	0.148052	0.6142353
17	11	8.273472	-0.05240524	0.126532	0.6135012
17	11	8.283249	-0.04878342	0.1050769	0.6123152
17	11	8.295231	-0.04565513	0.08410573	0.6119269
18	11	8.30631	-0.04332983	0.06314063	0.6099182
18	11	8.317344	-0.04010081	0.04224944	0.6078893
18	11	8.329539	-0.0370748	0.02174711	0.6065657
18	11	8.340616	-0.03442955	0.003903627	0.6020334
18	11	8.350145	-0.03178179	-0.01156521	0.5955343
18	11	8.361787	-0.02776814	-0.02504587	0.5891291
18	11	8.372766	-0.02440786	-0.03832841	0.5829494
18	11	8.38355	-0.02144349	-0.04862165	0.5759165
18	11	8.395149	-0.01865506	-0.05878687	0.5700825
18	11	8.406651	-0.01830864	-0.06694722	0.5636766
19	11	8.425787	-0.01483595	-0.0802896	0.5526159
19	11	8.436388	-0.01367795	-0.08926582	0.5476795
19	11	8.446522	-0.01309037	-0.09397507	0.5434597
19	11	8.458235	-0.01147366	-0.100107	0.5391448
19	11	8.469971	-0.01073611	-0.1041365	0.5362593
19	11	8.479753	-0.01033652	-0.1087008	0.5328287
19	11	8.49052	-0.01007354	-0.1101291	0.5305766
19	11	8.501616	-0.009033442	-0.1128781	0.5278836
19	11	8.511926	-0.009755611	-0.1136901	0.52621
19	11	8.522735	-0.01012695	-0.1150613	0.5242305
19	11	8.533666	-0.009647369	-0.1168084	0.5222228
20	11	8.543664	-0.01022172	-0.1176066	0.5210782
20	11	8.552968	-0.01022172	-0.1176066	0.5210782
20	11	8.56522	-0.01068807	-0.1162398	0.5209866
20	11	8.575171	-0.01068807	-0.1162398	0.5209866
20	11	8.58488	-0.01099801	-0.1158357	0.521107
20	11	8.597577	-0.01181543	-0.1136484	0.5228086
20	11	8.607693	-0.0121932	-0.1119266	0.5237803
20	11	8.617331	-0.01311791	-0.1079366	0.5270066
20	11	8.628587	-0.01419842	-0.1049788	0.5296073
20	11	8.639697	-0.01519763	-0.100682	0.5330067
20	11	8.64942	-0.01603734	-0.0951817	0.5368718
20	11	8.66156	-0.01721609	-0.09012556	0.5406668
21	11	8.67254	-0.01867378	-0.08298492	0.5459554
21	11	8.682165	-0.02006102	-0.07435322	0.5514314
21	11	8.693692	-0.02155435	-0.06485724	0.5575426
21	11	8.707617	-0.02354479	-0.05421138	0.5641108
21	11	8.718153	-0.02541769	-0.04200125	0.571053
21	11	8.731452	-0.02712989	-0.02834868	0.5784501
21	11	8.742323	-0.02932346	-0.01550841	0.5855184
21	11	8.752321	-0.03151655	0.003143549	0.5937598
21	11	8.766616	-0.03547728	0.03815746	0.6089272
21	11	8.780945	-0.03763425	0.05851984	0.6159897
21	11	8.792181	-0.04017115	0.07760382	0.6232426
21	11	8.804173	-0.04376638	0.09880614	0.629545
21	11	8.814963	-0.04702365	0.1207556	0.6347781
21	11	8.826691	-0.05073202	0.1424689	0.6389251
21	11	8.837392	-0.05431581	0.1631706	0.6425554
21	11	8.848647	-0.05803835	0.1839405	0.6445539
21	11	8.861435	-0.06270039	0.2039021	0.6462454
21	11	8.872271	-0.06623864	0.2240342	0.6460371
21	11	8.881138	-0.0698365	0.2432282	0.6464865
21	11	8.891921	-0.07426238	0.2614186	0.6458099
21	11	8.903161	-0.07695687	0.278126	0.6430244
21	11	8.914438	-0.07943535	0.2922564	0.6401623
21	11	8.926206	-0.08307672	0.3079869	0.6384777
21	11	8.937196	-0.08422148	0.3179951	0.633407
21	11	8.946958	-0.08705413	0.3284405	0.6300465
21	11	8.958271	-0.08923483	0.338425	0.6265152
21	11	8.968758	-0.09059083	0.347683	0.6230007
21	11	8.979293	-0.09242833	0.3526031	0.6191691
21	11	8.990026	-0.09453189	0.3550518	0.6154068
21	11	9.000924	-0.09576797	0.3600793	0.6123126
21	11	9.011613	-0.09735477	0.3608688	0.6092664
21	11	9.023273	-0.09891331	0.3607129	0.6059979
21	11	9.034772	-0.09979177	0.3612882	0.6033045
21	11	9.045425	-0.1007355	0.3552698	0.6008611
21	11	9.056973	-0.1014744	0.3529438	0.597617
21	11	9.068343	-0.1020105	0.3468423	0.5954686
21	11	9.077749	-0.1020105	0.3468423	0.5954686
21	11	9.089	-0.1028142	0.3396964	0.5936793
21	11	9.100374	-0.1037561	0.3323039	0.5919135
21	11	9.111388	-0.1051799	0.325092	0.5905076
21	11	9.122247	-0.1061	0.3175911	0.5887492
21	11	9.134214	-0.1080039	0.3070829	0.5879877
21	11	9.145897	-0.1099588	0.2959986	0.5881138
21	11	9.15755	-0.1123474	0.2748802	0.5879951
21	11	9.168738	-0.1134502	0.2633293	0.5878931
21	11	9.180117	-0.1144024	0.2520099	0.5873077
21	11	9.192131	-0.1155163	0.2406017	0.5865654
21	11	9.202991	-0.1181848	0.2295121	0.5845387
21	11	9.213483	-0.1198566	0.2193058	0.582896
21	11	9.224965	-0.1220179	0.2102131	0.5812587
21	11	9.235725	-0.1244243	0.2009881	0.5794212
21	11	9.24557	-0.1244243	0.2009881	0.5794212
21	11	9.257423	-0.1272389	0.1828665	0.5760373
21	11	9.269336	-0.1299716	0.1761564	0.5737698
21	11	9.279445	-0.1299716	0.1761564	0.5737698
21	11	9.289878	-0.1315327	0.1690949	0.5713787
21	11	9.301543	-0.1338415	0.1643293	0.5689111
21	11	9.311998	-0.1366607	0.1600097	0.5661426
21	11	9.322506	-0.1378425	0.155113	0.5629148
21	11	9.334498	-0.1394554	0.1522559	0.5597029
21	11	9.344568	-0.1415341	0.1495861	0.5565293
21	11	9.355445	-0.142809	0.1466309	0.5528836
21	11	9.367078	-0.1455954	0.1454531	0.5490609
21	11	9.377772	-0.148873	0.1448034	0.5452232
21	11	9.388252	-0.1518289	0.1453978	0.5411282
21	11	9.40036	-0.1538782	0.1451637	0.5371811
21	11	9.410945	-0.1556627	0.1465322	0.533573
21	11	9.421412	-0.1568186	0.1485285	0.5298638
21	11	9.433673	-0.1574961	0.1503036	0.5258565
21	11	9.443887	-0.1590033	0.1513952	0.5222253
21	11	9.453715	-0.1612165	0.1529408	0.5180842
21	11	9.466288	-0.1634901	0.1541673	0.5144405
21	11	9.476772	-0.164566	0.1559701	0.5157394
21	11	9.487967	-0.1572324	0.1619681	0.5266292
21	11	9.499494	-0.1584541	0.1633817	0.5294505
21	11	9.510371	-0.155291	0.1644717	0.5313056
21	11	9.519984	-0.1546109	0.1633474	0.5286305
21	11	9.531692	-0.1537032	0.1612486	0.5266516
21	11	9.542181	-0.151776	0.1614449	0.5258025
21	11	9.552248	-0.1511755	0.161768	0.5249808
21	11	9.563774	-0.1509132	0.1609409	0.52353
21	11	9.574519	-0.1499287	0.1620666	0.5221127
21	11	9.584379	-0.1488667	0.1620905	0.5219312
21	11	9.59629	-0.1476252	0.1614695	0.5213803
21	11	9.607061	-0.147913	0.1616887	0.5219415
21	11	9.617695	-0.1486843	0.1608795	0.5229142
21	11	9.6297	-0.1512401	0.1601712	0.5242932
21	11	9.640312	-0.1529034	0.1604576	0.5245212
21	11	9.651633	-0.1553621	0.1592642	0.5241544
21	11	9.663471	-0.1566116	0.1592278	0.5241783
21	11	9.674828	-0.1573831	0.1595064	0.5237535
21	11	9.686006	-0.1580262	0.1594405	0.5237491
21	11	9.698029	-0.1573904	0.1582909	0.5239106
21	11	9.709561	-0.1571951	0.1577713	0.5235386
21	11	9.720335	-0.1557169	0.157185	0.5232806
21	11	9.734268	-0.1544091	0.1564342	0.5233566
21	11	9.745556	-0.154321	0.1558075	0.5222121
21	11	9.756824	-0.1538304	0.156096	0.5211213
21	11	9.767816	-0.1531769	0.1556939	0.5203401
21	11	9.778368	-0.1523933	0.1558663	0.5195885
21	11	9.788713	-0.1521934	0.1560967	0.5190027
21	11	9.799833	-0.1511068	0.1565592	0.5180876
21	11	9.810772	-0.1507713	0.1569538	0.5176064
21	11	9.821817	-0.1505498	0.1571615	0.5169758
21	11	9.833035	-0.1504105	0.1578166	0.5161464
21	11	9.844018	-0.150346	0.1584452	0.5154841
21	11	9.855881	-0.1503142	0.1587037	0.5148076
21	11	9.867447	-0.1504877	0.1588199	0.5144528
21	11	9.878259	-0.1504383	0.1589645	0.51445
21	11	9.889465	-0.1505814	0.1585385	0.5143837
21	11	9.900607	-0.1508303	0.1587024	0.5143152
21	11	9.911711	-0.1513413	0.1587147	0.5144664
21	11	9.923794	-0.152378	0.1583204	0.5150487
21	11	9.934725	-0.1526024	0.1584599	0.5148655
21	11	9.945849	-0.1534293	0.1580294	0.5153275
21	11	9.957865	-0.1541142	0.1578033	0.515238
21	11	9.968377	-0.1538804	0.1573977	0.5161736
21	11	9.979695	-0.1548116	0.1571018	0.5165287
21	11	9.991622	-0.1558648	0.1565431	0.5164474
21	11	10.00213	-0.1571811	0.1558845	0.5158385
21	11	10.01928	-0.158255	0.1552379	0.5152904
21	11	10.03285	-0.15994	0.1540986	0.5151508
21	11	10.04408	-0.1600492	0.1536041	0.5148154
21	11	10.05464	-0.1603882	0.1530877	0.5147581
21	11	10.06668	-0.1593971	0.1527107	0.5167992
21	11	10.07686	-0.1584169	0.1525458	0.5164658
21	11	10.08694	-0.1563246	0.152687	0.518049
21	11	10.09907	-0.1547712	0.1527567	0.5193274
21	11	10.10894	-0.1537418	0.152626	0.520448
21	11	10.11895	-0.1517005	0.1538295	0.5221852
21	11	10.13084	-0.1492853	0.1542115	0.522644
21	11	10.14239	-0.1469092	0.1548182	0.5233639
21	11	10.15185	-0.1433493	0.1546906	0.5218798
21	11	10.16431	-0.1425772	0.1546795	0.5211675
21	11	10.17514	-0.1416025	0.1566169	0.5210013
21	11	10.18438	-0.1416025	0.1566169	0.5210013
21	11	10.19517	-0.1402738	0.1570792	0.5199809
21	11	10.20536	-0.1421804	0.1570472	0.5192981
21	11	10.21716	-0.1431024	0.1573695	0.5192014
21	11	10.22851	-0.1461791	0.1576644	0.5176145
21	11	10.23971	-0.1490237	0.1573601	0.5173752
21	11	10.24953	-0.1516562	0.1570412	0.5180048
21	11	10.26172	-0.1526424	0.1572548	0.5181751
21	11	10.27279	-0.1527135	0.1558313	0.5189507
21	11	10.28229	-0.1532844	0.1555535	0.5188364
21	11	10.29372	-0.1544226	0.1550539	0.5183268
21	11	10.30486	-0.1553607	0.154734	0.5163622
21	11	10.31522	-0.1565876	0.1547266	0.5129093
21	11	10.32636	-0.1569875	0.1555079	0.5094141
21	11	10.33661	-0.1566018	0.1564484	0.5059749
21	11	10.34707	-0.1570314	0.1573547	0.5036373
21	11	10.35827	-0.1577263	0.1575018	0.5012589
21	11	10.36891	-0.158113	0.1582835	0.500427
21	11	10.37928	-0.1583874	0.1583256	0.499944
21	11	10.38941	-0.1593283	0.1572427	0.5002949
21	11	10.40076	-0.1592158	0.1572156	0.5016174
21	11	10.41135	-0.1586536	0.1569992	0.502544
21	11	10.42274	-0.1580526	0.1570474	0.5033358
21	11	10.43511	-0.1587722	0.1561141	0.5045476
21	11	10.44653	-0.159348	0.1548197	0.5055902
21	11	10.46089	-0.1600971	0.1538366	0.5054367
21	11	10.47183	-0.1613451	0.1522528	0.5056105
21	11	10.48392	-0.1620018	0.1510824	0.505114
21	11	10.49642	-0.1629037	0.1489204	0.5029633
21	11	10.5098	-0.1619214	0.148852	0.5013323
21	11	10.52052	-0.1614813	0.1479328	0.5007286
21	11	10.53372	-0.1611611	0.1468624	0.5008118
21	11	10.54545	-0.1605152	0.1456703	0.4999539
21	11	10.55853	-0.1593964	0.1447309	0.4989133
21	11	10.56978	-0.1584866	0.1437525	0.4970987
21	11	10.58038	-0.157935	0.143164	0.4960902
21	11	10.59125	-0.158381	0.1432011	0.4952829
21	11	10.60186	-0.1595072	0.1438243	0.4946035
21	11	10.61323	-0.1598296	0.1438355	0.4941384
21	11	10.62509	-0.1594464	0.1433432	0.4928263
21	11	10.63624	-0.1580939	0.1428851	0.4911286
21	11	10.64758	-0.1564889	0.1434933	0.4900578
21	11	10.66028	-0.155026	0.1430708	0.489053
21	11	10.67124	-0.1539618	0.1432455	0.4881964
21	11	10.68234	-0.1528323	0.1435642	0.487026
21	11	10.69459	-0.1515025	0.1438624	0.4861333
21	11	10.70724	-0.150319	0.1440817	0.4854835
21	11	10.71835	-0.1489508	0.1439545	0.4845171
21	11	10.73269	-0.1464894	0.144845	0.4811277
21	11	10.74644	-0.1457411	0.1461316	0.4792987
21	11	10.75874	-0.1454463	0.1467522	0.4780604
21	11	10.77101	-0.145474	0.1480047	0.4766524
21	11	10.78197	-0.1450776	0.1491501	0.475903
21	11	10.79579	-0.1442211	0.1499704	0.475136
21	11	10.81458	-0.140824	0.1506563	0.4759576
21	11	10.82643	-0.1391418	0.1505721	0.4762075
21	11	10.83844	-0.1377795	0.1502396	0.476362
21	11	10.84958	-0.1372174	0.1500165	0.4765964
21	11	10.86333	-0.1363565	0.149804	0.4777595
21	11	10.87537	-0.1349833	0.149631	0.479793
21	11	10.88618	-0.1339566	0.1495817	0.4806556
21	11	10.89961	-0.1309204	0.1486907	0.4825535
21	11	10.91145	-0.1294773	0.1482259	0.4827023
21	11	10.92156	-0.1294773	0.1482259	0.4827023
21	11	10.93448	-0.1274899	0.1460123	0.4831574
21	11	10.94444	-0.1268162	0.1441725	0.4835292
21	11	10.9559	-0.1263759	0.142544	0.4840646
21	11	10.9678	-0.1251581	0.1392837	0.4847409
21	11	10.97778	-0.1251581	0.1392837	0.4847409
21	11	10.98777	-0.1251581	0.1392837	0.4847409
21	11	11.00004	-0.1270107	0.1382042	0.4841357
21	11	11.01452	-0.1250517	0.1390219	0.4849526
21	11	11.03607	-0.1190796	0.1392877	0.4924395
21	11	11.05991	-0.1094877	0.1425143	0.5047584
21	11	11.08158	-0.1000408	0.147246	0.5204164
21	11	11.10393	-0.09372699	0.1540016	0.5351425
21	11	11.12757	-0.0888505	0.1639494	0.5567585
21	11	11.14862	-0.08351111	0.1755891	0.581883
21	11	11.17102	-0.08134627	0.1868182	0.6049829
21	11	11.19451	-0.08638656	0.2007061	0.6184242
21	11	11.216	-0.1043626	0.21759	0.6214212
21	11	11.23771	-0.1274757	0.2340389	0.6201169
21	11	11.26111	-0.1581061	0.2482989	0.6152624
20	11	11.2829	-0.1889882	0.2598978	0.6069024
20	11	11.30482	-0.2246723	0.265123	0.5959085
20	11	11.3286	-0.2603533	0.2660534	0.5824535
20	11	11.34936	-0.2925559	0.2637945	0.5697654
20	11	11.37152	-0.3188232	0.2574695	0.5561644
20	11	11.39538	-0.3439828	0.2536829	0.5413359
19	11	11.41701	-0.3660264	0.2469449	0.5278645
19	11	11.43937	-0.3828013	0.2384057	0.515258
19	11	11.46226	-0.3989308	0.23131	0.5012939
19	11	11.48323	-0.4129827	0.2231442	0.4882157
19	11	11.49496	-0.4163198	0.2194873	0.4826179
19	11	11.50673	-0.4225022	0.2157735	0.477035
19	11	11.51759	-0.4258486	0.212465	0.4717785
18	11	11.52866	-0.4302572	0.2095686	0.466467
18	11	11.53971	-0.432373	0.2063816	0.4627305
18	11	11.55024	-0.435901	0.2031815	0.4579624
18	11	11.56272	-0.4380846	0.2008071	0.4539722
18	11	11.57479	-0.4403857	0.1978458	0.4508845
18	11	11.58539	-0.4420316	0.1950295	0.4479773
18	11	11.59969	-0.4432948	0.1925216	0.4457983
18	11	11.61193	-0.4453169	0.1898699	0.4435759
18	11	11.62402	-0.4455675	0.1874616	0.442908
18	11	11.63781	-0.4444683	0.1847011	0.4433782
17	11	11.64907	-0.4444386	0.1834283	0.4433923
17	11	11.66256	-0.4425635	0.1831586	0.4447149
17	11	11.67533	-0.4406388	0.183172	0.447232
17	11	11.68622	-0.4378842	0.1838666	0.4506755
17	11	11.69957	-0.4347651	0.1850983	0.4549549
17	11	11.71125	-0.4320656	0.1860052	0.4588184
17	11	11.72344	-0.4277303	0.1880809	0.4645247
17	11	11.73682	-0.4174902	0.1916801	0.4779044
17	11	11.74791	-0.4174902	0.1916801	0.4779044
17	11	11.75945	-0.4056795	0.1937408	0.4907241
16	11	11.77042	-0.4003592	0.1940742	0.4964675
16	11	11.77983	-0.4003592	0.1940742	0.4964675
16	11	11.78976	-0.3945978	0.1943169	0.5023592
16	11	11.8026	-0.3878123	0.1936996	0.5078963
16	11	11.8141	-0.3800695	0.1933616	0.5134611
16	11	11.82559	-0.3737001	0.1937562	0.5191069
16	11	11.83751	-0.3562822	0.1928629	0.5316341
16	11	11.84706	-0.3562822	0.1928629	0.5316341
16	11	11.85942	-0.3472207	0.192457	0.5387101
16	11	11.87302	-0.3290722	0.1908481	0.5525837
15	11	11.88478	-0.3200032	0.1899507	0.5593474
15	11	11.89789	-0.3100204	0.1885097	0.5651356
15	11	11.9155	-0.2914699	0.1848561	0.5758934
15	11	11.92875	-0.2818851	0.1821487	0.5808779
15	11	11.94075	-0.272066	0.1794571	0.5855646
15	11	11.95174	-0.272066	0.1794571	0.5855646
15	11	11.96524	-0.2537409	0.1737701	0.5941012
15	11	11.98599	-0.2361323	0.1680684	0.6016967
14	11	12.0088	-0.219993	0.1616601	0.6078241
14	11	12.03177	-0.2057073	0.1539057	0.6126553
14	11	12.0532	-0.1919944	0.146467	0.6174099
14	11	12.07607	-0.1806763	0.1375557	0.6205001
14	11	12.09837	-0.1704394	0.1276044	0.6228501
14	11	12.11963	-0.1596441	0.1181417	0.6252738
13	11	12.14231	-0.1510006	0.1082417	0.6270891
13	11	12.1655	-0.14315	0.09858191	0.6279056
13	11	12.18738	-0.1373245	0.08854318	0.6277999
13	11	12.20965	-0.1312389	0.07893848	0.6277621
13	11	12.23582	-0.1274637	0.06931996	0.6271098
13	10	12.25455	-0.1247282	0.06055045	0.6260835
13	10	12.27636	-0.1232973	0.05264473	0.6249385
13	10	12.30028	-0.1226249	0.04491591	0.6238552
13	10	12.32115	-0.1219029	0.03906202	0.6225438
13	10	12.34454	-0.1225339	0.03429389	0.6215094
13	10	12.36662	-0.123626	0.03123403	0.6211611
13	9	12.389	-0.1244317	0.03043413	0.6209501
13	9	12.4126	-0.1268679	0.03457499	0.6229204
13	9	12.43404	-0.1279452	0.04699874	0.6273261
13	9	12.45523	-0.127605	0.0629127	0.6325623
13	9	12.47777	-0.1280094	0.09681654	0.6434393
13	9	12.48866	-0.1269825	0.1150017	0.6479938
13	8	12.50106	-0.1281242	0.134789	0.6532732
13	8	12.5124	-0.1283162	0.1541147	0.657485
13	8	12.52272	-0.1269492	0.1776546	0.6614026
13	8	12.53545	-0.1268778	0.2027278	0.6650412
13	8	12.54645	-0.1260982	0.2266284	0.6679614
13	8	12.55669	-0.1246783	0.2514503	0.6696323
13	8	12.56851	-0.1230729	0.2837346	0.6690378
13	8	12.57889	-0.1221788	0.3104221	0.6693251
13	8	12.58811	-0.1208179	0.3428273	0.6653309
13	8	12.60003	-0.11993	0.3702161	0.6626133
13	8	12.61122	-0.1176577	0.3996542	0.6569067
13	9	12.62205	-0.1170408	0.427644	0.6513234
13	9	12.6344	-0.1147006	0.4549874	0.6396154
13	9	12.64637	-0.112851	0.4795791	0.6293927
13	9	12.65634	-0.1124277	0.5046067	0.6211598
13	9	12.6685	-0.1111581	0.5256307	0.6095072
13	9	12.67892	-0.1085757	0.545204	0.5972207
13	9	12.68883	-0.1089145	0.5626105	0.5862756
13	9	12.70121	-0.1063346	0.5784712	0.5741409
13	9	12.71171	-0.1052649	0.5936623	0.5641665
13	9	12.72299	-0.105474	0.6058853	0.5541103
13	9	12.73556	-0.1027641	0.6160737	0.5446565
13	10	12.74724	-0.1011533	0.623342	0.536893
13	10	12.75716	-0.1000196	0.6296856	0.5306442
13	10	12.769	-0.09765506	0.6378847	0.5224273
13	10	12.77972	-0.0965476	0.6410004	0.5181829
13	10	12.79256	-0.09562778	0.6435553	0.5129783
13	10	12.80434	-0.09460104	0.6450889	0.5105398
13	10	12.81623	-0.09418035	0.6452054	0.5086416
13	10	12.83359	-0.09353292	0.6440009	0.5064898
13	10	12.84873	-0.09182227	0.6401685	0.5071263
13	10	12.86046	-0.09155655	0.6372069	0.5094596
13	11	12.87321	-0.09109557	0.6358638	0.5092784
13	11	12.88538	-0.09098864	0.6309158	0.5127325
13	11	12.89965	-0.09005785	0.6216793	0.5180242
13	11	12.91187	-0.0897603	0.6152062	0.522808
13	11	12.92235	-0.08906436	0.6075383	0.5282964
13	11	12.9363	-0.08875334	0.6009052	0.5332613
13	11	12.94814	-0.08781636	0.5909213	0.5413742
13	11	12.96225	-0.08732331	0.5829042	0.5473897
13	11	12.97608	-0.08634806	0.5658637	0.5594932
13	11	12.98702	-0.08634806	0.5658637	0.5594932
13	11	12.999	-0.08536243	0.5428059	0.5749087
13	11	13.01525	-0.08574545	0.5139883	0.5914596
13	11	13.03663	-0.08579779	0.4854572	0.6077662
13	11	13.05944	-0.08505595	0.4535604	0.6236501
13	11	13.08217	-0.0844171	0.4208751	0.6359311
13	11	13.10348	-0.0841651	0.3883919	0.6478809
13	11	13.12662	-0.08393502	0.3583075	0.6594758
13	11	13.14848	-0.08332443	0.33179	0.6649863
13	11	13.17081	-0.08186829	0.3090919	0.6698092
13	11	13.19389	-0.07878137	0.29152	0.6739267
13	11	13.21461	-0.07669103	0.2808928	0.6757661
13	11	13.23753	-0.07147157	0.2735732	0.676836
13	11	13.26047	-0.06671345	0.2700918	0.6774729
13	11	13.28188	-0.06233501	0.2694998	0.6782041
13	11	13.30446	-0.05785406	0.268714	0.67808
13	11	13.32793	-0.05708885	0.2681432	0.6772259
13	11	13.3522	-0.05927336	0.2677141	0.6768912
13	11	13.37393	-0.06365073	0.2676568	0.6754965
13	11	13.39569	-0.0731703	0.2675573	0.673853
13	11	13.41688	-0.08543432	0.2680942	0.6713901
13	11	13.44012	-0.1003215	0.2672719	0.668218
13	11	13.46109	-0.1202118	0.2648109	0.6646259
13	11	13.48448	-0.1397847	0.2629181	0.6598424
13	11	13.49676	-0.1509362	0.2616888	0.6571004
13	11	13.50746	-0.1616604	0.2605835	0.653747
13	11	13.51802	-0.1720796	0.2591182	0.6506085
12	11	13.52941	-0.1829001	0.2573684	0.6473385
12	11	13.54012	-0.1934153	0.2554487	0.643819
12	11	13.5514	-0.2036644	0.2536367	0.6405096
12	11	13.56251	-0.2142441	0.2512006	0.6370927
12	11	13.57315	-0.2240033	0.2488068	0.6334981
12	11	13.58221	-0.2332796	0.2470014	0.6291974
12	11	13.59395	-0.2416447	0.2453489	0.6258054
12	11	13.60461	-0.2492516	0.2429781	0.6223364
12	11	13.61653	-0.2559537	0.2414235	0.6188389
12	11	13.63219	-0.2612923	0.2390872	0.6163405
12	11	13.64438	-0.2664491	0.2362829	0.6142172
11	11	13.65526	-0.2709752	0.2345775	0.6122534
11	11	13.66845	-0.2717305	0.2321519	0.6118718
11	11	13.68043	-0.2754982	0.2294861	0.6107216
11	11	13.69324	-0.2778628	0.2274901	0.6102791
11	11	13.70993	-0.2788914	0.2221733	0.6103017
11	11	13.72746	-0.277918	0.2196339	0.6115634
11	11	13.74324	-0.278386	0.2143873	0.6123992
11	11	13.75676	-0.2749035	0.2128246	0.614567
10	11	13.77404	-0.2698373	0.2089502	0.6183845
10	11	13.79133	-0.2668741	0.2068906	0.6201689
10	11	13.805	-0.2590318	0.2026703	0.6252537
10	11	13.81696	-0.2543106	0.2002505	0.6281562
10	11	13.8289	-0.2496688	0.1984315	0.6311085
10	11	13.84241	-0.243979	0.1977271	0.6335447
10	11	13.85384	-0.2388436	0.1974632	0.6360725
10	11	13.86712	-0.2326124	0.1991792	0.6394829
10	11	13.87852	-0.2195764	0.210436	0.6470659
10	11	13.88981	-0.2134235	0.2172371	0.6504834
9	11	13.90431	-0.2077143	0.229764	0.6551721
9	11	13.91708	-0.2077143	0.229764	0.6551721
9	11	13.93007	-0.1953155	0.2642549	0.662313
9	11	13.94939	-0.1870385	0.3089236	0.6654824
9	11	13.97175	-0.1809425	0.3533128	0.6657474
9	11	13.99517	-0.173316	0.414592	0.656399
9	11	14.01754	-0.1649295	0.4692948	0.6440812
8	11	14.03862	-0.1568313	0.5216746	0.6252152
8	11	14.06215	-0.1490906	0.5676298	0.6055043
8	11	14.08427	-0.1387633	0.6061012	0.5825245
8	11	14.10614	-0.1276364	0.6332994	0.5607074
8	11	14.13631	-0.1219659	0.6524572	0.5418882
8	11	14.15115	-0.114705	0.672794	0.5263944
8	11	14.17299	-0.1092719	0.6795831	0.5142576
8	11	14.19676	-0.1082239	0.6785634	0.5095785
8	11	14.21875	-0.1042721	0.6819693	0.5048978
8	11	14.24151	-0.1017109	0.6772853	0.5045998
8	11	14.26449	-0.1002126	0.6681018	0.508504
8	11	14.28807	-0.1005443	0.6563437	0.5168024
8	11	14.3092	-0.100458	0.6446004	0.5267675
8	11	14.33355	-0.09998226	0.6286505	0.5393307
8	11	14.35463	-0.1008335	0.6095152	0.5519764
8	11	14.37667	-0.1034472	0.5884207	0.5661142
8	11	14.39947	-0.1061723	0.5650548	0.5811996
8	11	14.421	-0.1081798	0.5386665	0.5955226
8	11	14.4442	-0.1099824	0.5114727	0.6078637
8	11	14.45492	-0.1109922	0.4958193	0.6144869
8	11	14.46746	-0.1128435	0.4795511	0.6224928
8	11	14.47866	-0.1140388	0.4634039	0.6289885
8	11	14.48882	-0.1147759	0.447119	0.6344937
8	11	14.50054	-0.114627	0.4296893	0.6397264
8	11	14.51174	-0.1136181	0.413496	0.6439728
8	11	14.52187	-0.1113698	0.3953788	0.6470295
8	11	14.53338	-0.1108401	0.3776485	0.6531549
8	11	14.54547	-0.1102054	0.3602366	0.6592977
8	11	14.5562	-0.108586	0.3421416	0.6647693
8	11	14.56845	-0.1045997	0.3256373	0.6683666
8	11	14.57973	-0.1025848	0.308942	0.6735809
8	11	14.59202	-0.09475172	0.2940933	0.6750939
8	11	14.60511	-0.08650577	0.2797472	0.6771842
8	11	14.61791	-0.0751183	0.2503378	0.6844407
8	11	14.63051	-0.0676738	0.2368236	0.6860671
8	11	14.64385	-0.06043625	0.2245178	0.6874977
8	11	14.65596	-0.05419052	0.2105793	0.6893582
8	11	14.66859	-0.04591703	0.1992249	0.6883552
8	11	14.68037	-0.03823078	0.1884004	0.6895877
8	11	14.69237	-0.03137302	0.1784585	0.6905078
8	11	14.70435	-0.02401769	0.1701787	0.6905174
8	11	14.71678	-0.01699662	0.1637927	0.6898019
8	11	14.73247	-0.004342914	0.1520363	0.6868448
8	11	14.74737	-0.0001901388	0.1488186	0.6856303
9	11	14.76041	0.002759099	0.1463667	0.6838912
9	11	14.77262	0.00270164	0.1470321	0.682997
9	11	14.78378	0.003563166	0.1477034	0.6828812
9	11	14.79672	-0.0007096529	0.1601244	0.6819274
9	11	14.80865	-0.005333781	0.1737056	0.6826586
9	11	14.8207	-0.0114094	0.1914963	0.6820146
9	11	14.83428	-0.01660442	0.2036011	0.6823422
9	11	14.84786	-0.02134585	0.2175671	0.6827042
9	11	14.86563	-0.03690183	0.2539059	0.6816684
10	11	14.879	-0.04427969	0.2723658	0.6805812
10	11	14.8904	-0.05009174	0.2886693	0.6787168
10	11	14.90369	-0.05677986	0.3083969	0.6762955
10	11	14.91796	-0.06264484	0.3268458	0.6737635
10	11	14.93328	-0.07298005	0.3705561	0.6657805
10	11	14.94597	-0.07762229	0.3915128	0.6597508
10	11	14.95563	-0.07762229	0.3915128	0.6597508
10	11	14.96829	-0.08577824	0.4310365	0.6468151
10	11	14.98941	-0.09450889	0.4677964	0.6320786
10	12	15.0123	-0.1003338	0.4971708	0.6149428
10	12	15.03611	-0.1064836	0.5250186	0.6008372
10	12	15.05763	-0.1110789	0.5480516	0.5861486
10	12	15.08037	-0.1125177	0.5692494	0.5699766
10	12	15.10347	-0.1131917	0.5906748	0.5542336
10	13	15.12528	-0.1119068	0.6105196	0.5401438
10	13	15.14777	-0.1115347	0.6313103	0.5269647
10	13	15.17153	-0.1115761	0.6521577	0.5102513
10	13	15.19296	-0.1099737	0.6714535	0.4928066
10	13	15.21435	-0.1076405	0.6892241	0.4755373
10	13	15.23752	-0.105544	0.70461	0.4588726
10	14	15.25913	-0.1035874	0.7154112	0.4447722
10	14	15.28075	-0.102816	0.7235298	0.4345474
10	14	15.30426	-0.1027526	0.7272692	0.4275818
10	14	15.32648	-0.1031457	0.7294856	0.423331
10	14	15.34838	-0.1033581	0.728161	0.4240335
10	15	15.37088	-0.1037222	0.7260189	0.4245119
10	15	15.39482	-0.1042576	0.7207576	0.4282403
10	15	15.41489	-0.1042703	0.7148675	0.4337333
10	15	15.43695	-0.1050743	0.7085936	0.440367
10	15	15.45965	-0.105564	0.7020581	0.4480722
10	15	15.48149	-0.1054034	0.6958982	0.4546548
10	16	15.49321	-0.1051908	0.6926279	0.4581527
10	16	15.50543	-0.1051242	0.6899705	0.4611676
10	16	15.51573	-0.1044332	0.6879208	0.4641765
10	16	15.52753	-0.103785	0.6860561	0.4675245
10	16	15.53911	-0.1035111	0.6838266	0.4698559
10	16	15.55238	-0.1027712	0.6819748	0.4720783
10	16	15.56453	-0.1021641	0.6804312	0.4744185
10	16	15.57662	-0.1020527	0.6785978	0.4760873
10	16	15.58697	-0.1013358	0.6771132	0.4779229
10	16	15.60058	-0.1007835	0.6762344	0.4795043
10	17	15.61312	-0.1002728	0.6743095	0.4814909
10	17	15.62425	-0.09981203	0.6732237	0.482769
10	17	15.63815	-0.09961009	0.6723689	0.4831921
10	17	15.65122	-0.0992837	0.6711569	0.4840727
10	17	15.66372	-0.09925926	0.6697687	0.4853426
10	17	15.67566	-0.09929621	0.6687651	0.4860612
10	17	15.68627	-0.09890616	0.6676081	0.4871473
10	17	15.69774	-0.09932268	0.6662943	0.4880042
10	17	15.71046	-0.0991497	0.6655328	0.4886434
10	17	15.72124	-0.09924281	0.6644568	0.4892157
10	18	15.7344	-0.0993104	0.6632311	0.4897162
10	18	15.74697	-0.09930396	0.6622506	0.4901232
10	18	15.7565	-0.09938586	0.6608797	0.4905243
10	18	15.77089	-0.1005939	0.6582971	0.491472
10	18	15.78098	-0.1016859	0.6569933	0.4920083
10	18	15.79128	-0.1019357	0.6555234	0.4923778
10	18	15.80429	-0.1022722	0.6542908	0.4927623
10	18	15.81523	-0.1024837	0.6528518	0.4931612
10	18	15.82692	-0.102775	0.6512934	0.4937367
10	18	15.83939	-0.1030517	0.6500733	0.4942259
10	19	15.8515	-0.1032127	0.6490389	0.4946661
10	19	15.86447	-0.1037738	0.6479079	0.4950508
10	19	15.87612	-0.1046355	0.6465168	0.4954419
10	19	15.88671	-0.1052395	0.6450357	0.495767
10	19	15.90103	-0.1059726	0.6434345	0.4962655
10	19	15.91274	-0.1065881	0.6418523	0.4967176
10	19	15.9229	-0.1072849	0.6399636	0.4971814
10	19	15.93578	-0.1077005	0.6380899	0.4975541
10	19	15.94681	-0.1084991	0.6358095	0.4982666
10	19	15.95703	-0.1095376	0.633371	0.4991076
10	19	15.96986	-0.1101871	0.6312361	0.4995879
10	20	15.98077	-0.1109952	0.6283168	0.5002342
10	20	15.99072	-0.1109952	0.6283168	0.5002342
10	20	16.00266	-0.1121781	0.6211212	0.5010626
10	20	16.01818	-0.1102006	0.6139442	0.5027506
10	20	16.04043	-0.1063727	0.6062917	0.5072421
10	20	16.06344	-0.1019372	0.5983068	0.5133706
10	20	16.085	-0.09398508	0.5889798	0.5220214
10	20	16.10772	-0.08191311	0.5797721	0.5324507
10	20	16.13054	-0.06375682	0.5706979	0.5473409
10	20	16.15183	-0.04808247	0.559832	0.5606401
10	20	16.17469	-0.03042579	0.5475254	0.5724009
10	20	16.19732	-0.009076476	0.5355256	0.5824836
11	20	16.21861	0.01384139	0.5243177	0.591388
11	20	16.2414	0.03829765	0.5127937	0.598032
11	20	16.26409	0.06216824	0.5009744	0.6040727
11	20	16.28639	0.08497262	0.4879558	0.6078705
11	20	16.30804	0.1060834	0.4752426	0.6106652
11	20	16.33185	0.1272933	0.4634527	0.6116077
12	20	16.35302	0.1477287	0.4528009	0.6099377
12	20	16.37576	0.1647917	0.4427629	0.608685
12	20	16.39821	0.179402	0.432656	0.6070387
12	20	16.42024	0.1913102	0.4236573	0.6057564
12	20	16.44269	0.1977913	0.4165144	0.6038697
13	20	16.46515	0.2023468	0.4106081	0.6021621
13	20	16.48731	0.2047368	0.40592	0.6020926
13	20	16.50072	0.2040453	0.403227	0.6022201
13	20	16.51162	0.2039874	0.4008062	0.6022027
13	20	16.52185	0.2017136	0.3985589	0.6024562
13	20	16.53311	0.1984609	0.3961886	0.6029773
13	20	16.54495	0.1980691	0.3934652	0.6033049
13	20	16.55558	0.1954752	0.3911561	0.6045283
13	20	16.56794	0.1923594	0.388423	0.6062136
13	20	16.58034	0.1890445	0.3862765	0.6076043
14	20	16.59112	0.1855251	0.3846372	0.6085033
14	20	16.60443	0.1826289	0.3832092	0.6095936
14	20	16.61477	0.1796477	0.3815141	0.6104677
14	20	16.62477	0.1747506	0.3806731	0.6120298
14	20	16.63646	0.1698221	0.3803775	0.6135857
14	20	16.6474	0.1666355	0.3787764	0.6145159
14	20	16.65825	0.1613833	0.3776084	0.6153051
14	20	16.67122	0.1572297	0.3767031	0.6166227
14	20	16.68135	0.1534489	0.3751166	0.6177875
14	20	16.69138	0.1492949	0.3738967	0.6193769
14	20	16.70312	0.14472	0.3721168	0.622008
15	20	16.71469	0.1404896	0.3708684	0.6234466
15	20	16.7248	0.1353428	0.3707809	0.624836
15	20	16.73736	0.1308184	0.3701993	0.6258582
15	20	16.74818	0.126	0.3711581	0.6261295
15	20	16.75946	0.1214358	0.3744599	0.6265318
15	20	16.77179	0.116533	0.3763884	0.6278086
15	20	16.78263	0.1121999	0.3818783	0.6282353
15	20	16.79372	0.1079895	0.388992	0.6281115
15	20	16.80498	0.1034609	0.3979222	0.6279877
15	20	16.8156	0.09952188	0.4094471	0.6263887
15	20	16.82567	0.09607029	0.4196135	0.6250522
16	20	16.83898	0.09161794	0.4336863	0.6225021
16	20	16.84927	0.08770752	0.4498193	0.6189798
16	20	16.85949	0.08392739	0.4661077	0.614223
16	20	16.87092	0.08296084	0.4714872	0.6113029
16	20	16.88151	0.07841682	0.4879216	0.6056483
16	20	16.8948	0.07406306	0.5032012	0.6003796
16	20	16.90909	0.06904423	0.5192013	0.5932857
16	20	16.92215	0.06003261	0.5508565	0.5783813
16	20	16.93381	0.05600631	0.5663455	0.5695877
16	20	16.94585	0.05184114	0.5809392	0.561486
17	20	16.95547	0.04794109	0.5949221	0.5524627
17	20	16.96728	0.04528666	0.6091714	0.5435058
17	20	16.97786	0.041816	0.6222928	0.5350385
17	20	16.9874	0.03816843	0.6345336	0.5270792
17	20	16.9982	0.03567076	0.6454473	0.5182915
17	20	17.00892	0.03214991	0.6544427	0.5101424
17	20	17.02039	0.02809143	0.6634209	0.5017278
17	20	17.03094	0.02809143	0.6634209	0.5017278
17	20	17.04187	0.02598131	0.67119	0.4945115
17	20	17.0516	0.02353108	0.6773897	0.4883072
17	20	17.06286	0.02059686	0.6830506	0.4830699
18	20	17.07402	0.0187645	0.6895962	0.4762994
18	20	17.08436	0.01637018	0.6919394	0.4725999
18	20	17.0946	0.01353836	0.6963464	0.4675801
18	20	17.10746	0.01149857	0.6987675	0.4644487
18	20	17.11846	0.00916481	0.7003255	0.4616619
18	20	17.1316	0.007411003	0.7028806	0.4578937
18	20	17.14184	0.005982518	0.7032797	0.4562888
18	20	17.15288	0.004193544	0.7043028	0.4540854
18	20	17.16402	0.003048301	0.7022414	0.4541723
18	20	17.17454	0.001550078	0.7009773	0.4541047
18	20	17.18498	0.0002334118	0.6993103	0.4545604
19	20	17.19566	-0.001237273	0.697713	0.454856
19	20	17.20596	-0.002269864	0.6949631	0.4563043
19	20	17.21615	-0.003242612	0.6928936	0.4576486
19	20	17.22648	-0.003694892	0.6895758	0.460351
19	20	17.23828	-0.004258633	0.6860139	0.4638178
19	20	17.24836	-0.004075766	0.6824698	0.4676991
19	20	17.25787	-0.004563332	0.6780509	0.4717615
19	20	17.26931	-0.0049299	0.6735529	0.4758738
19	20	17.28053	-0.005195498	0.6696237	0.4793448
19	20	17.29092	-0.00482142	0.6648093	0.4838828
19	20	17.30289	-0.004463911	0.6598507	0.4883962
19	20	17.31391	-0.003053308	0.6550453	0.4932666
20	20	17.32494	-0.001207709	0.6499823	0.4984818
20	20	17.33637	0.0004222393	0.6450093	0.5037472
20	20	17.34754	0.001866341	0.6403778	0.5086094
20	20	17.35857	0.003729701	0.6351538	0.5139627
20	20	17.37239	0.0053792	0.6296091	0.5190854
20	20	17.38441	0.007326841	0.6241053	0.523737
20	20	17.39392	0.008598208	0.6182107	0.5289254
20	20	17.4064	0.01079893	0.6124719	0.5331208
20	20	17.41733	0.01358545	0.6069075	0.5371958
20	20	17.4277	0.01642621	0.601761	0.5416597
21	20	17.4401	0.01987624	0.5960606	0.5463626
21	20	17.45104	0.02306104	0.5904425	0.5508637
21	20	17.46095	0.02620637	0.5846597	0.5553086
21	20	17.47441	0.02942908	0.5782229	0.5589792
21	20	17.48566	0.03296149	0.5713555	0.5624684
21	20	17.497	0.03684855	0.5651022	0.5657495
21	20	17.50861	0.04120493	0.5576987	0.5692841
21	20	17.51952	0.04545867	0.5495002	0.5748227
21	20	17.53155	0.04964101	0.5424629	0.579597
21	20	17.54268	0.05398977	0.5333586	0.5847476
21	20	17.553	0.05864263	0.5244857	0.588354
21	20	17.56456	0.06447542	0.5166577	0.5913427
21	20	17.57611	0.07148719	0.5079435	0.594283
21	20	17.58658	0.07936561	0.4993422	0.5976336
21	20	17.59836	0.08734262	0.4907668	0.6017538
21	20	17.60949	0.09491587	0.481796	0.6055416
21	20	17.62033	0.1025628	0.4728751	0.6082218
21	20	17.6329	0.1102318	0.4637154	0.6101525
21	20	17.6431	0.1179799	0.4549521	0.6119121
21	20	17.65395	0.1267323	0.4469142	0.6123989
21	20	17.66755	0.1352941	0.4383575	0.613784
21	20	17.67808	0.1441149	0.4299326	0.6150032
21	20	17.68749	0.1524749	0.4214386	0.615504
21	20	17.69836	0.1605884	0.4132717	0.6163598
21	20	17.7094	0.1688786	0.4055849	0.6158928
21	20	17.71905	0.1775039	0.3975943	0.6158381
21	20	17.73141	0.1856776	0.3906814	0.6157223
21	20	17.74296	0.1939808	0.3845278	0.6147276
21	20	17.75317	0.2024328	0.3794402	0.6135751
21	20	17.76442	0.2102164	0.3733211	0.6126366
21	20	17.77517	0.2165869	0.3682892	0.6117969
21	20	17.78621	0.2220373	0.3638539	0.610593
21	20	17.79736	0.2271334	0.3595041	0.6090214
21	20	17.80874	0.2322619	0.3554339	0.6080531
21	20	17.81952	0.2363006	0.3520703	0.6064026
21	20	17.83106	0.2392517	0.3499	0.6053977
21	20	17.84247	0.242038	0.3486562	0.6045268
21	20	17.85275	0.2439117	0.3474911	0.6033517
21	20	17.86482	0.2438172	0.3467656	0.602986
21	20	17.87521	0.243978	0.3456557	0.6029904
21	20	17.88673	0.241276	0.3449947	0.6036301
21	20	17.89837	0.2376761	0.3454733	0.6043892
21	20	17.9092	0.2342829	0.3455833	0.6054084
21	20	17.92028	0.2266513	0.3471013	0.6071177
21	20	17.93206	0.2211498	0.3483454	0.6080049
21	20	17.94352	0.2131203	0.3505177	0.6098787
21	20	17.95428	0.2033036	0.3517988	0.6121479
21	20	17.96601	0.1923264	0.3533461	0.6145482
21	20	17.97733	0.1808052	0.3552898	0.6173308
21	20	17.98774	0.1693215	0.3564696	0.6200999
21	20	17.99944	0.1556067	0.3581759	0.6230758
21	20	18.01116	0.1414769	0.3600476	0.6257558
21	20	18.02205	0.1264768	0.3619611	0.6284583
21	20	18.03294	0.1124074	0.3633553	0.6306292
21	20	18.04453	0.09613228	0.3647182	0.63247
21	20	18.05947	0.07927537	0.3660563	0.6345654
21	20	18.07188	0.06240797	0.3669784	0.6357906
21	20	18.08237	0.04552639	0.3677208	0.6366069
21	20	18.09377	0.02731848	0.3686575	0.6371238
21	20	18.10581	-0.00846231	0.3687236	0.6368898
21	20	18.11741	-0.0267508	0.3689651	0.6358795
21	20	18.12919	-0.04441118	0.3686477	0.6345954
21	20	18.14134	-0.06177223	0.3681862	0.6330842
21	20	18.15275	-0.07857263	0.368233	0.6309626
21	20	18.16502	-0.09418595	0.3674639	0.6282921
21	20	18.17595	-0.1099181	0.3667282	0.6252723
21	20	18.18669	-0.1236084	0.3656601	0.6216992
21	20	18.19858	-0.1372545	0.3644059	0.6195102
21	20	18.20901	-0.1494802	0.3624709	0.6169237
21	20	18.22086	-0.1603427	0.3613425	0.6138424
21	20	18.23225	-0.1699694	0.3604803	0.6119282
20	20	18.24349	-0.1808306	0.3588641	0.609472
20	20	18.25373	-0.1886398	0.357797	0.6078321
20	20	18.26455	-0.1959424	0.3561002	0.6063056
20	20	18.27555	-0.2039762	0.3542033	0.6049619
20	20	18.28512	-0.2103069	0.3527601	0.6031955
20	20	18.29728	-0.2151725	0.3510914	0.6015661
20	20	18.30762	-0.2194239	0.3494202	0.6003702
20	20	18.31783	-0.2228894	0.3480086	0.5992337
20	20	18.32904	-0.2248842	0.3471056	0.5983459
20	20	18.3422	-0.2282568	0.3457685	0.5976841
20	20	18.35379	-0.2293386	0.3445425	0.5977182
19	20	18.36951	-0.2299398	0.3432964	0.5977918
19	20	18.38133	-0.2312906	0.3419391	0.5978568
19	20	18.39075	-0.2301084	0.3404558	0.5984895
19	20	18.40467	-0.2303976	0.3391798	0.5991417
19	20	18.41627	-0.2289128	0.3379965	0.60008
19	20	18.42721	-0.2270089	0.3364844	0.601378
19	20	18.4392	-0.2229236	0.3338057	0.6044699
19	20	18.44958	-0.2229236	0.3338057	0.6044699
19	20	18.45946	-0.2212542	0.3322773	0.6055287
19	20	18.47242	-0.2184056	0.3309536	0.6067705
19	20	18.48321	-0.2149515	0.330056	0.6080289
18	20	18.49301	-0.2099963	0.3272674	0.610477
18	20	18.50424	-0.2099963	0.3272674	0.610477
18	20	18.51481	-0.2015562	0.3259153	0.6142079
18	20	18.53137	-0.1933464	0.324374	0.6176742
18	20	18.55334	-0.1848098	0.3224967	0.6207873
18	20	18.57562	-0.1751274	0.3212336	0.6234856
18	20	18.59876	-0.165911	0.3200203	0.6254073
17	20	18.6201	-0.1572604	0.3189517	0.6274674
17	20	18.64249	-0.1480386	0.3181936	0.6288738
17	20	18.66604	-0.1405631	0.3170623	0.6305947
17	20	18.6871	-0.1331307	0.3175941	0.6323783
17	20	18.70938	-0.1267736	0.3207623	0.6339051
16	20	18.73274	-0.1208256	0.3280813	0.6344662
16	20	18.75477	-0.1132185	0.3402766	0.6336066
16	20	18.77721	-0.1071963	0.3568782	0.6331006
16	20	18.80037	-0.1004063	0.3770716	0.633117
16	20	18.82248	-0.09283757	0.4069932	0.6310513
16	20	18.84376	-0.08268058	0.442026	0.6257846
16	21	18.86712	-0.07374394	0.4801382	0.6156852
16	21	18.88862	-0.06643701	0.5151336	0.6029439
16	21	18.91257	-0.05889809	0.5480578	0.5874361
16	21	18.93357	-0.05120063	0.5761797	0.570328
16	21	18.95488	-0.04491901	0.6007731	0.5573161
16	22	18.97835	-0.0393039	0.6163844	0.5444431
16	22	19.00055	-0.03606939	0.6270386	0.5339974
16	22	19.01231	-0.03454399	0.6318212	0.5297178
16	22	19.02339	-0.03408039	0.6337802	0.527136
16	22	19.03383	-0.03226542	0.635196	0.5236728
16	22	19.04581	-0.03195548	0.6341947	0.5226603
16	22	19.05562	-0.03250384	0.632751	0.5227792
16	22	19.06765	-0.03224111	0.6306955	0.5216844
16	22	19.07825	-0.03227043	0.6290064	0.5218264
16	22	19.08971	-0.03318703	0.6229107	0.5245022
16	23	19.1024	-0.03302789	0.6198905	0.5249639
16	23	19.11248	-0.0334481	0.6138136	0.5279138
16	23	19.12336	-0.03365707	0.6075029	0.5310987
16	23	19.1357	-0.03431547	0.6016026	0.5342962
16	23	19.14629	-0.0353446	0.5924914	0.540445
16	23	19.1563	-0.03570521	0.5856553	0.5447559
16	23	19.16961	-0.03693151	0.5771694	0.5503659
16	23	19.18024	-0.03690195	0.5691988	0.5557307
16	23	19.18961	-0.0363853	0.5618275	0.5600101
16	23	19.20152	-0.03662121	0.5530477	0.5650191
16	23	19.21332	-0.03629208	0.5446011	0.5696213
16	23	19.22363	-0.03612328	0.5356441	0.5750779
16	23	19.23549	-0.0367626	0.5267524	0.5801946
16	23	19.24707	-0.03648984	0.5187727	0.5847772
16	23	19.25744	-0.03650475	0.5104178	0.5897721
16	23	19.26807	-0.03739595	0.5015821	0.5936667
16	23	19.27934	-0.03750181	0.493521	0.5971547
16	23	19.29067	-0.03836322	0.4853344	0.6004212
16	23	19.3027	-0.0398922	0.4767795	0.6048323
16	23	19.31447	-0.04146612	0.4694149	0.6075658
16	23	19.3256	-0.04274201	0.4619339	0.6108928
16	23	19.33783	-0.04500449	0.4551224	0.6125839
16	23	19.34925	-0.04721749	0.4484004	0.6138228
16	23	19.36123	-0.05001152	0.4421949	0.6158198
16	23	19.37321	-0.05354512	0.4364918	0.6169206
16	23	19.3846	-0.05461752	0.4375534	0.6157343
16	23	19.39704	-0.05814922	0.4325716	0.6167986
16	23	19.40866	-0.06138599	0.4281297	0.6172634
16	23	19.41927	-0.06462061	0.4236662	0.6170204
16	23	19.43141	-0.06772768	0.4195447	0.6175714
16	23	19.44254	-0.07110441	0.4162825	0.6175539
16	23	19.45358	-0.07303715	0.4140829	0.6175301
16	23	19.46526	-0.07544231	0.4110904	0.6179211
16	23	19.47585	-0.07798803	0.408365	0.6180837
16	23	19.48653	-0.07860172	0.4071091	0.6183906
16	23	19.49829	-0.07938063	0.4050906	0.6187298
16	23	19.50868	-0.07866764	0.4040049	0.6190406
16	23	19.52007	-0.07641459	0.4034311	0.6201714
16	23	19.53175	-0.0725019	0.4030131	0.6213686
16	23	19.54266	-0.06884873	0.4024187	0.6230835
16	23	19.55382	-0.06392431	0.4023377	0.6252942
16	23	19.56607	-0.05958867	0.4013666	0.626893
16	23	19.57657	-0.05389225	0.4008884	0.6283469
16	23	19.58811	-0.04836583	0.4004974	0.630035
16	23	19.59946	-0.04076171	0.3999467	0.6312283
16	23	19.61051	-0.03239715	0.3995305	0.6322887
16	23	19.62111	-0.02441728	0.3992584	0.63362
16	23	19.63251	-0.01339293	0.3992356	0.6345804
16	23	19.64303	-0.003978014	0.3987346	0.6353716
16	23	19.65434	0.007148385	0.3984206	0.635277
17	23	19.66606	0.01682186	0.3971751	0.635932
17	23	19.67667	0.02794123	0.3961422	0.6358106
17	23	19.68776	0.03828275	0.3946638	0.6357301
17	23	19.69923	0.04929698	0.3927615	0.635584
17	23	19.71017	0.06100225	0.3910834	0.6352926
17	23	19.72102	0.07169735	0.3889726	0.634883
17	23	19.73325	0.08339429	0.3867199	0.6339828
17	23	19.74441	0.09486055	0.3844289	0.6334915
17	23	19.75488	0.1059246	0.3809298	0.6322032
17	23	19.76668	0.1169395	0.378261	0.630819
17	23	19.77678	0.1279395	0.3754255	0.6297418
18	23	19.78786	0.1381521	0.3722353	0.6277561
18	23	19.79932	0.1481218	0.3691461	0.6261339
18	23	19.81046	0.1575083	0.3656803	0.6242287
18	23	19.82125	0.1661569	0.3620903	0.6218319
18	23	19.83334	0.173631	0.3582801	0.6196535
18	23	19.84414	0.1817474	0.3549196	0.6176554
18	23	19.85527	0.1875153	0.3506083	0.6153754
18	23	19.86702	0.1939785	0.3469857	0.6134238
18	23	19.87988	0.1991241	0.343209	0.6118208
18	23	19.88939	0.2039818	0.3389561	0.6099077
19	23	19.90685	0.2090187	0.3352876	0.6080713
19	23	19.91794	0.2173085	0.3278614	0.6052998
19	23	19.92816	0.2201226	0.324421	0.603947
19	23	19.93923	0.2222446	0.3210081	0.6031253
19	23	19.95069	0.2249527	0.3172618	0.6020856
19	23	19.96024	0.2257816	0.3135825	0.6021358
19	23	19.97404	0.2260104	0.3100581	0.6021342
19	23	19.98529	0.2267863	0.3067123	0.6017905
19	23	19.995	0.2263589	0.3035654	0.6018443
19	23	20.00648	0.2256837	0.3009923	0.6019893
19	23	20.01814	0.2249708	0.2987242	0.6022785
19	24	20.0294	0.2235711	0.2969593	0.6030265
19	24	20.04085	0.2215043	0.2953345	0.603709
19	24	20.05145	0.2198811	0.293651	0.6042125
19	24	20.06128	0.2163767	0.2923218	0.6054835
19	24	20.07221	0.213034	0.2914745	0.6067973
19	24	20.08202	0.2096034	0.2918278	0.6080649
19	24	20.09128	0.2096034	0.2918278	0.6080649
19	24	20.10265	0.2061821	0.2925639	0.609464
19	24	20.1139	0.2026484	0.2931238	0.6107911
19	24	20.12359	0.1993756	0.294722	0.6120473
19	24	20.13528	0.1953187	0.2984881	0.6133006
19	24	20.14506	0.1902921	0.3040749	0.6143061
19	25	20.15514	0.18607	0.3084673	0.6150126
19	25	20.16642	0.1817445	0.3150433	0.6157988
19	25	20.17709	0.1767595	0.322075	0.6162759
19	25	20.18797	0.1722082	0.3303185	0.6161668
19	25	20.19903	0.1673996	0.3377265	0.6166166
19	25	20.21156	0.1620872	0.3467638	0.6163695
19	25	20.2218	0.1573775	0.3569505	0.6156243
19	25	20.23358	0.1523515	0.3674861	0.6148188
19	25	20.24404	0.1471035	0.3783023	0.6135938
19	25	20.25472	0.1421667	0.38989	0.6117865
19	25	20.26528	0.1371493	0.4013206	0.6097951
19	25	20.27697	0.1324503	0.4122039	0.607815
19	25	20.28771	0.1275778	0.4243344	0.6049407
19	25	20.29839	0.1234453	0.436234	0.6023189
19	25	20.30898	0.119307	0.448076	0.5996029
19	25	20.31894	0.1152081	0.4609145	0.5963341
19	25	20.32941	0.1112911	0.4730985	0.5923789
19	25	20.34076	0.1077697	0.4858696	0.5878837
19	25	20.35147	0.103893	0.4985435	0.5833437
19	25	20.363	0.09992778	0.5105981	0.5786315
19	25	20.37419	0.09672451	0.5229604	0.5731276
19	25	20.38528	0.09310579	0.5351803	0.5677558
19	25	20.39714	0.08995128	0.5464648	0.5615194
19	25	20.40912	0.08685362	0.5578493	0.5556477
19	25	20.41964	0.08353972	0.5683447	0.5494409
19	25	20.43064	0.08025956	0.5777832	0.5431906
19	25	20.44232	0.07754612	0.5869644	0.536792
19	25	20.45323	0.07421291	0.5949894	0.5309938
19	25	20.46444	0.07132101	0.6034646	0.5249145
19	25	20.47656	0.0686307	0.6097627	0.5191233
19	25	20.4893	0.06524611	0.6170188	0.5139805
19	25	20.50027	0.0621686	0.6226534	0.5081786
19	25	20.51184	0.05952311	0.6280946	0.5029961
19	25	20.5245	0.05656862	0.6322819	0.498371
19	25	20.53732	0.05382633	0.6373427	0.493238
19	25	20.54813	0.05176663	0.6408012	0.4889851
19	25	20.55789	0.04957342	0.6434221	0.4856147
19	25	20.56902	0.0478164	0.6458058	0.4821738
19	25	20.57972	0.04588389	0.6475459	0.4798354
19	25	20.58982	0.04397523	0.6486169	0.4781134
19	25	20.60104	0.04235399	0.6504881	0.4754503
19	25	20.61164	0.0408752	0.6509515	0.4739922
19	25	20.62204	0.03994668	0.6512443	0.4727153
19	25	20.63396	0.03885055	0.6517555	0.4712348
19	25	20.64594	0.03776348	0.6517594	0.4705963
19	25	20.65586	0.0376718	0.6500463	0.4725863
19	25	20.66745	0.03655648	0.6498251	0.471982
19	25	20.67861	0.03586054	0.6478097	0.4738237
19	25	20.68891	0.03527856	0.6465755	0.4747515
19	25	20.70042	0.03551376	0.6441506	0.4766885
19	25	20.71131	0.03518486	0.6420985	0.4778972
19	25	20.72214	0.03550148	0.63946	0.4800234
19	25	20.73485	0.0361414	0.6368552	0.4828198
19	25	20.74705	0.03659582	0.6338011	0.485778
19	25	20.75668	0.03697264	0.630854	0.4885406
19	25	20.76775	0.03770125	0.6269875	0.4918882
19	25	20.77816	0.0387187	0.6225797	0.4956555
19	25	20.78935	0.03963912	0.6178058	0.4997709
19	25	20.80123	0.04057992	0.6126698	0.5040927
19	25	20.81185	0.04158247	0.607607	0.5084244
19	25	20.82295	0.04261243	0.6024173	0.5129137
19	25	20.83508	0.04295862	0.5952538	0.5192132
19	25	20.84515	0.0440551	0.588321	0.5246738
19	25	20.85675	0.0443871	0.581607	0.530056
19	25	20.8684	0.04549074	0.5736678	0.5354037
19	25	20.87871	0.04687858	0.5645331	0.5413517
19	25	20.88989	0.0478828	0.5572456	0.5466044
19	25	20.90224	0.04876709	0.5475339	0.5528241
19	25	20.91245	0.05020118	0.5370054	0.5595729
19	25	20.92398	0.0506568	0.5258681	0.5667859
19	25	20.93674	0.05122781	0.5142012	0.5736619
19	25	20.95456	0.05224001	0.5017451	0.5804499
19	25	20.96663	0.05371606	0.4755543	0.5938177
19	25	20.97719	0.05477011	0.4611415	0.5999428
19	25	20.98804	0.05513549	0.4457656	0.6060452
19	25	21.00002	0.05574751	0.4300528	0.6113622
19	25	21.01136	0.05621147	0.4144894	0.6172634
19	25	21.02232	0.05659342	0.3974569	0.6231927
19	25	21.03397	0.05766916	0.3806281	0.6285694
19	25	21.04472	0.05855358	0.3640541	0.6334677
19	25	21.05423	0.06004608	0.346781	0.6375316
19	25	21.06354	0.06114912	0.3288018	0.6416204
19	25	21.07578	0.06210756	0.3108333	0.6447608
19	25	21.08591	0.06210756	0.3108333	0.6447608
19	25	21.09653	0.06305158	0.292848	0.6473162
19	25	21.109	0.06401527	0.2572491	0.6510422
19	25	21.11854	0.06401527	0.2572491	0.6510422
19	25	21.12868	0.06454968	0.2394667	0.6512609
19	25	21.13988	0.06459057	0.2215264	0.6519549
19	25	21.15057	0.06519365	0.2038841	0.6526595
19	25	21.16014	0.065359	0.1862283	0.6522808
19	25	21.17234	0.06484199	0.1688901	0.6509545
19	24	21.18711	0.06400657	0.1359845	0.6458148
19	24	21.20032	0.06348324	0.1202303	0.6441475
19	24	21.21173	0.06274855	0.1051272	0.6412694
19	24	21.22195	0.06278753	0.09048438	0.6383623
19	24	21.23353	0.06194377	0.0763061	0.6354074
19	24	21.24408	0.06106746	0.06310964	0.6323051
19	24	21.25418	0.06025028	0.05058432	0.62923
19	24	21.26425	0.06025028	0.05058432	0.62923
19	24	21.27638	0.05940259	0.02842522	0.6231655
19	24	21.28675	0.05940259	0.02842522	0.6231655
19	24	21.30312	0.05982578	0.01200652	0.616873
