x	y	time
15	11	0.1029287
15	11	0.1293374
15	11	0.1444604
15	11	0.1566756
15	11	0.1688075
15	11	0.1810282
15	11	0.1928107
15	11	0.2041058
15	11	0.2266256
15	11	0.2484848
15	11	0.2707029
15	11	0.2984147
15	11	0.3152597
15	11	0.3371905
15	11	0.3606223
15	11	0.3819305
15	11	0.4044386
15	11	0.4275516
15	11	0.454818
15	11	0.4716322
15	11	0.4942389
15	11	0.5161557
15	11	0.5385391
15	11	0.5615768
15	11	0.583902
15	11	0.6112894
15	11	0.6287886
15	11	0.6504246
15	11	0.6728994
15	11	0.6953566
15	11	0.7124478
15	11	0.7256694
15	11	0.7382777
15	11	0.7570128
15	11	0.7703475
15	11	0.7829007
15	11	0.7948836
15	11	0.8076843
15	11	0.8206568
15	11	0.83312
15	11	0.8455011
15	11	0.8582269
15	11	0.870795
15	11	0.8832933
15	11	0.8954571
15	11	0.9135646
15	11	0.9262364
15	11	0.9390018
15	11	0.9514633
15	11	0.9653331
15	11	0.9777534
15	11	0.9914169
15	11	1.005039
15	11	1.018921
15	11	1.033244
15	11	1.049346
15	11	1.071971
15	11	1.086693
15	11	1.101348
15	11	1.12122
15	11	1.142845
15	11	1.165338
15	11	1.188085
15	11	1.210147
15	11	1.23656
15	11	1.25384
15	11	1.275832
15	11	1.298767
15	11	1.320673
15	11	1.343115
15	11	1.366186
15	11	1.3936
15	11	1.410507
15	11	1.432417
15	11	1.454906
15	11	1.476727
15	11	1.499548
15	11	1.522218
15	11	1.550506
15	11	1.562809
15	11	1.575707
15	11	1.590385
15	11	1.605592
15	11	1.618701
15	11	1.631166
15	11	1.643781
15	11	1.656205
15	11	1.66954
15	11	1.682481
15	11	1.701262
15	11	1.713092
15	11	1.724461
15	11	1.736079
15	11	1.748262
15	11	1.761466
15	11	1.773147
15	11	1.787726
15	11	1.800178
15	11	1.812883
15	11	1.825282
15	11	1.838081
15	11	1.856658
15	11	1.869697
15	11	1.881995
15	11	1.894257
15	11	1.911071
15	11	1.924504
15	11	1.946009
15	11	1.967861
15	11	1.990581
15	11	2.018277
15	11	2.036251
15	11	2.05803
15	11	2.082054
15	11	2.10259
15	11	2.12573
15	11	2.147838
15	11	2.175467
15	11	2.192009
15	11	2.214358
15	11	2.236775
15	11	2.261304
15	11	2.28209
15	11	2.304168
15	11	2.33487
15	11	2.35057
15	11	2.365826
15	11	2.380419
15	11	2.396722
15	11	2.409293
15	11	2.423168
15	11	2.436174
15	11	2.448727
15	11	2.462451
15	11	2.482119
15	11	2.49564
15	11	2.5086
15	11	2.521297
15	11	2.534229
15	11	2.54725
15	11	2.559697
15	11	2.572933
15	11	2.586272
15	11	2.600016
15	11	2.613247
15	11	2.631914
15	11	2.645032
15	11	2.658702
15	11	2.671329
15	11	2.684582
15	11	2.697266
15	11	2.709525
15	11	2.727949
15	11	2.752039
15	11	2.774438
15	11	2.803451
15	11	2.818696
15	11	2.839948
15	11	2.862575
15	11	2.885502
15	11	2.90731
15	11	2.930123
15	11	2.958847
15	11	2.974398
15	11	2.996352
15	11	3.018684
15	11	3.04059
15	11	3.063212
15	11	3.085997
15	11	3.114599
15	11	3.12992
15	11	3.152137
15	11	3.174862
15	11	3.188331
15	11	3.201708
15	11	3.214558
15	11	3.226738
15	11	3.23973
15	11	3.259166
15	11	3.271403
15	11	3.288821
15	11	3.301744
15	11	3.314444
15	11	3.327199
15	11	3.339639
15	11	3.352514
15	11	3.366386
15	11	3.382157
15	11	3.396997
15	11	3.417201
15	11	3.431099
15	11	3.443931
15	11	3.45724
15	11	3.470454
15	11	3.482724
15	11	3.495678
15	11	3.508331
15	11	3.520367
15	11	3.532349
15	11	3.54431
15	11	3.566242
15	11	3.593949
15	11	3.611321
15	11	3.6328
15	11	3.655627
15	11	3.677905
15	11	3.700271
15	11	3.722738
15	11	3.749975
16	11	3.767473
16	11	3.789221
16	11	3.812564
16	11	3.836509
16	11	3.85893
16	11	3.879633
17	11	3.909912
17	11	3.929831
17	11	3.951234
17	11	3.968763
17	11	3.990846
18	11	4.012755
18	11	4.026408
18	11	4.04156
18	11	4.064833
18	11	4.082683
18	11	4.097095
18	11	4.111134
18	11	4.125517
19	11	4.138566
19	11	4.151314
19	11	4.164271
19	11	4.178712
19	11	4.195123
19	11	4.219069
19	11	4.23438
19	11	4.246994
20	11	4.259704
20	11	4.271935
20	11	4.290843
20	11	4.307704
20	11	4.32349
20	11	4.336864
20	11	4.349601
20	11	4.371052
21	11	4.386799
21	11	4.398787
21	11	4.412259
21	11	4.426645
21	11	4.44229
21	11	4.459702
21	11	4.481526
22	11	4.504979
22	11	4.535234
22	11	4.558607
22	11	4.574126
22	11	4.593843
22	11	4.616247
23	11	4.637851
23	11	4.661
23	11	4.689941
23	11	4.708305
23	11	4.727187
24	11	4.750011
24	11	4.772571
24	11	4.795177
24	11	4.820787
24	11	4.847903
24	11	4.865311
25	11	4.883505
25	11	4.896701
25	11	4.912304
25	11	4.930649
25	11	4.945132
25	11	4.96167
25	11	4.977974
26	11	5.005141
26	11	5.026028
26	11	5.045507
26	11	5.061301
26	11	5.075911
26	11	5.089256
26	11	5.103529
27	11	5.116551
27	11	5.129452
27	11	5.152732
27	11	5.170818
27	11	5.18486
27	11	5.198102
27	11	5.210275
27	11	5.223414
27	11	5.237478
27	11	5.249397
27	11	5.263548
27	11	5.275706
27	10	5.289278
27	10	5.31049
27	10	5.32718
27	10	5.34144
27	10	5.363831
27	10	5.386297
27	9	5.408201
27	9	5.430947
27	9	5.45458
27	9	5.483733
27	9	5.501098
27	9	5.520718
27	8	5.542506
27	8	5.565833
27	8	5.589755
27	8	5.611644
27	8	5.641943
27	8	5.659382
27	8	5.676566
27	8	5.699616
27	8	5.721524
27	8	5.743953
26	8	5.766915
26	8	5.789678
26	8	5.806546
26	8	5.825084
26	8	5.837956
26	8	5.850272
26	8	5.862503
26	8	5.875606
25	8	5.88871
25	8	5.90584
25	8	5.919649
25	8	5.941762
25	8	5.958066
25	8	5.971076
25	8	5.983277
25	8	5.995597
25	8	6.008146
25	7	6.022028
25	7	6.034228
25	7	6.047618
25	7	6.062728
25	7	6.079363
25	7	6.101532
25	7	6.118269
25	7	6.130968
25	6	6.142777
25	6	6.154642
25	6	6.168455
25	6	6.192533
25	6	6.21664
25	6	6.237139
25	5	6.267979
25	5	6.28573
25	5	6.30822
25	5	6.325288
25	5	6.347467
25	5	6.369099
26	5	6.39211
26	5	6.422395
26	5	6.439278
26	5	6.458995
26	5	6.480875
27	5	6.50351
27	5	6.525159
27	5	6.548316
27	5	6.578191
27	5	6.594835
27	5	6.614745
27	5	6.637151
27	5	6.648953
27	5	6.660782
27	5	6.67253
27	5	6.684772
27	5	6.696613
27	4	6.709754
27	4	6.728689
27	4	6.742153
27	4	6.758217
27	4	6.775952
27	4	6.790224
27	4	6.804567
27	4	6.819059
27	3	6.833062
27	3	6.846861
27	3	6.860743
27	3	6.882742
27	3	6.897379
27	3	6.909262
27	3	6.92295
27	3	6.936101
27	2	6.948455
27	2	6.961002
27	2	6.973925
27	2	6.988164
27	2	7.007984
27	2	7.028407
27	2	7.058446
27	2	7.077052
27	2	7.094926
27	2	7.118443
27	2	7.141356
27	2	7.163147
27	2	7.186403
26	2	7.213986
26	2	7.231136
26	2	7.255002
26	2	7.276362
26	2	7.296659
26	2	7.318746
25	2	7.341269
25	2	7.37124
25	2	7.391094
25	2	7.408982
25	2	7.431212
24	2	7.454062
24	2	7.476009
24	2	7.493564
24	2	7.518976
24	2	7.537063
24	2	7.55163
24	2	7.565239
23	2	7.578475
23	2	7.593013
23	2	7.609097
23	2	7.624842
23	2	7.637382
23	2	7.65027
23	2	7.67182
23	2	7.686953
22	2	7.699624
22	2	7.711555
22	2	7.725791
22	2	7.741119
22	2	7.756215
22	2	7.771131
22	2	7.787144
22	2	7.801283
22	3	7.825804
22	3	7.842605
22	3	7.860685
22	3	7.874499
22	3	7.887692
22	3	7.899943
22	3	7.911628
22	3	7.932364
22	4	7.95543
22	4	7.985541
22	4	8.003699
22	4	8.022301
22	4	8.044538
22	5	8.067848
22	5	8.090206
22	5	8.113856
22	5	8.143458
22	5	8.159285
23	5	8.178069
23	5	8.201359
23	5	8.224314
23	5	8.247695
23	5	8.270638
23	5	8.299325
24	5	8.315466
24	5	8.338514
24	5	8.358991
24	5	8.374946
24	5	8.389057
24	5	8.402103
24	5	8.414436
25	5	8.427017
25	5	8.447948
25	5	8.466509
25	5	8.486379
25	5	8.501275
25	5	8.515004
25	5	8.527721
25	5	8.541483
26	5	8.555486
26	5	8.568553
26	5	8.582543
26	5	8.60282
26	5	8.615784
26	5	8.629973
26	5	8.642608
26	5	8.656504
27	5	8.670561
27	5	8.68258
27	5	8.695042
27	5	8.706845
27	5	8.718431
27	5	8.737124
27	5	8.766163
27	5	8.78166
27	4	8.804848
27	4	8.826272
27	4	8.848043
27	4	8.871059
27	4	8.89361
27	3	8.921497
27	3	8.938574
27	3	8.960802
27	3	8.983365
27	3	9.005537
27	3	9.028086
27	2	9.050503
27	2	9.080696
27	2	9.097349
27	2	9.117648
27	2	9.139451
27	2	9.161067
27	2	9.184505
27	2	9.206086
27	2	9.22408
27	2	9.238232
27	2	9.250877
27	2	9.263503
27	2	9.275597
27	2	9.288886
27	2	9.300671
27	2	9.313822
27	2	9.326272
27	2	9.338941
27	2	9.351325
27	2	9.364272
27	2	9.383311
27	2	9.396302
27	2	9.408287
27	2	9.421394
27	2	9.433469
27	2	9.445975
27	2	9.458766
27	2	9.470965
27	2	9.484279
27	2	9.496556
27	2	9.509375
27	2	9.523011
27	2	9.540562
27	2	9.55225
27	2	9.564292
26	2	9.587326
26	2	9.609271
26	2	9.631516
26	2	9.653559
26	2	9.676201
25	2	9.702991
25	2	9.720786
25	2	9.742752
25	2	9.764908
25	2	9.787745
25	2	9.809519
24	2	9.832196
24	2	9.860252
24	2	9.876875
24	2	9.898535
24	2	9.921241
23	2	9.94385
23	2	9.965834
23	2	9.988969
23	2	10.01662
23	2	10.03349
23	2	10.04613
22	2	10.05912
22	2	10.07204
22	2	10.08827
22	2	10.10198
22	2	10.1149
22	2	10.12805
22	2	10.14149
22	2	10.16056
22	2	10.17367
21	2	10.18674
21	2	10.19932
21	2	10.21222
21	2	10.22873
21	2	10.24372
21	2	10.25696
21	2	10.26949
21	2	10.28236
21	2	10.29601
20	2	10.31794
20	2	10.33449
20	2	10.35206
20	2	10.36753
20	2	10.37997
20	2	10.39248
20	2	10.41199
19	2	10.43446
19	2	10.45815
19	2	10.48825
19	2	10.50588
19	2	10.5245
18	2	10.54653
18	2	10.56891
18	2	10.59168
18	2	10.61643
18	2	10.64366
18	2	10.66305
17	2	10.68019
17	2	10.70319
17	2	10.72772
17	2	10.74967
17	2	10.77235
16	2	10.80333
16	2	10.82222
16	2	10.84061
16	2	10.86069
16	2	10.88358
16	2	10.89735
16	3	10.91141
16	3	10.92718
16	3	10.9532
16	3	10.97126
16	3	10.98503
16	3	10.99813
16	3	11.01139
16	3	11.02495
16	4	11.03756
16	4	11.05011
16	4	11.06438
16	4	11.09084
16	4	11.11312
16	4	11.1291
16	4	11.14186
16	4	11.1549
16	5	11.16755
16	5	11.18106
16	5	11.19696
16	5	11.21272
16	5	11.2268
16	5	11.23949
16	5	11.25362
16	5	11.2751
17	5	11.28995
17	5	11.30314
17	5	11.31973
17	5	11.34171
17	5	11.36232
17	5	11.38477
18	5	11.40836
18	5	11.43743
18	5	11.45604
18	5	11.47695
18	5	11.4968
18	5	11.51939
19	5	11.54094
19	5	11.56391
19	5	11.59488
19	5	11.61125
19	5	11.6307
19	6	11.65411
19	6	11.67645
19	6	11.69898
19	6	11.72311
19	6	11.7505
19	6	11.76695
19	6	11.78072
19	6	11.79617
19	6	11.81454
19	6	11.83233
19	6	11.84588
19	6	11.86109
19	6	11.87439
19	7	11.89734
19	7	11.91294
19	7	11.92782
19	7	11.94386
19	7	11.96035
19	7	11.97285
19	7	11.98501
19	7	11.99759
19	7	12.01003
19	7	12.02343
19	7	12.03694
18	7	12.05753
18	7	12.074
18	7	12.08874
18	7	12.10413
18	7	12.11875
18	7	12.13108
18	7	12.14398
18	7	12.16608
17	7	12.18946
17	7	12.22006
17	7	12.23841
17	7	12.25619
17	7	12.27821
17	7	12.29942
16	7	12.3235
16	7	12.34533
16	7	12.3839
16	7	12.40005
16	7	12.41386
16	7	12.4354
16	8	12.4578
16	8	12.47954
16	8	12.50316
16	8	12.53455
16	8	12.55146
16	8	12.56861
16	9	12.59045
16	9	12.61313
16	9	12.62981
16	9	12.64633
16	9	12.65969
16	9	12.68226
16	9	12.69776
16	10	12.70947
16	10	12.7222
16	10	12.73458
16	10	12.74742
16	10	12.76041
16	10	12.77286
16	10	12.78499
16	10	12.79723
16	10	12.80999
16	9	12.82803
16	9	12.84152
16	9	12.85421
16	9	12.86681
16	9	12.87973
16	9	12.89272
16	9	12.90673
16	9	12.91928
16	9	12.93148
16	8	12.94854
16	8	12.96412
16	8	12.9847
16	8	12.99904
16	8	13.01222
16	8	13.02653
16	8	13.04825
16	7	13.07063
16	7	13.0929
16	7	13.11562
16	7	13.14331
16	7	13.16096
16	7	13.18226
16	7	13.20417
16	7	13.22683
16	7	13.24959
16	7	13.27201
16	7	13.29966
16	7	13.31618
16	7	13.33892
16	7	13.36095
16	7	13.38359
16	7	13.40624
16	7	13.42967
16	7	13.45765
16	7	13.46994
16	7	13.48262
16	7	13.49508
16	7	13.50814
16	7	13.52293
16	7	13.53727
16	7	13.55057
16	7	13.56294
16	7	13.57537
16	7	13.58805
16	7	13.60666
16	7	13.61928
16	7	13.63152
16	7	13.64932
16	7	13.66196
16	7	13.67451
16	7	13.68733
16	7	13.6997
16	7	13.71197
16	7	13.72545
16	7	13.73712
16	7	13.75005
16	7	13.76779
16	7	13.77987
16	7	13.79274
16	7	13.80839
16	7	13.83059
16	7	13.85227
16	7	13.87477
16	7	13.89742
16	7	13.92112
16	7	13.94761
16	7	13.9649
16	7	13.987
16	7	14.00944
16	7	14.03149
16	7	14.0541
16	7	14.07736
17	7	14.10471
17	7	14.1217
17	7	14.14448
17	7	14.16597
17	7	14.18885
17	7	14.21031
18	7	14.23264
18	7	14.26202
18	7	14.27825
18	7	14.30098
18	7	14.31515
18	7	14.32994
19	7	14.34368
19	7	14.35715
19	7	14.37069
19	7	14.38313
19	7	14.40739
19	7	14.42021
19	7	14.43276
19	7	14.44539
20	7	14.45843
20	7	14.47086
20	7	14.48373
20	7	14.49954
20	7	14.51451
20	7	14.52717
20	7	14.54058
20	7	14.56154
20	7	14.57711
21	7	14.59006
21	7	14.6036
21	7	14.61967
21	7	14.63488
21	7	14.64792
21	7	14.65956
21	7	14.67138
21	7	14.69106
22	7	14.7212
22	7	14.74002
22	7	14.76062
22	7	14.77923
22	7	14.80164
22	7	14.82557
22	7	14.8469
22	7	14.87713
22	7	14.89517
22	7	14.91435
22	8	14.93616
22	8	14.95924
22	8	14.98166
22	8	15.00571
22	8	15.03479
22	8	15.05327
22	9	15.07201
22	9	15.09359
22	9	15.11734
22	9	15.13975
22	9	15.16049
22	10	15.19102
22	10	15.20735
22	10	15.22089
22	10	15.23597
22	10	15.2488
22	10	15.26191
22	10	15.27558
22	10	15.28726
22	9	15.30013
22	9	15.31321
22	9	15.33303
22	9	15.34523
22	9	15.35875
22	9	15.37123
22	9	15.38284
22	9	15.39583
22	9	15.40912
22	8	15.42231
22	8	15.43478
22	8	15.44755
22	8	15.46054
22	8	15.47341
22	8	15.4923
22	8	15.50495
22	8	15.51679
22	8	15.5289
22	8	15.541
22	7	15.56157
22	7	15.58393
22	7	15.60648
22	7	15.62924
22	7	15.6575
22	6	15.67391
22	6	15.69598
22	6	15.71916
22	6	15.74318
22	6	15.76596
22	6	15.78587
22	6	15.81623
22	6	15.83402
22	6	15.85696
22	6	15.87608
22	6	15.89716
22	5	15.92013
22	5	15.94284
22	5	15.97313
22	5	15.98966
22	5	16.00866
22	5	16.021
22	5	16.0331
22	4	16.04504
22	4	16.05811
22	4	16.07175
22	4	16.0854
22	4	16.09878
22	4	16.1166
22	4	16.12945
22	4	16.14091
22	4	16.153
22	5	16.16541
22	5	16.17776
22	5	16.19093
22	5	16.20383
22	5	16.21681
22	5	16.23336
22	5	16.24709
22	5	16.25964
22	6	16.27799
22	6	16.29134
22	6	16.30366
22	6	16.31667
22	6	16.32872
22	6	16.34143
22	6	16.35365
22	6	16.36693
22	6	16.38099
22	6	16.39997
22	7	16.42336
22	7	16.44985
22	7	16.467
22	7	16.48866
22	7	16.5113
22	7	16.53308
22	7	16.55577
22	7	16.57857
22	7	16.60607
22	7	16.62365
22	8	16.64505
22	8	16.6678
22	8	16.69007
22	8	16.71226
22	8	16.73488
22	8	16.76272
22	9	16.77967
22	9	16.8014
22	9	16.82483
22	9	16.84645
22	9	16.86825
22	10	16.89133
22	10	16.90948
22	10	16.9259
22	10	16.9408
22	10	16.9555
22	10	16.96837
22	10	16.98212
22	10	16.99499
22	10	17.00739
22	11	17.01993
22	11	17.03186
22	11	17.04577
22	11	17.06719
22	11	17.0837
22	11	17.0964
22	11	17.10903
22	11	17.12068
22	11	17.13264
22	12	17.14505
22	12	17.15886
22	12	17.17354
22	12	17.18905
22	12	17.20228
22	12	17.22336
22	12	17.23874
22	12	17.25103
22	13	17.26431
22	13	17.28284
22	13	17.30506
22	13	17.33053
22	13	17.35249
22	14	17.37922
22	14	17.39681
22	14	17.41664
22	14	17.44013
22	14	17.46307
22	14	17.48275
22	15	17.50548
22	15	17.5414
22	15	17.55935
22	15	17.57681
22	15	17.59602
22	15	17.61862
22	17	17.63972
22	17	17.66331
22	17	17.69346
22	17	17.71058
22	17	17.72901
22	17	17.74254
23	17	17.7568
23	17	17.77208
23	17	17.78691
23	17	17.80261
23	17	17.81577
23	17	17.83625
23	17	17.85146
23	17	17.86357
24	17	17.87601
24	17	17.88774
24	17	17.90134
24	17	17.91666
24	17	17.93199
24	17	17.94468
24	17	17.95955
24	17	17.97288
25	17	17.99404
25	17	18.00944
25	17	18.02299
25	17	18.03882
25	17	18.05339
25	17	18.06622
25	17	18.08319
25	17	18.09907
26	17	18.12053
26	17	18.14195
26	17	18.17368
26	17	18.19093
26	17	18.2095
26	17	18.23152
27	17	18.25395
27	17	18.2777
27	17	18.30112
27	17	18.32957
27	17	18.34625
27	17	18.36541
27	17	18.38726
27	17	18.40971
27	17	18.43151
27	17	18.45613
27	17	18.48241
27	17	18.49998
27	17	18.52171
27	17	18.54439
27	17	18.56635
27	17	18.58876
27	17	18.60135
27	17	18.61408
27	17	18.63214
27	17	18.64407
27	17	18.65706
27	17	18.67092
27	17	18.68578
27	17	18.69957
27	17	18.71163
27	17	18.72459
27	17	18.73623
27	17	18.74814
27	17	18.76026
27	17	18.77174
27	17	18.79021
27	17	18.80313
27	17	18.82064
27	17	18.8325
27	17	18.84467
27	17	18.85702
27	17	18.86887
27	17	18.88058
27	17	18.89286
27	17	18.90536
27	17	18.91716
27	17	18.93052
27	17	18.94698
27	17	18.96108
27	17	18.97911
27	17	19.00128
27	17	19.02425
27	17	19.04598
27	17	19.06846
27	17	19.09145
27	17	19.11929
27	17	19.13607
27	17	19.15828
27	17	19.18075
27	17	19.20294
27	17	19.22536
27	17	19.2479
27	17	19.27477
27	17	19.29474
27	17	19.31554
27	17	19.33753
27	17	19.35932
27	17	19.38149
27	17	19.40369
27	17	19.43215
27	17	19.44339
27	17	19.45596
27	17	19.46814
27	17	19.47942
27	17	19.49173
27	17	19.5033
27	17	19.51509
27	17	19.52707
27	17	19.53891
27	17	19.55124
27	17	19.56375
27	17	19.58252
27	17	19.59465
27	17	19.60695
27	17	19.619
27	17	19.63092
27	17	19.64239
27	17	19.65549
27	16	19.66715
27	16	19.68007
27	16	19.69568
27	16	19.71041
27	16	19.72394
27	16	19.74642
27	16	19.76158
27	16	19.77382
27	15	19.78539
27	15	19.79915
27	15	19.81973
27	15	19.84306
27	15	19.86435
27	15	19.884
27	14	19.91452
27	14	19.93248
27	14	19.9541
27	14	19.97383
27	14	19.99641
27	14	20.01907
27	14	20.04115
27	14	20.07149
27	14	20.09193
27	14	20.10876
26	14	20.13033
26	14	20.1525
26	14	20.17522
26	14	20.19935
26	14	20.22822
26	14	20.2444
25	14	20.26455
25	14	20.28706
25	14	20.31112
25	14	20.32942
25	14	20.34332
25	14	20.35649
25	14	20.37821
25	14	20.39307
25	14	20.40496
25	14	20.41732
25	14	20.43009
25	14	20.46592
25	14	20.47885
25	14	20.49618
25	14	20.50905
25	14	20.52715
25	14	20.53982
26	14	20.5516
26	14	20.56476
26	14	20.57675
26	14	20.58918
26	14	20.6016
26	14	20.61449
26	14	20.62717
26	14	20.63943
26	14	20.65202
26	14	20.66449
27	14	20.68262
27	14	20.69554
27	14	20.7077
27	14	20.72219
27	14	20.74404
27	14	20.76648
27	14	20.7887
27	14	20.81115
27	14	20.83413
27	14	20.86145
27	14	20.87851
27	14	20.90145
27	14	20.92344
27	14	20.94568
27	14	20.96829
27	14	20.99339
27	14	21.02169
27	14	21.03662
27	14	21.05688
27	14	21.07975
26	14	21.10163
26	14	21.12475
26	14	21.14641
26	14	21.17448
26	14	21.18593
26	14	21.19817
26	14	21.21075
25	14	21.22271
25	14	21.23543
25	14	21.24744
25	14	21.25962
25	14	21.27171
25	14	21.28401
25	14	21.29831
25	14	21.31574
25	14	21.32935
25	14	21.34133
25	14	21.35372
25	14	21.37113
25	14	21.38356
25	14	21.39606
25	14	21.40731
25	14	21.41932
25	14	21.43138
25	14	21.44267
25	14	21.45658
25	14	21.47762
25	14	21.49028
25	14	21.50182
25	14	21.51293
25	14	21.52618
25	14	21.5484
25	14	21.5708
26	14	21.59363
26	14	21.61608
26	14	21.64345
26	14	21.66103
26	14	21.68277
26	14	21.70441
27	14	21.72739
27	14	21.74992
27	14	21.77247
27	14	21.80082
27	14	21.81691
27	14	21.83891
27	14	21.86181
27	14	21.88334
27	14	21.90553
27	14	21.92904
27	14	21.9575
27	14	21.97356
27	14	21.99536
27	14	22.00782
27	14	22.02066
27	14	22.03258
27	14	22.0444
27	14	22.05655
27	14	22.07135
27	14	22.08526
27	14	22.10525
27	14	22.11737
27	14	22.13048
27	14	22.1429
27	14	22.15614
27	14	22.16893
27	14	22.1806
26	14	22.1929
26	14	22.20447
26	14	22.21612
26	14	22.22861
26	14	22.24125
26	14	22.25907
26	14	22.27162
26	14	22.28337
26	14	22.29527
26	14	22.30686
25	14	22.31861
25	14	22.33114
25	14	22.34336
25	14	22.36403
25	14	22.38611
25	14	22.40878
25	14	22.43659
25	14	22.4536
25	14	22.47556
25	14	22.49835
25	14	22.52289
25	14	22.54238
25	14	22.56541
25	14	22.59357
25	14	22.60969
25	14	22.63218
25	14	22.66333
25	14	22.67783
25	14	22.69967
25	14	22.72166
25	14	22.74802
25	14	22.76618
25	14	22.78785
25	14	22.81067
25	14	22.83313
25	14	22.8556
25	14	22.86776
25	13	22.87994
25	13	22.89793
25	13	22.91009
25	13	22.92477
25	13	22.94114
25	13	22.95334
25	13	22.9676
25	13	22.97998
25	13	22.99271
25	12	23.0054
25	12	23.01895
25	12	23.03284
25	12	23.05406
25	12	23.06873
25	12	23.08186
25	12	23.09469
25	12	23.1067
25	12	23.11829
25	11	23.13128
25	11	23.14351
25	11	23.15593
25	11	23.1703
25	11	23.18571
25	11	23.20489
25	11	23.21832
25	11	23.23555
25	11	23.25774
25	11	23.2799
25	11	23.30189
25	11	23.32463
25	11	23.34796
25	11	23.37487
25	11	23.39151
25	11	23.41419
25	11	23.43641
25	11	23.45859
25	11	23.48153
25	11	23.50294
25	11	23.53096
25	11	23.54788
25	11	23.57023
25	11	23.59221
25	11	23.61547
25	11	23.63692
25	11	23.65981
25	11	23.68761
25	11	23.70455
25	11	23.71679
25	11	23.72934
25	11	23.74371
25	11	23.75911
25	11	23.77299
25	11	23.7867
25	11	23.8005
25	11	23.81413
25	11	23.83211
25	11	23.84404
25	11	23.85653
25	11	23.86926
25	11	23.88168
25	11	23.89375
25	11	23.90612
25	11	23.91812
25	11	23.93558
25	11	23.94766
25	11	23.96019
25	11	23.97329
25	12	23.99185
25	12	24.0044
25	12	24.01703
25	12	24.03075
25	12	24.04387
25	12	24.05516
25	12	24.06676
25	12	24.08421
25	13	24.10592
25	13	24.12817
25	13	24.15681
25	13	24.17406
25	13	24.19585
25	13	24.21822
25	14	24.24014
25	14	24.26302
25	14	24.28502
25	14	24.31311
25	14	24.33085
26	14	24.35198
26	14	24.37535
26	14	24.39899
26	14	24.41955
26	14	24.44287
27	14	24.47004
27	14	24.48676
27	14	24.50842
27	14	24.53172
27	14	24.55467
27	14	24.56669
27	14	24.5786
27	14	24.59215
27	14	24.60405
27	14	24.62129
27	14	24.63417
27	14	24.64646
27	14	24.65925
27	14	24.67132
27	14	24.6828
27	14	24.6963
27	14	24.70807
27	15	24.71987
27	15	24.73228
27	15	24.74463
27	15	24.75744
27	15	24.77572
27	15	24.79618
27	15	24.80821
27	15	24.82057
27	15	24.83227
27	16	24.84499
27	16	24.86071
27	16	24.87508
27	16	24.8881
27	16	24.90083
27	16	24.91331
27	16	24.93237
27	16	24.94277
27	17	24.95683
27	17	24.97725
27	17	24.99991
27	17	25.02205
27	17	25.04586
27	17	25.06655
27	18	25.09447
27	18	25.11197
27	18	25.1365
27	18	25.159
27	18	25.17876
27	19	25.20084
27	19	25.22412
27	19	25.25443
27	19	25.27294
27	19	25.29116
27	19	25.31354
27	20	25.33482
27	20	25.3581
27	20	25.38302
27	20	25.40983
27	20	25.428
27	20	25.44141
27	20	25.45521
27	20	25.46795
27	20	25.48038
26	20	25.49261
26	20	25.50514
26	20	25.51825
26	20	25.53363
26	20	25.55552
26	20	25.56991
26	20	25.58219
26	20	25.59407
26	20	25.60613
25	20	25.61854
25	20	25.63072
25	20	25.64315
25	20	25.65886
25	20	25.67578
25	20	25.68847
25	20	25.70995
25	20	25.72489
25	20	25.73729
25	20	25.74824
25	20	25.76016
25	20	25.78142
25	20	25.80324
25	20	25.82665
25	20	25.84908
25	20	25.87589
25	21	25.89343
25	21	25.91592
25	21	25.94058
25	21	25.96497
25	21	25.98546
25	21	26.00522
25	22	26.03484
25	22	26.05623
25	22	26.0765
25	22	26.09507
25	22	26.11787
25	23	26.13984
25	23	26.16325
25	23	26.19539
25	23	26.21611
25	23	26.23102
25	23	26.25262
26	23	26.27485
26	23	26.28867
26	23	26.30505
26	23	26.32275
26	23	26.34359
26	23	26.35818
26	23	26.36976
27	23	26.38164
27	23	26.39349
27	23	26.40586
27	23	26.42111
27	23	26.43547
27	23	26.44807
27	23	26.45992
27	23	26.47204
27	23	26.48484
27	23	26.51011
27	23	26.52528
27	23	26.53695
27	23	26.54854
27	23	26.56063
27	23	26.57603
27	23	26.59238
27	23	26.60843
27	23	26.62136
27	23	26.63502
27	23	26.65238
27	24	26.66543
27	24	26.6864
27	24	26.7091
27	24	26.73353
27	24	26.75731
27	24	26.77674
27	25	26.79916
27	25	26.82977
27	25	26.84733
27	25	26.86571
27	25	26.8875
27	26	26.91023
27	26	26.93259
27	26	26.9558
27	26	26.98485
27	26	27.00247
27	26	27.02204
27	27	27.04442
27	27	27.06785
27	27	27.09211
27	27	27.10789
27	27	27.12857
27	28	27.1445
27	28	27.15966
27	28	27.17345
27	28	27.18843
27	28	27.20269
27	28	27.21539
27	28	27.22779
27	28	27.24011
27	28	27.25189
27	28	27.26398
27	29	27.28502
27	29	27.3008
27	29	27.31543
27	29	27.32823
27	29	27.34115
27	29	27.35319
27	29	27.36747
27	29	27.38052
27	30	27.39466
27	30	27.40864
27	30	27.42384
27	30	27.44743
27	30	27.46439
27	30	27.47756
27	30	27.48828
27	30	27.50208
27	30	27.52509
27	30	27.54675
26	30	27.56981
26	30	27.59215
26	30	27.62053
26	30	27.64
26	30	27.66091
26	30	27.68122
25	30	27.70329
25	30	27.72613
25	30	27.75116
25	30	27.78229
25	30	27.80616
24	30	27.82209
24	30	27.83858
24	30	27.86015
24	30	27.88411
24	30	27.90688
23	30	27.93524
23	30	27.95405
23	30	27.96874
23	30	27.98377
23	30	27.99832
23	30	28.0106
23	30	28.0232
23	30	28.03618
23	30	28.04834
22	30	28.06094
22	30	28.08544
22	30	28.10121
22	30	28.1165
22	30	28.12848
22	30	28.14099
22	30	28.15326
22	30	28.16684
22	29	28.17933
22	29	28.19177
22	29	28.20428
22	29	28.21984
22	29	28.24236
22	29	28.25798
22	29	28.27114
22	29	28.28458
22	29	28.29842
22	28	28.30997
22	28	28.32181
22	28	28.34067
22	28	28.3649
22	28	28.38798
22	28	28.41595
22	27	28.432
22	27	28.45188
22	27	28.47487
22	27	28.49974
22	27	28.52192
22	27	28.54168
22	26	28.57178
22	26	28.59138
22	26	28.61306
22	26	28.63065
22	26	28.65295
22	25	28.67548
22	25	28.69813
22	25	28.72907
22	25	28.74682
22	25	28.76493
22	25	28.77641
22	24	28.78919
22	24	28.80121
22	24	28.81417
22	24	28.8293
22	24	28.84414
22	24	28.85818
22	24	28.88247
22	24	28.90014
22	23	28.91434
22	23	28.92616
22	23	28.9394
22	23	28.95512
22	23	28.97038
22	23	28.98274
22	23	28.99545
22	23	29.00851
22	24	29.03624
22	24	29.05129
22	24	29.06408
22	24	29.07702
22	24	29.08983
22	24	29.1032
22	24	29.1167
22	24	29.12888
22	24	29.14038
22	24	29.15549
22	25	29.17797
22	25	29.20577
22	25	29.22292
22	25	29.24368
22	25	29.26637
22	26	29.28892
22	26	29.31085
22	26	29.33379
22	26	29.36204
22	26	29.37903
22	27	29.40096
22	27	29.42414
22	27	29.44587
22	27	29.46937
22	27	29.49299
22	27	29.5201
22	28	29.53527
22	28	29.55776
22	28	29.5796
22	28	29.60261
22	28	29.62444
22	28	29.63622
22	29	29.64798
22	29	29.66592
22	29	29.6786
22	29	29.69119
22	29	29.70317
22	29	29.71534
22	29	29.72822
22	29	29.7404
22	29	29.75307
22	29	29.76423
22	30	29.77594
22	30	29.78811
22	30	29.80074
22	30	29.81885
22	30	29.8304
22	30	29.84297
22	30	29.85583
22	30	29.86827
22	30	29.88087
22	29	29.89322
22	29	29.90651
22	29	29.91858
22	29	29.93012
22	29	29.94283
22	29	29.9547
22	29	29.97293
22	29	29.98483
22	29	30.00537
22	28	30.0283
22	28	30.05021
22	28	30.07175
22	28	30.09406
22	28	30.11659
22	27	30.14354
22	27	30.16128
22	27	30.18322
22	27	30.20542
22	27	30.22901
22	27	30.24973
22	26	30.27307
22	26	30.29963
22	26	30.31766
22	26	30.34469
22	26	30.36164
22	25	30.38407
22	25	30.4071
22	25	30.42961
22	25	30.44635
22	25	30.45934
22	25	30.47148
22	25	30.4835
22	25	30.49589
22	26	30.50999
22	26	30.52396
22	26	30.53675
22	26	30.5481
22	26	30.56016
22	26	30.57318
22	26	30.5854
22	26	30.60458
22	26	30.6166
22	27	30.62905
22	27	30.64499
22	27	30.65754
22	27	30.67096
22	27	30.68349
22	27	30.69571
22	27	30.70733
22	27	30.71901
22	27	30.73098
22	27	30.74322
22	28	30.76121
22	28	30.77341
22	28	30.78487
22	28	30.79755
22	28	30.81982
22	28	30.84209
22	28	30.86459
22	29	30.88646
22	29	30.90961
22	29	30.93681
22	29	30.95506
22	29	30.97618
22	30	30.99798
22	30	31.02141
22	30	31.04319
22	30	31.06535
22	30	31.0957
21	30	31.11374
21	30	31.13259
21	30	31.15578
21	30	31.18216
21	30	31.20445
21	30	31.22381
20	30	31.25538
20	30	31.27305
20	30	31.29
20	30	31.30283
20	30	31.31538
20	30	31.32852
20	30	31.34293
19	30	31.35626
19	30	31.36992
19	30	31.38359
19	30	31.40497
19	30	31.42001
19	30	31.43148
19	30	31.44423
19	30	31.45673
19	30	31.46941
18	30	31.48187
18	30	31.49491
18	30	31.50814
18	30	31.52358
18	30	31.54016
18	30	31.56603
18	30	31.58145
18	30	31.59535
17	30	31.60714
17	30	31.61793
17	30	31.63537
17	30	31.66133
17	30	31.68246
17	30	31.70275
16	30	31.7335
16	30	31.75133
16	30	31.77191
16	30	31.79334
16	30	31.8149
16	30	31.83601
16	29	31.85909
16	29	31.88994
16	29	31.90693
16	29	31.92611
16	29	31.9477
16	28	31.96986
16	28	31.99241
16	28	32.01595
16	28	32.04467
16	28	32.06263
16	28	32.08215
16	27	32.10439
16	27	32.11676
16	27	32.13341
16	27	32.14936
16	27	32.16206
16	27	32.17448
16	27	32.19648
16	26	32.2129
16	26	32.22563
16	26	32.23935
16	26	32.25685
16	26	32.27417
16	26	32.28753
16	26	32.29982
16	26	32.31273
16	26	32.32691
17	26	32.34833
17	26	32.36486
17	26	32.37832
17	26	32.39402
17	26	32.40879
17	26	32.42219
17	26	32.43485
17	26	32.44663
17	26	32.45886
18	26	32.47048
18	26	32.48484
18	26	32.51513
18	26	32.53262
18	26	32.55148
18	26	32.57347
19	26	32.59648
19	26	32.61813
19	26	32.64138
19	26	32.67477
19	26	32.69118
19	26	32.70784
20	26	32.72961
20	26	32.75197
20	26	32.77652
20	26	32.80017
20	26	32.8269
21	26	32.84396
21	26	32.86568
21	26	32.8878
21	26	32.9129
21	26	32.9339
21	26	32.94672
22	26	32.96092
22	26	32.9823
22	26	32.99804
22	26	33.01072
22	26	33.02415
22	26	33.03717
22	26	33.04909
22	26	33.06152
22	26	33.07412
23	26	33.08655
23	26	33.09934
23	26	33.11288
23	26	33.13416
23	26	33.1503
23	26	33.16191
23	26	33.17411
23	26	33.18657
23	26	33.19847
24	26	33.21116
24	26	33.22488
24	26	33.23969
24	26	33.25476
24	26	33.26678
24	26	33.28897
24	26	33.30404
24	26	33.31492
25	26	33.32756
25	26	33.34423
25	26	33.36603
25	26	33.39098
25	26	33.41534
25	26	33.4347
26	26	33.46722
26	26	33.48433
26	26	33.50371
26	26	33.52385
26	26	33.54589
27	26	33.56783
27	26	33.59082
27	26	33.62225
27	26	33.6383
27	26	33.65717
27	26	33.67843
27	26	33.7009
27	26	33.72419
27	26	33.74608
27	26	33.76404
27	26	33.77615
27	26	33.78857
27	26	33.80127
27	26	33.81329
27	26	33.82561
27	26	33.83797
27	26	33.85044
27	26	33.86304
27	26	33.87469
27	26	33.88657
27	26	33.89987
27	26	33.91734
27	26	33.92989
27	26	33.94249
27	26	33.95581
27	26	33.96794
27	26	33.97961
27	26	33.99158
27	26	34.00372
27	26	34.01603
27	26	34.02942
27	26	34.04147
27	26	34.05303
27	26	34.07603
27	26	34.08923
27	26	34.10167
27	26	34.11418
27	26	34.12656
27	26	34.13875
27	26	34.15023
27	26	34.16996
27	26	34.19273
27	26	34.21549
27	26	34.24264
27	26	34.2598
27	26	34.28206
27	26	34.30439
27	26	34.32708
27	26	34.35018
27	26	34.37289
27	26	34.40265
27	26	34.41828
27	26	34.43855
27	26	34.4606
27	26	34.48286
27	26	34.50519
27	26	34.52776
27	26	34.55743
27	26	34.57333
27	26	34.59531
27	26	34.61683
27	26	34.62893
27	26	34.64052
27	26	34.6524
27	26	34.66448
27	26	34.67913
27	26	34.70115
27	26	34.71303
27	26	34.72538
27	26	34.73788
27	26	34.74981
27	26	34.76168
27	26	34.77367
27	26	34.78544
27	26	34.79789
27	26	34.81004
27	26	34.82148
27	26	34.83358
27	26	34.85116
27	26	34.86333
27	26	34.87514
27	26	34.88713
27	26	34.89949
27	26	34.91096
27	26	34.92327
27	26	34.93496
27	26	34.94778
27	26	34.96044
27	26	34.97175
27	26	34.98301
27	26	34.99472
27	26	35.01088
27	26	35.02308
27	26	35.04155
27	26	35.06505
27	26	35.08681
27	25	35.10923
27	25	35.1321
27	25	35.15518
27	25	35.18299
27	25	35.19921
27	25	35.21981
27	24	35.24268
27	24	35.26513
27	24	35.28697
27	24	35.30965
27	24	35.33688
27	23	35.35556
27	23	35.37647
27	23	35.39891
27	23	35.42095
27	23	35.44348
27	23	35.46533
27	23	35.49376
27	23	35.50496
27	23	35.51666
27	23	35.52851
27	23	35.54036
27	23	35.5518
27	23	35.56369
27	23	35.57747
27	23	35.59099
27	23	35.60314
27	23	35.61563
27	23	35.63315
26	23	35.64529
26	23	35.65812
26	23	35.67041
26	23	35.68278
26	23	35.69533
26	23	35.70755
26	23	35.71889
26	23	35.73146
26	23	35.74283
25	23	35.75589
25	23	35.76834
25	23	35.78698
25	23	35.79942
25	23	35.81137
25	23	35.82358
25	23	35.83552
25	23	35.84726
25	23	35.85942
25	23	35.87023
24	23	35.88172
24	23	35.90104
24	23	35.92543
24	23	35.95445
24	23	35.97215
24	23	35.99091
23	23	36.01361
23	23	36.03584
23	23	36.05987
23	23	36.08323
23	23	36.11068
22	23	36.12938
22	23	36.1474
22	23	36.16968
22	23	36.19252
22	23	36.21469
22	23	36.23837
22	23	36.26825
22	23	36.28399
22	23	36.30373
22	23	36.3266
22	23	36.34877
22	23	36.37086
22	23	36.38269
22	23	36.39495
22	23	36.41223
22	23	36.42546
22	23	36.43723
22	23	36.44908
22	23	36.4618
22	23	36.47344
22	23	36.48624
22	23	36.49887
22	23	36.51098
22	23	36.5228
22	23	36.53495
22	23	36.54776
22	23	36.56636
22	23	36.58338
22	23	36.59619
22	23	36.60842
22	23	36.61979
22	23	36.63237
22	23	36.64461
22	23	36.65772
22	23	36.66927
22	23	36.6826
22	23	36.69896
22	23	36.72321
22	23	36.73501
22	23	36.74706
22	23	36.76197
22	23	36.78344
22	23	36.80651
22	23	36.82889
22	24	36.85122
22	24	36.87874
22	24	36.89648
22	24	36.91831
22	24	36.94048
22	24	36.96184
22	25	36.98543
22	25	37.00838
22	25	37.03498
22	25	37.05188
22	25	37.07533
22	26	37.09659
22	26	37.11927
22	26	37.14193
22	26	37.16478
22	26	37.19379
22	26	37.20976
21	26	37.23149
21	26	37.24415
21	26	37.2565
21	26	37.26942
21	26	37.28202
21	26	37.29602
21	26	37.31034
21	26	37.32371
20	26	37.34325
20	26	37.35565
20	26	37.36838
20	26	37.3812
20	26	37.39344
20	26	37.40535
20	26	37.41799
20	26	37.43045
20	26	37.4434
20	26	37.4554
19	26	37.46801
19	26	37.48182
19	26	37.50293
19	26	37.51756
19	26	37.53271
19	26	37.5458
19	26	37.56301
19	26	37.57711
19	25	37.59155
19	25	37.60518
19	25	37.61953
19	25	37.63751
19	25	37.6648
19	25	37.68141
19	24	37.70058
19	24	37.72229
19	24	37.7451
19	24	37.76933
19	24	37.79369
19	24	37.82106
19	23	37.8379
19	23	37.86377
19	23	37.88131
19	23	37.90572
19	23	37.9243
19	23	37.94718
19	23	37.97741
19	23	37.99608
19	23	38.01329
19	23	38.03563
19	23	38.05984
19	23	38.07454
18	23	38.08966
18	23	38.10426
18	23	38.12408
18	23	38.14038
18	23	38.15639
18	23	38.17028
18	23	38.18233
18	23	38.19594
18	23	38.20957
17	23	38.22174
17	23	38.23437
17	23	38.24731
17	23	38.26457
17	23	38.28638
17	23	38.3018
17	23	38.31441
17	23	38.32639
16	23	38.33879
16	23	38.35111
16	23	38.36505
16	23	38.3802
16	23	38.396
16	23	38.4093
16	23	38.42253
16	23	38.44222
16	23	38.45832
16	23	38.47135
16	23	38.49323
16	23	38.51488
16	23	38.5372
16	23	38.56063
16	23	38.58274
16	23	38.61111
16	23	38.62793
16	23	38.64951
16	23	38.67246
16	23	38.69456
16	23	38.71657
16	23	38.74198
16	23	38.76703
16	23	38.78394
16	23	38.80582
16	23	38.82929
16	23	38.85202
16	23	38.87327
16	23	38.89532
16	23	38.92469
16	23	38.93795
16	23	38.94996
16	23	38.96329
16	23	38.97594
16	23	38.98848
16	23	39.00332
16	23	39.01767
16	23	39.0315
16	23	39.04595
16	23	39.06627
16	23	39.07958
16	23	39.09203
16	23	39.10439
16	23	39.11776
17	23	39.1307
17	23	39.14788
17	23	39.16134
17	23	39.17305
17	23	39.18616
17	23	39.19905
17	23	39.21884
17	23	39.2316
17	23	39.2437
18	23	39.25604
18	23	39.26856
18	23	39.28632
18	23	39.30936
18	23	39.33126
18	23	39.35358
19	23	39.38066
19	23	39.39863
19	23	39.41926
19	23	39.44257
19	23	39.46518
19	23	39.48736
19	23	39.50953
19	23	39.53739
19	23	39.55545
19	23	39.57662
19	23	39.60045
19	23	39.62299
19	23	39.64585
19	23	39.66735
19	23	39.6949
19	23	39.71135
19	23	39.73286
19	23	39.75569
19	23	39.76791
19	23	39.78028
19	23	39.79202
19	23	39.80518
19	23	39.81777
19	23	39.83574
19	23	39.8491
19	23	39.8611
19	23	39.87388
18	23	39.88658
18	23	39.89897
18	23	39.91212
18	23	39.92478
18	23	39.93732
18	23	39.94947
18	23	39.96266
18	23	39.97559
18	23	39.99307
17	23	40.00624
17	23	40.01875
17	23	40.03179
17	23	40.04436
17	23	40.05736
17	23	40.06983
17	23	40.08327
17	23	40.09598
17	23	40.11249
16	23	40.13583
16	23	40.16593
16	23	40.18175
16	23	40.20225
16	23	40.22525
16	23	40.24681
16	23	40.27009
16	23	40.29232
16	23	40.32273
16	23	40.33781
16	23	40.35928
16	23	40.38035
16	23	40.40309
16	23	40.42561
16	23	40.4482
16	23	40.48026
16	23	40.49304
16	23	40.51461
16	23	40.53712
16	23	40.55956
16	23	40.58171
16	23	40.59396
16	23	40.60597
16	23	40.625
16	23	40.6377
16	22	40.65117
16	22	40.66522
16	22	40.68145
16	22	40.69778
16	22	40.71371
16	22	40.72579
16	22	40.73866
16	22	40.7533
16	21	40.77117
16	21	40.79326
16	21	40.80893
16	21	40.82491
16	21	40.83813
16	21	40.8503
16	21	40.86298
16	21	40.87645
16	20	40.88902
16	20	40.90225
16	20	40.91518
16	20	40.93049
16	20	40.95002
16	20	40.96697
16	20	40.98402
16	20	41.00608
16	20	41.02853
16	20	41.05085
16	20	41.07381
16	20	41.09731
16	20	41.12407
16	20	41.14085
17	20	41.16387
17	20	41.18522
17	20	41.20788
17	20	41.23496
17	20	41.25498
18	20	41.28241
18	20	41.29977
18	20	41.32125
18	20	41.34525
18	20	41.36901
18	20	41.38774
19	20	41.4094
19	20	41.43919
19	20	41.45705
19	20	41.4747
19	20	41.48717
19	20	41.50041
19	20	41.51376
20	20	41.52663
20	20	41.5379
20	20	41.55069
20	20	41.56655
20	20	41.58788
20	20	41.60241
20	20	41.61527
20	20	41.62774
20	20	41.63954
21	20	41.65207
21	20	41.66496
21	20	41.67782
21	20	41.694
21	20	41.70907
21	20	41.72226
21	20	41.74873
21	20	41.76482
22	20	41.77699
22	20	41.78938
22	20	41.80244
22	20	41.82542
22	20	41.84843
22	20	41.86742
22	21	41.88932
22	21	41.9187
22	21	41.93691
22	21	41.958
22	21	41.97834
22	21	41.99991
22	22	42.02354
22	22	42.04564
22	22	42.07562
22	22	42.09335
22	22	42.11203
22	23	42.1341
22	23	42.15668
22	23	42.17941
22	23	42.20192
22	23	42.22945
22	23	42.24678
22	22	42.2681
22	22	42.31053
22	22	42.32374
22	22	42.33685
22	22	42.34888
22	22	42.36192
22	21	42.38011
22	21	42.39219
22	21	42.40482
22	21	42.41877
22	21	42.43419
22	21	42.4469
22	21	42.46016
22	21	42.47274
22	21	42.48462
22	21	42.49727
22	20	42.50897
22	20	42.52165
22	20	42.53941
22	20	42.55247
22	20	42.56505
22	20	42.57692
22	20	42.58994
22	20	42.60271
22	20	42.61487
22	19	42.6266
22	19	42.63831
22	19	42.65051
22	19	42.6727
22	19	42.70127
22	19	42.71894
22	19	42.73693
22	18	42.7593
22	18	42.7839
22	18	42.80732
22	18	42.82985
22	18	42.8577
22	17	42.87537
22	17	42.89388
22	17	42.91602
22	17	42.93784
22	17	42.96231
22	17	42.98286
22	16	43.01037
22	16	43.029
22	16	43.05136
22	16	43.08014
22	16	43.09545
22	15	43.11753
22	15	43.1405
22	15	43.16089
22	15	43.17414
22	15	43.18747
22	15	43.20087
22	15	43.21544
22	15	43.23009
22	14	43.24367
22	14	43.25915
22	14	43.2739
22	14	43.28722
22	14	43.30178
22	14	43.31984
22	14	43.33183
22	14	43.34412
22	13	43.35659
22	13	43.36909
22	13	43.38145
22	13	43.39341
22	13	43.4058
22	13	43.4177
22	13	43.42952
22	13	43.44133
22	13	43.45372
22	13	43.47207
22	12	43.4842
22	12	43.49765
22	12	43.51908
22	12	43.54304
22	12	43.56461
22	12	43.58609
22	11	43.60913
22	11	43.63676
22	11	43.65394
22	11	43.67547
22	11	43.69832
22	11	43.72039
22	10	43.74257
22	10	43.76561
22	10	43.79376
22	10	43.81054
22	10	43.83277
22	9	43.8552
22	9	43.87696
22	9	43.90018
22	9	43.9222
22	9	43.95142
22	8	43.96829
22	8	43.9839
22	8	43.99926
22	8	44.0118
22	8	44.02416
22	8	44.03727
22	8	44.0489
22	8	44.06103
22	8	44.07373
21	8	44.09281
21	8	44.10616
21	8	44.12066
21	8	44.1346
21	8	44.14798
21	8	44.16105
21	8	44.17339
21	8	44.18621
21	8	44.19852
21	8	44.21061
20	8	44.22305
20	8	44.23642
20	8	44.25508
20	8	44.26863
20	8	44.28166
20	8	44.29303
20	8	44.30978
20	8	44.32435
19	8	44.34533
19	8	44.3684
19	8	44.39138
19	8	44.41837
19	8	44.43593
18	8	44.45763
18	8	44.47996
18	8	44.50229
18	8	44.52486
18	8	44.54645
18	8	44.57497
17	8	44.5913
17	8	44.61408
17	8	44.63591
17	8	44.65866
17	8	44.68168
16	8	44.70371
16	8	44.73408
16	8	44.74928
16	8	44.77144
16	8	44.79321
16	8	44.8083
16	9	44.82431
16	9	44.83797
16	9	44.85072
16	9	44.86499
16	9	44.88489
16	9	44.89909
16	9	44.91355
16	9	44.92903
16	9	44.94236
16	10	44.95543
16	10	44.96841
16	10	44.98092
16	10	44.99341
16	10	45.00647
16	10	45.0195
16	10	45.0386
16	10	45.05173
16	10	45.06561
16	11	45.07891
16	11	45.09174
16	11	45.10388
16	11	45.11652
16	11	45.12906
16	11	45.14067
16	11	45.16086
16	11	45.18393
17	11	45.21297
17	11	45.23171
17	11	45.25099
17	11	45.27412
17	11	45.29499
18	11	45.31792
18	11	45.3407
18	11	45.36851
18	11	45.38568
18	11	45.40797
18	11	45.42948
19	11	45.45275
19	11	45.47406
19	11	45.49667
19	11	45.52401
19	11	45.54174
19	12	45.56321
19	12	45.5857
19	12	45.60855
19	12	45.63327
19	12	45.64814
19	12	45.67091
19	13	45.68599
19	13	45.69825
19	13	45.71493
19	13	45.73096
19	13	45.74574
19	13	45.75993
19	13	45.77358
19	13	45.78625
19	13	45.79886
19	14	45.8251
19	14	45.84417
19	14	45.86132
19	14	45.87461
19	14	45.88807
19	14	45.9008
19	14	45.91474
19	15	45.92771
19	15	45.94074
19	15	45.95501
19	15	45.97899
19	15	45.99749
19	15	46.01031
19	15	46.02306
19	15	46.0358
19	16	46.055
19	16	46.07738
19	16	46.0995
19	16	46.12415
19	16	46.15164
19	17	46.16904
19	17	46.18951
19	17	46.21156
19	17	46.23589
19	17	46.25848
19	17	46.27867
19	18	46.30915
19	18	46.3271
19	18	46.34741
19	18	46.36763
19	18	46.39079
19	19	46.41213
19	19	46.43547
19	19	46.46594
19	19	46.48311
19	19	46.50198
19	19	46.51401
19	19	46.52666
19	20	46.53857
19	20	46.55073
19	20	46.5654
19	20	46.57748
19	20	46.59107
19	20	46.61374
19	20	46.62945
19	20	46.64203
19	20	46.65451
19	19	46.66662
19	19	46.67878
19	19	46.69153
19	19	46.70427
19	19	46.71627
19	19	46.72898
19	19	46.74191
19	19	46.76024
19	19	46.7733
19	18	46.78564
19	18	46.79916
19	18	46.81194
19	18	46.82548
19	18	46.84294
19	18	46.85815
19	18	46.87267
19	18	46.8862
19	17	46.90473
19	17	46.93663
19	17	46.94989
19	17	46.9707
19	17	46.99305
19	17	47.01618
19	16	47.03876
19	16	47.06114
19	16	47.08934
19	16	47.10638
19	16	47.12818
19	15	47.15007
19	15	47.17244
19	15	47.19534
19	15	47.21715
19	15	47.24472
19	15	47.26154
19	14	47.28402
19	14	47.30653
19	14	47.3284
19	14	47.35113
19	14	47.36335
19	14	47.37738
18	14	47.39646
18	14	47.40986
18	14	47.42319
18	14	47.43909
18	14	47.45355
18	14	47.46659
18	14	47.47901
18	14	47.49231
18	14	47.50502
17	14	47.51882
17	14	47.53292
17	14	47.55939
17	14	47.5769
17	14	47.59092
17	14	47.60406
17	14	47.61685
17	14	47.63102
16	14	47.64397
16	14	47.65939
16	14	47.67405
16	14	47.69221
16	14	47.71802
16	14	47.73531
16	14	47.74779
15	14	47.76002
15	14	47.77128
15	14	47.78696
15	14	47.81126
15	14	47.83406
15	14	47.85413
14	14	47.88456
14	14	47.90258
14	14	47.92096
14	14	47.94494
14	14	47.967
14	14	47.98758
13	14	48.01033
13	14	48.04
13	14	48.06018
13	14	48.0801
13	14	48.09972
13	14	48.12169
12	14	48.14412
12	14	48.16853
12	14	48.19906
12	14	48.21485
12	14	48.23413
11	14	48.24702
11	14	48.26112
11	14	48.27517
11	14	48.29737
11	14	48.31556
11	14	48.32957
11	14	48.35349
10	14	48.37057
10	14	48.38505
10	14	48.39898
10	14	48.41386
10	14	48.43018
10	14	48.44246
10	14	48.45469
10	14	48.46712
10	14	48.48058
10	15	48.50584
10	15	48.52221
10	15	48.53692
10	15	48.55008
10	15	48.56329
10	15	48.5755
10	15	48.58751
10	15	48.60004
10	16	48.6122
10	16	48.62532
10	16	48.64633
10	16	48.67697
10	16	48.70012
10	16	48.71479
10	17	48.73665
10	17	48.75956
10	17	48.78072
10	17	48.80528
10	17	48.83445
10	17	48.85072
10	18	48.87317
10	18	48.89208
10	18	48.91755
10	18	48.93937
10	18	48.96027
10	19	48.98975
10	19	49.0084
10	19	49.02858
10	19	49.0489
10	19	49.07157
10	19	49.09343
10	20	49.11732
10	20	49.14738
10	20	49.1648
10	20	49.17704
10	20	49.18931
10	20	49.20184
10	20	49.21489
11	20	49.22705
11	20	49.23954
11	20	49.25306
11	20	49.27309
11	20	49.29795
11	20	49.31535
12	20	49.34527
12	20	49.35962
12	20	49.3731
12	20	49.38811
12	20	49.40389
12	20	49.41636
12	20	49.42884
12	20	49.45214
13	20	49.46794
13	20	49.47985
13	20	49.49451
13	20	49.50881
13	20	49.52346
13	20	49.5404
13	20	49.56746
13	20	49.58562
14	20	49.61554
14	20	49.63409
14	20	49.65448
14	20	49.67439
14	20	49.69667
15	20	49.71916
15	20	49.74159
15	20	49.7727
15	20	49.79079
15	20	49.80787
15	20	49.83044
16	20	49.85257
16	20	49.87454
16	20	49.8984
16	20	49.93074
16	20	49.95013
15	20	49.96567
15	20	49.98676
15	20	50.00969
15	20	50.03159
15	20	50.04404
15	20	50.05655
15	20	50.07569
14	20	50.08845
14	20	50.10066
14	20	50.11415
14	20	50.12797
14	20	50.14091
14	20	50.15372
14	20	50.16589
14	20	50.17809
14	20	50.19175
13	20	50.20456
13	20	50.217
13	20	50.23479
13	20	50.24727
13	20	50.25938
13	20	50.27136
13	20	50.28365
13	20	50.29621
13	20	50.30896
13	20	50.32129
12	20	50.33495
12	20	50.3474
12	20	50.36078
12	20	50.37807
12	20	50.40599
12	20	50.42273
12	20	50.44437
11	20	50.46774
11	20	50.49052
11	20	50.51165
11	20	50.53413
11	20	50.56269
12	20	50.5798
12	20	50.60171
12	20	50.62437
12	20	50.64573
12	20	50.66809
13	20	50.69146
13	20	50.71891
13	20	50.73497
13	20	50.75864
13	20	50.77912
13	20	50.80167
14	20	50.82423
14	20	50.84743
14	20	50.86605
14	20	50.88008
14	20	50.89602
14	20	50.90768
14	20	50.92509
15	20	50.93798
15	20	50.95083
15	20	50.96437
15	20	50.97652
15	20	50.99012
15	20	51.0043
15	20	51.02297
15	20	51.03575
15	20	51.04876
16	20	51.06414
16	20	51.08006
16	20	51.09299
16	20	51.10583
16	20	51.11788
16	20	51.13189
16	20	51.14355
16	20	51.15608
16	20	51.17474
15	20	51.18731
15	20	51.19891
15	20	51.21106
15	20	51.22235
15	20	51.23788
15	20	51.2601
15	20	51.28154
14	20	51.30509
14	20	51.32695
14	20	51.35503
14	20	51.37259
14	20	51.39423
14	20	51.41626
13	20	51.43907
13	20	51.46104
13	20	51.48285
13	20	51.51126
13	20	51.52834
12	20	51.55019
12	20	51.57259
12	20	51.5948
12	20	51.61878
12	20	51.64119
11	20	51.66805
11	20	51.68475
11	20	51.69696
11	20	51.70924
11	20	51.72168
11	20	51.73372
11	20	51.74572
11	20	51.75863
11	20	51.77067
11	20	51.78282
10	20	51.79579
10	20	51.81404
10	20	51.82782
10	20	51.8397
10	20	51.85177
10	20	51.86506
10	20	51.8777
10	20	51.89015
10	20	51.90326
10	19	51.91539
10	19	51.92831
10	19	51.9409
10	19	51.95389
10	19	51.97209
10	19	51.98413
10	19	51.99647
10	19	52.00828
10	19	52.02144
10	18	52.03391
10	18	52.04685
10	18	52.05934
10	18	52.07166
10	18	52.0829
10	18	52.09982
10	18	52.12107
10	18	52.15279
10	17	52.1663
10	17	52.18803
10	17	52.20995
10	17	52.23219
10	17	52.2541
10	17	52.27634
10	16	52.30323
10	16	52.32173
10	16	52.34315
10	16	52.36574
10	16	52.38863
10	15	52.41103
10	15	52.43295
10	15	52.46107
10	15	52.47743
10	15	52.49924
10	15	52.52208
10	14	52.54443
10	14	52.56691
10	14	52.57909
10	14	52.59198
10	14	52.61053
10	14	52.62335
10	14	52.6363
10	13	52.65027
10	13	52.66558
10	13	52.68008
10	13	52.69617
10	13	52.71097
10	13	52.72383
10	13	52.73608
10	13	52.74864
10	12	52.77081
10	12	52.78556
10	12	52.79894
10	12	52.81327
10	12	52.82899
10	12	52.8415
10	12	52.85405
10	12	52.86682
10	12	52.87937
10	11	52.89154
10	11	52.90526
10	11	52.92945
10	11	52.94527
10	11	52.9594
10	11	52.98049
10	11	53.00214
11	11	53.0251
11	11	53.04749
11	11	53.0714
11	11	53.10066
11	11	53.11674
11	11	53.13613
12	11	53.15901
12	11	53.18165
12	11	53.20599
12	11	53.22881
12	11	53.25697
13	11	53.27503
13	11	53.29382
13	11	53.31721
13	11	53.34204
13	11	53.36524
13	11	53.38424
13	10	53.41603
13	10	53.43452
13	10	53.45033
13	10	53.46727
13	9	53.51123
13	9	53.52451
13	9	53.53838
13	9	53.56052
13	9	53.5755
13	9	53.58766
13	9	53.60011
13	9	53.61237
13	9	53.62396
13	8	53.63655
13	8	53.64862
13	8	53.66131
13	8	53.6762
13	8	53.69186
13	8	53.71389
13	8	53.72883
13	8	53.74136
13	8	53.7528
13	8	53.76539
13	8	53.7775
13	8	53.79048
13	8	53.80385
13	8	53.81892
13	8	53.83175
13	8	53.84577
12	8	53.8715
12	8	53.88676
12	8	53.90831
12	8	53.93185
12	8	53.95546
12	8	53.97549
11	8	53.99781
11	8	54.02713
11	8	54.04463
11	8	54.06519
11	8	54.08579
11	8	54.10902
10	8	54.13068
10	8	54.15551
10	8	54.18394
10	8	54.20091
10	8	54.21988
9	8	54.24214
9	8	54.26463
9	8	54.28681
9	8	54.31163
9	8	54.33348
9	8	54.34949
8	8	54.36143
8	8	54.3744
8	8	54.38861
8	8	54.40292
8	8	54.41922
8	8	54.4346
8	8	54.44879
8	8	54.46355
7	8	54.48745
7	8	54.50288
7	8	54.51575
7	8	54.53042
7	8	54.54485
7	8	54.55722
7	8	54.56935
7	8	54.58227
7	8	54.59475
8	8	54.60632
8	8	54.61838
8	8	54.6397
8	8	54.65434
8	8	54.66613
8	8	54.67727
8	8	54.69421
8	8	54.71081
8	8	54.73439
8	8	54.75598
8	8	54.77832
8	8	54.80718
8	8	54.8245
9	8	54.84521
9	8	54.86765
9	8	54.89078
9	8	54.91205
9	8	54.93621
9	8	54.9631
9	7	54.97879
9	7	55.00135
9	7	55.02785
9	7	55.04984
9	7	55.0699
9	6	55.09263
9	6	55.12358
9	6	55.14072
9	6	55.16144
9	6	55.17471
9	6	55.18649
9	6	55.20015
9	5	55.2119
9	5	55.22446
9	5	55.23715
9	5	55.25188
9	5	55.2734
9	5	55.28838
9	5	55.30051
9	5	55.31306
9	5	55.32529
10	5	55.3371
10	5	55.34866
10	5	55.36138
10	5	55.37593
10	5	55.39225
10	5	55.40526
10	5	55.42664
10	5	55.44141
10	5	55.4535
11	5	55.46576
11	5	55.47726
11	5	55.49067
11	5	55.50631
11	5	55.52077
11	5	55.53271
11	5	55.54451
11	5	55.56066
12	5	55.5932
12	5	55.61118
12	5	55.6322
12	5	55.64972
12	5	55.6728
12	5	55.69485
12	5	55.71732
12	5	55.74802
12	5	55.76491
12	5	55.78353
12	5	55.8053
12	5	55.82821
12	5	55.85016
12	5	55.87378
12	5	55.90004
12	5	55.91778
12	5	55.94028
12	5	55.96296
12	5	55.98495
12	5	56.00676
12	5	56.01949
12	5	56.03795
12	5	56.05672
12	5	56.0694
12	5	56.08288
12	5	56.09699
12	5	56.1093
12	5	56.12154
12	5	56.13406
12	5	56.14633
12	5	56.15889
12	5	56.17166
12	5	56.18419
12	5	56.19663
12	4	56.21366
12	4	56.22596
12	4	56.23771
12	4	56.2538
12	4	56.26848
12	4	56.28091
12	4	56.2934
12	4	56.30574
12	4	56.31807
12	4	56.33047
12	3	56.34203
12	3	56.3535
12	3	56.37367
12	3	56.39053
12	3	56.40914
12	3	56.43167
12	3	56.45472
12	2	56.47628
12	2	56.49892
12	2	56.52372
12	2	56.55221
12	2	56.56967
12	2	56.58803
12	2	56.61057
12	2	56.63316
12	2	56.65495
12	2	56.67757
12	2	56.70441
12	2	56.72203
12	2	56.74438
12	2	56.76734
12	2	56.78966
12	2	56.81103
12	2	56.83352
12	2	56.85144
12	2	56.86351
12	2	56.87542
12	2	56.88778
12	2	56.89973
12	2	56.91165
12	2	56.92553
13	2	56.93839
13	2	56.95201
13	2	56.96861
13	2	56.98553
13	2	57.00617
13	2	57.02195
13	2	57.03369
13	2	57.04731
14	2	57.0599
14	2	57.07215
14	2	57.08532
14	2	57.10038
14	2	57.11541
14	2	57.12789
14	2	57.14079
14	2	57.16171
15	2	57.17794
15	2	57.19035
15	2	57.20632
15	2	57.21925
15	2	57.23676
15	2	57.25961
15	2	57.28021
17	2	57.30241
17	2	57.33105
17	2	57.34719
17	2	57.36906
17	2	57.39169
17	2	57.41492
18	2	57.43634
18	2	57.45916
18	2	57.48603
18	2	57.50415
18	2	57.52623
19	2	57.54881
19	2	57.57092
19	2	57.59331
19	2	57.61629
19	2	57.64408
19	2	57.66082
18	2	57.67403
18	2	57.68536
18	2	57.69785
18	2	57.70897
18	2	57.7201
18	2	57.73204
18	2	57.74352
18	2	57.75634
18	2	57.77183
17	2	57.79275
17	2	57.8065
17	2	57.82129
17	2	57.83755
17	2	57.85264
17	2	57.86882
17	2	57.8824
17	2	57.89544
17	2	57.90868
16	2	57.92082
16	2	57.93353
16	2	57.95276
16	2	57.96469
16	2	57.97646
16	2	57.98942
16	2	58.00137
16	2	58.01295
16	2	58.02497
15	2	58.03714
15	2	58.04868
15	2	58.0605
15	2	58.07427
15	2	58.09521
15	2	58.12258
15	2	58.1405
14	2	58.16294
14	2	58.18494
14	2	58.20656
14	2	58.22947
14	2	58.25167
13	2	58.27893
13	2	58.29662
13	2	58.31787
13	2	58.34012
13	2	58.36265
13	2	58.38577
12	2	58.40953
12	2	58.43821
12	2	58.45481
12	2	58.47924
12	2	58.50212
12	2	58.52097
11	2	58.54361
11	2	58.55634
11	2	58.58061
11	2	58.60574
11	2	58.62043
11	2	58.63273
11	2	58.64425
10	2	58.65671
10	2	58.66893
10	2	58.6836
10	2	58.69892
10	2	58.71099
10	2	58.72314
10	2	58.73571
10	2	58.75665
9	2	58.77065
9	2	58.78191
9	2	58.79523
9	2	58.80989
9	2	58.82454
9	2	58.83635
9	2	58.84828
9	2	58.8608
9	2	58.87252
9	2	58.88491
8	2	58.89664
8	2	58.91707
8	2	58.93382
8	2	58.9483
8	2	58.9607
8	2	58.97823
8	2	59.00312
7	2	59.02335
7	2	59.04585
7	2	59.07098
7	2	59.09812
7	2	59.11728
6	2	59.13477
6	2	59.15709
6	2	59.17946
6	2	59.20395
6	2	59.22665
6	2	59.25555
5	2	59.27212
5	2	59.29149
5	2	59.31599
5	2	59.33976
5	2	59.35903
4	2	59.38146
4	2	59.41411
4	2	59.43449
4	2	59.45112
4	2	59.46365
4	2	59.47665
4	2	59.4912
3	2	59.50507
3	2	59.51733
3	2	59.53088
3	2	59.54615
3	2	59.56807
3	2	59.58284
3	2	59.59453
3	2	59.60704
3	2	59.61974
2	2	59.63192
2	2	59.6433
2	2	59.65556
2	2	59.67023
2	2	59.68478
2	2	59.69714
2	2	59.71827
2	2	59.73325
2	2	59.74443
2	2	59.75635
2	2	59.7729
2	2	59.78404
2	2	59.80391
2	2	59.82658
2	2	59.84893
2	2	59.87751
2	3	59.89432
2	3	59.91616
2	3	59.93888
2	3	59.96441
2	3	59.98688
2	3	60.00648
2	4	60.03581
2	4	60.05321
2	4	60.07635
2	4	60.09495
2	4	60.1172
2	5	60.14126
2	5	60.1636
2	5	60.1967
2	5	60.21381
2	5	60.23011
2	5	60.25187
3	5	60.265
3	5	60.27764
3	5	60.29107
3	5	60.30752
3	5	60.32497
3	5	60.34854
3	5	60.3657
4	5	60.37891
4	5	60.39344
4	5	60.40784
4	5	60.42391
4	5	60.44082
4	5	60.45371
4	5	60.46513
4	5	60.47821
4	5	60.49981
5	5	60.51412
5	5	60.52591
5	5	60.54073
5	5	60.55593
5	5	60.56839
5	5	60.5802
5	5	60.59214
5	5	60.6047
5	5	60.61876
6	5	60.63239
6	5	60.65561
6	5	60.67403
6	5	60.68826
6	5	60.7005
6	5	60.71991
6	5	60.7423
7	5	60.76497
7	5	60.78846
7	5	60.81763
7	5	60.83534
7	5	60.85486
7	6	60.87706
7	6	60.89953
7	6	60.92192
7	6	60.94752
7	6	60.97467
7	7	60.99139
7	7	61.01355
7	7	61.03376
7	7	61.05823
7	7	61.08101
7	7	61.10238
7	8	61.13239
7	8	61.14702
7	8	61.15932
7	8	61.17101
7	8	61.18253
7	8	61.19507
7	8	61.20663
7	8	61.21813
7	8	61.23184
7	6	61.24548
7	6	61.25874
7	6	61.27688
7	6	61.28807
7	6	61.30058
7	6	61.31317
7	6	61.32458
7	6	61.33606
7	6	61.34823
7	6	61.35976
7	6	61.37135
7	6	61.3831
7	6	61.39513
7	6	61.40681
7	6	61.41851
7	6	61.43642
7	6	61.44937
7	6	61.46141
7	6	61.47212
7	5	61.49146
7	5	61.51345
7	5	61.53566
7	5	61.55875
7	5	61.59958
7	4	61.61749
7	4	61.63115
7	4	61.64985
7	4	61.67254
7	4	61.69246
7	4	61.71481
7	3	61.73705
7	3	61.7603
7	3	61.79419
7	3	61.81171
7	3	61.82684
7	2	61.84902
7	2	61.87111
7	2	61.89331
7	2	61.91691
7	2	61.93585
7	2	61.94914
7	2	61.96365
7	2	61.97578
7	2	61.9891
7	2	62.00187
7	2	62.01468
7	2	62.02656
7	2	62.03831
7	2	62.05007
7	2	62.06278
7	2	62.07501
7	2	62.09289
7	2	62.10583
7	2	62.11798
7	2	62.13025
7	2	62.14204
7	3	62.15449
7	3	62.16545
7	3	62.17706
7	3	62.18923
7	3	62.20137
7	3	62.21325
7	3	62.22498
7	3	62.2437
7	3	62.26045
7	4	62.27206
7	4	62.28333
7	4	62.29657
7	4	62.31795
7	4	62.34114
7	4	62.36246
7	4	62.38486
7	5	62.41249
7	5	62.42972
7	5	62.45134
7	5	62.47385
7	5	62.4966
7	6	62.518
7	6	62.54099
7	6	62.56901
7	6	62.58634
7	6	62.6082
7	6	62.63084
7	7	62.65259
7	7	62.6754
7	7	62.69878
7	7	62.72582
7	7	62.74263
7	8	62.76557
7	8	62.77798
7	8	62.79118
7	8	62.80301
7	8	62.8147
7	8	62.82663
7	8	62.83926
7	8	62.85324
7	8	62.87421
7	9	62.88651
7	9	62.89825
7	9	62.91091
7	9	62.92641
7	9	62.94169
7	9	62.9542
7	9	62.96687
7	9	62.97931
7	9	62.9916
7	10	63.00453
7	10	63.02615
7	10	63.04369
7	10	63.06067
7	10	63.07262
7	10	63.08646
7	10	63.09855
7	10	63.11048
7	11	63.12248
7	11	63.13468
7	11	63.14708
7	11	63.16868
7	11	63.19732
7	11	63.21426
7	11	63.23409
7	12	63.2566
7	12	63.27885
7	12	63.30249
7	12	63.32595
7	12	63.3525
7	13	63.36978
7	13	63.38998
7	13	63.41239
7	13	63.43707
7	13	63.45937
7	13	63.48059
7	14	63.51296
7	14	63.5303
7	14	63.55098
7	14	63.56934
7	14	63.59736
7	15	63.61396
7	15	63.63719
7	15	63.66177
7	15	63.67877
7	15	63.69144
7	15	63.70428
7	15	63.71672
7	15	63.72878
7	16	63.74079
7	16	63.75337
7	16	63.76628
7	16	63.7809
7	16	63.79726
7	16	63.81785
7	16	63.83319
7	16	63.8448
7	15	63.85688
7	15	63.86932
7	15	63.88159
7	15	63.8933
7	15	63.90528
7	15	63.91699
7	15	63.92897
7	15	63.94054
7	15	63.95457
7	15	63.97156
7	14	63.98301
7	14	63.99396
7	14	64.00536
7	14	64.02741
7	14	64.05006
7	14	64.07289
7	14	64.09348
7	13	64.11664
7	13	64.1469
7	13	64.16103
7	13	64.18328
7	13	64.20628
7	12	64.2277
7	12	64.2504
7	12	64.27192
7	12	64.30025
7	12	64.31734
7	12	64.33952
7	11	64.36176
7	11	64.38464
7	11	64.40639
7	11	64.42964
7	11	64.45668
7	10	64.47398
7	10	64.48615
7	10	64.49831
7	10	64.51035
7	10	64.52208
7	10	64.5349
7	10	64.54598
7	10	64.55936
7	10	64.57188
7	10	64.58409
7	9	64.60571
7	9	64.61842
7	9	64.63248
7	9	64.64468
7	9	64.65638
7	9	64.66861
7	9	64.68055
7	9	64.69231
7	9	64.70473
7	8	64.71617
7	8	64.72765
7	8	64.74081
7	8	64.7597
7	8	64.77103
7	8	64.78874
7	8	64.80099
7	8	64.81365
7	8	64.82504
8	8	64.83643
8	8	64.84716
8	8	64.86493
8	8	64.88704
8	8	64.90931
8	8	64.93668
8	8	64.95493
8	8	64.97579
8	8	64.99884
8	8	65.02017
8	8	65.04273
8	8	65.06675
9	8	65.09352
9	8	65.10973
9	8	65.13338
9	8	65.15485
9	8	65.17861
10	8	65.20046
10	8	65.22353
10	8	65.25079
10	8	65.26738
10	8	65.28978
10	8	65.31165
11	8	65.33457
11	8	65.34668
11	8	65.36013
11	8	65.37281
11	8	65.38509
11	8	65.40276
11	8	65.41466
11	8	65.42692
11	8	65.43891
12	8	65.45159
12	8	65.46387
12	8	65.47555
12	8	65.4901
12	8	65.50286
12	8	65.51448
12	8	65.52634
12	8	65.53891
12	8	65.55686
12	9	65.569
12	9	65.58114
12	9	65.59366
12	9	65.60537
12	9	65.61782
12	9	65.63062
12	9	65.64197
12	9	65.65309
12	9	65.66393
12	9	65.68766
12	10	65.69973
12	10	65.72221
12	10	65.73734
12	10	65.75853
12	10	65.78127
12	10	65.80338
12	11	65.82529
12	11	65.8473
12	11	65.86919
12	11	65.89727
12	11	65.91482
12	11	65.93708
12	11	65.95925
12	11	65.98103
12	11	66.00493
12	11	66.02611
12	11	66.05427
12	11	66.07175
12	11	66.09339
12	11	66.12
12	11	66.13894
12	11	66.16138
12	11	66.17425
12	11	66.18828
12	11	66.20602
12	11	66.21853
12	11	66.23082
12	11	66.24537
12	11	66.25916
12	11	66.27191
12	11	66.28504
12	11	66.29784
12	11	66.3095
12	11	66.32204
12	11	66.33412
12	11	66.34635
12	11	66.36382
12	11	66.37554
12	11	66.38773
12	11	66.39921
12	11	66.41118
12	11	66.42358
12	11	66.43571
12	11	66.44714
12	11	66.45875
12	11	66.4704
12	11	66.48196
12	11	66.49314
12	11	66.50772
12	11	66.53471
12	11	66.55109
12	11	66.57355
12	11	66.59534
12	11	66.61828
12	11	66.64057
11	11	66.66286
11	11	66.69057
11	11	66.7077
11	11	66.7302
11	11	66.75231
11	11	66.7747
10	11	66.79652
10	11	66.81916
10	11	66.84659
10	11	66.86356
10	11	66.88621
9	11	66.90961
9	11	66.93277
9	11	66.95409
9	11	66.97564
9	11	66.99258
9	11	67.00535
9	11	67.01785
8	11	67.02986
8	11	67.04175
8	11	67.05429
8	11	67.07019
8	11	67.08605
8	11	67.09943
8	11	67.11453
8	11	67.12758
7	11	67.14945
7	11	67.16431
7	11	67.17691
7	11	67.19226
7	11	67.20718
7	11	67.21923
7	11	67.2319
7	11	67.24403
7	11	67.25571
6	11	67.26805
6	11	67.27988
6	11	67.30097
6	11	67.3204
6	11	67.33289
6	11	67.34401
6	11	67.35565
6	11	67.37791
6	11	67.40067
6	11	67.4225
6	11	67.44835
6	11	67.47654
6	11	67.49364
5	11	67.5133
5	11	67.5346
5	11	67.55662
5	11	67.58088
5	11	67.60284
5	11	67.63169
4	11	67.64779
4	11	67.66864
4	11	67.69262
4	11	67.7149
4	11	67.73448
3	11	67.75854
3	11	67.78801
3	11	67.80637
3	11	67.82697
3	11	67.83871
3	11	67.85112
3	11	67.86278
3	11	67.87489
2	11	67.88776
2	11	67.90105
2	11	67.91677
2	11	67.9425
2	11	67.96263
2	11	67.98036
2	11	67.9969
2	10	68.01025
2	10	68.02383
2	10	68.03762
2	10	68.05241
2	10	68.06834
2	10	68.08959
2	10	68.10546
2	10	68.11778
2	9	68.1299
2	9	68.14149
2	9	68.15493
2	9	68.17016
2	9	68.18523
2	9	68.19624
2	9	68.20831
2	9	68.22684
2	8	68.25681
2	8	68.27435
2	8	68.29581
2	8	68.31527
2	8	68.33809
2	8	68.36021
2	8	68.38378
2	8	68.41412
2	8	68.43053
3	8	68.45034
3	8	68.47276
3	8	68.49698
3	8	68.52093
3	8	68.53986
4	8	68.57234
4	8	68.58963
4	8	68.60897
4	8	68.62894
4	8	68.65156
4	8	68.67401
4	7	68.6967
4	7	68.73192
4	7	68.7518
4	7	68.76463
4	7	68.77627
4	7	68.78902
4	6	68.80106
4	6	68.81236
4	6	68.8252
4	6	68.83984
4	6	68.85515
4	6	68.8764
4	6	68.89136
4	6	68.90379
4	6	68.91492
4	5	68.92659
4	5	68.93729
4	5	68.94888
4	5	68.96272
4	5	68.9741
4	5	68.98598
4	5	68.99748
4	5	69.00981
4	5	69.02872
4	5	69.04064
4	5	69.05178
4	5	69.06443
4	5	69.08635
4	5	69.10925
4	5	69.13326
4	5	69.15419
4	6	69.17628
4	6	69.20348
4	6	69.22138
4	6	69.2429
4	6	69.26571
4	6	69.28744
4	7	69.30998
4	7	69.33232
4	7	69.36005
4	7	69.37776
4	7	69.39938
4	8	69.42174
4	8	69.44401
4	8	69.46616
4	8	69.48904
4	8	69.51717
4	8	69.53574
4	8	69.55693
4	8	69.56934
4	8	69.58379
4	8	69.59699
4	8	69.60943
4	8	69.62179
4	8	69.6333
4	8	69.64605
3	8	69.66836
3	8	69.68239
3	8	69.69602
3	8	69.70855
3	8	69.72029
3	8	69.73227
3	8	69.74471
3	8	69.75702
3	8	69.76923
3	8	69.78033
2	8	69.79262
2	8	69.80476
2	8	69.823
2	8	69.83454
2	8	69.84631
2	8	69.85859
2	8	69.86987
2	8	69.88615
2	8	69.89709
2	8	69.90845
2	8	69.91855
2	8	69.93426
2	8	69.95829
2	8	69.98434
2	8	70.00198
2	9	70.0248
2	9	70.04728
2	9	70.07026
2	9	70.09173
2	9	70.11365
2	9	70.14088
2	10	70.15874
2	10	70.18063
2	10	70.20332
2	10	70.22613
2	10	70.24764
2	11	70.27052
2	11	70.30112
2	11	70.31686
2	11	70.33847
2	11	70.36022
2	11	70.38141
3	11	70.39335
3	11	70.4052
3	11	70.41699
3	11	70.42916
3	11	70.44637
3	11	70.45907
3	11	70.47125
3	11	70.48313
3	11	70.49525
3	11	70.50701
4	11	70.51841
4	11	70.53041
4	11	70.54179
4	11	70.55544
4	11	70.5672
4	11	70.58002
4	11	70.59771
4	11	70.61017
4	11	70.62239
4	12	70.63491
4	12	70.64568
4	12	70.65855
4	12	70.67412
4	12	70.68918
4	12	70.70235
4	12	70.71378
4	12	70.72534
4	12	70.73816
4	13	70.75941
4	13	70.77505
4	13	70.78876
4	13	70.80482
4	13	70.82041
4	13	70.83315
4	13	70.85043
4	13	70.87322
4	14	70.89633
4	14	70.92655
4	14	70.94431
4	14	70.9637
4	14	70.98511
4	14	71.00761
4	14	71.02987
4	14	71.05273
4	14	71.08342
4	14	71.10046
4	14	71.11939
4	14	71.1415
4	14	71.16528
4	14	71.1862
4	14	71.20896
4	14	71.23591
4	14	71.25455
4	14	71.27605
4	14	71.28754
4	14	71.29948
4	14	71.31068
4	14	71.32223
4	14	71.33712
4	14	71.35033
4	14	71.36517
4	14	71.38519
4	14	71.3982
4	14	71.4093
4	14	71.42172
4	14	71.43423
4	14	71.44654
4	14	71.45795
4	14	71.46978
4	14	71.48186
4	14	71.49403
4	14	71.50592
4	14	71.5173
4	14	71.53483
4	14	71.54719
4	14	71.55962
4	14	71.57289
4	14	71.58475
4	14	71.59648
4	14	71.60757
4	14	71.61993
4	14	71.63201
4	14	71.64319
4	14	71.65453
4	14	71.66756
3	14	71.69475
3	14	71.71207
3	14	71.73351
3	14	71.75905
3	14	71.78036
3	14	71.8006
2	14	71.82407
2	14	71.85393
2	14	71.87141
2	14	71.89113
2	14	71.91239
2	14	71.93465
2	14	71.95951
2	14	71.9809
2	14	72.01205
2	14	72.02924
2	14	72.04694
2	14	72.06927
2	14	72.09229
2	14	72.11402
2	14	72.13667
2	14	72.15823
2	14	72.17197
2	15	72.18612
2	15	72.2005
2	15	72.2142
2	15	72.22947
2	15	72.24541
2	15	72.258
2	15	72.26904
2	15	72.28101
2	15	72.29336
2	16	72.31573
2	16	72.33301
2	16	72.35184
2	16	72.36404
2	16	72.37536
2	16	72.38821
2	16	72.40047
2	16	72.41278
2	17	72.42646
2	17	72.43977
2	17	72.45509
2	17	72.4798
2	17	72.498
2	17	72.51079
2	17	72.5221
2	17	72.53303
3	17	72.55021
3	17	72.57232
3	17	72.59427
3	17	72.61873
3	17	72.64731
3	17	72.66467
4	17	72.68272
4	17	72.70604
4	17	72.73071
4	17	72.75365
4	17	72.7731
5	17	72.80342
5	17	72.82053
5	17	72.84255
5	17	72.86253
5	17	72.8842
5	17	72.90706
6	17	72.92903
6	17	72.96019
6	17	72.97708
6	17	72.99664
6	17	73.00845
6	17	73.02122
6	17	73.03297
7	17	73.04504
7	17	73.05901
7	17	73.07786
7	17	73.0946
7	17	73.11473
7	17	73.12978
7	17	73.14156
7	17	73.15264
6	18	73.16507
6	18	73.17661
6	18	73.19469
6	18	73.21009
6	18	73.22461
6	18	73.23702
6	18	73.24928
6	18	73.27027
6	19	73.28448
6	19	73.29679
6	19	73.30999
6	19	73.32518
6	19	73.34071
6	19	73.35197
6	19	73.36372
6	19	73.37701
6	19	73.39848
6	20	73.4206
6	20	73.45123
6	20	73.46807
6	20	73.48771
6	20	73.51024
7	20	73.53228
7	20	73.55518
7	20	73.57731
7	20	73.60841
7	20	73.63171
8	20	73.6461
8	20	73.66662
8	20	73.68849
8	20	73.7132
8	20	73.73607
8	20	73.76405
9	20	73.78043
9	20	73.80014
9	20	73.82302
9	20	73.84513
9	20	73.85681
9	20	73.86878
9	20	73.88108
10	20	73.89346
10	20	73.911
10	20	73.92299
10	20	73.93533
10	20	73.94827
10	20	73.96045
10	20	73.97202
10	20	73.98339
10	20	73.99569
10	20	74.00791
11	20	74.01952
11	20	74.03137
11	20	74.0437
11	20	74.06059
11	20	74.07339
11	20	74.08485
11	20	74.09858
11	20	74.11086
11	20	74.12347
12	20	74.13538
12	20	74.14702
12	20	74.15869
12	20	74.16989
12	20	74.18201
12	20	74.20351
12	20	74.23315
12	20	74.24784
12	21	74.26894
12	21	74.29221
12	21	74.31628
12	21	74.33841
12	21	74.35973
12	22	74.38995
12	22	74.40656
12	22	74.42866
12	22	74.44795
12	22	74.47019
12	22	74.4932
12	23	74.51608
12	23	74.54583
12	23	74.56419
12	23	74.58251
12	23	74.60417
12	23	74.62737
12	23	74.6488
11	23	74.67199
11	23	74.69292
11	23	74.70964
11	23	74.72446
11	23	74.73731
11	23	74.74908
11	23	74.76179
11	23	74.77377
11	23	74.7853
10	23	74.79733
10	23	74.80888
10	23	74.82159
10	23	74.83633
10	23	74.86213
10	23	74.87608
10	23	74.88709
10	23	74.89901
10	23	74.91009
9	23	74.92143
9	23	74.93324
9	23	74.94569
9	23	74.96152
9	23	74.9751
9	23	74.98751
9	23	75.00736
9	23	75.02209
9	23	75.03369
9	23	75.05153
9	24	75.07546
9	24	75.0971
9	24	75.1217
9	24	75.14422
9	24	75.17294
9	25	75.18958
9	25	75.20897
9	25	75.23466
9	25	75.25624
9	25	75.27591
9	25	75.29698
9	26	75.32813
9	26	75.34731
9	26	75.36781
9	26	75.38757
9	26	75.41011
9	26	75.43136
10	26	75.45444
10	26	75.48378
10	26	75.5026
10	26	75.51877
10	26	75.53146
10	26	75.54299
10	26	75.5555
11	26	75.56847
11	26	75.58117
11	26	75.59486
11	26	75.61058
11	26	75.63236
11	26	75.64665
11	26	75.65989
11	26	75.6719
11	26	75.68369
12	26	75.69501
12	26	75.70689
12	26	75.7187
12	26	75.73359
12	26	75.74756
12	26	75.75984
12	26	75.77183
12	26	75.79364
12	26	75.81261
12	26	75.82546
12	26	75.83826
12	26	75.85057
12	26	75.86392
12	26	75.87801
12	26	75.89986
12	27	75.92278
12	27	75.9509
12	27	75.96997
12	27	75.99237
12	27	76.01208
12	28	76.03375
12	28	76.05753
12	28	76.08195
12	28	76.11574
12	28	76.13187
13	28	76.1467
13	28	76.16835
13	28	76.19214
13	28	76.2151
13	28	76.23797
13	28	76.2663
14	28	76.28227
14	28	76.30183
14	28	76.31587
14	28	76.33187
14	28	76.34377
14	28	76.35562
14	28	76.36719
14	28	76.37937
15	28	76.39087
15	28	76.41173
15	28	76.42636
15	28	76.43907
15	28	76.45264
15	28	76.46523
15	28	76.47621
15	28	76.48704
15	28	76.49888
15	28	76.50977
15	28	76.52033
15	28	76.53259
15	28	76.54318
15	28	76.56065
15	28	76.5724
14	28	76.58414
14	28	76.59645
14	28	76.60791
14	28	76.61988
14	28	76.63159
14	28	76.64342
14	28	76.65478
14	28	76.66571
14	28	76.67641
14	28	76.68732
13	28	76.70473
13	28	76.73318
13	28	76.74951
13	28	76.77132
13	28	76.79382
13	28	76.8158
12	28	76.83866
12	28	76.86127
12	28	76.8884
12	28	76.90574
12	28	76.92796
12	28	76.95079
12	28	76.97242
12	28	76.99632
12	28	77.01864
12	29	77.04498
12	29	77.06288
12	29	77.08904
12	29	77.11126
12	29	77.13012
12	29	77.15151
12	30	77.16496
12	30	77.17872
12	30	77.20595
12	30	77.22186
12	30	77.23394
12	30	77.24769
12	30	77.26334
12	30	77.27576
12	30	77.28791
12	30	77.30007
12	30	77.31238
12	30	77.3297
11	30	77.35139
11	30	77.36627
11	30	77.37929
11	30	77.39465
11	30	77.40854
11	30	77.41965
11	30	77.43146
11	30	77.44289
11	30	77.45383
11	30	77.46584
10	30	77.47865
10	30	77.49104
10	30	77.51186
10	30	77.52601
10	30	77.53769
10	30	77.55341
10	30	77.57585
9	30	77.59855
9	30	77.6205
9	30	77.64365
9	30	77.67242
9	30	77.69193
9	30	77.70949
8	30	77.73192
8	30	77.75429
8	30	77.77885
8	30	77.8012
8	30	77.83012
7	30	77.84665
7	30	77.8661
7	30	77.89033
7	30	77.9131
7	30	77.93452
6	30	77.95843
6	30	77.98788
6	30	78.00644
6	30	78.02292
6	30	78.03694
6	30	78.04926
6	30	78.06316
6	30	78.07755
5	30	78.0922
5	30	78.10661
5	30	78.12567
5	30	78.14734
5	30	78.16216
5	30	78.17384
5	30	78.18521
5	30	78.19714
4	30	78.20834
4	30	78.22054
4	30	78.23257
4	30	78.24671
4	30	78.26186
4	30	78.27255
4	30	78.28458
4	30	78.30549
4	30	78.3205
4	30	78.33279
4	30	78.34456
4	30	78.35685
4	30	78.36995
4	30	78.38354
4	30	78.40166
4	30	78.42406
3	30	78.44703
3	30	78.47697
3	30	78.49499
3	30	78.51596
3	30	78.53632
3	30	78.56409
2	30	78.58111
2	30	78.60349
2	30	78.63553
2	30	78.65186
2	30	78.66988
2	29	78.69205
2	29	78.71429
2	29	78.73838
2	29	78.76301
2	29	78.79242
2	29	78.80771
2	28	78.82777
2	28	78.83995
2	28	78.85542
2	28	78.87048
2	28	78.88289
2	28	78.89722
2	28	78.91038
2	28	78.92402
2	27	78.94479
2	27	78.96068
2	27	78.9745
2	27	78.98639
2	27	78.99872
2	27	79.01012
2	27	79.02322
2	27	79.03564
2	27	79.04655
2	26	79.05809
2	26	79.06953
2	26	79.0828
2	26	79.10377
2	26	79.11962
2	26	79.13316
2	26	79.14513
2	26	79.15681
2	26	79.16689
3	26	79.17805
3	26	79.19534
3	26	79.21886
3	26	79.24464
3	26	79.27265
3	26	79.29346
4	26	79.30791
4	26	79.32953
4	26	79.35252
4	26	79.37688
4	26	79.39895
5	26	79.4269
5	26	79.44423
5	26	79.46355
5	26	79.48715
5	26	79.51029
5	26	79.53027
5	26	79.55346
5	26	79.58269
5	26	79.60123
5	26	79.62222
5	26	79.64173
5	26	79.66443
6	26	79.67555
6	26	79.68752
6	26	79.69919
6	26	79.71349
6	26	79.73483
6	26	79.74992
6	26	79.7612
6	26	79.77194
6	26	79.78326
7	26	79.79445
7	26	79.80756
7	26	79.82841
7	26	79.84409
7	26	79.86087
7	26	79.87289
7	26	79.89397
7	26	79.90852
8	26	79.91893
8	26	79.93064
8	26	79.94302
8	26	79.95811
8	26	79.97323
8	26	79.98525
8	26	79.99704
8	26	80.00803
8	26	80.02158
9	26	80.04438
9	26	80.07527
9	26	80.09185
9	26	80.11087
9	26	80.13367
10	26	80.15557
10	26	80.17801
10	26	80.20061
10	26	80.2288
10	26	80.24548
10	26	80.26747
9	26	80.29057
9	26	80.31213
9	26	80.33467
9	26	80.35682
9	26	80.38611
9	25	80.40293
9	25	80.42428
9	25	80.44664
9	25	80.46936
9	25	80.4921
9	25	80.50504
9	25	80.51731
9	24	80.53646
9	24	80.55038
9	24	80.5637
9	24	80.57579
9	24	80.5883
9	24	80.60082
9	24	80.61259
9	24	80.62383
9	24	80.63573
9	23	80.64677
9	23	80.65855
9	23	80.67149
9	23	80.68949
9	23	80.70133
9	23	80.71238
9	23	80.72377
9	23	80.73508
9	23	80.74599
9	23	80.75803
9	23	80.76973
9	23	80.78118
9	23	80.7922
9	23	80.8036
9	23	80.81541
9	23	80.82755
9	23	80.84556
9	23	80.85728
9	23	80.86892
9	23	80.88006
9	23	80.89125
9	23	80.9028
9	23	80.91366
9	23	80.92458
9	23	80.93604
9	23	80.94765
9	23	80.96555
9	23	80.9783
9	23	80.99529
9	23	81.00659
9	23	81.01792
9	24	81.03089
9	24	81.04208
9	24	81.05342
9	24	81.06542
9	24	81.07754
9	24	81.08807
9	24	81.10474
9	24	81.12723
9	25	81.15008
9	25	81.17753
9	25	81.19465
9	25	81.21621
9	25	81.23916
9	25	81.26141
9	26	81.28352
9	26	81.30813
9	26	81.33379
9	26	81.35062
9	26	81.37263
8	26	81.39669
8	26	81.41899
8	26	81.44176
8	26	81.46305
8	26	81.49146
8	26	81.50661
7	26	81.5292
7	26	81.55197
7	26	81.57365
7	26	81.58515
7	26	81.59823
7	26	81.60889
7	26	81.6206
6	26	81.63898
6	26	81.65054
6	26	81.66266
6	26	81.67457
6	26	81.68684
6	26	81.69868
6	26	81.71003
6	26	81.72153
6	26	81.73264
6	26	81.74394
6	27	81.75558
6	27	81.76754
6	27	81.77974
6	27	81.80057
6	27	81.81506
6	27	81.82663
6	27	81.83826
6	27	81.84978
6	27	81.86111
6	27	81.87257
6	28	81.88445
6	28	81.89632
6	28	81.90784
6	28	81.92212
6	28	81.93678
6	28	81.95871
6	28	81.9732
6	28	81.98443
6	28	81.99535
6	29	82.00546
6	29	82.02118
6	29	82.04308
6	29	82.07095
6	29	82.09353
6	29	82.12108
6	30	82.13888
6	30	82.161
6	30	82.17731
6	30	82.19987
6	30	82.22288
6	30	82.24481
6	30	82.27177
6	29	82.28942
6	29	82.31135
6	29	82.33363
6	29	82.35575
6	29	82.37827
6	29	82.40077
6	28	82.42871
6	28	82.44627
6	28	82.46859
6	28	82.48072
6	28	82.4921
6	28	82.50424
6	28	82.51609
6	28	82.52756
6	27	82.53899
6	27	82.55147
6	27	82.57093
6	27	82.58436
6	27	82.59759
6	27	82.60986
6	27	82.6215
6	27	82.6339
6	27	82.64681
6	26	82.6586
6	26	82.66981
6	26	82.68069
6	26	82.69288
6	26	82.7058
6	26	82.72285
6	26	82.73398
6	26	82.74535
6	26	82.75719
6	26	82.76884
7	26	82.78109
7	26	82.79213
7	26	82.80324
7	26	82.81523
7	26	82.82652
7	26	82.83773
7	26	82.84909
7	26	82.86047
7	26	82.87735
7	26	82.88925
8	26	82.90092
8	26	82.91257
8	26	82.92388
8	26	82.93599
8	26	82.94789
8	26	82.96001
8	26	82.97226
8	26	82.9839
8	26	82.99545
8	26	83.00704
8	26	83.01886
9	26	83.03603
9	26	83.04798
9	26	83.05914
9	26	83.07148
9	26	83.08405
9	26	83.0955
9	26	83.1067
9	26	83.1181
9	26	83.13033
9	26	83.14188
10	26	83.15374
10	26	83.16566
10	26	83.17727
10	26	83.19588
10	26	83.20797
10	26	83.23104
10	26	83.24403
10	26	83.2569
11	26	83.27032
11	26	83.28171
11	26	83.29252
11	26	83.30314
11	26	83.31783
11	26	83.34208
11	26	83.36752
11	26	83.38468
12	26	83.40743
12	26	83.42819
12	26	83.45055
12	26	83.47279
12	26	83.49635
12	26	83.52341
12	26	83.54037
12	26	83.56285
12	26	83.58521
12	26	83.6067
12	26	83.62968
12	26	83.6525
12	26	83.6793
12	26	83.69733
12	26	83.7189
12	26	83.74126
12	26	83.76375
12	26	83.78556
12	26	83.79781
12	26	83.80983
12	26	83.82752
12	26	83.83945
12	26	83.85097
12	26	83.86131
12	26	83.8728
12	26	83.88432
12	26	83.89592
12	26	83.90807
12	26	83.91969
12	26	83.93185
12	26	83.94445
12	26	83.95856
12	26	83.9717
12	26	83.9884
12	26	83.99993
12	26	84.01122
12	26	84.02335
12	26	84.03569
12	26	84.047
12	26	84.05793
12	26	84.07001
12	26	84.08219
12	26	84.09351
12	26	84.10461
12	26	84.117
12	26	84.12861
12	26	84.14606
12	26	84.1571
11	26	84.17017
11	26	84.18269
11	26	84.19388
11	26	84.20551
11	26	84.21671
11	26	84.22874
11	26	84.24383
11	26	84.25828
11	26	84.27056
10	26	84.28949
10	26	84.31519
10	26	84.33315
10	26	84.35553
10	26	84.37785
10	26	84.40012
9	26	84.42303
9	26	84.44519
9	26	84.47299
9	26	84.49095
9	26	84.51257
9	25	84.53522
9	25	84.55634
9	25	84.5785
9	25	84.60221
9	25	84.62993
9	25	84.64648
9	24	84.66792
9	24	84.69099
9	24	84.71367
9	24	84.73553
9	24	84.74693
9	24	84.75969
9	23	84.79246
9	23	84.80424
9	23	84.81576
9	23	84.82799
9	23	84.83994
9	23	84.85127
9	23	84.86362
9	23	84.87524
9	23	84.8867
9	23	84.89828
9	23	84.91003
9	23	84.92679
9	23	84.93873
9	23	84.95023
9	23	84.96194
9	23	84.97401
9	23	84.98511
9	23	84.99664
9	23	85.00767
9	23	85.02011
9	23	85.03171
9	23	85.04254
9	23	85.05367
9	23	85.06556
9	23	85.08769
9	23	85.10349
9	24	85.12553
9	24	85.14867
9	24	85.17184
9	24	85.19225
9	24	85.21575
9	24	85.24286
9	25	85.26045
9	25	85.28249
9	25	85.30503
9	25	85.32845
9	25	85.35117
9	26	85.37617
9	26	85.39999
9	26	85.41671
9	26	85.43886
9	26	85.46184
9	26	85.4838
9	26	85.50613
9	26	85.52841
8	26	85.54508
8	26	85.55865
8	26	85.57028
8	26	85.58341
8	26	85.59489
8	26	85.60609
8	26	85.61765
8	26	85.62962
8	26	85.64112
8	26	85.65298
8	26	85.66578
7	26	85.67779
7	26	85.69072
7	26	85.71374
7	26	85.7264
7	26	85.73777
7	26	85.74855
7	26	85.76051
7	26	85.77242
7	26	85.78454
6	26	85.79601
6	26	85.8083
6	26	85.82023
6	26	85.83171
6	26	85.84332
6	26	85.86077
6	26	85.87244
6	26	85.88377
6	26	85.89498
6	26	85.90672
6	25	85.91805
6	25	85.92965
6	25	85.94131
6	25	85.95683
6	25	85.97757
6	25	85.99873
6	25	86.02828
6	24	86.04569
6	24	86.06637
6	24	86.09063
6	24	86.11196
6	24	86.13234
6	24	86.15507
6	23	86.18645
6	23	86.20352
6	23	86.22408
6	23	86.24474
6	23	86.26688
6	22	86.28815
6	22	86.31063
6	22	86.34035
6	22	86.35793
6	22	86.37774
6	22	86.39979
6	21	86.42287
6	21	86.44476
6	21	86.4705
6	21	86.49242
6	21	86.50864
6	21	86.52116
6	20	86.53323
6	20	86.54516
6	20	86.55782
6	20	86.57085
6	20	86.58305
6	20	86.59669
6	20	86.61005
6	20	86.62327
6	20	86.64145
6	21	86.65318
6	21	86.66489
6	21	86.67609
6	21	86.68785
6	21	86.69994
6	21	86.71112
6	21	86.72282
6	21	86.73562
6	21	86.74677
6	21	86.75907
6	22	86.77049
6	22	86.78181
6	22	86.79974
6	22	86.81205
6	22	86.82529
6	22	86.84669
6	22	86.86931
6	23	86.89655
6	23	86.91326
6	23	86.93613
6	23	86.96508
6	23	86.98048
6	23	87.00368
6	24	87.02541
6	24	87.04768
6	24	87.07047
6	24	87.09301
6	24	87.11909
6	23	87.13718
6	23	87.15903
6	23	87.18111
6	23	87.2038
6	23	87.22668
6	23	87.24895
6	22	87.27661
6	22	87.2933
6	22	87.30574
6	22	87.31666
6	22	87.32778
6	22	87.33936
6	22	87.35018
6	22	87.36229
6	22	87.37357
6	21	87.38582
6	21	87.4036
6	21	87.42082
6	21	87.43248
6	21	87.44384
6	21	87.45706
6	21	87.47128
6	21	87.48428
6	21	87.49737
6	20	87.51035
6	20	87.52147
6	20	87.53328
6	20	87.54535
6	20	87.55798
6	20	87.57483
6	20	87.58603
6	20	87.59773
6	20	87.60944
6	20	87.62115
6	19	87.63238
6	19	87.6438
6	19	87.65556
6	19	87.66726
6	19	87.67823
6	19	87.68887
6	19	87.70059
6	19	87.71747
6	18	87.74509
6	18	87.76208
6	18	87.78419
6	18	87.80653
6	18	87.82867
6	18	87.85151
6	19	87.87467
6	19	87.90139
6	19	87.91901
6	19	87.94111
6	19	87.96313
6	19	87.9871
6	20	88.00877
6	20	88.03102
6	20	88.05954
6	20	88.07749
6	20	88.09776
6	21	88.12028
6	21	88.14289
6	21	88.1666
6	21	88.18359
6	21	88.21015
6	21	88.22311
6	22	88.23858
6	22	88.25282
6	22	88.26412
6	22	88.27577
6	22	88.28778
6	22	88.29937
6	22	88.31071
6	22	88.32272
6	22	88.33452
6	22	88.35291
6	23	88.3651
6	23	88.37646
6	23	88.38845
6	23	88.3998
6	23	88.41116
6	23	88.42372
6	23	88.43514
6	23	88.44595
6	23	88.45782
6	23	88.46952
6	22	88.4824
6	22	88.49461
6	22	88.51185
6	22	88.52354
6	22	88.53539
6	22	88.54663
6	22	88.5584
6	22	88.56962
6	22	88.58065
6	22	88.59233
6	21	88.60408
6	21	88.6151
6	21	88.62663
6	21	88.63898
6	21	88.65141
6	21	88.66943
6	21	88.68166
6	21	88.69363
6	21	88.70473
6	21	88.7147
6	20	88.73397
6	20	88.75693
6	20	88.77861
6	20	88.80247
6	20	88.82896
6	19	88.84579
6	19	88.86843
6	19	88.89101
6	19	88.91292
6	19	88.93537
6	19	88.95997
6	18	88.98514
6	18	89.0025
6	18	89.02417
6	18	89.04678
6	18	89.07133
6	19	89.09325
6	19	89.11506
6	19	89.1427
6	19	89.15988
6	19	89.18065
6	19	89.20394
6	20	89.2173
6	20	89.23048
6	20	89.24374
6	20	89.25817
6	20	89.27159
6	20	89.29189
6	20	89.30368
6	20	89.31508
6	20	89.32672
6	21	89.33821
6	21	89.35409
6	21	89.36568
6	21	89.37746
6	21	89.38856
6	21	89.40058
6	21	89.41145
6	21	89.4276
6	21	89.44776
6	22	89.46024
6	22	89.47186
6	22	89.48312
6	22	89.49506
6	22	89.50658
6	22	89.51752
6	22	89.52858
6	22	89.54005
6	22	89.5508
6	22	89.56146
6	23	89.58312
6	23	89.61096
6	23	89.62805
6	23	89.65082
6	23	89.67358
6	23	89.69568
6	22	89.71682
6	22	89.74133
6	22	89.76859
6	22	89.78421
6	22	89.80643
6	21	89.82878
6	21	89.85075
6	21	89.87366
6	21	89.89636
6	21	89.92464
6	21	89.94118
6	20	89.96267
6	20	89.98514
6	20	90.00741
6	20	90.02934
6	20	90.05195
6	19	90.06837
6	19	90.08291
6	19	90.09415
6	19	90.10605
6	19	90.11921
6	19	90.13338
6	19	90.14674
6	19	90.15825
6	19	90.17076
6	19	90.18242
6	18	90.19454
6	18	90.20711
6	18	90.22464
6	18	90.23597
6	18	90.24668
6	18	90.25829
6	18	90.27048
6	18	90.2817
6	18	90.29377
6	18	90.30563
6	19	90.31704
6	19	90.32841
6	19	90.33989
6	19	90.3519
6	19	90.3632
6	19	90.38161
6	19	90.3932
6	19	90.4052
6	19	90.42092
6	20	90.44263
6	20	90.46469
6	20	90.48767
6	20	90.5095
6	20	90.53273
6	21	90.56488
6	21	90.5782
6	21	90.5992
6	21	90.62181
6	21	90.6439
6	21	90.66664
6	22	90.68887
6	22	90.71638
6	22	90.73276
6	22	90.75571
6	22	90.77748
6	23	90.80138
6	23	90.8234
6	23	90.84592
6	23	90.8746
6	23	90.88637
6	23	90.89875
6	23	90.91115
6	24	90.92342
6	24	90.93549
6	24	90.94711
6	24	90.96
6	24	90.97385
6	24	90.98831
6	24	91.0012
6	24	91.02307
6	24	91.03648
6	25	91.04745
6	25	91.05891
6	25	91.07025
6	25	91.08239
6	25	91.0938
6	25	91.10493
6	25	91.11695
6	25	91.12904
6	25	91.14046
6	25	91.15227
6	26	91.17033
6	26	91.1815
6	26	91.19392
6	26	91.20655
6	26	91.21811
6	26	91.22978
6	26	91.2422
6	26	91.25525
6	26	91.26862
6	26	91.28118
5	26	91.3032
5	26	91.33085
5	26	91.34801
5	26	91.37014
5	26	91.39234
5	26	91.41508
5	26	91.43729
5	26	91.46224
5	26	91.48683
5	26	91.5043
5	26	91.52671
4	26	91.54839
4	26	91.57103
4	26	91.59389
4	26	91.61619
4	26	91.64317
3	26	91.6608
3	26	91.68236
3	26	91.70529
3	26	91.72793
3	26	91.75024
3	26	91.76151
3	26	91.7739
2	26	91.79211
2	26	91.80394
2	26	91.81593
2	26	91.82949
2	26	91.84948
2	26	91.8632
2	26	91.87658
2	26	91.8891
2	25	91.90055
2	25	91.91329
2	25	91.92682
2	25	91.94728
2	25	91.96345
2	25	91.97507
2	25	91.98613
2	25	91.99718
2	25	92.00867
2	25	92.02057
2	24	92.03201
2	24	92.04372
2	24	92.0565
2	24	92.07262
2	24	92.08793
2	24	92.10912
2	24	92.12309
2	24	92.13482
2	23	92.147
2	23	92.15858
2	23	92.16909
2	23	92.18758
2	23	92.20972
2	23	92.23095
2	23	92.2534
2	23	92.28325
2	23	92.30093
2	23	92.31993
3	23	92.34265
3	23	92.36461
3	23	92.38911
3	23	92.41167
3	23	92.44258
4	23	92.46023
4	23	92.47707
4	23	92.50019
4	23	92.52277
4	23	92.54356
4	23	92.56557
4	22	92.59612
4	22	92.61272
4	22	92.63469
4	22	92.65546
4	22	92.66656
4	22	92.67809
4	21	92.69016
4	21	92.70225
4	21	92.71471
4	21	92.73022
4	21	92.75025
4	21	92.76501
4	21	92.77705
4	21	92.79013
4	21	92.80243
4	20	92.81382
4	20	92.82513
4	20	92.83712
4	20	92.85153
4	20	92.86557
4	20	92.87709
4	20	92.88911
4	20	92.91094
4	20	92.92738
4	20	92.9407
4	20	92.95317
4	20	92.9669
4	20	92.9797
4	20	92.991
4	20	93.00212
4	20	93.01865
4	20	93.03429
4	20	93.05738
4	20	93.08447
4	20	93.1013
4	20	93.12411
4	20	93.14577
4	20	93.16825
4	20	93.19112
4	20	93.21338
4	20	93.24043
4	20	93.258
3	20	93.28008
3	20	93.30257
3	20	93.32663
3	20	93.34978
3	20	93.37252
2	20	93.40112
2	20	93.41711
2	20	93.43643
2	20	93.46144
2	20	93.48604
2	20	93.50407
2	20	93.51517
2	20	93.52901
2	20	93.5544
2	20	93.57059
2	20	93.58334
2	20	93.59669
2	20	93.60932
2	20	93.62118
2	19	93.63421
2	19	93.64709
2	19	93.66195
2	19	93.67761
2	19	93.68986
2	19	93.71156
2	19	93.7273
2	19	93.73936
2	18	93.75045
2	18	93.7628
2	18	93.77494
2	18	93.78952
2	18	93.80621
2	18	93.81761
2	18	93.82954
2	18	93.84133
2	18	93.86132
2	17	93.87514
2	17	93.88704
2	17	93.90515
2	17	93.92743
2	17	93.94891
2	17	93.97243
2	18	93.9949
2	18	94.02316
2	18	94.03966
2	18	94.06178
2	18	94.08501
2	18	94.10801
2	19	94.13065
2	19	94.1535
2	19	94.1815
2	19	94.19791
2	19	94.21822
2	20	94.2406
2	20	94.2633
2	20	94.28525
2	20	94.31733
2	20	94.33585
2	20	94.3575
2	20	94.36816
2	20	94.37957
2	20	94.39065
2	20	94.40163
2	20	94.41238
2	20	94.42374
2	20	94.43439
2	20	94.446
2	20	94.45667
2	20	94.46833
2	20	94.48523
2	20	94.49687
2	20	94.50784
2	20	94.51912
2	20	94.53122
2	20	94.54259
2	20	94.55374
2	20	94.56509
2	20	94.57697
2	20	94.58826
2	20	94.59962
2	20	94.61169
2	20	94.62513
2	20	94.6461
2	20	94.65966
2	20	94.67255
2	20	94.68519
2	20	94.69748
2	20	94.70875
2	20	94.72002
2	20	94.73219
2	20	94.74442
2	20	94.75719
2	20	94.76818
2	20	94.77966
2	20	94.79728
2	20	94.8088
2	20	94.82088
2	20	94.83249
2	20	94.84435
2	20	94.85664
2	20	94.86829
2	20	94.87892
2	20	94.88995
2	20	94.91035
2	20	94.93329
2	20	94.96291
2	20	94.97805
2	20	94.99994
2	20	95.02306
2	20	95.04443
2	20	95.06754
2	20	95.09061
2	20	95.11723
2	20	95.13424
2	20	95.15656
2	20	95.17979
2	20	95.20122
2	20	95.22398
3	20	95.24654
3	20	95.27444
3	20	95.29137
3	20	95.31339
3	20	95.33608
3	20	95.35871
4	20	95.38006
4	20	95.39226
4	20	95.40405
4	20	95.42068
4	20	95.43176
4	20	95.44282
4	20	95.45357
4	20	95.46478
4	20	95.4771
4	20	95.49321
4	20	95.50851
4	20	95.52246
4	20	95.53414
4	20	95.5459
4	20	95.55733
4	20	95.57513
4	20	95.58672
4	20	95.59882
4	20	95.61024
4	20	95.62139
4	20	95.63385
4	20	95.64586
4	20	95.65818
4	20	95.66903
4	20	95.6814
4	20	95.69373
4	20	95.70546
4	20	95.71762
4	20	95.73506
4	20	95.74616
4	20	95.76003
4	20	95.78203
4	20	95.80422
4	21	95.82753
4	21	95.84934
4	21	95.87104
4	21	95.89939
4	21	95.91595
4	21	95.93834
4	22	95.96118
4	22	95.98337
4	22	96.0059
4	22	96.02889
4	22	96.05507
4	23	96.0732
4	23	96.0946
4	23	96.11765
4	23	96.14066
4	23	96.16263
4	23	96.18478
4	23	96.21282
4	23	96.22944
4	23	96.24252
4	23	96.25479
4	23	96.26747
4	23	96.27996
4	23	96.29276
4	23	96.30556
4	23	96.31856
4	23	96.3313
4	23	96.34403
4	23	96.36375
4	23	96.37585
4	23	96.38689
4	23	96.39877
4	23	96.41009
5	23	96.42181
5	23	96.4343
5	23	96.44701
5	23	96.46164
5	23	96.4754
5	23	96.48733
5	23	96.499
5	23	96.51949
6	23	96.534
6	23	96.54636
