x	y	time
15	11	0.1014996
15	11	0.1166068
15	11	0.1372845
15	11	0.1516963
15	11	0.1640936
15	11	0.174532
15	11	0.1859415
15	11	0.1977427
15	11	0.2084804
15	11	0.2198266
15	11	0.2367557
15	11	0.248514
15	11	0.260772
15	11	0.2727424
15	11	0.2911092
15	11	0.3030051
15	11	0.3146251
15	11	0.3272659
15	11	0.3396699
15	11	0.3523888
15	11	0.3654775
15	11	0.3776403
15	11	0.3899771
15	11	0.4027687
15	11	0.4145289
15	11	0.4273836
15	11	0.4450224
15	11	0.4572865
15	11	0.4693508
15	11	0.4823579
15	11	0.494952
15	11	0.5161151
15	11	0.5383654
15	11	0.5608488
15	11	0.5836934
15	11	0.6112825
15	11	0.6287423
15	11	0.650712
15	11	0.6723539
15	11	0.695314
15	11	0.7179683
15	11	0.7398804
15	11	0.7677248
15	11	0.7853696
15	11	0.8062124
15	11	0.8294934
15	11	0.851545
15	11	0.87331
15	11	0.897074
15	11	0.9234567
15	11	0.940469
15	11	0.9646387
15	11	0.9765706
15	11	0.988867
15	11	1.000522
15	11	1.015316
15	11	1.028451
15	11	1.041773
15	11	1.058234
15	11	1.08106
15	11	1.095561
15	11	1.108402
15	11	1.121184
15	11	1.134932
15	11	1.14938
15	11	1.163536
15	11	1.177332
15	11	1.192025
15	11	1.206163
15	11	1.220097
15	11	1.241217
15	11	1.255286
15	11	1.268496
15	11	1.284562
15	11	1.300423
15	11	1.314496
15	11	1.328258
15	11	1.341043
15	11	1.354362
15	11	1.376635
15	11	1.403687
15	11	1.42118
15	11	1.44366
15	11	1.465322
15	11	1.48839
15	11	1.51029
15	11	1.533418
15	11	1.564668
15	11	1.579494
15	11	1.600136
15	11	1.622268
15	11	1.644132
15	11	1.666668
15	11	1.688633
15	11	1.716672
15	11	1.7338
15	11	1.756336
15	11	1.778345
15	11	1.791047
15	11	1.804191
15	11	1.816566
15	11	1.828687
15	11	1.841405
15	11	1.86038
15	11	1.874384
15	11	1.88708
15	11	1.900395
15	11	1.914013
15	11	1.925515
15	11	1.937672
15	11	1.950511
15	11	1.963523
15	11	1.975776
15	11	1.988161
15	11	2.001009
15	11	2.019699
15	11	2.033008
15	11	2.045295
15	11	2.057821
15	11	2.070448
15	11	2.083214
15	11	2.096578
15	11	2.109582
15	11	2.12182
15	11	2.133965
15	11	2.147324
15	11	2.169792
15	11	2.197519
15	11	2.214322
15	11	2.236535
15	11	2.259943
15	11	2.281837
15	11	2.302985
15	11	2.325961
15	11	2.353478
15	11	2.370841
15	11	2.393592
15	11	2.415647
15	11	2.437802
15	11	2.460216
15	11	2.48295
15	11	2.509736
15	11	2.527198
15	11	2.549201
15	11	2.571216
15	11	2.594066
15	11	2.606574
15	11	2.621899
15	11	2.634825
15	11	2.653794
15	11	2.666831
15	11	2.679725
15	11	2.691702
15	11	2.705668
15	11	2.718627
15	11	2.731304
15	11	2.743382
15	11	2.75603
15	11	2.769672
15	11	2.782023
15	11	2.794998
15	11	2.817763
15	11	2.830287
15	11	2.8429
15	11	2.855604
15	11	2.868393
15	11	2.880596
15	11	2.893685
15	11	2.905178
15	11	2.918907
15	11	2.930425
15	11	2.951556
15	11	2.980751
15	11	2.997004
15	11	3.01788
15	11	3.039731
15	11	3.062609
15	11	3.086005
15	11	3.109604
15	11	3.137146
15	11	3.153009
15	11	3.175474
15	11	3.197301
15	11	3.219634
15	11	3.241923
15	11	3.264216
15	11	3.292276
15	11	3.308785
15	11	3.331291
15	11	3.353847
15	11	3.375858
15	11	3.399491
15	11	3.421522
15	11	3.442709
15	11	3.456886
15	11	3.470288
15	11	3.482607
15	11	3.495779
15	11	3.508002
15	11	3.522202
15	11	3.534909
15	11	3.547774
16	11	3.562685
16	11	3.575447
16	11	3.595907
16	11	3.612055
16	11	3.629211
16	11	3.641889
16	11	3.65447
16	11	3.666718
17	11	3.678994
17	11	3.69275
17	11	3.705392
17	11	3.720714
17	11	3.73634
17	11	3.759363
17	11	3.774634
17	11	3.787634
17	11	3.799141
18	11	3.810998
18	11	3.833772
18	11	3.857803
18	11	3.882636
18	11	3.90414
19	11	3.934376
19	11	3.952746
19	11	3.972044
19	11	3.990974
19	11	4.013566
19	11	4.035931
20	11	4.058178
20	11	4.090539
20	11	4.107599
20	11	4.124079
20	11	4.14625
21	11	4.168714
21	11	4.190981
21	11	4.214896
21	11	4.244494
21	11	4.262299
21	11	4.275087
21	11	4.287323
22	11	4.300143
22	11	4.31325
22	11	4.328889
22	11	4.344344
22	11	4.356941
22	11	4.369951
22	11	4.391946
22	11	4.40722
23	11	4.419797
23	11	4.432463
23	11	4.445229
23	11	4.4635
23	11	4.480547
23	11	4.496047
23	11	4.509881
23	11	4.524174
24	11	4.545081
24	11	4.561635
24	11	4.577841
24	11	4.591807
24	11	4.603599
24	11	4.616783
24	11	4.637401
25	11	4.660032
25	11	4.683338
25	11	4.713293
25	11	4.730228
25	11	4.749409
25	11	4.772242
26	11	4.793722
26	11	4.816857
26	11	4.842072
26	11	4.869856
26	11	4.887683
27	11	4.906136
27	11	4.927856
27	11	4.950946
27	11	4.974636
27	11	4.998333
27	10	5.026924
27	10	5.046354
27	10	5.064445
27	10	5.087115
27	10	5.109607
27	10	5.123018
27	10	5.136319
27	9	5.14958
27	9	5.17135
27	9	5.186855
27	9	5.201381
27	9	5.214188
27	9	5.226239
27	9	5.238303
27	9	5.250893
27	9	5.263084
27	8	5.275511
27	8	5.287924
27	8	5.301069
27	8	5.323324
27	8	5.339082
27	8	5.351381
27	8	5.363156
27	8	5.375682
27	8	5.388383
27	8	5.40027
27	8	5.417491
27	8	5.429738
27	8	5.441411
27	8	5.454062
27	8	5.481184
27	8	5.498442
26	8	5.519779
26	8	5.542966
26	8	5.566898
26	8	5.589476
26	8	5.610473
25	8	5.644512
25	8	5.665129
25	8	5.683359
25	8	5.700738
25	8	5.721985
25	8	5.743322
25	7	5.76649
25	7	5.796435
25	7	5.814764
25	7	5.833103
25	7	5.85552
25	6	5.877312
25	6	5.899989
25	6	5.923508
25	6	5.954636
25	6	5.971076
25	6	5.983899
25	5	5.996712
25	5	6.008296
25	5	6.022609
25	5	6.038589
25	5	6.053819
25	5	6.066043
25	5	6.078438
25	5	6.101415
26	5	6.116107
26	5	6.128291
26	5	6.142665
26	5	6.15715
26	5	6.172451
26	5	6.18517
26	5	6.197915
26	5	6.209993
26	5	6.222073
27	5	6.234943
27	5	6.25671
27	5	6.272548
27	5	6.287332
27	5	6.299747
27	5	6.310891
27	5	6.323424
27	5	6.336422
27	5	6.357926
27	5	6.379879
27	5	6.403046
27	5	6.432787
27	5	6.450706
27	4	6.470402
27	4	6.491805
27	4	6.515702
27	4	6.539606
27	4	6.564326
27	3	6.593002
27	3	6.610725
27	3	6.626858
27	3	6.650721
27	3	6.673439
27	3	6.693326
27	2	6.715366
27	2	6.748893
27	2	6.772713
27	2	6.789032
27	2	6.804084
27	2	6.817689
27	2	6.830506
27	2	6.842575
27	2	6.855332
27	2	6.868895
27	2	6.890061
27	2	6.904745
27	2	6.917118
27	2	6.92939
27	2	6.942206
26	2	6.955906
26	2	6.970275
26	2	6.983694
26	2	6.998794
26	2	7.014578
26	2	7.028787
26	2	7.055524
26	2	7.070719
25	2	7.08311
25	2	7.09527
25	2	7.108179
25	2	7.125059
25	2	7.139937
25	2	7.15257
25	2	7.165048
25	2	7.176363
25	2	7.190162
24	2	7.215058
24	2	7.232844
24	2	7.255248
24	2	7.275472
24	2	7.296733
24	2	7.320105
23	2	7.342462
23	2	7.374329
23	2	7.392597
23	2	7.408419
23	2	7.429674
22	2	7.45231
22	2	7.474522
22	2	7.497515
22	2	7.527704
22	2	7.545434
22	2	7.564276
22	3	7.58711
22	3	7.609324
22	3	7.633281
22	3	7.649347
22	3	7.671474
22	3	7.686367
22	4	7.699958
22	4	7.712186
22	4	7.726413
22	4	7.741657
22	4	7.756903
22	4	7.769093
22	4	7.781407
22	4	7.79459
22	4	7.807177
22	5	7.829364
22	5	7.844923
22	5	7.862086
22	5	7.87599
22	5	7.888813
22	5	7.901382
22	5	7.913239
22	5	7.92646
23	5	7.939296
23	5	7.95191
23	5	7.972409
23	5	7.99391
23	5	8.008856
23	5	8.02095
23	5	8.035363
23	5	8.055511
24	5	8.078008
24	5	8.101966
24	5	8.12673
24	5	8.152647
24	5	8.170782
25	5	8.18954
25	5	8.211259
25	5	8.234075
25	5	8.257105
25	5	8.278528
26	5	8.307175
26	5	8.323459
26	5	8.345297
26	5	8.367882
26	5	8.390226
26	5	8.412873
25	5	8.435998
25	5	8.463244
25	5	8.480399
25	5	8.504018
25	5	8.517243
25	5	8.52959
25	5	8.543354
24	5	8.556711
24	5	8.570961
24	5	8.584409
24	5	8.597943
24	5	8.619541
24	5	8.632067
24	5	8.645465
24	5	8.659572
23	5	8.672548
23	5	8.686024
23	5	8.699283
23	5	8.71334
23	5	8.728194
23	5	8.74155
23	5	8.755999
23	5	8.774559
23	5	8.787274
22	5	8.79933
22	5	8.811237
22	5	8.823854
22	5	8.836881
22	5	8.848427
22	5	8.860018
22	5	8.88168
22	5	8.904321
22	6	8.926984
22	6	8.955298
22	6	8.971718
22	6	8.995508
22	6	9.019769
22	6	9.038573
22	7	9.063903
22	7	9.086856
22	7	9.115857
22	7	9.13211
22	7	9.151225
22	8	9.172422
22	8	9.194534
22	8	9.218044
22	8	9.242846
22	8	9.270303
22	8	9.28732
22	8	9.306487
22	8	9.329589
22	8	9.353411
22	8	9.376182
22	8	9.388563
22	8	9.402326
22	9	9.423664
22	9	9.440466
22	9	9.456434
22	9	9.470623
22	9	9.483734
22	9	9.495863
22	9	9.50812
22	9	9.520332
22	9	9.532838
22	10	9.545126
22	10	9.55953
22	10	9.581899
22	10	9.599069
22	10	9.614188
22	10	9.627397
22	10	9.640001
22	10	9.652547
23	10	9.664268
23	10	9.676698
23	10	9.689549
23	10	9.702025
23	10	9.713974
23	10	9.731621
23	10	9.743379
23	10	9.755167
23	10	9.766572
24	10	9.786304
24	10	9.809263
24	10	9.830744
24	10	9.853396
24	10	9.875374
25	10	9.904001
25	10	9.920631
25	10	9.942592
25	10	9.964905
25	10	9.988674
25	10	10.01023
25	11	10.03233
25	11	10.06136
25	11	10.07857
25	11	10.10212
25	11	10.12461
25	11	10.14422
25	12	10.16683
25	12	10.19214
25	12	10.22227
25	12	10.23942
25	12	10.25266
25	12	10.26524
25	13	10.27802
25	13	10.29365
25	13	10.31002
25	13	10.32609
25	13	10.33943
25	13	10.35353
25	13	10.377
26	13	10.39482
26	13	10.40776
26	13	10.42074
26	13	10.43563
26	13	10.45142
26	13	10.46449
26	13	10.47748
26	13	10.49082
26	13	10.50306
27	13	10.5199
27	13	10.54037
27	13	10.5542
27	13	10.57436
27	13	10.59004
27	13	10.60242
27	13	10.61554
27	13	10.62803
27	13	10.64668
27	14	10.66937
27	14	10.69401
27	14	10.72242
27	14	10.74007
27	14	10.76153
27	14	10.78193
27	15	10.80391
27	15	10.82592
27	15	10.85021
27	15	10.87787
27	15	10.89355
27	17	10.915
27	17	10.9377
27	17	10.96037
27	17	10.98501
27	17	11.00761
27	18	11.03411
27	18	11.0489
27	18	11.0723
27	18	11.08788
27	18	11.10769
27	18	11.1206
27	18	11.13291
27	18	11.1458
27	19	11.16158
27	19	11.18236
27	19	11.19578
27	19	11.21112
27	19	11.22613
27	19	11.23826
27	19	11.25048
27	19	11.26325
27	19	11.27658
27	20	11.29051
27	20	11.30712
27	20	11.32529
27	20	11.3503
27	20	11.36472
27	20	11.37811
27	20	11.39156
26	20	11.40299
26	20	11.41473
26	20	11.42802
26	20	11.44261
26	20	11.4572
26	20	11.47233
26	20	11.48838
26	20	11.51192
25	20	11.52887
25	20	11.55199
25	20	11.57426
25	20	11.59847
25	20	11.62088
25	20	11.64414
25	20	11.67067
25	20	11.68605
25	20	11.70823
25	20	11.72983
25	20	11.75267
25	20	11.77466
25	20	11.79751
25	20	11.82535
25	20	11.8421
25	21	11.86417
25	21	11.88763
25	21	11.91354
25	21	11.93636
25	21	11.96105
25	22	11.98264
25	22	11.99526
25	22	12.01129
25	22	12.02612
25	22	12.03804
25	22	12.04995
25	22	12.06199
25	22	12.07434
25	22	12.08635
25	23	12.1004
25	23	12.11678
25	23	12.13885
25	23	12.15094
25	23	12.16286
25	23	12.1751
25	23	12.18743
25	23	12.19924
25	23	12.2114
25	23	12.22406
26	23	12.23649
26	23	12.25207
26	23	12.26823
26	23	12.28921
26	23	12.30094
26	23	12.3126
26	23	12.32381
26	23	12.3441
27	23	12.36683
27	23	12.39073
27	23	12.42741
27	23	12.44775
27	23	12.46115
27	23	12.47918
27	24	12.50214
27	24	12.52451
27	24	12.54671
27	24	12.57152
27	24	12.59627
27	24	12.62055
27	25	12.6356
27	25	12.65812
27	25	12.68284
27	25	12.70537
27	25	12.72684
27	26	12.74959
27	26	12.77514
27	26	12.79261
27	26	12.80705
27	26	12.82187
27	26	12.83293
27	26	12.84475
27	26	12.85727
27	27	12.87234
27	27	12.88671
27	27	12.90072
27	27	12.92288
27	27	12.93761
27	27	12.94975
27	27	12.96227
27	27	12.97453
27	27	12.98639
27	28	12.99839
27	28	13.0109
27	28	13.02915
27	28	13.0445
27	28	13.05733
27	28	13.07492
27	28	13.0872
27	28	13.09966
27	28	13.11091
27	29	13.13323
27	29	13.14592
27	29	13.16054
27	29	13.17499
27	29	13.19602
27	29	13.21882
27	30	13.2437
27	30	13.26099
27	30	13.28324
27	30	13.30756
27	30	13.33023
27	30	13.35268
27	30	13.37474
27	30	13.40069
27	30	13.41789
27	30	13.44062
27	30	13.46177
27	30	13.48412
26	30	13.50661
26	30	13.52944
26	30	13.55957
26	30	13.57792
26	30	13.60205
26	30	13.61894
25	30	13.63213
25	30	13.64537
25	30	13.66399
25	30	13.67976
25	30	13.69853
25	30	13.71054
25	30	13.7232
25	30	13.73585
24	30	13.74733
24	30	13.75999
24	30	13.77357
24	30	13.78922
24	30	13.80538
24	30	13.82051
24	30	13.83634
24	30	13.85427
24	30	13.8663
23	30	13.8787
23	30	13.89264
23	30	13.90743
23	30	13.923
23	30	13.93572
23	30	13.94818
23	30	13.96
23	30	13.97831
22	30	14.00049
22	30	14.02671
22	30	14.04545
22	30	14.06694
22	30	14.08798
22	30	14.11002
21	30	14.13487
21	30	14.1578
21	30	14.18562
21	30	14.20112
21	30	14.22275
20	30	14.24389
20	30	14.26603
20	30	14.29238
20	30	14.31318
20	30	14.33884
19	30	14.35645
19	30	14.37814
19	30	14.40069
19	30	14.4259
19	30	14.4479
19	30	14.46232
19	30	14.47504
18	30	14.49966
18	30	14.51276
18	30	14.52883
18	30	14.54439
18	30	14.55742
18	30	14.5695
18	30	14.58161
18	30	14.59843
17	30	14.61477
17	30	14.62909
17	30	14.67771
17	30	14.6937
17	30	14.70639
17	30	14.72192
16	30	14.7364
16	30	14.75675
16	30	14.77405
16	30	14.78695
16	30	14.80518
16	30	14.81751
16	30	14.83045
16	30	14.84315
16	30	14.85586
16	30	14.86963
16	30	14.8922
16	29	14.91639
16	29	14.93957
16	29	14.96475
16	29	14.9832
16	29	15.00539
16	29	15.02529
16	28	15.0486
16	28	15.07309
16	28	15.09698
16	28	15.12111
16	28	15.1383
16	27	15.16061
16	27	15.18257
16	27	15.20547
16	27	15.22985
16	27	15.25212
16	27	15.27654
16	26	15.29424
16	26	15.31637
16	26	15.3408
16	26	15.35642
16	26	15.37542
16	26	15.39309
17	26	15.40724
17	26	15.42587
17	26	15.43943
17	26	15.45474
17	26	15.47038
17	26	15.48368
17	26	15.49551
17	26	15.50768
18	26	15.52283
18	26	15.53826
18	26	15.55115
18	26	15.56709
18	26	15.58798
18	26	15.60084
18	26	15.61508
18	26	15.62775
18	26	15.64009
19	26	15.65182
19	26	15.66559
19	26	15.68145
19	26	15.69621
19	26	15.70766
19	26	15.71959
19	26	15.75081
19	26	15.76358
20	26	15.78527
20	26	15.80808
20	26	15.83266
20	26	15.85473
20	26	15.87733
21	26	15.90291
21	26	15.92115
21	26	15.94545
21	26	15.96904
21	26	15.98703
22	26	16.0119
22	26	16.03496
22	26	16.06094
22	26	16.07855
22	26	16.10198
22	26	16.12151
22	27	16.14301
22	27	16.16734
22	27	16.19065
22	27	16.21174
22	27	16.2256
22	27	16.2376
22	27	16.25014
22	28	16.26262
22	28	16.27481
22	28	16.28723
22	28	16.30253
22	28	16.31822
22	28	16.33299
22	28	16.34564
22	28	16.36454
22	28	16.37636
22	29	16.3884
22	29	16.40047
22	29	16.41409
22	29	16.43019
22	29	16.44477
22	29	16.45749
22	29	16.47403
22	29	16.49003
22	30	16.50288
22	30	16.52153
22	30	16.53363
22	30	16.54563
22	30	16.55686
22	30	16.5776
22	30	16.59998
22	29	16.6226
22	29	16.64458
22	29	16.66783
22	29	16.69558
22	29	16.71264
22	29	16.73432
22	28	16.75778
22	28	16.77914
22	28	16.80118
22	28	16.82439
22	28	16.85188
22	27	16.86886
22	27	16.89243
22	27	16.91312
22	27	16.93576
22	27	16.95813
22	27	16.9802
22	26	17.00835
22	26	17.02527
22	26	17.03782
22	26	17.05261
22	26	17.06762
22	26	17.082
22	26	17.09574
23	26	17.1145
23	26	17.12791
23	26	17.14144
23	26	17.16371
23	26	17.18217
23	26	17.19482
23	26	17.20686
23	26	17.21902
23	26	17.23153
24	26	17.24411
24	26	17.25665
24	26	17.27254
24	26	17.28721
24	26	17.29974
24	26	17.31777
24	26	17.33125
24	26	17.34312
24	26	17.35495
25	26	17.36708
25	26	17.38023
25	26	17.39375
25	26	17.408
25	26	17.43015
25	26	17.45206
25	26	17.47774
26	26	17.49468
26	26	17.51709
26	26	17.54095
26	26	17.56367
26	26	17.58626
27	26	17.60883
27	26	17.63485
27	26	17.65235
27	26	17.67414
27	26	17.69664
27	26	17.71742
26	26	17.74051
26	26	17.76289
26	26	17.79079
26	26	17.80757
26	26	17.82929
26	26	17.85103
25	26	17.87342
25	26	17.88575
25	26	17.89631
25	26	17.90785
25	26	17.91921
25	26	17.93712
25	26	17.94948
25	26	17.96216
25	26	17.97462
24	26	17.98648
24	26	17.99836
24	26	18.01057
24	26	18.02209
24	26	18.03474
24	26	18.04784
24	26	18.05991
24	26	18.07166
24	26	18.09091
23	26	18.10329
23	26	18.11518
23	26	18.1277
23	26	18.14037
23	26	18.1544
23	26	18.1699
23	26	18.18571
23	26	18.20072
23	26	18.22008
22	26	18.23556
22	26	18.25665
22	26	18.26848
22	26	18.28034
22	26	18.2919
22	26	18.31021
22	26	18.33151
22	25	18.35429
22	25	18.3764
22	25	18.39943
22	25	18.42945
22	25	18.4466
22	25	18.46583
22	24	18.48863
22	24	18.51133
22	24	18.53584
22	24	18.55819
22	24	18.58299
22	23	18.59984
22	23	18.62226
22	23	18.64514
22	23	18.66925
22	23	18.69272
23	23	18.71424
23	23	18.73377
23	23	18.74933
23	23	18.76632
23	23	18.78058
23	23	18.79292
23	23	18.80486
23	23	18.81795
23	23	18.83011
24	23	18.84599
24	23	18.86199
24	23	18.87692
24	23	18.89511
24	23	18.90695
24	23	18.9197
24	23	18.93144
24	23	18.94357
24	23	18.95537
25	23	18.9681
25	23	18.98063
25	23	18.99735
25	23	19.01171
25	23	19.02417
25	23	19.0364
25	23	19.05426
25	23	19.06588
26	23	19.07979
26	23	19.10196
26	23	19.12421
26	23	19.14632
26	23	19.1687
26	23	19.19463
27	23	19.21881
27	23	19.23626
27	23	19.25937
27	23	19.28084
27	23	19.30972
26	23	19.32923
26	23	19.35295
26	23	19.3825
26	23	19.39718
26	23	19.41797
26	23	19.44039
25	23	19.46371
25	23	19.47901
25	23	19.5004
25	23	19.52309
25	23	19.55182
25	23	19.56292
24	23	19.57546
24	23	19.58671
24	23	19.59907
24	23	19.6112
24	23	19.62408
24	23	19.64112
24	23	19.65352
24	23	19.66549
24	23	19.6778
23	23	19.69563
23	23	19.70796
23	23	19.71964
23	23	19.73153
23	23	19.7433
23	23	19.75539
23	23	19.76764
23	23	19.77987
23	23	19.79245
23	23	19.80478
22	23	19.81704
22	23	19.82998
22	23	19.85053
22	23	19.86501
22	23	19.878
22	23	19.89044
22	23	19.90125
22	23	19.91273
22	23	19.92436
22	22	19.93803
22	22	19.96129
22	22	19.98402
22	22	20.01503
22	22	20.03319
22	22	20.05239
22	21	20.07457
22	21	20.09765
22	21	20.12201
22	21	20.14305
22	21	20.16831
22	20	20.18555
22	20	20.20745
22	20	20.2303
22	20	20.25476
22	20	20.27733
22	19	20.30031
22	19	20.32656
22	19	20.343
22	19	20.36689
22	19	20.38967
22	19	20.41115
22	18	20.43104
22	18	20.44846
22	18	20.46348
22	18	20.48744
22	18	20.5026
22	18	20.51528
22	18	20.52809
22	18	20.53977
22	17	20.55316
22	17	20.56558
22	17	20.58184
22	17	20.59694
22	17	20.60962
22	17	20.6227
22	17	20.64211
22	17	20.65524
23	17	20.66786
23	17	20.68055
23	17	20.69344
23	17	20.70928
23	17	20.72545
23	17	20.74115
23	17	20.75614
23	17	20.76835
23	17	20.78036
24	17	20.79852
24	17	20.81224
24	17	20.8335
24	17	20.86279
24	17	20.88139
24	17	20.90319
25	17	20.92538
25	17	20.94657
25	17	20.97606
25	17	20.9928
25	17	21.01237
26	17	21.03623
26	17	21.06135
26	17	21.08293
26	17	21.10748
26	17	21.1309
26	17	21.14784
27	17	21.16917
27	17	21.19132
27	17	21.21938
27	17	21.23892
27	17	21.25165
27	17	21.26479
26	17	21.28319
26	17	21.29573
26	17	21.30805
26	17	21.32051
26	17	21.33283
26	17	21.34626
26	17	21.35874
26	17	21.37054
26	17	21.38282
26	17	21.39503
25	17	21.40818
25	17	21.42116
25	17	21.43951
25	17	21.45204
25	17	21.46347
25	17	21.47695
25	17	21.48885
25	17	21.50082
25	17	21.51289
24	17	21.52494
24	17	21.53774
24	17	21.55189
24	17	21.56367
24	17	21.58242
24	17	21.60941
24	17	21.62691
23	17	21.64876
23	17	21.67104
23	17	21.69377
23	17	21.71646
23	17	21.73842
23	17	21.7663
22	17	21.78305
22	17	21.80483
22	17	21.82761
22	17	21.84963
22	17	21.87198
22	17	21.89526
22	17	21.92203
22	17	21.93974
22	17	21.96301
22	17	21.98535
22	17	22.00747
22	17	22.03056
22	17	22.05182
22	17	22.07173
22	17	22.08508
22	17	22.09818
22	17	22.11231
22	17	22.12713
22	17	22.14008
22	17	22.15346
22	17	22.16683
22	17	22.18073
22	17	22.1935
22	17	22.21189
22	17	22.23328
22	17	22.24721
22	17	22.26151
22	17	22.27368
22	17	22.28594
22	17	22.2986
22	17	22.3109
22	17	22.32359
22	17	22.33598
22	17	22.34816
22	17	22.35973
22	17	22.37229
22	17	22.3898
22	17	22.40248
22	17	22.41338
22	17	22.42529
22	17	22.44187
22	17	22.46447
22	17	22.48658
22	17	22.50928
22	17	22.53243
22	16	22.5594
22	16	22.57736
22	16	22.60119
22	16	22.62369
22	16	22.64582
22	15	22.66862
22	15	22.6881
22	15	22.71597
22	15	22.73756
22	15	22.75949
22	15	22.7772
22	14	22.80194
22	14	22.82503
22	14	22.84744
22	14	22.87292
22	14	22.8896
22	14	22.90153
22	13	22.91325
22	13	22.92513
22	13	22.93916
22	13	22.95365
22	13	22.96915
22	13	22.98173
22	13	22.9937
22	13	23.00601
22	13	23.02395
22	12	23.03659
22	12	23.04848
22	12	23.06201
22	12	23.07643
22	12	23.09162
22	12	23.10676
22	12	23.12158
22	12	23.1354
22	12	23.14798
22	11	23.16036
22	11	23.178
22	11	23.19063
22	11	23.20284
22	11	23.21548
22	11	23.22889
22	11	23.25103
22	11	23.2707
22	12	23.29247
22	12	23.31422
22	12	23.34188
22	12	23.35851
22	12	23.38026
22	13	23.40258
22	13	23.42504
22	13	23.44716
22	13	23.46934
22	13	23.49763
22	13	23.51428
22	14	23.53671
22	14	23.55865
22	14	23.5815
22	14	23.62092
22	14	23.63751
22	15	23.64963
22	15	23.6708
22	15	23.69297
22	15	23.71542
22	15	23.72765
22	15	23.73908
22	15	23.7513
22	15	23.76371
22	16	23.77544
22	16	23.79558
22	16	23.81087
22	16	23.82363
22	16	23.83636
22	16	23.84836
22	16	23.86087
22	16	23.87308
22	16	23.8863
22	17	23.89892
22	17	23.91086
22	17	23.92327
22	17	23.93682
22	17	23.95497
22	17	23.96693
22	17	23.98001
22	17	23.99208
22	17	24.00437
22	18	24.01602
22	18	24.02763
22	18	24.04032
22	18	24.0521
22	18	24.06296
22	18	24.084
22	18	24.10558
22	19	24.13387
22	19	24.15097
22	19	24.17265
22	19	24.19493
22	19	24.21836
22	19	24.23987
22	20	24.2621
22	20	24.28959
22	20	24.30663
22	20	24.32896
22	20	24.35108
22	20	24.37351
21	20	24.39686
21	20	24.41969
21	20	24.45231
21	20	24.469
21	20	24.48702
20	20	24.50927
20	20	24.53442
20	20	24.55716
20	20	24.57463
20	20	24.59648
20	20	24.61038
19	20	24.62691
19	20	24.64106
19	20	24.65439
19	20	24.67062
19	20	24.68636
19	20	24.7026
19	20	24.71498
19	20	24.72739
19	19	24.74578
19	19	24.76378
19	19	24.77693
19	19	24.79286
19	19	24.80783
19	19	24.81979
19	19	24.83271
19	19	24.84755
19	19	24.86352
19	18	24.87598
19	18	24.88825
19	18	24.90707
19	18	24.92266
19	18	24.93707
19	18	24.94968
19	18	24.96652
19	17	24.98892
19	17	25.01355
19	17	25.03692
19	17	25.05904
19	17	25.0842
19	17	25.10146
19	18	25.12338
19	18	25.14508
19	18	25.17004
19	18	25.19245
19	18	25.21304
19	19	25.24136
19	19	25.25702
19	19	25.28143
19	19	25.30186
19	19	25.32378
19	19	25.34765
19	20	25.36909
19	20	25.39708
19	20	25.41294
19	20	25.42533
19	20	25.43683
19	20	25.44858
19	20	25.46039
19	20	25.47338
19	20	25.48472
19	20	25.4973
19	20	25.50889
19	20	25.52215
19	20	25.5424
18	20	25.55681
18	20	25.57056
18	20	25.58409
18	20	25.60048
18	20	25.61767
18	20	25.63318
18	20	25.64857
18	20	25.66109
18	20	25.67345
17	20	25.69159
17	20	25.70475
17	20	25.71987
17	20	25.73586
17	20	25.74858
17	20	25.76067
17	20	25.77269
17	20	25.78823
16	20	25.80263
16	20	25.81459
16	20	25.82891
16	20	25.85763
16	20	25.87553
16	20	25.89408
16	20	25.91604
16	21	25.93816
16	21	25.96432
16	21	25.98626
16	21	26.01604
16	21	26.02979
16	22	26.0508
16	22	26.07201
16	22	26.09724
16	22	26.12238
16	22	26.1438
16	23	26.16862
16	23	26.18464
16	23	26.20716
16	23	26.23109
16	23	26.25383
16	23	26.27621
17	23	26.29865
17	23	26.31681
17	23	26.3297
17	23	26.34377
17	23	26.35967
17	23	26.37234
17	23	26.38447
17	23	26.39666
17	23	26.40871
18	23	26.42464
18	23	26.44048
18	23	26.45748
18	23	26.47644
18	23	26.48902
18	23	26.50196
18	23	26.5149
18	23	26.52689
19	23	26.53973
19	23	26.5525
19	23	26.56533
19	23	26.58042
19	23	26.59595
19	23	26.60858
19	23	26.62796
19	23	26.64041
19	23	26.65279
19	24	26.66634
19	24	26.68897
19	24	26.71058
19	24	26.73528
19	24	26.75678
19	25	26.77861
19	25	26.80402
19	25	26.82164
19	25	26.84491
19	25	26.86748
19	25	26.88776
19	26	26.91237
19	26	26.93543
19	26	26.96077
19	26	26.97768
19	26	26.99957
19	26	27.02133
20	26	27.04416
20	26	27.06694
20	26	27.08932
20	26	27.11713
20	26	27.13363
21	26	27.14507
21	26	27.15767
21	26	27.17028
21	26	27.1822
21	26	27.19418
21	26	27.2085
21	26	27.22256
21	26	27.23794
21	26	27.25271
22	26	27.27276
22	26	27.28727
22	26	27.30306
22	26	27.32182
22	26	27.33361
22	26	27.34577
22	26	27.3582
22	26	27.36993
22	26	27.38212
23	26	27.3943
23	26	27.40695
23	26	27.42511
23	26	27.43688
23	26	27.44847
23	26	27.46098
23	26	27.47285
23	26	27.48642
23	26	27.49742
23	26	27.50961
22	26	27.52129
22	26	27.53245
22	26	27.54485
22	26	27.55797
22	26	27.57506
22	26	27.59286
22	26	27.61449
21	26	27.63597
21	26	27.65844
21	26	27.6819
21	26	27.70368
21	26	27.72618
21	26	27.75423
20	26	27.77074
20	26	27.79247
20	26	27.8154
20	26	27.83875
20	26	27.8606
19	26	27.88296
19	26	27.91128
19	26	27.92723
19	26	27.94974
19	26	27.97206
19	26	27.99463
19	25	28.01713
19	25	28.0401
19	25	28.05996
19	25	28.07258
19	25	28.08492
19	25	28.09665
19	25	28.10896
19	25	28.1209
19	24	28.133
19	24	28.14492
19	24	28.15719
19	24	28.16957
19	24	28.1827
19	24	28.19516
19	24	28.21416
19	24	28.22683
19	24	28.23945
19	23	28.25131
19	23	28.2636
19	23	28.2779
19	23	28.29358
19	23	28.30894
19	23	28.3249
19	23	28.34159
19	23	28.3594
19	23	28.37941
19	23	28.39486
19	23	28.40697
19	23	28.42896
19	23	28.45151
18	23	28.4734
18	23	28.49571
18	23	28.51989
18	23	28.54632
18	23	28.56909
18	23	28.58613
17	23	28.60928
17	23	28.63016
17	23	28.65296
17	23	28.67526
17	23	28.70273
16	23	28.71995
16	23	28.74177
16	23	28.76398
16	23	28.78652
16	23	28.80866
16	23	28.83095
16	23	28.85885
16	23	28.87165
16	23	28.88421
16	23	28.89662
16	23	28.90917
16	23	28.9222
16	23	28.93706
16	23	28.95087
16	23	28.9649
16	23	28.97828
16	23	28.99267
16	23	29.01134
16	23	29.02345
16	23	29.0353
16	23	29.04787
16	23	29.06094
16	23	29.07297
16	23	29.0849
16	23	29.09706
16	23	29.10885
16	23	29.12115
16	23	29.13371
16	23	29.14623
16	23	29.16632
16	23	29.17867
16	23	29.19175
16	23	29.20584
16	23	29.21702
16	23	29.23293
16	23	29.25579
16	23	29.27808
16	23	29.30023
16	23	29.3311
16	23	29.34558
16	23	29.3666
16	22	29.38984
16	22	29.41103
16	22	29.43395
16	22	29.45691
16	22	29.48565
16	21	29.50408
16	21	29.52522
16	21	29.54582
16	21	29.56888
16	21	29.5904
16	21	29.61398
16	20	29.64091
16	20	29.65756
16	20	29.67942
16	20	29.69248
16	20	29.70466
16	20	29.71599
16	20	29.7287
16	20	29.74113
17	20	29.75308
17	20	29.76682
17	20	29.7868
17	20	29.79932
17	20	29.81189
17	20	29.82481
17	20	29.83669
17	20	29.84918
18	20	29.86806
18	20	29.88103
18	20	29.89371
18	20	29.90589
18	20	29.91829
18	20	29.93657
18	20	29.94859
18	20	29.96064
18	20	29.97308
18	20	29.98605
19	20	29.99865
19	20	30.01092
19	20	30.02311
19	20	30.03766
19	20	30.05214
19	20	30.06568
19	20	30.07781
19	20	30.09523
19	20	30.10698
19	19	30.12659
19	19	30.14888
19	19	30.1714
19	19	30.19394
19	19	30.21643
19	18	30.23927
19	18	30.26608
19	18	30.28351
19	18	30.30581
19	18	30.32816
19	18	30.35097
19	17	30.37302
19	17	30.39592
19	17	30.42329
19	17	30.44036
19	17	30.46226
19	16	30.48549
19	16	30.5074
19	16	30.5297
19	16	30.55425
19	16	30.58035
19	16	30.59548
19	15	30.60873
19	15	30.62505
19	15	30.64183
19	15	30.65883
19	15	30.67593
19	15	30.69478
19	15	30.70854
19	14	30.72723
19	14	30.74029
19	14	30.75495
19	14	30.77145
19	14	30.78671
19	14	30.79885
19	14	30.8121
19	14	30.82902
19	14	30.84367
19	13	30.85584
19	13	30.8696
19	13	30.89134
19	13	30.90615
19	13	30.91755
19	13	30.92943
19	13	30.94129
19	13	30.954
19	12	30.97592
19	12	31.00064
19	12	31.02408
19	12	31.05078
19	12	31.06565
19	12	31.08756
19	11	31.10972
19	11	31.13201
19	11	31.15755
19	11	31.18538
19	11	31.20746
20	11	31.22452
20	11	31.24432
20	11	31.26682
20	11	31.28888
20	11	31.31085
20	11	31.33278
21	11	31.35896
21	11	31.38287
21	11	31.39986
21	11	31.41196
21	11	31.42483
21	11	31.43708
21	11	31.44881
21	11	31.46125
22	11	31.47343
22	11	31.48627
22	11	31.49863
22	11	31.51165
22	11	31.53057
22	11	31.54322
22	11	31.55539
22	11	31.56802
22	11	31.58148
22	10	31.59383
22	10	31.60652
22	10	31.6207
22	10	31.63452
22	10	31.64807
22	10	31.66051
22	10	31.67323
22	10	31.69295
22	10	31.7053
22	9	31.71736
22	9	31.73087
22	9	31.74631
22	9	31.75993
22	9	31.77395
22	9	31.78719
22	9	31.79996
22	9	31.81315
22	8	31.83597
22	8	31.8632
22	8	31.8803
22	8	31.90275
22	8	31.92551
22	8	31.94759
22	7	31.96984
22	7	31.99264
22	7	32.0197
22	7	32.03698
22	7	32.05929
22	6	32.08146
22	6	32.10402
22	6	32.12653
22	6	32.1486
22	6	32.17712
22	6	32.19364
22	5	32.21542
22	5	32.23866
22	5	32.26042
22	5	32.28396
22	5	32.2975
22	5	32.31145
22	4	32.33013
22	4	32.34256
22	4	32.35593
22	4	32.36836
22	4	32.3798
22	4	32.39204
22	4	32.40465
22	4	32.41681
22	4	32.42953
22	4	32.44126
22	3	32.45894
22	3	32.47218
22	3	32.49043
22	3	32.50258
22	3	32.51468
22	3	32.52792
22	3	32.54084
22	3	32.55367
22	3	32.56627
22	2	32.57872
22	2	32.59147
22	2	32.60272
22	2	32.61539
22	2	32.62755
22	2	32.64603
22	2	32.66335
22	2	32.68479
21	2	32.70724
21	2	32.73019
21	2	32.75392
21	2	32.77664
21	2	32.79697
20	2	32.82479
20	2	32.84217
20	2	32.8664
20	2	32.88892
20	2	32.91082
20	2	32.9311
19	2	32.95494
19	2	32.98255
19	2	33.00037
19	2	33.02334
19	2	33.04591
18	2	33.0674
18	2	33.08922
18	2	33.11325
18	2	33.13791
18	2	33.15102
18	2	33.16302
18	2	33.17616
17	2	33.19196
17	2	33.20858
17	2	33.22355
17	2	33.23699
17	2	33.24974
17	2	33.26223
17	2	33.27559
17	2	33.29317
16	2	33.30485
16	2	33.31671
16	2	33.33049
16	2	33.34562
16	2	33.36161
16	2	33.37844
16	2	33.39125
16	2	33.40424
16	2	33.41621
16	3	33.42923
16	3	33.44613
16	3	33.45928
16	3	33.4748
16	3	33.49022
16	3	33.50621
16	3	33.52197
16	3	33.53391
16	4	33.55636
16	4	33.57772
16	4	33.60264
16	4	33.63078
16	4	33.64656
16	5	33.67048
16	5	33.69221
16	5	33.713
16	5	33.73604
16	5	33.7603
16	5	33.78505
17	5	33.80191
17	5	33.82956
17	5	33.85036
17	5	33.86974
17	5	33.89217
18	5	33.91391
18	5	33.94276
18	5	33.95956
18	5	33.97529
18	5	33.99346
18	5	34.00761
18	5	34.02137
19	5	34.0344
19	5	34.04806
19	5	34.0628
19	5	34.07979
19	5	34.1013
19	5	34.11414
19	5	34.13044
19	5	34.14584
19	6	34.15908
19	6	34.17076
19	6	34.18319
19	6	34.19852
19	6	34.21307
19	6	34.22543
19	6	34.23721
19	6	34.25753
19	6	34.26984
19	7	34.28474
19	7	34.30035
19	7	34.31333
19	7	34.32658
19	7	34.34093
19	7	34.36061
19	7	34.3825
19	8	34.40576
19	8	34.43227
19	8	34.45306
19	8	34.47561
19	8	34.49392
19	8	34.51616
20	7	34.53906
20	7	34.56268
20	7	34.59124
20	7	34.61323
20	7	34.63361
21	7	34.65196
21	7	34.67414
21	7	34.69748
21	7	34.7205
21	7	34.7486
22	7	34.77291
22	7	34.78733
22	7	34.80696
22	7	34.81985
22	7	34.83235
22	7	34.84423
22	7	34.8566
22	7	34.86885
22	7	34.88196
21	7	34.90011
21	7	34.91317
21	7	34.92493
21	7	34.93636
21	7	34.94865
21	7	34.96189
21	7	34.97396
21	7	34.98564
21	7	35.00314
20	7	35.01531
20	7	35.02721
20	7	35.03907
20	7	35.05676
20	7	35.06901
20	7	35.08112
20	7	35.09405
20	7	35.10597
20	7	35.11781
20	7	35.13026
19	7	35.14166
19	7	35.15354
19	7	35.17522
19	7	35.19875
19	7	35.22621
19	7	35.24265
18	7	35.26588
18	7	35.28726
18	7	35.31023
18	7	35.33532
18	7	35.36002
17	7	35.38576
17	7	35.40684
17	7	35.42523
17	7	35.44685
17	7	35.46592
17	7	35.48835
16	7	35.51144
16	7	35.53856
16	7	35.55906
16	7	35.57975
16	7	35.60025
16	8	35.62231
16	8	35.6447
16	8	35.66824
16	8	35.68954
16	8	35.70592
16	8	35.72068
16	8	35.73257
16	9	35.74454
16	9	35.75742
16	9	35.76995
16	9	35.78489
16	9	35.80017
16	9	35.81244
16	9	35.82602
16	9	35.84483
16	9	35.86017
16	10	35.87491
16	10	35.88689
16	10	35.8989
16	10	35.91126
16	10	35.92322
16	10	35.93473
16	10	35.94694
16	10	35.9595
16	10	35.97144
16	10	35.98375
16	10	36.00107
16	10	36.0137
16	10	36.02564
16	10	36.03677
15	10	36.05801
15	10	36.07994
15	10	36.10245
15	10	36.12623
15	10	36.14774
15	10	36.17679
14	10	36.1937
14	10	36.21523
14	10	36.2377
14	10	36.25985
14	10	36.28123
13	10	36.30353
13	10	36.33168
13	10	36.34882
13	10	36.37461
13	10	36.39691
13	10	36.41687
13	9	36.43837
13	9	36.46136
13	9	36.49227
13	9	36.50959
13	9	36.5253
13	9	36.53743
13	8	36.54985
13	8	36.56346
13	8	36.5765
13	8	36.59196
13	8	36.60738
13	8	36.62078
13	8	36.63926
13	8	36.65189
13	7	36.66975
13	7	36.6851
13	7	36.69783
13	7	36.7126
13	7	36.72862
13	7	36.74154
13	7	36.75378
13	7	36.76617
13	7	36.77877
13	7	36.7973
13	7	36.80954
13	7	36.82762
13	7	36.84426
13	7	36.85688
13	7	36.86847
13	7	36.87945
12	7	36.89549
12	7	36.91813
12	7	36.94114
12	7	36.97067
12	7	36.98808
12	7	37.0097
11	7	37.0298
11	7	37.0523
11	7	37.07629
11	7	37.09928
11	7	37.12484
10	7	37.1437
10	7	37.16615
10	7	37.18665
10	7	37.21074
10	7	37.23324
10	7	37.25299
10	6	37.28281
10	6	37.30173
10	6	37.32249
10	6	37.33467
10	6	37.34747
10	6	37.35926
10	6	37.3706
10	6	37.3831
10	6	37.39535
10	6	37.40788
10	6	37.43145
10	6	37.44872
10	6	37.46419
10	6	37.48088
10	6	37.49574
10	5	37.50949
10	5	37.52211
10	5	37.5368
10	5	37.5594
10	5	37.58121
10	5	37.59397
10	5	37.60637
11	5	37.62251
11	5	37.63665
11	5	37.64921
11	5	37.66635
11	5	37.68122
11	5	37.69358
11	5	37.70501
11	5	37.72225
12	5	37.75022
12	5	37.76692
12	5	37.7925
12	5	37.81354
12	5	37.83345
12	5	37.85628
13	5	37.87845
13	5	37.90823
13	5	37.92609
13	5	37.94816
13	5	37.96993
13	4	37.99173
13	4	38.01361
13	4	38.03654
13	4	38.06735
13	4	38.08438
13	4	38.10678
13	3	38.12691
13	3	38.14725
13	3	38.16239
13	3	38.17791
13	3	38.19138
13	3	38.20935
13	3	38.22222
13	2	38.23392
13	2	38.24621
13	2	38.2627
13	2	38.27769
13	2	38.29099
13	2	38.30312
13	2	38.31507
13	2	38.32734
13	2	38.33877
13	2	38.35139
13	2	38.37002
13	2	38.38205
13	2	38.39412
13	2	38.40776
13	2	38.42554
13	2	38.4429
13	2	38.45745
13	2	38.47154
13	2	38.48594
14	2	38.4995
14	2	38.51378
14	2	38.53366
14	2	38.55104
14	2	38.57311
14	2	38.5957
15	2	38.61972
15	2	38.63975
15	2	38.66224
15	2	38.68678
15	2	38.71544
15	2	38.7298
16	2	38.75347
16	2	38.77465
16	2	38.79553
16	2	38.81758
16	2	38.8399
17	2	38.86855
17	2	38.884
17	2	38.90583
17	2	38.92859
17	2	38.95111
17	2	38.9633
17	2	38.97517
18	2	38.98726
18	2	38.99993
18	2	39.01892
18	2	39.0318
18	2	39.04395
18	2	39.05563
18	2	39.06904
18	2	39.0803
18	2	39.09238
17	2	39.10448
17	2	39.11784
17	2	39.13046
17	2	39.14293
17	2	39.15519
17	2	39.17254
17	2	39.21209
16	2	39.22667
16	2	39.23863
16	2	39.2507
16	2	39.26345
16	2	39.27517
16	2	39.28658
16	2	39.29841
16	2	39.31985
15	2	39.34658
15	2	39.3644
15	2	39.38647
15	2	39.40871
15	2	39.4314
15	2	39.45363
14	2	39.47874
14	2	39.503
14	2	39.52237
14	2	39.54402
14	2	39.56602
14	2	39.58749
13	2	39.61021
13	2	39.63171
13	2	39.65961
13	2	39.67699
13	2	39.69913
12	2	39.72127
12	2	39.74443
12	2	39.76746
12	2	39.79257
12	2	39.81571
12	2	39.82846
11	2	39.8432
11	2	39.85852
11	2	39.8711
11	2	39.88655
11	2	39.90142
11	2	39.91325
11	2	39.92569
11	2	39.93801
11	2	39.95203
10	2	39.97149
10	2	39.98499
10	2	40.00097
10	2	40.01645
10	2	40.02788
10	2	40.03985
10	2	40.05213
10	2	40.06491
10	2	40.07653
9	2	40.08886
9	2	40.10568
9	2	40.12503
9	2	40.14024
9	2	40.15474
9	2	40.16811
9	2	40.17965
8	2	40.20138
8	2	40.22391
8	2	40.24715
8	2	40.27115
8	2	40.29991
8	2	40.31944
7	2	40.33918
7	2	40.35983
7	2	40.38462
7	2	40.4053
7	2	40.4254
7	3	40.45309
7	3	40.47255
7	3	40.49583
7	3	40.51711
7	3	40.53696
7	3	40.55972
7	4	40.58195
7	4	40.61098
7	4	40.62976
7	4	40.64564
7	4	40.65832
7	4	40.67013
7	4	40.68273
7	5	40.69608
7	5	40.70943
7	5	40.72204
7	5	40.73811
7	5	40.75932
7	5	40.77187
7	5	40.78716
7	5	40.8037
7	6	40.81692
7	6	40.83
7	6	40.84359
7	6	40.85883
7	6	40.87346
7	6	40.88575
7	6	40.89894
7	6	40.91779
7	6	40.93072
7	7	40.94564
7	7	40.96156
7	7	40.97612
7	7	40.98814
7	7	41.00034
7	7	41.01716
7	7	41.03935
7	7	41.06209
7	7	41.08984
7	7	41.11046
7	7	41.13178
7	7	41.15165
7	7	41.17351
8	7	41.19616
8	7	41.2186
8	7	41.24848
8	7	41.2659
8	7	41.28741
9	7	41.30775
9	7	41.3304
9	7	41.35352
9	7	41.37746
9	7	41.4048
10	7	41.42261
10	7	41.44419
10	7	41.46589
10	7	41.48067
10	7	41.49751
10	7	41.5127
10	7	41.52583
10	7	41.53833
11	7	41.55635
11	7	41.56829
11	7	41.58078
11	7	41.5938
11	7	41.60657
11	7	41.61911
11	7	41.6311
11	7	41.64338
11	7	41.65546
12	7	41.66751
12	7	41.67974
12	7	41.69198
12	7	41.70967
12	7	41.72152
12	7	41.7346
12	7	41.7483
12	7	41.7611
12	7	41.77286
12	7	41.78402
13	7	41.79589
13	7	41.80635
13	7	41.82092
13	7	41.84381
13	7	41.8714
13	7	41.88875
13	7	41.91082
13	7	41.9335
13	7	41.95608
13	7	41.97806
13	7	42.00105
12	7	42.03005
12	7	42.046
12	7	42.06739
12	7	42.08956
12	7	42.11196
12	7	42.13408
11	7	42.15719
11	7	42.1843
11	7	42.20139
11	7	42.22331
11	7	42.24568
10	7	42.26843
10	7	42.2906
10	7	42.30238
10	7	42.31425
10	7	42.33339
10	7	42.34543
10	7	42.35808
10	7	42.36977
10	7	42.3817
10	6	42.39356
10	6	42.40527
10	6	42.41755
10	6	42.42958
10	6	42.44083
10	6	42.45187
10	6	42.46454
10	6	42.48172
10	6	42.49487
10	6	42.50609
10	6	42.51769
10	6	42.53088
10	6	42.54595
10	6	42.55954
10	6	42.57364
10	6	42.58693
10	6	42.60205
10	6	42.61628
10	5	42.63935
10	5	42.6511
10	5	42.66283
10	5	42.67511
10	5	42.69289
10	5	42.71498
10	5	42.73686
10	5	42.75903
10	5	42.78229
10	5	42.80991
10	5	42.82698
10	5	42.84922
10	5	42.87116
10	5	42.89426
10	5	42.91616
10	5	42.93841
10	5	42.96559
10	6	42.98321
10	6	43.00494
10	6	43.02724
10	6	43.04959
10	6	43.07297
10	6	43.097
10	6	43.12515
10	6	43.14004
10	6	43.15219
10	6	43.16471
10	6	43.17665
10	6	43.18982
10	6	43.20333
10	6	43.21749
10	7	43.23109
10	7	43.24347
10	7	43.25729
10	7	43.27702
10	7	43.29059
10	7	43.30603
10	7	43.31686
10	7	43.32739
10	7	43.33822
10	7	43.35048
10	7	43.36234
10	7	43.37436
10	7	43.38659
10	7	43.3988
9	7	43.41164
9	7	43.43088
9	7	43.44272
9	7	43.45441
9	7	43.46714
9	7	43.48092
9	7	43.49419
9	7	43.50528
9	7	43.51721
8	7	43.53342
8	7	43.54813
8	7	43.55975
8	7	43.57234
8	7	43.59156
8	7	43.60954
8	7	43.63122
7	7	43.65349
7	7	43.67517
7	7	43.69766
7	7	43.72171
7	7	43.74405
7	6	43.7717
7	6	43.78783
7	6	43.8095
7	6	43.83261
7	6	43.85411
7	6	43.87635
7	6	43.89897
7	6	43.92699
7	6	43.94931
7	6	43.96555
7	6	43.98809
7	6	44.01022
7	5	44.033
7	5	44.04486
7	5	44.05733
7	5	44.07591
7	5	44.08798
7	5	44.10047
7	5	44.11356
7	5	44.12598
7	4	44.13851
7	4	44.15149
7	4	44.16356
7	4	44.17524
7	4	44.18722
7	4	44.19852
7	4	44.21017
7	4	44.22814
7	4	44.24024
7	4	44.2529
7	3	44.26483
7	3	44.27644
7	3	44.28831
7	3	44.30094
7	3	44.31317
7	3	44.32578
7	3	44.33777
7	3	44.35059
7	3	44.36381
7	2	44.37983
7	2	44.39331
7	2	44.41182
7	2	44.43485
7	2	44.45698
7	2	44.47953
7	2	44.50214
7	2	44.52502
7	2	44.5536
7	2	44.57037
7	2	44.5912
7	2	44.61445
7	2	44.63614
7	2	44.65832
7	2	44.68212
7	2	44.71096
7	2	44.72779
7	2	44.7489
7	2	44.77022
7	2	44.79261
7	2	44.81509
7	2	44.83809
7	2	44.86847
7	2	44.88242
7	2	44.89486
7	2	44.90691
7	2	44.91958
7	2	44.9317
7	2	44.94376
7	2	44.95632
7	2	44.96843
7	2	44.98029
7	2	44.99234
7	2	45.01048
7	2	45.02272
7	2	45.03428
7	2	45.0463
7	2	45.05894
6	2	45.07075
6	2	45.08307
6	2	45.09633
6	2	45.11232
6	2	45.12796
6	2	45.14002
6	2	45.15719
6	2	45.17589
5	2	45.19104
5	2	45.20561
5	2	45.21788
5	2	45.23193
5	2	45.25251
5	2	45.27285
5	2	45.29481
4	2	45.31886
4	2	45.34739
4	2	45.36827
4	2	45.39783
4	2	45.41181
4	2	45.42996
3	2	45.45185
3	2	45.47552
3	2	45.50752
3	2	45.5253
3	2	45.5426
2	2	45.56551
2	2	45.58564
2	2	45.60852
2	2	45.63368
2	2	45.66219
2	2	45.67737
2	2	45.69262
2	2	45.70539
2	2	45.71771
2	2	45.72953
2	2	45.74159
2	2	45.75306
2	2	45.76563
2	2	45.77715
2	2	45.79045
2	2	45.80861
2	2	45.8207
2	2	45.83324
2	2	45.84464
2	2	45.85766
2	2	45.86946
2	2	45.88159
2	2	45.89717
2	2	45.91007
2	2	45.92246
2	2	45.93442
2	2	45.94679
2	3	45.96472
2	3	45.97638
2	3	45.98948
2	3	46.00447
2	3	46.01824
2	3	46.03279
2	3	46.05483
2	3	46.07718
2	4	46.09993
2	4	46.12801
2	4	46.14711
2	4	46.16872
2	4	46.18855
2	5	46.21055
2	5	46.23309
2	5	46.257
2	5	46.28663
2	5	46.30365
3	5	46.32524
3	5	46.34551
3	5	46.36821
3	5	46.39264
3	5	46.41553
3	5	46.44203
4	5	46.46181
4	5	46.48518
4	5	46.50283
4	5	46.51565
4	5	46.52855
4	5	46.54117
4	5	46.55489
5	5	46.56849
5	5	46.58854
5	5	46.60256
5	5	46.62109
5	5	46.6368
5	5	46.64975
5	5	46.66224
5	5	46.67511
5	5	46.6887
6	5	46.70211
6	5	46.71589
6	5	46.73358
6	5	46.75665
6	5	46.77186
6	5	46.78632
6	5	46.79799
6	5	46.80964
7	5	46.82226
7	5	46.83472
7	5	46.84665
7	5	46.85797
7	5	46.8705
7	5	46.89259
7	5	46.9208
7	6	46.93764
7	6	46.95944
7	6	46.98202
7	6	47.00432
7	6	47.02632
7	6	47.04987
7	6	47.07592
7	6	47.09276
7	6	47.11588
7	6	47.13793
7	6	47.1601
7	7	47.18288
7	7	47.20544
7	7	47.23358
7	7	47.25108
7	7	47.27214
7	7	47.29465
8	7	47.31689
8	7	47.33938
8	7	47.35108
8	7	47.36312
8	7	47.38151
8	7	47.3952
8	7	47.40666
8	7	47.41825
8	7	47.43032
8	7	47.44239
8	7	47.45463
8	7	47.46805
8	7	47.48096
8	7	47.49432
8	7	47.50699
8	7	47.51938
8	7	47.53704
9	7	47.5486
9	7	47.56087
9	7	47.57476
9	7	47.59112
9	7	47.60919
9	7	47.62295
9	7	47.63805
9	7	47.65176
9	7	47.66573
10	7	47.67844
10	7	47.70164
10	7	47.71283
10	7	47.72457
10	7	47.74181
10	7	47.7632
10	7	47.78579
11	7	47.80851
11	7	47.83046
11	7	47.85849
11	7	47.87606
11	7	47.89809
12	7	47.92019
12	7	47.94278
12	7	47.9649
12	7	47.98753
12	7	48.01452
12	7	48.03193
12	8	48.05392
12	8	48.07599
12	8	48.09892
12	8	48.12167
12	8	48.14414
12	9	48.17452
12	9	48.18929
12	9	48.20204
12	9	48.21537
12	9	48.22757
12	9	48.24036
12	9	48.25236
12	9	48.26441
12	9	48.27694
12	10	48.28985
12	10	48.3033
12	10	48.32278
12	10	48.33659
12	10	48.349
12	10	48.36242
12	10	48.37705
12	10	48.3908
12	10	48.40582
12	10	48.41896
12	10	48.43223
12	10	48.44402
12	10	48.45757
12	10	48.47661
11	10	48.48908
11	10	48.50241
11	10	48.5146
11	10	48.53033
11	10	48.54613
11	10	48.56035
11	10	48.57961
11	10	48.60295
10	10	48.62487
10	10	48.65305
10	10	48.67113
10	10	48.69344
10	10	48.71382
9	10	48.7357
9	10	48.75751
9	10	48.78218
9	10	48.8127
9	10	48.83035
9	10	48.85076
8	10	48.86986
8	10	48.89262
8	10	48.91703
8	10	48.94006
8	10	48.96517
7	10	48.98444
7	10	49.00626
7	10	49.02723
7	10	49.04177
7	10	49.06154
7	10	49.07457
7	10	49.08681
7	10	49.09865
6	10	49.11687
6	10	49.13272
6	10	49.1469
6	10	49.15946
6	10	49.1718
6	10	49.18398
6	10	49.19626
6	10	49.20819
6	10	49.22029
6	10	49.23185
6	10	49.24299
6	10	49.25573
6	10	49.27828
6	10	49.29346
6	10	49.30825
6	10	49.31991
6	10	49.33232
6	10	49.34391
5	10	49.35657
5	10	49.37184
5	10	49.38896
5	10	49.40653
5	10	49.4276
5	10	49.43966
5	10	49.4541
4	10	49.47504
4	10	49.49564
4	10	49.51762
4	10	49.54131
4	10	49.56466
3	10	49.58986
3	10	49.61151
3	10	49.63403
3	10	49.65432
3	10	49.67426
3	10	49.69575
2	10	49.71864
2	10	49.74561
2	10	49.76721
2	10	49.78831
2	10	49.80696
2	10	49.82993
3	10	49.85275
3	10	49.87501
3	10	49.89681
3	10	49.9144
3	10	49.9325
3	10	49.94591
4	10	49.95958
4	10	49.97293
4	10	49.98619
4	10	49.99819
4	10	50.00966
4	10	50.02215
4	10	50.03456
4	10	50.05343
4	10	50.06552
5	10	50.07781
5	10	50.09125
5	10	50.10314
5	10	50.11532
5	10	50.12726
5	10	50.13903
5	10	50.15099
5	10	50.16259
5	10	50.17463
5	10	50.18737
6	10	50.20322
6	10	50.21555
6	10	50.23702
6	10	50.25452
6	10	50.27655
6	10	50.29885
6	10	50.32114
7	10	50.34372
7	10	50.37149
7	10	50.38932
7	10	50.41086
7	10	50.43322
7	10	50.45623
7	10	50.4791
7	10	50.50201
7	10	50.52934
7	10	50.54618
8	10	50.56766
8	10	50.59093
8	10	50.61406
8	10	50.63474
8	10	50.65848
8	10	50.68623
9	10	50.70134
9	10	50.72358
9	10	50.73534
9	10	50.74678
9	10	50.75938
9	10	50.77121
9	10	50.78281
9	10	50.79503
9	10	50.80872
10	10	50.82629
10	10	50.83865
10	10	50.85049
10	10	50.86318
10	10	50.87478
10	10	50.88682
10	10	50.89902
10	10	50.91105
10	10	50.92363
11	10	50.93581
11	10	50.94788
11	10	50.96021
11	10	50.98075
11	10	50.99463
11	10	51.00876
11	10	51.02254
11	10	51.0356
11	10	51.04752
12	10	51.05943
12	10	51.07203
12	10	51.08351
12	10	51.09621
12	10	51.10732
12	10	51.11922
12	10	51.14203
12	10	51.15934
11	10	51.18106
11	10	51.20326
11	10	51.22649
11	10	51.2494
11	10	51.27196
11	10	51.2989
10	10	51.31583
10	10	51.33875
10	10	51.36012
10	10	51.38237
10	10	51.4052
9	10	51.42809
9	10	51.45518
9	10	51.4729
9	10	51.49467
9	10	51.51656
9	10	51.54024
8	10	51.56305
8	10	51.58561
8	10	51.61295
8	10	51.62546
8	10	51.64102
8	10	51.65644
7	10	51.67067
7	10	51.68209
7	10	51.69412
7	10	51.70617
7	10	51.71786
7	10	51.73014
7	10	51.74241
7	10	51.76064
7	10	51.77307
7	10	51.78489
6	10	51.79708
6	10	51.80963
6	10	51.82148
6	10	51.83292
6	10	51.84455
6	10	51.85732
6	10	51.86919
6	10	51.88062
6	10	51.89325
7	9	51.91137
7	9	51.92433
7	9	51.93703
7	9	51.9525
7	9	51.96687
7	9	51.98033
7	9	51.99652
7	9	52.01844
7	8	52.04136
7	8	52.06409
7	8	52.09232
7	8	52.11133
7	8	52.13316
7	7	52.15627
7	7	52.17663
7	7	52.19849
7	7	52.22053
7	7	52.24719
7	7	52.26503
7	6	52.28728
7	6	52.30953
7	6	52.33166
7	6	52.35442
7	6	52.37704
7	5	52.40517
7	5	52.4216
7	5	52.43347
7	5	52.44715
7	5	52.45901
7	5	52.4701
7	5	52.48157
7	5	52.4959
7	5	52.50748
7	5	52.5183
7	4	52.53158
7	4	52.54913
7	4	52.56297
7	4	52.57595
7	4	52.58944
7	4	52.60199
7	4	52.61541
7	4	52.63042
7	4	52.64323
7	6	52.65579
7	6	52.66761
7	6	52.67915
7	6	52.6923
7	6	52.70987
7	6	52.72169
7	6	52.73272
7	6	52.74451
7	6	52.75715
7	6	52.77325
7	6	52.78455
7	6	52.79683
7	6	52.80941
7	6	52.82122
7	6	52.83268
7	6	52.84477
7	6	52.86302
7	6	52.87415
7	6	52.8846
7	7	52.89713
7	7	52.91251
7	7	52.93422
7	7	52.95721
7	7	52.97894
7	7	53.00189
7	8	53.02994
7	8	53.04669
7	8	53.06892
7	8	53.0916
7	8	53.1133
7	9	53.13585
7	9	53.15865
7	9	53.18562
7	9	53.2024
7	9	53.22481
7	9	53.24819
7	10	53.27164
7	10	53.29387
7	10	53.31582
7	10	53.34367
7	10	53.36092
7	10	53.37373
6	10	53.38694
6	10	53.40028
6	10	53.41376
6	10	53.42789
6	10	53.44164
6	10	53.45524
6	10	53.46906
6	10	53.48661
6	10	53.49969
5	10	53.51142
5	10	53.52417
5	10	53.53569
5	10	53.54684
5	10	53.5598
5	10	53.57106
5	10	53.58265
5	10	53.59502
5	10	53.60793
5	10	53.62152
4	10	53.63929
4	10	53.65148
4	10	53.66506
4	10	53.68243
4	10	53.69511
4	10	53.70658
4	10	53.71764
4	10	53.73889
3	10	53.76126
3	10	53.78338
3	10	53.81194
3	10	53.8289
3	10	53.8514
2	10	53.87347
2	10	53.8964
2	10	53.9186
2	10	53.94118
2	10	53.96878
2	10	53.98549
2	9	54.00773
2	9	54.03011
2	9	54.05408
2	9	54.08166
2	9	54.09785
2	8	54.12539
2	8	54.14547
2	8	54.16923
2	8	54.18695
2	8	54.1992
2	8	54.21293
2	8	54.22471
2	7	54.23615
2	7	54.24823
2	7	54.26662
2	7	54.28205
2	7	54.2978
2	7	54.31492
2	7	54.3284
2	7	54.34254
2	7	54.35461
2	7	54.36615
2	7	54.37791
2	7	54.39019
2	7	54.40264
2	7	54.42032
2	7	54.43155
2	7	54.44371
3	7	54.45641
3	7	54.47163
3	7	54.48346
3	7	54.49963
3	7	54.51504
3	7	54.52728
3	7	54.53907
3	7	54.55117
3	7	54.56614
4	7	54.59438
4	7	54.61505
4	7	54.63532
4	7	54.65516
4	7	54.67789
4	7	54.69987
4	6	54.72286
4	6	54.75001
4	6	54.77087
4	6	54.79236
4	6	54.81171
4	5	54.8336
4	5	54.85633
4	5	54.87951
4	5	54.90947
4	5	54.93076
4	5	54.95056
4	4	54.96911
4	4	54.99057
4	4	55.01216
4	4	55.03495
4	4	55.05172
4	4	55.06303
4	4	55.0751
4	4	55.08554
4	4	55.09767
4	4	55.10956
4	4	55.1208
4	4	55.13195
4	4	55.14398
4	4	55.15627
4	4	55.1684
4	4	55.17995
4	4	55.19194
4	5	55.21114
4	5	55.22346
4	5	55.23488
4	5	55.2467
4	5	55.25895
4	5	55.27608
4	5	55.28761
4	5	55.29874
4	5	55.30978
4	5	55.32082
4	5	55.33326
4	6	55.34494
4	6	55.3638
4	6	55.37646
4	6	55.38924
4	6	55.40222
4	6	55.41375
4	6	55.42576
4	6	55.43774
4	6	55.44948
4	7	55.46253
4	7	55.4769
4	7	55.49072
4	7	55.50487
4	7	55.5322
4	7	55.5489
4	7	55.57132
4	7	55.59348
4	7	55.61665
3	7	55.63816
3	7	55.66118
3	7	55.68892
3	7	55.70781
3	7	55.72746
3	7	55.74989
2	7	55.77201
2	7	55.79502
2	7	55.81729
2	7	55.84483
2	7	55.86193
2	7	55.88387
2	7	55.90654
2	7	55.92894
2	7	55.95119
2	7	55.97326
2	7	55.99033
2	7	56.00607
2	7	56.01786
2	7	56.03079
2	8	56.04301
2	8	56.05535
2	8	56.06717
2	8	56.08009
2	8	56.09274
2	8	56.10468
2	8	56.11626
2	8	56.12912
2	8	56.14656
2	9	56.15964
2	9	56.17099
2	9	56.1829
2	9	56.19574
2	9	56.20765
2	9	56.21929
2	9	56.23169
2	9	56.24342
2	9	56.255
2	9	56.26762
2	10	56.28065
2	10	56.29814
2	10	56.30952
2	10	56.32063
2	10	56.34177
2	10	56.36443
2	10	56.38682
3	10	56.40922
3	10	56.43205
3	10	56.45884
3	10	56.47651
3	10	56.49987
4	10	56.52637
4	10	56.54271
4	10	56.56463
4	10	56.58799
4	10	56.6168
4	10	56.63413
5	10	56.65615
5	10	56.67856
5	10	56.70042
5	10	56.72253
5	10	56.74479
6	10	56.77407
6	10	56.78958
6	10	56.80144
6	10	56.81476
6	10	56.82807
6	10	56.84007
6	10	56.8522
6	10	56.86535
6	10	56.87769
7	10	56.89079
7	10	56.90426
7	10	56.92478
7	10	56.93777
7	10	56.94999
7	10	56.96317
7	10	56.9749
7	10	56.98674
7	10	56.99937
7	10	57.01084
8	10	57.02276
8	10	57.03547
8	10	57.04789
8	10	57.06034
8	10	57.08142
8	10	57.09676
8	10	57.10994
8	10	57.12276
9	10	57.13533
9	10	57.14733
9	10	57.15931
9	10	57.17044
9	10	57.19126
9	10	57.21345
9	10	57.24136
10	10	57.25842
10	10	57.28061
10	10	57.30206
10	10	57.32481
10	10	57.34717
10	10	57.36983
10	11	57.39782
10	11	57.41446
10	11	57.43946
10	11	57.46219
10	11	57.48353
10	12	57.50425
10	12	57.5261
10	12	57.55488
10	12	57.57323
10	12	57.59633
10	12	57.61989
10	13	57.64071
10	13	57.66153
10	13	57.67545
10	13	57.69121
10	13	57.71359
10	13	57.7295
10	14	57.7471
10	14	57.76513
10	14	57.78292
10	14	57.79914
10	14	57.8117
10	14	57.82471
10	14	57.84289
10	14	57.86185
10	15	57.87486
10	15	57.88696
10	15	57.90094
10	15	57.91625
10	15	57.9308
10	15	57.94294
10	15	57.95536
10	15	57.96677
10	15	57.97896
10	16	57.99086
10	16	58.00286
10	16	58.02195
10	16	58.03744
10	16	58.05221
10	16	58.0668
10	16	58.08145
10	16	58.0961
10	17	58.11757
10	17	58.14029
10	17	58.16318
10	17	58.19331
10	17	58.21109
10	17	58.23279
10	18	58.25491
10	18	58.27654
10	18	58.30088
10	18	58.32293
10	18	58.34937
10	19	58.36493
10	19	58.38948
10	19	58.4122
10	19	58.43431
10	19	58.45324
10	19	58.4759
11	19	58.50338
11	19	58.52134
11	19	58.53576
11	19	58.55192
11	19	58.5644
11	19	58.5769
11	19	58.5893
12	19	58.60194
12	19	58.61545
12	19	58.62947
12	19	58.65311
12	19	58.66991
12	19	58.68441
12	19	58.70295
12	19	58.72021
13	19	58.73379
13	19	58.74842
13	19	58.76538
13	19	58.78001
13	19	58.79942
13	19	58.81216
13	19	58.82409
13	19	58.83719
14	19	58.85405
14	19	58.87148
14	19	58.88539
14	19	58.90055
14	19	58.91435
14	19	58.93299
14	19	58.96135
15	19	58.97768
15	19	59.00026
15	19	59.0256
15	19	59.04745
15	19	59.06736
16	19	59.09033
16	19	59.1177
16	19	59.13426
16	19	59.1576
16	19	59.18188
16	19	59.20368
17	19	59.22386
17	19	59.24651
17	19	59.27281
17	19	59.29104
17	19	59.3126
18	19	59.33506
18	19	59.35759
18	19	59.37936
18	19	59.40443
18	19	59.4276
18	19	59.44049
18	19	59.45192
19	19	59.46469
19	19	59.47645
19	19	59.48809
19	19	59.50093
19	19	59.51289
19	19	59.52498
19	19	59.53783
19	19	59.54949
19	19	59.56299
19	18	59.5801
19	18	59.59217
19	18	59.60377
19	18	59.61736
19	18	59.63005
19	18	59.64092
19	18	59.65267
19	18	59.66442
19	18	59.67579
19	18	59.6875
19	18	59.6996
19	17	59.71116
19	17	59.72361
19	17	59.73991
19	17	59.75242
19	17	59.77289
19	17	59.79278
19	17	59.8152
19	16	59.83739
19	16	59.86058
19	16	59.88273
19	16	59.91007
19	16	59.92741
19	15	59.94984
19	15	59.97224
19	15	59.99448
19	15	60.01722
19	15	60.04026
19	14	60.0688
19	14	60.08476
19	14	60.1066
19	14	60.12866
19	14	60.15094
19	14	60.17308
19	13	60.19664
19	13	60.2158
19	13	60.22799
19	13	60.23931
19	13	60.25167
19	13	60.26428
19	13	60.2763
19	13	60.28922
19	13	60.30168
19	12	60.31312
19	12	60.32516
19	12	60.33798
19	12	60.35095
19	12	60.37412
19	12	60.38635
19	12	60.39887
19	12	60.41082
19	12	60.42296
19	11	60.43522
19	11	60.44699
19	11	60.45885
19	11	60.47133
19	11	60.4835
19	11	60.49619
19	11	60.50931
19	11	60.52745
19	11	60.54011
19	11	60.55366
19	10	60.57487
19	10	60.59735
19	10	60.6204
19	10	60.64153
19	10	60.66437
18	10	60.69279
18	10	60.70993
18	10	60.73174
18	10	60.7537
18	10	60.77587
18	10	60.79845
17	10	60.82129
17	10	60.84873
17	10	60.86499
17	10	60.88768
17	10	60.91218
16	10	60.93354
16	10	60.95633
16	10	60.97935
16	10	61.00677
16	10	61.02299
15	10	61.04452
15	10	61.05669
15	10	61.06884
15	10	61.08173
15	10	61.09371
15	10	61.10715
15	10	61.11957
15	10	61.1326
15	10	61.1525
14	10	61.16688
14	10	61.18055
14	10	61.19359
14	10	61.20774
14	10	61.21954
14	10	61.23181
14	10	61.24362
14	10	61.25525
14	10	61.26729
14	10	61.27959
13	10	61.29161
13	10	61.31077
13	10	61.3227
13	10	61.3357
13	10	61.34891
13	10	61.36183
13	10	61.37394
13	10	61.38539
13	10	61.39744
13	10	61.40985
12	10	61.42108
12	10	61.43225
12	10	61.44656
12	10	61.47496
12	10	61.49202
12	10	61.51337
11	10	61.53564
11	10	61.5583
11	10	61.5808
11	10	61.60332
11	10	61.63303
11	10	61.65059
10	10	61.66949
10	10	61.69269
10	10	61.71579
10	10	61.73866
10	10	61.76052
10	11	61.79121
10	11	61.8059
10	11	61.82596
10	11	61.84874
10	11	61.87084
10	11	61.89378
10	12	61.91568
10	12	61.93357
10	12	61.94547
10	12	61.95761
10	12	61.97062
10	12	61.98238
10	12	61.99502
10	12	62.00742
10	12	62.02
10	13	62.03284
10	13	62.04528
10	13	62.05657
10	13	62.0696
10	13	62.08797
10	13	62.10022
10	13	62.11256
10	13	62.12453
10	13	62.13706
11	13	62.14917
11	13	62.16334
11	13	62.178
11	13	62.19395
11	13	62.20872
11	13	62.22154
11	13	62.24105
11	13	62.25332
11	13	62.26513
12	13	62.27951
12	13	62.29943
12	13	62.31974
12	13	62.34045
12	13	62.36272
12	13	62.38489
13	13	62.41238
13	13	62.43061
13	13	62.45546
13	13	62.47713
13	13	62.49804
14	13	62.51902
14	13	62.54161
14	13	62.56988
14	13	62.58867
14	13	62.61094
15	13	62.63424
15	13	62.65251
15	13	62.67482
15	13	62.7
15	13	62.72784
15	13	62.74289
16	13	62.75852
16	13	62.77475
16	13	62.78919
16	13	62.80716
16	13	62.82504
16	13	62.83838
16	13	62.85127
16	13	62.86973
17	13	62.88159
17	13	62.89474
17	13	62.91085
17	13	62.92582
17	13	62.9426
17	13	62.95435
17	13	62.9665
17	13	62.97842
17	13	62.99059
18	13	63.00262
18	13	63.02123
18	13	63.03341
18	13	63.04851
18	13	63.06375
18	13	63.07799
18	13	63.09121
18	13	63.10238
18	13	63.11395
19	13	63.13288
19	13	63.15568
19	13	63.18259
19	13	63.2002
19	13	63.22169
18	13	63.24448
18	13	63.26674
18	13	63.28947
18	13	63.31161
18	13	63.34017
18	13	63.35863
17	13	63.38025
17	13	63.40181
17	13	63.42402
17	13	63.44577
17	13	63.46818
16	13	63.49678
16	13	63.51344
16	13	63.5349
16	13	63.55746
16	13	63.57034
16	13	63.58195
16	13	63.59318
16	13	63.60489
15	13	63.61897
15	13	63.63644
15	13	63.64954
15	13	63.66172
15	13	63.6727
15	13	63.68547
15	13	63.69723
15	13	63.7085
15	13	63.72079
15	13	63.7328
14	13	63.74446
14	13	63.75673
14	13	63.76912
14	13	63.78667
14	13	63.79888
14	13	63.81491
14	13	63.82865
14	13	63.84138
14	13	63.85457
13	13	63.86609
13	13	63.8769
13	13	63.88997
13	13	63.90556
13	13	63.91938
13	13	63.93918
13	13	63.95204
13	13	63.96928
12	13	63.99255
12	13	64.01491
12	13	64.03747
12	13	64.06019
12	13	64.08275
11	13	64.10996
11	13	64.1272
11	13	64.14905
11	13	64.17129
11	13	64.19321
11	13	64.21635
10	13	64.23883
10	13	64.26606
10	13	64.28404
10	13	64.30643
10	13	64.32834
10	14	64.35093
10	14	64.37324
10	14	64.39552
10	14	64.4155
10	14	64.42908
10	14	64.44199
10	14	64.45548
10	15	64.46841
10	15	64.48042
10	15	64.49268
10	15	64.50517
10	15	64.51733
10	15	64.52901
10	15	64.54127
10	15	64.55495
10	15	64.57296
10	15	64.58665
10	16	64.59866
10	16	64.61108
10	16	64.62389
10	16	64.63586
10	16	64.6478
10	16	64.66008
10	16	64.67239
10	16	64.6841
10	16	64.69553
10	16	64.7077
10	17	64.72545
10	17	64.73677
10	17	64.74828
10	17	64.76398
10	17	64.78648
10	17	64.80814
10	17	64.83116
10	18	64.85334
10	18	64.87573
10	18	64.90403
10	18	64.92073
10	18	64.94307
10	19	64.96626
10	19	64.98812
10	19	65.0098
10	19	65.03257
10	19	65.05962
10	19	65.07887
10	19	65.1004
10	19	65.12211
10	19	65.14333
10	19	65.16586
10	19	65.18883
10	19	65.21607
10	19	65.22734
10	19	65.23921
10	19	65.25089
10	19	65.26215
10	19	65.2728
10	19	65.28491
10	19	65.29696
10	19	65.30889
10	19	65.31957
10	19	65.33179
10	19	65.34348
10	19	65.36209
10	19	65.37426
10	19	65.38579
10	19	65.39867
10	19	65.4103
10	19	65.4219
10	19	65.43758
10	19	65.44941
10	19	65.4615
10	19	65.47282
10	19	65.48403
10	19	65.49651
10	19	65.51467
10	19	65.52693
10	19	65.53998
10	19	65.55184
10	19	65.56514
10	19	65.57575
10	19	65.58713
10	19	65.60009
10	19	65.61264
10	19	65.6241
10	19	65.63577
10	19	65.65802
10	19	65.68545
10	19	65.7024
11	19	65.72453
11	19	65.74679
11	19	65.76953
11	19	65.79169
11	19	65.81418
12	19	65.84517
12	19	65.85895
12	19	65.88045
12	19	65.90283
12	19	65.9256
12	19	65.9489
13	19	65.97039
13	19	65.99899
13	19	66.01538
13	19	66.03737
13	19	66.06036
13	19	66.08284
14	19	66.10548
14	19	66.11943
14	19	66.13395
14	19	66.15453
14	19	66.16662
14	19	66.17804
14	19	66.19044
14	19	66.20167
15	19	66.21333
15	19	66.22567
15	19	66.2379
15	19	66.24944
15	19	66.26131
15	19	66.27342
15	19	66.28612
15	19	66.30445
15	19	66.31632
15	19	66.32787
16	19	66.34043
16	19	66.3524
16	19	66.3639
16	19	66.37528
16	19	66.38792
16	19	66.39948
16	19	66.41074
16	19	66.4231
16	19	66.43501
16	19	66.4463
17	19	66.4669
17	19	66.48441
17	19	66.50659
17	19	66.52849
17	19	66.55211
17	19	66.57355
18	19	66.59516
18	19	66.61797
18	19	66.64513
18	19	66.66238
18	19	66.69051
19	19	66.70889
19	19	66.73146
19	19	66.75333
19	19	66.77528
19	19	66.80337
19	19	66.82026
18	19	66.84161
18	19	66.86422
18	19	66.88583
18	19	66.90846
18	19	66.93056
17	19	66.94729
17	19	66.96185
17	19	66.97424
17	19	66.98592
17	19	66.99808
17	19	67.0095
17	19	67.02176
17	19	67.03314
17	19	67.04461
17	19	67.05691
16	19	67.06879
16	19	67.08063
16	19	67.09906
16	19	67.11066
16	19	67.12254
16	19	67.13524
16	19	67.14648
16	19	67.15866
16	19	67.17155
16	19	67.18312
15	19	67.19807
15	19	67.21175
15	19	67.25334
15	19	67.27212
15	19	67.2846
15	19	67.2965
15	19	67.30865
14	19	67.31999
14	19	67.3327
14	19	67.34408
14	19	67.35535
14	19	67.36739
14	19	67.389
14	19	67.41108
13	19	67.43945
13	19	67.4565
13	19	67.47797
13	19	67.50092
13	19	67.52254
13	19	67.54524
13	20	67.56793
13	20	67.59666
13	20	67.6186
13	20	67.63833
13	20	67.65957
13	21	67.67964
13	21	67.70107
13	21	67.72489
13	21	67.75425
13	21	67.77238
13	21	67.79662
13	22	67.817
13	22	67.83738
13	22	67.8532
13	22	67.87349
13	22	67.88665
13	22	67.90594
13	22	67.92038
13	22	67.9322
13	22	67.94759
13	22	67.96355
13	22	67.97527
12	22	67.99169
12	22	68.00421
12	22	68.01635
12	22	68.0313
12	22	68.04628
12	22	68.06429
12	22	68.07617
12	22	68.08865
12	22	68.10313
11	22	68.11739
11	22	68.12872
11	22	68.14187
11	22	68.15723
11	22	68.17203
11	22	68.18269
11	22	68.19437
11	22	68.20625
11	22	68.22247
10	22	68.23837
10	22	68.2598
10	22	68.28495
10	22	68.3069
10	22	68.32743
10	22	68.34943
10	22	68.37286
10	23	68.40217
10	23	68.41856
10	23	68.44302
10	23	68.46457
10	23	68.48466
10	23	68.50681
10	24	68.52895
10	24	68.55982
10	24	68.57796
10	24	68.59904
10	24	68.61987
10	25	68.64057
10	25	68.66261
10	25	68.67465
10	25	68.69462
10	25	68.71515
10	25	68.72762
10	25	68.7393
10	25	68.75394
11	25	68.76769
11	25	68.78131
11	25	68.79733
11	25	68.81444
11	25	68.82908
11	25	68.84202
11	25	68.85528
11	25	68.87486
12	25	68.88956
12	25	68.90772
12	25	68.92429
12	25	68.93575
12	25	68.94807
12	25	68.96036
12	25	68.97194
12	25	68.98388
12	25	68.9958
13	25	69.0076
13	25	69.02659
13	25	69.03773
13	25	69.05154
13	25	69.0675
13	25	69.089
13	25	69.1092
13	26	69.13067
13	26	69.15384
13	26	69.17649
13	26	69.20589
13	26	69.22796
13	27	69.24564
13	27	69.26566
13	27	69.2888
13	27	69.31223
13	27	69.33556
13	27	69.36386
14	27	69.38232
14	27	69.40288
14	27	69.42559
14	27	69.44435
14	27	69.46642
15	27	69.48975
15	27	69.52114
15	27	69.53899
15	27	69.5568
15	27	69.56949
15	27	69.58139
15	27	69.59464
15	27	69.60694
16	27	69.61853
16	27	69.62979
16	27	69.64331
16	27	69.66202
16	27	69.67385
16	27	69.68845
16	27	69.70277
16	27	69.71464
16	27	69.72679
16	27	69.73816
15	27	69.74966
15	27	69.7619
15	27	69.77384
15	27	69.78558
15	27	69.79748
15	27	69.81425
15	27	69.82676
15	27	69.83765
15	27	69.84824
14	27	69.86952
14	27	69.89375
14	27	69.91266
14	27	69.9352
14	27	69.95829
14	27	69.98577
13	27	70.00244
13	27	70.02469
13	27	70.04739
13	27	70.07111
13	27	70.09241
13	28	70.11568
13	28	70.1432
13	28	70.1611
13	28	70.18498
13	28	70.2063
13	28	70.22644
13	29	70.24773
13	29	70.27107
13	29	70.30092
13	29	70.32014
13	29	70.33996
13	29	70.36037
13	29	70.37217
13	29	70.38364
13	29	70.39511
13	29	70.4066
13	29	70.41743
13	29	70.42947
13	29	70.44759
13	29	70.45956
13	29	70.47111
13	29	70.4827
13	29	70.49957
12	29	70.51172
12	29	70.52428
12	29	70.53882
12	29	70.55359
12	29	70.56529
12	29	70.57808
12	29	70.59087
12	29	70.61118
11	29	70.6324
11	29	70.64896
11	29	70.66339
11	29	70.67809
11	29	70.69363
11	29	70.70518
11	29	70.71706
11	29	70.72913
11	29	70.74068
10	29	70.76733
10	29	70.78797
10	29	70.80888
10	29	70.82896
10	29	70.85098
9	29	70.87344
9	29	70.89597
9	29	70.92321
9	29	70.94373
9	29	70.96545
9	29	70.98569
8	29	71.00823
8	29	71.03076
8	29	71.05566
8	29	71.08291
8	29	71.1002
7	29	71.12227
7	29	71.14212
7	29	71.16438
7	29	71.19057
7	29	71.21417
6	29	71.23863
6	29	71.25457
6	29	71.26921
6	29	71.28558
6	29	71.29786
6	29	71.3102
6	29	71.32324
6	29	71.3363
6	29	71.34921
5	29	71.36147
5	29	71.37498
5	29	71.39561
5	29	71.41028
5	29	71.4248
5	29	71.43687
5	29	71.44769
5	29	71.4596
5	29	71.4718
4	29	71.48244
4	29	71.49543
4	29	71.50799
4	29	71.52197
4	29	71.53673
4	29	71.55551
4	29	71.56973
4	29	71.58316
4	29	71.59489
3	29	71.61185
3	29	71.63345
3	29	71.65814
3	29	71.68018
3	29	71.70178
2	29	71.72883
2	29	71.74783
2	29	71.76968
2	29	71.79166
2	29	71.81313
2	29	71.83536
2	28	71.85812
2	28	71.88554
2	28	71.90456
2	28	71.92844
2	28	71.94582
2	27	71.96861
2	27	71.99166
2	27	72.01367
2	27	72.04259
2	27	72.06163
2	27	72.07611
2	27	72.08801
2	26	72.09928
2	26	72.11029
2	26	72.12166
2	26	72.13544
2	26	72.15129
2	26	72.16345
2	26	72.1757
2	26	72.19318
2	26	72.20766
2	25	72.22154
2	25	72.23289
2	25	72.24478
2	25	72.26038
2	25	72.27554
2	25	72.28637
2	25	72.30485
2	25	72.31781
2	25	72.33227
2	24	72.35039
2	24	72.36701
2	24	72.38177
2	24	72.39343
2	24	72.40429
2	24	72.41525
2	24	72.43713
2	23	72.45972
2	23	72.48281
2	23	72.51014
2	23	72.53011
2	23	72.55117
2	23	72.57177
2	22	72.59363
2	22	72.6168
2	22	72.6413
2	22	72.66946
2	22	72.68726
3	22	72.7081
3	22	72.72839
3	22	72.75042
3	22	72.77509
3	22	72.79784
4	22	72.82397
4	22	72.84283
4	22	72.8653
4	22	72.88731
4	22	72.89942
4	22	72.91219
4	22	72.92633
4	22	72.93806
5	22	72.94904
5	22	72.96651
5	22	72.97864
5	22	72.99397
5	22	73.0077
5	22	73.02499
5	22	73.03593
5	22	73.04736
5	22	73.05828
6	22	73.06979
6	22	73.08091
6	22	73.09452
6	22	73.1095
6	22	73.13122
6	22	73.14657
6	22	73.16196
6	22	73.17342
6	22	73.18427
7	22	73.19559
7	22	73.20658
7	22	73.21929
7	22	73.23369
7	22	73.24764
7	22	73.26237
7	22	73.28153
7	22	73.30065
7	23	73.32198
7	23	73.34226
7	23	73.36544
7	23	73.38908
7	23	73.41161
7	23	73.43221
7	24	73.46267
7	24	73.48042
7	24	73.50327
7	24	73.52211
7	24	73.54414
7	25	73.56609
7	25	73.589
7	25	73.622
7	25	73.63803
7	25	73.65543
7	25	73.67705
7	26	73.69987
7	26	73.72255
7	26	73.74764
7	26	73.76916
7	26	73.78353
7	26	73.79504
7	27	73.8065
7	27	73.81754
7	27	73.83093
7	27	73.84554
7	27	73.85989
7	27	73.87113
7	27	73.88355
7	27	73.89574
7	27	73.90759
7	28	73.929
7	28	73.94736
7	28	73.96059
7	28	73.97547
7	28	73.98975
7	28	74.00243
7	28	74.01377
7	28	74.02526
7	28	74.03709
7	29	74.04903
7	29	74.06271
7	29	74.08605
7	29	74.10195
7	29	74.11407
7	29	74.12614
7	29	74.13668
7	29	74.15771
7	28	74.17923
7	28	74.20165
7	28	74.22504
7	28	74.25835
7	28	74.27059
7	27	74.29176
7	27	74.31461
7	27	74.336
7	27	74.35884
7	27	74.381
7	27	74.40881
7	26	74.42547
7	26	74.44754
7	26	74.47017
7	26	74.49345
7	26	74.51448
7	25	74.53755
7	25	74.56483
7	25	74.5824
7	25	74.60584
7	25	74.61967
7	25	74.63197
7	25	74.64287
7	25	74.65494
7	24	74.66648
7	24	74.6772
7	24	74.68969
7	24	74.70929
7	24	74.72115
7	24	74.73308
7	24	74.74386
7	24	74.75586
7	24	74.76778
7	23	74.78053
7	23	74.792
7	23	74.80342
7	23	74.81478
7	23	74.82694
7	23	74.83982
7	23	74.85692
7	23	74.86888
7	23	74.8812
7	23	74.89301
7	22	74.90468
7	22	74.9157
7	22	74.92781
7	22	74.93941
7	22	74.95064
7	22	74.96136
7	22	74.97382
7	22	74.99557
7	21	75.0229
7	21	75.04019
7	21	75.06255
7	21	75.08762
7	21	75.1094
7	21	75.12949
7	22	75.15187
7	22	75.18497
7	22	75.20018
7	22	75.21911
7	22	75.24202
7	22	75.26403
7	23	75.28632
7	23	75.30916
7	23	75.33974
7	23	75.3529
7	23	75.37564
7	24	75.39783
7	24	75.41962
7	24	75.44236
7	24	75.45309
7	24	75.46618
7	24	75.48447
7	24	75.49698
7	24	75.50856
7	25	75.5256
7	25	75.53809
7	25	75.54926
7	25	75.56093
7	25	75.57184
7	25	75.58295
7	25	75.5947
7	25	75.6053
7	25	75.61853
7	26	75.63766
7	26	75.65118
7	26	75.66339
7	26	75.67503
7	26	75.68591
7	26	75.69712
7	26	75.70983
7	26	75.72254
7	26	75.7347
7	26	75.74648
7	27	75.75878
7	27	75.77143
7	27	75.78886
7	27	75.80041
7	27	75.81222
7	27	75.82413
7	27	75.83424
7	27	75.84538
7	27	75.86645
7	28	75.88869
7	28	75.91115
7	28	75.93372
7	28	75.96449
7	28	75.98031
7	29	76.00024
7	29	76.02358
7	29	76.0453
7	29	76.06733
7	29	76.09147
7	29	76.11998
8	29	76.13457
8	29	76.15735
8	29	76.179
8	29	76.20103
8	29	76.22381
8	29	76.24618
8	29	76.27464
8	29	76.29253
8	29	76.31344
8	29	76.33652
8	29	76.3485
8	29	76.36252
9	29	76.37348
9	29	76.38504
9	29	76.39779
9	29	76.41646
9	29	76.42887
9	29	76.44202
9	29	76.45357
9	29	76.46638
9	29	76.47788
10	29	76.49068
10	29	76.50285
10	29	76.51546
10	29	76.52696
10	29	76.53842
10	29	76.55076
10	29	76.56869
10	29	76.58044
10	29	76.59183
10	29	76.60233
11	29	76.61502
11	29	76.62672
11	29	76.6382
11	29	76.65141
11	29	76.66264
11	29	76.67403
11	29	76.69081
11	29	76.70288
11	29	76.72149
11	29	76.73323
12	29	76.74405
12	29	76.75601
12	29	76.76746
12	29	76.78001
12	29	76.79205
12	29	76.80711
12	29	76.82084
12	29	76.83327
12	29	76.84573
12	28	76.85932
12	28	76.87602
12	28	76.88763
12	28	76.89868
12	28	76.91022
12	28	76.92815
12	28	76.95046
12	28	76.97228
12	27	76.99443
12	27	77.01703
12	27	77.045
12	27	77.06253
12	27	77.08427
12	26	77.10706
12	26	77.12926
12	26	77.15107
12	26	77.17368
12	26	77.20148
12	26	77.21836
12	25	77.24025
12	25	77.26421
12	25	77.2855
12	25	77.30774
12	25	77.33012
12	25	77.35841
12	25	77.3748
12	25	77.38626
12	25	77.39803
12	25	77.40971
12	25	77.41998
12	25	77.4315
12	25	77.44261
12	25	77.45332
12	25	77.46426
12	25	77.47598
12	25	77.4875
12	25	77.50558
12	25	77.51745
12	25	77.52895
12	25	77.54055
12	25	77.55262
12	25	77.56409
12	25	77.57573
12	25	77.58781
12	25	77.59904
12	25	77.61135
12	25	77.62254
12	25	77.63386
12	25	77.64653
12	25	77.66396
12	25	77.67511
12	25	77.68587
12	25	77.69737
12	25	77.7093
12	25	77.72038
12	25	77.73199
12	25	77.74409
12	25	77.75593
12	25	77.76741
12	25	77.77972
12	25	77.79105
12	25	77.8027
12	25	77.82095
12	25	77.83694
12	25	77.84825
12	25	77.85983
12	25	77.87112
12	25	77.88215
12	25	77.89386
12	25	77.90545
12	25	77.91671
12	25	77.9286
12	25	77.94047
12	25	77.9556
12	25	77.97667
11	25	77.99087
11	25	78.00929
11	25	78.02184
11	25	78.03509
11	25	78.04688
11	25	78.05791
11	25	78.07844
11	25	78.10039
10	25	78.1226
10	25	78.15012
10	25	78.16719
10	25	78.18979
10	25	78.21175
9	25	78.23441
9	25	78.25805
9	25	78.27917
9	25	78.30699
9	25	78.32373
9	25	78.34654
8	25	78.36847
8	25	78.39139
8	25	78.41579
8	25	78.438
8	25	78.46701
7	25	78.48448
7	25	78.50231
7	25	78.51379
7	25	78.5286
7	25	78.54178
7	25	78.55353
7	25	78.56474
7	25	78.57593
7	25	78.5873
7	25	78.59898
6	25	78.62148
6	25	78.63583
6	25	78.64822
6	25	78.66077
6	25	78.67175
6	25	78.6827
6	25	78.69437
6	25	78.70522
6	25	78.71667
6	25	78.72916
6	25	78.74017
6	25	78.75494
6	25	78.77602
6	25	78.79062
6	25	78.80286
6	25	78.8133
6	25	78.82495
6	25	78.83678
5	25	78.84771
5	25	78.86035
5	25	78.87176
5	25	78.88567
5	25	78.90133
5	25	78.91444
5	25	78.9379
5	25	78.95434
4	25	78.96867
4	25	78.98485
4	25	79.01188
4	25	79.03036
4	25	79.0548
4	25	79.07386
3	25	79.10435
3	25	79.12251
3	25	79.14327
3	25	79.16314
3	25	79.1845
3	25	79.20811
2	25	79.23068
2	25	79.2602
2	25	79.27679
2	25	79.29645
2	25	79.31849
2	25	79.3401
2	25	79.36402
2	24	79.38632
2	24	79.41306
2	24	79.42451
2	24	79.43616
2	24	79.44696
2	24	79.45828
2	24	79.46947
2	24	79.48077
2	24	79.49358
2	23	79.50489
2	23	79.51574
2	23	79.52596
2	23	79.53825
2	23	79.55556
2	23	79.56834
2	23	79.58006
2	23	79.59148
2	23	79.60366
2	23	79.61731
2	22	79.62904
2	22	79.64045
2	22	79.65285
2	22	79.66485
2	22	79.67612
2	22	79.68899
2	22	79.70872
2	22	79.72082
2	22	79.7319
2	22	79.74434
3	22	79.75572
3	22	79.76889
3	22	79.78033
3	22	79.79102
3	22	79.8028
3	22	79.81468
3	22	79.8261
3	22	79.83696
3	22	79.8477
3	22	79.86462
4	22	79.87705
4	22	79.89883
4	22	79.9219
4	22	79.94406
4	22	79.96601
4	22	79.98818
5	22	80.01114
5	22	80.04119
5	22	80.05568
5	22	80.07771
5	22	80.10047
6	22	80.12207
6	22	80.14532
6	22	80.16746
6	22	80.1978
6	22	80.21265
7	22	80.2349
7	22	80.25689
7	22	80.27996
7	22	80.30154
7	22	80.32442
7	22	80.34308
7	22	80.35448
6	21	80.36572
6	21	80.37728
6	21	80.38899
6	21	80.40051
6	21	80.41227
6	21	80.42358
6	21	80.43468
6	21	80.44623
6	21	80.45798
6	21	80.46988
6	20	80.48238
6	20	80.50187
6	20	80.51439
6	20	80.52968
6	20	80.54633
6	20	80.55854
6	20	80.57044
6	20	80.58352
6	20	80.5956
6	19	80.6069
6	19	80.61954
6	19	80.63156
6	19	80.64646
6	19	80.66692
6	19	80.68136
6	19	80.69278
6	19	80.70304
6	19	80.71571
6	18	80.72854
6	18	80.74076
6	18	80.75437
6	18	80.77549
6	18	80.79707
6	18	80.82303
6	18	80.84034
6	17	80.85916
6	17	80.88272
6	17	80.90744
6	17	80.92999
6	17	80.94998
6	16	80.97926
6	16	80.99802
6	16	81.01871
6	16	81.03902
6	16	81.06004
6	16	81.08302
6	15	81.10573
6	15	81.13735
6	15	81.15441
6	15	81.17267
6	15	81.19593
6	16	81.21798
6	16	81.24133
6	16	81.25333
6	16	81.26744
6	16	81.29317
6	16	81.30949
6	16	81.32176
6	17	81.33497
6	17	81.34756
6	17	81.36059
6	17	81.37289
6	17	81.38471
6	17	81.397
6	17	81.40869
6	17	81.42056
6	17	81.4419
6	18	81.46193
6	18	81.47483
6	18	81.48747
6	18	81.5006
6	18	81.51229
6	18	81.52448
6	18	81.53564
6	18	81.54674
6	18	81.55896
6	18	81.57001
6	19	81.58215
6	19	81.60018
6	19	81.61397
6	19	81.62432
6	19	81.6384
6	19	81.65253
6	19	81.67478
6	19	81.69699
6	20	81.71964
6	20	81.74218
6	20	81.77058
6	20	81.7877
6	20	81.80856
6	21	81.83208
6	21	81.85369
6	21	81.87576
6	21	81.89886
6	21	81.9265
6	21	81.94292
6	22	81.96598
6	22	81.98833
6	22	82.01093
6	22	82.03245
6	22	82.05818
6	23	82.08343
6	23	82.10017
6	23	82.11182
6	23	82.12376
6	23	82.1356
6	23	82.14647
6	23	82.15749
6	23	82.16954
6	23	82.18154
6	24	82.19272
6	24	82.20439
6	24	82.21603
6	24	82.23405
6	24	82.24805
6	24	82.26095
6	24	82.27448
6	24	82.28798
6	24	82.30029
6	23	82.31219
6	23	82.3244
6	23	82.33566
6	23	82.34692
6	23	82.35824
6	23	82.36972
6	23	82.38757
6	23	82.39938
6	23	82.41167
6	23	82.42395
6	22	82.43578
6	22	82.44695
6	22	82.45812
6	22	82.46928
6	22	82.48083
6	22	82.49297
6	22	82.50504
6	22	82.51726
6	22	82.52953
6	22	82.54694
6	21	82.56023
6	21	82.57153
6	21	82.58291
6	21	82.59912
6	21	82.61076
6	21	82.62286
6	21	82.6342
6	21	82.64529
6	21	82.65691
6	21	82.66796
6	20	82.68127
6	20	82.7081
6	20	82.72626
6	20	82.74687
6	20	82.76969
6	20	82.79221
6	19	82.81487
6	19	82.8375
6	19	82.866
6	19	82.88148
6	19	82.90359
6	18	82.92642
6	18	82.94937
6	18	82.97183
6	18	82.99267
6	18	83.02216
6	18	83.03861
6	17	83.06013
6	17	83.08241
6	17	83.10475
6	17	83.12752
6	17	83.14928
6	16	83.17816
6	16	83.1897
6	16	83.20094
6	16	83.21256
6	16	83.22419
6	16	83.23598
6	16	83.2481
6	16	83.25973
6	16	83.27126
6	16	83.28278
6	15	83.29524
6	15	83.30689
6	15	83.32468
6	15	83.33682
6	15	83.34822
6	15	83.36004
6	15	83.37142
6	15	83.38357
6	15	83.39452
6	15	83.40589
6	14	83.41749
6	14	83.42859
6	14	83.44085
6	14	83.45567
6	14	83.46928
6	14	83.49175
6	14	83.50694
6	14	83.51949
6	14	83.53107
6	13	83.54286
6	13	83.55608
6	13	83.56902
6	13	83.58532
6	13	83.60081
6	13	83.61446
6	13	83.62743
6	13	83.64978
6	12	83.66668
6	12	83.67924
6	12	83.69501
6	12	83.7128
6	12	83.73272
6	12	83.75172
6	12	83.77497
6	11	83.79865
6	11	83.83524
6	11	83.85198
6	11	83.86546
6	11	83.8864
6	10	83.90881
6	10	83.93167
6	10	83.95461
6	10	83.98785
6	10	84.00538
6	10	84.02151
6	11	84.0434
6	11	84.06863
6	11	84.08808
6	11	84.1097
6	11	84.1268
6	11	84.13957
6	12	84.1512
6	12	84.16544
6	12	84.17667
6	12	84.18882
6	12	84.20081
6	12	84.21216
6	12	84.22357
6	12	84.23533
6	12	84.24643
6	12	84.25751
6	13	84.26902
6	13	84.28751
6	13	84.29942
6	13	84.31566
6	13	84.32903
6	13	84.34261
6	13	84.3547
6	13	84.36752
6	13	84.37952
6	14	84.39072
6	14	84.40238
6	14	84.41418
6	14	84.42537
6	14	84.44412
6	14	84.45557
6	14	84.46748
6	14	84.47933
6	14	84.49082
6	14	84.50336
6	15	84.51465
6	15	84.52548
6	15	84.53655
6	15	84.55688
6	15	84.57941
6	15	84.60719
6	15	84.62436
6	16	84.64554
6	16	84.66885
6	16	84.69182
6	16	84.71286
6	16	84.73585
6	17	84.76524
6	17	84.78085
6	17	84.80209
6	17	84.82538
6	17	84.84711
6	17	84.8706
6	18	84.89284
6	18	84.92017
6	18	84.93703
6	18	84.95849
6	18	84.98093
6	19	85.00362
6	19	85.02705
6	19	85.0407
6	19	85.0543
6	19	85.07407
6	19	85.08733
6	19	85.0997
6	19	85.11596
6	20	85.1274
6	20	85.13904
6	20	85.15087
6	20	85.16333
6	20	85.17481
6	20	85.18599
6	20	85.19789
6	20	85.20947
6	20	85.22641
6	20	85.23788
6	21	85.24868
6	21	85.25968
6	21	85.27097
6	21	85.28279
6	21	85.29374
6	21	85.30486
6	21	85.3165
6	21	85.32771
6	21	85.33928
6	21	85.35139
6	21	85.36353
6	22	85.38179
6	22	85.39364
6	22	85.40439
6	22	85.4164
6	22	85.4275
6	22	85.43995
6	22	85.45148
6	22	85.4652
6	22	85.47917
6	23	85.49438
6	23	85.50777
6	23	85.52026
6	23	85.53796
6	23	85.55019
6	23	85.56191
6	23	85.57257
6	23	85.58474
6	23	85.59763
6	23	85.60876
6	22	85.62074
6	22	85.63206
6	22	85.64343
6	22	85.65501
6	22	85.66701
6	22	85.67857
6	22	85.69714
6	22	85.70893
6	22	85.72073
6	22	85.73296
6	21	85.74393
6	21	85.75571
6	21	85.76728
6	21	85.77791
6	21	85.7886
6	21	85.80787
6	21	85.83127
6	20	85.85767
6	20	85.8752
6	20	85.8971
6	20	85.92039
6	20	85.94172
6	20	85.96458
6	21	85.98714
6	21	86.01607
6	21	86.03256
6	21	86.0555
6	21	86.078
6	22	86.10058
6	22	86.12174
6	22	86.14339
6	22	86.17109
6	22	86.18802
6	22	86.2091
6	23	86.23227
6	23	86.25455
6	23	86.27637
6	23	86.28857
6	23	86.30087
6	23	86.31926
6	23	86.33081
6	23	86.34275
6	24	86.35458
6	24	86.36597
6	24	86.37704
6	24	86.38898
6	24	86.40086
6	24	86.41296
6	24	86.42484
6	24	86.43668
6	24	86.44803
6	24	86.4603
6	25	86.47862
6	25	86.49207
6	25	86.50509
6	25	86.51707
6	25	86.53029
6	25	86.54368
6	25	86.55674
6	25	86.568
6	25	86.5791
6	24	86.5909
6	24	86.60281
6	24	86.61697
6	24	86.63531
6	24	86.64712
6	24	86.65896
6	24	86.67028
6	24	86.6813
6	24	86.69267
6	24	86.70316
6	23	86.72425
6	23	86.74607
6	23	86.76892
6	23	86.79769
6	23	86.81293
6	22	86.83552
6	22	86.8578
6	22	86.8799
6	22	86.90311
6	22	86.92606
6	22	86.95251
6	21	86.96973
6	21	86.99166
6	21	87.01391
6	21	87.03685
6	21	87.05858
6	20	87.08115
6	20	87.11222
6	20	87.12674
6	20	87.14897
6	20	87.17093
6	20	87.19286
6	19	87.20444
6	19	87.21709
6	19	87.22842
6	19	87.24058
6	19	87.25923
6	19	87.27093
6	19	87.28202
6	19	87.29378
6	19	87.30558
6	19	87.31768
6	20	87.32874
6	20	87.34062
6	20	87.3533
6	20	87.36465
6	20	87.37567
6	20	87.38844
6	20	87.40069
6	20	87.424
6	20	87.43477
6	21	87.44665
6	21	87.45791
6	21	87.4699
6	21	87.48122
6	21	87.49357
6	21	87.50524
6	21	87.51702
6	21	87.52808
6	21	87.53972
6	21	87.55184
6	22	87.56883
6	22	87.58078
6	22	87.59523
6	22	87.61787
6	22	87.63934
6	22	87.66351
6	22	87.6851
6	23	87.70804
6	23	87.73661
6	23	87.75285
6	23	87.77384
6	23	87.79666
6	24	87.81854
6	24	87.84174
6	24	87.86263
6	24	87.89194
6	24	87.90822
6	24	87.92947
6	23	87.95324
6	23	87.97517
6	23	87.99717
6	23	88.02047
6	23	88.04738
6	22	88.06473
6	22	88.07612
6	22	88.0881
6	22	88.1017
6	22	88.11471
6	22	88.13092
6	22	88.14361
6	22	88.15546
6	22	88.16735
6	21	88.17895
6	21	88.19787
6	21	88.21005
6	21	88.2216
6	21	88.23272
6	21	88.24491
6	21	88.25754
6	21	88.26929
6	21	88.28055
6	21	88.29443
6	20	88.30797
6	20	88.32083
6	20	88.33399
6	20	88.35548
6	20	88.36684
6	20	88.37845
6	20	88.38992
6	20	88.40179
6	20	88.41329
6	19	88.42493
6	19	88.43561
6	19	88.44588
6	19	88.46564
6	19	88.49051
6	19	88.51698
6	19	88.53452
6	20	88.55677
6	20	88.57803
6	20	88.60024
6	20	88.62437
6	20	88.65213
6	21	88.6741
6	21	88.68965
6	21	88.71231
6	21	88.735
6	21	88.75649
6	21	88.77954
6	22	88.80134
6	22	88.82555
6	22	88.85384
6	22	88.86885
6	22	88.89102
6	23	88.91327
6	23	88.93595
6	23	88.94688
6	23	88.95942
6	23	88.9715
6	23	88.98293
6	23	89.00431
6	23	89.01762
6	23	89.03125
6	24	89.04531
6	24	89.05887
6	24	89.07241
6	24	89.08402
6	24	89.09708
6	24	89.10952
6	24	89.12331
6	24	89.13663
6	24	89.1554
6	23	89.16692
6	23	89.17777
6	23	89.18902
6	23	89.20101
6	23	89.21243
6	23	89.22475
6	23	89.236
6	23	89.24818
6	23	89.26027
6	23	89.27279
6	22	89.29374
6	22	89.31975
6	22	89.33779
6	22	89.35909
6	22	89.38193
6	21	89.40488
6	21	89.42766
6	21	89.44994
6	21	89.47813
6	21	89.49417
6	21	89.51611
6	20	89.5386
6	20	89.56072
6	20	89.58281
6	20	89.60583
6	20	89.63415
6	19	89.65055
6	19	89.67216
6	19	89.69453
6	19	89.71758
6	19	89.73917
6	19	89.76185
6	20	89.77847
6	20	89.79115
6	20	89.80224
6	20	89.81302
6	20	89.82351
6	20	89.83566
6	20	89.84647
6	20	89.85835
6	20	89.87774
6	21	89.89133
6	21	89.90425
6	21	89.91695
6	21	89.9398
6	21	89.95324
6	21	89.96415
6	21	89.97522
6	21	89.98671
6	21	89.99835
6	21	90.00937
6	22	90.02136
6	22	90.03383
6	22	90.04568
6	22	90.058
6	22	90.06925
6	22	90.08823
6	22	90.09899
6	22	90.11064
6	22	90.12247
6	22	90.13338
6	23	90.14478
6	23	90.16084
6	23	90.17216
6	23	90.1824
6	23	90.1978
6	23	90.22063
6	23	90.24842
6	24	90.26469
6	24	90.28716
6	24	90.30961
6	24	90.33175
6	24	90.35469
6	24	90.37667
6	25	90.40384
6	25	90.42207
6	25	90.44364
6	25	90.46668
6	25	90.48963
6	26	90.51203
6	26	90.53254
6	26	90.56216
6	26	90.57832
6	26	90.59982
6	27	90.6227
6	27	90.64497
6	27	90.66623
6	27	90.67761
6	27	90.69037
6	27	90.70705
6	27	90.71983
6	27	90.7314
6	27	90.74253
6	28	90.75407
6	28	90.76538
6	28	90.77708
6	28	90.78908
6	28	90.80084
6	28	90.81232
6	28	90.82431
6	28	90.83638
6	28	90.84721
6	28	90.86564
6	29	90.87698
6	29	90.89038
6	29	90.90175
6	29	90.91282
6	29	90.92479
6	29	90.93552
6	29	90.94711
6	29	90.95934
6	29	90.97448
6	29	90.98684
6	29	90.99946
6	29	91.01723
6	29	91.02955
6	29	91.04131
6	29	91.05318
6	29	91.06459
6	29	91.08214
6	29	91.09437
6	29	91.10746
6	29	91.11918
6	29	91.13045
6	29	91.14091
6	29	91.15863
6	29	91.1864
6	29	91.20348
6	29	91.22513
6	29	91.24801
6	29	91.27046
6	29	91.2926
6	29	91.31519
6	29	91.34458
6	29	91.35938
6	29	91.38106
6	29	91.40443
7	29	91.42688
7	29	91.44888
7	29	91.47144
7	29	91.49953
7	29	91.51723
7	29	91.54057
8	29	91.5618
8	29	91.58232
8	29	91.60539
8	29	91.62753
8	29	91.64339
8	29	91.6552
9	29	91.6683
9	29	91.67972
9	29	91.69115
9	29	91.70216
9	29	91.71292
9	29	91.72518
9	29	91.7369
9	29	91.74886
9	29	91.76081
9	29	91.77216
9	29	91.78326
10	29	91.80215
10	29	91.81402
10	29	91.82552
10	29	91.83653
10	29	91.84792
10	29	91.85948
10	29	91.87072
10	29	91.88154
10	29	91.89289
10	29	91.90662
11	29	91.91745
11	29	91.92929
11	29	91.94098
11	29	91.95939
11	29	91.97219
11	29	91.98324
11	29	91.99463
11	29	92.00606
11	29	92.01715
11	29	92.02858
12	29	92.04097
12	29	92.05202
12	29	92.0632
12	29	92.07458
12	29	92.09649
12	29	92.12733
12	29	92.14264
12	28	92.16376
12	28	92.18861
12	28	92.20758
12	28	92.23054
12	28	92.25271
12	27	92.28009
12	27	92.29793
12	27	92.31953
12	27	92.342
12	27	92.36472
12	27	92.38683
12	26	92.40988
12	26	92.4377
12	26	92.45487
12	26	92.47565
12	26	92.49982
12	26	92.52164
12	25	92.54354
12	25	92.56644
12	25	92.58277
12	25	92.59734
12	25	92.61035
12	25	92.62259
12	25	92.6347
12	25	92.64663
12	25	92.66009
12	25	92.67386
11	25	92.68491
11	25	92.69624
11	25	92.70696
11	25	92.71972
11	25	92.73893
11	25	92.75024
11	25	92.76203
11	25	92.77277
11	25	92.78462
11	25	92.79646
10	25	92.80793
10	25	92.81797
10	25	92.83006
10	25	92.8412
10	25	92.8523
10	25	92.86429
10	25	92.87637
10	25	92.89348
10	25	92.90528
10	25	92.91706
9	25	92.93423
9	25	92.95745
9	25	92.97924
9	25	93.00191
9	25	93.02377
10	25	93.04594
10	25	93.07436
10	25	93.09229
10	25	93.1134
10	25	93.1356
10	25	93.15807
11	25	93.18024
11	25	93.20233
11	25	93.23106
11	25	93.24764
11	25	93.27045
12	25	93.29243
12	25	93.31473
12	25	93.33736
12	25	93.35936
12	25	93.38946
12	25	93.40187
12	25	93.41399
12	25	93.42646
12	25	93.43887
12	25	93.45054
12	25	93.46347
12	25	93.47558
12	25	93.48832
12	25	93.50156
12	25	93.5145
12	25	93.53327
12	25	93.54457
12	25	93.5569
12	25	93.5693
12	25	93.58587
12	25	93.59722
11	25	93.60885
11	25	93.62071
11	25	93.63243
11	25	93.64433
11	25	93.66124
11	25	93.67476
11	25	93.69509
11	25	93.70853
11	25	93.72013
10	25	93.73074
10	25	93.74957
10	25	93.77116
10	25	93.7942
10	25	93.81657
10	25	93.83987
9	25	93.8672
9	25	93.88377
9	25	93.90536
9	25	93.92927
9	25	93.9501
9	24	93.9734
9	24	93.99635
9	24	94.02344
9	24	94.04129
9	24	94.06255
9	24	94.08524
9	23	94.10818
9	23	94.13026
9	23	94.15187
9	23	94.1804
9	23	94.19707
9	23	94.21072
9	22	94.22692
9	22	94.23885
9	22	94.25014
9	22	94.26175
9	22	94.2741
9	22	94.28534
9	22	94.29658
9	22	94.30884
9	22	94.33015
9	22	94.34471
9	22	94.35707
9	22	94.36801
9	22	94.38007
9	22	94.39178
9	22	94.40283
10	22	94.41474
10	22	94.42647
10	22	94.43768
10	22	94.45
10	22	94.46341
10	22	94.48009
10	22	94.49377
10	22	94.50518
10	22	94.51683
10	22	94.52859
11	22	94.54149
11	22	94.55307
11	22	94.5654
11	22	94.57661
11	22	94.58717
11	22	94.61115
11	22	94.6321
12	22	94.6595
12	22	94.67706
12	22	94.69879
12	22	94.72207
12	22	94.74432
12	22	94.76705
12	21	94.7886
12	21	94.81551
12	21	94.83443
12	21	94.85722
12	21	94.87924
12	20	94.90052
12	20	94.92294
12	20	94.94523
12	20	94.9747
12	20	94.99091
12	20	95.01102
12	19	95.03382
12	19	95.05705
12	19	95.07793
12	19	95.09004
12	19	95.10234
12	19	95.12115
12	19	95.13232
12	19	95.14418
12	19	95.15617
12	19	95.16851
12	19	95.1798
12	19	95.19147
12	19	95.20335
12	19	95.21427
12	19	95.22692
12	19	95.2384
12	19	95.2496
12	19	95.26164
12	19	95.27985
12	19	95.29198
11	19	95.30372
11	19	95.31505
11	19	95.32655
11	19	95.33824
11	19	95.34995
11	19	95.36201
11	19	95.37287
11	19	95.38483
11	19	95.3981
11	19	95.41098
10	19	95.42419
10	19	95.44198
10	19	95.45312
10	19	95.46471
10	19	95.48096
10	19	95.50366
10	19	95.52623
9	19	95.54842
9	19	95.57055
9	19	95.59329
9	19	95.62133
9	19	95.63769
9	19	95.66051
9	18	95.68255
9	18	95.70509
9	18	95.72684
9	18	95.7495
9	18	95.77789
9	17	95.79438
9	17	95.81584
9	17	95.83876
9	17	95.86109
9	17	95.88261
9	17	95.90675
9	16	95.93727
9	16	95.95071
9	16	95.96333
9	16	95.9753
9	16	95.98747
9	16	96.00025
9	16	96.01447
9	16	96.02715
9	17	96.03983
9	17	96.05229
9	17	96.06527
9	17	96.08908
9	17	96.10185
9	17	96.11604
9	17	96.12804
9	17	96.13957
9	17	96.15065
9	18	96.16391
9	18	96.17522
9	18	96.18571
9	18	96.19709
9	18	96.20836
9	18	96.22067
9	18	96.23788
9	18	96.2523
9	18	96.26527
9	18	96.27697
9	19	96.2884
9	19	96.29917
9	19	96.31022
9	19	96.32076
9	19	96.33208
9	19	96.35258
9	19	96.37422
10	19	96.40186
10	19	96.419
10	19	96.44079
10	19	96.46392
10	19	96.4861
10	19	96.5088
9	19	96.53052
9	19	96.55956
9	19	96.57736
9	19	96.59843
9	19	96.6211
9	19	96.64376
8	19	96.66586
8	19	96.68781
8	19	96.71889
8	19	96.735
8	19	96.7543
7	19	96.77694
7	19	96.79866
7	19	96.82183
7	19	96.83497
7	19	96.85036
7	19	96.8727
7	19	96.88654
6	19	96.8982
6	19	96.91063
6	19	96.92123
6	19	96.93262
6	19	96.94384
6	19	96.95594
6	19	96.96769
6	19	96.98013
6	19	96.99255
6	19	97.00466
6	19	97.02276
6	19	97.03454
6	19	97.04584
6	19	97.05686
6	19	97.06806
6	19	97.08023
6	19	97.09147
6	19	97.1035
6	19	97.11537
6	19	97.12659
6	19	97.13756
6	19	97.14973
6	19	97.16143
6	19	97.1797
6	19	97.191
6	18	97.20248
6	18	97.21342
6	18	97.22473
6	18	97.24043
6	18	97.25278
6	18	97.26386
6	18	97.27422
6	18	97.29083
6	18	97.31356
6	17	97.34163
6	17	97.35794
6	17	97.37997
6	17	97.40189
6	17	97.42551
6	16	97.44738
6	16	97.46941
6	16	97.49815
6	16	97.51431
6	16	97.53642
6	16	97.56029
6	15	97.58116
6	15	97.6033
6	15	97.62603
6	15	97.65356
6	15	97.67168
6	14	97.69376
6	14	97.71578
6	14	97.73709
6	14	97.7477
6	14	97.76032
6	14	97.77119
6	14	97.78161
6	14	97.79951
6	13	97.81232
6	13	97.8246
6	13	97.83644
6	13	97.84805
6	13	97.85958
6	13	97.87089
6	13	97.88231
6	13	97.89498
6	13	97.9059
6	13	97.91704
6	13	97.92847
6	12	97.93958
6	12	97.95742
6	12	97.97141
6	12	97.98362
6	12	97.99467
6	12	98.00665
6	12	98.01815
6	12	98.02972
6	12	98.04057
6	12	98.05168
6	11	98.06342
6	11	98.07513
6	11	98.08695
6	11	98.09893
6	11	98.12025
6	11	98.13391
6	11	98.14617
6	11	98.15859
6	11	98.17032
6	10	98.18187
6	10	98.19474
6	10	98.20561
6	10	98.21691
6	10	98.22858
6	10	98.25044
6	10	98.28156
6	10	98.29604
5	10	98.3174
5	10	98.34023
5	10	98.36306
5	10	98.38509
5	10	98.40805
4	10	98.43489
4	10	98.45187
4	10	98.47352
4	10	98.49755
4	10	98.5191
4	10	98.54175
3	10	98.56441
3	10	98.59179
3	10	98.60892
3	10	98.62997
3	10	98.65373
4	11	98.67689
4	11	98.69781
4	11	98.72139
4	11	98.74352
4	11	98.75998
4	11	98.77291
4	11	98.78506
4	12	98.79755
4	12	98.8107
4	12	98.82322
4	12	98.84031
4	12	98.85677
4	12	98.87087
4	12	98.88426
4	12	98.90577
4	13	98.92063
4	13	98.93284
4	13	98.94424
4	13	98.9581
4	13	98.9734
4	13	98.98575
4	13	98.99875
4	13	99.00974
4	13	99.02083
4	13	99.03291
4	13	99.04475
4	13	99.06691
4	13	99.0806
4	13	99.09188
4	13	99.10257
4	13	99.11316
4	13	99.13318
4	13	99.15606
4	13	99.17916
4	13	99.20074
3	13	99.23007
3	13	99.24629
3	13	99.26784
3	13	99.294
3	13	99.31615
3	13	99.33497
2	13	99.35822
2	13	99.39017
2	13	99.40633
2	13	99.42518
2	13	99.4464
2	13	99.46825
2	13	99.49152
2	14	99.51309
2	14	99.54359
2	14	99.56114
2	14	99.58179
2	14	99.59424
2	14	99.6056
2	14	99.61822
2	14	99.6298
2	15	99.64034
2	15	99.65224
2	15	99.66547
2	15	99.68703
2	15	99.70207
2	15	99.7188
2	15	99.73074
2	15	99.74733
2	16	99.75931
2	16	99.7712
2	16	99.78333
2	16	99.7977
2	16	99.81194
2	16	99.82449
2	16	99.84581
2	16	99.86087
2	16	99.87317
3	16	99.89037
3	16	99.90525
3	16	99.92255
3	16	99.93989
3	16	99.951
3	16	99.96177
3	16	99.98316
4	16	100.0128
4	16	100.0308
4	16	100.0519
4	16	100.0716
4	16	100.0933
4	16	100.1161
5	16	100.1386
5	16	100.1704
5	16	100.1865
5	16	100.2052
5	16	100.2284
5	16	100.2504
5	16	100.2727
5	16	100.2981
5	16	100.3269
5	16	100.3435
5	16	100.362
6	16	100.3843
6	16	100.4079
6	16	100.4293
6	16	100.452
6	16	100.4705
6	16	100.4835
5	16	100.4972
5	16	100.5087
5	16	100.5203
5	16	100.5323
5	16	100.5434
5	16	100.555
5	16	100.5667
5	16	100.5787
5	16	100.5913
5	16	100.6033
5	16	100.6212
5	16	100.6335
5	16	100.6454
5	16	100.6563
5	16	100.6674
5	16	100.6788
5	16	100.6898
5	16	100.7022
5	16	100.7157
5	16	100.7276
4	16	100.739
4	16	100.7507
4	16	100.763
4	16	100.7805
4	16	100.7923
4	16	100.8084
4	16	100.8309
4	16	100.8536
3	16	100.8754
3	16	100.8981
3	16	100.9212
3	16	100.9557
3	16	100.9704
2	16	100.9882
2	16	101.0114
2	16	101.0322
2	16	101.0557
2	16	101.0778
2	17	101.1041
2	17	101.1219
2	17	101.1435
2	17	101.1697
2	17	101.1917
2	17	101.2106
2	18	101.2338
2	18	101.265
2	18	101.2814
2	18	101.3005
2	18	101.3117
2	18	101.3234
2	18	101.3357
2	19	101.3478
2	19	101.3588
2	19	101.3706
2	19	101.3859
2	19	101.4059
2	19	101.4212
2	19	101.4326
2	19	101.4429
2	19	101.4539
3	19	101.4688
3	19	101.481
3	19	101.4947
3	19	101.5104
3	19	101.525
3	19	101.5372
3	19	101.5585
3	19	101.5728
3	19	101.5845
4	19	101.5972
4	19	101.6092
4	19	101.6231
4	19	101.6377
4	19	101.653
4	19	101.6647
4	19	101.6765
4	19	101.6867
4	19	101.7023
4	19	101.7331
4	19	101.75
4	19	101.7686
4	19	101.7918
4	19	101.8144
4	19	101.8368
4	19	101.8585
4	19	101.8877
4	19	101.9038
4	19	101.9254
4	19	101.9482
4	19	101.9711
4	19	101.992
4	19	102.0155
4	20	102.042
4	20	102.0606
4	20	102.0837
4	20	102.1086
4	20	102.1304
4	20	102.1494
4	21	102.171
