x	y	time
15	11	0.0536404
15	11	0.06977729
15	11	0.07949679
15	11	0.0856389
15	11	0.09362689
15	11	0.1010882
15	11	0.1117089
15	11	0.1227913
15	11	0.1339071
15	11	0.1451972
15	11	0.1562846
15	11	0.1674995
15	11	0.1789046
15	11	0.1899078
15	11	0.2014072
15	11	0.2127564
15	11	0.2247937
15	11	0.2351265
15	11	0.2458768
15	11	0.2574568
15	11	0.2693471
15	11	0.2795434
15	11	0.2906629
15	11	0.301687
15	11	0.3129955
15	11	0.3241471
15	11	0.3349339
15	11	0.3461948
15	11	0.3578323
15	11	0.368786
15	11	0.3826655
15	11	0.3912237
15	11	0.4020842
15	11	0.413796
15	11	0.4248973
15	11	0.4356725
15	11	0.4470909
15	11	0.4583653
15	11	0.469359
15	11	0.4803839
15	11	0.4919794
15	11	0.5027832
15	11	0.5139093
15	11	0.5257779
15	11	0.5383848
15	11	0.5480113
15	11	0.5592183
15	11	0.570195
15	11	0.5813268
15	11	0.5928512
15	11	0.6036438
15	11	0.6146132
15	11	0.6261724
15	11	0.6374398
15	11	0.6493462
15	11	0.6611971
15	11	0.6729538
15	11	0.6849828
15	11	0.6977847
15	11	0.7089317
15	11	0.7205071
15	11	0.7319074
15	11	0.7430617
15	11	0.754483
15	11	0.7662533
15	11	0.7769209
15	11	0.7879533
15	11	0.7993133
15	11	0.8103072
15	11	0.8218526
15	11	0.8324569
15	11	0.8444331
15	11	0.857684
15	11	0.8659984
15	11	0.8763009
15	11	0.8876266
15	11	0.8987117
15	11	0.910009
15	11	0.9212545
15	11	0.9323987
15	11	0.9435913
15	11	0.9549044
15	11	0.9660581
15	11	0.9776143
15	11	0.9883193
15	11	0.9995533
15	11	1.012972
15	11	1.021935
15	11	1.03334
15	11	1.044539
15	11	1.055581
15	11	1.066532
15	11	1.077369
15	11	1.088418
15	11	1.099477
15	11	1.11065
15	11	1.121866
15	11	1.133047
15	11	1.144884
15	11	1.156319
15	11	1.171276
15	11	1.178967
15	11	1.187724
15	11	1.198656
15	11	1.209959
15	11	1.221107
15	11	1.232432
15	11	1.243599
15	11	1.25475
15	11	1.266003
15	11	1.277058
15	11	1.288417
15	11	1.29948
15	11	1.310884
15	11	1.324178
15	11	1.333133
15	11	1.344187
15	11	1.355013
15	11	1.366478
15	11	1.377286
15	11	1.389058
15	11	1.399724
15	11	1.41089
15	11	1.422706
15	11	1.433768
15	11	1.444604
15	11	1.455482
15	11	1.466733
15	11	1.47884
15	11	1.489261
15	11	1.501516
15	11	1.511379
15	11	1.522721
15	11	1.534255
15	11	1.545498
15	11	1.556869
15	11	1.568103
15	11	1.579819
15	11	1.591012
15	11	1.602521
15	11	1.613623
15	11	1.625515
15	11	1.63798
15	11	1.647501
15	11	1.65928
15	11	1.670053
15	11	1.681034
15	11	1.692323
15	11	1.703397
15	11	1.71484
15	11	1.725989
15	11	1.737151
15	11	1.748711
15	11	1.760082
15	11	1.770842
15	11	1.78244
15	11	1.795366
15	11	1.804401
15	11	1.815445
15	11	1.826841
15	11	1.83782
15	11	1.849554
15	11	1.86049
15	11	1.871633
15	11	1.882861
15	11	1.893789
15	11	1.904927
15	11	1.916132
15	11	1.92716
15	11	1.938641
15	11	1.951155
15	11	1.960833
15	11	1.97189
15	11	1.983007
15	11	1.994179
15	11	2.005385
15	11	2.016475
15	11	2.027737
15	11	2.038952
15	11	2.05024
15	11	2.061615
15	11	2.072854
15	11	2.084145
15	11	2.095005
15	11	2.107445
15	11	2.117109
15	11	2.128377
15	11	2.139711
15	11	2.151094
15	11	2.161953
15	11	2.173357
15	11	2.184449
15	11	2.195912
15	11	2.206668
15	11	2.218016
15	11	2.229447
15	11	2.240508
15	11	2.251989
15	11	2.267745
15	11	2.276038
15	11	2.283484
15	11	2.292502
15	11	2.303577
15	11	2.314942
15	11	2.326128
15	11	2.337232
15	11	2.34867
15	11	2.360049
15	11	2.370977
15	11	2.382829
15	11	2.39376
15	11	2.405273
15	11	2.418071
15	11	2.42741
15	11	2.438432
15	11	2.449348
15	11	2.460872
15	11	2.471406
15	11	2.482428
15	11	2.494155
15	11	2.505173
15	11	2.516414
15	11	2.527326
15	11	2.538486
15	11	2.549708
15	11	2.561331
15	11	2.573923
15	11	2.583309
15	11	2.594715
15	11	2.605606
15	11	2.616814
15	11	2.628191
15	11	2.639624
15	11	2.650926
15	11	2.662043
15	11	2.673273
15	11	2.684823
15	11	2.696258
15	11	2.707386
15	11	2.719012
15	11	2.732534
15	11	2.744224
15	11	2.752668
15	11	2.764206
15	11	2.775494
15	11	2.786645
15	11	2.798733
15	11	2.809733
15	11	2.819867
15	11	2.831114
15	11	2.842869
15	11	2.853734
15	11	2.864816
15	11	2.87643
15	11	2.888863
15	11	2.898346
15	11	2.909624
15	11	2.920413
15	11	2.931659
15	11	2.943624
15	11	2.95416
15	11	2.965962
15	11	2.977195
15	11	2.988043
15	11	2.999127
15	11	3.010784
15	11	3.022001
15	11	3.033478
15	11	3.05197
15	11	3.059998
15	11	3.066609
15	11	3.073573
15	11	3.083284
15	11	3.09445
15	11	3.10555
15	11	3.117307
15	11	3.129035
15	11	3.139242
15	11	3.150371
15	11	3.161421
15	11	3.172369
15	11	3.184153
15	11	3.196737
15	11	3.206204
15	11	3.217578
15	11	3.229191
15	11	3.239971
15	11	3.251173
15	11	3.262678
15	11	3.273413
15	11	3.284799
15	11	3.295884
15	11	3.306812
15	11	3.318004
15	11	3.329207
15	11	3.340183
15	11	3.35362
15	11	3.362478
15	11	3.373325
15	11	3.385283
15	11	3.396058
15	11	3.407293
15	11	3.418806
15	11	3.43017
15	11	3.441605
15	11	3.453264
15	11	3.464515
15	11	3.476223
15	11	3.487558
15	11	3.499106
15	11	3.512078
15	11	3.521687
15	11	3.532921
15	11	3.544814
15	11	3.555951
15	11	3.567606
15	11	3.578866
15	11	3.590074
15	11	3.601504
15	11	3.613208
15	11	3.624378
15	11	3.635714
15	11	3.646954
15	11	3.658494
15	11	3.671678
15	11	3.680553
15	11	3.691519
15	11	3.702675
15	11	3.714
15	11	3.725388
15	11	3.736458
15	11	3.747951
15	11	3.758703
15	11	3.769998
15	11	3.781153
15	11	3.792318
15	11	3.803324
15	11	3.814776
15	11	3.828201
15	11	3.836865
15	11	3.847695
15	11	3.858558
15	11	3.869573
15	11	3.880792
15	11	3.892082
15	11	3.903222
16	11	3.914546
16	11	3.925749
16	11	3.937159
16	11	3.948632
16	11	3.959578
16	11	3.972083
16	11	3.999456
16	11	4.012219
16	11	4.020222
16	11	4.027204
17	11	4.033805
17	11	4.044064
17	11	4.055276
17	11	4.066251
17	11	4.077901
17	11	4.089222
17	11	4.099931
17	11	4.110668
17	11	4.121547
17	11	4.133166
17	11	4.148106
18	11	4.155633
18	11	4.166036
18	11	4.177497
18	11	4.188496
18	11	4.199619
18	11	4.210933
18	11	4.222128
18	11	4.233274
18	11	4.24504
18	11	4.2558
18	11	4.266971
19	11	4.278519
19	11	4.289745
19	11	4.305771
19	11	4.31581
19	11	4.323277
19	11	4.333508
19	11	4.344764
19	11	4.35597
19	11	4.367159
19	11	4.378939
19	11	4.389776
20	11	4.400605
20	11	4.412478
20	11	4.423598
20	11	4.434537
20	11	4.445712
20	11	4.461454
20	11	4.46879
20	11	4.479704
20	11	4.490797
20	11	4.502252
20	11	4.51354
21	11	4.524383
21	11	4.535772
21	11	4.547271
21	11	4.558131
21	11	4.569695
21	11	4.581751
21	11	4.593346
21	11	4.605094
21	11	4.621636
21	11	4.629579
21	11	4.6389
22	11	4.649661
22	11	4.660631
22	11	4.672003
22	11	4.683114
22	11	4.694351
22	11	4.705435
22	11	4.716718
22	11	4.727767
22	11	4.738874
22	11	4.750066
22	11	4.761203
23	11	4.777014
23	11	4.786018
23	11	4.794868
23	11	4.805758
23	11	4.817964
23	11	4.829824
23	11	4.839767
23	11	4.851121
23	11	4.86254
23	11	4.873437
23	11	4.884378
24	11	4.89559
24	11	4.906819
24	11	4.918653
24	11	4.935595
24	11	4.942907
24	11	4.950988
24	11	4.960622
24	11	4.971708
24	11	4.98274
24	11	4.993688
24	11	5.004963
25	11	5.016068
25	11	5.027323
25	11	5.038338
25	11	5.049536
25	11	5.060936
25	11	5.072631
25	11	5.088569
25	11	5.09664
25	11	5.105875
25	11	5.117049
25	11	5.128228
26	11	5.139606
26	11	5.150271
26	11	5.162312
26	11	5.173089
26	11	5.184168
26	11	5.196264
26	11	5.206318
26	11	5.21788
26	11	5.2295
26	11	5.244027
27	11	5.251156
27	11	5.262253
27	11	5.273196
27	11	5.284291
27	11	5.296034
27	11	5.306819
27	11	5.318888
27	11	5.330149
27	11	5.341433
27	11	5.352766
27	11	5.364364
27	10	5.375393
27	10	5.387117
27	10	5.403043
27	10	5.413126
27	10	5.421373
27	10	5.431548
27	10	5.442852
27	10	5.453838
27	10	5.465014
27	10	5.475988
27	10	5.487622
27	9	5.498645
27	9	5.509919
27	9	5.521179
27	9	5.532454
27	9	5.543812
27	9	5.558556
27	9	5.565847
27	9	5.576691
27	9	5.587757
27	9	5.598619
27	9	5.609979
27	8	5.620966
27	8	5.632079
27	8	5.643609
27	8	5.654791
27	8	5.665838
27	8	5.676971
27	8	5.688237
27	8	5.699769
27	8	5.716053
27	8	5.722872
27	8	5.732825
27	8	5.743988
27	8	5.755023
27	8	5.766427
27	8	5.777395
27	8	5.78876
27	8	5.80031
27	8	5.811728
27	8	5.822834
27	8	5.833691
27	8	5.845145
27	8	5.856302
27	8	5.86864
26	8	5.878799
26	8	5.889725
26	8	5.900757
26	8	5.912077
26	8	5.923214
26	8	5.934319
26	8	5.945462
26	8	5.95646
26	8	5.967437
26	8	5.978659
26	8	5.989811
25	8	6.000696
25	8	6.012605
25	8	6.028179
25	8	6.038672
25	8	6.046328
25	8	6.057017
25	8	6.068353
25	8	6.079896
25	8	6.090727
25	8	6.102022
25	8	6.113277
25	8	6.124017
25	7	6.135163
25	7	6.146525
25	7	6.157571
25	7	6.169332
25	7	6.187812
25	7	6.196518
25	7	6.204997
25	7	6.211784
25	7	6.221648
25	7	6.232951
25	7	6.243932
25	6	6.255536
25	6	6.266801
25	6	6.277985
25	6	6.288736
25	6	6.300126
25	6	6.31146
25	6	6.322896
25	6	6.338137
25	6	6.345566
25	6	6.356217
25	6	6.36759
25	5	6.378926
25	5	6.390052
25	5	6.401179
25	5	6.412302
25	5	6.423503
25	5	6.434493
25	5	6.446345
25	5	6.456908
25	5	6.468178
25	5	6.480019
25	5	6.495133
25	5	6.502906
25	5	6.513084
25	5	6.523544
25	5	6.53456
25	5	6.546343
25	5	6.557565
26	5	6.568899
26	5	6.580335
26	5	6.591776
26	5	6.603128
26	5	6.614796
26	5	6.62606
26	5	6.637686
26	5	6.653553
26	5	6.662055
26	5	6.671824
26	5	6.683306
27	5	6.694704
27	5	6.705469
27	5	6.71681
27	5	6.728065
27	5	6.739018
27	5	6.749902
27	5	6.761051
27	5	6.772238
27	5	6.783762
27	5	6.795276
27	4	6.812186
27	4	6.819743
27	4	6.827039
27	4	6.837947
27	4	6.849816
27	4	6.859598
27	4	6.870547
27	4	6.881773
27	4	6.892769
27	4	6.904322
27	4	6.915483
27	4	6.926665
27	3	6.938118
27	3	6.94958
27	3	6.965196
27	3	6.975055
27	3	6.983248
27	3	6.994055
27	3	7.00517
27	3	7.016206
27	3	7.02751
27	3	7.038659
27	3	7.049503
27	2	7.06096
27	2	7.071991
27	2	7.083388
27	2	7.094501
27	2	7.105613
27	2	7.121577
27	2	7.128702
27	2	7.13889
27	2	7.149879
27	2	7.161112
27	2	7.172792
27	2	7.184271
27	2	7.195696
27	2	7.207152
27	2	7.21841
27	2	7.229799
27	2	7.24107
27	2	7.252211
27	2	7.263975
27	2	7.276715
27	2	7.286056
26	2	7.297061
26	2	7.30803
26	2	7.31941
26	2	7.334108
26	2	7.342178
26	2	7.352994
26	2	7.364289
26	2	7.375016
26	2	7.38663
26	2	7.397614
26	2	7.408719
25	2	7.4201
25	2	7.435867
25	2	7.443172
25	2	7.453466
25	2	7.464576
25	2	7.475376
25	2	7.486657
25	2	7.497956
25	2	7.508783
25	2	7.520462
25	2	7.531684
24	2	7.542517
24	2	7.553885
24	2	7.56497
24	2	7.576049
24	2	7.597112
24	2	7.603513
24	2	7.609889
24	2	7.618402
24	2	7.62957
24	2	7.640856
24	2	7.652522
23	2	7.663764
23	2	7.674757
23	2	7.686166
23	2	7.697361
23	2	7.707983
23	2	7.719483
23	2	7.730386
23	2	7.748947
23	2	7.757014
23	2	7.764626
23	2	7.774745
22	2	7.785692
22	2	7.796593
22	2	7.807841
22	2	7.819376
22	2	7.831253
22	2	7.841746
22	2	7.852888
22	2	7.864419
22	2	7.87532
22	2	7.886745
22	2	7.901975
22	3	7.909133
22	3	7.919639
22	3	7.930888
22	3	7.941869
22	3	7.953417
22	3	7.964283
22	3	7.975333
22	3	7.986772
22	3	7.998051
22	3	8.009323
22	3	8.02073
22	4	8.032292
22	4	8.043276
22	4	8.058508
22	4	8.068207
22	4	8.076563
22	4	8.087541
22	4	8.098885
22	4	8.10995
22	4	8.121172
22	4	8.132928
22	4	8.144034
22	5	8.15549
22	5	8.166983
22	5	8.17856
22	5	8.190003
22	5	8.201608
22	5	8.216303
22	5	8.224085
22	5	8.235511
22	5	8.246799
22	5	8.257801
22	5	8.269034
23	5	8.280244
23	5	8.29129
23	5	8.302286
23	5	8.313616
23	5	8.324607
23	5	8.335963
23	5	8.347342
23	5	8.358378
23	5	8.374101
23	5	8.381401
23	5	8.391623
24	5	8.402667
24	5	8.414173
24	5	8.425172
24	5	8.436637
24	5	8.447995
24	5	8.458969
24	5	8.470608
24	5	8.481862
24	5	8.493047
24	5	8.504219
24	5	8.516664
25	5	8.535368
25	5	8.542675
25	5	8.550105
25	5	8.556533
25	5	8.567706
25	5	8.578771
25	5	8.590142
25	5	8.601637
25	5	8.61297
25	5	8.623613
25	5	8.634936
26	5	8.646137
26	5	8.657063
26	5	8.66845
26	5	8.681458
26	5	8.690306
26	5	8.701544
26	5	8.712842
26	5	8.723669
26	5	8.734923
26	5	8.746201
26	5	8.757431
25	5	8.769116
25	5	8.780258
25	5	8.791059
25	5	8.801962
25	5	8.813459
25	5	8.824654
25	5	8.837492
25	5	8.847197
25	5	8.857981
25	5	8.870406
25	5	8.880976
24	5	8.891085
24	5	8.902601
24	5	8.913656
24	5	8.925062
24	5	8.936687
24	5	8.94842
24	5	8.959563
24	5	8.970806
24	5	8.982932
24	5	8.995797
24	5	9.005381
23	5	9.016944
23	5	9.028254
23	5	9.03975
23	5	9.051288
23	5	9.062752
23	5	9.074327
23	5	9.08584
23	5	9.097672
23	5	9.108891
23	5	9.120195
22	5	9.131488
22	5	9.142946
22	5	9.155736
22	5	9.165583
22	5	9.176399
22	5	9.187694
22	5	9.199105
22	5	9.20988
22	5	9.221412
22	5	9.232331
22	5	9.243498
22	6	9.254519
22	6	9.266013
22	6	9.276826
22	6	9.288199
22	6	9.299293
22	6	9.315388
22	6	9.322006
22	6	9.330094
22	6	9.341728
22	6	9.352744
22	6	9.363899
22	6	9.374991
22	6	9.387038
22	6	9.397528
22	6	9.408508
22	6	9.419596
22	6	9.430737
22	6	9.442601
22	6	9.456183
22	6	9.475832
22	6	9.483854
22	6	9.490859
22	7	9.498537
22	7	9.506434
22	7	9.517462
22	7	9.528641
22	7	9.539141
22	7	9.550814
22	7	9.561846
22	7	9.572931
22	7	9.584252
22	7	9.595252
22	7	9.606864
22	8	9.623141
22	8	9.62969
22	8	9.639935
22	8	9.651292
22	8	9.662605
22	8	9.673656
22	8	9.684997
22	8	9.696357
22	8	9.707236
22	8	9.718496
22	8	9.72952
22	9	9.740676
22	9	9.751442
22	9	9.763432
22	9	9.779432
22	9	9.787281
22	9	9.796597
22	9	9.807587
22	9	9.818787
22	9	9.830304
22	9	9.841001
22	9	9.852753
22	10	9.863333
22	10	9.87513
22	10	9.885935
22	10	9.896998
22	10	9.908104
22	10	9.919536
22	10	9.935228
22	10	9.942042
22	10	9.953422
22	10	9.964959
22	10	9.97633
23	10	9.988593
23	10	9.999949
23	10	10.01082
23	10	10.02196
23	10	10.0335
23	10	10.04445
23	10	10.05597
23	10	10.06706
23	10	10.07832
23	10	10.09129
23	10	10.10085
24	10	10.11175
24	10	10.12314
24	10	10.1341
24	10	10.1455
24	10	10.15636
24	10	10.16772
24	10	10.17862
24	10	10.18998
24	10	10.20097
24	10	10.21226
24	10	10.2232
25	10	10.23487
25	10	10.24707
25	10	10.25681
25	10	10.26784
25	10	10.27906
25	10	10.29083
25	10	10.30191
25	10	10.31387
25	10	10.32478
25	10	10.3362
25	10	10.34755
25	11	10.35893
25	11	10.36978
25	11	10.38128
25	11	10.39286
25	11	10.40782
25	11	10.41531
25	11	10.42506
25	11	10.43648
25	11	10.44746
25	11	10.45875
25	11	10.46992
25	12	10.48121
25	12	10.49266
25	12	10.504
25	12	10.51466
25	12	10.5259
25	12	10.53737
25	12	10.54856
25	12	10.56548
25	12	10.57264
25	12	10.5802
25	12	10.59137
25	13	10.60249
25	13	10.61382
25	13	10.62525
25	13	10.63617
25	13	10.64742
25	13	10.65844
25	13	10.66956
25	13	10.68086
25	13	10.6919
25	13	10.70331
26	13	10.71852
26	13	10.72566
26	13	10.73631
26	13	10.74781
26	13	10.75889
26	13	10.77046
26	13	10.78163
26	13	10.7921
26	13	10.80339
26	13	10.81468
26	13	10.82584
26	13	10.83719
27	13	10.84924
27	13	10.85997
27	13	10.87626
27	13	10.88765
27	13	10.89787
27	13	10.9071
27	13	10.91566
27	13	10.92697
27	13	10.93822
27	13	10.94989
27	13	10.96037
27	13	10.9715
27	13	10.98283
27	13	10.99393
27	13	11.00515
27	13	11.01657
27	13	11.03209
27	13	11.03981
27	13	11.04963
27	13	11.06039
27	14	11.07148
27	14	11.08287
27	14	11.09386
27	14	11.10543
27	14	11.11696
27	14	11.12796
27	14	11.13934
27	14	11.15065
27	14	11.16169
27	14	11.17306
27	15	11.19343
27	15	11.20041
27	15	11.20779
27	15	11.21587
27	15	11.22623
27	15	11.23759
27	15	11.24906
27	15	11.25975
27	15	11.27109
27	15	11.28252
27	15	11.29381
27	15	11.30502
27	16	11.3159
27	16	11.3282
27	16	11.34609
27	16	11.35714
27	16	11.36397
27	16	11.37128
27	16	11.38317
27	16	11.39382
27	16	11.40503
27	16	11.41591
27	16	11.42692
27	17	11.4382
27	17	11.44908
27	17	11.46045
27	17	11.47228
27	17	11.48359
27	17	11.49948
27	17	11.50734
27	17	11.51663
27	17	11.52778
27	17	11.53857
27	17	11.55024
27	18	11.56119
27	18	11.57243
27	18	11.58351
27	18	11.59446
27	18	11.60579
27	18	11.61724
27	18	11.6281
27	18	11.63962
27	18	11.65512
27	18	11.66228
27	18	11.67264
27	19	11.68441
27	19	11.6954
27	19	11.70654
27	19	11.71834
27	19	11.72927
27	19	11.74039
27	19	11.75247
27	19	11.76331
27	19	11.77479
27	19	11.78647
26	19	11.79825
26	19	11.81472
26	19	11.82239
26	19	11.83117
26	19	11.84284
26	19	11.85358
26	19	11.86448
26	19	11.87588
26	19	11.88717
26	19	11.8981
26	19	11.90993
25	19	11.92052
25	19	11.93206
25	19	11.94316
25	19	11.95428
25	19	11.96903
25	19	11.97669
25	19	11.98738
25	19	11.99863
25	19	12.0098
25	19	12.02109
25	19	12.03209
25	19	12.04314
25	19	12.05436
25	19	12.06555
25	19	12.07689
25	19	12.08807
25	19	12.09972
25	19	12.11136
25	20	12.12815
25	20	12.13672
25	20	12.14465
25	20	12.15468
25	20	12.16562
25	20	12.17661
25	20	12.18786
25	20	12.19895
25	20	12.21076
25	20	12.2217
25	20	12.23309
25	21	12.24391
25	21	12.25544
25	21	12.2669
25	21	12.28266
25	21	12.28997
25	21	12.29995
25	21	12.31148
25	21	12.3225
25	21	12.33377
25	21	12.34503
25	21	12.35643
25	22	12.36691
25	22	12.37814
25	22	12.3898
25	22	12.40049
25	22	12.41164
25	22	12.42325
25	22	12.43748
25	22	12.44533
25	22	12.45629
25	22	12.46743
25	22	12.47882
25	22	12.49024
25	22	12.50183
25	22	12.51348
25	22	12.52445
25	22	12.53594
25	22	12.54686
25	22	12.55788
26	22	12.56969
26	22	12.58064
26	22	12.59342
26	22	12.60331
26	22	12.61375
26	22	12.62471
26	22	12.63617
26	22	12.64697
26	22	12.65882
26	22	12.66991
26	22	12.68111
27	22	12.69271
27	22	12.70422
27	22	12.7156
27	22	12.72702
27	22	12.73829
27	22	12.75343
27	22	12.76077
27	22	12.76946
27	22	12.77992
27	22	12.79088
27	22	12.80242
27	22	12.81356
27	22	12.82467
27	23	12.83605
27	23	12.84759
27	23	12.85825
27	23	12.86971
27	23	12.88083
27	23	12.89174
27	23	12.9057
27	23	12.91421
27	23	12.92623
27	23	12.9372
27	23	12.94751
27	24	12.95865
27	24	12.96969
27	24	12.98079
27	24	12.99193
27	24	13.00309
27	24	13.01444
27	24	13.02575
27	24	13.03693
27	24	13.04811
27	24	13.06243
27	24	13.0707
27	25	13.0815
27	25	13.09323
27	25	13.10468
27	25	13.11596
27	25	13.12781
27	25	13.13886
27	25	13.15027
27	25	13.16117
27	25	13.17228
27	25	13.18345
27	25	13.19505
27	26	13.20746
27	26	13.22643
27	26	13.23889
27	26	13.24706
27	26	13.25439
27	26	13.26147
27	26	13.27036
27	26	13.28109
27	26	13.2923
27	26	13.30409
27	26	13.31502
27	27	13.32636
27	27	13.33801
27	27	13.34923
27	27	13.3598
27	27	13.37407
27	27	13.3829
27	27	13.39305
27	27	13.40437
27	27	13.41544
27	27	13.42676
27	27	13.43797
27	28	13.44915
27	28	13.46046
27	28	13.47121
27	28	13.48265
27	28	13.49412
27	28	13.50519
27	28	13.51665
27	28	13.5332
27	28	13.54087
27	28	13.54969
27	28	13.56073
27	29	13.57217
27	29	13.58335
27	29	13.59422
27	29	13.60542
27	29	13.61642
27	29	13.62751
27	29	13.63898
27	29	13.64988
27	29	13.6612
27	29	13.67282
27	29	13.68795
27	29	13.69589
27	29	13.70712
27	29	13.71895
27	29	13.73012
27	29	13.74155
27	29	13.7531
26	29	13.76394
26	29	13.77501
26	29	13.78664
26	29	13.79729
26	29	13.80838
26	29	13.81966
26	29	13.83097
26	29	13.84603
26	29	13.85384
26	29	13.86381
26	29	13.87481
25	29	13.8862
25	29	13.89779
25	29	13.90924
25	29	13.92102
25	29	13.93176
25	29	13.94315
25	29	13.95494
25	29	13.96595
25	29	13.97725
25	29	13.98872
25	29	14.00306
24	29	14.01118
24	29	14.02228
24	29	14.03371
24	29	14.04423
24	29	14.05543
24	29	14.06629
24	29	14.07759
24	29	14.08867
24	29	14.09988
24	29	14.11119
24	29	14.12227
23	29	14.16153
23	29	14.17789
23	29	14.18869
23	29	14.19516
23	29	14.20107
23	29	14.20831
23	29	14.2193
23	29	14.23003
23	29	14.24146
22	29	14.25275
22	29	14.26387
22	29	14.27517
22	29	14.28648
22	29	14.29742
22	29	14.30852
22	29	14.32069
22	29	14.33636
22	29	14.34667
22	29	14.35392
22	29	14.36476
21	29	14.3758
21	29	14.38737
21	29	14.39836
21	29	14.40944
21	29	14.42034
21	29	14.43179
21	29	14.44213
21	29	14.45389
21	29	14.46462
21	29	14.47592
21	29	14.49152
20	29	14.5012
20	29	14.50999
20	29	14.52121
20	29	14.53242
20	29	14.54292
20	29	14.55459
20	29	14.56586
20	29	14.5773
20	29	14.5886
20	29	14.59966
20	29	14.61065
19	29	14.62181
19	29	14.63345
19	29	14.64872
19	29	14.65812
19	29	14.66705
19	29	14.67796
19	29	14.68904
19	29	14.7
19	29	14.71129
19	29	14.72273
19	29	14.73337
18	29	14.74465
18	29	14.75575
18	29	14.76734
18	29	14.77901
18	29	14.79157
18	29	14.81272
18	29	14.823
18	29	14.82899
18	29	14.83665
18	29	14.84535
18	29	14.85636
17	29	14.8677
17	29	14.87938
17	29	14.89073
17	29	14.90215
17	29	14.91317
17	29	14.92449
17	29	14.93488
17	29	14.94799
17	29	14.96783
17	29	14.97866
16	29	14.98625
16	29	14.99379
16	29	15.00153
16	29	15.01278
16	29	15.02358
16	29	15.03449
16	29	15.04613
16	29	15.05714
16	29	15.06827
16	29	15.07907
16	29	15.09039
16	29	15.10184
16	29	15.11744
16	29	15.12676
16	29	15.13551
16	29	15.1464
16	29	15.15759
16	29	15.16887
16	29	15.17984
16	29	15.19104
16	29	15.20216
16	29	15.21365
16	29	15.22487
16	29	15.23628
16	29	15.24717
16	29	15.25881
16	29	15.27096
16	29	15.2809
16	29	15.29182
16	29	15.30334
16	29	15.31403
16	29	15.32535
16	29	15.33655
16	29	15.34787
16	29	15.35874
16	29	15.37011
16	29	15.38135
16	29	15.39199
16	29	15.40342
16	29	15.41507
16	29	15.42854
16	29	15.43813
16	29	15.4496
16	29	15.46122
16	29	15.47301
16	29	15.48434
16	29	15.49576
16	29	15.50751
16	29	15.51863
16	29	15.53015
16	29	15.54195
16	29	15.5532
16	29	15.56436
16	29	15.57615
16	29	15.58846
16	29	15.59819
16	29	15.60989
16	29	15.62149
16	29	15.63227
16	29	15.64353
16	29	15.65497
16	29	15.66618
16	29	15.67756
16	29	15.68844
16	29	15.69956
16	29	15.71083
16	29	15.7221
16	29	15.73316
16	29	15.74846
16	29	15.75824
16	29	15.76534
16	29	15.77653
16	29	15.78764
16	29	15.79886
16	29	15.81049
16	29	15.82132
16	28	15.83215
16	28	15.8434
16	28	15.85525
16	28	15.86594
16	28	15.87711
16	28	15.88891
16	28	15.9048
16	28	15.91484
16	28	15.92215
16	28	15.93078
16	28	15.94228
16	27	15.95391
16	27	15.96468
16	27	15.97589
16	27	15.98731
16	27	15.99813
16	27	16.00938
16	27	16.0209
16	27	16.03181
16	27	16.04343
16	27	16.05963
16	27	16.06833
16	26	16.07686
16	26	16.08747
16	26	16.09835
16	26	16.10968
16	26	16.12147
16	26	16.13229
16	26	16.14379
16	26	16.15453
16	26	16.16566
16	26	16.17688
16	26	16.18823
16	25	16.19968
16	25	16.21488
16	25	16.22578
16	25	16.23571
16	25	16.24374
16	25	16.2552
16	25	16.26631
16	25	16.27737
16	25	16.28897
16	25	16.30021
16	25	16.31116
16	25	16.32257
16	25	16.33331
16	25	16.34428
16	25	16.35632
16	25	16.37583
16	25	16.38871
16	25	16.39552
17	25	16.40232
17	25	16.40956
17	25	16.41998
17	25	16.43108
17	25	16.44225
17	25	16.45324
17	25	16.46433
17	25	16.47544
17	25	16.48682
17	25	16.49823
17	25	16.50973
18	25	16.52542
18	25	16.53491
18	25	16.54347
18	25	16.55491
18	25	16.56538
18	25	16.57647
18	25	16.5882
18	25	16.5992
18	25	16.61047
18	25	16.62161
18	25	16.63281
19	25	16.64364
19	25	16.65544
19	25	16.66623
19	25	16.68234
19	25	16.69217
19	25	16.70021
19	25	16.71115
19	25	16.72272
19	25	16.73339
19	25	16.74451
19	25	16.7557
20	25	16.76645
20	25	16.77773
20	25	16.78994
20	25	16.79996
20	25	16.81186
20	25	16.82372
20	25	16.84097
20	25	16.85208
20	25	16.85904
20	25	16.86726
20	25	16.87832
21	25	16.88955
21	25	16.90083
21	25	16.9123
21	25	16.92311
21	25	16.93438
21	25	16.9459
21	25	16.95668
21	25	16.9675
21	25	16.97966
21	25	16.99999
22	25	17.00949
22	25	17.01622
22	25	17.02551
22	25	17.0375
22	25	17.04888
22	25	17.05977
22	25	17.07073
22	25	17.08166
22	25	17.09328
22	25	17.10364
22	25	17.11584
22	25	17.12633
23	25	17.13881
23	25	17.15685
23	25	17.16857
23	25	17.17849
23	25	17.18642
23	25	17.19345
23	25	17.20037
23	25	17.21159
23	25	17.22327
23	25	17.23394
23	25	17.24504
24	25	17.25623
24	25	17.26732
24	25	17.27864
24	25	17.29044
24	25	17.30662
24	25	17.31607
24	25	17.32405
24	25	17.33468
24	25	17.34575
24	25	17.35704
24	25	17.36821
25	25	17.38003
25	25	17.39091
25	25	17.40268
25	25	17.41387
25	25	17.42486
25	25	17.43579
25	25	17.4474
25	25	17.46334
25	25	17.4735
25	25	17.48031
25	25	17.49153
26	25	17.5027
26	25	17.51435
26	25	17.52569
26	25	17.53729
26	25	17.54885
26	25	17.56049
26	25	17.57196
26	25	17.58333
26	25	17.5946
26	25	17.60653
27	25	17.62307
27	25	17.63315
27	25	17.64041
27	25	17.65083
27	25	17.66171
27	25	17.67356
27	25	17.68478
27	25	17.69543
27	25	17.70687
27	25	17.71785
27	25	17.72915
26	25	17.74015
26	25	17.75146
26	25	17.76286
26	25	17.77517
26	25	17.7849
26	25	17.79607
26	25	17.8073
26	25	17.81841
26	25	17.82943
26	25	17.8406
26	25	17.85165
25	25	17.86319
25	25	17.87445
25	25	17.88566
25	25	17.89697
25	25	17.90816
25	25	17.9198
25	25	17.93151
25	25	17.94155
25	25	17.95266
25	25	17.96347
25	25	17.97505
24	25	17.9859
24	25	17.99759
24	25	18.00873
24	25	18.02032
24	25	18.03149
24	25	18.04299
24	25	18.05419
24	25	18.06577
24	25	18.07728
24	25	18.09073
24	25	18.09984
23	25	18.11167
23	25	18.12275
23	25	18.13425
23	25	18.14554
23	25	18.15665
23	25	18.16764
23	25	18.17942
23	25	18.19061
23	25	18.20167
23	25	18.21283
23	25	18.22412
22	25	18.23557
22	25	18.24858
22	25	18.25753
22	25	18.26857
22	25	18.27987
22	25	18.29139
22	25	18.30222
22	25	18.31371
22	25	18.32482
22	25	18.33623
22	25	18.34695
22	26	18.35803
22	26	18.36916
22	26	18.38065
22	26	18.39183
22	26	18.40831
22	26	18.41788
22	26	18.42477
22	26	18.43579
22	26	18.44432
22	26	18.45519
22	26	18.46649
22	27	18.4776
22	27	18.4889
22	27	18.49974
22	27	18.51124
22	27	18.52266
22	27	18.53398
22	27	18.54596
22	27	18.5657
22	27	18.5782
22	27	18.5852
22	27	18.59305
22	28	18.59885
22	28	18.60941
22	28	18.62128
22	28	18.63195
22	28	18.64313
22	28	18.65407
22	28	18.66557
22	28	18.67632
22	28	18.68729
22	28	18.69922
22	28	18.71665
22	29	18.72992
22	29	18.73833
22	29	18.74497
22	29	18.75509
22	29	18.76588
22	29	18.77692
22	29	18.78814
22	29	18.79887
22	29	18.81025
22	29	18.82144
22	29	18.83292
22	29	18.84439
22	29	18.85594
22	29	18.86823
22	29	18.87792
22	29	18.88904
22	29	18.89992
22	28	18.91135
22	28	18.92248
22	28	18.93351
22	28	18.94448
22	28	18.95574
22	28	18.96699
22	28	18.97819
22	28	18.98932
22	28	19.0004
22	28	19.01294
22	27	19.02907
22	27	19.03624
22	27	19.04489
22	27	19.05589
22	27	19.06702
22	27	19.07826
22	27	19.0896
22	27	19.10076
22	27	19.11245
22	27	19.12422
22	27	19.13517
22	27	19.14677
22	26	19.15869
22	26	19.17023
22	26	19.1828
22	26	19.19224
22	26	19.20325
22	26	19.21442
22	26	19.22545
22	26	19.23663
22	26	19.2479
22	26	19.25878
22	26	19.27035
22	25	19.28119
22	25	19.29236
22	25	19.30335
22	25	19.31491
22	25	19.32623
22	25	19.33839
22	25	19.34861
22	25	19.3597
22	25	19.37049
22	25	19.3823
22	25	19.3934
22	24	19.40495
22	24	19.41603
22	24	19.4275
22	24	19.43877
22	24	19.4502
22	24	19.46171
22	24	19.47248
22	24	19.48404
22	24	19.50452
22	24	19.51535
22	23	19.52265
22	23	19.52963
22	23	19.5372
22	23	19.54771
22	23	19.55883
22	23	19.57008
22	23	19.58159
22	23	19.61056
22	23	19.61809
22	23	19.62427
22	23	19.63025
22	23	19.63791
22	22	19.65807
22	22	19.6675
22	22	19.67706
22	22	19.68419
22	22	19.6924
22	22	19.70371
22	22	19.71501
22	22	19.72614
22	22	19.73702
22	22	19.74818
22	22	19.75941
23	22	19.7706
23	22	19.78204
23	22	19.79375
23	22	19.80869
23	22	19.81795
23	22	19.82701
23	22	19.83811
23	22	19.84959
23	22	19.86
23	22	19.87164
23	22	19.88289
24	22	19.89363
24	22	19.90509
24	22	19.91644
24	22	19.92753
24	22	19.93844
24	22	19.94996
24	22	19.96746
24	22	19.97803
24	22	19.98438
24	22	19.99435
24	22	20.00547
25	22	20.01662
25	22	20.0281
25	22	20.03885
25	22	20.05035
25	22	20.06186
25	22	20.07284
25	22	20.08378
25	22	20.09507
25	22	20.1064
25	22	20.11789
26	22	20.12907
26	22	20.13995
26	22	20.15151
26	22	20.16327
26	22	20.17554
26	22	20.18618
26	22	20.19726
26	22	20.20831
26	22	20.21989
26	22	20.23093
26	22	20.24221
25	22	20.25329
25	22	20.2644
25	22	20.27694
25	22	20.28649
25	22	20.29749
25	22	20.30874
25	22	20.31988
25	22	20.33097
25	22	20.34274
25	22	20.35383
25	22	20.36546
24	22	20.3769
24	22	20.38843
24	22	20.39969
24	22	20.41102
24	22	20.42281
24	22	20.43594
24	22	20.44469
24	22	20.45647
24	22	20.46795
24	22	20.47955
24	22	20.49069
23	22	20.50238
23	22	20.51356
23	22	20.52518
23	22	20.53595
23	22	20.54736
23	22	20.55863
23	22	20.56985
23	22	20.58135
23	22	20.59601
23	22	20.60346
23	22	20.61273
22	22	20.62378
22	22	20.63527
22	22	20.64614
22	22	20.65724
22	22	20.66852
22	22	20.6797
22	22	20.6911
22	22	20.70227
22	22	20.71347
22	22	20.72479
22	22	20.73587
22	22	20.74788
22	22	20.75821
22	22	20.76907
22	22	20.78038
22	22	20.79165
22	21	20.80262
22	21	20.81369
22	21	20.82512
22	21	20.83637
22	21	20.84749
22	21	20.85851
22	21	20.86955
22	21	20.88087
22	21	20.89237
22	21	20.90738
22	21	20.91729
22	20	20.92553
22	20	20.93625
22	20	20.94762
22	20	20.95886
22	20	20.96985
22	20	20.98122
22	20	20.99253
22	20	21.00338
22	20	21.01444
22	20	21.02541
22	20	21.03746
22	19	21.04975
22	19	21.06623
22	19	21.07699
22	19	21.08741
22	19	21.0946
22	19	21.10089
22	19	21.11118
22	19	21.12261
22	19	21.13374
22	19	21.1448
22	19	21.15608
22	18	21.16717
22	18	21.17842
22	18	21.18951
22	18	21.20159
22	18	21.22348
22	18	21.23446
22	18	21.24124
22	18	21.24885
22	18	21.25625
22	18	21.26736
22	18	21.27893
22	17	21.28975
22	17	21.30098
22	17	21.31287
22	17	21.32393
22	17	21.33522
22	17	21.34643
22	17	21.35823
22	17	21.37559
22	17	21.38604
22	17	21.39398
22	17	21.40199
22	16	21.41282
22	16	21.42385
22	16	21.43548
22	16	21.44663
22	16	21.45801
22	16	21.46913
22	16	21.48048
22	16	21.49163
22	16	21.50225
22	16	21.51409
22	15	21.53073
22	15	21.54084
22	15	21.54777
22	15	21.55845
22	15	21.56967
22	15	21.58098
22	15	21.59216
22	15	21.60358
22	15	21.61432
22	15	21.62581
22	15	21.6368
22	15	21.64788
22	14	21.65932
22	14	21.67042
22	14	21.68796
22	14	21.69836
22	14	21.70528
22	14	21.71517
22	14	21.72685
22	14	21.73794
22	14	21.7496
22	14	21.76049
22	14	21.77198
22	13	21.78292
22	13	21.79385
22	13	21.8052
22	13	21.81674
22	13	21.82811
22	13	21.84393
22	13	21.85515
22	13	21.86249
22	13	21.87182
22	13	21.88312
22	13	21.89417
22	12	21.90543
22	12	21.91697
22	12	21.92808
22	12	21.93958
22	12	21.95071
22	12	21.96182
22	12	21.97315
22	12	21.9847
22	12	22.00051
22	12	22.0107
22	11	22.01796
22	11	22.02873
22	11	22.04019
22	11	22.0512
22	11	22.06291
22	11	22.07448
22	11	22.08567
22	11	22.09658
22	11	22.10783
22	11	22.11897
22	11	22.13002
22	10	22.14184
22	10	22.15888
22	10	22.17141
22	10	22.17965
22	10	22.1873
22	10	22.19562
22	10	22.20631
22	10	22.21776
22	10	22.22876
22	10	22.23979
22	10	22.25088
22	11	22.2625
22	11	22.2737
22	11	22.28475
22	11	22.29628
22	11	22.31084
22	11	22.31963
22	11	22.32998
22	11	22.34026
22	11	22.35181
22	11	22.36319
22	11	22.37431
22	12	22.38519
22	12	22.39632
22	12	22.40739
22	12	22.41868
22	12	22.42961
22	12	22.4405
22	12	22.45215
22	12	22.46555
22	12	22.47431
22	12	22.48533
22	12	22.49682
22	13	22.50776
22	13	22.51899
22	13	22.5307
22	13	22.54196
22	13	22.55376
22	13	22.56522
22	13	22.57713
22	13	22.58797
22	13	22.59955
22	13	22.61156
22	13	22.62566
22	14	22.6335
22	14	22.64482
22	14	22.65624
22	14	22.66779
22	14	22.679
22	14	22.69
22	14	22.70133
22	14	22.71231
22	14	22.72375
22	14	22.73459
22	14	22.74585
22	15	22.75711
22	15	22.76894
22	15	22.78182
22	15	22.79087
22	15	22.80195
22	15	22.81329
22	15	22.82424
22	15	22.83538
22	15	22.84695
22	15	22.85774
22	15	22.86905
22	16	22.88033
22	16	22.89153
22	16	22.90303
22	16	22.91403
22	16	22.92532
22	16	22.93785
22	16	22.94757
22	16	22.95848
22	16	22.96987
22	16	22.9812
22	16	22.9921
23	16	23.00336
23	16	23.01456
23	16	23.02669
23	16	23.03765
23	16	23.04921
23	16	23.06174
23	16	23.07234
23	16	23.08339
23	16	23.10031
23	16	23.11106
23	16	23.11702
24	16	23.12405
24	16	23.13527
24	16	23.14654
24	16	23.15761
24	16	23.16898
24	16	23.18002
24	16	23.19107
24	16	23.20177
24	16	23.2129
24	16	23.22397
24	16	23.23599
25	16	23.25225
25	16	23.26239
25	16	23.27253
25	16	23.2797
25	16	23.29146
25	16	23.30243
25	16	23.31322
25	16	23.32452
25	16	23.33567
25	16	23.34706
25	16	23.35792
26	16	23.36957
26	16	23.38227
26	16	23.39206
26	16	23.40707
26	16	23.41689
26	16	23.42526
26	16	23.43632
26	16	23.44741
26	16	23.45877
26	16	23.4703
26	16	23.48134
27	16	23.49305
27	16	23.50357
27	16	23.51532
27	16	23.52598
27	16	23.5374
27	16	23.54877
27	16	23.56243
27	16	23.57112
27	16	23.58189
27	16	23.59336
27	16	23.60429
26	16	23.61577
26	16	23.6277
26	16	23.63858
26	16	23.64991
26	16	23.66125
26	16	23.67226
26	16	23.6833
26	16	23.69481
26	16	23.70601
26	16	23.71871
26	16	23.72877
25	16	23.73939
25	16	23.75074
25	16	23.76213
25	16	23.77365
25	16	23.78481
25	16	23.7961
25	16	23.80743
25	16	23.81866
25	16	23.83011
25	16	23.84126
24	16	23.85266
24	16	23.86427
24	16	23.8768
24	16	23.88626
24	16	23.89739
24	16	23.90849
24	16	23.91955
24	16	23.93083
24	16	23.94195
24	16	23.95332
24	16	23.96452
23	16	23.97604
23	16	23.98776
23	16	23.9989
23	16	24.01034
23	16	24.02222
23	16	24.03766
23	16	24.04668
23	16	24.05413
23	16	24.06357
23	16	24.07467
23	16	24.08599
22	16	24.09697
22	16	24.10828
22	16	24.11973
22	16	24.1309
22	16	24.14217
22	16	24.15323
22	16	24.16431
22	16	24.17527
22	16	24.18837
22	16	24.19744
22	16	24.20884
22	17	24.21983
22	17	24.23087
22	17	24.24201
22	17	24.25345
22	17	24.26438
22	17	24.27542
22	17	24.28672
22	17	24.29779
22	17	24.30897
22	17	24.32035
22	17	24.33156
22	18	24.34466
22	18	24.3534
22	18	24.36473
22	18	24.37588
22	18	24.38727
22	18	24.39818
22	18	24.40981
22	18	24.42093
22	18	24.43238
22	18	24.44347
22	18	24.45495
22	19	24.46637
22	19	24.4781
22	19	24.48947
22	19	24.50126
22	19	24.51312
22	19	24.52299
22	19	24.53433
22	19	24.54583
22	19	24.55665
22	19	24.56807
22	19	24.57938
21	19	24.59056
21	19	24.60181
21	19	24.61328
21	19	24.62432
21	19	24.63585
21	19	24.64711
21	19	24.66387
21	19	24.67348
21	19	24.68054
21	19	24.68834
21	19	24.6991
20	19	24.71051
20	19	24.72185
20	19	24.73304
20	19	24.74395
20	19	24.75506
20	19	24.76606
20	19	24.77752
20	19	24.78852
20	19	24.79983
20	19	24.81487
20	19	24.82513
19	19	24.8332
19	19	24.84455
19	19	24.85584
19	19	24.8666
19	19	24.87814
19	19	24.889
19	19	24.90024
19	19	24.91198
19	19	24.92294
19	19	24.93384
19	19	24.94528
18	19	24.95634
18	19	24.97184
18	19	24.98289
18	19	24.99241
18	19	25.00097
18	19	25.01241
18	19	25.02336
18	19	25.03481
18	19	25.06906
17	19	25.07665
17	19	25.0848
17	19	25.09419
17	19	25.10148
17	19	25.11071
17	19	25.126
17	19	25.13605
17	19	25.14403
17	19	25.15498
17	19	25.1656
17	19	25.17676
17	19	25.18833
16	19	25.19938
16	19	25.21067
16	19	25.22214
16	19	25.23316
16	19	25.24452
16	19	25.25534
16	19	25.26655
16	19	25.28203
16	19	25.29207
16	19	25.30051
16	19	25.31131
16	20	25.32219
16	20	25.3336
16	20	25.34515
16	20	25.35568
16	20	25.36717
16	20	25.37866
16	20	25.38918
16	20	25.40035
16	20	25.41177
16	20	25.423
16	20	25.43785
16	21	25.44793
16	21	25.4563
16	21	25.46728
16	21	25.47857
16	21	25.48992
16	21	25.50112
16	21	25.51265
16	21	25.52366
16	21	25.53464
16	21	25.54595
16	21	25.55726
16	22	25.56828
16	22	25.58026
16	22	25.59574
16	22	25.60628
16	22	25.6138
16	22	25.62415
16	22	25.63521
16	22	25.64708
16	22	25.65821
16	22	25.67035
16	22	25.68203
17	22	25.69361
17	22	25.70487
17	22	25.71576
17	22	25.72749
17	22	25.73855
17	22	25.75459
17	22	25.76415
17	22	25.77199
17	22	25.78285
17	22	25.79388
17	22	25.80536
18	22	25.81641
18	22	25.82829
18	22	25.83928
18	22	25.85052
18	22	25.8612
18	22	25.87235
18	22	25.88385
18	22	25.89504
18	22	25.91014
18	22	25.9209
18	22	25.92831
19	22	25.93943
19	22	25.95063
19	22	25.96149
19	22	25.97254
19	22	25.98377
19	22	25.9956
19	22	26.00616
19	22	26.01751
19	22	26.02864
19	22	26.03966
19	22	26.05103
19	23	26.06641
19	23	26.07788
19	23	26.08809
19	23	26.09454
19	23	26.10459
19	23	26.11566
19	23	26.12643
19	23	26.1381
19	23	26.14928
19	23	26.1606
19	23	26.17144
19	24	26.18289
19	24	26.19367
19	24	26.20522
19	24	26.22027
19	24	26.22998
19	24	26.23859
19	24	26.24961
19	24	26.26096
19	24	26.27232
19	24	26.2834
19	24	26.29433
19	25	26.30534
19	25	26.31658
19	25	26.32768
19	25	26.33895
19	25	26.35005
19	25	26.36166
19	25	26.37416
19	25	26.38417
19	25	26.39428
19	25	26.40566
19	25	26.41676
19	25	26.42884
19	25	26.44002
19	25	26.45156
19	25	26.4635
19	25	26.4746
18	25	26.48597
18	25	26.49769
18	25	26.50879
18	25	26.52043
18	25	26.53434
18	25	26.54249
18	25	26.55406
18	25	26.56537
18	25	26.57655
18	25	26.58794
18	25	26.59911
17	25	26.61046
17	25	26.62181
17	25	26.63309
17	25	26.64453
17	25	26.65599
17	25	26.66694
17	25	26.67862
17	25	26.69308
17	25	26.7015
17	25	26.71231
17	25	26.7236
16	25	26.73446
16	25	26.74555
16	25	26.75693
16	25	26.76833
16	25	26.77928
16	25	26.79033
16	25	26.80155
16	25	26.81288
16	25	26.82414
16	25	26.83559
16	25	26.85107
16	25	26.85924
16	25	26.8672
16	25	26.87829
16	25	26.88951
16	25	26.90059
16	25	26.91159
16	25	26.92269
16	25	26.9346
16	25	26.94505
16	25	26.95654
16	25	26.96774
16	25	26.97874
16	25	26.99006
16	25	27.00255
16	25	27.01183
16	25	27.02349
16	25	27.03437
16	25	27.04559
16	25	27.05681
16	25	27.06807
16	25	27.07937
16	25	27.09052
16	25	27.10212
16	25	27.11411
16	25	27.12433
16	25	27.13509
16	25	27.14634
16	25	27.15881
16	25	27.16838
16	25	27.17992
16	25	27.19071
16	25	27.2018
16	25	27.21317
16	25	27.22477
16	25	27.23627
16	25	27.24745
16	25	27.25858
16	25	27.26997
16	25	27.28135
16	25	27.29248
16	25	27.30408
16	25	27.31636
16	25	27.32668
16	25	27.33822
16	25	27.34964
16	25	27.36077
16	25	27.37231
16	25	27.38382
16	25	27.39495
16	25	27.40608
16	25	27.4171
16	25	27.42823
16	25	27.43932
16	25	27.45061
16	25	27.46214
16	25	27.47458
16	25	27.48426
16	25	27.49518
16	25	27.50633
16	25	27.51753
16	25	27.52851
16	25	27.53971
16	25	27.55109
16	25	27.56207
16	25	27.57328
16	25	27.58473
16	25	27.59553
16	25	27.60664
16	25	27.61791
16	25	27.63092
16	25	27.63997
16	25	27.6511
16	25	27.66263
16	25	27.67425
16	25	27.68548
16	25	27.69716
16	25	27.70787
16	25	27.71887
16	25	27.72997
16	25	27.74095
16	25	27.75213
16	25	27.76336
16	25	27.77527
16	25	27.79328
16	25	27.8011
16	25	27.80788
16	25	27.81519
16	25	27.82486
16	25	27.83632
16	25	27.84792
16	25	27.85839
16	25	27.86943
16	25	27.88096
16	25	27.89149
16	25	27.90254
16	25	27.9141
16	26	27.92541
16	26	27.93811
16	26	27.94821
16	26	27.9586
16	26	27.97008
16	26	27.98158
16	26	27.99254
16	26	28.00347
16	26	28.01483
16	26	28.02606
16	26	28.03733
16	27	28.04865
16	27	28.05968
16	27	28.0708
16	27	28.08247
16	27	28.09469
16	27	28.10443
16	27	28.11543
16	27	28.12689
16	27	28.13771
16	27	28.15
16	27	28.1605
16	28	28.1718
16	28	28.18328
16	28	28.1945
16	28	28.2062
16	28	28.21731
16	28	28.22905
16	28	28.24052
16	28	28.25312
16	28	28.26329
16	28	28.27454
16	29	28.28622
16	29	28.29754
16	29	28.30897
16	29	28.32037
16	29	28.33186
16	29	28.34336
16	29	28.35465
16	29	28.36587
16	29	28.37809
16	29	28.38861
16	29	28.40009
16	29	28.41228
16	29	28.42228
16	29	28.43319
16	29	28.44449
16	29	28.45566
16	29	28.4669
16	29	28.47804
16	29	28.4891
16	29	28.50037
16	29	28.51182
16	29	28.52282
16	29	28.53386
16	29	28.54508
16	29	28.55698
16	29	28.57337
16	29	28.58099
16	29	28.58744
16	29	28.59724
16	29	28.60856
16	29	28.61986
16	29	28.63163
16	29	28.64261
16	29	28.65371
16	29	28.66493
16	29	28.67581
16	29	28.6874
16	29	28.6985
16	29	28.70988
16	29	28.72341
16	29	28.73161
16	29	28.74254
16	28	28.75362
16	28	28.7647
16	28	28.77564
16	28	28.78693
16	28	28.79828
16	28	28.80937
16	28	28.82051
16	28	28.83146
16	28	28.84284
16	28	28.85377
16	28	28.86518
16	27	28.87724
16	27	28.88754
16	27	28.89878
16	27	28.90947
16	27	28.92083
16	27	28.93231
16	27	28.94393
16	27	28.95508
16	27	28.96692
16	27	28.97793
16	27	28.9895
16	26	29.00066
16	26	29.01219
16	26	29.02369
16	26	29.0372
16	26	29.04607
16	26	29.05785
16	26	29.06939
16	26	29.08003
16	26	29.09141
16	26	29.10248
16	26	29.11403
16	27	29.12512
16	27	29.13669
16	27	29.14796
16	27	29.15881
16	27	29.16994
16	27	29.18187
16	27	29.19541
16	27	29.20378
16	27	29.21458
16	27	29.22554
16	27	29.23675
16	28	29.24803
16	28	29.25888
16	28	29.27039
16	28	29.28144
16	28	29.29273
16	28	29.30383
16	28	29.31549
16	28	29.32629
16	28	29.33805
16	28	29.35032
16	28	29.36004
16	29	29.37127
16	29	29.38393
16	29	29.39358
16	29	29.40479
16	29	29.41591
16	29	29.42698
16	29	29.43793
16	29	29.44934
16	29	29.45996
16	29	29.47149
16	29	29.4828
16	29	29.49427
16	29	29.50955
16	29	29.52064
16	29	29.52888
16	29	29.5369
16	29	29.54822
16	29	29.55903
16	29	29.57013
16	29	29.58144
16	29	29.59293
16	29	29.60397
16	29	29.61508
16	29	29.62619
16	29	29.63735
16	29	29.64854
16	29	29.66066
16	29	29.67046
16	29	29.682
16	29	29.69294
16	29	29.70415
16	29	29.71503
16	29	29.72617
16	29	29.73737
16	29	29.74858
16	29	29.75951
16	29	29.77071
16	29	29.78187
16	29	29.79301
16	29	29.80457
16	29	29.81675
16	29	29.82703
16	29	29.83829
16	29	29.84973
16	29	29.86057
16	29	29.87181
16	29	29.88337
16	29	29.8946
16	29	29.90562
16	29	29.91711
16	29	29.92826
16	29	29.93955
16	29	29.9509
16	29	29.96238
16	29	29.97633
16	29	29.98478
16	29	29.99621
16	29	30.00744
16	29	30.01905
16	29	30.03008
16	29	30.04106
16	29	30.05239
16	29	30.06373
16	29	30.07504
16	29	30.08626
16	29	30.09751
16	29	30.10852
16	29	30.12008
16	29	30.13192
16	29	30.14297
16	29	30.15352
16	29	30.16452
16	29	30.17539
16	29	30.18686
16	29	30.19784
16	29	30.20915
16	29	30.22007
16	28	30.23127
16	28	30.24232
16	28	30.25345
16	28	30.2645
16	28	30.27621
16	28	30.29014
16	28	30.29812
16	28	30.30862
16	28	30.31965
16	28	30.33052
16	28	30.34201
16	27	30.3533
16	27	30.36467
16	27	30.3758
16	27	30.38752
16	27	30.3981
16	27	30.40971
16	27	30.42034
16	27	30.43153
16	27	30.44353
16	27	30.4538
16	27	30.46522
16	26	30.47598
16	26	30.48738
16	26	30.53071
16	26	30.53883
16	26	30.5447
16	26	30.55278
16	26	30.56062
16	26	30.57152
16	26	30.58373
16	25	30.59675
16	25	30.60545
16	25	30.61631
16	25	30.6278
16	25	30.63859
16	25	30.65008
16	25	30.66112
16	25	30.67208
16	25	30.68369
16	25	30.69478
16	25	30.70586
16	25	30.71694
16	25	30.72799
16	25	30.73943
16	25	30.75265
16	25	30.76212
16	25	30.7732
16	25	30.78427
16	25	30.79511
16	25	30.80632
16	25	30.81779
16	25	30.82822
16	25	30.83945
16	25	30.85141
16	25	30.86205
16	25	30.87306
16	25	30.88479
16	25	30.896
16	25	30.90898
16	25	30.91816
16	25	30.92914
16	26	30.94019
16	26	30.95153
16	26	30.96256
16	26	30.97373
16	26	30.9851
16	26	30.99619
16	26	31.00782
16	26	31.01913
16	26	31.02992
16	26	31.04085
16	26	31.05275
16	27	31.0647
16	27	31.07531
16	27	31.08636
16	27	31.09755
16	27	31.10856
16	27	31.12012
16	27	31.1309
16	27	31.14226
16	27	31.15491
16	27	31.16749
16	27	31.17828
16	28	31.19045
16	28	31.20285
16	28	31.21495
16	28	31.22534
16	28	31.23671
16	28	31.24773
16	28	31.25894
16	28	31.26993
16	28	31.28109
16	28	31.29226
16	28	31.3038
16	29	31.31509
16	29	31.32675
16	29	31.33809
16	29	31.34969
16	29	31.36065
16	29	31.37544
16	29	31.38393
16	29	31.39188
16	29	31.40302
16	29	31.41381
16	29	31.42486
16	29	31.43645
16	29	31.44761
16	29	31.45855
16	29	31.46963
16	29	31.48068
16	29	31.4917
16	29	31.50295
16	29	31.51445
16	29	31.52642
16	29	31.5364
16	29	31.54767
16	29	31.55842
16	29	31.5698
16	29	31.581
16	29	31.59216
16	29	31.60349
16	29	31.6147
16	29	31.62599
16	29	31.63716
16	29	31.64836
16	29	31.65955
16	29	31.67109
16	29	31.6835
16	29	31.69307
16	29	31.70398
16	29	31.71557
16	29	31.72632
16	29	31.73776
16	29	31.74917
16	29	31.76023
16	29	31.77169
16	29	31.78296
16	29	31.794
16	29	31.8052
16	29	31.81658
16	29	31.82823
16	29	31.84019
16	29	31.85353
16	29	31.86218
16	29	31.87321
16	29	31.88452
16	29	31.89561
16	29	31.90679
16	29	31.91825
16	29	31.92948
16	29	31.94064
16	29	31.95182
16	29	31.96268
16	29	31.97396
16	29	31.98551
16	29	31.99731
16	29	32.00731
16	29	32.01869
16	29	32.02943
16	29	32.04054
16	29	32.05209
16	29	32.06296
16	29	32.07396
16	29	32.08534
16	29	32.09644
16	29	32.10753
16	28	32.11891
16	28	32.13004
16	28	32.14145
16	28	32.15442
16	28	32.16351
16	28	32.17465
16	28	32.18576
16	28	32.19726
16	28	32.20843
16	28	32.21959
16	28	32.23072
16	27	32.24197
16	27	32.25322
16	27	32.26479
16	27	32.27592
16	27	32.28719
16	27	32.29863
16	27	32.31271
16	27	32.32097
16	27	32.33138
16	27	32.34237
16	27	32.35338
16	26	32.3643
16	26	32.37549
16	26	32.38666
16	26	32.39765
16	26	32.40887
16	26	32.41995
16	26	32.43117
16	26	32.44231
16	26	32.45372
16	26	32.46563
16	26	32.47583
16	25	32.48685
16	25	32.49794
16	25	32.50913
16	25	32.52033
16	25	32.53119
16	25	32.54258
16	25	32.5538
16	25	32.56527
16	25	32.57631
16	25	32.58766
16	25	32.59876
16	25	32.61014
16	25	32.62283
16	25	32.63238
16	25	32.64355
16	25	32.65469
16	25	32.66587
16	25	32.67719
16	25	32.68847
16	25	32.69979
16	25	32.71093
16	25	32.72263
16	25	32.73372
16	25	32.74475
16	25	32.75602
16	25	32.76778
16	25	32.78066
16	25	32.78947
16	25	32.80003
16	25	32.81124
16	25	32.82228
16	25	32.83358
16	25	32.84528
16	25	32.85565
16	25	32.86687
16	25	32.87807
16	25	32.88925
16	25	32.9003
16	25	32.91156
16	25	32.9231
16	25	32.93563
16	25	32.94531
16	25	32.95662
16	25	32.9681
16	25	32.97908
16	25	32.99009
16	26	33.00174
16	26	33.01273
16	26	33.02385
16	26	33.03524
16	26	33.04605
16	26	33.05716
16	26	33.0686
16	26	33.0798
16	26	33.09713
16	26	33.10408
16	26	33.10936
16	27	33.12065
16	27	33.13197
16	27	33.14293
16	27	33.15444
16	27	33.16597
16	27	33.17804
16	27	33.18921
16	27	33.1996
16	27	33.21003
16	27	33.2214
16	27	33.23259
15	27	33.24532
15	27	33.25459
15	27	33.26556
15	27	33.27717
15	27	33.28822
15	27	33.29921
15	27	33.31026
15	27	33.32172
15	27	33.33315
15	27	33.3442
15	27	33.35532
14	27	33.36625
14	27	33.37829
14	27	33.38963
14	27	33.40532
14	27	33.41526
14	27	33.42245
14	27	33.43343
14	27	33.44475
14	27	33.45614
14	27	33.4672
14	27	33.47866
13	27	33.48973
13	27	33.50089
13	27	33.51212
13	27	33.52335
13	27	33.53444
13	27	33.54656
13	27	33.56168
13	27	33.57169
13	27	33.5793
13	27	33.59031
13	27	33.60167
13	27	33.61259
13	27	33.62363
13	27	33.63471
13	27	33.64602
13	27	33.65735
13	27	33.66854
13	27	33.67952
13	27	33.69078
13	27	33.70243
13	27	33.71517
13	27	33.72474
13	27	33.73607
13	27	33.74687
13	27	33.75785
13	27	33.76939
13	27	33.78059
13	27	33.79181
13	27	33.80333
13	27	33.81434
13	27	33.82549
13	27	33.83697
13	27	33.84819
13	27	33.85905
13	27	33.87215
13	27	33.88142
13	27	33.89266
13	27	33.90413
13	27	33.91531
13	27	33.92656
13	27	33.93811
13	26	33.94939
13	26	33.96073
13	26	33.97215
13	26	33.98396
13	26	33.995
13	26	34.00623
13	26	34.01812
13	26	34.0399
13	26	34.05141
13	26	34.0595
13	25	34.06589
13	25	34.07368
13	25	34.08177
13	25	34.09053
13	25	34.10148
13	25	34.11274
13	25	34.12416
13	25	34.1355
13	25	34.14672
13	25	34.15804
13	25	34.17013
13	25	34.18655
13	25	34.19635
13	25	34.20311
13	25	34.21373
13	25	34.22474
13	25	34.23634
13	25	34.24734
13	25	34.25845
13	25	34.26952
12	25	34.28548
12	25	34.29317
12	25	34.30315
12	25	34.31418
12	25	34.32597
12	25	34.34391
12	25	34.35434
12	25	34.36169
12	25	34.36975
12	25	34.38101
12	25	34.39195
11	25	34.40405
11	25	34.41445
11	25	34.426
11	25	34.43708
11	25	34.44873
11	25	34.45957
11	25	34.47087
11	25	34.48227
11	25	34.49895
11	25	34.50971
11	25	34.51632
10	25	34.52619
10	25	34.53745
10	25	34.5484
10	25	34.55978
10	25	34.5709
10	25	34.58216
10	25	34.59305
10	25	34.60461
10	25	34.61558
10	25	34.62647
10	25	34.63801
9	25	34.65363
9	25	34.66426
9	25	34.67439
9	25	34.68274
9	25	34.69382
9	25	34.70556
9	25	34.71697
9	25	34.7284
9	25	34.73989
9	25	34.75158
8	25	34.76271
8	25	34.77394
8	25	34.785
8	25	34.79672
8	25	34.81233
8	25	34.82295
8	25	34.82988
8	25	34.84081
8	25	34.85165
8	25	34.86291
8	25	34.87437
7	25	34.8858
7	25	34.89685
7	25	34.90821
7	25	34.91994
7	25	34.93078
7	25	34.94201
7	25	34.95425
7	25	34.96983
7	25	34.97941
7	25	34.98744
7	25	34.99838
6	25	35.00964
6	25	35.0209
6	25	35.03179
6	25	35.04302
6	25	35.05391
6	25	35.06482
6	25	35.07591
6	25	35.08754
6	25	35.09839
6	25	35.10999
5	25	35.12976
5	25	35.14123
5	25	35.14785
5	25	35.15451
5	25	35.16303
5	25	35.17416
5	25	35.18515
5	25	35.19636
5	25	35.20861
5	25	35.21923
5	25	35.23046
5	25	35.24133
4	25	35.25249
4	25	35.2638
4	25	35.27951
4	25	35.28973
4	25	35.29704
4	25	35.30868
4	25	35.31972
4	25	35.33059
4	25	35.34152
4	25	35.35275
4	25	35.3641
3	25	35.37508
3	25	35.38701
3	25	35.39762
3	25	35.40886
3	25	35.42025
3	25	35.43612
3	25	35.44553
3	25	35.45388
3	25	35.46465
3	25	35.476
3	25	35.48716
2	25	35.49793
2	25	35.50914
2	25	35.52065
2	25	35.5312
2	25	35.54291
2	25	35.55466
2	25	35.56585
2	25	35.57788
2	25	35.59443
2	25	35.60529
2	25	35.61199
2	26	35.62349
2	26	35.63462
2	26	35.64583
2	26	35.65674
2	26	35.66773
2	26	35.67917
2	26	35.69032
2	26	35.7014
2	26	35.71267
2	26	35.72395
2	26	35.73549
2	27	35.75188
2	27	35.76344
2	27	35.77388
2	27	35.78154
2	27	35.79047
2	27	35.80174
2	27	35.81318
2	27	35.82369
2	27	35.83518
2	27	35.84724
2	27	35.85767
2	28	35.8684
2	28	35.87939
2	28	35.89134
2	28	35.90712
2	28	35.91698
2	28	35.92446
2	28	35.93547
2	28	35.96587
2	28	35.97361
2	28	35.98167
2	29	35.98875
2	29	35.99622
2	29	36.00367
2	29	36.01213
2	29	36.02267
2	29	36.03395
2	29	36.04579
2	29	36.0619
2	29	36.07213
2	29	36.07872
2	29	36.08995
2	29	36.10057
3	29	36.11171
3	29	36.12296
3	29	36.13403
3	29	36.14498
3	29	36.15631
3	29	36.1674
3	29	36.17898
3	29	36.19018
3	29	36.20169
3	29	36.21683
3	29	36.22707
4	29	36.23494
4	29	36.24604
4	29	36.25721
4	29	36.26879
4	29	36.27977
4	29	36.29066
4	29	36.30194
4	29	36.31317
4	29	36.32458
4	29	36.33544
4	29	36.34694
5	29	36.35768
5	29	36.37378
5	29	36.38515
5	29	36.39519
5	29	36.40281
5	29	36.41376
5	29	36.42521
5	29	36.43596
5	29	36.44781
5	29	36.45875
5	29	36.47004
6	29	36.48126
6	29	36.49256
6	29	36.50363
6	29	36.51577
6	29	36.53205
6	29	36.54304
6	29	36.55169
6	29	36.56184
6	29	36.57324
6	29	36.58406
6	29	36.59518
7	29	36.60625
7	29	36.61751
7	29	36.62887
7	29	36.63974
7	29	36.65055
7	29	36.66187
7	29	36.67344
7	29	36.69498
7	29	36.70517
7	29	36.7118
8	29	36.71873
8	29	36.72654
8	29	36.73733
8	29	36.74889
8	29	36.75992
8	29	36.77145
8	29	36.78197
8	29	36.79399
8	29	36.80513
8	29	36.81602
8	29	36.82731
9	29	36.84381
9	29	36.85479
9	29	36.8628
9	29	36.87315
9	29	36.88379
9	29	36.8948
9	29	36.90578
9	29	36.91681
9	29	36.92803
9	29	36.93935
9	29	36.95006
9	29	36.96145
10	29	36.97267
10	29	36.98423
10	29	36.99992
10	29	37.00996
10	29	37.01736
10	29	37.02808
10	29	37.03963
10	29	37.05068
10	29	37.06189
10	29	37.07304
10	29	37.08434
11	29	37.09483
11	29	37.10651
11	29	37.1173
11	29	37.12848
11	29	37.14072
11	29	37.15697
11	29	37.16647
11	29	37.17459
11	29	37.18627
11	29	37.19767
12	29	37.20911
12	29	37.22062
12	29	37.23212
12	29	37.24273
12	29	37.25401
12	29	37.26514
12	29	37.27636
12	29	37.28757
12	29	37.29906
12	29	37.31661
12	29	37.32684
13	29	37.33372
13	29	37.34229
13	29	37.35336
13	29	37.36463
13	29	37.37563
13	29	37.38691
13	29	37.39803
13	29	37.40934
13	29	37.42044
13	29	37.43157
13	29	37.44268
13	29	37.45449
13	29	37.4706
13	29	37.48027
13	29	37.48754
13	29	37.49846
13	29	37.50991
13	29	37.52098
13	28	37.53247
13	28	37.54358
13	28	37.55476
13	28	37.56555
13	28	37.57705
13	28	37.58802
13	28	37.59938
13	28	37.61109
13	28	37.62761
13	28	37.64016
13	28	37.6485
13	27	37.65607
13	27	37.66594
13	27	37.67723
13	27	37.68864
13	27	37.69889
13	27	37.7103
13	27	37.72115
13	27	37.73264
13	27	37.74369
13	27	37.75489
13	27	37.76664
13	26	37.78013
13	26	37.7888
13	26	37.79985
13	26	37.8112
13	26	37.82237
13	26	37.83334
13	26	37.84485
13	26	37.85607
13	26	37.86705
13	26	37.87938
13	26	37.88968
13	25	37.90032
13	25	37.91168
13	25	37.92286
13	25	37.93594
13	25	37.94548
13	25	37.9568
13	25	37.96714
13	25	37.97843
13	25	37.98986
13	25	38.00092
13	25	38.01223
12	25	38.02384
12	25	38.03497
12	25	38.04648
12	25	38.05791
12	25	38.06946
12	25	38.08093
12	25	38.09354
12	25	38.10393
12	25	38.11528
12	25	38.12634
12	25	38.13777
11	25	38.14924
11	25	38.16038
11	25	38.17184
11	25	38.18323
11	25	38.19484
11	25	38.20638
11	25	38.21735
11	25	38.22868
11	25	38.24026
11	25	38.25299
10	25	38.26259
10	25	38.2738
10	25	38.28476
10	25	38.29607
10	25	38.30742
10	25	38.31823
10	25	38.32952
10	25	38.34068
10	25	38.35178
10	25	38.36293
10	25	38.37431
9	25	38.38538
9	25	38.39695
9	25	38.40903
9	25	38.41911
9	25	38.43023
9	25	38.44148
9	25	38.45255
9	25	38.46383
9	25	38.47496
9	25	38.48639
9	25	38.49745
8	25	38.50872
8	25	38.51982
8	25	38.5308
8	25	38.54193
8	25	38.55348
8	25	38.5662
8	25	38.57531
8	25	38.58641
8	25	38.59782
8	25	38.60878
8	25	38.62014
7	25	38.63115
7	25	38.64207
7	25	38.65335
7	25	38.66475
7	25	38.67575
7	25	38.68723
7	25	38.69884
7	25	38.7104
7	25	38.7258
7	25	38.73242
7	25	38.74109
7	26	38.75205
7	26	38.76314
7	26	38.77423
7	26	38.78582
7	26	38.79633
7	26	38.8079
7	26	38.81883
7	26	38.82995
7	26	38.8417
7	26	38.85268
7	26	38.86385
7	27	38.88015
7	27	38.88977
7	27	38.89588
7	27	38.90714
7	27	38.91833
7	27	38.92945
7	27	38.94029
7	27	38.95176
7	27	38.96271
7	27	38.97406
7	27	38.98525
7	28	38.99653
7	28	39.0079
7	28	39.01902
7	28	39.0341
7	28	39.04501
7	28	39.05257
7	28	39.06365
7	28	39.07543
7	28	39.08599
7	28	39.09769
7	28	39.10856
7	29	39.11919
7	29	39.1302
7	29	39.14181
7	29	39.15249
7	29	39.16405
7	29	39.1755
7	29	39.18716
7	29	39.19725
7	29	39.20872
7	29	39.21952
7	29	39.23064
7	28	39.24211
7	28	39.25433
7	28	39.26497
7	28	39.27617
7	28	39.28741
7	28	39.29876
7	28	39.30989
7	28	39.32124
7	28	39.33257
7	28	39.34527
7	28	39.35482
7	27	39.36572
7	27	39.37687
7	27	39.38852
7	27	39.39986
7	27	39.4111
7	27	39.42243
7	27	39.43402
7	27	39.44519
7	27	39.45638
7	27	39.4677
7	27	39.47925
7	26	39.49084
7	26	39.50623
7	26	39.5147
7	26	39.52279
7	26	39.53389
7	26	39.54476
7	26	39.55616
7	26	39.5674
7	26	39.57856
7	26	39.58946
7	26	39.60096
7	25	39.61224
7	25	39.6238
7	25	39.63459
7	25	39.64635
7	25	39.66217
7	25	39.66936
7	25	39.67846
7	25	39.68943
7	25	39.70047
7	25	39.71162
7	25	39.72302
7	24	39.73432
7	24	39.74516
7	24	39.75632
7	24	39.76761
7	24	39.77885
7	24	39.78997
7	24	39.80164
7	24	39.81887
7	24	39.82907
7	24	39.83558
7	24	39.84456
7	23	39.85558
7	23	39.86647
7	23	39.87798
7	23	39.88922
7	23	39.90058
7	23	39.91175
7	23	39.92287
7	23	39.93384
7	23	39.94501
7	23	39.95652
7	24	39.97369
7	24	39.98415
7	24	39.99039
7	24	40.00089
7	24	40.01196
7	24	40.02275
7	24	40.03372
7	24	40.04536
7	24	40.05649
7	24	40.0675
7	24	40.07851
7	24	40.08979
7	25	40.10086
7	25	40.11304
7	25	40.12467
7	25	40.13467
7	25	40.14589
7	25	40.15734
7	25	40.168
7	25	40.17921
7	25	40.19035
7	25	40.20138
7	25	40.21242
7	26	40.22419
7	26	40.23487
7	26	40.24614
7	26	40.25744
7	26	40.26924
7	26	40.28158
7	26	40.29141
7	26	40.30281
7	26	40.31383
7	26	40.32517
7	26	40.33637
7	27	40.34774
7	27	40.35928
7	27	40.37046
7	27	40.38189
7	27	40.39325
7	27	40.40425
7	27	40.41547
7	27	40.4271
7	27	40.44184
7	27	40.44992
7	27	40.46115
7	28	40.47227
7	28	40.48389
7	28	40.49506
7	28	40.50614
7	28	40.51747
7	28	40.5283
7	28	40.53977
7	28	40.5509
7	28	40.56189
7	28	40.57339
7	29	40.5849
7	29	40.59687
7	29	40.60677
7	29	40.61825
7	29	40.62938
7	29	40.64063
7	29	40.6521
7	29	40.66286
7	29	40.67403
7	29	40.68515
7	29	40.69608
7	29	40.70744
7	29	40.71851
7	29	40.72951
7	29	40.74129
7	29	40.75493
7	29	40.76294
7	29	40.77414
7	29	40.78544
7	29	40.79626
7	29	40.80825
7	29	40.81904
7	29	40.83027
7	29	40.84203
7	29	40.85306
7	29	40.86394
7	29	40.87537
7	29	40.88654
7	29	40.89788
7	29	40.91132
7	29	40.91988
7	29	40.93079
7	29	40.94205
7	29	40.95327
7	29	40.96443
7	29	40.97569
7	29	40.98679
7	29	40.998
7	29	41.00913
7	29	41.02047
7	29	41.03121
7	29	41.04272
7	29	41.05411
7	29	41.06662
7	29	41.07656
7	29	41.08741
7	29	41.09871
7	29	41.10981
7	29	41.12109
7	29	41.13267
7	29	41.14397
7	29	41.1551
7	29	41.16629
7	29	41.17754
7	29	41.18876
7	29	41.19995
7	29	41.21145
7	29	41.22484
7	29	41.2333
7	29	41.24388
7	29	41.25502
7	29	41.26627
7	29	41.27825
7	29	41.28887
7	29	41.30003
7	29	41.31149
7	29	41.32266
7	29	41.33351
7	29	41.34496
7	29	41.3563
7	29	41.36741
7	29	41.38235
7	29	41.38996
7	29	41.43532
7	29	41.44379
7	29	41.44994
7	29	41.45601
7	29	41.46302
7	29	41.47316
7	29	41.48408
7	29	41.49535
7	29	41.50651
7	29	41.51789
7	29	41.53039
7	29	41.53983
7	29	41.55121
7	29	41.56263
7	29	41.57369
7	29	41.58457
7	29	41.59593
7	29	41.60702
7	29	41.61838
7	29	41.62935
7	29	41.64056
6	29	41.65203
6	29	41.66324
6	29	41.67457
6	29	41.68704
6	29	41.69688
6	29	41.70823
6	29	41.71933
6	29	41.73019
6	29	41.74127
6	29	41.75233
6	29	41.76375
5	29	41.77467
5	29	41.78592
5	29	41.79683
5	29	41.80838
5	29	41.81977
5	29	41.83075
5	29	41.84395
5	29	41.85376
5	29	41.86505
5	29	41.8762
5	29	41.8876
4	29	41.89824
4	29	41.90992
4	29	41.92088
4	29	41.93184
4	29	41.9435
4	29	41.9543
4	29	41.96522
4	29	41.97685
4	29	41.98779
4	29	42.00015
4	29	42.01011
3	29	42.02135
3	29	42.03233
3	29	42.04393
3	29	42.05491
3	29	42.06715
3	29	42.07925
3	29	42.09142
3	29	42.10364
3	29	42.11612
3	29	42.12761
3	29	42.13894
2	29	42.15103
2	29	42.16136
2	29	42.17216
2	29	42.18349
2	29	42.19455
2	29	42.20576
2	29	42.21717
2	29	42.2284
2	29	42.23941
2	29	42.25055
2	29	42.2616
2	29	42.27229
2	29	42.2838
2	29	42.29513
2	29	42.3076
2	29	42.31767
2	29	42.32886
2	29	42.34024
2	29	42.35101
2	29	42.36204
2	29	42.37331
2	28	42.38474
2	28	42.39557
2	28	42.40656
2	28	42.41785
2	28	42.42945
2	28	42.44003
2	28	42.45116
2	28	42.46389
2	28	42.47342
2	28	42.48471
2	28	42.49596
2	27	42.50723
2	27	42.51855
2	27	42.5295
2	27	42.54073
2	27	42.55201
2	27	42.56303
2	27	42.57424
2	27	42.58555
2	27	42.59628
2	27	42.60787
2	27	42.62038
2	26	42.63003
2	26	42.64114
2	26	42.65256
2	26	42.66361
2	26	42.67489
2	26	42.68609
2	26	42.69698
2	26	42.708
2	26	42.7195
2	26	42.73048
2	26	42.7418
2	25	42.75308
2	25	42.76503
2	25	42.77886
2	25	42.78655
2	25	42.79838
2	25	42.80725
2	25	42.81845
2	25	42.83005
2	25	42.84064
2	25	42.85204
2	25	42.86293
2	24	42.87394
2	24	42.88489
2	24	42.89629
2	24	42.90738
2	24	42.91876
2	24	42.93632
2	24	42.9458
2	24	42.95271
2	24	42.96088
2	24	42.97166
2	24	42.98296
2	24	42.9944
2	23	43.00513
2	23	43.01664
2	23	43.02814
2	23	43.03897
2	23	43.0506
2	23	43.06181
2	23	43.073
2	23	43.09007
2	23	43.1006
2	23	43.10757
2	23	43.11697
2	22	43.12871
2	22	43.13958
2	22	43.15081
2	22	43.16202
2	22	43.17263
2	22	43.18389
2	22	43.19512
2	22	43.20629
2	22	43.21748
2	22	43.22983
2	22	43.24914
3	22	43.26234
3	22	43.26985
3	22	43.27662
3	22	43.28453
3	22	43.29628
3	22	43.30701
3	22	43.31697
3	22	43.32831
3	22	43.3396
3	22	43.35078
3	22	43.36187
3	22	43.37277
4	22	43.38499
4	22	43.40097
4	22	43.41077
4	22	43.41787
4	22	43.42881
4	22	43.43996
4	22	43.45083
4	22	43.46251
4	22	43.4735
4	22	43.48443
4	22	43.49541
5	22	43.50648
5	22	43.51801
5	22	43.52911
5	22	43.54046
5	22	43.55626
5	22	43.56607
5	22	43.57389
5	22	43.58496
5	22	43.59607
5	22	43.60709
6	22	43.61842
6	22	43.62977
6	22	43.64069
6	22	43.65205
6	22	43.66344
6	22	43.67461
6	22	43.68582
6	22	43.69728
6	22	43.71258
6	22	43.72292
6	22	43.73098
7	22	43.74218
7	22	43.75376
7	22	43.76539
7	22	43.77729
7	22	43.78829
7	22	43.79919
7	22	43.81053
7	22	43.82211
7	22	43.83344
7	22	43.84544
7	22	43.85635
7	21	43.87333
7	21	43.88435
7	21	43.89485
7	21	43.90155
7	21	43.91098
7	21	43.92212
7	21	43.93294
7	21	43.94423
7	21	43.95504
7	21	43.96632
7	21	43.97807
7	20	43.98973
7	20	44.00002
7	20	44.01185
7	20	44.02848
7	20	44.03854
7	20	44.04632
7	20	44.05548
7	20	44.0663
7	20	44.07842
7	20	44.08899
7	20	44.10018
7	19	44.11156
7	19	44.12268
7	19	44.13395
7	19	44.14538
7	19	44.15631
7	19	44.16778
7	19	44.18684
7	19	44.19794
7	19	44.20472
7	19	44.21266
7	19	44.22177
8	19	44.23301
8	19	44.24391
8	19	44.25528
8	19	44.26638
8	19	44.27785
8	19	44.28881
8	19	44.30021
8	19	44.31185
8	19	44.32266
8	19	44.3381
8	19	44.34801
8	19	44.35565
8	19	44.36637
8	19	44.3779
8	19	44.38896
8	19	44.39985
8	19	44.41151
8	19	44.42262
8	19	44.43359
8	19	44.4448
8	19	44.45612
8	19	44.46727
9	19	44.47921
9	19	44.49471
9	19	44.5046
9	19	44.5139
9	19	44.52332
9	19	44.53435
9	19	44.54564
9	19	44.55689
9	19	44.56802
9	19	44.5801
9	19	44.59109
10	19	44.60261
10	19	44.61409
10	19	44.62529
10	19	44.63742
10	19	44.65342
10	19	44.66342
10	19	44.67112
10	19	44.68281
10	19	44.6934
10	19	44.70482
10	19	44.71597
11	19	44.72695
11	19	44.73789
11	19	44.74937
11	19	44.76072
11	19	44.77167
11	19	44.78302
11	19	44.79412
11	19	44.80961
11	19	44.81982
11	19	44.82753
11	19	44.83847
12	19	44.85061
12	19	44.86125
12	19	44.87217
12	19	44.88372
12	19	44.89458
12	19	44.90581
12	19	44.91697
12	19	44.92845
12	19	44.9395
12	19	44.95119
13	19	44.97274
13	19	44.98399
13	19	44.99189
13	19	44.99999
13	19	45.00749
13	19	45.01492
13	19	45.02599
13	19	45.03685
13	19	45.04842
13	19	45.05914
13	19	45.07081
13	19	45.08184
14	19	45.09348
14	19	45.10456
14	19	45.12067
14	19	45.13115
14	19	45.1378
14	19	45.14949
14	19	45.15989
14	19	45.17107
14	19	45.18277
14	19	45.19315
14	19	45.20447
15	19	45.21585
15	19	45.22657
15	19	45.23811
15	19	45.24915
15	19	45.2604
15	19	45.27549
15	19	45.28631
15	19	45.29376
15	19	45.30435
15	19	45.31629
15	19	45.328
14	19	45.33843
14	19	45.34945
14	19	45.36049
14	19	45.37192
14	19	45.38324
14	19	45.39427
14	19	45.40551
14	19	45.41677
14	19	45.42939
14	19	45.43953
13	19	45.45142
13	19	45.46281
13	19	45.47432
13	19	45.4857
13	19	45.49735
13	19	45.50883
13	19	45.52033
13	19	45.53158
13	19	45.54275
13	19	45.55423
13	19	45.56536
12	19	45.57676
12	19	45.58885
12	19	45.59869
12	19	45.60991
12	19	45.62094
12	19	45.63193
12	19	45.6432
12	19	45.65473
12	19	45.66576
12	19	45.67744
12	19	45.68899
12	20	45.7003
12	20	45.71227
12	20	45.72308
12	20	45.73467
12	20	45.7507
12	20	45.76029
12	20	45.76714
12	20	45.77747
12	20	45.78863
12	20	45.79985
12	20	45.811
12	21	45.82209
12	21	45.83327
12	21	45.84526
12	21	45.85585
12	21	45.86736
12	21	45.87794
12	21	45.8894
12	21	45.90522
12	21	45.91625
12	21	45.92571
12	21	45.93441
12	22	45.94534
12	22	45.95617
12	22	45.96745
12	22	45.97861
12	22	45.98953
12	22	46.00061
12	22	46.01174
12	22	46.02293
12	22	46.03443
12	22	46.04609
12	22	46.06297
12	22	46.0729
12	22	46.07933
12	22	46.08846
11	22	46.0996
11	22	46.11062
11	22	46.12191
11	22	46.13341
11	22	46.14455
11	22	46.15594
11	22	46.16647
11	22	46.17818
11	22	46.18893
11	22	46.20016
11	22	46.21485
10	22	46.22516
10	22	46.23405
10	22	46.24498
10	22	46.25638
10	22	46.26736
10	22	46.27868
10	22	46.28975
10	22	46.30114
10	22	46.31229
10	22	46.32359
10	22	46.33469
9	22	46.34606
9	22	46.3572
9	22	46.37875
9	22	46.39029
9	22	46.39698
9	22	46.40416
9	22	46.41098
9	22	46.42175
9	22	46.43305
9	22	46.44451
9	22	46.4556
9	23	46.46626
9	23	46.47761
9	23	46.48923
9	23	46.50039
9	23	46.51162
9	23	46.52674
9	23	46.53743
9	23	46.54549
9	23	46.55602
9	23	46.56699
9	23	46.57819
9	24	46.5893
9	24	46.60044
9	24	46.6115
9	24	46.62298
9	24	46.63384
9	24	46.64542
9	24	46.65656
9	24	46.66846
9	24	46.68699
9	24	46.69891
9	25	46.70753
9	25	46.71903
9	25	46.72698
9	25	46.73524
9	25	46.74642
9	25	46.75766
9	25	46.76831
9	25	46.77942
9	25	46.79062
9	25	46.80159
9	25	46.81331
9	25	46.8246
10	25	46.83831
10	25	46.84724
10	25	46.9124
10	25	46.92077
10	25	46.92817
10	25	46.93561
10	25	46.94615
11	25	46.95776
11	25	46.96907
11	25	46.98079
11	25	46.9938
11	25	47.00253
11	25	47.01392
11	25	47.02504
11	25	47.03567
11	25	47.04752
11	25	47.05872
11	25	47.06992
12	25	47.08079
12	25	47.09185
12	25	47.10266
12	25	47.11432
12	25	47.12533
12	25	47.13693
12	25	47.15052
12	25	47.1591
12	25	47.1702
12	25	47.18145
12	25	47.19259
12	25	47.20387
12	25	47.21484
12	25	47.22618
12	25	47.23724
12	25	47.24846
12	25	47.25951
12	25	47.27064
12	25	47.28212
12	25	47.29335
12	25	47.30663
12	25	47.31629
12	25	47.32669
12	25	47.33931
12	25	47.35203
12	25	47.36089
12	25	47.37168
12	25	47.38346
12	25	47.39376
12	25	47.40513
12	25	47.41628
12	25	47.42739
12	25	47.43808
12	25	47.44977
12	25	47.46365
12	25	47.4721
12	25	47.48312
12	25	47.49449
12	25	47.5056
12	25	47.51733
12	25	47.52795
11	25	47.53911
11	25	47.55042
11	25	47.5616
11	25	47.57312
11	25	47.58593
11	25	47.59845
11	25	47.61099
11	25	47.62464
11	25	47.63687
11	25	47.64558
10	25	47.65534
10	25	47.66649
10	25	47.67759
10	25	47.68922
10	25	47.70042
10	25	47.71176
10	25	47.72293
10	25	47.73401
10	25	47.74485
10	25	47.75634
10	25	47.76767
9	25	47.78347
9	25	47.79088
9	25	47.79956
9	25	47.81026
9	25	47.8213
9	25	47.83235
9	25	47.84381
9	25	47.85468
9	25	47.86587
9	25	47.87691
9	25	47.88802
8	25	47.89923
8	25	47.91066
8	25	47.922
8	25	47.9359
8	25	47.9448
8	25	47.95541
8	25	47.96663
8	25	47.97781
8	25	47.98917
8	25	48.00014
8	25	48.01145
7	25	48.02253
7	25	48.03444
7	25	48.04483
7	25	48.05586
7	25	48.06666
7	25	48.07875
7	25	48.09249
7	25	48.10107
7	25	48.11192
7	25	48.12289
7	25	48.13414
6	25	48.14571
6	25	48.15683
6	25	48.16829
6	25	48.17933
6	25	48.19088
6	25	48.20204
6	25	48.21331
6	25	48.22454
6	25	48.23631
6	25	48.2499
6	25	48.25859
7	26	48.26986
7	26	48.28106
7	26	48.29213
7	26	48.30312
7	26	48.31399
7	26	48.32528
7	26	48.33623
7	26	48.34733
7	26	48.35847
7	26	48.36988
7	26	48.38109
7	25	48.39202
7	25	48.40579
7	25	48.41446
7	25	48.42521
7	25	48.43659
7	25	48.44802
7	25	48.45909
7	25	48.47063
7	25	48.48231
7	25	48.49291
7	25	48.50463
7	24	48.51575
7	24	48.527
7	24	48.53819
7	24	48.54971
7	24	48.56535
7	24	48.57328
7	24	48.58236
7	24	48.59293
7	24	48.60398
7	24	48.61487
7	24	48.62601
7	23	48.63741
7	23	48.64877
7	23	48.65927
7	23	48.67058
7	23	48.68186
7	23	48.69271
7	23	48.70445
7	23	48.71842
7	23	48.72682
7	23	48.73797
7	23	48.74927
7	22	48.7601
7	22	48.77148
7	22	48.78285
7	22	48.79386
7	22	48.80465
7	22	48.81594
7	22	48.82689
7	22	48.83818
7	22	48.85014
7	22	48.86082
7	21	48.87783
7	21	48.88575
7	21	48.89317
7	21	48.90382
7	21	48.91506
7	21	48.92575
7	21	48.93703
7	21	48.94828
7	21	48.95938
7	21	48.97028
7	21	48.98196
7	21	48.99282
7	20	49.0041
7	20	49.01591
7	20	49.02758
7	20	49.03773
7	20	49.04923
7	20	49.06014
7	20	49.07137
7	20	49.08281
7	20	49.09375
7	20	49.1048
7	20	49.11603
7	19	49.12698
7	19	49.13813
7	19	49.14927
7	19	49.16029
7	19	49.17163
7	19	49.18509
7	19	49.19383
7	19	49.20472
7	19	49.21623
7	19	49.22708
7	19	49.23832
7	18	49.25039
7	18	49.26144
7	18	49.27277
7	18	49.28429
7	18	49.2953
7	18	49.30689
7	18	49.31834
7	18	49.33024
7	18	49.34567
7	18	49.35556
7	17	49.36288
7	17	49.37458
7	17	49.38578
7	17	49.39645
7	17	49.40712
7	17	49.41856
7	17	49.42971
7	17	49.44074
7	17	49.45192
7	17	49.46306
7	17	49.47427
7	16	49.48556
7	16	49.50098
7	16	49.51069
7	16	49.52071
7	16	49.52994
7	16	49.5415
7	16	49.55281
7	16	49.56386
7	16	49.57504
7	16	49.58625
7	16	49.59699
7	15	49.60819
7	15	49.61974
7	15	49.63054
7	15	49.64207
7	15	49.66107
7	15	49.67155
7	15	49.67852
7	15	49.68771
7	15	49.69532
7	15	49.70604
7	15	49.71762
7	15	49.7283
7	14	49.73944
7	14	49.75077
7	14	49.76239
7	14	49.77305
7	14	49.78432
7	14	49.79561
7	14	49.81192
7	14	49.82228
7	14	49.8289
7	14	49.83994
7	13	49.8511
7	13	49.86205
7	13	49.87315
7	13	49.88468
7	13	49.89519
7	13	49.90664
7	13	49.91772
7	13	49.92871
7	13	49.93993
7	13	49.95147
7	13	49.96718
7	12	49.97723
7	12	49.98513
7	12	49.99588
7	12	50.00724
7	12	50.01893
7	12	50.03028
7	12	50.04151
7	12	50.0533
7	12	50.0645
7	12	50.0763
7	12	50.08754
7	11	50.09907
7	11	50.11095
7	11	50.12725
7	11	50.13848
7	11	50.14592
7	11	50.15495
7	11	50.16603
7	11	50.17677
7	11	50.1882
7	11	50.19954
7	11	50.21033
7	10	50.22175
7	10	50.23304
7	10	50.24433
7	10	50.25563
7	10	50.26766
7	10	50.28378
7	10	50.29384
7	10	50.30024
7	10	50.31105
7	10	50.32201
7	10	50.33337
7	9	50.34443
7	9	50.35531
7	9	50.36723
7	9	50.37849
7	9	50.38937
7	9	50.40067
7	9	50.41129
7	9	50.42239
7	9	50.43864
7	9	50.44805
7	9	50.45564
7	8	50.46686
7	8	50.47825
7	8	50.48912
7	8	50.50099
7	8	50.51192
7	8	50.52316
7	8	50.53435
7	8	50.54527
7	8	50.55642
7	8	50.56805
7	8	50.57911
7	7	50.59418
7	7	50.6046
7	7	50.61295
7	7	50.62371
7	7	50.63514
7	7	50.64622
7	7	50.65773
7	7	50.66905
7	7	50.6799
7	7	50.69127
7	7	50.70237
7	6	50.71333
7	6	50.72467
7	6	50.73598
7	6	50.75216
7	6	50.76183
7	6	50.76974
7	6	50.7804
7	6	50.79153
7	6	50.80276
7	6	50.81398
7	6	50.82497
7	5	50.83622
7	5	50.84776
7	5	50.85861
7	5	50.87009
7	5	50.88132
7	5	50.89281
7	5	50.9076
7	5	50.91889
7	5	50.92623
7	5	50.9371
7	5	50.94831
7	4	50.95915
7	4	50.97041
7	4	50.98184
7	4	50.99277
7	4	51.00397
7	4	51.01527
7	4	51.02649
7	4	51.0376
7	4	51.04908
7	4	51.06465
7	4	51.07472
7	4	51.08262
7	4	51.09361
7	4	51.10469
7	4	51.11562
7	4	51.12714
7	4	51.13799
7	4	51.14921
7	4	51.16055
7	4	51.17147
7	4	51.18268
7	4	51.194
7	3	51.20554
7	3	51.22095
7	3	51.23103
7	3	51.24025
7	3	51.25043
7	3	51.26127
7	3	51.27277
7	3	51.28376
7	3	51.29496
7	3	51.306
7	3	51.31761
7	2	51.32834
7	2	51.33986
7	2	51.35138
7	2	51.36245
7	2	51.37902
7	2	51.39151
7	2	51.40069
7	2	51.4113
7	2	51.42029
7	2	51.42715
7	2	51.43698
6	2	51.44881
6	2	51.45993
6	2	51.47125
6	2	51.48225
6	2	51.49384
6	2	51.50438
6	2	51.51587
6	2	51.53162
6	2	51.54251
6	2	51.54946
6	2	51.55997
5	2	51.57156
5	2	51.5827
5	2	51.59361
5	2	51.60497
5	2	51.61578
5	2	51.62699
5	2	51.63813
5	2	51.64926
5	2	51.66082
5	2	51.67238
4	2	51.68759
4	2	51.69707
4	2	51.70592
4	2	51.71739
4	2	51.72794
4	2	51.73901
4	2	51.75082
4	2	51.76181
4	2	51.77316
4	2	51.78482
4	2	51.79596
3	2	51.80757
3	2	51.81894
3	2	51.83087
3	2	51.84664
3	2	51.85711
3	2	51.86465
3	2	51.8754
3	2	51.88681
3	2	51.89797
3	2	51.90943
3	2	51.92024
2	2	51.93186
2	2	51.94258
2	2	51.95383
2	2	51.9647
2	2	51.97611
2	2	51.98741
2	2	52.00275
2	2	52.01302
2	2	52.02087
2	2	52.03127
2	2	52.04255
2	3	52.05385
2	3	52.0649
2	3	52.07626
2	3	52.0873
2	3	52.09879
2	3	52.11011
2	3	52.12138
2	3	52.13229
2	3	52.1439
2	3	52.15996
2	3	52.17141
2	4	52.17906
2	4	52.18875
2	4	52.19981
2	4	52.21118
2	4	52.22178
2	4	52.23279
2	4	52.24388
2	4	52.25495
2	4	52.26625
2	4	52.2777
2	4	52.28866
2	5	52.30024
2	5	52.35497
2	5	52.3656
2	5	52.37594
2	5	52.38306
2	5	52.38932
2	5	52.39811
2	5	52.40907
2	5	52.42056
2	5	52.43139
2	5	52.4423
2	5	52.45407
3	5	52.46995
3	5	52.4824
3	5	52.49733
3	5	52.50573
3	5	52.51267
3	5	52.52089
3	5	52.53149
3	5	52.54299
3	5	52.55389
3	5	52.56467
3	5	52.57595
4	5	52.58696
4	5	52.5984
4	5	52.60971
4	5	52.62486
4	5	52.63562
4	5	52.6436
4	5	52.65415
4	5	52.66533
4	5	52.67645
4	5	52.68841
4	5	52.69882
5	5	52.7104
5	5	52.72148
5	5	52.73266
5	5	52.74394
5	5	52.75503
5	5	52.76648
5	5	52.78323
5	5	52.79334
5	5	52.80037
5	5	52.81092
5	5	52.82195
6	5	52.83306
6	5	52.84426
6	5	52.85579
6	5	52.86678
6	5	52.87814
6	5	52.88911
6	5	52.90012
6	5	52.91106
6	5	52.92281
6	5	52.93911
7	5	52.95114
7	5	52.95823
7	5	52.96736
7	5	52.97858
7	5	52.98965
7	5	53.00192
7	5	53.01354
7	5	53.0246
7	5	53.03625
7	5	53.04698
7	5	53.05827
7	5	53.06948
7	6	53.08087
7	6	53.09322
7	6	53.10331
7	6	53.11623
7	6	53.12565
7	6	53.13707
7	6	53.14799
7	6	53.15938
7	6	53.17064
7	6	53.18097
7	6	53.1926
7	6	53.20333
7	6	53.21436
7	6	53.2255
7	6	53.23726
7	6	53.24922
7	6	53.25933
7	6	53.27095
7	6	53.28174
7	6	53.29327
7	6	53.30446
7	6	53.31551
7	7	53.32664
7	7	53.33809
7	7	53.34949
7	7	53.36086
7	7	53.37206
7	7	53.38374
7	7	53.39513
7	7	53.40701
7	7	53.41777
7	7	53.42915
7	8	53.44106
7	8	53.45213
7	8	53.46335
7	8	53.47465
7	8	53.48627
7	8	53.49702
7	8	53.50855
7	8	53.52005
7	8	53.53079
7	8	53.54228
7	8	53.55356
7	9	53.56615
7	9	53.57567
7	9	53.58703
7	9	53.59827
7	9	53.60945
7	9	53.62072
7	9	53.63185
7	9	53.64349
7	9	53.65451
7	9	53.6655
7	9	53.67686
7	10	53.68818
7	10	53.69913
7	10	53.71058
7	10	53.72811
7	10	53.73437
7	10	53.74128
7	10	53.75088
7	10	53.76178
7	10	53.77295
7	10	53.78408
7	10	53.79475
7	10	53.80605
6	10	53.81749
6	10	53.82853
6	10	53.83954
6	10	53.85138
6	10	53.86267
6	10	53.87862
6	10	53.88919
6	10	53.89605
6	10	53.90731
6	10	53.91849
5	10	53.92944
5	10	53.9408
5	10	53.95251
5	10	53.96329
5	10	53.97433
5	10	53.98634
5	10	53.99715
5	10	54.00807
5	10	54.02007
5	10	54.03681
5	10	54.04633
4	10	54.05346
4	10	54.0626
4	10	54.07374
4	10	54.085
4	10	54.09638
4	10	54.10764
4	10	54.11905
4	10	54.12999
4	10	54.14154
4	10	54.15224
4	10	54.16338
3	10	54.17487
3	10	54.18989
3	10	54.20058
3	10	54.2108
3	10	54.22018
3	10	54.23095
3	10	54.24191
3	10	54.2537
3	10	54.26456
3	10	54.27555
3	10	54.28698
2	10	54.29796
2	10	54.3089
2	10	54.32019
2	10	54.33144
2	10	54.34732
2	10	54.35764
2	10	54.36452
2	10	54.37551
2	10	54.38719
2	10	54.39825
2	10	54.40897
2	9	54.42106
2	9	54.43235
2	9	54.44405
2	9	54.45517
2	9	54.46618
2	9	54.47755
2	9	54.48923
2	9	54.50449
2	9	54.51398
2	9	54.52269
2	9	54.53371
2	8	54.5449
2	8	54.55598
2	8	54.56708
2	8	54.57846
2	8	54.58944
2	8	54.60023
2	8	54.61169
2	8	54.62258
2	8	54.63383
2	8	54.6452
2	8	54.6609
2	7	54.67027
2	7	54.67897
2	7	54.68993
2	7	54.70097
2	7	54.71231
2	7	54.72345
2	7	54.73482
2	7	54.74586
2	7	54.75707
2	7	54.76928
2	7	54.77974
3	7	54.79102
3	7	54.80228
3	7	54.8193
3	7	54.82983
3	7	54.83697
3	7	54.84478
3	7	54.85528
3	7	54.86575
3	7	54.87756
3	7	54.8887
3	7	54.89977
4	7	54.91056
4	7	54.92195
4	7	54.93327
4	7	54.94447
4	7	54.95588
4	7	54.97777
4	7	54.98981
4	7	54.99719
4	7	55.00615
4	7	55.01301
4	7	55.02275
4	6	55.03382
4	6	55.04518
4	6	55.05591
4	6	55.06711
4	6	55.07885
4	6	55.08969
4	6	55.10065
4	6	55.11209
4	6	55.12987
4	6	55.14008
4	6	55.14682
4	5	55.15665
4	5	55.16752
4	5	55.17907
4	5	55.19032
4	5	55.20127
4	5	55.21224
4	5	55.22386
4	5	55.23475
4	5	55.24563
4	5	55.25706
4	5	55.26881
4	4	55.2841
4	4	55.29438
4	4	55.302
4	4	55.31305
4	4	55.32418
4	4	55.3349
4	4	55.34609
4	4	55.3574
4	4	55.36851
4	4	55.3802
4	4	55.39141
4	4	55.40262
4	4	55.41368
4	4	55.42515
4	5	55.43873
4	5	55.44735
4	5	55.4596
4	5	55.47153
4	5	55.48111
4	5	55.49261
4	5	55.50392
4	5	55.51519
4	5	55.52657
4	5	55.5381
4	5	55.54965
4	6	55.5606
4	6	55.5721
4	6	55.58352
4	6	55.59607
4	6	55.60602
4	6	55.61689
4	6	55.62807
4	6	55.63961
4	6	55.65057
4	6	55.66215
4	6	55.67328
4	7	55.68468
4	7	55.69589
4	7	55.70728
4	7	55.71912
4	7	55.73025
4	7	55.74204
4	7	55.75467
4	7	55.76457
4	7	55.77578
4	7	55.78701
3	7	55.79824
3	7	55.81011
3	7	55.8215
3	7	55.83253
3	7	55.84404
3	7	55.85534
3	7	55.86597
3	7	55.87741
3	7	55.88905
3	7	55.89983
3	7	55.91368
2	7	55.92202
2	7	55.93159
2	7	55.943
2	7	55.9543
2	7	55.96516
2	7	55.97644
2	7	55.98777
2	7	55.999
2	7	56.01077
2	7	56.02177
2	7	56.03278
2	8	56.04369
2	8	56.05533
2	8	56.06799
2	8	56.07723
2	8	56.08863
2	8	56.09961
2	8	56.11094
2	8	56.12201
2	8	56.13292
2	8	56.14407
2	8	56.15526
2	9	56.16635
2	9	56.17762
2	9	56.18887
2	9	56.19994
2	9	56.21155
2	9	56.22343
2	9	56.23362
2	9	56.24488
2	9	56.25638
2	9	56.26722
2	9	56.27845
2	10	56.2894
2	10	56.30091
2	10	56.31229
2	10	56.32346
2	10	56.33495
2	10	56.34623
2	10	56.35764
2	10	56.36907
2	10	56.3827
2	10	56.3919
2	10	56.40236
2	10	56.41365
2	10	56.42439
2	10	56.43587
2	10	56.4467
2	10	56.45777
2	10	56.46894
2	10	56.48012
2	10	56.49134
2	10	56.50233
2	10	56.51359
2	10	56.52496
2	10	56.53765
2	10	56.54695
2	10	56.55808
2	10	56.56908
2	10	56.58009
2	10	56.59174
2	10	56.60242
2	10	56.61383
2	10	56.62495
2	10	56.63621
2	10	56.6474
2	10	56.65857
2	10	56.66992
2	10	56.68114
2	10	56.69362
2	10	56.70343
2	10	56.71477
2	10	56.7258
2	10	56.73686
2	10	56.74806
2	10	56.75916
2	10	56.77075
2	10	56.78229
2	10	56.7934
2	10	56.80454
2	10	56.8157
2	10	56.82689
2	10	56.83869
2	10	56.85501
2	10	56.86423
2	10	56.87602
2	10	56.88352
2	10	56.89085
2	10	56.89942
2	10	56.9104
2	10	56.92142
2	10	56.93219
2	10	56.94363
2	10	56.95463
2	10	56.96582
2	10	56.97726
2	10	56.98891
2	10	57.00201
2	10	57.01105
3	10	57.02252
3	10	57.03325
3	10	57.04434
3	10	57.05556
3	10	57.06648
3	10	57.07802
3	10	57.08944
3	10	57.10006
3	10	57.11122
3	10	57.12235
3	10	57.13414
4	10	57.14519
4	10	57.15842
4	10	57.16707
4	10	57.17793
4	10	57.18947
4	10	57.19997
4	10	57.21149
4	10	57.22292
4	10	57.23383
4	10	57.24539
4	10	57.25734
5	10	57.26899
5	10	57.2799
5	10	57.29141
5	10	57.30306
5	10	57.31994
5	10	57.32756
5	10	57.33664
5	10	57.34775
5	10	57.35896
5	10	57.37016
5	10	57.38147
6	10	57.39247
6	10	57.40341
6	10	57.41488
6	10	57.42593
6	10	57.43731
6	10	57.44829
6	10	57.45966
6	10	57.47198
6	10	57.48241
6	10	57.4941
6	10	57.50426
7	10	57.51543
7	10	57.53821
7	10	57.54559
7	10	57.55231
7	10	57.55963
7	10	57.56876
7	10	57.58014
7	10	57.59088
7	10	57.60298
7	10	57.61453
7	10	57.62792
7	11	57.63707
7	11	57.64791
7	11	57.65889
7	11	57.6703
7	11	57.68068
7	11	57.69215
7	11	57.70302
7	11	57.71394
7	11	57.72522
7	11	57.73643
7	11	57.7476
7	12	57.75871
7	12	57.77027
7	12	57.78364
7	12	57.79223
7	12	57.80381
7	12	57.81481
7	12	57.82614
7	12	57.83718
7	12	57.84891
7	12	57.85978
7	12	57.87076
7	13	57.88177
7	13	57.89317
7	13	57.904
7	13	57.91539
7	13	57.92653
7	13	57.938
7	13	57.94875
7	13	57.96009
7	13	57.97136
7	13	57.98264
7	13	57.99374
7	14	58.0814
7	14	58.09526
7	14	58.10123
7	14	58.1075
7	14	58.11608
7	15	58.12717
7	15	58.13893
7	15	58.15027
7	15	58.16125
7	15	58.17222
7	15	58.18366
7	15	58.19501
7	15	58.20583
7	15	58.21701
7	15	58.22852
7	16	58.24029
7	16	58.25297
7	16	58.26219
7	16	58.27331
7	16	58.284
7	16	58.2952
7	16	58.30629
7	16	58.31748
7	16	58.3284
7	16	58.33962
7	16	58.35051
7	16	58.36148
6	16	58.37321
6	16	58.38371
6	16	58.39516
6	16	58.41048
6	16	58.4208
6	16	58.42856
6	16	58.43988
6	16	58.45084
6	16	58.46251
6	16	58.47383
5	16	58.48503
5	16	58.49588
5	16	58.50766
5	16	58.51886
5	16	58.52987
5	16	58.54115
5	16	58.55307
5	16	58.57287
5	16	58.58319
5	16	58.59185
5	16	58.60056
4	16	58.61524
4	16	58.62314
4	16	58.63086
4	16	58.64147
4	16	58.65266
4	16	58.66379
4	16	58.67499
4	16	58.6857
4	16	58.69748
4	16	58.70877
3	16	58.72908
3	16	58.74072
3	16	58.74781
3	16	58.75411
3	16	58.76485
3	16	58.77546
3	16	58.78654
3	16	58.79781
3	16	58.80894
3	16	58.82039
3	16	58.83133
3	16	58.8433
2	16	58.85395
2	16	58.86555
2	16	58.88197
2	16	58.89264
2	16	58.89882
2	16	58.90993
2	16	58.92081
2	16	58.93207
2	16	58.94287
2	16	58.95399
2	16	58.96522
2	17	58.97661
2	17	58.98753
2	17	58.99902
2	17	59.01019
2	17	59.02102
2	17	59.03682
2	17	59.04837
2	17	59.05503
2	17	59.06554
2	17	59.07689
2	17	59.0879
2	18	59.09927
2	18	59.11071
2	18	59.12177
2	18	59.13295
2	18	59.1448
2	18	59.15558
2	18	59.16681
2	18	59.17899
2	18	59.19489
2	18	59.20498
2	18	59.21302
2	19	59.22456
2	19	59.23577
2	19	59.24697
2	19	59.25862
2	19	59.26982
2	19	59.28136
2	19	59.29218
2	19	59.30339
2	19	59.31465
2	19	59.32604
2	19	59.33721
3	19	59.35234
3	19	59.36295
3	19	59.37257
3	19	59.38186
3	19	59.3928
3	19	59.40377
3	19	59.41489
3	19	59.4258
3	19	59.4376
3	19	59.44869
3	19	59.46043
4	19	59.47121
4	19	59.48253
4	19	59.49377
4	19	59.51674
4	19	59.52785
4	19	59.5345
4	19	59.54041
4	19	59.5472
4	19	59.55738
4	19	59.56909
4	19	59.58038
4	19	59.59172
4	19	59.60233
4	19	59.61314
4	19	59.62458
4	19	59.63533
4	19	59.64651
4	19	59.65843
4	19	59.6688
4	19	59.68008
4	19	59.69117
4	19	59.70226
4	19	59.71351
4	19	59.72493
4	19	59.73601
4	19	59.74729
4	19	59.75904
4	19	59.76948
4	19	59.78096
4	19	59.79216
4	19	59.80335
4	19	59.82081
4	19	59.82862
4	19	59.83691
4	19	59.84792
4	19	59.85933
4	19	59.86976
4	19	59.88139
4	19	59.89276
4	19	59.9035
4	19	59.91507
4	19	59.92601
4	19	59.93726
4	19	59.94849
4	19	59.95988
4	19	59.97117
4	19	59.98188
4	19	59.99298
4	19	60.00466
4	19	60.01612
4	19	60.02769
4	19	60.03885
4	19	60.05075
4	19	60.06143
4	19	60.07252
4	19	60.08396
4	19	60.09506
4	19	60.10606
4	19	60.11777
4	19	60.12987
4	19	60.14024
4	19	60.15145
4	19	60.16227
4	19	60.1733
4	19	60.1848
4	19	60.19595
4	20	60.20748
4	20	60.21903
4	20	60.23028
4	20	60.24174
4	20	60.2532
4	20	60.26434
4	20	60.276
4	20	60.29123
4	20	60.30051
4	20	60.30976
4	20	60.32067
4	21	60.33163
4	21	60.34306
4	21	60.35438
4	21	60.36538
4	21	60.3768
4	21	60.38764
4	21	60.39928
4	21	60.41075
4	21	60.42162
4	21	60.43277
4	21	60.44993
4	22	60.46024
4	22	60.46655
4	22	60.47535
4	22	60.48669
4	22	60.49764
4	22	60.50951
4	22	60.52038
4	22	60.53135
4	22	60.5424
4	22	60.55311
4	22	60.56456
4	22	60.57613
4	22	60.58712
4	22	60.59923
4	22	60.60938
4	22	60.62037
4	22	60.63158
4	22	60.64298
4	22	60.65387
4	22	60.66491
4	22	60.67632
4	21	60.68727
4	21	60.69817
4	21	60.70974
4	21	60.72041
4	21	60.73207
4	21	60.74319
4	21	60.78295
4	21	60.79028
4	21	60.79611
4	21	60.80197
4	20	60.80805
4	20	60.81934
4	20	60.83037
4	20	60.84199
4	20	60.85273
4	20	60.86333
4	20	60.87529
4	20	60.88591
4	20	60.89748
4	20	60.90928
4	20	60.91974
4	19	60.9308
4	19	60.94229
4	19	60.95335
4	19	60.9646
4	19	60.97565
4	19	60.987
4	19	60.99842
4	19	61.00949
4	19	61.0201
4	19	61.03168
4	19	61.04293
4	19	61.05471
3	19	61.07006
3	19	61.07724
3	19	61.08755
3	19	61.09879
3	19	61.11006
3	19	61.12097
3	19	61.13183
3	19	61.14348
3	19	61.15449
3	19	61.16556
3	19	61.1772
2	19	61.18808
2	19	61.19938
2	19	61.2112
2	19	61.22401
2	19	61.23331
2	19	61.24409
2	19	61.25487
2	19	61.2664
2	19	61.27785
2	19	61.28931
2	19	61.30024
2	19	61.31144
2	19	61.32266
2	19	61.33335
2	19	61.3448
2	19	61.35598
2	19	61.36753
2	19	61.38343
2	19	61.39072
2	19	61.40244
2	19	61.41439
2	19	61.42573
2	18	61.43661
2	18	61.44773
2	18	61.45907
2	18	61.47008
2	18	61.48128
2	18	61.4927
2	18	61.50368
2	18	61.51459
2	18	61.52681
2	18	61.54267
2	18	61.54975
2	17	61.55939
2	17	61.57044
2	17	61.5814
2	17	61.59298
2	17	61.60376
2	17	61.61488
2	17	61.62614
2	17	61.6375
2	17	61.64844
2	17	61.65992
2	17	61.67102
2	16	61.68258
2	16	61.69447
2	16	61.70445
2	16	61.71545
2	16	61.72688
2	16	61.73796
2	16	61.74935
2	16	61.76026
2	16	61.77144
2	16	61.78249
2	16	61.79381
2	15	61.80487
2	15	61.8159
2	15	61.82751
2	15	61.8391
2	15	61.85749
2	15	61.86743
2	15	61.87422
2	15	61.88139
2	15	61.89235
2	15	61.90368
2	15	61.91456
2	14	61.92566
2	14	61.93681
2	14	61.948
2	14	61.95947
2	14	61.97044
2	14	61.98135
2	14	61.99323
2	14	62.00915
2	14	62.01921
2	14	62.02644
2	14	62.03726
2	13	62.04854
2	13	62.05993
2	13	62.07102
2	13	62.08229
2	13	62.09326
2	13	62.1043
2	13	62.11543
2	13	62.12687
2	13	62.13805
2	13	62.14974
2	13	62.16585
2	13	62.17689
2	13	62.18433
3	13	62.19415
3	13	62.20481
3	13	62.21648
3	13	62.22783
3	13	62.23901
3	13	62.25097
3	13	62.26379
3	13	62.2736
3	13	62.28542
3	13	62.29648
4	13	62.30793
4	13	62.32655
4	13	62.33853
4	13	62.34781
4	13	62.35579
4	13	62.3637
4	13	62.37239
4	13	62.38337
4	13	62.39438
4	13	62.40567
4	13	62.41674
4	13	62.42813
4	12	62.43895
4	12	62.45036
4	12	62.46221
4	12	62.47876
4	12	62.48808
4	12	62.49564
4	12	62.50637
4	12	62.51753
4	12	62.52877
4	12	62.53973
4	11	62.55115
4	11	62.56228
4	11	62.57339
4	11	62.58472
4	11	62.59576
4	11	62.6064
4	11	62.61822
4	11	62.63476
4	11	62.64465
4	11	62.65166
4	11	62.66282
4	10	62.6736
4	10	62.68485
4	10	62.69566
4	10	62.70668
4	10	62.71819
4	10	62.72932
4	10	62.74072
4	10	62.75249
4	10	62.76395
4	10	62.77554
4	10	62.78925
4	10	62.79848
4	10	62.80989
4	10	62.82072
5	10	62.83164
5	10	62.84349
5	10	62.85435
5	10	62.86519
5	10	62.87687
5	10	62.88757
5	10	62.8989
5	10	62.91031
5	10	62.92133
5	10	62.9331
5	10	62.94565
6	10	62.95475
6	10	62.96603
6	10	62.97754
6	10	62.98824
6	10	62.99942
6	10	63.01114
6	10	63.02216
6	10	63.03327
6	10	63.04489
6	10	63.05587
6	10	63.06746
7	10	63.07909
7	10	63.09095
7	10	63.1067
7	10	63.11501
7	10	63.12413
7	10	63.13538
7	10	63.14664
7	10	63.15789
7	10	63.16882
7	10	63.17962
7	10	63.19059
8	10	63.20192
8	10	63.21303
8	10	63.22403
8	10	63.23502
8	10	63.24664
8	10	63.26242
8	10	63.27274
8	10	63.27972
8	10	63.29037
8	10	63.30162
8	10	63.31258
9	10	63.32403
9	10	63.33506
9	10	63.34626
9	10	63.35764
9	10	63.36899
9	10	63.38082
9	10	63.39134
9	10	63.40298
9	10	63.41828
9	10	63.42895
9	10	63.43657
10	10	63.4474
10	10	63.45896
10	10	63.46968
10	10	63.4808
10	10	63.49207
10	10	63.50294
10	10	63.51409
10	10	63.52553
10	10	63.53675
10	10	63.54769
10	10	63.56046
11	10	63.5799
11	10	63.5906
11	10	63.60011
11	10	63.60656
11	10	63.61298
11	10	63.62319
11	10	63.63405
11	10	63.64571
11	10	63.65672
11	10	63.66766
11	10	63.67912
12	10	63.69012
12	10	63.70137
12	10	63.7127
12	10	63.72906
12	10	63.73977
12	10	63.74646
12	10	63.75707
12	10	63.76874
12	10	63.77942
12	10	63.79022
12	10	63.80138
13	10	63.81294
13	10	63.82392
13	10	63.83521
13	10	63.84674
13	10	63.85766
13	10	63.86933
13	10	63.88562
13	10	63.89545
13	10	63.90262
13	10	63.91364
13	10	63.92442
13	9	63.93584
13	9	63.94717
13	9	63.95819
13	9	63.96942
13	9	63.98093
13	9	63.99188
13	9	64.00344
13	9	64.01425
13	9	64.02617
13	9	64.04107
13	8	64.05356
13	8	64.0607
13	8	64.07149
13	8	64.08354
13	8	64.09517
13	8	64.10593
13	8	64.11684
13	8	64.12801
13	8	64.13879
13	8	64.15039
13	8	64.16155
13	8	64.17273
13	7	64.18367
13	7	64.19887
13	7	64.20969
13	7	64.21946
13	7	64.22875
13	7	64.23928
13	7	64.25105
13	7	64.26257
13	7	64.2737
13	7	64.28489
12	7	64.29615
12	7	64.30713
12	7	64.3185
12	7	64.32965
12	7	64.34119
12	7	64.35667
12	7	64.36772
12	7	64.37469
12	7	64.38594
12	7	64.39661
12	7	64.40764
11	7	64.41898
11	7	64.43011
11	7	64.44165
11	7	64.45298
11	7	64.46383
11	7	64.47489
11	7	64.48621
11	7	64.49786
11	7	64.51361
11	7	64.52312
11	7	64.531
10	7	64.54166
10	7	64.55288
10	7	64.56413
10	7	64.57513
10	7	64.58669
10	7	64.59783
10	7	64.6091
10	7	64.61997
10	7	64.63123
10	7	64.64246
10	7	64.65391
9	7	64.67465
9	7	64.68538
9	7	64.69459
9	7	64.70055
9	7	64.70682
9	7	64.71778
9	7	64.72923
9	7	64.7402
9	7	64.75137
9	7	64.76253
9	7	64.77389
8	7	64.78532
8	7	64.79599
8	7	64.80754
8	7	64.82281
8	7	64.83327
8	7	64.84111
8	7	64.85181
8	7	64.86312
8	7	64.87389
8	7	64.88512
8	7	64.89657
7	7	64.9072
7	7	64.91898
7	7	64.92999
7	7	64.94116
7	7	64.9523
7	7	64.96362
7	7	64.97845
7	7	64.98689
7	7	64.99707
7	7	65.00831
7	7	65.01993
7	7	65.03133
7	7	65.04193
7	7	65.0533
8	7	65.06445
8	7	65.07561
8	7	65.08675
8	7	65.09808
8	7	65.10908
8	7	65.12
8	7	65.13288
8	7	65.1426
8	7	65.15411
8	7	65.16543
8	7	65.17686
8	7	65.18889
8	7	65.20004
8	7	65.21128
8	7	65.22295
8	7	65.23477
8	7	65.24628
8	7	65.25786
8	7	65.26932
8	7	65.28063
8	7	65.29287
8	7	65.30264
9	7	65.31357
9	7	65.32488
9	7	65.336
9	7	65.34736
9	7	65.35841
9	7	65.3699
9	7	65.38136
9	7	65.39285
9	7	65.40417
9	7	65.41519
9	7	65.42638
9	6	65.4379
9	6	65.4502
9	6	65.46085
9	6	65.47176
9	6	65.48307
9	6	65.49437
9	6	65.50533
9	6	65.51646
9	6	65.52757
9	6	65.53874
9	6	65.55039
9	5	65.56142
9	5	65.5733
9	5	65.58483
9	5	65.59576
9	5	65.61217
9	5	65.6227
9	5	65.62895
9	5	65.63609
9	5	65.64736
9	5	65.65781
9	5	65.66883
9	4	65.68058
9	4	65.69125
9	4	65.70246
9	4	65.71377
9	4	65.72479
9	4	65.73592
9	4	65.74756
9	4	65.76281
9	4	65.77361
9	4	65.78138
9	4	65.79215
10	4	65.80322
10	4	65.81458
10	4	65.82584
10	4	65.83699
10	4	65.8486
10	4	65.8598
10	4	65.87086
10	4	65.88194
10	4	65.89342
10	4	65.90431
11	4	65.92255
11	4	65.93304
11	4	65.94032
11	4	65.94794
11	4	65.95771
11	4	65.96889
11	4	65.98044
11	4	65.99177
11	4	66.00303
11	4	66.01392
11	4	66.02466
11	4	66.03606
12	4	66.04716
12	4	66.05827
12	4	66.07388
12	4	66.08512
12	4	66.09248
12	4	66.10307
12	4	66.11456
12	4	66.12546
12	4	66.13655
12	4	66.14797
12	4	66.15901
12	3	66.17057
12	3	66.18159
12	3	66.19268
12	3	66.20395
12	3	66.21563
12	3	66.23057
12	3	66.24036
12	3	66.24918
12	3	66.25945
12	3	66.27077
12	3	66.28221
12	2	66.29362
12	2	66.30486
12	2	66.3164
12	2	66.32778
12	2	66.33891
12	2	66.35078
12	2	66.36194
12	2	66.37337
12	2	66.39068
12	2	66.40098
12	1	66.40781
12	1	66.41688
12	1	66.42788
12	1	66.43906
12	1	66.45034
12	1	66.46179
12	1	66.473
12	1	66.48438
12	1	66.49571
12	1	66.5068
12	1	66.51817
11	1	66.52953
11	1	66.54445
11	1	66.5547
11	1	66.5644
11	1	66.57407
11	1	66.58517
11	1	66.59679
11	1	66.60777
11	1	66.61887
11	1	66.62998
11	1	66.6409
10	1	66.65211
10	1	66.66342
10	1	66.67438
10	1	66.68589
10	1	66.70279
10	1	66.71285
10	1	66.72016
10	1	66.72891
10	1	66.74007
10	1	66.75171
10	1	66.76247
9	1	66.7736
9	1	66.78498
9	1	66.79613
9	1	66.80725
9	1	66.81874
9	1	66.82977
9	1	66.84153
9	1	66.85954
9	1	66.87164
9	1	66.8786
9	1	66.88535
8	1	66.89592
8	1	66.90745
8	1	66.91921
8	1	66.93033
8	1	66.9411
8	1	66.95251
8	1	66.96397
8	1	66.97444
8	1	66.98621
8	1	66.99731
8	1	67.01264
7	1	67.02299
7	1	67.03021
7	1	67.04099
7	1	67.0525
7	1	67.06313
7	1	67.07442
7	1	67.0858
7	1	67.09698
7	1	67.1083
7	1	67.11967
7	1	67.13098
6	1	67.14157
6	1	67.15317
6	1	67.16878
6	1	67.17863
6	1	67.1866
6	1	67.1976
6	1	67.20853
6	1	67.21967
6	1	67.23097
6	1	67.24203
6	1	67.25357
8	1	67.26479
8	1	67.27597
8	1	67.28747
8	1	67.29921
8	1	67.31065
8	1	67.3237
8	1	67.33328
8	1	67.34444
8	1	67.35541
8	1	67.36672
8	1	67.37827
8	1	67.38924
8	1	67.40062
8	1	67.41194
8	1	67.42316
8	1	67.43446
8	1	67.44562
8	1	67.45708
8	1	67.46855
8	1	67.47993
8	1	67.49069
8	1	67.50173
9	1	67.51302
9	1	67.52428
9	1	67.53542
9	1	67.5469
9	1	67.55815
9	1	67.56968
9	1	67.58105
9	1	67.59217
9	1	67.60408
9	1	67.61612
9	1	67.62671
10	1	67.6403
10	1	67.64885
10	1	67.66
10	1	67.67136
10	1	67.68284
10	1	67.69398
10	1	67.70547
10	1	67.71675
10	1	67.72784
10	1	67.73901
10	1	67.75017
11	1	67.76144
11	1	67.7722
11	1	67.78369
11	1	67.79654
11	1	67.80575
11	1	67.81705
11	1	67.82813
11	1	67.83907
11	1	67.85052
11	1	67.86126
11	1	67.87219
12	1	67.88342
12	1	67.89439
12	1	67.90562
12	1	67.91698
12	1	67.92809
12	1	67.93962
12	1	67.95252
12	1	67.96187
12	1	67.97296
12	1	67.98452
13	1	67.99585
13	1	68.0068
13	1	68.01869
13	1	68.02963
13	1	68.04137
13	1	68.05222
13	1	68.06342
13	1	68.07504
13	1	68.086
13	1	68.09756
13	1	68.11327
14	1	68.12403
14	1	68.13076
14	1	68.13924
14	1	68.15029
14	1	68.16096
14	1	68.17215
14	1	68.18344
14	1	68.19462
14	1	68.20557
14	1	68.21693
14	1	68.22812
14	1	68.23949
15	1	68.25081
15	1	68.26591
15	1	68.2812
15	1	68.2913
15	1	68.29759
15	1	68.30451
15	1	68.31511
15	1	68.3257
15	1	68.33679
15	1	68.34766
15	1	68.35872
16	1	68.36993
16	1	68.38194
16	1	68.39222
16	1	68.40406
16	1	68.4193
16	1	68.42902
16	1	68.43742
16	1	68.4486
16	1	68.45968
16	1	68.47069
16	1	68.48189
17	1	68.49299
17	1	68.50428
17	1	68.51598
17	1	68.52666
17	1	68.53773
17	1	68.54961
17	1	68.561
17	1	68.58178
17	1	68.59211
17	1	68.59959
17	1	68.60654
18	1	68.61591
18	1	68.627
18	1	68.63821
18	1	68.6496
18	1	68.66076
18	1	68.67175
18	1	68.68345
18	1	68.69436
18	1	68.70537
18	1	68.71724
19	1	68.73784
19	1	68.74985
19	1	68.75818
19	1	68.76601
19	1	68.77345
19	1	68.78434
19	1	68.79465
19	1	68.80556
19	1	68.81734
19	1	68.82822
19	1	68.83936
19	1	68.85088
20	1	68.86164
20	1	68.87313
20	1	68.88869
20	1	68.89846
20	1	68.90647
20	1	68.91724
20	1	68.92843
20	1	68.93952
20	1	68.95099
20	1	68.96199
21	1	68.97336
21	1	68.98499
21	1	68.99584
21	1	69.00693
21	1	69.01828
21	1	69.02977
21	1	69.04433
21	1	69.05441
21	1	69.06334
21	1	69.07425
21	1	69.08536
22	1	69.09644
22	1	69.10729
22	1	69.11875
22	1	69.12966
22	1	69.14075
22	1	69.15262
22	1	69.16328
22	1	69.17435
22	1	69.18607
22	1	69.19746
22	1	69.20914
23	1	69.22072
23	1	69.23232
23	1	69.24368
23	1	69.25513
23	1	69.26676
23	1	69.27798
23	1	69.28929
23	1	69.30105
23	1	69.31227
23	1	69.32339
23	1	69.3349
24	1	69.34586
24	1	69.35838
24	1	69.36793
24	1	69.37886
24	1	69.39039
24	1	69.40113
24	1	69.41266
24	1	69.42398
24	1	69.43549
24	1	69.44659
24	1	69.45805
25	1	69.46928
25	1	69.48068
25	1	69.49223
25	1	69.50373
25	1	69.51685
25	1	69.52639
25	1	69.53767
25	1	69.54874
25	1	69.55984
25	1	69.57116
25	1	69.58238
26	1	69.5936
26	1	69.60489
26	1	69.61601
26	1	69.62797
26	1	69.6398
26	1	69.65032
26	1	69.66133
26	1	69.67557
26	1	69.68355
26	1	69.69344
26	1	69.70414
25	1	69.7153
25	1	69.72641
25	1	69.73745
25	1	69.74857
25	1	69.75968
25	1	69.7711
25	1	69.78213
25	1	69.79327
25	1	69.80436
25	1	69.81609
25	1	69.82791
24	1	69.83791
24	1	69.84965
24	1	69.86039
24	1	69.8716
24	1	69.88287
24	1	69.89372
24	1	69.90509
24	1	69.91629
24	1	69.92762
24	1	69.93842
24	1	69.94941
23	1	69.9604
23	1	69.97172
23	1	69.98382
23	1	69.99379
23	1	70.00508
23	1	70.01649
23	1	70.0274
23	1	70.03889
23	1	70.05045
23	1	70.06184
23	1	70.07288
22	1	70.08434
22	1	70.09553
22	1	70.10694
22	1	70.11814
22	1	70.12971
22	1	70.14185
22	1	70.15184
22	1	70.16314
22	1	70.17436
22	1	70.18594
21	1	70.19661
21	1	70.2077
21	1	70.21894
21	1	70.23035
21	1	70.24129
21	1	70.25255
21	1	70.2637
21	1	70.27512
21	1	70.28654
21	1	70.29844
21	1	70.30852
20	1	70.3195
20	1	70.33053
20	1	70.34158
20	1	70.3529
20	1	70.36379
20	1	70.37491
20	1	70.38672
20	1	70.39806
20	1	70.4091
20	1	70.4202
20	1	70.43142
19	1	70.44299
19	1	70.45667
19	1	70.46506
19	1	70.47466
19	1	70.48553
19	1	70.49677
19	1	70.50799
19	1	70.5191
19	1	70.53038
19	1	70.54171
19	1	70.55293
18	1	70.56411
18	1	70.57526
18	1	70.58651
18	1	70.59801
18	1	70.61037
18	1	70.62016
18	1	70.63116
18	1	70.64215
18	1	70.65331
18	1	70.66442
18	1	70.67539
17	1	70.68659
17	1	70.69751
17	1	70.70889
17	1	70.72025
17	1	70.7315
17	1	70.74277
17	1	70.75411
17	1	70.76605
17	1	70.77665
17	1	70.78773
17	1	70.79887
16	1	70.81001
16	1	70.82129
16	1	70.83246
16	1	70.84415
16	1	70.85544
16	1	70.8665
16	1	70.87795
16	1	70.88907
16	1	70.90034
16	1	70.9117
16	1	70.92456
15	1	70.93382
15	1	70.94475
15	1	70.95595
15	1	70.96723
15	1	70.97853
15	1	70.98972
15	1	71.00139
15	1	71.01193
15	1	71.02312
15	1	71.03468
15	1	71.04557
15	3	71.05661
15	3	71.06832
15	3	71.08047
15	3	71.09016
15	3	71.10136
15	3	71.11248
15	3	71.12338
15	3	71.13509
15	3	71.14589
15	3	71.15723
15	3	71.16875
15	3	71.1797
15	3	71.19088
15	3	71.20229
15	3	71.21291
15	3	71.22467
15	3	71.24105
15	3	71.25156
15	3	71.25848
15	3	71.26584
15	3	71.27695
15	3	71.28804
15	4	71.29922
15	4	71.31047
15	4	71.32185
15	4	71.33298
15	4	71.34415
15	4	71.35535
15	4	71.36656
15	4	71.37826
15	4	71.39891
15	4	71.41061
16	4	71.4179
16	4	71.42476
16	4	71.43155
16	4	71.44293
16	4	71.45318
16	4	71.4642
16	4	71.47559
16	4	71.48662
16	4	71.49776
16	4	71.50879
16	4	71.52005
16	4	71.53167
17	4	71.54731
17	4	71.55755
17	4	71.56526
17	4	71.57584
17	4	71.587
17	4	71.59839
17	4	71.60927
17	4	71.62043
17	4	71.63199
17	4	71.64407
17	4	71.65555
18	4	71.6659
18	4	71.67668
18	4	71.68832
18	4	71.7038
18	4	71.71408
18	4	71.72186
18	4	71.73249
18	4	71.74382
18	4	71.75487
18	4	71.76591
18	4	71.77704
18	5	71.78814
18	5	71.79916
18	5	71.81027
18	5	71.82148
18	5	71.8792
18	5	71.89802
18	6	71.90849
18	6	71.9159
18	6	71.92226
18	6	71.93266
18	6	71.9441
18	6	71.9567
18	6	71.96668
18	6	71.97803
18	6	71.98909
18	6	72.00006
18	6	72.01083
18	6	72.02248
18	7	72.03356
18	7	72.04859
18	7	72.05832
18	7	72.06888
18	7	72.07826
18	7	72.08937
18	7	72.10037
18	7	72.11143
18	7	72.1227
18	7	72.1342
18	7	72.14493
19	7	72.15634
19	7	72.1676
19	7	72.17931
19	7	72.19058
19	7	72.20636
19	7	72.21765
19	7	72.22726
19	7	72.23507
19	7	72.24586
19	7	72.25729
19	7	72.26839
20	7	72.2794
20	7	72.29017
20	7	72.30175
20	7	72.3129
20	7	72.32429
20	7	72.3357
20	7	72.34695
20	7	72.36249
20	7	72.37328
20	7	72.3808
20	7	72.39143
21	7	72.40248
21	7	72.41338
21	7	72.42452
21	7	72.43565
21	7	72.44707
21	7	72.45811
21	7	72.46964
21	7	72.48017
21	7	72.49136
21	7	72.50355
21	7	72.51484
21	7	72.5251
21	7	72.5369
21	7	72.54957
21	7	72.56123
21	7	72.57265
21	7	72.58391
21	7	72.59528
20	7	72.60652
20	7	72.6175
20	7	72.62908
20	7	72.63987
20	7	72.65142
20	7	72.66265
20	7	72.67477
20	7	72.68509
20	7	72.69579
20	7	72.70686
19	7	72.71814
19	7	72.72919
19	7	72.7406
19	7	72.75213
19	7	72.76298
19	7	72.77412
19	7	72.78561
19	7	72.79675
19	7	72.80808
19	7	72.8199
19	7	72.83345
18	7	72.84249
18	7	72.85368
18	7	72.86516
18	7	72.87705
18	7	72.88794
18	7	72.89934
18	7	72.91048
18	7	72.92178
18	7	72.93327
18	7	72.94436
18	7	72.95547
17	7	72.96645
17	7	72.97815
17	7	72.99133
17	7	73.00001
17	7	73.01092
17	7	73.0219
17	7	73.03307
17	7	73.04412
17	7	73.05526
17	7	73.06633
17	7	73.07767
16	7	73.08885
16	7	73.10017
16	7	73.11134
16	7	73.1227
16	7	73.13444
16	7	73.1506
16	7	73.16586
16	7	73.17232
16	7	73.17914
16	7	73.19353
16	7	73.20185
15	7	73.20984
15	7	73.21848
15	7	73.22959
15	7	73.24035
15	7	73.25158
15	7	73.26276
15	7	73.27383
15	7	73.28622
15	7	73.30625
15	7	73.31733
15	7	73.32414
15	8	73.33187
15	8	73.34102
15	8	73.35205
15	8	73.36317
15	8	73.37414
15	8	73.3856
15	8	73.3962
15	8	73.40733
15	8	73.41843
15	8	73.42969
15	8	73.44087
15	9	73.45704
15	9	73.46668
15	9	73.47498
15	9	73.48612
15	9	73.49704
15	9	73.50815
15	9	73.51933
15	9	73.53035
15	9	73.54156
15	9	73.55296
15	9	73.56396
15	10	73.57498
15	10	73.58673
15	10	73.59755
15	10	73.61306
15	10	73.62364
15	10	73.63091
15	10	73.64191
15	10	73.6535
15	10	73.66525
15	10	73.67718
15	10	73.68702
16	10	73.69784
16	10	73.70912
16	10	73.7207
16	10	73.73206
16	10	73.74371
16	10	73.75551
16	10	73.76746
16	10	73.77811
16	10	73.78964
16	10	73.80128
16	10	73.8126
17	10	73.82382
17	10	73.83527
17	10	73.84663
17	10	73.85763
17	10	73.86889
17	10	73.87971
17	10	73.89086
17	10	73.90208
17	10	73.91373
17	10	73.92665
17	10	73.93567
18	10	73.94692
18	10	73.95792
18	10	73.9692
18	10	73.98118
18	10	73.99235
18	10	74.00388
18	10	74.01501
18	10	74.02608
18	10	74.03725
18	10	74.04842
18	10	74.05981
18	11	74.07137
18	11	74.08369
18	11	74.0945
18	11	74.10558
18	11	74.11706
18	11	74.12785
18	11	74.13939
18	11	74.15097
18	11	74.16193
18	11	74.17313
18	12	74.18452
18	12	74.19545
18	12	74.20673
18	12	74.21778
18	12	74.22945
18	12	74.24502
18	12	74.25474
18	12	74.26151
18	12	74.27067
18	12	74.28147
18	12	74.29254
18	12	74.30392
18	13	74.31506
18	13	74.32629
18	13	74.33759
18	13	74.34882
18	13	74.36001
18	13	74.37128
18	13	74.38324
18	13	74.40025
18	13	74.41041
18	13	74.41721
18	13	74.42609
18	14	74.4375
18	14	74.44846
18	14	74.45965
18	14	74.47102
18	14	74.48179
18	14	74.49304
18	14	74.50419
18	14	74.51504
18	14	74.5262
18	14	74.5379
18	15	74.55292
18	15	74.56283
18	15	74.57132
18	15	74.58175
18	15	74.59306
18	15	74.60435
18	15	74.61532
18	15	74.62661
18	15	74.63808
18	15	74.64936
18	15	74.66035
18	15	74.67164
18	16	74.68282
18	16	74.69437
18	16	74.71066
18	16	74.72108
18	16	74.72796
18	16	74.7389
18	16	74.74998
18	16	74.76147
18	16	74.77258
18	16	74.78406
18	16	74.79524
18	17	74.80666
18	17	74.81789
18	17	74.8288
18	17	74.84015
18	17	74.85221
18	17	74.86757
18	17	74.87706
18	17	74.8849
18	17	74.89541
18	17	74.90675
18	18	74.91779
18	18	74.92913
18	18	74.94059
18	18	74.95178
18	18	74.9627
18	18	74.97381
18	18	74.98525
18	18	74.99615
18	18	75.00751
18	18	75.02363
18	18	75.03362
18	19	75.0411
18	19	75.05215
18	19	75.06358
18	19	75.07481
18	19	75.08552
18	19	75.09666
18	19	75.10783
18	19	75.11909
18	19	75.1302
18	19	75.14126
18	19	75.15267
18	18	75.16421
18	18	75.17644
18	18	75.18617
18	18	75.19732
18	18	75.20875
18	18	75.22044
18	18	75.23116
18	18	75.24236
18	18	75.25362
18	18	75.2646
18	18	75.27575
18	17	75.28719
18	17	75.29813
18	17	75.30921
18	17	75.32095
18	17	75.33367
18	17	75.34304
18	17	75.35423
18	17	75.36509
18	17	75.37627
18	17	75.38783
18	17	75.39909
18	16	75.41041
18	16	75.42186
18	16	75.4332
18	16	75.44451
18	16	75.45579
18	16	75.46713
18	16	75.47862
18	16	75.49126
18	16	75.50092
18	16	75.51204
18	16	75.5231
18	15	75.53466
18	15	75.54608
18	15	75.5572
18	15	75.56842
18	15	75.57977
18	15	75.59126
18	15	75.60226
18	15	75.61355
18	15	75.62506
18	15	75.63654
18	15	75.649
18	14	75.65871
18	14	75.66982
18	14	75.68099
18	14	75.69282
18	14	75.7039
18	14	75.71447
18	14	75.7259
18	14	75.73672
18	14	75.74796
18	14	75.75899
18	14	75.77042
18	13	75.78124
18	13	75.7929
18	13	75.81174
18	13	75.82008
18	13	75.82735
18	13	75.8337
18	13	75.84348
18	13	75.85421
18	13	75.86533
18	13	75.87637
18	13	75.88792
17	13	75.89902
17	13	75.91036
17	13	75.92165
17	13	75.93291
17	13	75.94445
17	13	75.95921
17	13	75.96964
17	13	75.97746
17	13	75.98861
17	13	75.99928
17	13	76.0106
16	13	76.0218
16	13	76.03313
16	13	76.04401
16	13	76.05543
16	13	76.06628
16	13	76.07764
16	13	76.08904
16	13	76.10002
16	13	76.11575
16	13	76.12547
16	13	76.13346
15	13	76.14468
15	13	76.1558
15	13	76.16718
15	13	76.1787
15	13	76.19008
15	13	76.20177
15	13	76.21317
15	13	76.22489
15	13	76.23608
15	13	76.24741
15	13	76.25932
14	13	76.27544
14	13	76.28496
14	13	76.29504
14	13	76.30373
14	13	76.3147
14	13	76.32586
14	13	76.33669
14	13	76.34773
14	13	76.35894
14	13	76.37016
14	13	76.38148
13	13	76.39277
13	13	76.40381
13	13	76.4155
13	13	76.43093
13	13	76.44118
13	13	76.44901
13	13	76.45967
13	13	76.47108
13	13	76.48187
13	13	76.49324
13	13	76.50405
12	13	76.51507
12	13	76.52619
12	13	76.53743
12	13	76.54856
12	13	76.55988
12	13	76.57156
12	13	76.58624
12	13	76.59628
12	13	76.60506
12	13	76.61598
12	13	76.6269
11	13	76.63868
11	13	76.64979
11	13	76.66137
11	13	76.67287
11	13	76.68414
11	13	76.69481
11	13	76.70626
11	13	76.71715
11	13	76.72845
11	13	76.74342
10	13	76.75302
10	13	76.76214
10	13	76.77348
10	13	76.7875
10	13	76.79594
10	13	76.80682
10	13	76.81844
10	13	76.8296
10	13	76.84076
10	13	76.85204
10	13	76.86315
9	13	76.87428
9	13	76.8856
9	13	76.90115
9	13	76.9116
9	13	76.91869
9	13	76.92935
9	13	76.94065
9	13	76.95197
9	13	76.96307
9	13	76.97408
9	13	76.98568
9	13	76.99646
9	12	77.00777
9	12	77.01949
9	12	77.03065
9	12	77.04179
9	12	77.06206
9	12	77.07376
9	12	77.08115
9	12	77.08849
9	12	77.09543
9	12	77.10489
9	12	77.11562
9	12	77.12663
9	11	77.13805
9	11	77.14923
9	11	77.16078
9	11	77.17173
9	11	77.18311
9	11	77.19447
9	11	77.20934
9	11	77.21941
9	11	77.22827
9	11	77.23942
9	11	77.24982
9	10	77.26131
9	10	77.27287
9	10	77.28389
9	10	77.2946
9	10	77.30605
9	10	77.3172
9	10	77.32814
9	10	77.33906
9	10	77.35073
9	10	77.36256
9	10	77.37275
9	11	77.38429
9	11	77.39513
9	11	77.40638
9	11	77.41745
9	11	77.42888
9	11	77.44016
9	11	77.45104
9	11	77.46229
9	11	77.47388
9	11	77.48498
9	12	77.49619
9	12	77.5079
9	12	77.52147
9	12	77.53071
9	12	77.5421
9	12	77.55351
9	12	77.56485
9	12	77.57644
9	12	77.58775
9	12	77.59903
9	12	77.61058
9	13	77.62201
9	13	77.63383
9	13	77.64569
9	13	77.65701
9	13	77.66864
9	13	77.68349
9	13	77.69116
9	13	77.701
9	13	77.71253
9	13	77.72447
9	13	77.73539
9	14	77.74616
9	14	77.75754
9	14	77.76853
9	14	77.77946
9	14	77.79055
9	14	77.80153
9	14	77.81274
9	14	77.82428
9	14	77.83985
9	14	77.85045
9	14	77.85704
9	15	77.86764
9	15	77.87874
9	15	77.89042
9	15	77.90123
9	15	77.9128
9	15	77.92405
9	15	77.93484
9	15	77.94588
9	15	77.95714
9	15	77.96841
9	15	77.97961
9	16	77.99966
9	16	78.01028
9	16	78.01962
9	16	78.02577
9	16	78.03168
9	16	78.04297
9	16	78.05449
9	16	78.06562
9	16	78.07692
9	16	78.08772
9	16	78.09941
9	17	78.11061
9	17	78.1216
9	17	78.13309
9	17	78.14864
9	17	78.15871
9	17	78.16656
9	17	78.17728
9	17	78.18827
9	17	78.19929
9	17	78.21091
9	17	78.22197
9	18	78.23302
9	18	78.24459
