x	y	time
15	11	0.0411722
15	11	0.0483673
15	11	0.0544438
15	11	0.0614325
15	11	0.068329
15	11	0.0793114
15	11	0.0905351
15	11	0.1030151
15	11	0.1132735
15	11	0.1242703
15	11	0.135482
15	11	0.1462014
15	11	0.1578446
15	11	0.1688707
15	11	0.1799175
15	11	0.1911612
15	11	0.2023616
15	11	0.2135044
15	11	0.2250873
15	11	0.2359864
15	11	0.2470547
15	11	0.2583046
15	11	0.2694234
15	11	0.2803854
15	11	0.2919682
15	11	0.3028667
15	11	0.3136981
15	11	0.3249079
15	11	0.3362175
15	11	0.3477188
15	11	0.3587218
15	11	0.3699199
15	11	0.3815257
15	11	0.3925533
15	11	0.4037721
15	11	0.4147082
15	11	0.4262578
15	11	0.4375462
15	11	0.4487108
15	11	0.4598406
15	11	0.4710166
15	11	0.4820306
15	11	0.4933792
15	11	0.5048778
15	11	0.5163206
15	11	0.5277264
15	11	0.5394198
15	11	0.5510942
15	11	0.5627404
15	11	0.5740207
15	11	0.5854915
15	11	0.5966704
15	11	0.6085742
15	11	0.6198115
15	11	0.6313502
15	11	0.6427957
15	11	0.6541327
15	11	0.6661662
15	11	0.6778109
15	11	0.688535
15	11	0.6996113
15	11	0.7112273
15	11	0.7220493
15	11	0.7332363
15	11	0.7442708
15	11	0.7551506
15	11	0.7665663
15	11	0.7777402
15	11	0.788658
15	11	0.7997733
15	11	0.8112149
15	11	0.8222988
15	11	0.8335654
15	11	0.8448098
15	11	0.8562066
15	11	0.8673855
15	11	0.8804351
15	11	0.8899729
15	11	0.9010838
15	11	0.912311
15	11	0.9232499
15	11	0.9341426
15	11	0.9454894
15	11	0.9563643
15	11	0.9673955
15	11	0.9790415
15	11	1.022976
15	11	1.031232
15	11	1.039814
15	11	1.04706
15	11	1.057728
15	11	1.066475
15	11	1.074506
15	11	1.085101
15	11	1.096596
15	11	1.107424
15	11	1.118505
15	11	1.129783
15	11	1.14086
15	11	1.151727
15	11	1.162922
15	11	1.174188
15	11	1.185169
15	11	1.196366
15	11	1.207256
15	11	1.21844
15	11	1.230236
15	11	1.240521
15	11	1.251607
15	11	1.2632
15	11	1.274372
15	11	1.284843
15	11	1.296871
15	11	1.307808
15	11	1.318793
15	11	1.330657
15	11	1.341544
15	11	1.352524
15	11	1.363693
15	11	1.374546
15	11	1.386223
15	11	1.397125
15	11	1.408112
15	11	1.419448
15	11	1.431133
15	11	1.442478
15	11	1.453883
15	11	1.465152
15	11	1.476452
15	11	1.487385
15	11	1.498683
15	11	1.509654
15	11	1.521235
15	11	1.532115
15	11	1.543239
15	11	1.554287
15	11	1.565219
15	11	1.577366
15	11	1.588421
15	11	1.59782
15	11	1.609209
15	11	1.620733
15	11	1.631556
15	11	1.644099
15	11	1.656291
15	11	1.668372
15	11	1.681523
15	11	1.692853
15	11	1.704004
15	11	1.71613
15	11	1.727164
15	11	1.73841
15	11	1.749433
15	11	1.760652
15	11	1.772466
15	11	1.783092
15	11	1.793992
15	11	1.805327
15	11	1.81645
15	11	1.827842
15	11	1.838832
15	11	1.850093
15	11	1.86166
15	11	1.872767
15	11	1.883674
15	11	1.895483
15	11	1.906107
15	11	1.917229
15	11	1.928488
15	11	1.939643
15	11	1.950782
15	11	1.962034
15	11	1.973022
15	11	1.983887
15	11	1.995379
15	11	2.006499
15	11	2.017624
15	11	2.028544
15	11	2.039762
15	11	2.05109
15	11	2.062367
15	11	2.073338
15	11	2.084863
15	11	2.096155
15	11	2.107422
15	11	2.11841
15	11	2.129874
15	11	2.14097
15	11	2.151907
15	11	2.163151
15	11	2.174193
15	11	2.185092
15	11	2.196468
15	11	2.207399
15	11	2.218633
15	11	2.230245
15	11	2.240962
15	11	2.252109
15	11	2.263393
15	11	2.27452
15	11	2.285577
15	11	2.297069
15	11	2.308072
15	11	2.319164
15	11	2.330776
15	11	2.341648
15	11	2.353161
15	11	2.364454
15	11	2.375261
15	11	2.386415
15	11	2.39781
15	11	2.409123
15	11	2.420466
15	11	2.431446
15	11	2.442401
15	11	2.453358
15	11	2.464908
15	11	2.475571
15	11	2.48695
15	11	2.498021
15	11	2.509016
15	11	2.520378
15	11	2.531657
15	11	2.542721
15	11	2.554615
15	11	2.565794
15	11	2.576716
15	11	2.587817
15	11	2.598874
15	11	2.610001
15	11	2.621015
15	11	2.63185
15	11	2.643423
15	11	2.654544
15	11	2.665622
15	11	2.676531
15	11	2.688011
15	11	2.699346
15	11	2.710363
15	11	2.72154
15	11	2.732642
15	11	2.743787
15	11	2.755037
15	11	2.76611
15	11	2.777535
15	11	2.78853
15	11	2.800069
15	11	2.810785
15	11	2.822045
15	11	2.832989
15	11	2.844105
15	11	2.855246
15	11	2.867143
15	11	2.877977
15	11	2.889011
15	11	2.899788
15	11	2.911104
15	11	2.922065
15	11	2.933045
15	11	2.944171
15	11	2.955595
15	11	2.966588
15	11	2.978344
15	11	2.989155
15	11	3.000509
15	11	3.01191
15	11	3.022992
15	11	3.034064
15	11	3.045671
15	11	3.056512
15	11	3.067647
15	11	3.07888
15	11	3.090275
15	11	3.100971
15	11	3.112644
15	11	3.12346
15	11	3.134547
15	11	3.145768
15	11	3.156851
15	11	3.168155
15	11	3.179133
15	11	3.190233
15	11	3.201302
15	11	3.212314
15	11	3.223597
15	11	3.235215
15	11	3.246248
15	11	3.257398
15	11	3.268847
15	11	3.279683
15	11	3.291056
15	11	3.30252
15	11	3.313514
15	11	3.324697
15	11	3.336082
15	11	3.347299
15	11	3.358288
15	11	3.369372
15	11	3.380373
15	11	3.391291
15	11	3.402758
15	11	3.413665
15	11	3.424852
15	11	3.435838
15	11	3.447161
15	11	3.458287
15	11	3.469357
15	11	3.481275
15	11	3.492605
16	11	3.50365
16	11	3.514864
16	11	3.526178
16	11	3.537217
16	11	3.548957
16	11	3.559346
16	11	3.5705
16	11	3.581939
16	11	3.592457
16	11	3.604785
16	11	3.61647
17	11	3.626207
17	11	3.637018
17	11	3.648278
17	11	3.659589
17	11	3.671082
17	11	3.682646
17	11	3.693572
17	11	3.704814
17	11	3.716026
17	11	3.72678
17	11	3.738262
18	11	3.749135
18	11	3.76034
18	11	3.771582
18	11	3.78261
18	11	3.793701
18	11	3.804885
18	11	3.815916
18	11	3.826896
18	11	3.837967
18	11	3.849228
18	11	3.860448
19	11	3.872484
19	11	3.883189
19	11	3.894473
19	11	3.905499
19	11	3.916584
19	11	3.927661
19	11	3.938869
19	11	3.950021
19	11	3.961276
19	11	3.972529
19	11	3.983624
20	11	3.994794
20	11	4.005874
20	11	4.016854
20	11	4.028122
20	11	4.039354
20	11	4.050429
20	11	4.061172
20	11	4.072488
20	11	4.083827
20	11	4.094798
20	11	4.106088
21	11	4.117183
21	11	4.12855
21	11	4.139993
21	11	4.151125
21	11	4.162178
21	11	4.173594
21	11	4.184663
21	11	4.195959
21	11	4.207433
21	11	4.218046
22	11	4.229274
22	11	4.240359
22	11	4.251445
22	11	4.262597
22	11	4.273875
22	11	4.285129
22	11	4.296283
22	11	4.307467
22	11	4.318563
22	11	4.32972
22	11	4.341035
23	11	4.351968
23	11	4.363621
23	11	4.374694
23	11	4.385729
23	11	4.396844
23	11	4.407971
23	11	4.419363
23	11	4.430318
23	11	4.441158
23	11	4.452887
23	11	4.464473
24	11	4.475121
24	11	4.485993
24	11	4.497554
24	11	4.508302
24	11	4.519541
24	11	4.53025
24	11	4.541721
24	11	4.553273
24	11	4.56429
24	11	4.575311
24	11	4.586698
25	11	4.597938
25	11	4.608855
25	11	4.620368
25	11	4.631723
25	11	4.642613
25	11	4.654028
25	11	4.665366
25	11	4.676669
25	11	4.687352
25	11	4.698669
25	11	4.709732
25	12	4.720922
25	12	4.731902
25	12	4.742955
25	12	4.754018
25	12	4.76551
25	12	4.776361
25	12	4.787582
25	12	4.798837
25	12	4.80994
25	12	4.821196
25	12	4.83273
25	13	4.843668
25	13	4.854788
25	13	4.866204
25	13	4.877464
25	13	4.888318
25	13	4.899845
25	13	4.910736
25	13	4.921785
25	13	4.932979
25	13	4.944154
25	13	4.955024
25	14	4.966472
25	14	4.977295
25	14	4.988949
25	14	4.999872
25	14	5.011109
25	14	5.022182
25	14	5.033179
25	14	5.044122
25	14	5.055382
25	14	5.066298
25	14	5.077512
25	14	5.089179
25	14	5.100147
25	14	5.111447
25	14	5.122584
25	14	5.133746
25	14	5.145149
25	14	5.156185
25	14	5.167503
25	14	5.178634
25	14	5.190076
25	14	5.200931
25	14	5.212415
25	14	5.223458
25	14	5.234757
25	14	5.245763
25	14	5.256997
25	14	5.268168
25	14	5.279111
25	14	5.290296
25	14	5.301587
25	14	5.312454
25	14	5.323702
25	14	5.334852
25	14	5.346138
25	14	5.357241
25	14	5.368386
25	14	5.379574
25	14	5.391235
25	14	5.402211
25	14	5.413441
25	14	5.424516
25	14	5.435813
25	14	5.44686
25	14	5.458224
25	14	5.468875
25	14	5.480002
25	14	5.491689
25	14	5.502663
25	14	5.513484
25	14	5.524771
25	14	5.535933
25	14	5.546891
25	14	5.558257
26	14	5.569534
26	14	5.580535
26	14	5.591919
26	14	5.603221
26	14	5.61472
26	14	5.626086
26	14	5.641329
26	14	5.648677
26	14	5.656718
26	14	5.667751
26	14	5.678751
27	14	5.69014
27	14	5.700985
27	14	5.712556
27	14	5.724147
27	14	5.735382
27	14	5.74651
27	14	5.757572
27	14	5.769118
27	14	5.77988
27	14	5.791043
27	14	5.802105
27	14	5.813092
27	14	5.824363
27	14	5.835726
27	14	5.84677
27	14	5.857873
27	14	5.869341
27	14	5.880336
27	14	5.89154
27	14	5.902672
27	14	5.913541
27	14	5.92497
27	14	5.935802
27	15	5.946948
27	15	5.958063
27	15	5.969333
27	15	5.980481
27	15	5.991776
27	15	6.003205
27	15	6.014537
27	15	6.025847
27	15	6.037388
27	15	6.048628
27	15	6.060067
27	16	6.071502
27	16	6.083426
27	16	6.094028
27	16	6.105484
27	16	6.117312
27	16	6.127782
27	16	6.139147
27	16	6.150496
27	16	6.161502
27	16	6.172547
27	16	6.183665
27	17	6.194709
27	17	6.205688
27	17	6.217023
27	17	6.228135
27	17	6.239746
27	17	6.250934
27	17	6.261795
27	17	6.273364
27	17	6.284643
27	17	6.295724
26	17	6.306977
26	17	6.318099
26	17	6.329457
26	17	6.340628
26	17	6.351647
26	17	6.362844
26	17	6.373692
26	17	6.385184
26	17	6.396651
26	17	6.407472
26	17	6.418602
25	17	6.429544
25	17	6.440961
25	17	6.452036
25	17	6.462982
25	17	6.474387
25	17	6.485552
25	17	6.496702
25	17	6.50776
25	17	6.519179
25	17	6.530097
25	17	6.540998
24	17	6.553034
24	17	6.563771
24	17	6.574661
24	17	6.58604
24	17	6.597044
24	17	6.608407
24	17	6.619499
24	17	6.630862
24	17	6.641982
24	17	6.653261
24	17	6.664343
23	17	6.675428
23	17	6.686599
23	17	6.697835
23	17	6.709087
23	17	6.720059
23	17	6.731126
23	17	6.742423
23	17	6.753248
23	17	6.764515
23	17	6.775824
23	17	6.787023
22	17	6.797935
22	17	6.809127
22	17	6.820315
22	17	6.831498
22	17	6.842807
22	17	6.853958
22	17	6.865435
22	17	6.876136
22	17	6.886994
22	17	6.898323
22	17	6.909483
22	17	6.920545
22	17	6.931962
22	17	6.943111
22	17	6.954418
22	17	6.965603
22	17	6.97682
22	17	6.988133
22	17	6.999127
22	17	7.010497
22	17	7.021878
22	17	7.033245
22	17	7.044088
22	16	7.05536
22	16	7.066486
22	16	7.077848
22	16	7.089257
22	16	7.100473
22	16	7.111523
22	16	7.122531
22	16	7.133585
22	16	7.144659
22	16	7.155626
22	16	7.166874
22	15	7.178195
22	15	7.189167
22	15	7.200559
22	15	7.211685
22	15	7.222811
22	15	7.23447
22	15	7.245651
22	15	7.256636
22	15	7.267782
22	15	7.278817
22	15	7.289958
22	14	7.300848
22	14	7.312022
22	14	7.323221
22	14	7.334728
22	14	7.346
22	14	7.356985
22	14	7.368431
22	14	7.37929
22	14	7.390392
22	14	7.402049
22	14	7.412417
22	13	7.423403
22	13	7.434795
22	13	7.445701
22	13	7.456851
22	13	7.46862
22	13	7.479394
22	13	7.490682
22	13	7.501588
22	13	7.512479
22	13	7.523959
22	13	7.535077
22	12	7.54626
22	12	7.557442
22	12	7.568967
22	12	7.580106
22	12	7.591343
22	12	7.602733
22	12	7.613779
22	12	7.624918
22	12	7.636308
22	12	7.647426
22	12	7.659798
22	11	7.673428
22	11	7.680741
22	11	7.689774
22	11	7.700782
22	11	7.711818
22	11	7.723362
22	11	7.734402
22	11	7.745862
22	11	7.756381
22	11	7.76773
22	11	7.778775
22	12	7.790023
22	12	7.801663
22	12	7.812563
22	12	7.824163
22	12	7.835215
22	12	7.846115
22	12	7.857367
22	12	7.868998
22	12	7.879759
22	12	7.891045
22	12	7.902494
22	13	7.913271
22	13	7.924511
22	13	7.935926
22	13	7.947238
22	13	7.958486
22	13	7.969438
22	13	7.980565
22	13	7.991689
22	13	8.002936
22	13	8.013885
22	13	8.025138
22	14	8.036472
22	14	8.047557
22	14	8.058807
22	14	8.070401
22	14	8.081509
22	14	8.093312
22	14	8.104754
22	14	8.115961
22	14	8.126793
22	14	8.137996
22	14	8.148834
22	15	8.160093
22	15	8.171664
22	15	8.182893
22	15	8.193959
22	15	8.205856
22	15	8.21722
22	15	8.228175
22	15	8.239326
22	15	8.250308
22	15	8.261941
22	15	8.27298
22	16	8.283976
22	16	8.294829
22	16	8.305964
22	16	8.316978
22	16	8.328166
22	16	8.339265
22	16	8.350322
22	16	8.361612
22	16	8.372649
22	16	8.383635
22	16	8.394907
22	17	8.406002
22	17	8.417064
22	17	8.428575
22	17	8.439574
22	17	8.450716
22	17	8.462058
22	17	8.473247
22	17	8.484779
22	17	8.495955
22	17	8.507301
22	18	8.518289
22	18	8.529401
22	18	8.540676
22	18	8.552257
22	18	8.56335
22	18	8.574272
22	18	8.586015
22	18	8.596452
22	18	8.607822
22	18	8.619249
22	18	8.630411
22	19	8.641525
22	19	8.653127
22	19	8.663948
22	19	8.675
22	19	8.686371
22	19	8.697353
22	19	8.70928
22	19	8.719432
22	19	8.730416
22	19	8.741767
22	19	8.753115
22	20	8.764659
22	20	8.775398
22	20	8.786495
22	20	8.79752
22	20	8.808509
22	20	8.820064
22	20	8.830824
22	20	8.842225
22	20	8.853231
22	20	8.86402
22	20	8.875414
21	20	8.88662
21	20	8.897933
21	20	8.909067
21	20	8.920696
21	20	8.931623
21	20	8.942739
21	20	8.954097
21	20	8.965421
21	20	8.976533
21	20	8.987633
21	20	8.998624
20	20	9.009838
20	20	9.021227
20	20	9.032215
20	20	9.043358
20	20	9.055089
20	20	9.067945
20	20	9.079522
20	20	9.088943
20	20	9.099323
20	20	9.110593
20	20	9.121398
19	20	9.132712
19	20	9.143824
19	20	9.155086
19	20	9.166556
19	20	9.177985
19	20	9.188885
19	20	9.199892
19	20	9.211481
19	20	9.222591
19	20	9.232927
19	20	9.243947
20	20	9.25491
20	20	9.266182
20	20	9.277451
20	20	9.288521
20	20	9.299545
20	20	9.310987
20	20	9.321996
20	20	9.333175
20	20	9.344456
20	20	9.355641
20	20	9.367261
21	20	9.378215
21	20	9.389283
21	20	9.400526
21	20	9.411916
21	20	9.423032
21	20	9.434034
21	20	9.445265
21	20	9.456436
21	20	9.467604
21	20	9.47891
21	20	9.49015
22	20	9.501675
22	20	9.512699
22	20	9.523913
22	20	9.535171
22	20	9.546118
22	20	9.557426
22	20	9.568371
22	20	9.579549
22	20	9.590775
22	20	9.601758
22	20	9.612693
22	20	9.623893
22	20	9.635363
22	20	9.646235
22	20	9.657369
22	20	9.668838
22	20	9.68057
22	20	9.692469
22	20	9.702519
22	20	9.713494
22	20	9.724676
22	20	9.736183
22	20	9.747281
22	20	9.758474
22	20	9.770086
22	20	9.780792
22	20	9.792192
22	20	9.803564
22	20	9.81437
22	20	9.82555
22	20	9.837839
22	20	9.84862
22	20	9.859605
22	20	9.871282
22	20	9.882068
22	20	9.893031
22	20	9.904381
22	20	9.915096
22	20	9.926166
22	20	9.937315
22	20	9.948125
22	20	9.959265
22	20	9.970468
22	20	9.981323
22	20	9.992652
22	20	10.00421
22	20	10.01485
22	20	10.02626
22	20	10.0376
22	20	10.04859
22	20	10.05994
22	20	10.07123
22	20	10.08229
22	21	10.09375
22	21	10.10472
22	21	10.11601
22	21	10.12692
22	21	10.13821
22	21	10.14951
22	21	10.16081
22	21	10.17168
22	21	10.18267
22	21	10.1937
22	21	10.20491
22	22	10.21594
22	22	10.22723
22	22	10.23853
22	22	10.24962
22	22	10.26076
22	22	10.27209
22	22	10.28326
22	22	10.29455
22	22	10.30601
22	22	10.31689
22	22	10.32811
22	23	10.33915
22	23	10.35031
22	23	10.36154
22	23	10.3728
22	23	10.38402
22	23	10.39565
22	23	10.40681
22	23	10.41739
22	23	10.42869
22	23	10.43966
22	23	10.45092
22	24	10.46236
22	24	10.47347
22	24	10.48462
22	24	10.49562
22	24	10.50673
22	24	10.51793
22	24	10.52934
22	24	10.54039
22	24	10.55183
22	24	10.56295
22	25	10.57402
22	25	10.5848
22	25	10.59615
22	25	10.60739
22	25	10.61878
22	25	10.63043
22	25	10.64103
22	25	10.65175
22	25	10.66285
22	25	10.67434
22	25	10.68543
22	26	10.69672
22	26	10.70785
22	26	10.71931
22	26	10.73046
22	26	10.74172
22	26	10.75295
22	26	10.76399
22	26	10.77588
22	26	10.7873
22	26	10.79732
22	26	10.80875
21	26	10.82019
21	26	10.83094
21	26	10.84193
21	26	10.85349
21	26	10.86481
21	26	10.87531
21	26	10.88658
21	26	10.89735
21	26	10.90846
21	26	10.92032
21	26	10.93183
20	26	10.94282
20	26	10.95347
20	26	10.96469
20	26	10.97569
20	26	10.98719
20	26	10.99813
20	26	11.00935
20	26	11.02087
20	26	11.03191
20	26	11.04305
20	26	11.05424
19	26	11.06521
19	26	11.07655
19	26	11.08806
19	26	11.0988
19	26	11.11005
19	26	11.12126
19	26	11.13223
19	26	11.14334
19	26	11.15491
19	26	11.16563
19	26	11.17709
18	26	11.18819
18	26	11.1989
18	26	11.21048
18	26	11.22163
18	26	11.23256
18	26	11.24403
18	26	11.25503
18	26	11.26575
18	26	11.27764
18	26	11.28848
18	26	11.29973
17	26	11.311
17	26	11.3222
17	26	11.33336
17	26	11.34471
17	26	11.35579
17	26	11.3672
17	26	11.37814
17	26	11.3893
17	26	11.40055
17	26	11.41167
17	26	11.42255
16	26	11.43387
16	26	11.44482
16	26	11.45603
16	26	11.46711
16	26	11.47824
16	26	11.48937
16	26	11.50054
16	26	11.51197
16	26	11.52285
16	26	11.53397
16	26	11.54535
16	27	11.55709
16	27	11.57048
16	27	11.58336
16	27	11.59479
16	27	11.6021
16	27	11.61023
16	27	11.62157
16	27	11.63258
16	27	11.64381
16	27	11.65531
16	27	11.66616
16	28	11.67724
16	28	11.68822
16	28	11.69979
16	28	11.71261
16	28	11.72754
16	28	11.74193
16	28	11.75096
16	28	11.75772
16	28	11.76464
16	28	11.77427
16	28	11.78592
16	29	11.79738
16	29	11.80846
16	29	11.81907
16	29	11.83001
16	29	11.84112
16	29	11.85235
16	29	11.86421
16	29	11.87578
16	29	11.88568
16	29	11.89688
16	29	11.90815
16	30	11.91918
16	30	11.93009
16	30	11.94181
16	30	11.95317
16	30	11.96438
16	30	11.97573
16	30	11.98668
16	30	11.99816
16	30	12.00897
16	30	12.02039
16	30	12.03121
16	30	12.0427
16	30	12.05367
17	30	12.06409
17	30	12.07563
17	30	12.08679
17	30	12.09815
17	30	12.10921
17	30	12.12144
17	30	12.13248
17	30	12.14405
17	30	12.15572
17	30	12.16685
17	30	12.17866
18	30	12.1898
18	30	12.20133
18	30	12.21255
18	30	12.22383
18	30	12.23539
18	30	12.24654
18	30	12.25824
18	30	12.26959
18	30	12.28122
18	30	12.29264
18	30	12.304
19	30	12.31532
19	30	12.32672
19	30	12.33849
19	30	12.34941
19	30	12.36082
19	30	12.3721
19	30	12.38313
19	30	12.39421
19	30	12.40541
19	30	12.41668
19	30	12.42779
20	30	12.43921
20	30	12.45025
20	30	12.46165
20	30	12.47277
20	30	12.48388
20	30	12.49523
20	30	12.50615
20	30	12.51723
20	30	12.5288
20	30	12.53975
21	30	12.55162
21	30	12.56235
21	30	12.57349
21	30	12.58457
21	30	12.59579
21	30	12.60683
21	30	12.61796
21	30	12.62965
21	30	12.64072
21	30	12.65195
21	30	12.66359
22	30	12.67681
22	30	12.68464
22	30	12.6944
22	30	12.70544
22	30	12.71666
22	30	12.72764
22	30	12.73955
22	30	12.7505
22	30	12.76166
22	30	12.77263
22	30	12.78383
22	30	12.79499
23	30	12.80693
23	30	12.81842
23	30	12.82919
23	30	12.84017
23	30	12.85141
23	30	12.86229
23	30	12.87369
23	30	12.8845
23	30	12.8957
23	30	12.90684
24	30	12.91781
24	30	12.929
24	30	12.94014
24	30	12.95131
24	30	12.96274
24	30	12.97361
24	30	12.98487
24	30	12.99619
24	30	13.00734
24	30	13.01849
24	30	13.02983
25	30	13.04115
25	30	13.05259
25	30	13.0639
25	30	13.07513
25	30	13.08673
25	30	13.0978
25	30	13.10905
25	30	13.12056
25	30	13.13128
25	30	13.14252
25	30	13.15373
26	30	13.16473
26	30	13.17578
26	30	13.18714
26	30	13.19822
26	30	13.20933
26	30	13.2206
26	30	13.23184
26	30	13.24311
26	30	13.25449
26	30	13.2656
26	30	13.27719
27	30	13.28773
27	30	13.29887
27	30	13.31054
27	30	13.32154
27	30	13.33281
27	30	13.344
27	30	13.3553
27	30	13.3663
27	30	13.3777
27	30	13.38883
27	30	13.40017
27	30	13.41138
27	30	13.42263
27	29	13.43352
27	29	13.44464
27	29	13.45606
27	29	13.46947
27	29	13.47826
27	29	13.48916
27	29	13.49977
27	29	13.51113
27	29	13.52222
27	29	13.5329
27	29	13.54391
27	28	13.55552
27	28	13.56659
27	28	13.5776
27	28	13.58904
27	28	13.59983
27	28	13.61162
27	28	13.62271
27	28	13.63374
27	28	13.64497
27	28	13.65631
27	28	13.66729
27	27	13.67869
27	27	13.69008
27	27	13.70115
27	27	13.71254
27	27	13.72355
27	27	13.73462
27	27	13.74712
27	27	13.76063
27	27	13.77047
27	27	13.77751
27	27	13.7884
27	26	13.79932
27	26	13.8106
27	26	13.8225
27	26	13.83304
27	26	13.8448
27	26	13.85568
27	26	13.86721
27	26	13.87804
27	26	13.88915
27	26	13.90018
27	26	13.91117
27	25	13.92231
27	25	13.93363
27	25	13.94486
27	25	13.9563
27	25	13.96706
27	25	13.97833
27	25	13.98976
27	25	14.00061
27	25	14.01195
27	25	14.02353
27	25	14.03455
27	24	14.04568
27	24	14.05732
27	24	14.06798
27	24	14.07904
27	24	14.09057
27	24	14.10158
27	24	14.11293
27	24	14.12393
27	24	14.13532
27	24	14.1462
27	24	14.1577
27	23	14.16882
27	23	14.18006
27	23	14.19164
27	23	14.20286
27	23	14.21448
27	23	14.22572
27	23	14.23696
27	23	14.24813
27	23	14.25945
27	23	14.27091
27	23	14.28224
26	23	14.29323
26	23	14.3046
26	23	14.31558
26	23	14.3268
26	23	14.33798
26	23	14.34911
26	23	14.36039
26	23	14.37204
26	23	14.38288
26	23	14.39388
26	23	14.40496
25	23	14.41606
25	23	14.42755
25	23	14.43908
25	23	14.45024
25	23	14.46138
25	23	14.47203
25	23	14.48311
25	23	14.49416
25	23	14.50533
25	23	14.51631
25	23	14.52828
24	23	14.5412
24	23	14.55323
24	23	14.56491
24	23	14.57229
24	23	14.58239
24	23	14.59327
24	23	14.60444
24	23	14.61544
24	23	14.64785
23	23	14.65557
23	23	14.66297
23	23	14.67055
23	23	14.67917
23	23	14.68907
23	23	14.70039
23	23	14.7117
23	23	14.72298
23	23	14.7337
23	23	14.74527
23	23	14.75615
23	23	14.7674
22	23	14.77852
22	23	14.78953
22	23	14.80054
22	23	14.81198
22	23	14.82277
22	23	14.83456
22	23	14.84556
22	23	14.85703
22	23	14.86741
22	23	14.87905
22	23	14.89036
22	24	14.9015
22	24	14.91276
22	24	14.92435
22	24	14.9349
22	24	14.94605
22	24	14.9572
22	24	14.9686
22	24	14.97948
22	24	14.99096
22	24	15.00159
22	24	15.01273
22	25	15.02389
22	25	15.0352
22	25	15.04667
22	25	15.05809
22	25	15.06885
22	25	15.0804
22	25	15.09174
22	25	15.10754
22	25	15.11415
22	25	15.12551
22	25	15.13649
22	26	15.14765
22	26	15.15856
22	26	15.16998
22	26	15.18099
22	26	15.19254
22	26	15.20362
22	26	15.21537
22	26	15.22713
22	26	15.2388
22	26	15.25052
22	27	15.26224
22	27	15.27447
22	27	15.28602
22	27	15.2985
22	27	15.31002
22	27	15.32045
22	27	15.33167
22	27	15.34279
22	27	15.3539
22	27	15.3652
22	27	15.37688
22	28	15.38794
22	28	15.3993
22	28	15.41057
22	28	15.42145
22	28	15.4327
22	28	15.444
22	28	15.45543
22	28	15.46641
22	28	15.47755
22	28	15.48837
22	28	15.49961
22	29	15.51098
22	29	15.52187
22	29	15.53316
22	29	15.54433
22	29	15.55572
22	29	15.56638
22	29	15.57762
22	29	15.58879
22	29	15.60007
22	29	15.61133
22	29	15.62231
22	30	15.6333
22	30	15.64484
22	30	15.65583
22	30	15.66703
22	30	15.67842
22	30	15.68957
22	30	15.7008
22	30	15.7121
22	30	15.72332
22	30	15.73411
22	30	15.74507
23	30	15.75622
23	30	15.76842
23	30	15.77984
23	30	15.78997
23	30	15.8013
23	30	15.81234
23	30	15.82367
23	30	15.83474
23	30	15.84579
23	30	15.85716
23	30	15.86824
24	30	15.87924
24	30	15.8905
24	30	15.90142
24	30	15.91272
24	30	15.92406
24	30	15.93528
24	30	15.94617
24	30	15.95737
24	30	15.96854
24	30	15.9798
24	30	15.99125
25	30	16.00231
25	30	16.01324
25	30	16.02461
25	30	16.036
25	30	16.04697
25	30	16.05822
25	30	16.06949
25	30	16.08072
25	30	16.09186
25	30	16.10256
25	30	16.11352
26	30	16.12486
26	30	16.13589
26	30	16.14701
26	30	16.15836
26	30	16.16956
26	30	16.18065
26	30	16.19218
26	30	16.20315
26	30	16.21429
26	30	16.22561
26	30	16.23719
27	30	16.24837
27	30	16.25972
27	30	16.27084
27	30	16.28176
27	30	16.29314
27	30	16.30386
27	30	16.31512
27	30	16.32635
27	30	16.33785
27	30	16.34938
27	30	16.36027
27	30	16.37125
27	30	16.38236
27	30	16.39353
27	30	16.40455
27	30	16.41593
27	30	16.42694
27	30	16.43783
27	30	16.44902
27	30	16.46004
27	30	16.47121
27	30	16.48244
27	30	16.49355
27	30	16.50475
27	30	16.51602
27	30	16.52722
27	30	16.53838
27	30	16.5501
27	30	16.56084
27	30	16.57222
27	30	16.58299
27	30	16.59432
27	30	16.60547
27	30	16.61655
27	30	16.62749
27	30	16.63864
27	30	16.64974
27	30	16.66087
27	30	16.67211
27	30	16.68356
27	30	16.69444
27	30	16.7059
27	30	16.71686
27	30	16.72814
27	30	16.7394
27	30	16.75051
27	30	16.76175
27	30	16.77298
27	30	16.78409
27	30	16.79527
27	30	16.80636
27	30	16.81744
27	30	16.82867
27	30	16.83979
27	30	16.85114
27	30	16.86236
27	30	16.87338
27	30	16.88448
27	30	16.89541
27	30	16.90654
27	30	16.9177
27	30	16.9289
27	30	16.94041
27	30	16.95158
27	30	16.96285
27	30	16.97361
27	30	16.98484
27	30	16.99577
27	30	17.00677
27	30	17.01814
27	30	17.02908
27	30	17.04027
27	30	17.05128
27	30	17.06239
27	30	17.07342
27	30	17.08467
27	30	17.09622
27	30	17.10754
27	30	17.11913
27	30	17.12986
27	30	17.14112
27	30	17.15224
27	30	17.16307
27	30	17.17519
27	30	17.18535
27	30	17.19634
27	30	17.20844
27	30	17.21914
27	30	17.23027
27	30	17.24136
27	30	17.25288
27	30	17.26376
27	30	17.27512
27	30	17.28623
27	30	17.2975
27	30	17.30863
27	30	17.31999
27	30	17.33118
27	30	17.34249
27	30	17.35342
27	30	17.36444
27	30	17.37585
27	30	17.38674
27	30	17.398
27	30	17.40915
27	30	17.42038
27	30	17.43171
27	30	17.44304
27	30	17.454
27	30	17.46527
27	30	17.47661
27	30	17.48778
27	30	17.49885
27	30	17.5101
27	30	17.5213
27	30	17.53223
27	30	17.54354
27	30	17.555
27	30	17.56607
27	30	17.57718
27	30	17.5882
27	30	17.59917
27	30	17.61047
27	30	17.62128
27	30	17.63269
27	30	17.64389
27	30	17.65481
27	30	17.66577
27	30	17.67706
27	30	17.68851
27	30	17.69951
27	30	17.71077
27	30	17.72194
27	30	17.73354
27	30	17.74447
27	30	17.75588
27	30	17.76672
27	30	17.77814
27	30	17.78925
27	30	17.80155
27	30	17.81278
27	30	17.82286
27	30	17.83399
27	30	17.84534
27	30	17.85616
27	30	17.86739
27	30	17.87907
27	30	17.88993
27	30	17.90063
27	30	17.91239
27	30	17.92321
27	30	17.93425
27	30	17.94555
27	30	17.95692
27	30	17.96826
27	30	17.97921
27	30	17.99035
27	30	18.00165
27	30	18.01283
27	30	18.02385
27	30	18.03508
27	30	18.04594
27	30	18.05705
27	30	18.06828
27	30	18.07971
27	30	18.09104
27	30	18.10228
27	30	18.11349
27	30	18.12456
27	30	18.13569
27	30	18.14686
27	30	18.1576
27	30	18.169
27	30	18.18018
27	30	18.1918
27	30	18.20308
27	30	18.21442
27	30	18.22497
27	30	18.23629
27	30	18.24741
27	30	18.25855
27	30	18.27017
27	30	18.2809
27	30	18.29245
27	30	18.30325
27	30	18.31454
27	30	18.32559
27	30	18.33674
27	30	18.34806
27	30	18.3592
27	30	18.3707
27	30	18.38177
27	30	18.39304
27	30	18.40401
27	30	18.41505
27	30	18.42669
27	30	18.43744
27	30	18.44842
27	30	18.4598
27	30	18.47064
27	30	18.48169
27	30	18.49292
27	30	18.5042
27	30	18.51486
27	30	18.52635
27	30	18.53732
27	30	18.54868
27	30	18.55981
27	30	18.57097
27	30	18.58241
27	30	18.59347
27	30	18.60459
27	30	18.61563
27	30	18.62694
27	30	18.63811
27	30	18.64932
27	30	18.66053
27	30	18.67154
27	30	18.68275
27	30	18.69379
27	30	18.70491
26	30	18.716
26	30	18.72713
26	30	18.73847
26	30	18.74957
26	30	18.76103
26	30	18.77208
26	30	18.79631
26	30	18.80358
26	30	18.81013
26	30	18.81662
26	30	18.82315
25	30	18.83299
25	30	18.84477
25	30	18.85538
25	30	18.86679
25	30	18.87794
25	30	18.88945
25	30	18.90029
25	30	18.91162
25	30	18.92255
25	30	18.93419
25	30	18.94559
24	30	18.95617
24	30	18.967
24	30	18.97818
24	30	18.98906
24	30	19.00017
24	30	19.01135
24	30	19.02279
24	30	19.03632
24	30	19.04551
24	30	19.05599
24	30	19.06735
23	30	19.07863
23	30	19.08965
23	30	19.10129
23	30	19.11258
23	30	19.12353
23	30	19.13483
23	30	19.14603
23	30	19.15718
23	30	19.16841
23	30	19.17986
23	30	19.19113
22	30	19.20252
22	30	19.21336
22	30	19.22472
22	30	19.23607
22	30	19.24694
22	30	19.25781
22	30	19.26915
22	30	19.28068
22	30	19.29245
22	30	19.30406
22	30	19.31553
22	29	19.32726
22	29	19.33863
22	29	19.35014
22	29	19.3623
22	29	19.37305
22	29	19.3847
22	29	19.39632
22	29	19.40778
22	29	19.41939
22	29	19.4306
22	28	19.44173
22	28	19.45346
22	28	19.46462
22	28	19.47599
22	28	19.48735
22	28	19.49842
22	28	19.50949
22	28	19.52119
22	28	19.53188
22	28	19.54308
22	28	19.55439
22	27	19.56514
22	27	19.57626
22	27	19.58765
22	27	19.59879
22	27	19.61011
22	27	19.62102
22	27	19.63213
22	27	19.6431
22	27	19.65448
22	27	19.66535
22	27	19.67703
22	26	19.68755
22	26	19.69878
22	26	19.71013
22	26	19.72098
22	26	19.73244
22	26	19.74356
22	26	19.75491
22	26	19.76611
22	26	19.77743
22	26	19.78863
22	26	19.79966
22	25	19.81147
22	25	19.82277
22	25	19.83495
22	25	19.84482
22	25	19.85583
22	25	19.86725
22	25	19.87841
22	25	19.88923
22	25	19.90099
22	25	19.91232
22	25	19.92306
22	24	19.93429
22	24	19.94536
22	24	19.95611
22	24	19.9673
22	24	19.97871
22	24	19.9897
22	24	20.00072
22	24	20.01284
22	24	20.02365
22	24	20.03492
22	24	20.04606
22	23	20.05728
22	23	20.06808
22	23	20.07913
22	23	20.0903
22	23	20.10154
22	23	20.11279
22	23	20.12349
22	23	20.13467
22	23	20.14605
22	23	20.15702
22	23	20.1685
22	22	20.17965
22	22	20.19094
22	22	20.20185
22	22	20.21298
22	22	20.22414
22	22	20.23607
22	22	20.2464
22	22	20.25763
22	22	20.26907
22	22	20.28018
22	22	20.29118
22	21	20.30238
22	21	20.31319
22	21	20.32458
22	21	20.33587
22	21	20.34709
22	21	20.35823
22	21	20.3696
22	21	20.38051
22	21	20.39164
22	21	20.4031
22	21	20.41405
22	20	20.42527
22	20	20.4365
22	20	20.44769
22	20	20.45903
22	20	20.47012
22	20	20.48142
22	20	20.49266
22	20	20.50385
22	20	20.51473
22	20	20.52575
22	20	20.53713
21	20	20.54832
21	20	20.55938
21	20	20.57053
21	20	20.58157
21	20	20.59292
21	20	20.60418
21	20	20.61617
21	20	20.62649
21	20	20.63774
21	20	20.64881
21	20	20.65985
20	20	20.67104
20	20	20.68214
20	20	20.69315
20	20	20.70459
20	20	20.71557
20	20	20.72649
20	20	20.73754
20	20	20.74893
20	20	20.76046
20	20	20.77196
20	20	20.78278
19	20	20.79388
19	20	20.80528
19	20	20.81648
19	20	20.82718
19	20	20.83851
19	20	20.84952
19	20	20.86137
19	20	20.87261
19	20	20.88342
19	20	20.89441
19	20	20.90566
18	20	20.9167
18	20	20.92798
18	20	20.93904
18	20	20.9501
18	20	20.96162
18	20	20.97263
18	20	20.98397
18	20	20.99529
18	20	21.00642
18	20	21.01756
18	20	21.02887
17	20	21.0402
17	20	21.05112
17	20	21.06238
17	20	21.07314
17	20	21.08484
17	20	21.09592
17	20	21.10644
17	20	21.11766
17	20	21.12898
17	20	21.14007
16	20	21.15135
16	20	21.16265
16	20	21.17349
16	20	21.18465
16	20	21.19625
16	20	21.20726
16	20	21.21836
16	20	21.22979
16	20	21.24141
16	20	21.25213
16	20	21.26325
16	21	21.27431
16	21	21.28557
16	21	21.29693
16	21	21.30803
16	21	21.31909
16	21	21.3304
16	21	21.34133
16	21	21.35239
16	21	21.36382
16	21	21.37475
16	21	21.38609
16	22	21.39746
16	22	21.40842
16	22	21.41999
16	22	21.4309
16	22	21.44215
16	22	21.45315
16	22	21.46446
16	22	21.47554
16	22	21.48688
16	22	21.49816
16	22	21.50931
16	23	21.52057
16	23	21.53169
16	23	21.54275
16	23	21.55452
16	23	21.56494
16	23	21.57618
16	23	21.58726
16	23	21.59835
16	23	21.60938
16	23	21.62065
16	23	21.63169
16	23	21.64722
16	23	21.65444
16	23	21.66524
16	23	21.67661
16	23	21.6879
16	23	21.69951
16	23	21.71054
16	23	21.72193
16	23	21.7329
16	23	21.74407
16	23	21.7555
16	23	21.76673
16	23	21.77754
16	23	21.78857
16	23	21.79926
16	23	21.81045
16	23	21.82151
16	23	21.83285
16	23	21.84469
16	23	21.85641
16	23	21.86697
16	23	21.87792
16	23	21.88895
16	23	21.90016
16	23	21.91143
16	23	21.92268
16	23	21.93365
16	23	21.94474
16	23	21.95601
16	23	21.96698
16	23	21.97819
16	23	21.98937
16	23	22.00048
16	23	22.01169
16	23	22.02282
16	23	22.03371
16	23	22.04493
16	23	22.0561
16	23	22.06759
16	23	22.07814
16	23	22.08936
16	23	22.10077
16	23	22.11186
16	23	22.12291
16	23	22.13428
16	23	22.14552
16	23	22.15685
16	23	22.16804
16	23	22.17978
16	23	22.19103
16	23	22.20197
16	23	22.21313
16	23	22.22409
16	23	22.2348
16	23	22.2461
16	23	22.25712
16	23	22.26818
16	23	22.27954
16	23	22.29064
16	23	22.30182
16	23	22.31343
16	23	22.32437
16	23	22.33579
16	23	22.3467
16	23	22.35769
16	23	22.3692
16	23	22.38034
16	23	22.39132
16	23	22.4025
16	23	22.4136
16	23	22.42484
16	23	22.43606
16	23	22.44756
16	23	22.45846
16	23	22.46976
16	23	22.48096
16	23	22.49212
16	23	22.50314
16	23	22.51428
16	23	22.52529
16	23	22.53664
16	23	22.54801
16	23	22.55916
16	23	22.57056
16	23	22.58158
16	23	22.59258
16	23	22.60374
16	23	22.61452
16	23	22.62602
16	23	22.63744
16	23	22.64842
16	23	22.65932
16	23	22.67112
16	23	22.68221
16	23	22.69323
16	23	22.70444
16	23	22.71571
16	23	22.72659
16	23	22.73757
16	23	22.7485
16	23	22.75959
16	23	22.77057
16	23	22.7818
16	23	22.79296
16	23	22.80433
17	23	22.81543
17	23	22.82683
17	23	22.83822
17	23	22.84929
17	23	22.86053
17	23	22.87195
17	23	22.88296
17	23	22.89411
17	23	22.9053
17	23	22.9164
17	23	22.92786
18	23	22.93886
18	23	22.94998
18	23	22.96149
18	23	22.97201
18	23	22.98338
18	23	22.99451
18	23	23.00552
18	23	23.01655
18	23	23.02768
18	23	23.03877
18	23	23.04994
19	23	23.06115
19	23	23.07231
19	23	23.08359
19	23	23.09493
19	23	23.10619
19	23	23.1177
19	23	23.12841
19	23	23.13983
19	23	23.15102
19	23	23.16222
19	23	23.1734
19	23	23.18492
19	23	23.19588
19	23	23.20716
19	23	23.21819
19	23	23.22931
19	23	23.24024
19	23	23.25142
19	23	23.26237
19	23	23.27405
19	23	23.28468
19	23	23.29575
19	24	23.3069
19	24	23.31818
19	24	23.32935
19	24	23.34071
19	24	23.35197
19	24	23.36321
19	24	23.37421
19	24	23.38511
19	24	23.39616
19	24	23.40753
19	24	23.41862
19	25	23.43013
19	25	23.44114
19	25	23.45258
19	25	23.46368
19	25	23.4749
19	25	23.48607
19	25	23.49752
19	25	23.50846
19	25	23.51981
19	25	23.53147
19	25	23.54289
19	26	23.55393
19	26	23.56503
19	26	23.57598
19	26	23.58737
19	26	23.60057
19	26	23.6109
19	26	23.61978
19	26	23.63136
19	26	23.64215
19	26	23.653
19	26	23.66429
19	26	23.67535
19	26	23.68639
19	26	23.69767
19	26	23.70863
19	26	23.7201
19	26	23.73152
19	26	23.74294
19	26	23.75365
20	26	23.76518
20	26	23.77602
20	26	23.78723
20	26	23.79889
20	26	23.80993
20	26	23.82093
20	26	23.83223
20	26	23.84326
20	26	23.85435
20	26	23.86541
20	26	23.87774
21	26	23.88878
21	26	23.89928
21	26	23.90999
21	26	23.92133
21	26	23.9326
21	26	23.94383
21	26	23.95471
21	26	23.96596
21	26	23.97717
21	26	23.98831
21	26	23.99951
22	26	24.01073
22	26	24.02181
22	26	24.03317
22	26	24.04407
22	26	24.05567
22	26	24.06664
22	26	24.07774
22	26	24.08903
22	26	24.1001
22	26	24.11141
22	26	24.12266
23	26	24.13374
23	26	24.14511
23	26	24.15637
23	26	24.16764
23	26	24.17848
23	26	24.1896
23	26	24.20073
23	26	24.21235
23	26	24.22312
23	26	24.23437
23	26	24.24653
24	26	24.25629
24	26	24.26762
24	26	24.27891
24	26	24.29012
24	26	24.30143
24	26	24.31272
24	26	24.32381
24	26	24.33519
24	26	24.34634
24	26	24.35734
24	26	24.36859
25	26	24.37934
25	26	24.39067
25	26	24.4024
25	26	24.41375
25	26	24.42463
25	26	24.43621
25	26	24.44717
25	26	24.45817
25	26	24.46923
25	26	24.48036
25	26	24.4915
26	26	24.50289
26	26	24.51377
26	26	24.5254
26	26	24.53705
26	26	24.54706
26	26	24.55824
26	26	24.56921
26	26	24.58015
26	26	24.59143
26	26	24.60233
26	26	24.61393
27	26	24.62475
27	26	24.63609
27	26	24.64737
27	26	24.65862
27	26	24.67012
27	26	24.68126
27	26	24.69231
27	26	24.70351
27	26	24.71455
27	26	24.72574
27	26	24.73713
26	26	24.74835
26	26	24.7595
26	26	24.77081
26	26	24.78195
26	26	24.79284
26	26	24.80385
26	26	24.81515
26	26	24.82618
26	26	24.83768
26	26	24.849
26	26	24.85974
25	26	24.87097
25	26	24.8821
25	26	24.8931
25	26	24.90425
25	26	24.91556
25	26	24.92639
25	26	24.93748
25	26	24.94929
25	26	24.96007
25	26	24.97127
25	26	24.9826
24	26	24.99414
24	26	25.00486
24	26	25.01622
24	26	25.02727
24	26	25.03854
24	26	25.04978
24	26	25.06088
24	26	25.07206
24	26	25.08329
24	26	25.09441
24	26	25.10567
23	26	25.11672
23	26	25.12792
23	26	25.13905
23	26	25.15046
23	26	25.1614
23	26	25.17261
23	26	25.18376
23	26	25.19487
23	26	25.20621
23	26	25.21703
23	26	25.22817
22	26	25.23932
22	26	25.25035
22	26	25.26148
22	26	25.27271
22	26	25.28425
22	26	25.29507
22	26	25.30675
22	26	25.31782
22	26	25.32903
22	26	25.34018
22	25	25.3516
22	25	25.36293
22	25	25.37441
22	25	25.38514
22	25	25.39643
22	25	25.40701
22	25	25.41856
22	25	25.4295
22	25	25.44045
22	25	25.45151
22	25	25.46291
22	24	25.47376
22	24	25.4852
22	24	25.4964
22	24	25.50758
22	24	25.51844
22	24	25.52944
22	24	25.54187
22	24	25.55224
22	24	25.5629
22	24	25.57425
22	24	25.58546
22	23	25.59669
22	23	25.60785
22	23	25.61962
22	23	25.63027
22	23	25.64181
22	23	25.65282
22	23	25.66405
22	23	25.67505
22	23	25.68614
22	23	25.69737
22	23	25.70874
22	22	25.71988
22	22	25.73114
22	22	25.74228
22	22	25.7538
22	22	25.76469
22	22	25.77623
22	22	25.78711
22	22	25.79842
22	22	25.80955
22	22	25.82083
22	22	25.83163
22	21	25.84277
22	21	25.85381
22	21	25.86522
22	21	25.87585
22	21	25.88708
22	21	25.89893
22	21	25.91038
22	21	25.92061
22	21	25.93199
22	21	25.94301
22	21	25.95405
22	20	25.96554
22	20	25.97646
22	20	25.9879
22	20	25.99887
22	20	26.00994
22	20	26.02142
22	20	26.03267
22	20	26.04378
22	20	26.05521
22	20	26.06663
22	20	26.07739
21	20	26.08864
21	20	26.09956
21	20	26.11082
21	20	26.1216
21	20	26.13291
21	20	26.14399
21	20	26.15518
21	20	26.16617
21	20	26.17737
21	20	26.18839
21	20	26.1997
20	20	26.21103
20	20	26.22224
20	20	26.23372
20	20	26.2455
20	20	26.25629
20	20	26.26759
20	20	26.27881
20	20	26.28977
20	20	26.30083
20	20	26.31189
20	20	26.32291
21	20	26.33415
21	20	26.34533
21	20	26.35611
21	20	26.36733
21	20	26.37874
21	20	26.38971
21	20	26.40154
21	20	26.41234
21	20	26.42323
21	20	26.43454
21	20	26.44568
22	20	26.45717
22	20	26.4682
22	20	26.47948
22	20	26.49076
22	20	26.5019
22	20	26.51286
22	20	26.52401
22	20	26.53522
22	20	26.54596
22	20	26.55759
22	20	26.56841
22	20	26.57944
22	20	26.5906
22	20	26.6018
22	20	26.61274
22	20	26.62393
22	20	26.63521
22	20	26.64648
22	20	26.65833
22	20	26.66916
22	20	26.68
22	20	26.69147
22	20	26.70242
22	20	26.71367
22	20	26.72452
22	20	26.73567
22	20	26.74693
22	20	26.75831
22	20	26.76959
22	20	26.78106
22	20	26.79245
22	20	26.80356
22	20	26.81444
22	20	26.82571
22	20	26.83701
22	20	26.84838
22	20	26.86032
22	20	26.87082
22	20	26.88147
22	20	26.8925
22	20	26.9037
22	20	26.91476
22	20	26.92612
22	20	26.93726
22	20	26.94825
22	20	26.95943
21	20	26.97095
21	20	26.98184
21	20	26.99296
21	20	27.00447
21	20	27.01525
21	20	27.02683
21	20	27.03771
21	20	27.049
21	20	27.06008
21	20	27.07131
21	20	27.08279
20	20	27.09367
20	20	27.10468
20	20	27.11611
20	20	27.12741
20	20	27.13853
20	20	27.14959
20	20	27.16069
20	20	27.17185
20	20	27.18323
20	20	27.19417
20	20	27.2051
19	20	27.21674
19	20	27.22796
19	20	27.23906
19	20	27.24989
19	20	27.26121
19	20	27.27227
19	20	27.28338
19	20	27.29429
19	20	27.3054
19	20	27.31638
19	20	27.32777
18	20	27.33939
18	20	27.34994
18	20	27.36127
18	20	27.37259
18	20	27.38398
18	20	27.39507
18	20	27.4063
18	20	27.41766
18	20	27.42859
18	20	27.43989
17	20	27.45139
17	20	27.46239
17	20	27.47358
17	20	27.48525
17	20	27.49597
17	20	27.50709
17	20	27.51865
17	20	27.52924
17	20	27.54067
17	20	27.55177
17	20	27.5626
16	20	27.57364
16	20	27.58478
16	20	27.59585
16	20	27.60699
16	20	27.61848
16	20	27.62958
16	20	27.64085
16	20	27.65224
16	20	27.66341
16	20	27.67501
16	20	27.68583
15	20	27.6969
15	20	27.70793
15	20	27.7194
15	20	27.73034
15	20	27.74178
15	20	27.75258
15	20	27.76387
15	20	27.77505
15	20	27.78627
15	20	27.79736
15	20	27.80873
14	20	27.81956
14	20	27.83061
14	20	27.84206
14	20	27.853
14	20	27.86453
14	20	27.87585
14	20	27.88668
14	20	27.89802
14	20	27.90917
14	20	27.92052
14	20	27.93227
13	20	27.94433
13	20	27.95413
13	20	27.96548
13	20	27.97619
13	20	27.98779
13	20	27.9986
13	20	28.00994
13	20	28.02086
13	20	28.03202
13	20	28.04316
13	20	28.05444
12	20	28.0657
12	20	28.07672
12	20	28.08863
12	20	28.10021
12	20	28.11052
12	20	28.12171
12	20	28.13265
12	20	28.1436
12	20	28.15491
12	20	28.16632
12	20	28.17715
11	20	28.18875
11	20	28.20052
11	20	28.21106
11	20	28.2217
11	20	28.23298
11	20	28.24432
11	20	28.25542
11	20	28.27486
11	20	28.28569
11	20	28.29608
11	20	28.30231
10	20	28.30861
10	20	28.31737
10	20	28.32791
10	20	28.33944
10	20	28.35043
10	20	28.36141
10	20	28.37255
10	20	28.3838
10	20	28.39487
10	20	28.4063
10	20	28.41737
10	20	28.42855
9	20	28.43957
9	20	28.45023
9	20	28.46183
9	20	28.4727
9	20	28.48387
9	20	28.49513
9	20	28.50627
9	20	28.51783
9	20	28.5288
9	20	28.54013
8	20	28.55124
8	20	28.5623
8	20	28.57338
8	20	28.58486
8	20	28.59563
8	20	28.60714
8	20	28.61834
8	20	28.62936
8	20	28.6406
8	20	28.65186
8	20	28.66289
7	20	28.67433
7	20	28.68544
7	20	28.69672
7	20	28.70783
7	20	28.71937
7	20	28.73014
7	20	28.74184
7	20	28.75298
7	20	28.76373
7	20	28.77497
7	20	28.78671
7	19	28.79789
7	19	28.80978
7	19	28.82134
7	19	28.83266
7	19	28.84416
7	19	28.85556
7	19	28.86768
7	19	28.87875
7	19	28.89029
7	19	28.90239
7	19	28.91346
7	18	28.92464
7	18	28.93638
7	18	28.94776
7	18	28.95896
7	18	28.97063
7	18	28.98149
7	18	28.9933
7	18	29.004
7	18	29.01514
7	18	29.02643
7	18	29.03765
7	17	29.04901
7	17	29.06087
7	17	29.07644
7	17	29.08936
7	17	29.09702
7	17	29.10481
7	17	29.1117
7	17	29.12144
7	17	29.13274
7	17	29.14451
7	17	29.15552
7	16	29.16626
7	16	29.17755
7	16	29.18847
7	16	29.19967
7	16	29.21153
7	16	29.2222
7	16	29.23325
7	16	29.24461
7	16	29.25565
7	16	29.26697
7	16	29.27802
7	15	29.28917
7	15	29.30057
7	15	29.31217
7	15	29.32299
7	15	29.33406
7	15	29.34544
7	15	29.35636
7	15	29.36791
7	15	29.37863
7	15	29.38948
7	15	29.40063
7	14	29.41181
7	14	29.4229
7	14	29.43391
7	14	29.44583
7	14	29.45642
7	14	29.46796
7	14	29.47923
7	14	29.49083
7	14	29.50248
7	14	29.5138
7	14	29.52572
7	13	29.53706
7	13	29.54827
7	13	29.55959
7	13	29.57102
7	13	29.58231
7	13	29.59363
7	13	29.60516
7	13	29.61658
7	13	29.62778
7	13	29.63909
7	13	29.65044
7	12	29.66198
7	12	29.67361
7	12	29.68489
7	12	29.69607
7	12	29.70737
7	12	29.71869
7	12	29.72965
7	12	29.741
7	12	29.75215
7	12	29.76337
7	11	29.77462
7	11	29.78526
7	11	29.79641
7	11	29.80767
7	11	29.81925
7	11	29.83001
7	11	29.84176
7	11	29.85286
7	11	29.86407
7	11	29.87516
7	11	29.88623
7	10	29.8976
7	10	29.90877
7	10	29.92063
7	10	29.93138
7	10	29.94255
7	10	29.95311
7	10	29.96504
7	10	29.97769
7	10	29.98673
7	10	29.99791
7	10	30.0108
7	9	30.02215
7	9	30.03067
7	9	30.04155
7	9	30.05279
7	9	30.06359
7	9	30.0748
7	9	30.08613
7	9	30.09753
7	9	30.10851
7	9	30.11978
7	9	30.13087
7	8	30.14214
7	8	30.15392
7	8	30.16496
7	8	30.17611
7	8	30.18742
7	8	30.19857
7	8	30.20968
7	8	30.22114
7	8	30.23208
7	8	30.24343
7	8	30.25469
7	7	30.26564
7	7	30.27694
7	7	30.28787
7	7	30.29867
7	7	30.3102
7	7	30.32124
7	7	30.33212
7	7	30.34327
7	7	30.35462
7	7	30.36535
7	7	30.37676
7	6	30.38797
7	6	30.39939
7	6	30.41087
7	6	30.42218
7	6	30.4332
7	6	30.44454
7	6	30.45567
7	6	30.46759
7	6	30.47808
7	6	30.48947
7	6	30.5003
7	5	30.51148
7	5	30.52276
7	5	30.53411
7	5	30.5455
7	5	30.55663
7	5	30.56748
7	5	30.57873
7	5	30.5899
7	5	30.60098
7	5	30.61229
7	5	30.6238
7	4	30.63465
7	4	30.64563
7	4	30.65664
7	4	30.66785
7	4	30.67926
7	4	30.69005
7	4	30.70121
7	4	30.71264
7	4	30.72356
7	4	30.73507
7	4	30.74591
7	3	30.75719
7	3	30.76839
7	3	30.77993
7	3	30.79097
7	3	30.80203
7	3	30.81311
7	3	30.82415
7	3	30.83551
7	3	30.8467
7	3	30.8579
7	3	30.86982
7	2	30.8806
7	2	30.89181
7	2	30.90325
7	2	30.91413
7	2	30.92505
7	2	30.93696
7	2	30.94826
7	2	30.95911
7	2	30.96933
7	2	30.98063
7	2	30.99214
7	2	31.00331
7	2	31.01404
7	2	31.02509
7	2	31.03625
7	2	31.04745
7	2	31.05876
7	2	31.07033
7	2	31.08137
7	2	31.09251
7	2	31.10391
7	2	31.11458
7	2	31.12572
7	2	31.13719
7	2	31.14816
7	2	31.15937
7	2	31.17074
7	2	31.1816
7	2	31.19301
7	2	31.20411
7	2	31.21486
7	2	31.22645
7	2	31.23738
7	2	31.24855
7	2	31.25958
7	2	31.27076
7	2	31.28169
7	2	31.29294
7	2	31.30435
7	2	31.31524
7	2	31.32655
7	2	31.33801
7	2	31.34898
7	2	31.36028
7	2	31.37183
7	2	31.38281
7	2	31.39385
7	2	31.40539
7	2	31.4162
7	2	31.42748
7	2	31.43873
7	2	31.4496
7	2	31.46064
7	2	31.4722
7	2	31.48302
7	2	31.49438
7	2	31.50524
7	2	31.51645
7	2	31.52753
7	2	31.53901
7	2	31.55051
7	2	31.56145
7	2	31.57261
7	2	31.58356
7	2	31.59507
7	2	31.60639
7	2	31.61739
7	2	31.62853
7	2	31.63971
7	2	31.65087
7	2	31.66208
7	2	31.6732
7	2	31.68444
7	2	31.69558
7	2	31.70664
7	2	31.7186
7	2	31.72962
7	2	31.74064
6	2	31.752
6	2	31.76238
6	2	31.77411
6	2	31.78493
6	2	31.79603
6	2	31.80722
6	2	31.81906
6	2	31.83018
6	2	31.84147
6	2	31.85265
6	2	31.86332
5	2	31.87487
5	2	31.88619
5	2	31.89733
5	2	31.90783
5	2	31.9187
5	2	31.9297
5	2	31.94115
5	2	31.95212
5	2	31.96339
5	2	31.97457
5	2	31.9861
4	2	31.99813
4	2	32.00896
4	2	32.01975
4	2	32.03306
4	2	32.04354
4	2	32.05296
4	2	32.0638
4	2	32.07533
4	2	32.08627
4	2	32.09743
4	2	32.10846
3	2	32.11954
3	2	32.13065
3	2	32.14193
3	2	32.15286
3	2	32.1643
3	2	32.17531
3	2	32.18714
3	2	32.19798
3	2	32.20926
3	2	32.22023
3	2	32.23144
2	2	32.24293
2	2	32.25405
2	2	32.26525
2	2	32.27634
2	2	32.28783
2	2	32.29876
2	2	32.3097
2	2	32.32095
2	2	32.33236
2	2	32.34376
2	2	32.35489
2	3	32.36588
2	3	32.37679
2	3	32.38834
2	3	32.39946
2	3	32.41051
2	3	32.42173
2	3	32.43274
2	3	32.44379
2	3	32.45513
2	3	32.46601
2	3	32.47708
2	4	32.48823
2	4	32.4998
2	4	32.51119
2	4	32.52238
2	4	32.53316
2	4	32.54462
2	4	32.55605
2	4	32.5667
2	4	32.57801
2	4	32.58936
2	4	32.60055
2	5	32.61185
2	5	32.62287
2	5	32.6339
2	5	32.64528
2	5	32.65698
2	5	32.66739
2	5	32.67848
2	5	32.68966
2	5	32.7012
2	5	32.71221
2	5	32.72387
2	5	32.73449
2	5	32.7453
2	5	32.75671
2	5	32.76775
2	5	32.77885
2	5	32.79013
2	5	32.80165
2	5	32.81297
2	5	32.82386
2	5	32.83532
2	5	32.84606
2	5	32.85742
2	5	32.86863
2	5	32.88032
2	5	32.8911
2	5	32.90209
2	5	32.91309
2	5	32.9242
2	5	32.93518
2	5	32.94645
2	5	32.95768
2	5	32.96904
2	5	32.98003
3	5	32.9912
3	5	33.00241
3	5	33.01365
3	5	33.02468
3	5	33.03658
3	5	33.04709
3	5	33.05821
3	5	33.06942
3	5	33.08051
3	5	33.09193
3	5	33.10285
4	5	33.11382
4	5	33.12517
4	5	33.13625
4	5	33.14746
4	5	33.15883
4	5	33.17025
4	5	33.18114
4	5	33.19231
4	5	33.20357
4	5	33.21463
4	5	33.22601
5	5	33.23711
5	5	33.24824
5	5	33.25962
5	5	33.27069
5	5	33.28223
5	5	33.29298
5	5	33.30433
5	5	33.31558
5	5	33.32624
5	5	33.33738
5	5	33.34838
6	5	33.35958
6	5	33.37072
6	5	33.38201
6	5	33.3933
6	5	33.40444
6	5	33.4157
6	5	33.42695
6	5	33.43848
6	5	33.44942
6	5	33.4606
6	5	33.47162
7	5	33.48281
7	5	33.4938
7	5	33.50523
7	5	33.51614
7	5	33.52771
7	5	33.53895
7	5	33.55036
7	5	33.5614
7	5	33.57203
7	5	33.5829
7	5	33.5943
7	6	33.60522
7	6	33.61657
7	6	33.62744
7	6	33.63913
7	6	33.65008
7	6	33.6608
7	6	33.67237
7	6	33.6836
7	6	33.69494
7	6	33.70623
7	6	33.71697
7	7	33.72794
7	7	33.73936
7	7	33.75063
7	7	33.76136
7	7	33.7729
7	7	33.78385
7	7	33.79506
7	7	33.80622
7	7	33.81738
7	7	33.82839
7	7	33.83979
7	8	33.85093
7	8	33.86248
7	8	33.87372
7	8	33.8847
7	8	33.89569
7	8	33.90739
7	8	33.91832
7	8	33.92957
7	8	33.94107
7	8	33.95182
8	8	33.96289
8	8	33.97429
8	8	33.98545
8	8	33.99654
8	8	34.00786
8	8	34.01972
8	8	34.03161
8	8	34.04187
8	8	34.0522
8	8	34.06374
8	8	34.07431
9	8	34.08552
9	8	34.09657
9	8	34.10797
9	8	34.1189
9	8	34.13026
9	8	34.14143
9	8	34.1526
9	8	34.1638
9	8	34.17519
9	8	34.18616
9	8	34.19753
10	8	34.20876
10	8	34.22028
10	8	34.23128
10	8	34.24248
10	8	34.25357
10	8	34.26458
10	8	34.27567
10	8	34.2869
10	8	34.29807
10	8	34.30914
10	8	34.32008
11	8	34.33123
11	8	34.34241
11	8	34.35337
11	8	34.36468
11	8	34.37632
11	8	34.38713
11	8	34.39848
11	8	34.40962
11	8	34.42068
11	8	34.43209
11	8	34.44333
12	8	34.4543
12	8	34.46568
12	8	34.47694
12	8	34.48834
12	8	34.49969
12	8	34.51093
12	8	34.52244
12	8	34.53362
12	8	34.54483
12	8	34.55664
12	8	34.56682
13	8	34.57723
13	8	34.58836
13	8	34.60096
13	8	34.61129
13	8	34.62229
13	8	34.63332
13	8	34.64468
13	8	34.65549
13	8	34.66688
13	8	34.67815
13	8	34.6893
13	9	34.70015
13	9	34.71145
13	9	34.72267
13	9	34.73347
13	9	34.74472
13	9	34.75579
13	9	34.76685
13	9	34.7778
13	9	34.78891
13	9	34.80008
13	9	34.81141
13	10	34.82268
13	10	34.83386
13	10	34.8457
13	10	34.85624
13	10	34.86797
13	10	34.87882
13	10	34.88991
13	10	34.90117
13	10	34.9123
13	10	34.92365
13	10	34.93451
13	11	34.9455
13	11	34.9566
13	11	34.96767
13	11	34.97895
13	11	34.99059
13	11	35.00213
13	11	35.01287
13	11	35.02402
13	11	35.03505
13	11	35.04637
13	11	35.05795
12	11	35.06892
12	11	35.09673
12	11	35.1046
12	11	35.1109
12	11	35.11802
12	11	35.12484
12	11	35.13134
12	11	35.14124
12	11	35.15244
12	11	35.16311
12	11	35.17416
11	11	35.18526
11	11	35.19645
11	11	35.20804
11	11	35.21923
11	11	35.23003
11	11	35.24146
11	11	35.25261
11	11	35.2635
11	11	35.27499
11	11	35.28609
11	11	35.29728
10	11	35.30918
10	11	35.31948
10	11	35.33121
10	11	35.34261
10	11	35.35332
10	11	35.36471
10	11	35.37627
10	11	35.38689
10	11	35.39817
10	11	35.40928
10	11	35.42035
9	11	35.43111
9	11	35.4428
9	11	35.45352
9	11	35.46517
9	11	35.47638
9	11	35.48763
9	11	35.49861
9	11	35.50961
9	11	35.52066
9	11	35.53198
9	11	35.54324
8	11	35.55441
8	11	35.56505
8	11	35.57627
8	11	35.58747
8	11	35.59852
8	11	35.61033
8	11	35.62239
8	11	35.63339
8	11	35.64531
8	11	35.65707
8	11	35.66851
7	11	35.68023
7	11	35.69201
7	11	35.70378
7	11	35.71537
7	11	35.72737
7	11	35.73875
7	11	35.74993
7	11	35.76139
7	11	35.77293
7	11	35.78366
7	11	35.79494
6	11	35.80614
6	11	35.81713
6	11	35.82835
6	11	35.83967
6	11	35.85069
6	11	35.86181
6	11	35.87345
6	11	35.88436
6	11	35.89519
6	11	35.90635
6	11	35.91755
5	11	35.92886
5	11	35.94005
5	11	35.95135
5	11	35.96273
5	11	35.97339
5	11	35.98453
5	11	35.99558
5	11	36.00673
5	11	36.01797
5	11	36.02902
4	11	36.0407
4	11	36.05269
4	11	36.06336
4	11	36.07426
4	11	36.08558
4	11	36.09638
4	11	36.10772
4	11	36.1188
4	11	36.13001
4	11	36.14136
4	11	36.15228
3	11	36.16338
3	11	36.17446
3	11	36.18557
3	11	36.19664
3	11	36.20814
3	11	36.21902
3	11	36.2304
3	11	36.24223
3	11	36.2528
3	11	36.26419
3	11	36.27563
2	11	36.28641
2	11	36.29749
2	11	36.30936
2	11	36.32028
2	11	36.33146
2	11	36.34297
2	11	36.35402
2	11	36.36486
2	11	36.37648
2	11	36.38707
2	11	36.39826
2	10	36.40933
2	10	36.42043
2	10	36.43201
2	10	36.44242
2	10	36.45341
2	10	36.46462
2	10	36.47616
2	10	36.48674
2	10	36.49797
2	10	36.50961
2	10	36.5206
2	9	36.53183
2	9	36.5431
2	9	36.55474
2	9	36.5654
2	9	36.57669
2	9	36.58782
2	9	36.59901
2	9	36.61038
2	9	36.62148
2	9	36.63284
2	9	36.64382
2	8	36.65493
2	8	36.66611
2	8	36.67732
2	8	36.68851
2	8	36.69952
2	8	36.71103
2	8	36.72201
2	8	36.73298
2	8	36.74407
2	8	36.75541
2	8	36.76642
2	8	36.77775
2	8	36.78846
2	8	36.79959
2	8	36.81078
2	8	36.82193
2	8	36.83309
2	8	36.8443
2	8	36.85561
2	8	36.86711
2	8	36.87781
2	8	36.88924
2	8	36.90034
2	8	36.91162
2	8	36.92292
2	8	36.93407
2	8	36.94516
2	8	36.95647
2	8	36.96756
2	8	36.97868
2	8	36.98979
2	8	37.00105
2	8	37.0123
2	8	37.02349
2	8	37.03468
2	8	37.04558
2	8	37.05668
2	8	37.0679
2	8	37.07939
2	8	37.09037
2	8	37.10172
2	8	37.11282
2	8	37.12393
2	8	37.13506
2	8	37.14613
2	8	37.16154
2	8	37.16876
2	8	37.1802
2	8	37.19079
2	8	37.20248
2	8	37.21368
2	8	37.22519
2	8	37.23597
2	8	37.24709
2	8	37.25815
2	8	37.26901
2	8	37.2801
2	8	37.29173
2	8	37.30272
2	8	37.31417
2	8	37.32516
2	8	37.33622
2	8	37.34706
2	8	37.35854
2	8	37.36975
2	8	37.38088
2	8	37.39227
2	8	37.40306
2	8	37.41408
2	8	37.42543
3	8	37.43644
3	8	37.4476
3	8	37.45896
3	8	37.47012
3	8	37.48113
3	8	37.49275
3	8	37.50403
3	8	37.51482
3	8	37.52596
3	8	37.53675
3	8	37.54807
4	8	37.55933
4	8	37.57042
4	8	37.5818
4	8	37.5931
4	8	37.60443
4	8	37.61537
4	8	37.627
4	8	37.63789
4	8	37.64922
4	8	37.66037
4	8	37.67104
4	8	37.68219
4	8	37.69357
4	8	37.70452
4	8	37.71568
4	8	37.72699
4	8	37.73821
4	8	37.7493
4	8	37.76074
4	8	37.7718
4	8	37.78331
4	8	37.7942
4	8	37.80572
4	8	37.81689
4	7	37.82822
4	7	37.83901
4	7	37.85033
4	7	37.86127
4	7	37.8726
4	7	37.88367
4	7	37.89452
4	7	37.90572
4	7	37.91681
4	7	37.92786
4	7	37.93917
4	6	37.95012
4	6	37.96142
4	6	37.97238
4	6	37.98393
4	6	37.99476
4	6	38.00607
4	6	38.01738
4	6	38.02866
4	6	38.03997
4	6	38.05099
4	6	38.06221
4	5	38.07367
4	5	38.08606
4	5	38.09635
4	5	38.10682
4	5	38.1183
4	5	38.12896
4	5	38.14016
4	5	38.15121
4	5	38.16225
4	5	38.17391
3	5	38.18533
3	5	38.19651
3	5	38.20744
3	5	38.2183
3	5	38.22958
3	5	38.24084
3	5	38.25232
3	5	38.26342
3	5	38.27478
3	5	38.28584
3	5	38.29649
2	5	38.30762
2	5	38.31879
2	5	38.32987
2	5	38.3412
2	5	38.35232
2	5	38.36346
2	5	38.37453
2	5	38.38577
2	5	38.397
2	5	38.40825
2	5	38.4194
2	5	38.43086
2	5	38.44228
2	5	38.45305
2	5	38.46399
2	5	38.47537
2	5	38.48676
2	5	38.49764
2	5	38.50894
2	5	38.52013
2	5	38.53112
2	5	38.54263
2	5	38.55372
2	5	38.56489
2	5	38.57587
2	5	38.58739
2	5	38.5982
2	5	38.60954
2	5	38.62058
2	5	38.63177
2	5	38.64317
2	5	38.65422
2	5	38.66545
2	4	38.67685
2	4	38.68771
2	4	38.69921
2	4	38.71086
2	4	38.72183
2	4	38.73294
2	4	38.74425
2	4	38.75463
2	4	38.76572
2	4	38.77705
2	4	38.78816
2	3	38.79938
2	3	38.81075
2	3	38.82159
2	3	38.83304
2	3	38.84422
2	3	38.85572
2	3	38.86708
2	3	38.87802
2	3	38.88871
2	3	38.90007
2	3	38.91123
2	2	38.92208
2	2	38.93306
2	2	38.94445
2	2	38.95557
2	2	38.96684
2	2	38.97825
2	2	38.98939
2	2	39.00073
2	2	39.01191
2	2	39.02329
2	2	39.03498
2	2	39.04582
2	2	39.05699
2	2	39.06784
2	2	39.07856
2	2	39.08959
2	2	39.10084
2	2	39.1123
2	2	39.12321
2	2	39.13455
2	2	39.14582
2	2	39.15693
2	2	39.16803
2	2	39.17909
2	2	39.19009
2	2	39.20137
2	2	39.2128
2	2	39.22359
2	2	39.23492
2	2	39.24621
2	2	39.2574
2	2	39.2686
2	2	39.27977
2	2	39.29096
2	2	39.30232
2	2	39.3134
2	2	39.3247
2	2	39.33601
2	2	39.34702
2	2	39.35792
2	2	39.36942
2	2	39.38035
2	2	39.3913
2	2	39.40248
2	2	39.41375
2	2	39.4248
2	2	39.43633
2	2	39.44719
2	2	39.45848
2	2	39.46943
2	2	39.48075
2	2	39.49211
2	2	39.50289
2	2	39.51395
2	2	39.52568
2	2	39.53653
2	2	39.54765
2	2	39.55883
2	2	39.5699
2	2	39.58109
2	2	39.59227
2	2	39.60347
2	2	39.6148
2	2	39.6261
2	2	39.63717
2	2	39.64824
2	2	39.65951
2	2	39.67063
2	2	39.68192
2	2	39.69308
2	2	39.70405
2	2	39.71505
2	2	39.72622
2	2	39.73759
2	2	39.74891
2	2	39.75983
2	2	39.77136
2	2	39.78228
2	2	39.79379
2	2	39.80465
2	2	39.81579
2	2	39.82718
3	2	39.83876
3	2	39.8493
3	2	39.86076
3	2	39.87214
3	2	39.88282
3	2	39.894
3	2	39.90492
3	2	39.91602
3	2	39.9272
3	2	39.93839
3	2	39.94972
4	2	39.96112
4	2	39.9726
4	2	39.98337
4	2	39.99519
4	2	40.00585
4	2	40.01742
4	2	40.02881
4	2	40.03986
4	2	40.05083
4	2	40.06182
4	2	40.0727
5	2	40.08384
5	2	40.09489
5	2	40.10681
5	2	40.11789
5	2	40.12865
5	2	40.13965
5	2	40.15097
5	2	40.16209
5	2	40.17312
5	2	40.18426
5	2	40.19556
6	2	40.20669
6	2	40.21799
6	2	40.22915
6	2	40.24018
6	2	40.25153
6	2	40.26272
6	2	40.2736
6	2	40.28485
6	2	40.29609
6	2	40.30747
7	2	40.31857
7	2	40.32972
7	2	40.3409
7	2	40.35206
7	2	40.36329
7	2	40.37453
7	2	40.38573
7	2	40.39702
7	2	40.40816
7	2	40.41926
7	2	40.4302
8	2	40.44169
8	2	40.45275
8	2	40.46439
8	2	40.47537
8	2	40.48635
8	2	40.49766
8	2	40.50874
8	2	40.51993
8	2	40.53105
8	2	40.54251
8	2	40.55347
9	2	40.56436
9	2	40.57548
9	2	40.58677
9	2	40.59774
9	2	40.60894
9	2	40.62011
9	2	40.63116
9	2	40.64222
9	2	40.65326
9	2	40.66459
9	2	40.67587
10	2	40.68734
10	2	40.69851
10	2	40.70983
10	2	40.72099
10	2	40.7321
10	2	40.74283
10	2	40.75401
10	2	40.76514
10	2	40.77668
10	2	40.78748
10	2	40.79848
11	2	40.8096
11	2	40.82082
11	2	40.83237
11	2	40.84413
11	2	40.85484
11	2	40.86604
11	2	40.87726
11	2	40.88837
11	2	40.89965
11	2	40.91047
11	2	40.92173
12	2	40.93364
12	2	40.94482
12	2	40.95604
12	2	40.9666
12	2	40.97793
12	2	40.98893
12	2	41.00051
12	2	41.0113
12	2	41.02274
12	2	41.03347
12	2	41.04465
13	2	41.05585
13	2	41.06746
13	2	41.07806
13	2	41.08957
13	2	41.1005
13	2	41.11237
13	2	41.12297
13	2	41.13439
13	2	41.14543
13	2	41.15682
13	2	41.1678
14	2	41.17891
14	2	41.18979
14	2	41.20108
14	2	41.21238
14	2	41.22323
14	2	41.23402
14	2	41.24588
14	2	41.25629
14	2	41.26774
14	2	41.27911
14	2	41.28996
15	2	41.30128
15	2	41.31266
15	2	41.32374
15	2	41.33516
15	2	41.34621
15	2	41.35713
15	2	41.36831
15	2	41.37963
15	2	41.3908
15	2	41.40252
15	2	41.41349
16	2	41.42415
16	2	41.4352
16	2	41.44664
16	2	41.45765
16	2	41.46907
16	2	41.48023
16	2	41.49124
16	2	41.50243
16	2	41.51381
16	2	41.52437
16	2	41.53575
17	2	41.54697
17	2	41.5586
17	2	41.56949
17	2	41.581
17	2	41.5921
17	2	41.60326
17	2	41.6142
17	2	41.62543
17	2	41.63664
17	2	41.64754
17	2	41.65877
18	2	41.67272
18	2	41.68092
18	2	41.69135
18	2	41.70267
18	2	41.71417
18	2	41.7249
18	2	41.73615
18	2	41.74762
18	2	41.75879
18	2	41.77
18	2	41.78098
19	2	41.79214
19	2	41.80335
19	2	41.8145
19	2	41.82633
19	2	41.83753
19	2	41.84842
19	2	41.85952
19	2	41.87148
19	2	41.883
20	2	41.91082
20	2	41.91813
20	2	41.92478
20	2	41.9315
20	2	41.93986
20	2	41.94801
20	2	41.95723
20	2	41.96636
20	2	41.97705
20	2	41.98902
20	2	41.99936
20	2	42.01023
20	2	42.0219
21	2	42.0325
21	2	42.04411
21	2	42.05549
21	2	42.06619
21	2	42.07703
21	2	42.08853
21	2	42.09976
21	2	42.11074
21	2	42.12236
21	2	42.13424
21	2	42.14614
22	2	42.15634
22	2	42.1666
22	2	42.17806
22	2	42.18883
22	2	42.19992
22	2	42.21082
22	2	42.2222
22	2	42.2333
22	2	42.24437
22	2	42.25549
22	2	42.26638
23	2	42.27774
23	2	42.28861
23	2	42.30051
23	2	42.3115
23	2	42.32305
23	2	42.33488
23	2	42.34554
23	2	42.35658
23	2	42.36793
23	2	42.37908
23	2	42.39001
24	2	42.40128
24	2	42.41261
24	2	42.42378
24	2	42.43511
24	2	42.4468
24	2	42.45839
24	2	42.47005
24	2	42.48164
24	2	42.49366
24	2	42.50502
24	2	42.5164
25	2	42.52812
25	2	42.53989
25	2	42.55212
25	2	42.56314
25	2	42.57448
25	2	42.58555
25	2	42.59682
25	2	42.60818
25	2	42.61944
25	2	42.63072
26	2	42.64206
26	2	42.65376
26	2	42.66569
26	2	42.67819
26	2	42.68753
26	2	42.69815
26	2	42.70909
26	2	42.72005
26	2	42.73115
26	2	42.74197
26	2	42.75306
27	2	42.76493
27	2	42.77584
27	2	42.78708
27	2	42.79829
27	2	42.80917
27	2	42.82021
27	2	42.83125
27	2	42.84219
27	2	42.8535
27	2	42.86469
27	2	42.87582
27	3	42.8867
27	3	42.89794
27	3	42.90906
27	3	42.92031
27	3	42.93151
27	3	42.9425
27	3	42.95366
27	3	42.9651
27	3	42.97598
27	3	42.98742
27	3	42.99863
27	4	43.00988
27	4	43.02076
27	4	43.03221
27	4	43.04344
27	4	43.05487
27	4	43.06599
27	4	43.07751
27	4	43.08853
27	4	43.09995
27	4	43.11093
27	4	43.12236
27	5	43.13323
27	5	43.14447
27	5	43.15578
27	5	43.16693
27	5	43.17805
27	5	43.18888
27	5	43.20021
27	5	43.21118
27	5	43.22249
27	5	43.23396
27	5	43.24496
26	5	43.25618
26	5	43.26715
26	5	43.27866
26	5	43.28908
26	5	43.30062
26	5	43.31164
26	5	43.32287
26	5	43.3341
26	5	43.34548
26	5	43.35651
26	5	43.36774
25	5	43.37907
25	5	43.38994
25	5	43.40126
25	5	43.4125
25	5	43.4236
25	5	43.435
25	5	43.44561
25	5	43.45687
25	5	43.46787
25	5	43.47893
25	5	43.49011
24	5	43.50144
24	5	43.51278
24	5	43.52401
24	5	43.53528
24	5	43.54625
24	5	43.55792
24	5	43.56899
24	5	43.5802
24	5	43.59158
24	5	43.60252
24	5	43.61705
23	5	43.62574
23	5	43.63531
23	5	43.64654
23	5	43.65781
23	5	43.66898
23	5	43.67946
23	5	43.69052
23	5	43.70173
23	5	43.71269
23	5	43.72405
23	5	43.73576
22	5	43.74743
22	5	43.75914
22	5	43.77025
22	5	43.78279
22	5	43.79172
22	5	43.80266
22	5	43.81337
22	5	43.82436
22	5	43.83566
22	5	43.84655
22	5	43.85782
22	5	43.86903
22	5	43.88032
22	5	43.89147
22	5	43.90314
22	5	43.91402
22	5	43.92535
22	5	43.93631
22	5	43.94767
22	5	43.95886
22	5	43.97012
22	5	43.98153
22	5	43.99269
22	5	44.00399
22	5	44.0153
22	5	44.02666
22	5	44.03747
22	5	44.04863
22	5	44.05975
22	5	44.07076
22	5	44.08218
22	5	44.09336
22	5	44.10429
22	5	44.11561
22	5	44.12661
22	5	44.13787
22	5	44.14917
22	5	44.16079
22	5	44.17278
22	5	44.18308
22	5	44.19427
22	5	44.20537
22	5	44.2168
22	5	44.2279
22	5	44.23905
22	5	44.2502
22	5	44.26168
22	5	44.27266
22	5	44.28393
22	5	44.29518
22	5	44.30647
22	5	44.31756
22	5	44.32852
22	5	44.33961
22	5	44.35072
22	5	44.3618
22	5	44.37337
22	5	44.38412
22	5	44.3954
22	5	44.40669
22	5	44.41766
22	5	44.42865
22	5	44.43988
22	5	44.45112
22	5	44.4623
22	5	44.47387
22	5	44.48527
22	5	44.49617
22	5	44.50756
22	5	44.51848
22	5	44.52992
22	5	44.54074
22	5	44.55193
22	5	44.56275
22	5	44.57425
22	5	44.58571
22	5	44.59632
22	5	44.60763
22	5	44.6185
22	5	44.62963
22	5	44.64093
22	5	44.65247
22	5	44.66351
22	5	44.67471
22	5	44.68602
22	5	44.69672
22	5	44.7078
22	5	44.71884
22	5	44.73021
22	5	44.74135
22	5	44.75256
22	5	44.76395
22	5	44.77521
22	5	44.78624
22	5	44.79742
22	5	44.80878
22	5	44.81985
22	5	44.83102
22	5	44.8426
22	5	44.85341
22	6	44.86436
22	6	44.87593
22	6	44.88646
22	6	44.89765
22	6	44.90887
22	6	44.92034
22	6	44.93182
22	6	44.94286
22	6	44.95381
22	6	44.96513
22	6	44.9762
22	7	44.98732
22	7	44.99886
22	7	45.00982
22	7	45.02088
22	7	45.03205
22	7	45.04309
22	7	45.05419
22	7	45.06547
22	7	45.07644
22	7	45.08756
22	7	45.09916
22	8	45.10999
22	8	45.12104
22	8	45.13256
22	8	45.14354
22	8	45.15517
22	8	45.16599
22	8	45.1772
22	8	45.18822
22	8	45.19963
22	8	45.21059
22	8	45.22197
22	8	45.23338
22	8	45.2442
22	8	45.25561
22	8	45.26704
22	8	45.27789
22	8	45.28909
22	8	45.30022
22	8	45.31153
22	8	45.32231
22	8	45.33364
22	8	45.34447
22	9	45.3558
22	9	45.36707
22	9	45.3781
22	9	45.38934
22	9	45.40063
22	9	45.41147
22	9	45.42282
22	9	45.43394
22	9	45.4451
22	9	45.45619
22	9	45.46835
22	10	45.47967
22	10	45.49096
22	10	45.50159
22	10	45.51263
22	10	45.52366
22	10	45.53495
22	10	45.54583
22	10	45.55713
22	10	45.56856
22	10	45.57998
22	10	45.59058
22	11	45.60194
22	11	45.61335
22	11	45.62453
22	11	45.63539
22	11	45.64634
22	11	45.65743
22	11	45.66867
22	11	45.67995
22	11	45.69127
22	11	45.70191
22	11	45.7132
22	12	45.7243
22	12	45.73561
22	12	45.74659
22	12	45.75774
22	12	45.76895
22	12	45.78049
22	12	45.79129
22	12	45.80253
22	12	45.81374
22	12	45.82508
22	12	45.83613
22	13	45.84745
22	13	45.85876
22	13	45.86979
22	13	45.88103
22	13	45.89223
22	13	45.90335
22	13	45.91419
22	13	45.92538
22	13	45.93671
22	13	45.94753
22	13	45.95892
22	14	45.97001
22	14	45.98113
22	14	45.99268
22	14	46.00368
22	14	46.01484
22	14	46.02616
22	14	46.03733
22	14	46.04858
22	14	46.05984
22	14	46.07117
22	14	46.08215
22	15	46.09355
22	15	46.10444
22	15	46.11563
22	15	46.12657
22	15	46.13799
22	15	46.14893
22	15	46.16002
22	15	46.17108
22	15	46.18229
22	15	46.19418
22	17	46.21094
22	17	46.21703
22	17	46.22311
22	17	46.23476
22	17	46.2459
22	17	46.25685
22	17	46.26818
22	17	46.27935
22	17	46.29079
22	17	46.3027
22	17	46.31341
22	17	46.32407
22	18	46.33533
22	18	46.34661
22	18	46.35765
22	18	46.36882
22	18	46.38011
22	18	46.39173
22	18	46.4034
22	18	46.4137
22	18	46.42475
22	18	46.4362
22	18	46.44716
22	19	46.45835
22	19	46.46948
22	19	46.48079
22	19	46.49172
22	19	46.50286
22	19	46.51377
22	19	46.52506
22	19	46.53605
22	19	46.54762
22	19	46.55885
22	19	46.56971
22	20	46.58083
22	20	46.59234
22	20	46.60389
22	20	46.61516
22	20	46.62671
22	20	46.63802
22	20	46.64946
22	20	46.66094
22	20	46.67228
22	20	46.68395
22	20	46.69516
22	21	46.70642
22	21	46.71808
22	21	46.72892
22	21	46.7405
22	21	46.75158
22	21	46.76276
22	21	46.77419
22	21	46.78537
22	21	46.79662
22	21	46.80803
22	22	46.81924
22	22	46.83027
22	22	46.84171
22	22	46.85266
22	22	46.86401
22	22	46.87521
22	22	46.88605
22	22	46.89701
22	22	46.90834
22	22	46.91945
22	22	46.93056
22	23	46.94172
22	23	46.95284
22	23	46.96402
22	23	46.97528
22	23	46.98655
22	23	46.99783
22	23	47.00906
22	23	47.02023
22	23	47.03161
22	23	47.04269
22	23	47.05368
23	23	47.06485
23	23	47.07586
23	23	47.0872
23	23	47.09819
23	23	47.10934
23	23	47.12043
23	23	47.13147
23	23	47.14297
23	23	47.154
23	23	47.16522
23	23	47.17645
24	23	47.18796
24	23	47.19891
24	23	47.21045
24	23	47.22142
24	23	47.2328
24	23	47.24428
24	23	47.25564
24	23	47.26681
24	23	47.27788
24	23	47.2889
24	23	47.30011
25	23	47.31083
25	23	47.32163
25	23	47.33285
25	23	47.34415
25	23	47.35537
25	23	47.36633
25	23	47.37739
25	23	47.38843
25	23	47.39961
25	23	47.41096
25	23	47.4225
26	23	47.43356
26	23	47.44473
26	23	47.45608
26	23	47.46749
26	23	47.47842
26	23	47.48954
26	23	47.50068
26	23	47.51205
26	23	47.52279
26	23	47.53389
26	23	47.54497
27	23	47.5563
27	23	47.56751
27	23	47.57841
27	23	47.58975
27	23	47.60112
27	23	47.61238
27	23	47.62341
27	23	47.63477
27	23	47.64559
27	23	47.6572
27	23	47.66839
27	23	47.67947
27	23	47.69049
27	23	47.70193
27	23	47.71291
27	23	47.72409
27	23	47.7353
27	23	47.74629
27	23	47.75736
27	23	47.7686
27	23	47.77951
27	23	47.79053
27	23	47.80204
27	23	47.81304
27	23	47.82399
27	23	47.83548
27	23	47.84631
27	23	47.85771
27	23	47.86918
27	23	47.88028
27	23	47.89157
27	23	47.90267
27	23	47.91381
27	23	47.92503
27	23	47.93637
27	23	47.94736
27	24	47.95864
27	24	47.96982
27	24	47.9806
27	24	47.99182
27	24	48.00338
27	24	48.01444
27	24	48.02573
27	24	48.03691
27	24	48.04811
27	24	48.05938
27	24	48.07049
27	25	48.08139
27	25	48.09272
27	25	48.10387
27	25	48.11501
27	25	48.12647
27	25	48.13743
27	25	48.14837
27	25	48.15948
27	25	48.17043
27	25	48.18143
27	25	48.19265
27	26	48.20402
27	26	48.21633
27	26	48.23103
27	26	48.24072
27	26	48.24845
27	26	48.25891
27	26	48.27003
27	26	48.28125
27	26	48.29221
27	26	48.30367
27	26	48.3146
26	26	48.32613
26	26	48.33706
26	26	48.34816
26	26	48.35923
26	26	48.37026
26	26	48.38136
26	26	48.39264
26	26	48.40387
26	26	48.41514
26	26	48.4265
26	26	48.43784
25	26	48.4486
25	26	48.46004
25	26	48.47143
25	26	48.48245
25	26	48.49356
25	26	48.50466
25	26	48.51567
25	26	48.52705
25	26	48.53831
25	26	48.54972
25	26	48.56051
24	26	48.57157
24	26	48.58294
24	26	48.59416
24	26	48.60519
24	26	48.61648
24	26	48.62763
24	26	48.63914
24	26	48.65043
24	26	48.6619
24	26	48.67325
24	26	48.68443
23	26	48.69558
23	26	48.70699
23	26	48.71813
23	26	48.72922
23	26	48.74045
23	26	48.75173
23	26	48.76256
23	26	48.77354
23	26	48.78482
23	26	48.79578
22	26	48.80682
22	26	48.81823
22	26	48.82968
22	26	48.84065
22	26	48.85212
22	26	48.86378
22	26	48.87462
22	26	48.88597
22	26	48.89683
22	26	48.90841
22	26	48.91939
21	26	48.93028
21	26	48.94152
21	26	48.95274
21	26	48.96365
21	26	48.97473
21	26	48.98603
21	26	48.99745
21	26	49.00821
21	26	49.01974
21	26	49.03059
21	26	49.04203
20	26	49.05322
20	26	49.06459
20	26	49.07606
20	26	49.0876
20	26	49.09848
20	26	49.10983
20	26	49.12077
20	26	49.13208
20	26	49.14268
20	26	49.15368
20	26	49.16484
19	26	49.17593
19	26	49.18737
19	26	49.19857
19	26	49.20936
19	26	49.22073
19	26	49.23161
19	26	49.24329
19	26	49.25403
19	26	49.26499
19	26	49.27629
19	26	49.28773
18	26	49.29869
18	26	49.31012
18	26	49.32136
18	26	49.33254
18	26	49.34372
18	26	49.35469
18	26	49.36604
18	26	49.37733
18	26	49.38831
18	26	49.39949
18	26	49.41077
17	26	49.42218
17	26	49.43314
17	26	49.44442
17	26	49.45556
17	26	49.46684
17	26	49.47795
17	26	49.48917
17	26	49.50042
17	26	49.51163
17	26	49.52256
17	26	49.53388
16	26	49.54477
16	26	49.55635
16	26	49.56713
16	26	49.57829
16	26	49.5892
16	26	49.60029
16	26	49.61156
16	26	49.62291
16	26	49.63412
16	26	49.64529
16	26	49.65647
16	27	49.66765
16	27	49.67871
16	27	49.69512
16	27	49.72716
16	28	49.82814
16	29	49.92975
16	30	50.26308
16	30	50.27908
16	30	50.28785
16	30	50.2981
16	30	50.30273
16	30	50.30802
16	30	50.31833
16	30	50.3294
16	30	50.34024
16	30	50.35173
16	30	50.36271
16	30	50.37389
16	30	50.38518
16	30	50.39629
16	30	50.40733
16	30	50.41862
16	30	50.42957
16	30	50.44078
16	30	50.45194
16	30	50.46318
16	30	50.4739
16	30	50.48523
16	30	50.49669
16	30	50.50766
16	30	50.51908
16	30	50.53047
16	30	50.54117
16	30	50.55254
16	30	50.56349
16	30	50.57512
16	30	50.58572
16	30	50.59713
16	30	50.6083
16	30	50.61962
16	30	50.63066
16	30	50.64197
16	30	50.65324
16	30	50.66449
16	30	50.67553
16	30	50.68714
16	30	50.69803
16	30	50.70918
16	30	50.72083
16	30	50.73187
16	30	50.74269
16	30	50.75423
16	30	50.7652
16	30	50.77683
16	30	50.78738
16	30	50.79877
16	30	50.80968
16	30	50.82125
16	30	50.83203
16	30	50.8429
16	30	50.85422
16	30	50.86564
16	30	50.87651
16	30	50.88956
16	30	50.89871
16	30	50.90991
16	30	50.92103
16	30	50.93208
16	30	50.94376
16	30	50.95929
16	30	50.97379
16	30	50.98499
16	30	51.00014
16	30	51.00771
16	30	51.01839
16	30	51.02959
16	30	51.04094
16	30	51.05186
16	30	51.06417
16	30	51.07436
16	30	51.08548
16	30	51.09658
16	30	51.10775
16	30	51.11906
16	30	51.13362
