x	y	time
15	11	0.0680985
15	11	0.0803087
15	11	0.0923578
15	11	0.0992467
15	11	0.1054775
15	11	0.1125293
15	11	0.1237957
15	11	0.1345323
15	11	0.1462648
15	11	0.1574073
15	11	0.1681719
15	11	0.1790227
15	11	0.1904854
15	11	0.2013989
15	11	0.2125935
15	11	0.224211
15	11	0.2348378
15	11	0.2461141
15	11	0.2587516
15	11	0.2698859
15	11	0.2799605
15	11	0.2915816
15	11	0.3026405
15	11	0.3137205
15	11	0.3248076
15	11	0.3357493
15	11	0.3469995
15	11	0.3585551
15	11	0.3690199
15	11	0.380776
15	11	0.3918292
15	11	0.4028584
15	11	0.4143704
15	11	0.4257403
15	11	0.4366262
15	11	0.4477437
15	11	0.4588833
15	11	0.4701058
15	11	0.4813658
15	11	0.4929593
15	11	0.503921
15	11	0.5154523
15	11	0.5267178
15	11	0.5380824
15	11	0.5491287
15	11	0.5598681
15	11	0.5711059
15	11	0.5822428
15	11	0.5935928
15	11	0.6045223
15	11	0.6158049
15	11	0.6273321
15	11	0.6378567
15	11	0.648968
15	11	0.6600817
15	11	0.6708419
15	11	0.6823795
15	11	0.6939581
15	11	0.7052593
15	11	0.7176112
15	11	0.7298839
15	11	0.742301
15	11	0.7550022
15	11	0.7665793
15	11	0.7778618
15	11	0.7892469
15	11	0.800424
15	11	0.8113474
15	11	0.8224825
15	11	0.8337452
15	11	0.8451228
15	11	0.8561957
15	11	0.8672667
15	11	0.8783448
15	11	0.8894295
15	11	0.900866
15	11	0.9119061
15	11	0.9233062
15	11	0.9345266
15	11	0.9457691
15	11	0.9571325
15	11	0.9680936
15	11	0.9791302
15	11	0.9902014
15	11	1.001513
15	11	1.012575
15	11	1.0236
15	11	1.035315
15	11	1.046252
15	11	1.057288
15	11	1.068413
15	11	1.079365
15	11	1.090336
15	11	1.1014
15	11	1.112733
15	11	1.124478
15	11	1.135302
15	11	1.146653
15	11	1.158636
15	11	1.169058
15	11	1.18019
15	11	1.191635
15	11	1.202415
15	11	1.213994
15	11	1.22504
15	11	1.236293
15	11	1.247445
15	11	1.25895
15	11	1.269615
15	11	1.280927
15	11	1.292406
15	11	1.3033
15	11	1.314671
15	11	1.326244
15	11	1.336723
15	11	1.3479
15	11	1.359301
15	11	1.369845
15	11	1.381151
15	11	1.392742
15	11	1.403611
15	11	1.414972
15	11	1.426341
15	11	1.437245
15	11	1.448319
15	11	1.459607
15	11	1.470955
15	11	1.481823
15	11	1.493175
15	11	1.504227
15	11	1.515386
15	11	1.526764
15	11	1.537468
15	11	1.549066
15	11	1.560113
15	11	1.571087
15	11	1.582409
15	11	1.593776
15	11	1.604341
15	11	1.615734
15	11	1.626938
15	11	1.637606
15	11	1.648975
15	11	1.660084
15	11	1.670913
15	11	1.682459
15	11	1.693814
15	11	1.704908
15	11	1.716634
15	11	1.727457
15	11	1.738505
15	11	1.750046
15	11	1.761152
15	11	1.772471
15	11	1.783542
15	11	1.795135
15	11	1.805796
15	11	1.816778
15	11	1.828043
15	11	1.839207
15	11	1.85034
15	11	1.861702
15	11	1.872718
15	11	1.883885
15	11	1.895071
15	11	1.906318
15	11	1.917382
15	11	1.928568
15	11	1.939828
15	11	1.950763
15	11	1.962246
15	11	1.973028
15	11	1.984015
15	11	1.995289
15	11	2.006431
15	11	2.01754
15	11	2.028559
15	11	2.039911
15	11	2.050936
15	11	2.062212
15	11	2.073618
15	11	2.08478
15	11	2.09634
15	11	2.107177
15	11	2.118351
15	11	2.129521
15	11	2.141418
15	11	2.152473
15	11	2.163812
15	11	2.175116
15	11	2.185633
15	11	2.196494
15	11	2.207668
15	11	2.218623
15	11	2.229822
15	11	2.241742
15	11	2.252796
15	11	2.26362
15	11	2.274654
15	11	2.285779
15	11	2.298316
15	11	2.30923
15	11	2.319205
15	11	2.330454
15	11	2.342084
15	11	2.353153
15	11	2.364726
15	11	2.375525
15	11	2.386796
15	11	2.397902
15	11	2.409538
15	11	2.42009
15	11	2.431218
15	11	2.442531
15	11	2.45342
15	11	2.464577
15	11	2.475993
15	11	2.486859
15	11	2.498215
15	11	2.509723
15	11	2.52054
15	11	2.531702
15	11	2.542869
15	11	2.553966
15	11	2.565247
15	11	2.576456
15	11	2.587595
15	11	2.598926
15	11	2.609957
15	11	2.620942
15	11	2.632271
15	11	2.643697
15	11	2.654639
15	11	2.665813
15	11	2.677281
15	11	2.688101
15	11	2.699347
15	11	2.710714
15	11	2.721886
15	11	2.733124
15	11	2.744033
15	11	2.755074
15	11	2.795265
15	11	2.803704
15	11	2.810376
15	11	2.817967
15	11	2.826076
15	11	2.837629
15	11	2.848636
15	11	2.859869
15	11	2.871186
15	11	2.882431
15	11	2.893907
15	11	2.904901
15	11	2.91608
15	11	2.927081
15	11	2.938295
15	11	2.949517
15	11	2.961321
15	11	2.972026
15	11	2.983217
15	11	2.994739
15	11	3.005412
15	11	3.016734
15	11	3.028079
15	11	3.038696
15	11	3.049853
15	11	3.061376
15	11	3.072043
15	11	3.083165
15	11	3.094805
15	11	3.105399
15	11	3.116942
15	11	3.128197
15	11	3.139326
15	11	3.150285
15	11	3.16148
15	11	3.172473
15	11	3.183468
15	11	3.195528
15	11	3.206457
15	11	3.217576
15	11	3.229286
15	11	3.240108
15	11	3.251255
15	11	3.262684
15	11	3.274012
15	11	3.285574
15	11	3.296638
15	11	3.307765
15	11	3.319358
15	11	3.330315
15	11	3.34154
15	11	3.352875
15	11	3.363848
15	11	3.375289
15	11	3.386038
15	11	3.397229
15	11	3.40944
15	11	3.420836
15	11	3.433169
15	11	3.444981
15	11	3.457097
15	11	3.469093
15	11	3.480341
15	11	3.492256
15	11	3.503443
15	11	3.51436
16	11	3.525534
16	11	3.536992
16	11	3.548221
16	11	3.559201
16	11	3.570381
16	11	3.581559
16	11	3.592715
16	11	3.604075
16	11	3.615036
16	11	3.626491
16	11	3.637436
17	11	3.648646
17	11	3.660128
17	11	3.670972
17	11	3.682141
17	11	3.693347
17	11	3.704483
17	11	3.715641
17	11	3.727016
17	11	3.737694
17	11	3.74881
18	11	3.760246
18	11	3.770954
18	11	3.782091
18	11	3.793703
18	11	3.804754
18	11	3.816067
18	11	3.827187
18	11	3.838175
18	11	3.848807
18	11	3.860406
18	11	3.871578
19	11	3.882759
19	11	3.894327
19	11	3.905519
19	11	3.916764
19	11	3.928236
19	11	3.938869
19	11	3.950042
19	11	3.961651
19	11	3.972712
19	11	3.986073
19	11	3.997731
20	11	4.005569
20	11	4.015579
20	11	4.027094
20	11	4.037686
20	11	4.048705
20	11	4.060457
20	11	4.071524
20	11	4.08232
20	11	4.093872
20	11	4.10464
20	11	4.116017
21	11	4.127426
21	11	4.138086
21	11	4.149312
21	11	4.161059
21	11	4.171963
21	11	4.183134
21	11	4.195052
21	11	4.205599
21	11	4.216823
21	11	4.228106
21	11	4.23914
22	11	4.250376
22	11	4.261854
22	11	4.272636
22	11	4.28372
22	11	4.295229
22	11	4.305909
22	11	4.317627
22	11	4.328893
22	11	4.338954
22	11	4.35039
22	11	4.361682
23	11	4.372799
23	11	4.384607
23	11	4.395676
23	11	4.407427
23	11	4.418422
23	11	4.429809
23	11	4.441504
23	11	4.452411
23	11	4.463552
23	11	4.475038
23	11	4.48645
24	11	4.497479
24	11	4.508681
24	11	4.520262
24	11	4.531097
24	11	4.542078
24	11	4.553272
24	11	4.564262
24	11	4.575394
24	11	4.586696
24	11	4.59819
24	11	4.60945
25	11	4.620297
25	11	4.631352
25	11	4.642614
25	11	4.653856
25	11	4.665081
25	11	4.676186
25	11	4.68718
25	11	4.698474
25	11	4.70929
25	11	4.720486
25	11	4.731608
26	11	4.742587
26	11	4.753961
26	11	4.765493
26	11	4.776662
26	11	4.787804
26	11	4.798937
26	11	4.810268
26	11	4.821186
26	11	4.832711
26	11	4.843602
26	11	4.854671
27	11	4.866022
27	11	4.877459
27	11	4.88873
27	11	4.89978
27	11	4.911006
27	11	4.921882
27	11	4.933077
27	11	4.944209
27	11	4.955225
27	11	4.966318
27	11	4.977254
27	10	4.988321
27	10	4.999464
27	10	5.010628
27	10	5.021954
27	10	5.033029
27	10	5.04421
27	10	5.055486
27	10	5.066923
27	10	5.078029
27	10	5.089127
27	10	5.100327
27	9	5.111902
27	9	5.122893
27	9	5.134125
27	9	5.145655
27	9	5.156672
27	9	5.167623
27	9	5.178824
27	9	5.189848
27	9	5.201006
27	9	5.212703
27	9	5.223908
27	8	5.234519
27	8	5.246052
27	8	5.256908
27	8	5.267877
27	8	5.279489
27	8	5.290291
27	8	5.301436
27	8	5.312967
27	8	5.323894
27	8	5.335041
27	8	5.346374
26	8	5.357265
26	8	5.368367
26	8	5.379983
26	8	5.39095
26	8	5.401821
26	8	5.412967
26	8	5.424839
26	8	5.435381
26	8	5.446749
26	8	5.457483
26	8	5.468682
25	8	5.48017
25	8	5.49105
25	8	5.502487
25	8	5.513704
25	8	5.524993
25	8	5.536275
25	8	5.547462
25	8	5.558415
25	8	5.569502
25	8	5.58077
25	8	5.591863
25	8	5.603197
25	8	5.614017
25	8	5.625297
25	8	5.636451
25	8	5.647494
25	8	5.65877
25	8	5.66994
25	7	5.681335
25	7	5.692834
25	7	5.703649
25	7	5.714978
25	7	5.726091
25	7	5.737142
25	7	5.74873
25	7	5.7599
25	7	5.771309
25	7	5.782113
25	6	5.793465
25	6	5.804175
25	6	5.815667
25	6	5.826901
25	6	5.83761
25	6	5.849031
25	6	5.860215
25	6	5.87164
25	6	5.882147
25	6	5.893255
25	6	5.904567
25	6	5.915497
25	5	5.926782
25	5	5.937831
25	5	5.949013
25	5	5.960043
25	5	5.971268
25	5	5.982449
25	5	5.99379
25	5	6.005683
25	5	6.016553
25	5	6.027403
25	5	6.038391
26	5	6.04963
26	5	6.060836
26	5	6.072276
26	5	6.083464
26	5	6.094408
26	5	6.105864
26	5	6.116866
26	5	6.128224
26	5	6.139348
26	5	6.150529
26	5	6.162266
27	5	6.172705
27	5	6.184011
27	5	6.195581
27	5	6.206596
27	5	6.217607
27	5	6.228577
27	5	6.239589
27	5	6.250681
27	5	6.262213
27	5	6.272997
27	5	6.284467
27	5	6.295655
27	5	6.306638
27	5	6.317924
27	4	6.328932
27	4	6.34191
27	4	6.351517
27	4	6.361585
27	4	6.372709
27	4	6.384092
27	4	6.395457
27	4	6.406699
27	4	6.41782
27	4	6.429493
27	4	6.44024
27	3	6.451484
27	3	6.462958
27	3	6.474306
27	3	6.485276
27	3	6.496547
27	3	6.507543
27	3	6.51845
27	3	6.529979
27	3	6.540989
27	3	6.551949
27	3	6.563293
27	2	6.574427
27	2	6.585916
27	2	6.597666
27	2	6.608017
27	2	6.61968
27	2	6.631023
27	2	6.642704
27	2	6.654093
27	2	6.663414
27	2	6.675044
27	2	6.686051
27	2	6.697165
27	2	6.708172
27	2	6.719607
27	2	6.730859
27	2	6.742152
27	2	6.753437
26	2	6.765033
26	2	6.775993
26	2	6.787446
26	2	6.799126
26	2	6.809163
26	2	6.820499
26	2	6.831625
26	2	6.842623
26	2	6.853944
26	2	6.864946
26	2	6.876061
25	2	6.887236
25	2	6.898337
25	2	6.909481
25	2	6.920637
25	2	6.931984
25	2	6.943356
25	2	6.954426
25	2	6.96589
25	2	6.977276
25	2	6.9881
25	2	6.999537
24	2	7.010442
24	2	7.021823
24	2	7.032944
24	2	7.044128
24	2	7.055504
24	2	7.066633
24	2	7.077788
24	2	7.089156
24	2	7.100599
24	2	7.111605
24	2	7.122619
23	2	7.133278
23	2	7.14424
23	2	7.155488
23	2	7.166882
23	2	7.177978
23	2	7.189208
23	2	7.200067
23	2	7.211154
23	2	7.222556
23	2	7.233699
23	2	7.24492
22	2	7.256489
22	2	7.26748
22	2	7.278696
22	2	7.289812
22	2	7.30087
22	2	7.312068
22	2	7.323217
22	2	7.334465
22	2	7.3456
22	2	7.357215
22	2	7.368006
22	3	7.379253
22	3	7.390472
22	3	7.401865
22	3	7.413612
22	3	7.424032
22	3	7.4351
22	3	7.44613
22	3	7.457263
22	3	7.468116
22	3	7.479435
22	3	7.490579
22	4	7.501524
22	4	7.512881
22	4	7.524063
22	4	7.535563
22	4	7.546562
22	4	7.557677
22	4	7.56929
22	4	7.583549
22	4	7.59557
22	4	7.605145
22	4	7.613922
22	5	7.623071
22	5	7.634088
22	5	7.645013
22	5	7.656412
22	5	7.667168
22	5	7.678665
22	5	7.690181
22	5	7.700973
22	5	7.711798
22	5	7.723461
22	5	7.734344
23	5	7.745613
23	5	7.756741
23	5	7.767993
23	5	7.779107
23	5	7.790759
23	5	7.801482
23	5	7.812885
23	5	7.824202
23	5	7.835114
23	5	7.846406
23	5	7.857448
24	5	7.868478
24	5	7.87985
24	5	7.890723
24	5	7.901886
24	5	7.912964
24	5	7.923985
24	5	7.935315
24	5	7.946328
24	5	7.957596
24	5	7.968696
24	5	7.980391
25	5	7.991343
25	5	8.002688
25	5	8.014538
25	5	8.025661
25	5	8.037307
25	5	8.048535
25	5	8.059348
25	5	8.070608
25	5	8.082301
25	5	8.093596
26	5	8.104912
26	5	8.116294
26	5	8.127529
26	5	8.138569
26	5	8.150017
26	5	8.161002
26	5	8.172495
26	5	8.183518
26	5	8.194813
26	5	8.205862
26	5	8.217123
25	5	8.228184
25	5	8.239464
25	5	8.250332
25	5	8.261687
25	5	8.272536
25	5	8.283601
25	5	8.294709
25	5	8.306046
25	5	8.317035
25	5	8.327995
25	5	8.339384
24	5	8.350885
24	5	8.362601
24	5	8.374467
24	5	8.38519
24	5	8.396205
24	5	8.407158
24	5	8.41797
24	5	8.42934
24	5	8.440406
24	5	8.450858
24	5	8.462029
23	5	8.473126
23	5	8.484409
23	5	8.495631
23	5	8.507401
23	5	8.517973
23	5	8.529263
23	5	8.540513
23	5	8.551881
23	5	8.563018
23	5	8.574203
23	5	8.585569
22	5	8.596753
22	5	8.607957
22	5	8.618932
22	5	8.630066
22	5	8.641217
22	5	8.652407
22	5	8.663853
22	5	8.674512
22	5	8.685732
22	5	8.696843
22	5	8.708062
22	6	8.719067
22	6	8.730294
22	6	8.741552
22	6	8.752823
22	6	8.764024
22	6	8.775136
22	6	8.786433
22	6	8.798173
22	6	8.808848
22	6	8.820549
22	6	8.831553
22	6	8.842407
22	6	8.853693
22	6	8.865041
22	6	8.876514
22	6	8.887354
22	6	8.898463
22	6	8.90946
22	6	8.920493
22	6	8.931911
22	6	8.9431
22	6	8.954162
22	7	8.965578
22	7	8.976727
22	7	8.987679
22	7	8.999195
22	7	9.010056
22	7	9.021255
22	7	9.032812
22	7	9.043816
22	7	9.054792
22	7	9.066201
22	7	9.07714
22	8	9.088427
22	8	9.099704
22	8	9.11068
22	8	9.12149
22	8	9.133821
22	8	9.144577
22	8	9.155011
22	8	9.166368
22	8	9.177226
22	8	9.188366
22	8	9.199724
22	9	9.210747
22	9	9.222013
22	9	9.233433
22	9	9.244508
22	9	9.255838
22	9	9.267081
22	9	9.278012
22	9	9.289457
22	9	9.300096
22	9	9.311321
22	9	9.322964
22	10	9.334133
22	10	9.345238
22	10	9.356586
22	10	9.367485
22	10	9.378414
22	10	9.38969
22	10	9.401017
22	10	9.411901
22	10	9.423124
22	10	9.434723
22	10	9.445899
22	11	9.456712
22	11	9.467544
22	11	9.478706
22	11	9.490028
22	11	9.501165
22	11	9.512396
22	11	9.523568
22	11	9.534622
22	11	9.545865
22	11	9.556881
22	11	9.568238
22	12	9.579573
22	12	9.591093
22	12	9.602113
22	12	9.613419
22	12	9.624316
22	12	9.635539
22	12	9.646646
22	12	9.65788
22	12	9.669095
22	12	9.680011
22	12	9.69117
22	13	9.702181
22	13	9.713385
22	13	9.724425
22	13	9.73568
22	13	9.746806
22	13	9.758614
22	13	9.769258
22	13	9.780191
22	13	9.791399
22	13	9.802709
22	13	9.813748
22	14	9.825336
22	14	9.836264
22	14	9.847529
22	14	9.858805
22	14	9.870164
22	14	9.881273
22	14	9.89241
22	14	9.903458
22	14	9.915038
22	14	9.925828
22	14	9.937066
22	15	9.948049
22	15	9.958978
22	15	9.970327
22	15	9.981445
22	15	9.99229
22	15	10.00351
22	15	10.01466
22	15	10.02601
22	15	10.03724
22	15	10.04872
22	15	10.05965
22	16	10.07106
22	16	10.08199
22	16	10.09313
22	16	10.10455
22	16	10.11616
22	16	10.127
22	16	10.13816
22	16	10.14944
22	16	10.16036
22	16	10.17145
23	16	10.1829
23	16	10.19432
23	16	10.20572
23	16	10.21698
23	16	10.22872
23	16	10.24022
23	16	10.25098
23	16	10.26085
23	16	10.27218
23	16	10.28355
23	16	10.29469
24	16	10.30606
24	16	10.31731
24	16	10.32867
24	16	10.33947
24	16	10.35044
24	16	10.36156
24	16	10.3726
24	16	10.38402
24	16	10.39498
24	16	10.40877
24	16	10.41774
25	16	10.4283
25	16	10.43914
25	16	10.45056
25	16	10.46196
25	16	10.47269
25	16	10.48403
25	16	10.49526
25	16	10.50677
25	16	10.51765
25	16	10.52867
25	16	10.54005
26	16	10.55105
26	16	10.56234
26	16	10.57339
26	16	10.58473
26	16	10.59626
26	16	10.60739
26	16	10.6183
26	16	10.62932
26	16	10.64075
26	16	10.65199
26	16	10.66319
27	16	10.67437
27	16	10.68573
27	16	10.69712
27	16	10.70804
27	16	10.71881
27	16	10.73006
27	16	10.74129
27	16	10.75242
27	16	10.76347
27	16	10.77486
27	16	10.78574
27	15	10.79726
27	15	10.80828
27	15	10.81957
27	15	10.83059
27	15	10.8418
27	15	10.85336
27	15	10.86384
27	15	10.87484
27	15	10.88612
27	15	10.89717
27	15	10.90826
27	14	10.91929
27	14	10.93058
27	14	10.94212
27	14	10.95305
27	14	10.96443
27	14	10.97556
27	14	10.98668
27	14	10.99781
27	14	11.00935
27	14	11.02034
27	14	11.03149
27	13	11.04282
27	13	11.05385
27	13	11.06554
27	13	11.07638
27	13	11.08776
27	13	11.09882
27	13	11.10977
27	13	11.12084
27	13	11.13188
27	13	11.14314
27	13	11.1542
27	13	11.16597
27	13	11.17702
27	13	11.18878
26	13	11.19988
26	13	11.21035
26	13	11.22165
26	13	11.23263
26	13	11.24381
26	13	11.25503
26	13	11.26646
26	13	11.27754
26	13	11.28936
26	13	11.30035
26	13	11.3114
25	13	11.32241
25	13	11.33321
25	13	11.3443
25	13	11.35567
25	13	11.36685
25	13	11.37787
25	13	11.38882
25	13	11.40032
25	13	11.41107
25	13	11.42227
25	13	11.43361
25	13	11.44469
25	13	11.45604
25	13	11.46744
25	13	11.47845
25	13	11.48956
25	13	11.50083
25	13	11.51169
25	13	11.52289
25	12	11.53433
25	12	11.54523
25	12	11.55662
25	12	11.5675
25	12	11.57854
25	12	11.58987
25	12	11.6012
25	12	11.61238
25	12	11.62345
25	12	11.63497
25	12	11.64588
25	11	11.65703
25	11	11.66813
25	11	11.67918
25	11	11.69084
25	11	11.70177
25	11	11.71284
25	11	11.7243
25	11	11.73516
25	11	11.7459
25	11	11.75746
25	11	11.76855
25	10	11.77952
25	10	11.79135
25	10	11.80217
25	10	11.81328
25	10	11.82452
25	10	11.8354
25	10	11.84671
25	10	11.85779
25	10	11.86897
25	10	11.88053
25	10	11.89153
25	10	11.90277
25	11	11.91393
25	11	11.92505
25	11	11.93618
25	11	11.94768
25	11	11.95848
25	11	11.96959
25	11	11.98084
25	11	11.99227
25	11	12.0035
25	11	12.01425
25	11	12.02553
25	12	12.03708
25	12	12.04764
25	12	12.05884
25	12	12.06995
25	12	12.08125
25	12	12.09256
25	12	12.10447
25	12	12.1153
25	12	12.12647
25	12	12.13921
25	12	12.14886
25	13	12.15977
25	13	12.17083
25	13	12.18188
25	13	12.1931
25	13	12.2043
25	13	12.21547
25	13	12.22676
25	13	12.23769
25	13	12.24897
25	13	12.26036
25	13	12.27121
25	13	12.2823
25	13	12.29347
25	13	12.3046
26	13	12.31592
26	13	12.32727
26	13	12.33813
26	13	12.34944
26	13	12.36027
26	13	12.37139
26	13	12.38265
26	13	12.39355
26	13	12.40483
26	13	12.41628
26	13	12.4281
27	13	12.43928
27	13	12.4499
27	13	12.461
27	13	12.47254
27	13	12.4835
27	13	12.4948
27	13	12.50598
27	13	12.51743
27	13	12.52841
27	13	12.53959
27	13	12.55089
27	13	12.56175
27	13	12.57326
27	13	12.58432
27	13	12.59537
27	13	12.60653
27	13	12.61792
27	13	12.62859
27	14	12.6398
27	14	12.65108
27	14	12.662
27	14	12.67309
27	14	12.68466
27	14	12.69545
27	14	12.70687
27	14	12.71802
27	14	12.72921
27	14	12.7404
27	14	12.75173
27	15	12.76265
27	15	12.77381
27	15	12.78535
27	15	12.79653
27	15	12.80751
27	15	12.81882
27	15	12.82983
27	15	12.84102
27	15	12.85231
27	15	12.86321
27	15	12.87437
27	16	12.88609
27	16	12.897
27	16	12.90816
27	16	12.91922
27	16	12.93033
27	16	12.94163
27	16	12.95306
27	16	12.96442
27	16	12.97539
27	16	12.98626
27	16	12.99751
27	17	13.00852
27	17	13.01983
27	17	13.03116
27	17	13.04272
27	17	13.05334
27	17	13.06484
27	17	13.07595
27	17	13.08682
27	17	13.09787
27	17	13.10931
27	17	13.12017
27	18	13.13141
27	18	13.14272
27	18	13.15374
27	18	13.16486
27	18	13.17596
27	18	13.18721
27	18	13.19878
27	18	13.20937
27	18	13.22079
27	18	13.23186
27	18	13.24284
27	19	13.25406
27	19	13.26552
27	19	13.27647
27	19	13.28759
27	19	13.29897
27	19	13.31005
27	19	13.3214
27	19	13.33264
27	19	13.34395
27	19	13.35534
27	19	13.36615
26	19	13.3774
26	19	13.38868
26	19	13.39989
26	19	13.41111
26	19	13.42217
26	19	13.43335
26	19	13.44478
26	19	13.45549
26	19	13.46676
26	19	13.47809
26	19	13.48884
25	19	13.50007
25	19	13.51128
25	19	13.52226
25	19	13.53341
25	19	13.54477
25	19	13.55602
25	19	13.56709
25	19	13.57822
25	19	13.58955
25	19	13.60096
25	19	13.61204
25	19	13.62319
25	19	13.63454
25	19	13.6455
25	19	13.65697
25	19	13.6686
25	19	13.67894
25	19	13.69005
25	19	13.70115
25	19	13.71229
25	19	13.7236
25	19	13.73516
25	19	13.74628
25	19	13.75719
25	19	13.76849
25	19	13.77931
25	19	13.79082
25	19	13.80201
25	19	13.813
25	19	13.82486
25	19	13.83592
25	19	13.84683
25	19	13.85786
25	19	13.86909
25	19	13.88014
25	19	13.89136
25	19	13.90286
25	19	13.91356
25	19	13.9249
25	19	13.93613
25	19	13.94703
25	19	13.9588
25	19	13.96946
25	19	13.98075
25	19	13.99167
25	19	14.0031
25	19	14.01391
25	19	14.02504
25	19	14.03615
25	19	14.04713
25	19	14.05853
25	19	14.06965
25	19	14.08065
25	19	14.0918
25	19	14.10315
25	19	14.11421
25	19	14.12573
25	19	14.13714
25	19	14.14781
25	19	14.15911
25	19	14.17069
25	19	14.18145
25	19	14.19267
25	19	14.20352
25	19	14.21476
25	20	14.22582
25	20	14.23713
25	20	14.24825
25	20	14.25976
25	20	14.27088
25	20	14.28209
25	20	14.2935
25	20	14.30432
25	20	14.3155
25	20	14.32699
25	21	14.33786
25	21	14.34922
25	21	14.36038
25	21	14.37167
25	21	14.38257
25	21	14.39385
25	21	14.40505
25	21	14.4162
25	21	14.42726
25	21	14.43851
25	21	14.4508
25	22	14.46376
25	22	14.47481
25	22	14.48299
25	22	14.49382
25	22	14.50407
25	22	14.5152
25	22	14.52649
25	22	14.53764
25	22	14.54875
25	22	14.56009
25	22	14.57124
25	22	14.58228
25	22	14.59347
25	22	14.60498
25	22	14.61604
25	22	14.62715
25	22	14.63838
25	22	14.64968
26	22	14.66067
26	22	14.67196
26	22	14.68303
26	22	14.6944
26	22	14.70557
26	22	14.71679
26	22	14.72784
26	22	14.73904
26	22	14.75035
26	22	14.76178
26	22	14.77232
27	22	14.78375
27	22	14.79509
27	22	14.80659
27	22	14.81758
27	22	14.82892
27	22	14.83967
27	22	14.85077
27	22	14.86211
27	22	14.8733
27	22	14.88455
27	22	14.89604
27	22	14.90764
27	22	14.91989
27	22	14.9306
27	22	14.94097
27	23	14.95211
27	23	14.96337
27	23	14.97478
27	23	14.98663
27	23	14.99703
27	23	15.00816
27	23	15.01938
27	23	15.03044
27	23	15.04165
27	23	15.05284
27	23	15.06386
27	24	15.07554
27	24	15.08616
27	24	15.09735
27	24	15.10873
27	24	15.11975
27	24	15.13089
27	24	15.14213
27	24	15.15354
27	24	15.16464
27	24	15.17583
27	24	15.18713
27	25	15.19818
27	25	15.20928
27	25	15.22068
27	25	15.23193
27	25	15.24257
27	25	15.254
27	25	15.26511
27	25	15.27626
27	25	15.28749
27	25	15.29849
27	25	15.30985
27	26	15.32127
27	26	15.33191
27	26	15.3434
27	26	15.35435
27	26	15.36535
27	26	15.37663
27	26	15.38813
27	26	15.39858
27	26	15.40982
27	26	15.42119
27	26	15.43252
27	27	15.44384
27	27	15.4547
27	27	15.46602
27	27	15.47721
27	27	15.48843
27	27	15.50016
27	27	15.51083
27	27	15.52233
27	27	15.53347
27	27	15.54484
27	27	15.55556
27	28	15.5668
27	28	15.57762
27	28	15.58896
27	28	15.6003
27	28	15.61104
27	28	15.62208
27	28	15.63328
27	28	15.64452
27	28	15.65607
27	28	15.66715
27	28	15.67833
27	29	15.68909
27	29	15.70077
27	29	15.71194
27	29	15.72269
27	29	15.73398
27	29	15.74525
27	29	15.75668
27	29	15.76771
27	29	15.77932
27	29	15.79077
27	29	15.80127
27	29	15.81235
27	29	15.8238
27	29	15.83472
26	29	15.84615
26	29	15.8576
26	29	15.86876
26	29	15.87977
26	29	15.89081
26	29	15.90193
26	29	15.91304
26	29	15.92424
26	29	15.93525
26	29	15.94666
26	29	15.95775
25	29	15.96893
25	29	15.98019
25	29	15.9913
25	29	16.00251
25	29	16.01425
25	29	16.02862
25	29	16.03899
25	29	16.04586
25	29	16.05656
25	29	16.06756
25	29	16.07867
24	29	16.08986
24	29	16.10082
24	29	16.11208
24	29	16.12321
24	29	16.13449
24	29	16.14577
24	29	16.15722
24	29	16.16847
24	29	16.17922
24	29	16.19016
24	29	16.20149
23	29	16.21246
23	29	16.2237
23	29	16.23499
23	29	16.24671
23	29	16.25735
23	29	16.26865
23	29	16.27964
23	29	16.29052
23	29	16.30167
23	29	16.31277
23	29	16.32449
22	29	16.33546
22	29	16.3468
22	29	16.35792
22	29	16.36897
22	29	16.38019
22	29	16.3915
22	29	16.41026
22	29	16.41713
22	29	16.42457
22	29	16.43345
22	29	16.44437
21	29	16.45587
21	29	16.46698
21	29	16.47817
21	29	16.49006
21	29	16.50227
21	29	16.51172
21	29	16.52267
21	29	16.53384
21	29	16.54518
21	29	16.55622
21	29	16.56732
20	29	16.57852
20	29	16.58963
20	29	16.60079
20	29	16.61211
20	29	16.6228
20	29	16.63463
20	29	16.64687
20	29	16.65871
20	29	16.66829
20	29	16.67932
20	29	16.69017
19	29	16.70125
19	29	16.71252
19	29	16.72357
19	29	16.7346
19	29	16.74628
19	29	16.75736
19	29	16.76853
19	29	16.78004
19	29	16.79204
19	29	16.80304
19	29	16.81409
18	29	16.82561
18	29	16.83678
18	29	16.84812
18	29	16.85955
18	29	16.87115
18	29	16.88274
18	29	16.89387
18	29	16.90545
18	29	16.9165
18	29	16.92793
17	29	16.93909
17	29	16.9509
17	29	16.96198
17	29	16.97324
17	29	16.98465
17	29	16.99623
17	29	17.00744
17	29	17.01856
17	29	17.02984
17	29	17.04116
17	29	17.05226
16	29	17.06336
16	29	17.07453
16	29	17.08579
16	29	17.0968
16	29	17.10819
16	29	17.11897
16	29	17.13027
16	29	17.14148
16	29	17.1526
16	29	17.16387
16	29	17.1751
16	29	17.18609
16	29	17.19738
16	29	17.20839
16	29	17.2195
16	29	17.23061
16	29	17.24193
16	29	17.2528
16	29	17.26435
16	29	17.27529
16	29	17.28662
16	29	17.29793
16	29	17.30901
16	29	17.32018
16	29	17.33176
16	29	17.34282
16	29	17.35376
16	29	17.36483
16	29	17.37601
16	29	17.38721
16	29	17.39835
16	29	17.40989
16	29	17.42093
16	29	17.43183
16	29	17.44302
16	29	17.45402
16	29	17.46556
16	29	17.47647
16	29	17.48769
16	29	17.49915
16	29	17.51025
16	29	17.52153
16	29	17.53259
16	29	17.54337
16	29	17.55498
16	29	17.5661
16	29	17.57755
16	29	17.5884
16	29	17.59931
16	29	17.61084
16	29	17.62213
16	29	17.63324
16	29	17.6442
16	29	17.65601
16	29	17.66686
16	29	17.67778
16	29	17.68903
16	29	17.70006
16	29	17.71115
16	29	17.72256
16	29	17.73358
16	29	17.74453
16	29	17.7562
16	29	17.76708
16	29	17.77818
16	29	17.78966
16	29	17.80046
16	29	17.81144
16	29	17.82293
16	29	17.83408
16	29	17.84505
16	29	17.85649
16	29	17.8674
16	29	17.87856
16	29	17.89015
16	29	17.90065
16	29	17.91178
16	29	17.92325
16	29	17.93424
16	29	17.9454
16	29	17.9574
16	29	17.96809
16	29	17.97958
16	29	17.99092
16	29	18.00164
16	29	18.01299
16	29	18.02417
16	29	18.0351
16	29	18.04657
16	29	18.05733
16	29	18.06842
16	29	18.0796
16	29	18.0906
16	29	18.10192
16	29	18.1131
16	29	18.12436
16	29	18.13552
16	29	18.14654
16	29	18.15764
16	29	18.16873
16	29	18.18008
16	29	18.19108
16	29	18.20262
16	29	18.21371
16	29	18.22494
16	29	18.23625
16	29	18.24743
16	29	18.25885
16	29	18.26987
16	29	18.28105
16	29	18.29206
16	29	18.30322
16	29	18.31486
16	29	18.3257
16	29	18.33674
16	29	18.34794
16	29	18.35914
16	29	18.37
16	29	18.38143
16	29	18.39224
16	29	18.40326
16	29	18.41436
16	29	18.4255
16	29	18.43673
16	29	18.448
16	29	18.45921
16	29	18.47049
16	29	18.4819
16	29	18.49317
16	29	18.50486
16	29	18.51716
16	29	18.52713
16	29	18.53811
16	29	18.54891
16	29	18.56032
16	29	18.57118
16	29	18.58232
16	29	18.59359
16	28	18.60509
16	28	18.61663
16	28	18.62763
16	28	18.63879
16	28	18.6523
16	28	18.66109
16	28	18.67087
16	28	18.68191
16	28	18.69353
16	28	18.70424
16	28	18.71558
16	27	18.72675
16	27	18.73801
16	27	18.74923
16	27	18.76041
16	27	18.77135
16	27	18.78252
16	27	18.79404
16	27	18.80498
16	27	18.81615
16	27	18.82773
16	27	18.83855
16	26	18.84955
16	26	18.86083
16	26	18.87199
16	26	18.8831
16	26	18.89436
16	26	18.90582
16	26	18.91693
16	26	18.92833
16	26	18.93968
16	26	18.95052
16	26	18.96191
16	25	18.97307
16	25	18.98414
16	25	18.99522
16	25	19.0063
16	25	19.01727
16	25	19.02855
16	25	19.04016
16	25	19.05087
16	25	19.06236
16	25	19.07384
16	25	19.08484
17	25	19.09647
17	25	19.10787
17	25	19.1191
17	25	19.12991
17	25	19.14149
17	25	19.15205
17	25	19.16338
17	25	19.17464
17	25	19.18545
17	25	19.19667
17	25	19.20809
18	25	19.2188
18	25	19.23048
18	25	19.2417
18	25	19.25276
18	25	19.26386
18	25	19.27503
18	25	19.28611
18	25	19.29773
18	25	19.3094
18	25	19.32028
18	25	19.33153
19	25	19.34241
19	25	19.3535
19	25	19.36473
19	25	19.37558
19	25	19.38662
19	25	19.39791
19	25	19.40897
19	25	19.42005
19	25	19.43168
19	25	19.44301
19	25	19.45422
20	25	19.46637
20	25	19.47849
20	25	19.48766
20	25	19.49796
20	25	19.50862
20	25	19.51981
20	25	19.53121
20	25	19.54234
20	25	19.55328
20	25	19.56457
20	25	19.5757
21	25	19.58683
21	25	19.59824
21	25	19.60991
21	25	19.62046
21	25	19.63157
21	25	19.64262
21	25	19.65373
21	25	19.66486
21	25	19.67607
21	25	19.68714
21	25	19.69865
22	25	19.70961
22	25	19.72059
22	25	19.73194
22	25	19.74312
22	25	19.7543
22	25	19.76601
22	25	19.77669
22	25	19.78805
22	25	19.79928
22	25	19.81013
22	25	19.82145
23	25	19.83274
23	25	19.84392
23	25	19.85513
23	25	19.86661
23	25	19.87766
23	25	19.88921
23	25	19.9003
23	25	19.91157
23	25	19.92324
23	25	19.93384
24	25	19.9489
24	25	19.95706
24	25	19.96625
24	25	19.97751
24	25	19.98835
24	25	19.99953
24	25	20.01063
24	25	20.02234
24	25	20.03304
24	25	20.04448
24	25	20.05547
24	25	20.06683
25	25	20.07801
25	25	20.08885
25	25	20.1
25	25	20.11128
25	25	20.12248
25	25	20.13382
25	25	20.14486
25	25	20.15617
25	25	20.16721
25	25	20.17828
25	25	20.18955
26	25	20.20064
26	25	20.21196
26	25	20.22317
26	25	20.23447
26	25	20.24537
26	25	20.25635
26	25	20.26729
26	25	20.27876
26	25	20.29045
26	25	20.30128
26	25	20.31273
27	25	20.32402
27	25	20.33485
27	25	20.34623
27	25	20.35748
27	25	20.36848
27	25	20.38019
27	25	20.39177
27	25	20.40254
27	25	20.41409
27	25	20.42564
27	25	20.43703
27	25	20.44798
27	25	20.45917
27	25	20.47029
27	25	20.48154
27	25	20.49267
27	25	20.50372
26	25	20.51488
26	25	20.52633
26	25	20.53773
26	25	20.54962
26	25	20.55997
26	25	20.57072
26	25	20.58178
26	25	20.593
26	25	20.60386
26	25	20.61542
26	25	20.62652
25	25	20.63738
25	25	20.64898
25	25	20.65982
25	25	20.67119
25	25	20.68218
25	25	20.69366
25	25	20.70485
25	25	20.71581
25	25	20.72703
25	25	20.73811
24	25	20.74932
24	25	20.76041
24	25	20.77168
24	25	20.78281
24	25	20.79428
24	25	20.8054
24	25	20.81657
24	25	20.82762
24	25	20.83879
24	25	20.84994
24	25	20.86115
23	25	20.87196
23	25	20.88305
23	25	20.89427
23	25	20.90534
23	25	20.91661
23	25	20.92786
23	25	20.93898
23	25	20.95021
23	25	20.9616
23	25	20.97253
23	25	20.9836
22	25	20.99499
22	25	21.00597
22	25	21.01753
22	25	21.02848
22	25	21.03962
22	25	21.05092
22	25	21.0622
22	25	21.07326
22	25	21.08463
22	25	21.09586
22	25	21.10694
22	26	21.11796
22	26	21.12929
22	26	21.14112
22	26	21.15163
22	26	21.16283
22	26	21.17437
22	26	21.18585
22	26	21.19623
22	26	21.20714
22	26	21.21824
22	26	21.22948
22	27	21.24087
22	27	21.25285
22	27	21.26323
22	27	21.27451
22	27	21.28579
22	27	21.29679
22	27	21.30802
22	27	21.31906
22	27	21.33055
22	27	21.34147
22	27	21.35253
22	28	21.36382
22	28	21.37515
22	28	21.38617
22	28	21.39715
22	28	21.40856
22	28	21.41932
22	28	21.43056
22	28	21.44209
22	28	21.45299
22	28	21.46401
22	28	21.47548
22	29	21.48669
22	29	21.49772
22	29	21.50883
22	29	21.51979
22	29	21.53102
22	29	21.54253
22	29	21.55349
22	29	21.56489
22	29	21.57603
22	29	21.58705
22	29	21.5983
22	28	21.60938
22	28	21.62056
22	28	21.63178
22	28	21.64355
22	28	21.65425
22	28	21.66537
22	28	21.67671
22	28	21.68761
22	28	21.69874
22	28	21.70994
22	28	21.72104
22	27	21.73205
22	27	21.7433
22	27	21.75423
22	27	21.76561
22	27	21.77667
22	27	21.78776
22	27	21.79968
22	27	21.81028
22	27	21.82147
22	27	21.83238
22	27	21.84377
22	26	21.85472
22	26	21.86599
22	26	21.87709
22	26	21.88842
22	26	21.8998
22	26	21.91065
22	26	21.92211
22	26	21.93318
22	26	21.9444
22	26	21.95572
22	26	21.96695
22	25	21.97796
22	25	21.98916
22	25	22.00025
22	25	22.0115
22	25	22.02277
22	25	22.0339
22	25	22.04519
22	25	22.05658
22	25	22.06763
22	25	22.0789
22	25	22.08973
22	24	22.10083
22	24	22.11235
22	24	22.12344
22	24	22.13457
22	24	22.1459
22	24	22.15677
22	24	22.16778
22	24	22.17879
22	24	22.18982
22	24	22.20093
22	24	22.21219
22	23	22.22319
22	23	22.23447
22	23	22.2456
22	23	22.2569
22	23	22.26827
22	23	22.2791
22	23	22.29018
22	23	22.30162
22	23	22.31286
22	23	22.32421
22	23	22.33511
22	22	22.3466
22	22	22.35757
22	22	22.36895
22	22	22.38006
22	22	22.39114
22	22	22.40228
22	22	22.41345
22	22	22.42488
22	22	22.43591
22	22	22.44733
22	22	22.45815
22	21	22.46928
22	21	22.48084
22	21	22.49188
22	21	22.50292
22	21	22.51431
22	21	22.52546
22	21	22.5364
22	21	22.54777
22	21	22.55969
22	21	22.57059
22	21	22.58194
22	20	22.59207
22	20	22.60317
22	20	22.6146
22	20	22.62577
22	20	22.63715
22	20	22.64833
22	20	22.65971
22	20	22.67055
22	20	22.68188
22	20	22.69283
22	20	22.70375
22	19	22.71474
22	19	22.72642
22	19	22.73753
22	19	22.7484
22	19	22.75962
22	19	22.77062
22	19	22.78181
22	19	22.79347
22	19	22.80446
22	19	22.8157
22	18	22.82702
22	18	22.83795
22	18	22.84915
22	18	22.86065
22	18	22.87161
22	18	22.88279
22	18	22.89446
22	18	22.90495
22	18	22.91607
22	18	22.92738
22	18	22.93825
22	17	22.94995
22	17	22.96127
22	17	22.97243
22	17	22.98352
22	17	22.99465
22	17	23.00603
22	17	23.01716
22	17	23.02785
22	17	23.03897
22	17	23.05082
22	17	23.06227
22	18	23.07257
22	18	23.08375
22	18	23.09484
22	18	23.10595
22	18	23.11699
22	18	23.1283
22	18	23.13948
22	18	23.15065
22	18	23.16176
22	18	23.17315
22	18	23.18415
22	19	23.19551
22	19	23.20692
22	19	23.23993
22	19	23.24753
22	19	23.2526
22	19	23.25957
22	19	23.26799
22	19	23.27873
22	19	23.28982
22	19	23.30073
22	19	23.31192
22	20	23.32309
22	20	23.33426
22	20	23.34556
22	20	23.35705
22	20	23.36798
22	20	23.37942
22	20	23.39025
22	20	23.40121
22	20	23.41261
22	20	23.42389
22	20	23.43509
22	21	23.44657
22	21	23.45814
22	21	23.46902
22	21	23.48017
22	21	23.49139
22	21	23.50222
22	21	23.51373
22	21	23.5242
22	21	23.53598
22	21	23.54678
22	21	23.55777
22	22	23.56895
22	22	23.58046
22	22	23.59212
22	22	23.60257
22	22	23.6138
22	22	23.62513
22	22	23.63611
22	22	23.64742
22	22	23.65837
22	22	23.66971
22	22	23.68092
23	22	23.69191
23	22	23.70315
23	22	23.71478
23	22	23.72576
23	22	23.73696
23	22	23.74837
23	22	23.75999
23	22	23.77089
23	22	23.78185
23	22	23.79357
23	22	23.80429
24	22	23.81598
24	22	23.82861
24	22	23.83964
24	22	23.85163
24	22	23.86364
24	22	23.87475
24	22	23.88667
24	22	23.89862
24	22	23.91025
24	22	23.92148
25	22	23.93272
25	22	23.94413
25	22	23.9552
25	22	23.96629
25	22	23.97738
25	22	23.98857
25	22	23.9994
25	22	24.01069
25	22	24.02151
25	22	24.03382
25	22	24.04458
26	22	24.05569
26	22	24.06664
26	22	24.07819
26	22	24.08905
26	22	24.10024
26	22	24.11155
26	22	24.12304
26	22	24.13383
26	22	24.14547
26	22	24.15644
26	22	24.16746
25	22	24.17856
25	22	24.1898
25	22	24.20092
25	22	24.2121
25	22	24.22315
25	22	24.23439
25	22	24.24542
25	22	24.25672
25	22	24.26773
25	22	24.27873
25	22	24.2899
24	22	24.30135
24	22	24.31231
24	22	24.32356
24	22	24.33452
24	22	24.34579
24	22	24.35714
24	22	24.36845
24	22	24.37945
24	22	24.39065
24	22	24.4016
24	22	24.41303
23	22	24.42398
23	22	24.43527
23	22	24.44658
23	22	24.45831
23	22	24.46885
23	22	24.47997
23	22	24.49102
23	22	24.50207
23	22	24.5132
23	22	24.5244
23	22	24.53551
22	22	24.54665
22	22	24.55786
22	22	24.56895
22	22	24.58006
22	22	24.59192
22	22	24.60387
22	22	24.61455
22	22	24.62524
22	22	24.63608
22	22	24.64736
22	22	24.6588
22	21	24.66991
22	21	24.68116
22	21	24.69228
22	21	24.70346
22	21	24.71471
22	21	24.72557
22	21	24.73666
22	21	24.74776
22	21	24.75885
22	21	24.77058
22	21	24.78138
22	20	24.79318
22	20	24.80379
22	20	24.8149
22	20	24.82618
22	20	24.83727
22	20	24.84826
22	20	24.85963
22	20	24.87068
22	20	24.88198
22	20	24.89345
22	19	24.90465
22	19	24.91601
22	19	24.92767
22	19	24.93815
22	19	24.94959
22	19	24.96056
22	19	24.9715
22	19	24.9828
22	19	24.99424
22	19	25.00512
22	19	25.01636
22	18	25.02747
22	18	25.03844
22	18	25.04955
22	18	25.0613
22	18	25.07203
22	18	25.08342
22	18	25.09442
22	18	25.10553
22	18	25.11664
22	18	25.12794
22	18	25.1388
22	17	25.15
22	17	25.161
22	17	25.17233
22	17	25.18336
22	17	25.19496
22	17	25.2058
22	17	25.21704
22	17	25.22831
22	17	25.23941
22	17	25.25024
22	17	25.26157
22	16	25.27265
22	16	25.2837
22	16	25.29526
22	16	25.30628
22	16	25.31747
22	16	25.32937
22	16	25.34014
22	16	25.35135
22	16	25.36255
22	16	25.37381
22	16	25.38472
22	15	25.39648
22	15	25.40716
22	15	25.41826
22	15	25.4295
22	15	25.4407
22	15	25.45178
22	15	25.46323
22	15	25.47413
22	15	25.48527
22	15	25.49652
22	15	25.50764
22	14	25.51859
22	14	25.52997
22	14	25.54115
22	14	25.5526
22	14	25.56351
22	14	25.57459
22	14	25.58566
22	14	25.59682
22	14	25.60804
22	14	25.61936
22	14	25.63046
22	15	25.64174
22	15	25.65274
22	15	25.66382
22	15	25.67505
22	15	25.68614
22	15	25.69727
22	15	25.70887
22	15	25.71971
22	15	25.73091
22	15	25.74205
22	15	25.75327
22	16	25.76473
22	16	25.7756
22	16	25.78659
22	16	25.79783
22	16	25.80883
22	16	25.82018
22	16	25.83184
22	16	25.84283
22	16	25.85379
22	16	25.86564
22	16	25.87646
22	17	25.8875
22	17	25.89852
22	17	25.90973
22	17	25.92077
22	17	25.93194
22	17	25.94329
22	17	25.95441
22	17	25.96577
22	17	25.97678
22	17	25.98796
22	17	25.99925
22	18	26.01014
22	18	26.02165
22	18	26.03257
22	18	26.04381
22	18	26.055
22	18	26.06623
22	18	26.07726
22	18	26.0884
22	18	26.09957
22	18	26.11054
22	18	26.12146
22	19	26.13272
22	19	26.14388
22	19	26.15524
22	19	26.16655
22	19	26.17828
22	19	26.18895
22	19	26.20013
22	19	26.21119
22	19	26.22227
22	19	26.23357
22	19	26.24471
21	19	26.2561
21	19	26.26726
21	19	26.27836
21	19	26.2895
21	19	26.30076
21	19	26.31194
21	19	26.32298
21	19	26.33464
21	19	26.34534
21	19	26.35666
21	19	26.3676
20	19	26.37891
20	19	26.38971
20	19	26.40095
20	19	26.412
20	19	26.4232
20	19	26.43437
20	19	26.44601
20	19	26.45706
20	19	26.46819
20	19	26.47971
20	19	26.49069
19	19	26.50488
19	19	26.51482
19	19	26.52373
19	19	26.53407
19	19	26.54548
19	19	26.55651
19	19	26.56756
19	19	26.57914
19	19	26.59023
19	19	26.60175
19	19	26.613
18	19	26.62504
18	19	26.64159
18	19	26.65452
18	19	26.66541
18	19	26.67226
18	19	26.67988
18	19	26.68607
18	19	26.6976
18	19	26.70783
18	19	26.71972
18	19	26.73082
17	19	26.7417
17	19	26.75251
17	19	26.76386
17	19	26.77491
17	19	26.78625
17	19	26.79801
17	19	26.80845
17	19	26.81973
17	19	26.83126
17	19	26.84225
17	19	26.85336
16	19	26.86478
16	19	26.87557
16	19	26.8869
16	19	26.89793
16	19	26.90915
16	19	26.92
16	19	26.93144
16	19	26.94226
16	19	26.95366
16	19	26.96463
16	19	26.97622
16	20	26.98699
16	20	26.99871
16	20	27.00954
16	20	27.02063
16	20	27.03174
16	20	27.04311
16	20	27.0544
16	20	27.06574
16	20	27.07715
16	20	27.08819
16	20	27.09986
16	21	27.11191
16	21	27.12304
16	21	27.13452
16	21	27.14615
16	21	27.15744
16	21	27.1689
16	21	27.18058
16	21	27.19164
16	21	27.20307
16	21	27.21457
16	21	27.22598
16	22	27.23725
16	22	27.24902
16	22	27.26062
16	22	27.27217
16	22	27.28343
16	22	27.29448
16	22	27.30588
16	22	27.31703
16	22	27.32836
16	22	27.33956
17	22	27.35064
17	22	27.36183
17	22	27.37311
17	22	27.38438
17	22	27.39536
17	22	27.40661
17	22	27.41751
17	22	27.42897
17	22	27.43961
17	22	27.45094
17	22	27.46184
18	22	27.47311
18	22	27.48427
18	22	27.49568
18	22	27.50693
18	22	27.51813
18	22	27.52966
18	22	27.5404
18	22	27.5515
18	22	27.56393
18	22	27.5746
18	22	27.58716
19	22	27.5981
19	22	27.60884
19	22	27.6188
19	22	27.63017
19	22	27.64117
19	22	27.65231
19	22	27.66391
19	22	27.67451
19	22	27.68607
19	22	27.69735
19	22	27.70799
19	23	27.71947
19	23	27.73074
19	23	27.742
19	23	27.753
19	23	27.76439
19	23	27.77514
19	23	27.78656
19	23	27.79777
19	23	27.80851
19	23	27.81974
19	23	27.83132
19	24	27.84188
19	24	27.85306
19	24	27.86461
19	24	27.87548
19	24	27.88668
19	24	27.89816
19	24	27.90863
19	24	27.92005
19	24	27.93159
19	24	27.94251
19	24	27.95371
19	25	27.96512
19	25	27.97618
19	25	27.98734
19	25	27.99859
19	25	28.0097
19	25	28.02111
19	25	28.03209
19	25	28.04326
19	25	28.05462
19	25	28.06555
19	25	28.07702
18	25	28.08843
18	25	28.09945
18	25	28.11026
18	25	28.12119
18	25	28.13225
18	25	28.14341
18	25	28.1544
18	25	28.16565
18	25	28.17667
18	25	28.18801
18	25	28.19917
17	25	28.21063
17	25	28.22174
17	25	28.2331
17	25	28.24423
17	25	28.25558
17	25	28.26679
17	25	28.27787
17	25	28.28928
17	25	28.3008
17	25	28.31137
17	25	28.32248
16	25	28.33361
16	25	28.34466
16	25	28.35596
16	25	28.36729
16	25	28.37823
16	25	28.3894
16	25	28.40054
16	25	28.41153
16	25	28.42261
16	25	28.43374
16	25	28.44553
16	25	28.45703
16	25	28.46788
16	25	28.47903
16	25	28.48992
16	25	28.50094
16	25	28.51221
16	25	28.52348
16	25	28.53441
16	25	28.54565
16	25	28.55711
16	25	28.56838
16	25	28.57926
16	25	28.59049
16	25	28.60166
16	25	28.61287
16	25	28.62397
16	25	28.63533
16	25	28.64661
16	25	28.65835
16	25	28.66924
16	25	28.67998
16	25	28.69067
16	25	28.70189
16	25	28.71299
16	25	28.7245
16	25	28.73525
16	25	28.74666
16	25	28.75774
16	25	28.76894
16	25	28.7805
16	25	28.79153
16	25	28.80272
16	25	28.81417
16	25	28.82508
16	25	28.83659
16	25	28.84733
16	25	28.85836
16	25	28.86927
16	25	28.88048
16	25	28.89179
16	25	28.90294
16	25	28.91418
16	25	28.92526
16	25	28.93645
16	25	28.94787
16	25	28.95897
16	25	28.96998
16	25	28.98167
16	25	28.99259
16	25	29.00379
16	25	29.01531
16	25	29.026
16	25	29.03717
16	25	29.04878
16	25	29.05933
16	25	29.07062
16	25	29.08213
16	25	29.09379
16	25	29.104
16	25	29.11547
16	25	29.12651
16	25	29.13774
16	25	29.14937
16	25	29.15986
16	25	29.17119
16	25	29.18237
16	25	29.19351
16	25	29.20486
16	25	29.2159
16	25	29.2271
16	25	29.23835
16	25	29.24958
16	25	29.26068
16	25	29.27207
16	25	29.28342
16	25	29.29451
16	25	29.30618
16	25	29.31712
16	25	29.32836
16	25	29.3394
16	25	29.35028
16	25	29.3613
16	25	29.37237
16	25	29.38384
16	25	29.39499
16	25	29.40605
16	25	29.41689
16	25	29.42791
16	25	29.43929
16	25	29.45031
16	25	29.46193
16	25	29.47275
16	25	29.48413
16	25	29.49583
16	25	29.5068
16	25	29.51789
16	25	29.52935
16	25	29.54003
16	25	29.55095
16	25	29.56221
16	25	29.57341
16	25	29.58431
16	25	29.59567
16	25	29.60692
16	25	29.61827
16	25	29.62943
16	25	29.64029
16	25	29.65148
16	25	29.66271
16	25	29.67381
16	25	29.6851
16	25	29.6962
16	25	29.70745
16	25	29.71839
16	25	29.72956
16	25	29.74063
16	25	29.75186
16	25	29.76293
16	25	29.7743
16	25	29.78534
16	25	29.79691
16	25	29.8078
16	25	29.81902
16	25	29.83024
16	25	29.8416
16	25	29.85276
16	25	29.86412
16	25	29.87527
16	25	29.88647
16	25	29.89778
16	25	29.90878
16	25	29.9199
16	25	29.93128
16	25	29.94192
16	25	29.95295
16	25	29.96442
16	25	29.97535
16	25	29.98656
16	25	29.99764
16	25	30.00874
16	25	30.01977
16	25	30.03107
16	25	30.04224
16	25	30.05342
16	25	30.06499
16	25	30.07604
16	25	30.08754
16	25	30.09857
16	26	30.10965
16	26	30.12087
16	26	30.13253
16	26	30.14326
16	26	30.15455
16	26	30.16613
16	26	30.17668
16	26	30.18775
16	26	30.19904
16	26	30.20992
16	26	30.22116
16	27	30.23243
16	27	30.24373
16	27	30.25484
16	27	30.26637
16	27	30.27709
16	27	30.28854
16	27	30.29987
16	27	30.31084
16	27	30.32174
16	27	30.3332
16	27	30.3442
16	28	30.35514
16	28	30.36637
16	28	30.37737
16	28	30.38888
16	28	30.40068
16	28	30.41132
16	28	30.42329
16	28	30.43374
16	28	30.44445
16	28	30.45566
16	28	30.46715
16	29	30.47776
16	29	30.48894
16	29	30.5004
16	29	30.51133
16	29	30.52249
16	29	30.53442
16	29	30.54489
16	29	30.5569
16	29	30.56767
16	29	30.57874
16	29	30.59018
16	29	30.60124
16	29	30.61236
16	29	30.62373
16	29	30.63502
16	29	30.64598
16	29	30.65743
16	29	30.66791
16	29	30.67973
16	29	30.69161
16	29	30.70141
16	29	30.71262
16	29	30.72368
16	29	30.73476
16	29	30.74613
16	29	30.75754
16	29	30.76844
16	29	30.7798
16	29	30.79112
16	29	30.80267
16	29	30.81353
16	29	30.82467
16	29	30.83586
16	29	30.84708
16	29	30.85794
16	29	30.8693
16	29	30.88013
16	29	30.89118
16	29	30.90228
16	29	30.91374
16	29	30.92474
16	29	30.93589
16	29	30.94701
16	29	30.95792
16	29	30.96912
16	29	30.98057
16	29	30.99168
16	29	31.00308
16	29	31.01422
16	28	31.02574
16	28	31.03689
16	28	31.04777
16	28	31.05907
16	28	31.07026
16	28	31.08143
16	28	31.09258
16	28	31.10367
16	28	31.11487
16	28	31.12622
16	28	31.13728
16	27	31.14818
16	27	31.15935
16	27	31.17036
16	27	31.18181
16	27	31.19267
16	27	31.2038
16	27	31.21488
16	27	31.22656
16	27	31.23764
16	27	31.24868
16	26	31.26011
16	26	31.27104
16	26	31.28212
16	26	31.29363
16	26	31.30479
16	26	31.31607
16	26	31.32771
16	26	31.33886
16	26	31.34978
16	26	31.36084
16	26	31.37228
16	25	31.38376
16	25	31.39422
16	25	31.40561
16	25	31.41686
16	25	31.42756
16	25	31.43874
16	25	31.45007
16	25	31.46102
16	25	31.47232
16	25	31.48348
16	25	31.49446
16	25	31.50555
16	25	31.51701
16	25	31.52773
16	25	31.53889
16	25	31.55
16	25	31.56114
16	25	31.57228
16	25	31.58366
16	25	31.59461
16	25	31.60618
16	25	31.61752
16	25	31.62867
16	26	31.63977
16	26	31.6513
16	26	31.6621
16	26	31.67335
16	26	31.68466
16	26	31.69567
16	26	31.707
16	26	31.71811
16	26	31.72917
16	26	31.74052
16	26	31.75153
16	27	31.76259
16	27	31.77396
16	27	31.78494
16	27	31.79638
16	27	31.80741
16	27	31.81831
16	27	31.82951
16	27	31.84076
16	27	31.85192
16	27	31.86315
16	27	31.87416
16	28	31.88548
16	28	31.89673
16	28	31.90784
16	28	31.91923
16	28	31.9303
16	28	31.94155
16	28	31.95277
16	28	31.96433
16	28	31.97522
16	28	31.98646
16	28	31.99739
16	29	32.00848
16	29	32.01946
16	29	32.03053
16	29	32.04166
16	29	32.0528
16	29	32.06384
16	29	32.07524
16	29	32.08632
16	29	32.09753
16	29	32.10902
16	29	32.12055
16	29	32.13152
16	29	32.14264
16	29	32.15377
16	29	32.16492
16	29	32.17599
16	29	32.18719
16	29	32.19799
16	29	32.20913
16	29	32.22015
16	29	32.23181
16	29	32.24319
16	29	32.25414
16	29	32.26534
16	29	32.27678
16	29	32.28757
16	29	32.29882
16	29	32.30991
16	29	32.32121
16	29	32.33232
16	29	32.34351
16	29	32.35461
16	29	32.36605
16	29	32.37729
16	29	32.38832
16	29	32.39933
16	29	32.41048
16	29	32.42175
16	29	32.43367
16	29	32.44423
16	29	32.45544
16	29	32.46652
16	29	32.47761
16	29	32.48867
16	29	32.50005
16	29	32.51101
16	29	32.52222
16	29	32.53324
16	28	32.54457
16	28	32.55584
16	28	32.56689
16	28	32.57801
16	28	32.58939
16	28	32.60013
16	28	32.6113
16	28	32.62274
16	28	32.63399
16	28	32.64515
16	28	32.65631
16	27	32.66782
16	27	32.67863
16	27	32.68989
16	27	32.70239
16	27	32.71356
16	27	32.7235
16	27	32.73474
16	27	32.74584
16	27	32.75703
16	27	32.76819
16	27	32.77893
16	26	32.79032
16	26	32.80142
16	26	32.8123
16	26	32.82354
16	26	32.83591
16	26	32.84622
16	26	32.85746
16	26	32.86891
16	26	32.87963
16	26	32.89079
16	26	32.90239
16	25	32.91333
16	25	32.92445
16	25	32.93573
16	25	32.94669
16	25	32.95777
16	25	32.96898
16	25	32.97997
16	25	32.99109
16	25	33.00237
16	25	33.01358
16	25	33.02461
16	25	33.03593
16	25	33.04665
16	25	33.05849
16	25	33.06953
16	25	33.08066
16	25	33.09172
16	25	33.10302
16	25	33.1143
16	25	33.1253
16	25	33.13674
16	25	33.14774
16	25	33.1589
16	25	33.17049
16	25	33.1818
16	25	33.19258
16	25	33.20372
16	25	33.21509
16	25	33.22627
16	26	33.2371
16	26	33.24815
16	26	33.25938
16	26	33.27042
16	26	33.28157
16	26	33.29261
16	26	33.30356
16	26	33.31474
16	26	33.32623
16	26	33.33723
16	26	33.34848
16	27	33.35975
16	27	33.37127
16	27	33.38224
16	27	33.39351
16	27	33.40442
16	27	33.41567
16	27	33.42725
16	27	33.43792
16	27	33.44907
16	27	33.46001
16	27	33.47104
15	27	33.48228
15	27	33.49341
15	27	33.50456
15	27	33.51574
15	27	33.52762
15	27	33.53807
15	27	33.54946
15	27	33.56069
15	27	33.572
15	27	33.58306
14	27	33.59441
14	27	33.60566
14	27	33.61692
14	27	33.62832
14	27	33.63948
14	27	33.65035
14	27	33.66153
14	27	33.67255
14	27	33.68404
14	27	33.69474
14	27	33.70638
13	27	33.7173
13	27	33.72892
13	27	33.73991
13	27	33.75103
13	27	33.76201
13	27	33.77316
13	27	33.78415
13	27	33.79573
13	27	33.80657
13	27	33.8176
13	27	33.82884
13	27	33.84031
13	27	33.85128
13	27	33.86237
13	27	33.87371
13	27	33.88511
13	27	33.89614
13	27	33.90728
13	27	33.91856
13	27	33.92983
13	28	33.94098
13	28	33.95235
13	28	33.96378
13	28	33.97487
13	28	33.98612
13	28	33.99786
13	28	34.00934
13	28	34.02063
13	28	34.03027
13	28	34.04108
13	28	34.05212
13	29	34.06368
13	29	34.07479
13	29	34.08627
13	29	34.09735
13	29	34.10851
13	29	34.11964
13	29	34.13088
13	29	34.14203
13	29	34.15375
13	29	34.16417
13	29	34.17538
13	29	34.18683
13	29	34.19783
13	29	34.20892
13	29	34.2203
13	29	34.23119
13	29	34.24263
13	29	34.25394
13	29	34.26462
13	29	34.27586
13	28	34.28712
13	28	34.29799
13	28	34.30926
13	28	34.32046
13	28	34.33148
13	28	34.34304
13	28	34.35441
13	28	34.3652
13	28	34.37655
13	28	34.38765
13	28	34.39864
13	27	34.4099
13	27	34.42123
13	27	34.43237
13	27	34.44365
13	27	34.45437
13	27	34.46578
13	27	34.47676
13	27	34.48783
13	27	34.49912
13	27	34.51014
13	27	34.52115
13	26	34.53256
13	26	34.54398
13	26	34.55509
13	26	34.56627
13	26	34.57744
13	26	34.58871
13	26	34.59994
13	26	34.61106
13	26	34.62262
13	26	34.63298
13	26	34.64419
13	25	34.65536
13	25	34.66677
13	25	34.67789
13	25	34.68914
13	25	34.70028
13	25	34.71136
13	25	34.72248
13	25	34.73489
13	25	34.74543
13	25	34.75639
13	25	34.76753
12	25	34.77895
12	25	34.7905
12	25	34.80097
12	25	34.81195
12	25	34.82344
12	25	34.83416
12	25	34.84533
12	25	34.8566
12	25	34.86765
12	25	34.87867
12	25	34.88967
11	25	34.90089
11	25	34.91257
11	25	34.92395
11	25	34.93594
11	25	34.94794
11	25	34.95884
11	25	34.96866
11	25	34.97986
11	25	34.9906
11	25	35.00196
11	25	35.01321
10	25	35.02459
10	25	35.03592
10	25	35.04664
10	25	35.05766
10	25	35.06874
10	25	35.0799
10	25	35.09138
10	25	35.10199
10	25	35.11329
10	25	35.12444
10	25	35.1355
9	25	35.14693
9	25	35.15816
9	25	35.16962
9	25	35.18065
9	25	35.19177
9	25	35.20301
9	25	35.21418
9	25	35.22538
9	25	35.23675
9	25	35.24788
9	25	35.25862
8	25	35.26973
8	25	35.28077
8	25	35.292
8	25	35.3035
8	25	35.31445
8	25	35.32575
8	25	35.33699
8	25	35.34793
8	25	35.35937
8	25	35.37041
8	25	35.3817
7	25	35.39305
7	25	35.40458
7	25	35.41531
7	25	35.42655
7	25	35.438
7	25	35.44931
7	25	35.46009
7	25	35.47133
7	25	35.48225
7	25	35.49354
6	25	35.50455
6	25	35.51554
6	25	35.52666
6	25	35.53787
6	25	35.549
6	25	35.56064
6	25	35.57177
6	25	35.58274
6	25	35.59373
6	25	35.6051
6	25	35.61619
5	25	35.62749
5	25	35.63869
5	25	35.65002
5	25	35.66103
5	25	35.67226
5	25	35.68333
5	25	35.69455
5	25	35.70576
5	25	35.71724
5	25	35.72796
5	25	35.73936
4	25	35.75068
4	25	35.76172
4	25	35.77338
4	25	35.7845
4	25	35.79596
4	25	35.80696
4	25	35.81745
4	25	35.82918
4	25	35.83957
4	25	35.85061
4	25	35.86176
3	25	35.87329
3	25	35.88463
3	25	35.89597
3	25	35.90685
3	25	35.91751
3	25	35.92876
3	25	35.94012
3	25	35.95146
3	25	35.96242
3	25	35.9735
3	25	35.98471
2	25	35.99612
2	25	36.00716
2	25	36.01844
2	25	36.03003
2	25	36.04052
2	25	36.05148
2	25	36.06264
2	25	36.07376
2	25	36.08489
2	25	36.09628
2	25	36.10727
2	26	36.11853
2	26	36.12951
2	26	36.14081
2	26	36.15203
2	26	36.16314
2	26	36.17418
2	26	36.18603
2	26	36.19674
2	26	36.20789
2	26	36.21904
2	26	36.23055
2	27	36.24143
2	27	36.2528
2	27	36.26391
2	27	36.2754
2	27	36.28684
2	27	36.29779
2	27	36.30883
2	27	36.31985
2	27	36.33118
2	27	36.34272
2	27	36.35324
2	28	36.36451
2	28	36.3757
2	28	36.38705
2	28	36.39817
2	28	36.40901
2	28	36.42035
2	28	36.43155
2	28	36.44274
2	28	36.45458
2	28	36.46527
2	28	36.47634
2	29	36.48731
2	29	36.49909
2	29	36.50951
2	29	36.52111
2	29	36.53205
2	29	36.54345
2	29	36.55477
2	29	36.56561
2	29	36.5768
2	29	36.58804
2	29	36.599
3	29	36.6103
3	29	36.62159
3	29	36.63299
3	29	36.64385
3	29	36.65583
3	29	36.66608
3	29	36.67734
3	29	36.68868
3	29	36.69969
3	29	36.71094
3	29	36.72226
4	29	36.73321
4	29	36.74496
4	29	36.75636
4	29	36.76735
4	29	36.7784
4	29	36.78936
4	29	36.80046
4	29	36.81154
4	29	36.82259
4	29	36.83349
4	29	36.84484
5	29	36.85644
5	29	36.86736
5	29	36.87861
5	29	36.88995
5	29	36.90102
5	29	36.91163
5	29	36.92292
5	29	36.93392
5	29	36.94523
5	29	36.95624
5	29	36.96771
6	29	36.97836
6	29	36.98982
6	29	37.0009
6	29	37.01239
6	29	37.02341
6	29	37.03464
6	29	37.04599
6	29	37.05737
6	29	37.06832
6	29	37.07957
6	29	37.09076
7	29	37.10201
7	29	37.11293
7	29	37.12458
7	29	37.13526
7	29	37.14648
7	29	37.15754
7	29	37.16872
7	29	37.17986
7	29	37.19094
7	29	37.20193
7	29	37.21325
8	29	37.22435
8	29	37.23563
8	29	37.24707
8	29	37.25813
8	29	37.26949
8	29	37.28095
8	29	37.29172
8	29	37.30297
8	29	37.31424
8	29	37.32565
8	29	37.33677
9	29	37.3477
9	29	37.35849
9	29	37.36968
9	29	37.38077
9	29	37.39201
9	29	37.40322
9	29	37.41451
9	29	37.42588
9	29	37.43743
9	29	37.44818
9	29	37.45933
10	29	37.47021
10	29	37.48137
10	29	37.49271
10	29	37.50391
10	29	37.51499
10	29	37.52628
10	29	37.53716
10	29	37.54854
10	29	37.55959
10	29	37.57052
10	29	37.58176
11	29	37.59383
11	29	37.60607
11	29	37.61694
11	29	37.62715
11	29	37.6384
11	29	37.64957
11	29	37.66076
11	29	37.67169
11	29	37.68267
11	29	37.69431
12	29	37.70558
12	29	37.71626
12	29	37.7276
12	29	37.73865
12	29	37.75003
12	29	37.76086
12	29	37.7722
12	29	37.7835
12	29	37.79451
12	29	37.80547
12	29	37.81671
13	29	37.82781
13	29	37.83912
13	29	37.84995
13	29	37.86115
13	29	37.8726
13	29	37.88358
13	29	37.89493
13	29	37.90642
13	29	37.91727
13	29	37.92838
13	29	37.93965
12	29	37.95147
12	29	37.96168
12	29	37.97318
12	29	37.98396
12	29	37.99505
12	29	38.00661
12	29	38.01735
12	29	38.02844
12	29	38.04004
12	29	38.05085
12	29	38.06263
11	29	38.07349
11	29	38.08482
11	29	38.09604
11	29	38.10729
11	29	38.11835
11	29	38.12955
11	29	38.14075
11	29	38.15175
11	29	38.16283
11	29	38.17404
11	29	38.18488
10	29	38.19636
10	29	38.20724
10	29	38.21861
10	29	38.22988
10	29	38.24076
10	29	38.25192
10	29	38.26305
10	29	38.27424
10	29	38.28527
10	29	38.29636
10	29	38.30771
9	29	38.31878
9	29	38.33029
9	29	38.3414
9	29	38.35252
9	29	38.36376
9	29	38.37532
9	29	38.38634
9	29	38.39766
9	29	38.40876
9	29	38.41986
9	29	38.43092
8	29	38.44211
8	29	38.45321
8	29	38.46457
8	29	38.4758
8	29	38.48697
8	29	38.49792
8	29	38.50904
8	29	38.52002
8	29	38.53161
8	29	38.54243
8	29	38.5539
7	29	38.56522
7	29	38.57641
7	29	38.58713
7	29	38.59855
7	29	38.60983
7	29	38.62076
7	29	38.63172
7	29	38.64322
7	29	38.65417
7	29	38.6659
7	29	38.67707
7	28	38.68848
7	28	38.69919
7	28	38.71018
7	28	38.72152
7	28	38.73272
7	28	38.74376
7	28	38.75491
7	28	38.76649
7	28	38.77851
7	28	38.78884
7	28	38.79982
7	27	38.8105
7	27	38.82151
7	27	38.83278
7	27	38.84436
7	27	38.85514
7	27	38.86673
7	27	38.87768
7	27	38.88911
7	27	38.90024
7	27	38.91141
7	27	38.92294
7	26	38.93358
7	26	38.9446
7	26	38.95607
7	26	38.96716
7	26	38.97816
7	26	38.98931
7	26	39.00071
7	26	39.0116
7	26	39.02271
7	26	39.03382
7	26	39.04522
7	25	39.05669
7	25	39.06766
7	25	39.07888
7	25	39.09029
7	25	39.10147
7	25	39.11223
7	25	39.12388
7	25	39.1347
7	25	39.14604
7	25	39.15755
7	25	39.16821
7	24	39.17944
7	24	39.19047
7	24	39.20157
7	24	39.21291
7	24	39.22414
7	24	39.23532
7	24	39.24636
7	24	39.25783
7	24	39.26873
7	24	39.27963
7	24	39.29179
7	23	39.3021
7	23	39.31371
7	23	39.32476
7	23	39.33594
7	23	39.34706
7	23	39.35823
7	23	39.36927
7	23	39.38043
7	23	39.39179
7	23	39.40342
7	23	39.41476
7	22	39.42614
7	22	39.43724
7	22	39.44854
7	22	39.45927
7	22	39.4716
7	22	39.48228
7	22	39.49189
7	22	39.50308
7	22	39.51422
7	22	39.52522
7	22	39.5364
6	22	39.54782
6	22	39.55881
6	22	39.57009
6	22	39.58141
6	22	39.59275
6	22	39.60406
6	22	39.61511
6	22	39.62672
6	22	39.63731
6	22	39.64853
6	22	39.65945
5	22	39.67048
5	22	39.68156
5	22	39.69282
5	22	39.70387
5	22	39.71509
5	22	39.72615
5	22	39.73732
5	22	39.74857
5	22	39.75985
5	22	39.77124
4	22	39.7827
4	22	39.79382
4	22	39.80489
4	22	39.81565
4	22	39.82709
4	22	39.83791
4	22	39.84915
4	22	39.8605
4	22	39.87174
4	22	39.88274
4	22	39.89408
3	22	39.90572
3	22	39.91686
3	22	39.92768
3	22	39.9397
3	22	39.9508
3	22	39.96161
3	22	39.97248
3	22	39.98351
3	22	39.99495
3	22	40.0061
3	22	40.01723
2	22	40.02831
2	22	40.03933
2	22	40.05066
2	22	40.06188
2	22	40.0731
2	22	40.08415
2	22	40.09562
2	22	40.10631
2	22	40.1173
2	22	40.12856
2	22	40.13957
2	23	40.15051
2	23	40.16167
2	23	40.17306
2	23	40.18443
2	23	40.19564
2	23	40.20737
2	23	40.21798
2	23	40.2296
2	23	40.24065
2	23	40.25208
2	23	40.26291
2	24	40.2746
2	24	40.28521
2	24	40.29652
2	24	40.30779
2	24	40.31865
2	24	40.32999
2	24	40.34114
2	24	40.35244
2	24	40.36403
2	24	40.3751
2	24	40.38615
2	25	40.39729
2	25	40.40855
2	25	40.4189
2	25	40.43009
2	25	40.44142
2	25	40.45254
2	25	40.46389
2	25	40.47577
2	25	40.4866
2	25	40.49771
2	25	40.50877
2	26	40.51987
2	26	40.53102
2	26	40.54215
2	26	40.55328
2	26	40.56493
2	26	40.5758
2	26	40.58689
2	26	40.59794
2	26	40.60927
2	26	40.62033
2	26	40.63154
2	27	40.64277
2	27	40.65376
2	27	40.66493
2	27	40.67605
2	27	40.68725
2	27	40.69833
2	27	40.70949
2	27	40.72083
2	27	40.73179
2	27	40.74325
2	27	40.75463
2	28	40.76561
2	28	40.77695
2	28	40.78819
2	28	40.79976
2	28	40.81123
2	28	40.82441
2	28	40.83287
2	28	40.84315
2	28	40.85434
2	28	40.86522
2	28	40.87672
2	29	40.88767
2	29	40.89885
2	29	40.90978
2	29	40.92095
2	29	40.93205
2	29	40.9433
2	29	40.95444
2	29	40.96559
2	29	40.97672
2	29	40.98788
2	29	40.99916
3	29	41.01035
3	29	41.02131
3	29	41.03278
3	29	41.04342
3	29	41.05476
3	29	41.06598
3	29	41.0773
3	29	41.08826
3	29	41.09976
3	29	41.11071
3	29	41.12187
4	29	41.13311
4	29	41.14413
4	29	41.1554
4	29	41.16659
4	29	41.1776
4	29	41.18942
4	29	41.20046
4	29	41.21195
4	29	41.22324
4	29	41.23439
4	29	41.24588
5	29	41.25718
5	29	41.26823
5	29	41.27933
5	29	41.29029
5	29	41.30151
5	29	41.31298
5	29	41.32447
5	29	41.33563
5	29	41.34736
5	29	41.35769
5	29	41.36883
6	29	41.37991
6	29	41.39123
6	29	41.40222
6	29	41.41344
6	29	41.42457
6	29	41.43562
6	29	41.4468
6	29	41.45789
6	29	41.46873
6	29	41.48015
6	29	41.49133
7	29	41.50253
7	29	41.5135
7	29	41.52483
7	29	41.53597
7	29	41.54738
7	29	41.55879
7	29	41.56973
7	29	41.58088
7	29	41.59235
7	29	41.60322
7	29	41.61477
7	28	41.62569
7	28	41.6368
7	28	41.64759
7	28	41.65923
7	28	41.66995
7	28	41.6811
7	28	41.69274
7	28	41.7036
7	28	41.71494
7	28	41.72618
7	28	41.73716
7	27	41.74836
7	27	41.75956
7	27	41.77049
7	27	41.78196
7	27	41.7934
7	27	41.80397
7	27	41.81566
7	27	41.82694
7	27	41.83751
7	27	41.84865
7	26	41.8601
7	26	41.87112
7	26	41.88234
7	26	41.89358
7	26	41.90461
7	26	41.91568
7	26	41.92699
7	26	41.93822
7	26	41.94954
7	26	41.96084
7	26	41.97234
7	25	41.9833
7	25	41.99433
7	25	42.00549
7	25	42.0167
7	25	42.0277
7	25	42.03877
7	25	42.04993
7	25	42.06111
7	25	42.07215
7	25	42.08313
7	25	42.09435
8	25	42.10548
8	25	42.11665
8	25	42.12815
8	25	42.1392
8	25	42.15062
8	25	42.16166
8	25	42.1732
8	25	42.18407
8	25	42.19561
8	25	42.20712
8	25	42.21795
9	25	42.22923
9	25	42.24016
9	25	42.25127
9	25	42.26226
9	25	42.27347
9	25	42.2845
9	25	42.29548
9	25	42.30692
9	25	42.31797
9	25	42.32961
9	25	42.34024
10	25	42.35132
10	25	42.36259
10	25	42.37363
10	25	42.38469
10	25	42.39608
10	25	42.40726
10	25	42.41858
10	25	42.42994
10	25	42.44125
10	25	42.45191
10	25	42.46328
10	24	42.47445
10	24	42.48588
10	24	42.49711
10	24	42.50822
10	24	42.51914
10	24	42.53037
10	24	42.54148
10	24	42.5528
10	24	42.56407
10	24	42.57539
10	24	42.58643
10	23	42.59788
10	23	42.60841
10	23	42.61989
10	23	42.63095
10	23	42.64215
10	23	42.65321
10	23	42.66426
10	23	42.67522
10	23	42.68634
10	23	42.69774
10	23	42.70856
10	22	42.71973
10	22	42.73095
10	22	42.74213
10	22	42.75365
10	22	42.76454
10	22	42.77567
10	22	42.78685
10	22	42.79814
10	22	42.80952
10	22	42.82167
10	22	42.83288
10	22	42.84341
10	22	42.85406
10	22	42.86549
10	22	42.87642
10	22	42.88747
11	22	42.89852
11	22	42.91014
11	22	42.92108
11	22	42.93219
11	22	42.94373
11	22	42.95476
11	22	42.96601
11	22	42.97734
11	22	42.98824
11	22	42.99963
11	22	43.01124
12	22	43.02222
12	22	43.0331
12	22	43.04476
12	22	43.05533
12	22	43.06683
12	22	43.07756
12	22	43.0889
12	22	43.10025
12	22	43.11147
12	22	43.12252
12	22	43.13372
13	22	43.14508
13	22	43.15613
13	22	43.16702
13	22	43.17825
13	22	43.18919
13	22	43.20036
13	22	43.21144
13	22	43.2229
13	22	43.23373
13	22	43.245
13	22	43.25608
13	21	43.26702
13	21	43.2781
13	21	43.28957
13	21	43.30069
13	21	43.31199
13	21	43.32324
13	21	43.33445
13	21	43.34579
13	21	43.35703
13	21	43.36818
13	21	43.37925
13	20	43.3902
13	20	43.40131
13	20	43.41223
13	20	43.42348
13	20	43.43472
13	20	43.44572
13	20	43.45703
13	20	43.46829
13	20	43.4794
13	20	43.49091
13	20	43.50214
13	19	43.51382
13	19	43.52465
13	19	43.5364
13	19	43.54752
13	19	43.55831
13	19	43.56927
13	19	43.58036
13	19	43.59148
13	19	43.60245
13	19	43.61367
13	19	43.62483
14	19	43.63599
14	19	43.64715
14	19	43.65856
14	19	43.66968
14	19	43.6807
14	19	43.69248
14	19	43.70293
14	19	43.71421
14	19	43.72509
14	19	43.73621
14	19	43.74742
15	19	43.75846
15	19	43.76965
15	19	43.78108
15	19	43.79224
15	19	43.80339
15	19	43.81454
15	19	43.8259
15	19	43.83719
15	19	43.8485
15	19	43.85958
15	19	43.87061
16	19	43.88194
16	19	43.89338
16	19	43.90431
16	19	43.9156
16	19	43.92666
16	19	43.93758
16	19	43.94862
16	19	43.95976
16	19	43.97124
16	19	43.9826
17	19	43.99437
17	19	44.00555
17	19	44.0165
17	19	44.02781
17	19	44.03861
17	19	44.04984
17	19	44.06111
17	19	44.07195
17	19	44.08289
17	19	44.09451
17	19	44.10515
16	19	44.1161
16	19	44.12735
16	19	44.13842
16	19	44.14955
16	19	44.16108
16	19	44.17209
16	19	44.18319
16	19	44.19469
16	19	44.20574
16	19	44.21693
16	19	44.22834
15	19	44.23947
15	19	44.25043
15	19	44.26189
15	19	44.27289
15	19	44.28386
15	19	44.29527
15	19	44.30619
15	19	44.3176
15	19	44.32874
15	19	44.3397
15	19	44.35082
14	19	44.3621
14	19	44.3729
14	19	44.38399
14	19	44.39546
14	19	44.40661
14	19	44.41811
14	19	44.4289
14	19	44.43971
14	19	44.45102
14	19	44.46223
14	19	44.47364
13	19	44.48478
13	19	44.49594
13	19	44.50708
13	19	44.51851
13	19	44.52968
13	19	44.54082
13	19	44.552
13	19	44.56328
13	19	44.57423
13	19	44.58534
13	19	44.59661
12	19	44.6076
12	19	44.61881
12	19	44.6305
12	19	44.64106
12	19	44.65223
12	19	44.66341
12	19	44.67462
12	19	44.68579
12	19	44.69703
12	19	44.70807
12	19	44.71906
11	19	44.73037
11	19	44.74177
11	19	44.75268
11	19	44.76389
11	19	44.77485
11	19	44.78706
11	19	44.79881
11	19	44.80958
11	19	44.81978
11	19	44.83124
11	19	44.84224
10	19	44.85425
10	19	44.86481
10	19	44.87562
10	19	44.8867
10	19	44.89786
10	19	44.90898
10	19	44.92039
10	19	44.93156
10	19	44.94303
10	19	44.95393
10	19	44.96509
9	19	44.97589
9	19	44.98743
9	19	44.99844
9	19	45.00939
9	19	45.0209
9	19	45.03168
9	19	45.04315
9	19	45.05424
9	19	45.06555
9	19	45.07686
9	19	45.08794
8	19	45.09954
8	19	45.11038
8	19	45.12155
8	19	45.13278
8	19	45.14402
8	19	45.15519
8	19	45.1666
8	19	45.17772
8	19	45.18883
8	19	45.19999
8	19	45.21128
7	19	45.22214
7	19	45.23341
7	19	45.24471
7	19	45.25587
7	19	45.26672
7	19	45.27775
7	19	45.28899
7	19	45.30024
7	19	45.31115
7	19	45.3224
7	19	45.33361
7	20	45.34535
7	20	45.35633
7	20	45.36757
7	20	45.37928
7	20	45.38996
7	20	45.40113
7	20	45.41252
7	20	45.42296
7	20	45.43414
7	20	45.44571
7	20	45.45647
7	21	45.46748
7	21	45.47881
7	21	45.48999
7	21	45.50126
7	21	45.51251
7	21	45.52356
7	21	45.53476
7	21	45.54654
7	21	45.55716
7	21	45.56865
7	21	45.57973
7	22	45.59074
7	22	45.60167
7	22	45.61309
7	22	45.62397
7	22	45.63506
7	22	45.64635
7	22	45.65726
7	22	45.66837
7	22	45.67969
7	22	45.69069
7	22	45.70193
7	23	45.71331
7	23	45.72496
7	23	45.73573
7	23	45.74701
7	23	45.75821
7	23	45.76952
7	23	45.7809
7	23	45.79231
7	23	45.80326
7	23	45.81456
7	23	45.82575
7	24	45.83681
7	24	45.84784
7	24	45.85904
7	24	45.86987
7	24	45.88145
7	24	45.89237
7	24	45.90334
7	24	45.91458
7	24	45.92568
7	24	45.93665
7	24	45.94802
7	25	45.95917
7	25	45.97041
7	25	45.98174
7	25	45.99298
7	25	46.00406
7	25	46.01539
7	25	46.02664
7	25	46.03837
7	25	46.04886
7	25	46.05996
7	25	46.07093
6	25	46.082
6	25	46.09317
6	25	46.10449
6	25	46.11576
6	25	46.12682
6	25	46.13794
6	25	46.149
6	25	46.1601
6	25	46.17117
6	25	46.1822
5	25	46.19357
5	25	46.20453
5	25	46.21584
5	25	46.22695
5	25	46.23824
5	25	46.2494
5	25	46.26068
5	25	46.27188
5	25	46.283
5	25	46.2942
5	25	46.30529
4	25	46.3168
4	25	46.3278
4	25	46.33885
4	25	46.35013
4	25	46.36117
4	25	46.37249
4	25	46.38358
4	25	46.39477
4	25	46.40588
4	25	46.41714
4	25	46.42815
3	25	46.43938
3	25	46.45035
3	25	46.46155
3	25	46.47258
3	25	46.48403
3	25	46.49532
3	25	46.50682
3	25	46.51773
3	25	46.52966
3	25	46.54031
3	25	46.55145
2	25	46.56264
2	25	46.57347
2	25	46.5846
2	25	46.59603
2	25	46.60742
2	25	46.61819
2	25	46.62973
2	25	46.6408
2	25	46.65166
2	25	46.66365
2	25	46.67406
2	24	46.68525
2	24	46.697
2	24	46.70805
2	24	46.71887
2	24	46.73063
2	24	46.74117
2	24	46.7527
2	24	46.76349
2	24	46.77455
2	24	46.78552
2	24	46.79747
2	23	46.80767
2	23	46.81893
2	23	46.83017
2	23	46.84125
2	23	46.8526
2	23	46.86406
2	23	46.87648
2	23	46.888
2	23	46.89837
2	23	46.90902
2	23	46.92009
2	22	46.93124
2	22	46.94224
2	22	46.95336
2	22	46.96454
2	22	46.97589
2	22	46.9869
2	22	46.99802
2	22	47.0089
2	22	47.02024
2	22	47.03146
2	22	47.04261
2	22	47.05357
2	22	47.06484
2	22	47.07652
2	22	47.08697
2	22	47.098
2	22	47.10929
2	22	47.12046
3	22	47.13201
3	22	47.14317
3	22	47.15433
3	22	47.16545
3	22	47.17665
3	22	47.18793
3	22	47.1991
3	22	47.21032
3	22	47.22189
3	22	47.23292
3	22	47.24403
4	22	47.2552
4	22	47.26646
4	22	47.2775
4	22	47.2891
4	22	47.29963
4	22	47.31074
4	22	47.32195
4	22	47.33299
4	22	47.34405
4	22	47.35582
4	22	47.36654
5	22	47.3776
5	22	47.38895
5	22	47.39993
5	22	47.41085
5	22	47.4223
5	22	47.4332
5	22	47.44453
5	22	47.45589
5	22	47.46687
5	22	47.47823
5	22	47.48951
6	22	47.50087
6	22	47.5119
6	22	47.52309
6	22	47.53442
6	22	47.54559
6	22	47.55679
6	22	47.56829
6	22	47.57972
6	22	47.59055
6	22	47.6023
6	22	47.6131
7	22	47.62454
7	22	47.63514
7	22	47.64657
7	22	47.65727
7	22	47.66905
7	22	47.67982
7	22	47.69064
7	22	47.70181
7	22	47.71327
7	22	47.72435
7	22	47.73526
7	21	47.74655
7	21	47.75791
7	21	47.76867
7	21	47.78029
7	21	47.79097
7	21	47.80198
7	21	47.81332
7	21	47.82439
7	21	47.83538
7	21	47.84684
7	21	47.858
7	20	47.8691
7	20	47.88029
7	20	47.89161
7	20	47.90275
7	20	47.91467
7	20	47.92522
7	20	47.93644
7	20	47.94775
7	20	47.95881
7	20	47.96998
7	20	47.9814
7	19	47.99236
7	19	48.00357
7	19	48.01507
7	19	48.02584
7	19	48.03692
7	19	48.04824
7	19	48.05898
7	19	48.07035
7	19	48.0816
7	19	48.09258
7	19	48.1037
7	18	48.11535
7	18	48.1261
7	18	48.13718
7	18	48.14826
7	18	48.15965
7	18	48.17067
7	18	48.18207
7	18	48.1933
7	18	48.20457
7	18	48.2157
7	17	48.22718
7	17	48.23792
7	17	48.24952
7	17	48.26019
7	17	48.27156
7	17	48.28268
7	17	48.29386
7	17	48.30491
7	17	48.31599
7	17	48.3272
7	17	48.33831
7	16	48.3496
7	16	48.3607
7	16	48.37226
7	16	48.38335
7	16	48.3947
7	16	48.40657
7	16	48.41725
7	16	48.42843
7	16	48.43924
7	16	48.45069
7	16	48.46152
6	16	48.47264
6	16	48.48378
6	16	48.49501
6	16	48.50659
6	16	48.51794
6	16	48.52883
6	16	48.54022
6	16	48.55062
6	16	48.56222
6	16	48.57305
6	16	48.58403
5	16	48.59549
5	16	48.60639
5	16	48.61761
5	16	48.62883
5	16	48.64003
5	16	48.6511
5	16	48.66251
5	16	48.67348
5	16	48.68443
5	16	48.69609
5	16	48.70712
4	16	48.71812
4	16	48.72945
4	16	48.74065
4	16	48.75178
4	16	48.76292
4	16	48.77438
4	16	48.78556
4	16	48.79716
4	16	48.80773
4	16	48.81881
4	16	48.83039
3	16	48.84122
3	16	48.85258
3	16	48.86337
3	16	48.87477
3	16	48.88579
3	16	48.89778
3	16	48.90903
3	16	48.91966
3	16	48.93028
3	16	48.94153
3	16	48.95258
2	16	48.96387
2	16	48.9751
2	16	48.98644
2	16	48.99773
2	16	49.00887
2	16	49.0197
2	16	49.03129
2	16	49.04203
2	16	49.05328
2	16	49.06448
2	16	49.07575
2	17	49.08683
2	17	49.09816
2	17	49.10901
2	17	49.12004
2	17	49.1316
2	17	49.14255
2	17	49.15358
2	17	49.16544
2	17	49.17609
2	17	49.18729
2	17	49.19867
2	18	49.20945
2	18	49.22071
2	18	49.23234
2	18	49.24326
2	18	49.25457
2	18	49.26614
2	18	49.27676
2	18	49.28767
2	18	49.2992
2	18	49.31003
2	18	49.32155
2	19	49.40543
2	19	49.42094
2	19	49.43293
2	19	49.44046
2	19	49.44819
2	19	49.45425
2	19	49.46149
2	19	49.47184
2	19	49.48279
2	19	49.49433
2	19	49.50541
3	19	49.51711
3	19	49.52779
3	19	49.5387
3	19	49.56521
3	19	49.57325
3	19	49.58056
3	19	49.58748
3	19	49.59423
3	19	49.60531
3	19	49.61694
3	19	49.62839
4	19	49.63933
4	19	49.65041
4	19	49.66181
4	19	49.67279
4	19	49.68405
4	19	49.69499
4	19	49.70645
4	19	49.7174
4	19	49.72865
4	19	49.73982
4	19	49.75078
4	19	49.76178
4	19	49.77327
4	19	49.78446
4	19	49.79597
4	19	49.80717
4	19	49.81786
4	20	49.82958
4	20	49.84057
4	20	49.85173
4	20	49.86318
4	20	49.87418
4	20	49.88548
4	20	49.89643
4	20	49.9073
4	20	49.91855
4	20	49.93026
4	20	49.94164
4	21	49.95229
4	21	49.96344
4	21	49.97475
4	21	49.98634
4	21	49.99714
4	21	50.00808
4	21	50.01934
4	21	50.03109
4	21	50.04177
4	21	50.05294
4	21	50.06423
4	22	50.0753
4	22	50.0871
4	22	50.09948
4	22	50.1103
4	22	50.12238
4	22	50.13377
4	22	50.14503
4	22	50.15663
4	22	50.16816
4	22	50.17992
4	22	50.19176
4	22	50.20338
4	22	50.21449
4	22	50.22638
4	22	50.23714
4	22	50.24815
4	22	50.25946
4	22	50.27042
4	21	50.28165
4	21	50.29267
4	21	50.30434
4	21	50.31579
4	21	50.32697
4	21	50.33798
4	21	50.34914
4	21	50.36039
4	21	50.37149
4	21	50.38308
4	20	50.39365
4	20	50.40463
4	20	50.41597
4	20	50.4269
4	20	50.438
4	20	50.44923
4	20	50.46023
4	20	50.47171
4	20	50.48356
4	20	50.494
4	20	50.50502
4	19	50.51672
4	19	50.52768
4	19	50.53895
4	19	50.55022
4	19	50.5616
4	19	50.57279
4	19	50.58382
4	19	50.59487
4	19	50.60607
4	19	50.61728
4	19	50.62835
3	19	50.6393
3	19	50.65042
3	19	50.66151
3	19	50.6728
3	19	50.68383
3	19	50.69498
3	19	50.70621
3	19	50.71747
3	19	50.72883
3	19	50.73973
3	19	50.75107
2	19	50.76203
2	19	50.77308
2	19	50.78476
2	19	50.79549
2	19	50.80674
2	19	50.81774
2	19	50.82943
2	19	50.84025
2	19	50.85157
2	19	50.86286
2	19	50.87385
2	19	50.88515
2	19	50.89608
2	18	50.90725
2	18	50.91887
2	18	50.93058
2	18	50.94129
2	18	50.95185
2	18	50.96322
2	18	50.97429
2	18	50.98535
2	18	50.99663
2	18	51.008
2	18	51.01898
2	17	51.03044
2	17	51.04163
2	17	51.0525
2	17	51.0639
2	17	51.07507
2	17	51.08632
2	17	51.09754
2	17	51.10856
2	17	51.11964
2	17	51.13073
2	17	51.14187
2	16	51.15305
2	16	51.16441
2	16	51.17553
2	16	51.18686
2	16	51.19834
2	16	51.20911
2	16	51.22039
2	16	51.23149
2	16	51.24314
2	16	51.25455
2	16	51.26576
2	15	51.27682
2	15	51.28822
2	15	51.29911
2	15	51.31164
2	15	51.32167
2	15	51.33218
2	15	51.34323
2	15	51.35526
2	15	51.36671
2	15	51.37649
2	15	51.38762
2	14	51.39856
2	14	51.4098
2	14	51.42167
2	14	51.43237
2	14	51.44346
2	14	51.45468
2	14	51.46583
2	14	51.47699
2	14	51.48835
2	14	51.49952
2	14	51.51096
2	13	51.52217
2	13	51.53302
2	13	51.54457
2	13	51.55555
2	13	51.56683
2	13	51.57797
2	13	51.58921
2	13	51.60048
2	13	51.61157
2	13	51.62282
2	13	51.63367
2	13	51.64476
2	13	51.65583
2	13	51.6676
2	13	51.67834
2	13	51.68924
2	13	51.70067
2	13	51.71154
3	13	51.72269
3	13	51.73409
3	13	51.74557
3	13	51.75666
3	13	51.76799
3	13	51.77883
3	13	51.79055
3	13	51.80169
3	13	51.81267
3	13	51.82447
3	13	51.83529
4	13	51.84599
4	13	51.85709
4	13	51.86846
4	13	51.8795
4	13	51.89058
4	13	51.90198
4	13	51.91275
4	13	51.92416
4	13	51.93532
4	13	51.94628
4	13	51.95743
4	12	51.96866
4	12	51.9798
4	12	51.99063
4	12	52.00214
4	12	52.01331
4	12	52.02422
4	12	52.03561
4	12	52.04654
4	12	52.05768
4	12	52.069
4	12	52.08033
4	11	52.09175
4	11	52.10259
4	11	52.11374
4	11	52.12542
4	11	52.13708
4	11	52.15011
4	11	52.16137
4	11	52.17006
4	11	52.1809
4	11	52.19189
4	11	52.20318
4	10	52.21373
4	10	52.22471
4	10	52.23642
4	10	52.2478
4	10	52.25856
4	10	52.27017
4	10	52.28112
4	10	52.29261
4	10	52.30384
4	10	52.31495
4	10	52.32596
4	10	52.33659
4	10	52.34776
4	10	52.35868
4	10	52.36995
4	10	52.38156
4	10	52.39222
3	10	52.40348
3	10	52.41452
3	10	52.42626
3	10	52.43749
3	10	52.44849
3	10	52.45944
3	10	52.47034
3	10	52.48186
3	10	52.49289
3	10	52.50396
3	10	52.5149
2	10	52.52619
2	10	52.53728
2	10	52.54853
2	10	52.55951
2	10	52.57078
2	10	52.58212
2	10	52.59364
2	10	52.60518
2	10	52.61605
2	10	52.62722
2	9	52.63831
2	9	52.64952
2	9	52.66075
2	9	52.67215
2	9	52.68315
2	9	52.69448
2	9	52.70554
2	9	52.71673
2	9	52.72815
2	9	52.73919
2	9	52.75024
2	8	52.76171
2	8	52.77271
2	8	52.7839
2	8	52.79528
2	8	52.80642
2	8	52.8175
2	8	52.82876
2	8	52.84008
2	8	52.85107
2	8	52.86217
2	8	52.87333
2	7	52.88438
2	7	52.89558
2	7	52.90667
2	7	52.91827
2	7	52.92908
2	7	52.94011
2	7	52.95187
2	7	52.96393
2	7	52.97395
2	7	52.9847
2	7	52.99563
2	7	53.00682
2	7	53.01834
2	7	53.02939
3	7	53.04056
3	7	53.05169
3	7	53.06311
3	7	53.07464
3	7	53.08596
3	7	53.09692
3	7	53.10832
3	7	53.11955
3	7	53.13076
3	7	53.14178
3	7	53.15275
4	7	53.16392
4	7	53.17497
4	7	53.18623
4	7	53.19752
4	7	53.20887
4	7	53.21986
4	7	53.23079
4	7	53.24154
4	7	53.25292
4	7	53.26389
4	7	53.27472
4	6	53.28624
4	6	53.29732
4	6	53.30849
4	6	53.31979
4	6	53.33109
4	6	53.34209
4	6	53.35334
4	6	53.36463
4	6	53.37623
4	6	53.3875
4	6	53.39841
4	5	53.40976
4	5	53.42079
4	5	53.4319
4	5	53.44305
4	5	53.45435
4	5	53.46564
4	5	53.4767
4	5	53.4878
4	5	53.49876
4	5	53.50983
4	5	53.52097
4	4	53.53206
4	4	53.54343
4	4	53.5543
4	4	53.56568
4	4	53.57684
4	4	53.58792
4	4	53.59916
4	4	53.61038
4	4	53.62185
4	4	53.63268
4	4	53.64407
4	4	53.65525
4	4	53.6666
3	4	53.67772
3	4	53.68881
3	4	53.70035
3	4	53.71107
3	4	53.72257
3	4	53.73365
3	4	53.7448
3	4	53.75591
3	4	53.76731
3	4	53.77817
3	4	53.78958
2	4	53.80035
2	4	53.81153
2	4	53.82279
2	4	53.83367
2	4	53.84484
2	4	53.85707
2	4	53.86715
2	4	53.87813
2	4	53.88929
2	4	53.90051
2	4	53.91166
2	3	53.92286
2	3	53.93446
2	3	53.9459
2	3	53.95697
2	3	53.96811
2	3	53.97971
2	3	53.99066
2	3	54.0016
2	3	54.01284
2	3	54.02373
2	3	54.0351
2	3	54.04652
2	3	54.0573
2	3	54.06864
2	3	54.07939
2	3	54.09048
2	3	54.10186
2	3	54.11309
2	3	54.12458
2	3	54.13542
2	3	54.14678
2	3	54.158
2	2	54.16932
2	2	54.18019
2	2	54.19118
2	2	54.20258
2	2	54.21348
2	2	54.22472
2	2	54.23579
2	2	54.24689
2	2	54.25808
2	2	54.26936
2	2	54.28019
2	2	54.29128
2	2	54.30255
2	2	54.31388
2	2	54.32558
2	2	54.3368
2	2	54.34835
2	2	54.35926
2	2	54.37037
3	2	54.38168
3	2	54.3925
3	2	54.40388
3	2	54.41505
3	2	54.42652
3	2	54.43753
3	2	54.44854
3	2	54.45953
3	2	54.47105
3	2	54.48223
3	2	54.49283
4	2	54.50448
4	2	54.51509
4	2	54.52607
4	2	54.53747
4	2	54.54867
4	2	54.55973
4	2	54.57109
4	2	54.58218
4	2	54.59309
4	2	54.60453
5	2	54.61574
5	2	54.62696
5	2	54.63856
5	2	54.64932
5	2	54.66061
5	2	54.6719
5	2	54.68293
5	2	54.69404
5	2	54.70523
5	2	54.71623
5	2	54.72738
6	2	54.73841
6	2	54.74944
6	2	54.76062
6	2	54.77183
6	2	54.78294
6	2	54.79459
6	2	54.80509
6	2	54.81635
6	2	54.82743
6	2	54.83889
6	2	54.84995
7	2	54.8614
7	2	54.8725
7	2	54.88363
7	2	54.89523
7	2	54.90639
7	2	54.91765
7	2	54.92895
7	2	54.93983
7	2	54.95098
7	2	54.96172
7	2	54.97372
7	3	54.98487
7	3	54.99592
7	3	55.007
7	3	55.01807
7	3	55.02939
7	3	55.04019
7	3	55.05176
7	3	55.06229
7	3	55.07324
7	3	55.08461
7	3	55.096
7	3	55.10743
7	3	55.11819
7	3	55.12978
7	3	55.14386
7	3	55.15198
7	3	55.16219
7	3	55.17313
7	3	55.18439
7	3	55.19566
7	3	55.20673
7	3	55.21788
7	4	55.22906
7	4	55.24016
7	4	55.25116
7	4	55.26264
7	4	55.27326
7	4	55.28461
7	4	55.29575
7	4	55.30705
7	4	55.31784
7	4	55.32914
7	4	55.34017
6	4	55.3513
6	4	55.36281
6	4	55.37407
6	4	55.38543
6	4	55.39659
6	4	55.40752
6	4	55.41903
6	4	55.4299
6	4	55.44135
6	4	55.45222
6	4	55.46354
5	4	55.47451
5	4	55.4856
5	4	55.4968
5	4	55.50807
5	4	55.51912
5	4	55.53059
5	4	55.54179
5	4	55.55363
5	4	55.56477
5	4	55.57631
5	4	55.58747
4	4	55.59856
4	4	55.60987
4	4	55.62155
4	4	55.63208
4	4	55.64346
4	4	55.65492
4	4	55.66571
4	4	55.67672
4	4	55.68799
4	4	55.69921
4	4	55.71003
3	4	55.72169
3	4	55.73322
3	4	55.74422
3	4	55.75525
3	4	55.76614
3	4	55.77761
3	4	55.78875
3	4	55.79942
3	4	55.81068
3	4	55.82211
3	4	55.83314
4	4	55.84459
4	4	55.85587
4	4	55.86697
4	4	55.87771
4	4	55.88916
4	4	55.9003
4	4	55.91135
4	4	55.92229
4	4	55.9337
4	4	55.9445
4	4	55.9559
5	4	55.96693
5	4	55.97823
5	4	55.98934
5	4	56.00104
5	4	56.01182
5	4	56.0229
5	4	56.03453
5	4	56.04563
5	4	56.05655
5	4	56.06788
5	4	56.0789
6	4	56.09007
6	4	56.10131
6	4	56.11233
6	4	56.12342
6	4	56.13464
6	4	56.14595
6	4	56.15719
6	4	56.16823
6	4	56.17943
6	4	56.19036
6	4	56.20184
7	4	56.21271
7	4	56.22388
7	4	56.23486
7	4	56.24627
7	4	56.25748
7	4	56.26872
7	4	56.27989
7	4	56.29079
7	4	56.30178
7	4	56.31301
7	4	56.32411
7	5	56.33541
7	5	56.34679
7	5	56.35833
7	5	56.36933
7	5	56.3807
7	5	56.39152
7	5	56.40284
7	5	56.4141
7	5	56.42539
7	5	56.43698
7	5	56.44762
7	6	56.45867
7	6	56.46986
7	6	56.4811
7	6	56.49236
7	6	56.50349
7	6	56.51518
7	6	56.52561
7	6	56.53704
7	6	56.54787
7	6	56.55896
7	6	56.57013
7	7	56.58126
7	7	56.59245
7	7	56.60392
7	7	56.61504
7	7	56.62646
7	7	56.63816
7	7	56.64892
7	7	56.66006
7	7	56.67166
7	7	56.68233
7	8	56.69353
7	8	56.70499
7	8	56.71633
7	8	56.72754
7	8	56.73901
7	8	56.74944
7	8	56.7607
7	8	56.77191
7	8	56.78288
7	8	56.7939
7	8	56.80515
7	9	56.81651
7	9	56.82779
7	9	56.83987
7	9	56.84957
7	9	56.8608
7	9	56.87237
7	9	56.88306
7	9	56.89405
7	9	56.90522
7	9	56.91631
7	9	56.9274
7	10	56.93862
7	10	56.94959
7	10	56.96091
7	10	56.9725
7	10	56.98367
7	10	56.99473
7	10	57.00697
7	10	57.01867
7	10	57.0285
7	10	57.03937
7	10	57.05065
6	10	57.06187
6	10	57.07302
6	10	57.08392
6	10	57.09525
6	10	57.10637
6	10	57.11756
6	10	57.12857
6	10	57.14007
6	10	57.15081
6	10	57.16198
6	10	57.17302
5	10	57.18431
5	10	57.19564
5	10	57.20678
5	10	57.21786
5	10	57.22951
5	10	57.24055
5	10	57.25165
5	10	57.26294
5	10	57.27414
4	10	57.30704
4	10	57.31824
4	10	57.3284
4	10	57.33448
4	10	57.34111
4	10	57.34727
4	10	57.35786
4	10	57.36892
4	10	57.3801
4	10	57.39179
4	10	57.40289
4	10	57.41366
4	10	57.42471
3	10	57.43586
3	10	57.44682
3	10	57.45811
3	10	57.46898
3	10	57.47997
3	10	57.49145
3	10	57.50237
3	10	57.51329
3	10	57.52492
3	10	57.53586
3	10	57.54711
4	10	57.55864
4	10	57.57025
4	10	57.58141
4	10	57.59233
4	10	57.60357
4	10	57.61503
4	10	57.62658
4	10	57.63705
4	10	57.64754
4	10	57.65904
4	10	57.67024
5	10	57.68137
5	10	57.69247
5	10	57.70353
5	10	57.71483
5	10	57.72596
5	10	57.73764
5	10	57.74876
5	10	57.75983
5	10	57.77105
5	10	57.7823
6	10	57.7935
6	10	57.80486
6	10	57.81535
6	10	57.82678
6	10	57.83834
6	10	57.84937
6	10	57.86045
6	10	57.87163
6	10	57.88263
6	10	57.89474
6	10	57.90659
7	10	57.91827
7	10	57.9301
7	10	57.94181
7	10	57.95367
7	10	57.96551
7	10	57.97744
7	10	57.98859
7	10	58.00011
7	10	58.01133
7	10	58.02274
7	10	58.0341
8	10	58.04551
8	10	58.05641
8	10	58.06749
8	10	58.07886
8	10	58.09048
8	10	58.1006
8	10	58.11172
8	10	58.12321
8	10	58.13358
8	10	58.14486
8	10	58.15654
9	10	58.16724
9	10	58.1783
9	10	58.19
9	10	58.20077
9	10	58.21204
9	10	58.2236
9	10	58.23478
9	10	58.24625
9	10	58.25719
9	10	58.26805
9	10	58.27933
10	10	58.29078
10	10	58.30183
10	10	58.31304
10	10	58.32413
10	10	58.3353
10	10	58.34667
10	10	58.35774
10	10	58.36897
10	10	58.37997
10	10	58.39096
10	10	58.40278
11	10	58.41327
11	10	58.42437
11	10	58.43567
11	10	58.44687
11	10	58.45798
11	10	58.46917
11	10	58.48043
11	10	58.49149
11	10	58.50268
11	10	58.51394
11	10	58.52528
12	10	58.53676
12	10	58.548
12	10	58.55948
12	10	58.57138
12	10	58.58246
12	10	58.59225
12	10	58.60302
12	10	58.6144
12	10	58.62524
12	10	58.63644
12	10	58.64775
13	10	58.6591
13	10	58.66997
13	10	58.68135
13	10	58.69239
13	10	58.70387
13	10	58.71529
13	10	58.72612
13	10	58.73735
13	10	58.74813
13	10	58.7593
13	10	58.77052
13	9	58.78172
13	9	58.79314
13	9	58.80433
13	9	58.81568
13	9	58.82696
13	9	58.838
13	9	58.84884
13	9	58.86009
13	9	58.8714
13	9	58.8822
13	8	58.8936
13	8	58.90475
13	8	58.91624
13	8	58.92726
13	8	58.93859
13	8	58.9495
13	8	58.96074
13	8	58.972
13	8	58.9828
13	8	58.99406
13	8	59.00512
13	7	59.01631
13	7	59.02766
13	7	59.04697
13	7	59.06016
13	7	59.06708
13	7	59.07306
13	7	59.0804
13	7	59.08852
13	7	59.09964
13	7	59.11091
13	7	59.12215
13	7	59.13313
12	7	59.14438
12	7	59.15542
12	7	59.16667
12	7	59.17816
12	7	59.18903
12	7	59.20002
12	7	59.21147
12	7	59.22222
12	7	59.23372
12	7	59.24498
12	7	59.2559
11	7	59.26775
11	7	59.2788
11	7	59.29013
11	7	59.30167
11	7	59.31278
11	7	59.32382
11	7	59.33537
11	7	59.34704
11	7	59.35765
11	7	59.36826
11	7	59.379
10	7	59.39049
10	7	59.40165
10	7	59.41235
10	7	59.42413
10	7	59.43483
10	7	59.44621
10	7	59.45771
10	7	59.4689
10	7	59.48026
10	7	59.49197
10	7	59.50305
9	7	59.51342
9	7	59.52509
9	7	59.53621
9	7	59.54801
9	7	59.55939
9	7	59.57087
9	7	59.58276
9	7	59.59433
9	7	59.60573
9	7	59.61712
8	7	59.62891
8	7	59.64074
8	7	59.65173
8	7	59.66331
8	7	59.67419
8	7	59.68565
8	7	59.69756
8	7	59.70859
8	7	59.7198
8	7	59.73111
8	7	59.74257
7	7	59.75362
7	7	59.7649
7	7	59.77602
7	7	59.78734
7	7	59.79848
7	7	59.80984
7	7	59.82098
7	7	59.83181
7	7	59.84313
7	7	59.85411
7	7	59.86524
7	7	59.87651
7	7	59.8879
7	7	59.89885
7	7	59.90991
8	7	59.92113
8	7	59.93227
8	7	59.9435
8	7	59.95461
8	7	59.96621
8	7	59.97698
8	7	59.98804
8	7	59.99919
8	7	60.01057
8	7	60.02134
8	7	60.03254
8	7	60.04373
8	7	60.05504
8	7	60.06658
8	7	60.07766
8	7	60.08884
8	7	60.10004
8	7	60.11111
8	7	60.1227
8	7	60.13373
8	7	60.14488
8	7	60.15615
9	7	60.16708
9	7	60.1781
9	7	60.18913
9	7	60.20019
9	7	60.21134
9	7	60.22254
9	7	60.23376
9	7	60.24472
9	7	60.25604
9	7	60.26756
9	7	60.27911
9	6	60.29016
9	6	60.30103
9	6	60.31237
9	6	60.32355
9	6	60.33557
9	6	60.3456
9	6	60.35705
9	6	60.36823
9	6	60.37938
9	6	60.39074
9	6	60.40158
9	5	60.41284
9	5	60.42406
9	5	60.43581
9	5	60.44622
9	5	60.45753
9	5	60.46859
9	5	60.47982
9	5	60.49137
9	5	60.50241
9	5	60.5137
9	5	60.52485
9	4	60.53575
9	4	60.5471
9	4	60.55879
9	4	60.56929
9	4	60.58044
9	4	60.59183
9	4	60.60249
9	4	60.61357
9	4	60.62537
9	4	60.6357
9	4	60.64674
10	4	60.65842
10	4	60.66914
10	4	60.68024
10	4	60.6915
10	4	60.7026
10	4	60.71401
10	4	60.7254
10	4	60.73668
10	4	60.74805
10	4	60.75924
10	4	60.77012
11	4	60.7815
11	4	60.79277
11	4	60.80374
11	4	60.81499
11	4	60.82608
11	4	60.83731
11	4	60.84824
11	4	60.85937
11	4	60.87049
11	4	60.88158
11	4	60.89305
12	4	60.90475
12	4	60.91551
12	4	60.92691
12	4	60.93769
12	4	60.94909
12	4	60.96012
12	4	60.97132
12	4	60.98231
12	4	60.99334
12	4	61.00454
12	3	61.01565
12	3	61.02677
12	3	61.03778
12	3	61.0491
12	3	61.06129
12	3	61.07605
12	3	61.08707
12	3	61.09419
12	3	61.10288
12	3	61.11375
12	3	61.12532
12	3	61.13612
12	2	61.14749
12	2	61.15891
12	2	61.16993
12	2	61.18123
12	2	61.193
12	2	61.204
12	2	61.21542
12	2	61.22882
12	2	61.23917
12	2	61.24854
12	2	61.25983
12	1	61.27062
12	1	61.28175
12	1	61.2932
12	1	61.30394
12	1	61.31516
12	1	61.32647
12	1	61.33749
12	1	61.34866
12	1	61.35999
12	1	61.37136
12	1	61.38202
11	1	61.39353
11	1	61.4047
11	1	61.41583
11	1	61.42755
11	1	61.43828
11	1	61.44957
11	1	61.461
11	1	61.47215
11	1	61.48359
11	1	61.49477
10	1	61.50614
10	1	61.51767
10	1	61.52896
10	1	61.53979
10	1	61.55117
10	1	61.56229
10	1	61.57365
10	1	61.58472
10	1	61.59652
10	1	61.60775
10	1	61.61876
9	1	61.6302
9	1	61.64111
9	1	61.65242
9	1	61.66381
9	1	61.67474
9	1	61.68618
9	1	61.69718
9	1	61.70848
9	1	61.71953
9	1	61.7303
9	1	61.74133
8	1	61.75252
8	1	61.76405
8	1	61.7755
8	1	61.78666
8	1	61.7983
8	1	61.80918
8	1	61.82011
8	1	61.83152
8	1	61.8432
8	1	61.85351
8	1	61.86547
7	1	61.87581
7	1	61.88708
7	1	61.89825
7	1	61.90943
7	1	61.92027
7	1	61.93158
7	1	61.94298
7	1	61.95418
7	1	61.96526
7	1	61.97668
7	1	61.98748
6	1	61.99887
6	1	62.0099
6	1	62.02099
6	1	62.03217
6	1	62.04368
6	1	62.05465
6	1	62.06593
6	1	62.07699
6	1	62.08818
6	1	62.09912
6	1	62.11078
8	1	62.12164
8	1	62.1328
8	1	62.14413
8	1	62.15524
8	1	62.16579
8	1	62.17732
8	1	62.18842
8	1	62.19949
8	1	62.21068
8	1	62.2224
8	1	62.23341
8	1	62.24445
8	1	62.25554
8	1	62.26685
8	1	62.2781
8	1	62.28929
8	1	62.30037
8	1	62.31176
8	1	62.32264
8	1	62.33389
8	1	62.34487
8	1	62.35629
9	1	62.36749
9	1	62.37872
9	1	62.38997
9	1	62.40102
9	1	62.41216
9	1	62.42339
9	1	62.4348
9	1	62.44551
9	1	62.45673
9	1	62.4684
9	1	62.47895
10	1	62.48991
10	1	62.50108
10	1	62.51226
10	1	62.52351
10	1	62.53457
10	1	62.54573
10	1	62.55717
10	1	62.56834
10	1	62.57955
10	1	62.59069
10	1	62.60202
11	1	62.61312
11	1	62.62466
11	1	62.63556
11	1	62.6469
11	1	62.65802
11	1	62.66892
11	1	62.6801
11	1	62.69099
11	1	62.7023
11	1	62.7133
11	1	62.72446
12	1	62.73583
12	1	62.74715
12	1	62.75847
12	1	62.76944
12	1	62.7808
12	1	62.79188
12	1	62.80299
12	1	62.81404
12	1	62.82531
12	1	62.83632
12	1	62.8476
13	1	62.8587
13	1	62.8697
13	1	62.88087
13	1	62.89208
13	1	62.90335
13	1	62.91476
13	1	62.92563
13	1	62.9371
13	1	62.94782
13	1	62.95912
13	1	62.97016
14	1	62.98132
14	1	62.99247
14	1	63.00412
14	1	63.01526
14	1	63.02757
14	1	63.03833
14	1	63.04919
14	1	63.06076
14	1	63.0717
14	1	63.08361
15	1	63.09571
15	1	63.10967
15	1	63.12103
15	1	63.13279
15	1	63.13989
15	1	63.14804
15	1	63.15557
15	1	63.16589
15	1	63.17754
15	1	63.18839
15	1	63.19899
15	1	63.21059
16	1	63.22151
16	1	63.23277
16	1	63.24408
16	1	63.25519
16	1	63.26603
16	1	63.27773
16	1	63.28849
16	1	63.29958
16	1	63.31093
16	1	63.32155
16	1	63.33288
17	1	63.34398
17	1	63.35524
17	1	63.36634
17	1	63.37795
17	1	63.38898
17	1	63.40023
17	1	63.41224
17	1	63.42307
17	1	63.43415
17	1	63.44514
17	1	63.45628
18	1	63.46767
18	1	63.47856
18	1	63.48972
18	1	63.50108
18	1	63.51252
18	1	63.52386
18	1	63.53572
18	1	63.54697
18	1	63.55852
18	1	63.57016
18	1	63.58149
19	1	63.59269
19	1	63.60424
19	1	63.61558
19	1	63.62806
19	1	63.63817
19	1	63.64977
19	1	63.66133
19	1	63.67257
19	1	63.68415
19	1	63.69547
20	1	63.70695
20	1	63.71835
20	1	63.72983
20	1	63.74092
20	1	63.75203
20	1	63.76342
20	1	63.77441
20	1	63.78574
20	1	63.79716
20	1	63.80813
20	1	63.8193
21	1	63.83049
21	1	63.84166
21	1	63.85282
21	1	63.86412
21	1	63.87519
21	1	63.88696
21	1	63.89788
21	1	63.90935
21	1	63.92024
21	1	63.93158
21	1	63.94235
20	1	63.95365
20	1	63.96473
20	1	63.97606
20	1	63.98766
20	1	63.99814
20	1	64.00957
20	1	64.02048
20	1	64.03197
20	1	64.04347
20	1	64.05412
20	1	64.06514
19	1	64.07639
19	1	64.08762
19	1	64.09863
19	1	64.10987
19	1	64.12095
19	1	64.13246
19	1	64.14362
19	1	64.15453
19	1	64.16569
19	1	64.17661
19	1	64.18785
18	1	64.19898
18	1	64.21011
18	1	64.22111
18	1	64.23243
18	1	64.24364
18	1	64.25481
18	1	64.2662
18	1	64.2773
18	1	64.28823
18	1	64.29977
18	1	64.31108
17	1	64.32211
17	1	64.33327
17	1	64.34476
17	1	64.35598
17	1	64.36723
17	1	64.3782
17	1	64.38918
17	1	64.4001
17	1	64.41175
17	1	64.42247
17	1	64.43367
16	1	64.44508
16	1	64.45593
16	1	64.46715
16	1	64.47838
16	1	64.48933
16	1	64.50061
16	1	64.51234
16	1	64.52304
16	1	64.53432
16	1	64.54578
16	1	64.55671
15	1	64.5679
15	1	64.57925
15	1	64.59044
15	1	64.60161
15	1	64.61297
15	1	64.62408
15	1	64.63506
15	1	64.64635
15	1	64.65757
15	1	64.66893
15	1	64.67987
15	3	64.69079
15	3	64.70203
15	3	64.71313
15	3	64.72404
15	3	64.73512
15	3	64.74674
15	3	64.75745
15	3	64.76888
15	3	64.78002
15	3	64.79131
15	3	64.80235
15	3	64.81326
15	3	64.82476
15	3	64.83557
15	3	64.84679
15	3	64.85787
15	3	64.86897
15	3	64.88073
15	3	64.89194
15	3	64.90326
15	3	64.91399
15	3	64.92537
15	4	64.93642
15	4	64.94775
15	4	64.95877
15	4	64.96989
15	4	64.98159
15	4	64.99202
15	4	65.00367
15	4	65.01489
15	4	65.02588
15	4	65.03729
15	4	65.04837
16	4	65.0597
16	4	65.07082
16	4	65.08199
16	4	65.0932
16	4	65.10435
16	4	65.11648
16	4	65.12782
16	4	65.13827
16	4	65.14857
16	4	65.15966
16	4	65.17084
17	4	65.182
17	4	65.19317
17	4	65.20449
17	4	65.21587
17	4	65.22707
17	4	65.23795
17	4	65.24899
17	4	65.26005
17	4	65.27112
17	4	65.28226
18	4	65.29359
18	4	65.3048
18	4	65.31586
18	4	65.32703
18	4	65.33827
18	4	65.34946
18	4	65.36062
18	4	65.37218
18	4	65.38328
18	4	65.39463
18	4	65.40576
18	4	65.41679
18	4	65.42793
18	4	65.43929
18	4	65.45057
18	4	65.46146
18	4	65.47272
18	4	65.48384
18	4	65.49519
18	4	65.5062
18	4	65.51742
18	4	65.52879
18	5	65.53976
18	5	65.55111
18	5	65.56243
18	5	65.5736
18	5	65.58455
18	5	65.59607
18	5	65.60712
18	5	65.6181
18	5	65.62953
18	5	65.64006
18	5	65.65142
18	6	65.66282
18	6	65.67343
18	6	65.68465
18	6	65.69595
18	6	65.70689
18	6	65.71831
18	6	65.72977
18	6	65.74042
18	6	65.75159
18	6	65.76327
18	6	65.77423
18	7	65.78531
18	7	65.79701
18	7	65.8077
18	7	65.81873
18	7	65.83031
18	7	65.84103
18	7	65.8523
18	7	65.86365
18	7	65.87483
18	7	65.886
18	7	65.89733
19	7	65.90855
19	7	65.9203
19	7	65.93091
19	7	65.94189
19	7	65.95311
19	7	65.96447
19	7	65.9753
19	7	65.98634
19	7	65.99747
19	7	66.00847
19	7	66.01941
20	7	66.03078
20	7	66.04208
20	7	66.05316
20	7	66.06448
20	7	66.07602
20	7	66.08709
20	7	66.09814
20	7	66.10919
20	7	66.12039
20	7	66.13151
20	7	66.14278
21	7	66.154
21	7	66.16512
21	7	66.17642
21	7	66.18771
21	7	66.19876
21	7	66.20989
21	7	66.22129
21	7	66.23283
21	7	66.24342
21	7	66.25467
21	7	66.26561
20	7	66.27677
20	7	66.28768
20	7	66.29874
20	7	66.31005
20	7	66.32122
20	7	66.33227
20	7	66.34343
20	7	66.35468
20	7	66.36579
20	7	66.37718
20	7	66.38857
19	7	66.39941
19	7	66.4105
19	7	66.42192
19	7	66.43327
19	7	66.44422
19	7	66.45551
19	7	66.46654
19	7	66.47766
19	7	66.48878
19	7	66.49992
19	7	66.51109
18	7	66.52222
18	7	66.53349
18	7	66.54503
18	7	66.55611
18	7	66.56715
18	7	66.57816
18	7	66.58965
18	7	66.60059
18	7	66.6119
18	7	66.62336
18	7	66.63427
17	7	66.64538
17	7	66.65658
17	7	66.66785
17	7	66.67937
17	7	66.69085
17	7	66.70193
17	7	66.71339
17	7	66.72385
17	7	66.73505
17	7	66.74617
17	7	66.75721
16	7	66.76853
16	7	66.77966
16	7	66.79156
16	7	66.80542
16	7	66.81358
16	7	66.82402
16	7	66.83467
16	7	66.84587
16	7	66.85727
16	7	66.8679
16	7	66.87902
15	7	66.89026
15	7	66.90137
15	7	66.91266
15	7	66.92367
15	7	66.93484
15	7	66.94602
15	7	66.95737
15	7	66.96803
15	7	66.97933
15	7	66.99055
15	7	67.00172
15	8	67.01361
15	8	67.02417
15	8	67.03539
15	8	67.0468
15	8	67.05788
15	8	67.0689
15	8	67.08047
15	8	67.09129
15	8	67.10265
15	8	67.11382
15	8	67.12476
15	9	67.13692
15	9	67.14863
15	9	67.15916
15	9	67.16987
15	9	67.18095
15	9	67.19206
15	9	67.20327
15	9	67.21468
15	9	67.22552
15	9	67.23707
15	9	67.24819
15	10	67.25921
15	10	67.27056
15	10	67.2818
15	10	67.293
15	10	67.30411
15	10	67.31542
15	10	67.32695
15	10	67.33781
15	10	67.34904
15	10	67.36031
15	10	67.37152
16	10	67.38243
16	10	67.39381
16	10	67.40475
16	10	67.4161
16	10	67.42737
16	10	67.43843
16	10	67.44965
16	10	67.46111
16	10	67.47211
16	10	67.48354
16	10	67.4946
17	10	67.50558
17	10	67.51657
17	10	67.52795
17	10	67.53883
17	10	67.55032
17	10	67.56143
17	10	67.5724
17	10	67.58372
17	10	67.59489
17	10	67.6061
17	10	67.61715
18	10	67.62894
18	10	67.63956
18	10	67.6504
18	10	67.66193
18	10	67.67313
18	10	67.68441
18	10	67.6953
18	10	67.70663
18	10	67.7178
18	10	67.72918
18	10	67.73978
18	11	67.75094
18	11	67.76233
18	11	67.77373
18	11	67.78473
18	11	67.79693
18	11	67.80737
18	11	67.81804
18	11	67.82929
18	11	67.84013
18	11	67.85126
18	11	67.86221
18	12	67.87329
18	12	67.88461
18	12	67.89581
18	12	67.90705
18	12	67.91838
18	12	67.92985
18	12	67.94077
18	12	67.95228
18	12	67.9633
18	12	67.9754
18	12	67.98572
18	13	67.99712
18	13	68.008
18	13	68.01929
18	13	68.03061
18	13	68.04163
18	13	68.05279
18	13	68.06403
18	13	68.07506
18	13	68.08649
18	13	68.09752
18	13	68.10882
18	14	68.11945
18	14	68.13084
18	14	68.1421
18	14	68.15332
18	14	68.16521
18	14	68.17577
18	14	68.18753
18	14	68.19834
18	14	68.20905
18	14	68.22059
18	14	68.23155
18	15	68.24249
18	15	68.25375
18	15	68.2653
18	15	68.27588
18	15	68.28694
18	15	68.2985
18	15	68.30935
18	15	68.32053
18	15	68.33208
18	15	68.34277
18	15	68.35397
18	16	68.36543
18	16	68.37656
18	16	68.38789
18	16	68.39913
18	16	68.41032
18	16	68.4217
18	16	68.4325
18	16	68.44356
18	16	68.45483
18	16	68.46593
18	16	68.47707
18	17	68.48817
18	17	68.49938
18	17	68.51091
18	17	68.52198
18	17	68.53335
18	17	68.5443
18	17	68.55556
18	17	68.56671
18	17	68.57838
18	17	68.58893
18	17	68.60001
18	18	68.61142
18	18	68.62294
18	18	68.63396
18	18	68.64507
18	18	68.65604
18	18	68.66745
18	18	68.67844
18	18	68.68976
18	18	68.70065
18	18	68.71182
18	18	68.72282
18	17	68.73429
18	17	68.74509
18	17	68.75653
18	17	68.76755
18	17	68.77887
18	17	68.79022
18	17	68.80109
18	17	68.81194
18	17	68.82307
18	17	68.83431
18	17	68.84566
18	16	68.85668
18	16	68.86802
18	16	68.87914
18	16	68.89088
18	16	68.90166
18	16	68.9129
18	16	68.92431
18	16	68.93538
18	16	68.94656
18	16	68.95765
18	16	68.96872
18	15	68.97995
18	15	68.99104
18	15	69.00247
18	15	69.01339
18	15	69.02464
18	15	69.03568
18	15	69.04698
18	15	69.05798
18	15	69.06918
18	15	69.08014
18	15	69.09134
18	14	69.10245
18	14	69.11354
18	14	69.12498
18	14	69.13602
18	14	69.14713
18	14	69.15894
18	14	69.17018
18	14	69.18117
18	14	69.19177
18	14	69.20336
18	14	69.21418
18	13	69.22555
18	13	69.2366
18	13	69.24771
18	13	69.25894
18	13	69.27032
18	13	69.28153
18	13	69.29243
18	13	69.30351
18	13	69.31486
18	13	69.32611
18	13	69.33719
17	13	69.3484
17	13	69.35949
17	13	69.37069
17	13	69.38211
17	13	69.39402
17	13	69.40533
17	13	69.41605
17	13	69.42713
17	13	69.4384
17	13	69.4496
16	13	69.46033
16	13	69.47153
16	13	69.48301
16	13	69.49373
16	13	69.50494
16	13	69.51719
16	13	69.52705
16	13	69.53803
16	13	69.54948
16	13	69.56055
16	13	69.57171
15	13	69.583
15	13	69.59412
15	13	69.60538
15	13	69.61652
15	13	69.62764
15	13	69.63877
15	13	69.65
15	13	69.66106
15	13	69.6726
15	13	69.68344
15	13	69.69457
14	13	69.7056
14	13	69.7168
14	13	69.72801
14	13	69.73907
14	13	69.7505
14	13	69.76176
14	13	69.77311
14	13	69.78419
14	13	69.79585
14	13	69.80681
14	13	69.81765
13	13	69.82922
13	13	69.83994
13	13	69.85102
13	13	69.86239
13	13	69.87337
13	13	69.8844
13	13	69.89587
13	13	69.9072
13	13	69.91828
13	13	69.92963
13	13	69.9408
12	13	69.95202
12	13	69.96315
12	13	69.97456
12	13	69.98576
12	13	69.99673
12	13	70.0078
12	13	70.01865
12	13	70.02978
12	13	70.0408
12	13	70.05196
12	13	70.06339
11	13	70.07467
11	13	70.08643
11	13	70.09731
11	13	70.10815
11	13	70.11923
11	13	70.13059
11	13	70.14204
11	13	70.15266
11	13	70.16406
11	13	70.17517
11	13	70.18661
10	13	70.19758
10	13	70.20858
10	13	70.21977
10	13	70.23093
10	13	70.24194
10	13	70.25301
10	13	70.26439
10	13	70.27545
10	13	70.28677
10	13	70.2981
10	13	70.30869
9	13	70.31997
9	13	70.33072
9	13	70.34264
9	13	70.3537
9	13	70.36485
9	13	70.37605
9	13	70.38745
9	13	70.39863
9	13	70.40976
9	13	70.42088
9	13	70.43196
9	14	70.44334
9	14	70.4551
9	14	70.466
9	14	70.47709
9	14	70.48832
9	14	70.49921
9	14	70.51013
9	14	70.52132
9	14	70.53267
9	14	70.54346
9	14	70.55466
9	15	70.56594
9	15	70.5769
9	15	70.58806
9	15	70.59915
9	15	70.61082
9	15	70.62158
9	15	70.63316
9	15	70.64421
9	15	70.65544
9	15	70.66698
9	15	70.67809
9	16	70.68893
9	16	70.70029
9	16	70.71162
9	16	70.72268
9	16	70.73417
9	16	70.74506
9	16	70.75601
9	16	70.76778
9	16	70.77832
9	16	70.78991
9	16	70.80096
9	17	70.81174
9	17	70.82272
9	17	70.83422
9	17	70.84505
9	17	70.8565
9	17	70.86784
9	17	70.87871
9	17	70.88968
9	17	70.90125
9	17	70.91205
9	17	70.92339
9	18	70.95026
9	18	70.96086
9	18	70.97131
9	18	70.9775
9	18	70.98436
9	18	70.99519
9	18	71.00645
9	18	71.01803
9	18	71.02905
9	18	71.04015
9	17	71.0514
9	17	71.06269
9	17	71.07415
9	17	71.08522
9	17	71.09646
9	17	71.10749
9	17	71.11843
9	17	71.12934
9	17	71.14042
9	17	71.1518
9	17	71.16297
9	16	71.17419
9	16	71.18604
9	16	71.19764
9	16	71.20811
9	16	71.21902
9	16	71.23044
9	16	71.24157
9	16	71.25237
9	16	71.26361
9	16	71.27529
9	16	71.28638
9	15	71.29734
9	15	71.30825
9	15	71.31961
9	15	71.33071
9	15	71.34214
9	15	71.35354
9	15	71.36419
9	15	71.37565
9	15	71.38704
9	15	71.39829
9	15	71.40926
9	14	71.42049
9	14	71.43134
9	14	71.44247
9	14	71.45379
9	14	71.46478
9	14	71.47632
9	14	71.48778
9	14	71.49942
9	14	71.51073
9	14	71.52311
9	14	71.5346
9	13	71.5462
9	13	71.55741
9	13	71.56897
9	13	71.58068
9	13	71.59229
9	13	71.60442
9	13	71.61533
9	13	71.62715
9	13	71.63805
9	13	71.64935
9	12	71.66042
9	12	71.67178
9	12	71.68313
9	12	71.69431
9	12	71.70584
9	12	71.71669
9	12	71.72778
9	12	71.73883
9	12	71.75029
9	12	71.76158
9	12	71.77262
9	11	71.78388
9	11	71.79512
9	11	71.80602
9	11	71.81747
9	11	71.82842
9	11	71.83934
9	11	71.85064
9	11	71.86197
9	11	71.87287
9	11	71.88403
9	11	71.89516
9	10	71.90626
9	10	71.91743
9	10	71.92822
9	10	71.93947
9	10	71.95094
9	10	71.96198
9	10	71.97317
9	10	71.98552
9	10	71.99575
9	10	72.00694
9	10	72.01852
8	10	72.0295
8	10	72.04058
8	10	72.05181
8	10	72.06296
8	10	72.07416
8	10	72.08529
8	10	72.09647
8	10	72.10748
8	10	72.11858
8	10	72.12957
8	10	72.14088
7	10	72.15195
7	10	72.16346
7	10	72.1748
7	10	72.1858
7	10	72.19665
7	10	72.20795
7	10	72.21906
7	10	72.23022
7	10	72.24127
7	10	72.25274
7	10	72.26376
6	10	72.27539
6	10	72.28644
6	10	72.29752
6	10	72.30845
6	10	72.31951
6	10	72.33105
6	10	72.34175
6	10	72.35297
6	10	72.3642
6	10	72.37534
6	10	72.38667
6	11	72.39783
6	11	72.40878
6	11	72.41992
6	11	72.43095
6	11	72.44209
6	11	72.45364
6	11	72.46452
6	11	72.47578
6	11	72.48728
6	11	72.4982
6	11	72.50934
6	12	72.52059
6	12	72.53172
6	12	72.54319
6	12	72.55448
6	12	72.5658
6	12	72.57696
6	12	72.58814
6	12	72.59899
6	12	72.61007
6	12	72.62128
6	12	72.63248
6	13	72.64375
6	13	72.65472
6	13	72.66573
6	13	72.67687
6	13	72.6882
6	13	72.6992
6	13	72.71021
6	13	72.72147
6	13	72.73263
6	13	72.74394
6	13	72.75502
6	14	72.76648
6	14	72.77728
6	14	72.78861
6	14	72.80025
6	14	72.81057
6	14	72.82191
6	14	72.83353
6	14	72.84481
6	14	72.85584
6	14	72.86704
6	14	72.87823
6	15	72.88937
6	15	72.90048
