x	y	time
15	11	0.066401
15	11	0.07408591
15	11	0.08251721
15	11	0.0906807
15	11	0.09642781
15	11	0.1032972
15	11	0.1124956
15	11	0.1235464
15	11	0.134713
15	11	0.1453635
15	11	0.1567426
15	11	0.1682213
15	11	0.1798442
15	11	0.1906792
15	11	0.2019095
15	11	0.2128804
15	11	0.2239138
15	11	0.2351561
15	11	0.2465394
15	11	0.2576186
15	11	0.2689502
15	11	0.2799531
15	11	0.2912935
15	11	0.302331
15	11	0.3134993
15	11	0.3244542
15	11	0.3359902
15	11	0.3465691
15	11	0.357653
15	11	0.3692966
15	11	0.3800278
15	11	0.39111
15	11	0.4024384
15	11	0.4134722
15	11	0.4247478
15	11	0.4361271
15	11	0.447262
15	11	0.4584659
15	11	0.4699145
15	11	0.4811579
15	11	0.4927731
15	11	0.5036014
15	11	0.5148039
15	11	0.5260636
15	11	0.5371948
15	11	0.548354
15	11	0.5594327
15	11	0.5706955
15	11	0.582093
15	11	0.5934222
15	11	0.6047571
15	11	0.615761
15	11	0.6268629
15	11	0.6382673
15	11	0.6488947
15	11	0.6600931
15	11	0.671392
15	11	0.6826875
15	11	0.6943615
15	11	0.7066279
15	11	0.7190002
15	11	0.7318072
15	11	0.743457
15	11	0.7549379
15	11	0.7665756
15	11	0.7781559
15	11	0.78878
15	11	0.800411
15	11	0.8113964
15	11	0.8221466
15	11	0.8334605
15	11	0.8447067
15	11	0.8559253
15	11	0.8670203
15	11	0.8782754
15	11	0.8896341
15	11	0.9005975
15	11	0.9116609
15	11	0.9227173
15	11	0.9341514
15	11	0.9451776
15	11	0.9569235
15	11	0.9679627
15	11	0.9789514
15	11	0.9902155
15	11	1.001319
15	11	1.012491
15	11	1.023432
15	11	1.035087
15	11	1.046265
15	11	1.057299
15	11	1.068411
15	11	1.078992
15	11	1.090382
15	11	1.101644
15	11	1.112903
15	11	1.123874
15	11	1.135526
15	11	1.146721
15	11	1.158145
15	11	1.168835
15	11	1.180434
15	11	1.191401
15	11	1.202711
15	11	1.213289
15	11	1.224396
15	11	1.235559
15	11	1.24666
15	11	1.257792
15	11	1.269474
15	11	1.28073
15	11	1.291516
15	11	1.302808
15	11	1.313968
15	11	1.324964
15	11	1.336083
15	11	1.347338
15	11	1.3583
15	11	1.369736
15	11	1.381155
15	11	1.392053
15	11	1.403062
15	11	1.414305
15	11	1.426877
15	11	1.43825
15	11	1.447697
15	11	1.459105
15	11	1.47008
15	11	1.481501
15	11	1.492522
15	11	1.503651
15	11	1.514933
15	11	1.525951
15	11	1.537357
15	11	1.548431
15	11	1.559477
15	11	1.571205
15	11	1.582285
15	11	1.593334
15	11	1.604691
15	11	1.61548
15	11	1.626629
15	11	1.637893
15	11	1.649167
15	11	1.6605
15	11	1.671584
15	11	1.682695
15	11	1.694117
15	11	1.705245
15	11	1.716302
15	11	1.727686
15	11	1.738902
15	11	1.750013
15	11	1.760951
15	11	1.77268
15	11	1.783564
15	11	1.794303
15	11	1.805511
15	11	1.81671
15	11	1.827578
15	11	1.838721
15	11	1.850052
15	11	1.861124
15	11	1.87205
15	11	1.883307
15	11	1.894758
15	11	1.905591
15	11	1.916901
15	11	1.928179
15	11	1.939275
15	11	1.950557
15	11	1.961406
15	11	1.972621
15	11	1.983906
15	11	1.994924
15	11	2.006063
15	11	2.01762
15	11	2.028734
15	11	2.039899
15	11	2.051673
15	11	2.062341
15	11	2.073366
15	11	2.08483
15	11	2.095641
15	11	2.106813
15	11	2.118135
15	11	2.129785
15	11	2.14049
15	11	2.151994
15	11	2.162665
15	11	2.174109
15	11	2.184993
15	11	2.19613
15	11	2.20742
15	11	2.218888
15	11	2.229469
15	11	2.241297
15	11	2.252087
15	11	2.263064
15	11	2.274248
15	11	2.285717
15	11	2.296754
15	11	2.308078
15	11	2.31928
15	11	2.330345
15	11	2.341486
15	11	2.352973
15	11	2.363978
15	11	2.375008
15	11	2.386708
15	11	2.397258
15	11	2.408159
15	11	2.419533
15	11	2.430713
15	11	2.441896
15	11	2.453176
15	11	2.46439
15	11	2.475668
15	11	2.486817
15	11	2.497777
15	11	2.509351
15	11	2.52062
15	11	2.53179
15	11	2.54277
15	11	2.553774
15	11	2.564824
15	11	2.576018
15	11	2.587277
15	11	2.598408
15	11	2.610152
15	11	2.621177
15	11	2.631977
15	11	2.643211
15	11	2.654539
15	11	2.665444
15	11	2.676716
15	11	2.68787
15	11	2.698883
15	11	2.710351
15	11	2.721353
15	11	2.732518
15	11	2.743342
15	11	2.754488
15	11	2.765703
15	11	2.777044
15	11	2.788016
15	11	2.799475
15	11	2.810646
15	11	2.821645
15	11	2.832902
15	11	2.843874
15	11	2.854935
15	11	2.86619
15	11	2.877535
15	11	2.888582
15	11	2.89994
15	11	2.911296
15	11	2.922132
15	11	2.933606
15	11	2.944765
15	11	2.955935
15	11	2.96747
15	11	2.978868
15	11	2.990139
15	11	3.000927
15	11	3.012154
15	11	3.023301
15	11	3.034389
15	11	3.045821
15	11	3.05675
15	11	3.067687
15	11	3.079173
15	11	3.090299
15	11	3.101378
15	11	3.112315
15	11	3.123153
15	11	3.134834
15	11	3.145766
15	11	3.156684
15	11	3.167719
15	11	3.179092
15	11	3.189989
15	11	3.202207
15	11	3.212489
15	11	3.223608
15	11	3.234806
15	11	3.246267
15	11	3.257466
15	11	3.268697
15	11	3.280014
15	11	3.291043
15	11	3.302675
15	11	3.313502
15	11	3.324649
15	11	3.336224
15	11	3.346754
15	11	3.357793
15	11	3.369152
15	11	3.380176
15	11	3.39128
15	11	3.402796
15	11	3.413738
15	11	3.424855
15	11	3.436342
15	11	3.446868
15	11	3.458974
15	11	3.470364
15	11	3.480184
15	11	3.491467
15	11	3.503125
15	11	3.513931
15	11	3.525214
15	11	3.537103
15	11	3.547729
15	11	3.559069
16	11	3.570426
16	11	3.581547
16	11	3.592513
16	11	3.603915
16	11	3.61561
16	11	3.626317
16	11	3.637257
16	11	3.648209
16	11	3.65944
16	11	3.670928
16	11	3.681991
17	11	3.693161
17	11	3.704222
17	11	3.715312
17	11	3.726435
17	11	3.737755
17	11	3.748935
17	11	3.760103
17	11	3.772002
17	11	3.784119
17	11	3.793744
18	11	3.804775
18	11	3.815766
18	11	3.827142
18	11	3.838066
18	11	3.849416
18	11	3.860622
18	11	3.871645
18	11	3.882662
18	11	3.893912
18	11	3.90483
18	11	3.916021
19	11	3.927648
19	11	3.938491
19	11	3.949801
19	11	3.961614
19	11	3.972937
19	11	3.983966
19	11	3.995371
19	11	4.006099
19	11	4.017556
19	11	4.028356
19	11	4.039329
20	11	4.050723
20	11	4.062263
20	11	4.073061
20	11	4.105731
20	11	4.117141
20	11	4.133668
20	11	4.140835
20	11	4.147917
20	11	4.155795
20	11	4.166645
21	11	4.178221
21	11	4.189403
21	11	4.200182
21	11	4.211744
21	11	4.222676
21	11	4.233621
21	11	4.245296
21	11	4.256214
21	11	4.267292
21	11	4.278616
21	11	4.290005
22	11	4.301103
22	11	4.311925
22	11	4.323603
22	11	4.334373
22	11	4.34571
22	11	4.35675
22	11	4.367998
22	11	4.379692
22	11	4.390614
22	11	4.40164
22	11	4.41341
23	11	4.424273
23	11	4.435585
23	11	4.44713
23	11	4.458185
23	11	4.468454
23	11	4.479633
23	11	4.49088
23	11	4.501813
23	11	4.513166
23	11	4.52414
23	11	4.535642
24	11	4.546607
24	11	4.558002
24	11	4.569552
24	11	4.580401
24	11	4.59185
24	11	4.602952
24	11	4.614002
24	11	4.625183
24	11	4.63657
24	11	4.647774
24	11	4.65869
25	11	4.670295
25	11	4.681199
25	11	4.693223
25	11	4.704815
25	11	4.716656
25	11	4.728547
25	11	4.740254
25	11	4.751888
25	11	4.763779
25	11	4.775746
26	11	4.78729
26	11	4.798696
26	11	4.81021
26	11	4.821724
26	11	4.832597
26	11	4.843481
26	11	4.854581
26	11	4.865655
26	11	4.876925
26	11	4.888122
26	11	4.898638
27	11	4.910028
27	11	4.921479
27	11	4.932372
27	11	4.943592
27	11	4.954825
27	11	4.965884
27	11	4.976943
27	11	4.988354
27	11	4.999402
27	11	5.010766
27	11	5.021811
27	11	5.03297
27	11	5.044572
27	10	5.055429
27	10	5.066459
27	10	5.077912
27	10	5.089206
27	10	5.100532
27	10	5.111573
27	10	5.122651
27	10	5.133927
27	10	5.14537
27	10	5.156288
27	10	5.167498
27	9	5.179035
27	9	5.189804
27	9	5.201149
27	9	5.212181
27	9	5.223062
27	9	5.234204
27	9	5.245655
27	9	5.256544
27	9	5.267486
27	9	5.278803
27	9	5.289874
27	8	5.300913
27	8	5.312037
27	8	5.323623
27	8	5.334663
27	8	5.345737
27	8	5.357273
27	8	5.368777
27	8	5.379339
27	8	5.390588
27	8	5.40158
27	8	5.412901
26	8	5.423759
26	8	5.434962
26	8	5.446468
26	8	5.458046
26	8	5.468813
26	8	5.480468
26	8	5.492045
26	8	5.502212
26	8	5.513509
26	8	5.524418
26	8	5.535563
25	8	5.546804
25	8	5.558192
25	8	5.56944
25	8	5.580758
25	8	5.591794
25	8	5.602956
25	8	5.614243
25	8	5.625481
25	8	5.636675
25	8	5.64733
25	8	5.658401
25	7	5.66988
25	7	5.680781
25	7	5.691905
25	7	5.703275
25	7	5.714336
25	7	5.725539
25	7	5.73678
25	7	5.748252
25	7	5.75917
25	7	5.770893
25	6	5.782477
25	6	5.793571
25	6	5.804739
25	6	5.815515
25	6	5.826954
25	6	5.839105
25	6	5.849696
25	6	5.859766
25	6	5.871201
25	6	5.88236
25	6	5.89306
25	6	5.904256
25	5	5.915009
25	5	5.926175
25	5	5.937764
25	5	5.948881
25	5	5.959906
25	5	5.971398
25	5	5.982608
25	5	5.993392
25	5	6.004943
25	5	6.015886
26	5	6.027128
26	5	6.038504
26	5	6.049496
26	5	6.060802
26	5	6.072109
26	5	6.083581
26	5	6.094185
26	5	6.105451
26	5	6.116469
26	5	6.127558
26	5	6.139089
27	5	6.149814
27	5	6.161023
27	5	6.172398
27	5	6.183307
27	5	6.194799
27	5	6.205831
27	5	6.216989
27	5	6.228046
27	5	6.239392
27	5	6.250628
27	5	6.261904
27	5	6.272991
27	5	6.284396
27	5	6.295642
27	5	6.306607
27	5	6.317872
27	5	6.329061
27	5	6.340207
27	5	6.351495
27	5	6.362519
27	5	6.373649
27	5	6.384754
27	5	6.395987
27	5	6.406859
27	5	6.418065
27	5	6.429307
27	5	6.440584
27	5	6.451726
27	5	6.46286
27	5	6.473936
27	5	6.484968
27	5	6.495993
27	5	6.507439
27	5	6.51842
27	5	6.529549
27	5	6.540899
27	5	6.552219
27	5	6.563406
27	5	6.57497
26	5	6.585999
26	5	6.59722
26	5	6.609069
26	5	6.619596
26	5	6.63061
26	5	6.642112
26	5	6.653434
26	5	6.664342
26	5	6.675351
26	5	6.686608
26	5	6.697775
25	5	6.710101
25	5	6.719763
25	5	6.730941
25	5	6.742418
25	5	6.753248
25	5	6.764467
25	5	6.775782
25	5	6.786872
25	5	6.798066
25	5	6.809157
25	5	6.820368
24	5	6.831279
24	5	6.842469
24	5	6.85361
24	5	6.864904
24	5	6.876081
24	5	6.887458
24	5	6.898694
24	5	6.909854
24	5	6.921608
24	5	6.932087
24	5	6.943266
23	5	6.954753
23	5	6.965611
23	5	6.977048
23	5	6.987981
23	5	6.999059
23	5	7.01024
23	5	7.021625
23	5	7.032776
23	5	7.045198
23	5	7.055263
23	5	7.066058
24	5	7.077523
24	5	7.088133
24	5	7.099409
24	5	7.110682
24	5	7.121931
24	5	7.132744
24	5	7.143816
24	5	7.155117
24	5	7.166225
24	5	7.1776
24	5	7.189068
25	5	7.200384
25	5	7.211249
25	5	7.222765
25	5	7.233818
25	5	7.244779
25	5	7.255814
25	5	7.266887
25	5	7.278238
25	5	7.289359
25	5	7.300475
25	5	7.311787
26	5	7.323089
26	5	7.334111
26	5	7.345457
26	5	7.356668
26	5	7.367629
26	5	7.379056
26	5	7.390365
26	5	7.401443
26	5	7.412559
26	5	7.423676
26	5	7.434757
27	5	7.445914
27	5	7.45707
27	5	7.468287
27	5	7.479789
27	5	7.490488
27	5	7.502019
27	5	7.513199
27	5	7.523545
27	5	7.534803
27	5	7.546302
27	5	7.557213
27	4	7.568216
27	4	7.579733
27	4	7.590804
27	4	7.602374
27	4	7.613198
27	4	7.624808
27	4	7.635925
27	4	7.647127
27	4	7.658176
27	4	7.669847
27	4	7.680887
27	3	7.691847
27	3	7.703173
27	3	7.714222
27	3	7.725025
27	3	7.736608
27	3	7.747993
27	3	7.758897
27	3	7.769959
27	3	7.781575
27	3	7.792485
27	3	7.803036
27	2	7.814372
27	2	7.825437
27	2	7.836981
27	2	7.848146
27	2	7.859242
27	2	7.870244
27	2	7.881516
27	2	7.892688
27	2	7.903786
27	2	7.914962
27	2	7.926003
27	2	7.937243
27	2	7.948233
27	2	7.959359
27	2	7.970449
27	2	7.981566
27	2	7.992787
27	2	8.00388
27	2	8.015141
26	2	8.026361
26	2	8.037668
26	2	8.048918
26	2	8.060139
26	2	8.071466
26	2	8.08252
26	2	8.093776
26	2	8.105326
26	2	8.116199
26	2	8.127295
25	2	8.138624
25	2	8.149459
25	2	8.160957
25	2	8.172474
25	2	8.182971
25	2	8.194129
25	2	8.205391
25	2	8.216408
25	2	8.228007
25	2	8.239079
25	2	8.250154
24	2	8.261472
24	2	8.272602
24	2	8.283607
24	2	8.294662
24	2	8.30582
24	2	8.316946
24	2	8.328443
24	2	8.339168
24	2	8.350191
24	2	8.361405
24	2	8.372299
23	2	8.38366
23	2	8.394807
23	2	8.406335
23	2	8.4175
23	2	8.428833
23	2	8.440006
23	2	8.451551
23	2	8.462839
23	2	8.474707
23	2	8.485637
23	2	8.498009
22	2	8.511191
22	2	8.518672
22	2	8.528023
22	2	8.538425
22	2	8.549672
22	2	8.56101
22	2	8.572394
22	2	8.583253
22	2	8.59461
22	2	8.606336
22	2	8.616746
22	3	8.627984
22	3	8.639876
22	3	8.650787
22	3	8.661945
22	3	8.672969
22	3	8.683956
22	3	8.695247
22	3	8.70649
22	3	8.717452
22	3	8.728475
22	3	8.739694
22	4	8.750938
22	4	8.761942
22	4	8.773668
22	4	8.784299
22	4	8.795602
22	4	8.806679
22	4	8.81797
22	4	8.82899
22	4	8.840508
22	4	8.851405
22	4	8.862745
22	5	8.873981
22	5	8.884982
22	5	8.896538
22	5	8.908067
22	5	8.919173
22	5	8.930329
22	5	8.941741
22	5	8.953355
22	5	8.964027
22	5	8.975279
22	5	8.986357
22	6	8.997764
22	6	9.009019
22	6	9.020593
22	6	9.031766
22	6	9.043144
22	6	9.054149
22	6	9.065474
22	6	9.076999
22	6	9.088163
22	6	9.099184
22	6	9.111356
22	7	9.121978
22	7	9.132615
22	7	9.143884
22	7	9.154962
22	7	9.165981
22	7	9.177153
22	7	9.188259
22	7	9.199353
22	7	9.21041
22	7	9.221843
22	7	9.232588
22	8	9.24376
22	8	9.25501
22	8	9.266667
22	8	9.277559
22	8	9.288726
22	8	9.300305
22	8	9.311446
22	8	9.322448
22	8	9.333667
22	8	9.345117
22	8	9.356216
22	9	9.367383
22	9	9.3788
22	9	9.389447
22	9	9.400756
22	9	9.411991
22	9	9.423601
22	9	9.435181
22	9	9.44778
22	9	9.456768
22	9	9.466886
22	9	9.478428
22	10	9.488996
22	10	9.500606
22	10	9.511679
22	10	9.523685
22	10	9.535154
22	10	9.547028
22	10	9.556621
22	10	9.5675
22	10	9.578812
22	10	9.590324
22	10	9.600319
22	11	9.611663
22	11	9.622702
22	11	9.634021
22	11	9.645326
22	11	9.656631
22	11	9.667792
22	11	9.678994
22	11	9.690548
22	11	9.701501
22	11	9.712774
22	11	9.723935
23	11	9.735238
23	11	9.746284
23	11	9.757575
23	11	9.768657
23	11	9.779874
23	11	9.791157
23	11	9.802301
23	11	9.813516
23	11	9.825181
23	11	9.836225
23	11	9.847391
24	11	9.858703
24	11	9.869581
24	11	9.880833
24	11	9.892159
24	11	9.903126
24	11	9.914201
24	11	9.92536
24	11	9.93635
24	11	9.947634
24	11	9.958589
24	11	9.970009
25	11	9.981233
25	11	9.992476
25	11	10.00377
25	11	10.01518
25	11	10.02613
25	11	10.03756
25	11	10.04879
25	11	10.05989
25	11	10.07102
25	11	10.08204
25	11	10.09303
25	12	10.10407
25	12	10.11507
25	12	10.12623
25	12	10.13755
25	12	10.14861
25	12	10.15976
25	12	10.17126
25	12	10.18249
25	12	10.19371
25	12	10.20486
25	13	10.21571
25	13	10.22657
25	13	10.23791
25	13	10.2494
25	13	10.26071
25	13	10.27219
25	13	10.28355
25	13	10.29498
25	13	10.30578
25	13	10.31683
25	13	10.32829
25	14	10.33947
25	14	10.35046
25	14	10.3618
25	14	10.37254
25	14	10.3834
25	14	10.39481
25	14	10.4057
25	14	10.41714
25	14	10.42821
25	14	10.43905
25	14	10.45029
25	14	10.46145
25	14	10.47233
25	14	10.48357
26	14	10.49498
26	14	10.50646
26	14	10.51857
26	14	10.53032
26	14	10.53999
26	14	10.55081
26	14	10.56215
26	14	10.57312
26	14	10.58457
26	14	10.59595
26	14	10.60674
27	14	10.61792
27	14	10.62914
27	14	10.64027
27	14	10.6515
27	14	10.66262
27	14	10.6738
27	14	10.68461
27	14	10.69531
27	14	10.70649
27	14	10.71756
27	14	10.72875
27	14	10.74014
27	14	10.75109
27	14	10.76234
27	14	10.77381
27	14	10.78543
27	14	10.79656
27	15	10.80743
27	15	10.81874
27	15	10.83032
27	15	10.84115
27	15	10.85216
27	15	10.86366
27	15	10.87448
27	15	10.88623
27	15	10.89693
27	15	10.90786
27	15	10.91917
27	16	10.93042
27	16	10.94128
27	16	10.9522
27	16	10.96335
27	16	10.97447
27	16	10.98611
27	16	10.99695
27	16	11.00853
27	16	11.02003
27	16	11.03076
27	16	11.04281
27	17	11.05345
27	17	11.06466
27	17	11.07622
27	17	11.08724
27	17	11.09845
27	17	11.10979
27	17	11.1206
27	17	11.13203
27	17	11.14349
27	17	11.15426
27	17	11.16551
26	17	11.17708
26	17	11.18802
26	17	11.19927
26	17	11.21058
26	17	11.22157
26	17	11.23269
26	17	11.24448
26	17	11.25555
26	17	11.26683
26	17	11.2779
26	17	11.28898
25	17	11.30002
25	17	11.31117
25	17	11.3217
25	17	11.33279
25	17	11.34397
25	17	11.35519
25	17	11.36661
25	17	11.37788
25	17	11.38867
25	17	11.40008
25	17	11.4113
24	17	11.42236
24	17	11.43328
24	17	11.44439
24	17	11.45573
24	17	11.46664
24	17	11.47793
24	17	11.48918
24	17	11.50063
24	17	11.51164
24	17	11.52319
24	17	11.53412
23	17	11.54524
23	17	11.55744
23	17	11.56781
23	17	11.57903
23	17	11.59024
23	17	11.60154
23	17	11.61301
23	17	11.62392
23	17	11.63492
23	17	11.64595
23	17	11.65709
22	17	11.66815
22	17	11.67934
22	17	11.69065
22	17	11.7016
22	17	11.71281
22	17	11.7238
22	17	11.73528
22	17	11.74628
22	17	11.75741
22	17	11.76878
22	17	11.78
22	18	11.79093
22	18	11.80203
22	18	11.81324
22	18	11.82434
22	18	11.8356
22	18	11.84671
22	18	11.85794
22	18	11.86899
22	18	11.88021
22	18	11.89165
22	18	11.90257
22	17	11.91379
22	17	11.92545
22	17	11.93627
22	17	11.94778
22	17	11.95892
22	17	11.96991
22	17	11.981
22	17	11.99209
22	17	12.00292
22	17	12.0141
22	17	12.02514
22	16	12.03644
22	16	12.04736
22	16	12.05834
22	16	12.06973
22	16	12.0812
22	16	12.09281
22	16	12.10431
22	16	12.11495
22	16	12.12625
22	16	12.13733
22	16	12.14846
22	15	12.15967
22	15	12.17063
22	15	12.18283
22	15	12.19376
22	15	12.20475
22	15	12.21605
22	15	12.22694
22	15	12.23823
22	15	12.24947
22	15	12.26091
22	14	12.27169
22	14	12.28267
22	14	12.29397
22	14	12.30479
22	14	12.31642
22	14	12.32738
22	14	12.33835
22	14	12.34979
22	14	12.36109
22	14	12.37219
22	14	12.38313
22	13	12.39452
22	13	12.40525
22	13	12.4165
22	13	12.4277
22	13	12.43864
22	13	12.44987
22	13	12.46116
22	13	12.47223
22	13	12.48325
22	13	12.49471
22	13	12.50571
22	12	12.51723
22	12	12.52821
22	12	12.5398
22	12	12.55084
22	12	12.56183
22	12	12.57289
22	12	12.58412
22	12	12.59527
22	12	12.60653
22	12	12.61784
22	12	12.62884
22	11	12.6398
22	11	12.65093
22	11	12.66189
22	11	12.67311
22	11	12.68406
22	11	12.69522
22	11	12.70667
22	11	12.71781
22	11	12.72899
22	11	12.7403
22	11	12.7514
22	12	12.76259
22	12	12.77377
22	12	12.7848
22	12	12.79606
22	12	12.80728
22	12	12.81868
22	12	12.8302
22	12	12.84096
22	12	12.85229
22	12	12.86347
22	12	12.87449
22	13	12.88568
22	13	12.89693
22	13	12.90801
22	13	12.91915
22	13	12.93019
22	13	12.9417
22	13	12.95268
22	13	12.96373
22	13	12.97499
22	13	12.98644
22	13	12.9976
22	14	13.0088
22	14	13.02003
22	14	13.0309
22	14	13.04224
22	14	13.05367
22	14	13.06469
22	14	13.0759
22	14	13.08693
22	14	13.09784
22	14	13.10886
22	14	13.12017
22	15	13.1309
22	15	13.14233
22	15	13.1535
22	15	13.1653
22	15	13.17673
22	15	13.18758
22	15	13.19871
22	15	13.21
22	15	13.22093
22	15	13.23213
22	15	13.24376
22	16	13.2546
22	16	13.2659
22	16	13.27704
22	16	13.28771
22	16	13.29896
22	16	13.31039
22	16	13.32133
22	16	13.33295
22	16	13.34384
22	16	13.35472
22	16	13.36601
22	17	13.37762
22	17	13.38837
22	17	13.39954
22	17	13.41107
22	17	13.42169
22	17	13.43286
22	17	13.444
22	17	13.45494
22	17	13.46616
22	17	13.47762
22	17	13.48883
22	18	13.49971
22	18	13.51111
22	18	13.52201
22	18	13.53306
22	18	13.54487
22	18	13.55556
22	18	13.5667
22	18	13.57918
22	18	13.58922
22	18	13.60046
22	18	13.61177
22	19	13.62249
22	19	13.63372
22	19	13.64553
22	19	13.65615
22	19	13.66725
22	19	13.67855
22	19	13.68975
22	19	13.70095
22	19	13.71237
22	19	13.72355
22	19	13.73469
22	20	13.74591
22	20	13.75687
22	20	13.76844
22	20	13.7796
22	20	13.79056
22	20	13.80201
22	20	13.81259
22	20	13.82368
22	20	13.83505
22	20	13.84623
22	20	13.85733
22	21	13.86839
22	21	13.88002
22	21	13.89136
22	21	13.90239
22	21	13.9136
22	21	13.92463
22	21	13.93585
22	21	13.94687
22	21	13.95827
22	21	13.96918
22	21	13.98029
22	22	13.99142
22	22	14.00233
22	22	14.01395
22	22	14.0249
22	22	14.0364
22	22	14.04739
22	22	14.05862
22	22	14.06999
22	22	14.08106
22	22	14.09215
22	22	14.10351
22	23	14.11498
22	23	14.12545
22	23	14.13658
22	23	14.14782
22	23	14.15876
22	23	14.17019
22	23	14.18119
22	23	14.19223
22	23	14.2034
22	23	14.21479
22	23	14.22572
23	23	14.23708
23	23	14.24816
23	23	14.25928
23	23	14.27078
23	23	14.28159
23	23	14.29249
23	23	14.30394
23	23	14.31524
23	23	14.32637
23	23	14.33778
23	23	14.34886
24	23	14.3598
24	23	14.37131
24	23	14.38244
24	23	14.39367
24	23	14.40495
24	23	14.41624
24	23	14.42806
24	23	14.43857
24	23	14.44977
24	23	14.46131
25	23	14.47182
25	23	14.48295
25	23	14.49475
25	23	14.50509
25	23	14.51615
25	23	14.52741
25	23	14.53835
25	23	14.54958
25	23	14.5613
25	23	14.57215
25	23	14.58347
26	23	14.59454
26	23	14.60566
26	23	14.61692
26	23	14.62816
26	23	14.63953
26	23	14.6506
26	23	14.66212
26	23	14.67294
26	23	14.68431
26	23	14.69525
26	23	14.70632
27	23	14.71739
27	23	14.7288
27	23	14.74005
27	23	14.75096
27	23	14.76223
27	23	14.7732
27	23	14.78414
27	23	14.79564
27	23	14.80662
27	23	14.81774
27	23	14.82922
27	24	14.84007
27	24	14.85135
27	24	14.86313
27	24	14.87439
27	24	14.88562
27	24	14.89712
27	24	14.90786
27	24	14.91885
27	24	14.93058
27	24	14.94118
27	24	14.9523
27	25	14.96381
27	25	14.97462
27	25	14.98566
27	25	14.99676
27	25	15.00801
27	25	15.01923
27	25	15.03008
27	25	15.04133
27	25	15.05293
27	25	15.0635
27	25	15.07433
27	26	15.08576
27	26	15.09681
27	26	15.10831
27	26	15.11958
27	26	15.13079
27	26	15.14214
27	26	15.15335
27	26	15.16448
27	26	15.17569
27	26	15.18717
27	26	15.19802
27	27	15.20933
27	27	15.22031
27	27	15.23139
27	27	15.24251
27	27	15.25363
27	27	15.26482
27	27	15.27611
27	27	15.28739
27	27	15.2984
27	27	15.3094
27	27	15.32062
27	28	15.33182
27	28	15.34284
27	28	15.35407
27	28	15.36551
27	28	15.37638
27	28	15.38756
27	28	15.39884
27	28	15.4098
27	28	15.42111
27	28	15.43217
27	28	15.44399
27	29	15.45447
27	29	15.46585
27	29	15.47719
27	29	15.48847
27	29	15.49957
27	29	15.51081
27	29	15.52237
27	29	15.53313
27	29	15.54446
27	29	15.55555
27	29	15.56669
27	30	15.57772
27	30	15.58863
27	30	15.6005
27	30	15.61221
27	30	15.62211
27	30	15.63318
27	30	15.64443
27	30	15.65555
27	30	15.66658
27	30	15.6781
27	30	15.68853
26	30	15.6998
26	30	15.71102
26	30	15.72229
26	30	15.73394
26	30	15.74527
26	30	15.75649
26	30	15.76792
26	30	15.78234
26	30	15.79033
26	30	15.8001
26	30	15.81187
25	30	15.82244
25	30	15.83374
25	30	15.84466
25	30	15.8562
25	30	15.86698
25	30	15.87802
25	30	15.88915
25	30	15.90057
25	30	15.91157
25	30	15.92276
25	30	15.93394
24	30	15.94506
24	30	15.9561
24	30	15.96702
24	30	15.97828
24	30	15.98958
24	30	16.00048
24	30	16.01192
24	30	16.02292
24	30	16.03397
24	30	16.04541
24	30	16.05627
23	30	16.06738
23	30	16.07888
23	30	16.09008
23	30	16.10126
23	30	16.11275
23	30	16.12373
23	30	16.13508
23	30	16.14687
23	30	16.15744
23	30	16.16896
23	30	16.18021
22	30	16.19136
22	30	16.20247
22	30	16.21396
22	30	16.22508
22	30	16.23644
22	30	16.24768
22	30	16.25899
22	30	16.27036
22	30	16.28135
22	30	16.2928
22	30	16.30389
21	30	16.31474
21	30	16.32599
21	30	16.33746
21	30	16.34834
21	30	16.3592
21	30	16.37051
21	30	16.38152
21	30	16.39266
21	30	16.40368
21	30	16.41519
21	30	16.42629
20	30	16.43751
20	30	16.44885
20	30	16.46045
20	30	16.47109
20	30	16.48231
20	30	16.49351
20	30	16.50485
20	30	16.51594
20	30	16.52691
20	30	16.53811
19	30	16.54903
19	30	16.56026
19	30	16.57162
19	30	16.58282
19	30	16.59355
19	30	16.60469
19	30	16.61622
19	30	16.62699
19	30	16.63845
19	30	16.64963
19	30	16.66098
18	30	16.67216
18	30	16.68334
18	30	16.69453
18	30	16.70645
18	30	16.71744
18	30	16.72875
18	30	16.73979
18	30	16.75108
18	30	16.76172
18	30	16.77353
18	30	16.78535
17	30	16.79534
17	30	16.80652
17	30	16.81781
17	30	16.82886
17	30	16.83994
17	30	16.85111
17	30	16.8623
17	30	16.87335
17	30	16.88431
17	30	16.89545
17	30	16.90675
16	30	16.91766
16	30	16.92931
16	30	16.94024
16	30	16.95127
16	30	16.9625
16	30	16.97371
16	30	16.9851
16	30	16.99627
16	30	17.00743
16	30	17.01859
16	30	17.03045
16	30	17.04098
16	30	17.05192
16	29	17.06332
16	29	17.07431
16	29	17.08578
16	29	17.09651
16	29	17.10755
16	29	17.11872
16	29	17.13039
16	29	17.14122
16	29	17.15272
16	29	17.16412
16	29	17.17525
16	28	17.18631
16	28	17.19757
16	28	17.20859
16	28	17.21979
16	28	17.23092
16	28	17.24208
16	28	17.25291
16	28	17.26411
16	28	17.27505
16	28	17.28621
16	28	17.29726
16	27	17.30845
16	27	17.31964
16	27	17.33147
16	27	17.34213
16	27	17.35354
16	27	17.36474
16	27	17.37575
16	27	17.38695
16	27	17.39866
16	27	17.40928
16	27	17.42058
16	26	17.43171
16	26	17.44285
16	26	17.45393
16	26	17.46528
16	26	17.47629
16	26	17.48748
16	26	17.49867
16	26	17.50994
16	26	17.5211
16	26	17.53237
16	26	17.54403
16	26	17.55578
16	26	17.56735
16	26	17.5785
16	26	17.58852
16	26	17.59944
16	26	17.6107
16	26	17.62225
16	26	17.63354
16	26	17.64374
16	26	17.6551
16	26	17.66632
16	26	17.67743
16	26	17.68848
16	26	17.69988
16	26	17.72934
16	26	17.73569
16	26	17.74242
16	26	17.7499
16	26	17.7559
16	26	17.76213
16	26	17.77244
16	26	17.78298
16	26	17.79405
16	26	17.80544
16	26	17.81702
16	26	17.82788
16	26	17.83907
16	26	17.85015
16	26	17.86174
16	26	17.87272
16	26	17.88459
16	26	17.89503
16	26	17.9059
16	26	17.91698
16	26	17.92844
16	26	17.93963
16	26	17.95095
16	26	17.96198
16	26	17.97315
16	26	17.98401
16	26	17.9955
16	26	18.00616
16	26	18.01794
16	26	18.02872
16	26	18.04022
16	26	18.05111
16	26	18.06242
16	26	18.07329
16	26	18.08464
16	26	18.09551
16	26	18.10687
16	26	18.1179
16	26	18.1295
16	26	18.1404
16	26	18.15151
16	26	18.16284
16	26	18.17439
16	26	18.1853
16	26	18.19734
16	26	18.20816
16	26	18.21895
16	26	18.23041
16	26	18.24153
16	26	18.25287
16	26	18.26471
16	26	18.27604
16	26	18.28773
16	26	18.2995
16	26	18.31134
16	26	18.32288
16	26	18.33428
16	26	18.34606
16	26	18.3578
16	26	18.3695
16	26	18.38115
16	26	18.39213
16	26	18.40328
16	26	18.41474
16	26	18.42571
16	26	18.43676
16	26	18.44819
16	26	18.4588
16	26	18.47012
16	26	18.4818
16	26	18.49287
16	26	18.50388
16	26	18.51575
16	26	18.52653
16	26	18.53799
16	26	18.5493
16	26	18.56022
16	26	18.5713
16	26	18.58278
16	26	18.59356
16	26	18.60513
16	26	18.61571
16	26	18.62667
16	26	18.63854
16	26	18.64951
16	26	18.66054
16	26	18.6719
16	26	18.68287
16	26	18.69414
16	26	18.70518
16	26	18.71647
16	26	18.72743
16	26	18.73867
17	26	18.74996
17	26	18.76091
17	26	18.77225
17	26	18.78345
17	26	18.79416
17	26	18.80551
17	26	18.81667
17	26	18.82828
17	26	18.83893
17	26	18.8505
17	26	18.86155
18	26	18.87272
18	26	18.88376
18	26	18.89518
18	26	18.90642
18	26	18.91754
18	26	18.92883
18	26	18.93998
18	26	18.9512
18	26	18.96246
18	26	18.97343
18	26	18.9849
19	26	18.99563
19	26	19.00683
19	26	19.0183
19	26	19.02915
19	26	19.04023
19	26	19.05166
19	26	19.06244
19	26	19.07365
19	26	19.08475
19	26	19.09581
19	26	19.10716
20	26	19.11835
20	26	19.12959
20	26	19.14108
20	26	19.15209
20	26	19.16321
20	26	19.17426
20	26	19.18533
20	26	19.19625
20	26	19.20758
20	26	19.21879
20	26	19.23001
21	26	19.24099
21	26	19.25229
21	26	19.26337
21	26	19.27452
21	26	19.28573
21	26	19.29742
21	26	19.30823
21	26	19.31925
21	26	19.33016
21	26	19.34135
21	26	19.35263
22	26	19.36428
22	26	19.37533
22	26	19.38687
22	26	19.39779
22	26	19.40906
22	26	19.42007
22	26	19.4312
22	26	19.44233
22	26	19.45381
22	26	19.46505
22	26	19.47641
23	26	19.48733
23	26	19.4981
23	26	19.50949
23	26	19.52052
23	26	19.5317
23	26	19.5429
23	26	19.55417
23	26	19.56523
23	26	19.57628
23	26	19.58779
23	26	19.59882
24	26	19.61072
24	26	19.6218
24	26	19.63282
24	26	19.64373
24	26	19.65554
24	26	19.66668
24	26	19.6772
24	26	19.68805
24	26	19.69936
24	26	19.71058
24	26	19.72141
25	26	19.73265
25	26	19.74397
25	26	19.75512
25	26	19.76681
25	26	19.77795
25	26	19.78842
25	26	19.80013
25	26	19.81105
25	26	19.82197
25	26	19.83367
25	26	19.84422
26	26	19.85531
26	26	19.86667
26	26	19.87794
26	26	19.88899
26	26	19.90037
26	26	19.91166
26	26	19.92291
26	26	19.93407
26	26	19.94477
26	26	19.95599
26	26	19.96724
27	26	19.97836
27	26	19.9898
27	26	20.0009
27	26	20.01205
27	26	20.02303
27	26	20.03428
27	26	20.04539
27	26	20.05671
27	26	20.06765
27	26	20.07913
27	26	20.08989
27	26	20.10137
27	26	20.11197
27	26	20.12351
27	26	20.1345
27	26	20.14577
27	26	20.15697
26	26	20.16815
26	26	20.17949
26	26	20.19108
26	26	20.20202
26	26	20.213
26	26	20.224
26	26	20.23577
26	26	20.24656
26	26	20.25794
26	26	20.26902
26	26	20.28019
25	26	20.29104
25	26	20.30229
25	26	20.31334
25	26	20.32445
25	26	20.3356
25	26	20.34731
25	26	20.3583
25	26	20.36959
25	26	20.38056
25	26	20.39174
25	26	20.4027
24	26	20.41396
24	26	20.4252
24	26	20.43652
24	26	20.44781
24	26	20.45942
24	26	20.47018
24	26	20.48127
24	26	20.49235
24	26	20.50349
24	26	20.51481
24	26	20.52589
23	26	20.53697
23	26	20.54818
23	26	20.55906
23	26	20.5702
23	26	20.5816
23	26	20.5926
23	26	20.60382
23	26	20.61493
23	26	20.62602
23	26	20.63711
23	26	20.6482
22	26	20.65952
22	26	20.67063
22	26	20.68177
22	26	20.69301
22	26	20.70465
22	26	20.71549
22	26	20.72651
22	26	20.73774
22	26	20.74899
22	26	20.76013
22	27	20.77131
22	27	20.78254
22	27	20.79388
22	27	20.80502
22	27	20.81638
22	27	20.82735
22	27	20.83868
22	27	20.84993
22	27	20.86156
22	27	20.87218
22	27	20.8833
22	28	20.89454
22	28	20.90533
22	28	20.91679
22	28	20.9278
22	28	20.93885
22	28	20.95048
22	28	20.96142
22	28	20.97277
22	28	20.98409
22	28	20.99522
22	28	21.00626
22	29	21.01773
22	29	21.02816
22	29	21.03952
22	29	21.05073
22	29	21.0619
22	29	21.07317
22	29	21.08452
22	29	21.09523
22	29	21.10653
22	29	21.11798
22	29	21.12904
22	30	21.14047
22	30	21.15159
22	30	21.16264
22	30	21.17388
22	30	21.1855
22	30	21.19633
22	30	21.2072
22	30	21.21872
22	30	21.22927
22	30	21.24065
22	30	21.25189
22	29	21.26294
22	29	21.27395
22	29	21.28538
22	29	21.2969
22	29	21.30824
22	29	21.3191
22	29	21.3303
22	29	21.34114
22	29	21.3523
22	29	21.3633
22	29	21.37474
22	28	21.38585
22	28	21.39707
22	28	21.4081
22	28	21.41911
22	28	21.43046
22	28	21.44174
22	28	21.45275
22	28	21.46414
22	28	21.47511
22	28	21.48672
22	28	21.49755
22	27	21.50884
22	27	21.51978
22	27	21.53083
22	27	21.54192
22	27	21.55321
22	27	21.56454
22	27	21.57558
22	27	21.58702
22	27	21.59818
22	27	21.60935
22	27	21.62066
22	26	21.63184
22	26	21.64315
22	26	21.65388
22	26	21.66498
22	26	21.67678
22	26	21.68796
22	26	21.69825
22	26	21.70942
22	26	21.72077
22	26	21.73173
22	26	21.74298
22	25	21.75422
22	25	21.7653
22	25	21.77683
22	25	21.78767
22	25	21.79898
22	25	21.80983
22	25	21.82123
22	25	21.83198
22	25	21.84338
22	25	21.85439
22	25	21.86569
22	24	21.87691
22	24	21.88822
22	24	21.89946
22	24	21.91073
22	24	21.92192
22	24	21.93317
22	24	21.94449
22	24	21.95563
22	24	21.96651
22	24	21.97796
22	24	21.98873
22	23	21.99995
22	23	22.01118
22	23	22.02245
22	23	22.03355
22	23	22.04486
22	23	22.05592
22	23	22.06698
22	23	22.07834
22	23	22.0894
22	23	22.10089
22	23	22.11197
23	23	22.12307
23	23	22.13446
23	23	22.1455
23	23	22.15694
23	23	22.16822
23	23	22.17962
23	23	22.19052
23	23	22.20184
23	23	22.21272
23	23	22.22388
23	23	22.23514
24	23	22.24606
24	23	22.25738
24	23	22.26909
24	23	22.27967
24	23	22.29073
24	23	22.30205
24	23	22.31274
24	23	22.32374
24	23	22.33496
24	23	22.3459
24	23	22.35715
25	23	22.36835
25	23	22.3798
25	23	22.39071
25	23	22.4019
25	23	22.41292
25	23	22.42437
25	23	22.43564
25	23	22.44645
25	23	22.45772
25	23	22.46935
25	23	22.48022
25	22	22.49145
25	22	22.50259
25	22	22.51399
25	22	22.52513
25	22	22.53639
25	22	22.54753
25	22	22.5588
25	22	22.56993
25	22	22.58118
25	22	22.59184
25	22	22.60326
25	21	22.61412
25	21	22.62529
25	21	22.63687
25	21	22.64795
25	21	22.65875
25	21	22.67017
25	21	22.6811
25	21	22.69242
25	21	22.70351
25	21	22.71457
25	21	22.72591
25	20	22.73727
25	20	22.74821
25	20	22.75952
25	20	22.7707
25	20	22.78189
25	20	22.7929
25	20	22.80402
25	20	22.81535
25	20	22.82646
25	20	22.83775
26	20	22.84893
26	20	22.85999
26	20	22.87123
26	20	22.88243
26	20	22.89399
26	20	22.90462
26	20	22.91589
26	20	22.92712
26	20	22.93836
26	20	22.94955
26	20	22.96071
27	20	22.97197
27	20	22.98299
27	20	22.99421
27	20	23.00573
27	20	23.01679
27	20	23.02814
27	20	23.03875
27	20	23.05028
27	20	23.06125
27	20	23.07223
27	20	23.0832
27	20	23.09497
27	20	23.10572
27	20	23.11689
27	20	23.12792
27	20	23.1393
27	20	23.15042
27	20	23.16162
27	20	23.17293
27	20	23.18404
27	20	23.19524
27	20	23.2068
27	20	23.21752
27	20	23.22857
27	20	23.23969
27	20	23.25076
27	20	23.2619
27	20	23.27311
27	20	23.28473
27	20	23.29555
27	20	23.30689
27	20	23.31811
27	20	23.32921
27	20	23.34035
27	20	23.35138
27	20	23.36266
27	20	23.37343
27	20	23.38469
27	20	23.39574
27	20	23.40694
27	20	23.41823
27	20	23.42951
27	20	23.44079
27	20	23.45235
27	20	23.46323
27	20	23.47458
27	20	23.4863
27	20	23.49698
27	20	23.50809
27	20	23.51961
27	20	23.53061
27	20	23.54199
27	20	23.55268
27	20	23.56361
27	20	23.57469
27	20	23.58648
27	20	23.59781
27	20	23.60847
27	20	23.61941
27	20	23.63042
27	20	23.6417
27	20	23.65362
27	20	23.66416
27	20	23.67568
27	20	23.68682
27	20	23.69837
27	20	23.70958
27	20	23.72051
27	20	23.73133
27	20	23.74244
27	20	23.75366
27	20	23.76472
27	19	23.77587
27	19	23.78712
27	19	23.79823
27	19	23.80987
27	19	23.82097
27	19	23.83265
27	19	23.843
27	19	23.85435
27	19	23.86549
27	19	23.87681
27	19	23.88805
27	18	23.89949
27	18	23.91023
27	18	23.92166
27	18	23.93252
27	18	23.94367
27	18	23.9546
27	18	23.96585
27	18	23.97763
27	18	23.98886
27	18	24.0004
27	18	24.01079
27	17	24.02216
27	17	24.03287
27	17	24.04419
27	17	24.05521
27	17	24.06629
27	17	24.07794
27	17	24.08883
27	17	24.09989
27	17	24.11116
27	17	24.12238
27	17	24.13328
27	16	24.14482
27	16	24.15598
27	16	24.16692
27	16	24.17838
27	16	24.18951
27	16	24.20066
27	16	24.21203
27	16	24.2232
27	16	24.2341
27	16	24.24518
27	16	24.25645
27	15	24.26756
27	15	24.27868
27	15	24.28965
27	15	24.30126
27	15	24.31224
27	15	24.32357
27	15	24.33451
27	15	24.34589
27	15	24.35688
27	15	24.36783
27	15	24.37887
27	14	24.39001
27	14	24.40131
27	14	24.41236
27	14	24.42353
27	14	24.43478
27	14	24.44605
27	14	24.45747
27	14	24.46861
27	14	24.47985
27	14	24.49109
27	14	24.50217
26	14	24.51333
26	14	24.55416
26	14	24.56182
26	14	24.56865
26	14	24.57487
26	14	24.58138
26	14	24.58781
26	14	24.59644
26	14	24.60838
26	14	24.61903
25	14	24.62969
25	14	24.64126
25	14	24.65219
25	14	24.66364
25	14	24.67453
25	14	24.68604
25	14	24.69685
25	14	24.70828
25	14	24.71946
25	14	24.73094
25	14	24.74187
26	14	24.75309
26	14	24.76422
26	14	24.77567
26	14	24.78669
26	14	24.79775
26	14	24.80861
26	14	24.8201
26	14	24.83128
26	14	24.84268
26	14	24.854
26	14	24.86527
27	14	24.87624
27	14	24.88741
27	14	24.8981
27	14	24.91018
27	14	24.92151
27	14	24.93172
27	14	24.94257
27	14	24.95422
27	14	24.96552
27	14	24.97675
27	14	24.98783
27	14	24.99897
27	14	25.00994
27	14	25.02146
27	14	25.03234
27	14	25.04385
27	14	25.05511
27	14	25.06606
27	14	25.07773
27	14	25.08877
27	14	25.0997
27	14	25.11102
27	14	25.12234
27	14	25.13311
27	14	25.14398
27	14	25.15581
27	14	25.16799
27	14	25.18011
27	14	25.19195
27	14	25.20414
27	14	25.2162
27	14	25.22883
27	14	25.2395
27	15	25.25056
27	15	25.26175
27	15	25.27309
27	15	25.28404
27	15	25.29535
27	15	25.30641
27	15	25.31755
27	15	25.32867
27	15	25.3397
27	15	25.35096
27	15	25.36194
27	16	25.37309
27	16	25.38442
27	16	25.3956
27	16	25.40665
27	16	25.41798
27	16	25.42936
27	16	25.44029
27	16	25.45133
27	16	25.46243
27	16	25.47359
27	16	25.48469
27	17	25.49605
27	17	25.50732
27	17	25.51846
27	17	25.52971
27	17	25.54111
27	17	25.55239
27	17	25.56361
27	17	25.57443
27	17	25.5857
27	17	25.59677
27	17	25.60823
26	17	25.6192
26	17	25.63044
26	17	25.64139
26	17	25.65362
26	17	25.66384
26	17	25.67505
26	17	25.68585
26	17	25.69727
26	17	25.70815
26	17	25.71915
26	17	25.73103
25	17	25.74182
25	17	25.7529
25	17	25.7643
25	17	25.77554
25	17	25.78721
25	17	25.79788
25	17	25.80935
25	17	25.82102
25	17	25.832
25	17	25.843
25	17	25.85442
24	17	25.86518
24	17	25.87623
24	17	25.88749
24	17	25.89834
24	17	25.90958
24	17	25.9212
24	17	25.93234
24	17	25.94361
24	17	25.95488
24	17	25.96532
24	17	25.97665
23	17	25.988
23	17	25.99872
23	17	26.01042
23	17	26.02136
23	17	26.03254
23	17	26.04396
23	17	26.05489
23	17	26.06591
23	17	26.07707
23	17	26.08799
23	17	26.09903
22	17	26.11044
22	17	26.12204
22	17	26.1328
22	17	26.14447
22	17	26.15562
22	17	26.16675
22	17	26.1778
22	17	26.18907
22	17	26.20018
22	17	26.21147
22	17	26.2226
22	18	26.23383
22	18	26.24494
22	18	26.25602
22	18	26.26723
22	18	26.27864
22	18	26.28951
22	18	26.30089
22	18	26.31171
22	18	26.32303
22	18	26.33377
22	18	26.34523
22	19	26.3564
22	19	26.36768
22	19	26.37891
22	19	26.38998
22	19	26.40117
22	19	26.41244
22	19	26.42345
22	19	26.43474
22	19	26.44554
22	19	26.45668
22	19	26.46756
22	20	26.47916
22	20	26.49009
22	20	26.50178
22	20	26.51262
22	20	26.52368
22	20	26.53485
22	20	26.54619
22	20	26.55749
22	20	26.56862
22	20	26.5797
22	20	26.59087
21	20	26.60188
21	20	26.61325
21	20	26.62453
21	20	26.63584
21	20	26.64673
21	20	26.65853
21	20	26.66938
21	20	26.68045
21	20	26.69125
21	20	26.70219
21	20	26.71334
20	20	26.7247
20	20	26.736
20	20	26.74719
20	20	26.75802
20	20	26.76934
20	20	26.78103
20	20	26.79217
20	20	26.80299
20	20	26.81415
20	20	26.82515
20	20	26.83638
19	20	26.84765
19	20	26.85869
19	20	26.86985
19	20	26.88104
19	20	26.89203
19	20	26.90341
19	20	26.91428
19	20	26.92563
19	20	26.9368
19	20	26.94812
19	20	26.95885
18	20	26.97013
18	20	26.98136
18	20	26.99248
18	20	27.00356
18	20	27.01482
18	20	27.02573
18	20	27.0372
18	20	27.04828
18	20	27.05946
18	20	27.07073
18	20	27.08192
17	20	27.09328
17	20	27.105
17	20	27.11566
17	20	27.12711
17	20	27.13844
17	20	27.14954
17	20	27.16097
17	20	27.17228
17	20	27.18309
17	20	27.19406
16	20	27.20548
16	20	27.21628
16	20	27.22735
16	20	27.23886
16	20	27.24978
16	20	27.26164
16	20	27.2727
16	20	27.28319
16	20	27.29453
16	20	27.30559
16	20	27.31663
16	21	27.32779
16	21	27.33909
16	21	27.35035
16	21	27.36163
16	21	27.37326
16	21	27.3839
16	21	27.39548
16	21	27.40686
16	21	27.41783
16	21	27.42858
16	21	27.44004
16	22	27.45111
16	22	27.46205
16	22	27.47343
16	22	27.48422
16	22	27.4953
16	22	27.50681
16	22	27.51788
16	22	27.52921
16	22	27.54037
16	22	27.55187
16	22	27.5627
16	23	27.57455
16	23	27.58504
16	23	27.59647
16	23	27.60768
16	23	27.6188
16	23	27.62984
16	23	27.64136
16	23	27.65253
16	23	27.66377
16	23	27.67477
16	23	27.68619
16	23	27.6973
16	23	27.70824
16	23	27.71988
16	23	27.73088
17	23	27.7417
17	23	27.75299
17	23	27.76518
17	23	27.77676
17	23	27.78684
17	23	27.79763
17	23	27.80859
17	23	27.81985
17	23	27.83076
17	23	27.8418
17	23	27.85303
18	23	27.86419
18	23	27.87521
18	23	27.88684
18	23	27.89746
18	23	27.90903
18	23	27.9201
18	23	27.93114
18	23	27.94227
18	23	27.95344
18	23	27.96438
18	23	27.97578
19	23	27.98688
19	23	27.99828
19	23	28.00936
19	23	28.02066
19	23	28.03172
19	23	28.04343
19	23	28.05416
19	23	28.06524
19	23	28.07666
19	23	28.08781
19	23	28.09894
19	24	28.11016
19	24	28.12131
19	24	28.13269
19	24	28.14378
19	24	28.15498
19	24	28.16595
19	24	28.1773
19	24	28.18848
19	24	28.20011
19	24	28.21084
19	24	28.22225
19	25	28.23327
19	25	28.24441
19	25	28.25582
19	25	28.2668
19	25	28.27809
19	25	28.28936
19	25	28.30028
19	25	28.31143
19	25	28.32259
19	25	28.33361
19	25	28.34466
19	26	28.35633
19	26	28.36677
19	26	28.37794
19	26	28.38944
19	26	28.4003
19	26	28.41185
19	26	28.42291
19	26	28.43369
19	26	28.44478
19	26	28.4558
19	26	28.46704
18	26	28.47851
18	26	28.48988
18	26	28.50095
18	26	28.51238
18	26	28.52359
18	26	28.53438
18	26	28.5454
18	26	28.55651
18	26	28.56741
18	26	28.57869
18	26	28.59019
17	26	28.60143
17	26	28.61239
17	26	28.62401
17	26	28.63474
17	26	28.64618
17	26	28.65758
17	26	28.66881
17	26	28.67976
17	26	28.69101
17	26	28.7022
17	26	28.71328
16	26	28.72456
16	26	28.73559
16	26	28.74716
16	26	28.75812
16	26	28.76924
16	26	28.78066
16	26	28.79125
16	26	28.80241
16	26	28.81373
16	26	28.82527
16	26	28.83593
16	27	28.84733
16	27	28.85844
16	27	28.86973
16	27	28.88103
16	27	28.89213
16	27	28.90323
16	27	28.91448
16	27	28.92555
16	27	28.93687
16	27	28.94795
16	27	28.95919
16	28	28.96999
16	28	28.98146
16	28	28.99229
16	28	29.00343
16	28	29.01475
16	28	29.02637
16	28	29.03719
16	28	29.04825
16	28	29.05951
16	28	29.07063
16	28	29.0817
15	28	29.0929
15	28	29.1043
15	28	29.11571
15	28	29.12656
15	28	29.13796
15	28	29.14857
15	28	29.15968
15	28	29.17076
15	28	29.18213
15	28	29.19301
15	28	29.20423
14	28	29.21555
14	28	29.22693
14	28	29.23798
14	28	29.24922
14	28	29.26047
14	28	29.27155
14	28	29.28254
14	28	29.29426
14	28	29.30507
14	28	29.31656
13	28	29.32753
13	28	29.33877
13	28	29.35011
13	28	29.36152
13	28	29.37233
13	28	29.38361
13	28	29.39447
13	28	29.40556
13	28	29.41703
13	28	29.42852
13	28	29.43963
13	29	29.45115
13	29	29.46192
13	29	29.47381
13	29	29.48527
13	29	29.49511
13	29	29.50606
13	29	29.51754
13	29	29.52899
13	29	29.53995
13	29	29.55134
13	29	29.56203
13	30	29.57331
13	30	29.58454
13	30	29.59578
13	30	29.60746
13	30	29.61791
13	30	29.6291
13	30	29.64064
13	30	29.65177
13	30	29.66364
13	30	29.67401
13	30	29.685
13	30	29.69617
13	30	29.70733
13	30	29.71858
13	30	29.72965
13	30	29.74105
13	30	29.75192
13	30	29.76312
13	30	29.77422
13	30	29.785
13	30	29.79665
13	30	29.80841
13	30	29.81862
13	30	29.82974
13	30	29.84127
13	30	29.85241
13	30	29.86358
13	30	29.87509
13	30	29.88604
13	30	29.89745
13	30	29.90872
13	30	29.91996
13	29	29.9311
13	29	29.94243
13	29	29.95317
13	29	29.96429
13	29	29.97563
13	29	29.98665
13	29	29.99786
13	29	30.00912
13	29	30.02021
13	29	30.03118
13	29	30.04234
13	28	30.05349
13	28	30.0645
13	28	30.07608
13	28	30.08695
13	28	30.0983
13	28	30.1097
13	28	30.12094
13	28	30.13188
13	28	30.14295
13	28	30.15416
13	28	30.16535
13	27	30.17665
13	27	30.18786
13	27	30.19908
13	27	30.21017
13	27	30.22122
13	27	30.23266
13	27	30.24365
13	27	30.25496
13	27	30.26614
13	27	30.27716
13	27	30.28809
13	26	30.2994
13	26	30.31052
13	26	30.32211
13	26	30.33333
13	26	30.34443
13	26	30.35533
13	26	30.36675
13	26	30.37746
13	26	30.38856
13	26	30.39932
13	26	30.41046
13	26	30.42277
13	26	30.43331
13	26	30.44417
13	26	30.45508
13	26	30.46624
13	26	30.47776
13	26	30.48886
13	26	30.50021
13	26	30.51145
13	26	30.52244
13	26	30.53367
13	26	30.54528
13	26	30.55625
13	26	30.56734
13	26	30.57861
13	26	30.58974
13	26	30.60135
13	26	30.61235
13	26	30.62328
13	26	30.63439
13	26	30.64559
13	26	30.65675
13	26	30.66783
13	26	30.67907
13	26	30.69011
13	26	30.70168
13	26	30.71263
13	26	30.72378
13	26	30.7347
13	26	30.7458
13	26	30.75723
13	26	30.76807
12	26	30.77929
12	26	30.79029
12	26	30.80168
12	26	30.81286
12	26	30.82405
12	26	30.83528
12	26	30.84651
12	26	30.85809
12	26	30.86928
12	26	30.8803
12	26	30.89149
11	26	30.90275
11	26	30.91387
11	26	30.92514
11	26	30.93609
11	26	30.94731
11	26	30.9588
11	26	30.96977
11	26	30.98081
11	26	30.9918
11	26	31.00274
11	26	31.01407
10	26	31.02486
10	26	31.03599
10	26	31.0472
10	26	31.05852
10	26	31.06953
10	26	31.08118
10	26	31.09276
10	26	31.1034
10	26	31.11478
10	26	31.12613
10	26	31.13724
9	26	31.14849
9	26	31.15985
9	26	31.17107
9	26	31.18214
9	26	31.19324
9	26	31.20411
9	26	31.21527
9	26	31.22644
9	26	31.23754
9	26	31.24869
8	26	31.26026
8	26	31.27142
8	26	31.28278
8	26	31.29373
8	26	31.30449
8	26	31.31593
8	26	31.32712
8	26	31.34809
8	26	31.35782
8	26	31.36469
8	26	31.37098
8	26	31.37791
7	26	31.38854
7	26	31.39933
7	26	31.41256
7	26	31.42185
7	26	31.43337
7	26	31.44436
7	26	31.45526
7	26	31.46631
7	26	31.47823
7	26	31.48883
7	26	31.50024
7	27	31.51101
7	27	31.52223
7	27	31.53351
7	27	31.54514
7	27	31.55615
7	27	31.56678
7	27	31.57822
7	27	31.5894
7	27	31.60105
7	27	31.61197
7	27	31.623
7	28	31.63462
7	28	31.64548
7	28	31.65643
7	28	31.66742
7	28	31.67859
7	28	31.68976
7	28	31.70109
7	28	31.7122
7	28	31.72324
7	28	31.73504
7	28	31.74608
7	29	31.75703
7	29	31.76814
7	29	31.78002
7	29	31.79135
7	29	31.80238
7	29	31.81398
7	29	31.82604
7	29	31.83756
7	29	31.84838
7	29	31.85996
7	29	31.87113
7	30	31.88245
7	30	31.89412
7	30	31.90555
7	30	31.91723
7	30	31.92882
7	30	31.94032
7	30	31.95197
7	30	31.96302
7	30	31.97445
7	30	31.9864
7	30	31.99712
7	30	32.00817
7	30	32.01934
7	30	32.03064
7	30	32.04152
7	30	32.05287
7	30	32.0639
7	30	32.07514
7	30	32.08637
7	30	32.09754
7	30	32.10898
7	30	32.12017
7	30	32.1314
7	30	32.14258
7	30	32.15373
7	30	32.16476
7	30	32.17612
7	30	32.18705
7	30	32.19789
7	30	32.20942
7	30	32.2205
7	30	32.23171
7	30	32.24323
7	30	32.25438
7	30	32.26581
7	30	32.27701
7	30	32.28797
7	30	32.29905
7	30	32.31031
7	30	32.32115
7	30	32.33226
7	30	32.34356
8	30	32.35447
8	30	32.36554
8	30	32.37712
8	30	32.38805
8	30	32.39927
8	30	32.41049
8	30	32.42203
8	30	32.43238
8	30	32.44407
8	30	32.45485
8	30	32.46575
9	30	32.47715
9	30	32.48803
9	30	32.49932
9	30	32.51126
9	30	32.52198
9	30	32.53308
9	30	32.54475
9	30	32.55565
9	30	32.56683
9	30	32.57864
9	30	32.58916
10	30	32.6003
10	30	32.61154
10	30	32.62245
10	30	32.63358
10	30	32.64477
10	30	32.65585
10	30	32.667
10	30	32.67824
10	30	32.68955
10	30	32.70115
10	30	32.71219
11	30	32.72303
11	30	32.73442
11	30	32.74556
11	30	32.75639
11	30	32.76785
11	30	32.77931
11	30	32.79019
11	30	32.80128
11	30	32.81252
11	30	32.82361
11	30	32.83493
12	30	32.84628
12	30	32.85736
12	30	32.86855
12	30	32.87973
12	30	32.89101
12	30	32.90205
12	30	32.91292
12	30	32.92408
12	30	32.93512
12	30	32.94647
12	30	32.95776
13	30	32.96869
13	30	32.9799
13	30	32.99118
13	30	33.00227
13	30	33.0134
13	30	33.02454
13	30	33.03561
13	30	33.04708
13	30	33.0581
13	30	33.06893
13	30	33.08016
12	30	33.09164
12	30	33.10261
12	30	33.11401
12	30	33.12568
12	30	33.13632
12	30	33.14748
12	30	33.15867
12	30	33.16977
12	30	33.18091
12	30	33.19197
12	30	33.2036
11	30	33.21511
11	30	33.2259
11	30	33.23731
11	30	33.24843
11	30	33.25966
11	30	33.27084
11	30	33.28215
11	30	33.29306
11	30	33.30417
11	30	33.31536
11	30	33.3266
10	30	33.33773
10	30	33.34893
10	30	33.3604
10	30	33.37116
10	30	33.38218
10	30	33.39331
10	30	33.40437
10	30	33.41576
10	30	33.42673
10	30	33.4378
10	30	33.44886
9	30	33.46017
9	30	33.47132
9	30	33.48258
9	30	33.49387
9	30	33.50566
9	30	33.51638
9	30	33.52753
9	30	33.53841
9	30	33.54998
9	30	33.56113
8	30	33.57214
8	30	33.58338
8	30	33.59461
8	30	33.6056
8	30	33.6169
8	30	33.62835
8	30	33.63914
8	30	33.65025
8	30	33.66176
8	30	33.67289
8	30	33.68398
7	30	33.69511
7	30	33.70591
7	30	33.71707
7	30	33.72851
7	30	33.73949
7	30	33.75058
7	30	33.76242
7	30	33.77341
7	30	33.78394
7	30	33.79531
7	30	33.80637
6	30	33.81771
6	30	33.82904
6	30	33.84012
6	30	33.85134
6	30	33.86333
6	30	33.87339
6	30	33.88471
6	30	33.89581
6	30	33.90684
6	30	33.91798
6	30	33.92945
5	30	33.94042
5	30	33.95233
5	30	33.96346
5	30	33.97427
5	30	33.98558
5	30	33.99702
5	30	34.0074
5	30	34.02066
5	30	34.03002
5	30	34.04105
5	30	34.0523
4	30	34.06338
4	30	34.07466
4	30	34.08638
4	30	34.09711
4	30	34.10843
4	30	34.11984
4	30	34.13068
4	30	34.14235
4	30	34.15364
4	30	34.16392
4	30	34.17532
3	30	34.1863
3	30	34.19757
3	30	34.20874
3	30	34.21992
3	30	34.23132
3	30	34.24227
3	30	34.25337
3	30	34.26482
3	30	34.27592
3	30	34.28688
3	30	34.29815
2	30	34.30895
2	30	34.31989
2	30	34.33137
2	30	34.34247
2	30	34.3538
2	30	34.36485
2	30	34.37636
2	30	34.38725
2	30	34.39822
2	30	34.40926
2	30	34.42058
2	30	34.43161
2	30	34.44309
2	30	34.45473
2	30	34.46551
2	30	34.47662
2	30	34.4878
2	30	34.49904
2	30	34.51039
2	30	34.52148
2	30	34.53279
2	30	34.54398
2	30	34.555
2	30	34.56606
2	30	34.57733
2	30	34.58838
2	29	34.59958
2	29	34.61137
2	29	34.6221
2	29	34.63306
2	29	34.64416
2	29	34.65505
2	29	34.66653
2	29	34.67761
2	29	34.68881
2	29	34.70004
2	29	34.71104
2	28	34.72242
2	28	34.73353
2	28	34.74493
2	28	34.75619
2	28	34.76748
2	28	34.77971
2	28	34.78952
2	28	34.80076
2	28	34.81199
2	28	34.82327
2	28	34.83433
2	27	34.84586
2	27	34.85656
2	27	34.86802
2	27	34.8791
2	27	34.89019
2	27	34.90144
2	27	34.91257
2	27	34.92356
2	27	34.93479
2	27	34.94572
2	27	34.95704
2	26	34.96806
2	26	34.97928
2	26	34.99026
2	26	35.0017
2	26	35.01271
2	26	35.02397
2	26	35.03536
2	26	35.0472
2	26	35.05767
2	26	35.06923
2	26	35.08064
2	25	35.09101
2	25	35.1022
2	25	35.11359
2	25	35.12451
2	25	35.1357
2	25	35.14684
2	25	35.15797
2	25	35.16908
2	25	35.18026
2	25	35.19129
2	25	35.20231
2	24	35.21354
2	24	35.22457
2	24	35.23619
2	24	35.24704
2	24	35.2582
2	24	35.26958
2	24	35.2808
2	24	35.29212
2	24	35.30323
2	24	35.31416
2	24	35.32539
2	23	35.33672
2	23	35.34782
2	23	35.35925
2	23	35.37039
2	23	35.38151
2	23	35.39281
2	23	35.40442
2	23	35.41501
2	23	35.42629
2	23	35.43736
2	23	35.44875
3	23	35.45999
3	23	35.47104
3	23	35.48226
3	23	35.49335
3	23	35.5042
3	23	35.51541
3	23	35.52645
3	23	35.53759
3	23	35.54888
3	23	35.55959
3	23	35.57084
4	23	35.58212
4	23	35.5931
4	23	35.6046
4	23	35.61579
4	23	35.627
4	23	35.63803
4	23	35.64915
4	23	35.66058
4	23	35.67183
4	23	35.68291
5	23	35.6942
5	23	35.70561
5	23	35.71666
5	23	35.72781
5	23	35.73902
5	23	35.75022
5	23	35.76139
5	23	35.77291
5	23	35.78444
5	23	35.79489
5	23	35.80619
6	23	35.81732
6	23	35.8283
6	23	35.83957
6	23	35.85095
6	23	35.863
6	23	35.87326
6	23	35.885
6	23	35.8966
6	23	35.90668
6	23	35.91784
6	23	35.92867
7	23	35.93982
7	23	35.95118
7	23	35.96253
7	23	35.97345
7	23	35.98475
7	23	35.99639
7	23	36.00685
7	23	36.01828
7	23	36.02924
7	23	36.0403
7	23	36.05153
7	24	36.06297
7	24	36.07402
7	24	36.08529
7	24	36.09671
7	24	36.10757
7	24	36.1188
7	24	36.13018
7	24	36.14115
7	24	36.15257
7	24	36.16362
7	24	36.17463
7	25	36.18521
7	25	36.19674
7	25	36.20778
7	25	36.21912
7	25	36.23045
7	25	36.24146
7	25	36.25294
7	25	36.26416
7	25	36.27503
7	25	36.28612
7	25	36.2975
7	26	36.30884
7	26	36.32014
7	26	36.33154
7	26	36.34233
7	26	36.35334
7	26	36.36468
7	26	36.37576
7	26	36.38723
7	26	36.39832
7	26	36.40928
7	26	36.4204
6	26	36.43137
6	26	36.44248
6	26	36.45378
6	26	36.46509
6	26	36.47614
6	26	36.48808
6	26	36.49832
6	26	36.50954
6	26	36.52085
6	26	36.53181
6	26	36.54286
5	26	36.55402
5	26	36.56519
5	26	36.57664
5	26	36.5877
5	26	36.59896
5	26	36.61015
5	26	36.62163
5	26	36.6327
5	26	36.64407
5	26	36.65502
5	26	36.66602
4	26	36.67724
4	26	36.6884
4	26	36.69952
4	26	36.71074
4	26	36.72194
4	26	36.73304
4	26	36.74424
4	26	36.75558
4	26	36.76699
4	26	36.77835
4	26	36.78983
3	26	36.80098
3	26	36.81191
3	26	36.82265
3	26	36.83418
3	26	36.84491
3	26	36.85597
3	26	36.86758
3	26	36.87852
3	26	36.88929
3	26	36.90065
3	26	36.91171
2	26	36.92304
2	26	36.93409
2	26	36.94542
2	26	36.95725
2	26	36.96796
2	26	36.97876
2	26	36.98998
2	26	37.00143
2	26	37.01263
2	26	37.02369
2	26	37.03456
3	26	37.04572
3	26	37.05673
3	26	37.06792
3	26	37.07906
3	26	37.09015
3	26	37.10138
3	26	37.11268
3	26	37.12389
3	26	37.13546
3	26	37.14613
3	26	37.15731
4	26	37.16839
4	26	37.17966
4	26	37.19094
4	26	37.20212
4	26	37.21353
4	26	37.2243
4	26	37.23558
4	26	37.2467
4	26	37.25782
4	26	37.26902
4	26	37.28028
5	26	37.29126
5	26	37.30251
5	26	37.31392
5	26	37.32549
5	26	37.33611
5	26	37.3474
5	26	37.35837
5	26	37.36943
5	26	37.38104
5	26	37.39202
5	26	37.4031
6	26	37.41438
6	26	37.42553
6	26	37.43662
6	26	37.44773
6	26	37.4591
6	26	37.47011
6	26	37.48142
6	26	37.4925
6	26	37.50359
6	26	37.5155
6	26	37.52613
7	26	37.53731
7	26	37.54876
7	26	37.55983
7	26	37.57102
7	26	37.58237
7	26	37.59333
7	26	37.60461
7	26	37.6161
7	26	37.62679
7	26	37.63822
7	26	37.64868
7	26	37.65993
7	26	37.6709
7	26	37.68217
7	26	37.6931
7	26	37.70457
7	26	37.71556
7	26	37.72661
7	26	37.73799
7	26	37.74942
7	26	37.76048
8	26	37.77206
8	26	37.78278
8	26	37.79424
8	26	37.80553
8	26	37.8167
8	26	37.82766
8	26	37.83853
8	26	37.84982
8	26	37.861
8	26	37.8719
8	26	37.88314
9	26	37.89484
9	26	37.90602
9	26	37.9173
9	26	37.92815
9	26	37.93928
9	26	37.95075
9	26	37.96206
9	26	37.97319
9	26	37.98421
9	26	37.99566
9	26	38.00683
9	25	38.01811
9	25	38.0292
9	25	38.04048
9	25	38.05195
9	25	38.06287
9	25	38.07372
9	25	38.08489
9	25	38.0958
9	25	38.10707
9	25	38.1183
9	25	38.1298
9	24	38.14082
9	24	38.15193
9	24	38.17808
9	24	38.186
9	24	38.1932
9	24	38.19983
9	24	38.20684
9	24	38.21671
9	24	38.22614
9	24	38.23439
9	24	38.2454
9	24	38.25694
9	23	38.26782
9	23	38.27878
9	23	38.29034
9	23	38.30146
9	23	38.31247
9	23	38.32354
9	23	38.33516
9	23	38.34656
9	23	38.35806
9	23	38.36906
9	23	38.38018
9	23	38.39127
9	23	38.40235
9	23	38.41353
10	23	38.42475
10	23	38.43581
10	23	38.44693
10	23	38.45821
10	23	38.46927
10	23	38.48112
10	23	38.49195
10	23	38.50306
10	23	38.51508
10	23	38.52545
10	23	38.53631
11	23	38.5477
11	23	38.55888
11	23	38.57015
11	23	38.58194
11	23	38.59291
11	23	38.60427
11	23	38.61541
11	23	38.62573
11	23	38.63722
11	23	38.6483
11	23	38.65911
12	23	38.67076
12	23	38.68238
12	23	38.69438
12	23	38.70594
12	23	38.71731
12	23	38.72894
12	23	38.7403
12	23	38.75235
12	23	38.76365
12	23	38.77565
12	22	38.78732
12	22	38.79906
12	22	38.81078
12	22	38.82209
12	22	38.83312
12	22	38.8442
12	22	38.85533
12	22	38.86667
12	22	38.87742
12	22	38.88855
12	22	38.8999
12	21	38.9109
12	21	38.92207
12	21	38.93333
12	21	38.94481
12	21	38.95574
12	21	38.96711
12	21	38.9788
12	21	38.98935
12	21	39.00056
12	21	39.0116
12	21	39.02291
12	20	39.0339
12	20	39.0453
12	20	39.05633
12	20	39.06752
12	20	39.07849
12	20	39.08961
12	20	39.10086
12	20	39.11214
12	20	39.123
12	20	39.13428
12	20	39.14509
13	20	39.15645
13	20	39.16832
13	20	39.17919
13	20	39.19031
13	20	39.20177
13	20	39.21296
13	20	39.22398
13	20	39.23518
13	20	39.24636
13	20	39.25761
13	20	39.26866
14	20	39.27971
14	20	39.29113
14	20	39.3019
14	20	39.31312
14	20	39.32426
14	20	39.33536
14	20	39.34649
14	20	39.35754
14	20	39.36876
14	20	39.37987
14	20	39.39096
15	20	39.40294
15	20	39.41352
15	20	39.42508
15	20	39.43613
15	20	39.44771
15	20	39.4589
15	20	39.47007
15	20	39.48094
15	20	39.49187
15	20	39.50266
15	20	39.51397
17	20	39.52552
17	20	39.53714
17	20	39.54796
17	20	39.55903
17	20	39.56998
17	20	39.58127
17	20	39.59262
17	20	39.60427
17	20	39.61491
17	20	39.62592
17	20	39.6371
16	20	39.64851
16	20	39.65954
16	20	39.67068
16	20	39.68208
16	20	39.69288
16	20	39.70404
16	20	39.71527
16	20	39.72623
16	20	39.73741
16	20	39.74865
15	20	39.76012
15	20	39.77147
15	20	39.78297
15	20	39.79364
15	20	39.80497
15	20	39.81596
15	20	39.82709
15	20	39.83813
15	20	39.8495
15	20	39.86042
15	20	39.87181
14	20	39.88303
14	20	39.89406
14	20	39.90501
14	20	39.91683
14	20	39.92727
14	20	39.93948
14	20	39.95069
14	20	39.96105
14	20	39.97213
14	20	39.98382
14	20	39.99467
13	20	40.00573
13	20	40.01715
13	20	40.02824
13	20	40.03932
13	20	40.05074
13	20	40.06174
13	20	40.07317
13	20	40.08419
13	20	40.09498
13	20	40.10612
13	20	40.11731
12	20	40.12847
12	20	40.13965
12	20	40.15116
12	20	40.16233
12	20	40.17342
12	20	40.18465
12	20	40.1959
12	20	40.2071
12	20	40.21803
12	20	40.22937
12	20	40.24009
11	20	40.2514
11	20	40.26241
11	20	40.27378
11	20	40.28499
11	20	40.29628
11	20	40.30738
11	20	40.31896
11	20	40.3297
11	20	40.34097
11	20	40.35223
11	20	40.3634
10	20	40.37441
10	20	40.38564
10	20	40.39695
10	20	40.40862
10	20	40.42323
10	20	40.43515
10	20	40.44224
10	20	40.45079
10	20	40.46183
10	20	40.47397
10	20	40.48394
9	20	40.49499
9	20	40.50642
9	20	40.51762
9	20	40.52862
9	20	40.53988
9	20	40.55113
9	20	40.56212
9	20	40.57326
9	20	40.58437
9	20	40.59543
9	20	40.60649
8	20	40.61784
8	20	40.62868
8	20	40.63976
8	20	40.65131
8	20	40.66234
8	20	40.67321
8	20	40.68509
8	20	40.69583
8	20	40.70673
8	20	40.71787
8	20	40.72886
7	20	40.73986
7	20	40.7515
7	20	40.7623
7	20	40.77361
7	20	40.78476
7	20	40.7961
7	20	40.80766
7	20	40.81903
7	20	40.83064
7	20	40.84186
7	20	40.85353
7	20	40.86449
7	21	40.87596
7	21	40.88707
7	21	40.89865
7	21	40.90993
7	21	40.9211
7	21	40.93258
7	21	40.94363
7	21	40.95494
7	21	40.96596
7	21	40.97717
7	21	40.98835
7	22	40.9995
7	22	41.01124
7	22	41.02216
7	22	41.03356
7	22	41.04448
7	22	41.0556
7	22	41.06726
7	22	41.07837
7	22	41.08943
7	22	41.10088
7	22	41.11167
7	23	41.12266
7	23	41.13402
7	23	41.14481
7	23	41.15594
7	23	41.1676
7	23	41.17829
7	23	41.18944
7	23	41.2011
7	23	41.21202
7	23	41.22345
7	23	41.23493
6	23	41.24602
6	23	41.2574
6	23	41.26853
6	23	41.27908
6	23	41.29012
6	23	41.30145
6	23	41.31265
6	23	41.32359
6	23	41.33524
6	23	41.34565
6	23	41.35699
5	23	41.36816
5	23	41.37949
5	23	41.39042
5	23	41.40236
5	23	41.41291
5	23	41.42415
5	23	41.43558
5	23	41.44659
5	23	41.45773
5	23	41.46897
5	23	41.48063
4	23	41.49163
4	23	41.50258
4	23	41.51377
4	23	41.52488
4	23	41.53624
4	23	41.54722
4	23	41.55854
4	23	41.56956
4	23	41.58071
4	23	41.59204
4	23	41.60288
4	22	41.61421
4	22	41.62552
4	22	41.63689
4	22	41.64781
4	22	41.65892
4	22	41.67017
4	22	41.68125
4	22	41.6925
4	22	41.70369
4	22	41.7148
4	22	41.72599
4	21	41.73705
4	21	41.74824
4	21	41.75951
4	21	41.77078
4	21	41.7817
4	21	41.79308
4	21	41.80407
4	21	41.81504
4	21	41.82632
4	21	41.83738
4	20	41.84899
4	20	41.85976
4	20	41.87085
4	20	41.88223
4	20	41.89333
4	20	41.90462
4	20	41.91622
4	20	41.92695
4	20	41.93806
4	20	41.94934
4	20	41.96009
3	20	41.97186
3	20	41.98315
3	20	41.99355
3	20	42.00467
3	20	42.01622
3	20	42.02749
3	20	42.03806
3	20	42.04939
3	20	42.06078
3	20	42.07198
3	20	42.08308
2	20	42.09441
2	20	42.10586
2	20	42.11686
2	20	42.12787
2	20	42.13924
2	20	42.15065
2	20	42.16194
2	20	42.173
2	20	42.18462
2	20	42.19543
2	20	42.20678
2	20	42.21796
2	20	42.22887
2	20	42.2399
2	20	42.25149
2	20	42.26258
2	20	42.27298
2	20	42.28397
2	19	42.29542
2	19	42.30663
2	19	42.3175
2	19	42.32862
2	19	42.33995
2	19	42.35161
2	19	42.36256
2	19	42.37376
2	19	42.38519
2	19	42.39604
2	19	42.40718
2	18	42.41871
2	18	42.42948
2	18	42.44062
2	18	42.45221
2	18	42.46317
2	18	42.47399
2	18	42.48536
2	18	42.49636
2	18	42.5078
2	18	42.51886
2	18	42.52992
2	17	42.54104
2	17	42.55265
2	17	42.56334
2	17	42.57481
2	17	42.58599
2	17	42.59673
2	17	42.6083
2	17	42.61953
2	17	42.63051
2	17	42.64165
2	17	42.65311
2	16	42.66389
2	16	42.67516
2	16	42.6862
2	16	42.6975
2	16	42.70877
2	16	42.71997
2	16	42.73159
2	16	42.7425
2	16	42.75356
2	16	42.76471
2	16	42.77604
2	15	42.78721
2	15	42.79832
2	15	42.80968
2	15	42.82085
2	15	42.83176
2	15	42.84299
2	15	42.8543
2	15	42.86535
2	15	42.87634
2	15	42.88794
2	15	42.89859
2	14	42.9097
2	14	42.92075
2	14	42.93194
2	14	42.94334
2	14	42.95455
2	14	42.96544
2	14	42.97662
2	14	42.98795
2	14	42.99916
2	14	43.01031
2	14	43.02163
2	14	43.0326
2	14	43.04429
2	14	43.06153
2	14	43.07444
2	14	43.08215
3	14	43.08849
3	14	43.09639
3	14	43.10568
3	14	43.11643
3	14	43.12719
3	14	43.13857
3	14	43.14999
3	14	43.1611
3	14	43.17241
3	14	43.18343
3	14	43.19446
4	14	43.20531
4	14	43.21621
4	14	43.22756
4	14	43.23898
4	14	43.24977
4	14	43.26149
4	14	43.27274
4	14	43.28404
4	14	43.29483
4	14	43.30635
4	14	43.31759
4	13	43.32886
4	13	43.34038
4	13	43.35147
4	13	43.3624
4	13	43.37371
4	13	43.38473
4	13	43.39544
4	13	43.40687
4	13	43.41827
4	13	43.42894
4	13	43.4404
4	12	43.45139
4	12	43.46244
4	12	43.47405
4	12	43.4859
4	12	43.49681
4	12	43.50932
4	12	43.52118
4	12	43.53168
4	12	43.54295
4	12	43.55452
4	12	43.5657
4	11	43.57699
4	11	43.58845
4	11	43.60004
4	11	43.61198
4	11	43.62301
4	11	43.63452
4	11	43.64582
4	11	43.65771
4	11	43.66959
4	11	43.68034
4	11	43.69159
4	11	43.70314
4	11	43.71434
4	11	43.72527
4	11	43.73661
4	11	43.74759
4	11	43.75882
4	11	43.7701
4	11	43.78137
4	11	43.79218
4	11	43.80308
4	11	43.81407
4	11	43.82574
4	11	43.83653
4	11	43.84763
4	11	43.85879
4	11	43.87072
3	11	43.88149
3	11	43.8926
3	11	43.90398
3	11	43.91484
3	11	43.92617
3	11	43.93759
3	11	43.94875
3	11	43.96003
3	11	43.9711
3	11	43.98252
2	11	43.99424
2	11	44.00719
2	11	44.0158
2	11	44.02728
2	11	44.03815
2	11	44.04931
2	11	44.06001
2	11	44.07119
2	11	44.08235
2	11	44.09351
2	11	44.10477
2	11	44.11583
2	11	44.12734
2	11	44.13906
2	11	44.15045
2	11	44.16108
2	11	44.17197
2	11	44.18321
2	11	44.19424
2	11	44.20527
2	11	44.21629
2	11	44.22744
2	11	44.23841
2	11	44.24961
2	11	44.26078
2	11	44.27187
2	11	44.28313
2	11	44.29449
2	11	44.30552
2	11	44.31678
2	11	44.32806
2	11	44.3397
2	11	44.35064
2	11	44.36181
2	11	44.37293
2	11	44.38427
2	11	44.3957
2	11	44.40665
2	11	44.4178
2	11	44.42897
2	11	44.44023
2	11	44.45155
2	11	44.46248
2	11	44.47349
2	11	44.48452
2	11	44.49561
2	11	44.50684
2	11	44.51811
2	11	44.52919
2	11	44.54036
2	11	44.55156
2	11	44.56295
2	11	44.57411
2	11	44.58488
2	11	44.59606
2	11	44.60769
2	11	44.61847
2	11	44.62957
2	11	44.64064
2	11	44.6522
2	11	44.66294
2	11	44.67427
2	11	44.68548
2	11	44.69669
2	10	44.70782
2	10	44.71923
2	10	44.73056
2	10	44.74179
2	10	44.75295
2	10	44.7644
2	10	44.77547
2	10	44.78652
2	10	44.79753
2	10	44.80905
2	10	44.82009
2	9	44.83117
2	9	44.84232
2	9	44.85394
2	9	44.86488
2	9	44.87612
2	9	44.88784
2	9	44.89844
2	9	44.90994
2	9	44.92174
2	9	44.93204
2	9	44.94314
2	8	44.95405
2	8	44.96488
2	8	44.97607
2	8	44.98749
2	8	44.99848
2	8	45.01022
2	8	45.02146
2	8	45.03189
2	8	45.04301
2	8	45.05431
2	8	45.06544
2	8	45.07684
2	8	45.08795
2	8	45.09902
2	8	45.11035
2	8	45.12157
2	8	45.13253
3	8	45.1439
3	8	45.15516
3	8	45.16634
3	8	45.17743
3	8	45.1889
3	8	45.19959
3	8	45.21073
3	8	45.22205
3	8	45.23322
3	8	45.24397
3	8	45.25528
4	8	45.26616
4	8	45.27725
4	8	45.28856
4	8	45.29982
4	8	45.311
4	8	45.32233
4	8	45.33339
4	8	45.34496
4	8	45.35597
4	8	45.36729
4	8	45.37844
4	7	45.38981
4	7	45.4005
4	7	45.41216
4	7	45.4229
4	7	45.43442
4	7	45.4454
4	7	45.45658
4	7	45.46791
4	7	45.47893
4	7	45.49017
4	7	45.50145
4	6	45.51249
4	6	45.52361
4	6	45.53475
4	6	45.54658
4	6	45.55699
4	6	45.56812
4	6	45.57942
4	6	45.59037
4	6	45.60186
4	6	45.61319
4	6	45.62508
4	5	45.63472
4	5	45.64592
4	5	45.65708
4	5	45.66838
4	5	45.67955
4	5	45.69061
4	5	45.70244
4	5	45.71293
4	5	45.72454
4	5	45.73569
4	5	45.74688
4	5	45.75801
4	5	45.76932
4	5	45.78043
4	5	45.79164
4	5	45.80274
4	5	45.81374
4	5	45.8246
3	5	45.83614
3	5	45.84718
3	5	45.85926
3	5	45.87069
3	5	45.88197
3	5	45.89231
3	5	45.90319
3	5	45.91406
3	5	45.92556
3	5	45.93659
3	5	45.94767
2	5	45.95926
2	5	45.9705
2	5	45.98178
2	5	45.99302
2	5	46.00414
2	5	46.01636
2	5	46.03067
2	5	46.04208
2	5	46.04958
2	5	46.05765
2	5	46.06864
2	5	46.07973
2	5	46.09089
2	5	46.10205
2	5	46.11345
2	5	46.12436
2	5	46.13542
2	5	46.14643
2	5	46.15798
2	5	46.16916
2	5	46.18009
2	5	46.19118
2	5	46.20245
2	5	46.21406
2	5	46.22478
2	5	46.23601
2	5	46.24724
2	5	46.25843
2	5	46.27009
2	5	46.28096
2	5	46.29184
2	5	46.30302
2	5	46.31414
2	5	46.32549
2	5	46.33644
2	5	46.34761
2	5	46.35879
2	5	46.37027
2	5	46.38179
2	5	46.39262
2	5	46.4038
2	5	46.41515
2	5	46.42639
2	5	46.43799
2	5	46.44883
2	5	46.45999
2	5	46.47159
2	5	46.48276
2	5	46.4938
2	5	46.50523
2	5	46.51645
2	5	46.52771
2	5	46.53976
2	5	46.55074
2	5	46.56218
2	5	46.57351
2	5	46.58448
2	5	46.5957
2	5	46.60723
2	5	46.61819
2	5	46.62923
2	5	46.6407
2	5	46.65166
2	5	46.6629
2	5	46.67391
2	4	46.68512
2	4	46.69638
2	4	46.70779
2	4	46.71912
2	4	46.73016
2	4	46.74151
2	4	46.75249
2	4	46.76363
2	4	46.77477
2	4	46.78581
2	4	46.79723
2	3	46.80776
2	3	46.81964
2	3	46.8311
2	3	46.84151
2	3	46.8528
2	3	46.86383
2	3	46.87489
2	3	46.88613
2	3	46.89772
2	3	46.90857
2	3	46.91985
2	2	46.93134
2	2	46.94215
2	2	46.95378
2	2	46.96466
2	2	46.97571
2	2	46.98724
2	2	46.99817
2	2	47.00946
2	2	47.02044
2	2	47.03164
2	2	47.04249
2	2	47.05366
2	2	47.0649
2	2	47.0758
2	2	47.0869
2	2	47.09811
2	2	47.10944
2	2	47.12007
2	2	47.13153
2	2	47.14275
3	2	47.15385
3	2	47.16508
3	2	47.17625
3	2	47.18768
3	2	47.19869
3	2	47.2102
3	2	47.22149
3	2	47.23269
3	2	47.24405
3	2	47.25497
3	2	47.26633
4	2	47.27728
4	2	47.28815
4	2	47.29945
4	2	47.3108
4	2	47.32228
4	2	47.33311
4	2	47.3443
4	2	47.35518
4	2	47.36643
4	2	47.37749
4	2	47.389
5	2	47.39978
5	2	47.41088
5	2	47.42242
5	2	47.43332
5	2	47.4446
5	2	47.45586
5	2	47.46686
5	2	47.47826
5	2	47.48974
5	2	47.50068
5	2	47.51185
6	2	47.52309
6	2	47.53417
6	2	47.54557
6	2	47.55661
6	2	47.56781
6	2	47.57912
6	2	47.59023
6	2	47.60121
6	2	47.61231
6	2	47.6234
6	2	47.63436
7	2	47.64559
7	2	47.65692
7	2	47.66802
7	2	47.67988
7	2	47.6916
7	2	47.7025
7	2	47.71329
7	2	47.72455
7	2	47.73563
7	2	47.74631
7	2	47.75752
7	3	47.76861
7	3	47.78008
7	3	47.79169
7	3	47.8023
7	3	47.81377
7	3	47.82505
7	3	47.83609
7	3	47.84683
7	3	47.8579
7	3	47.8689
7	3	47.88007
7	4	47.89162
7	4	47.90226
7	4	47.91392
7	4	47.9248
7	4	47.93593
7	4	47.94728
7	4	47.9583
7	4	47.96942
7	4	47.98074
7	4	47.99199
7	4	48.00322
7	5	48.01425
7	5	48.02544
7	5	48.03666
7	5	48.04807
7	5	48.06065
7	5	48.07364
7	5	48.08152
7	5	48.0914
7	5	48.10277
7	5	48.11378
7	5	48.125
6	5	48.13603
6	5	48.14734
6	5	48.15839
6	5	48.16946
6	5	48.18061
6	5	48.19196
6	5	48.20341
6	5	48.21751
6	5	48.22758
6	5	48.23664
6	5	48.24775
5	5	48.25883
5	5	48.27007
5	5	48.28133
5	5	48.2926
5	5	48.30344
5	5	48.31507
5	5	48.32581
5	5	48.33688
5	5	48.34798
5	5	48.35933
5	5	48.37021
4	5	48.38145
4	5	48.3928
4	5	48.40411
4	5	48.41522
4	5	48.42644
4	5	48.43783
4	5	48.4491
4	5	48.46033
4	5	48.47131
4	5	48.48254
3	5	48.4937
3	5	48.50469
3	5	48.51614
3	5	48.52731
3	5	48.53841
3	5	48.54974
3	5	48.56054
3	5	48.57175
3	5	48.58273
3	5	48.59393
3	5	48.60538
2	5	48.61652
2	5	48.62791
2	5	48.6391
2	5	48.65079
2	5	48.66196
2	5	48.674
2	5	48.68449
2	5	48.69544
2	5	48.70693
2	5	48.71799
2	5	48.72926
3	5	48.74049
3	5	48.75186
3	5	48.76293
3	5	48.77456
3	5	48.78517
3	5	48.79641
3	5	48.80758
3	5	48.81856
3	5	48.83013
3	5	48.84098
3	5	48.85186
4	5	48.86303
4	5	48.87443
4	5	48.88535
4	5	48.8966
4	5	48.90799
4	5	48.91935
4	5	48.93054
4	5	48.94158
4	5	48.95263
4	5	48.96341
4	5	48.97479
5	5	48.98605
5	5	48.99701
5	5	49.00865
5	5	49.01945
5	5	49.03082
5	5	49.04223
5	5	49.05321
5	5	49.06414
5	5	49.07553
5	5	49.08672
5	5	49.09787
6	5	49.10908
6	5	49.12008
6	5	49.13124
6	5	49.1426
6	5	49.15334
6	5	49.16472
6	5	49.17575
6	5	49.18704
6	5	49.1981
6	5	49.20942
6	5	49.22043
7	5	49.23143
7	5	49.24279
7	5	49.25391
7	5	49.26489
7	5	49.27632
7	5	49.28754
7	5	49.29896
7	5	49.30985
7	5	49.32101
7	5	49.33228
7	5	49.34355
6	6	49.35462
6	6	49.36583
6	6	49.37693
6	6	49.38854
6	6	49.39948
6	6	49.41082
6	6	49.42228
6	6	49.43333
6	6	49.44453
6	6	49.45584
6	6	49.46724
6	6	49.47777
6	6	49.48855
6	6	49.49994
6	6	49.51131
6	6	49.52399
6	6	49.53369
6	6	49.54485
6	6	49.55584
6	6	49.56738
6	6	49.57827
6	6	49.58909
6	7	49.60075
6	7	49.61173
6	7	49.62267
6	7	49.63453
6	7	49.64547
6	7	49.65664
6	7	49.66774
6	7	49.67899
6	7	49.68991
6	7	49.70122
6	7	49.71225
6	8	49.72359
6	8	49.73447
6	8	49.74557
6	8	49.75671
6	8	49.7683
6	8	49.77924
6	8	49.79012
6	8	49.80146
6	8	49.81259
6	8	49.82386
6	8	49.83511
6	9	49.84604
6	9	49.85703
6	9	49.8682
6	9	49.87938
6	9	49.89066
6	9	49.90213
6	9	49.9133
6	9	49.92472
6	9	49.9358
6	9	49.94646
6	9	49.95784
6	10	49.96883
6	10	49.98021
6	10	49.99155
6	10	50.00282
6	10	50.01395
6	10	50.02508
6	10	50.03614
6	10	50.04734
6	10	50.0587
6	10	50.06979
6	10	50.08147
5	10	50.09335
5	10	50.10511
5	10	50.11449
5	10	50.12572
5	10	50.13679
5	10	50.14808
5	10	50.1591
5	10	50.16992
5	10	50.18131
5	10	50.19238
5	10	50.20312
5	10	50.21429
5	10	50.22573
5	10	50.23694
5	10	50.24773
5	10	50.25952
5	10	50.27047
5	10	50.28172
5	10	50.2929
5	10	50.30403
5	10	50.31515
5	10	50.32638
4	10	50.33788
4	10	50.3493
4	10	50.3607
4	10	50.37156
4	10	50.38303
4	10	50.39387
4	10	50.40495
4	10	50.41609
4	10	50.4271
4	10	50.43808
3	10	50.44916
3	10	50.46018
3	10	50.47161
3	10	50.48331
3	10	50.49411
3	10	50.50556
3	10	50.5168
3	10	50.52776
3	10	50.53847
3	10	50.55002
3	10	50.56068
2	10	50.57207
2	10	50.58311
2	10	50.59388
2	10	50.60529
2	10	50.61655
2	10	50.62774
2	10	50.63898
2	10	50.65077
2	10	50.66165
2	10	50.67265
2	10	50.68377
2	10	50.69499
2	10	50.70645
2	10	50.71748
2	10	50.72853
2	10	50.7397
2	10	50.75107
2	10	50.76211
2	10	50.77375
2	10	50.78457
2	10	50.79572
2	10	50.80653
2	10	50.81791
2	10	50.82907
2	10	50.84009
2	10	50.8515
2	10	50.86292
2	10	50.87384
2	10	50.88501
2	10	50.8961
2	10	50.90716
2	10	50.91833
2	10	50.92972
2	10	50.9412
2	10	50.95214
2	10	50.96311
2	10	50.97444
2	10	50.98546
2	10	50.99657
2	10	51.00787
2	10	51.01922
2	10	51.03022
2	10	51.0415
2	10	51.05254
2	10	51.06356
3	10	51.07447
3	10	51.08567
3	10	51.0968
3	10	51.10797
3	10	51.11904
3	10	51.13062
3	10	51.14191
3	10	51.15311
3	10	51.16441
3	10	51.17617
3	10	51.18669
4	10	51.19798
4	10	51.20955
4	10	51.22045
4	10	51.23178
4	10	51.24305
4	10	51.25402
4	10	51.26552
4	10	51.27652
4	10	51.28749
4	10	51.29846
4	10	51.30989
5	10	51.32109
5	10	51.33259
5	10	51.34336
5	10	51.35448
5	10	51.36533
5	10	51.37671
5	10	51.38775
5	10	51.39884
5	10	51.4101
5	10	51.42105
5	10	51.43244
5	10	51.44349
5	10	51.45445
5	10	51.46561
5	10	51.47741
5	10	51.48813
5	10	51.49897
5	10	51.51044
5	10	51.52155
5	10	51.53283
5	10	51.54391
5	10	51.55527
6	10	51.56654
6	10	51.57772
6	10	51.58879
6	10	51.6
6	10	51.61108
6	10	51.62218
6	10	51.63329
6	10	51.64478
6	10	51.65555
6	10	51.66681
6	10	51.6779
6	11	51.68905
6	11	51.70013
6	11	51.71125
6	11	51.72236
6	11	51.73335
6	11	51.74471
6	11	51.75583
6	11	51.76705
6	11	51.7789
6	11	51.78975
6	11	51.80178
6	12	51.81228
6	12	51.82326
6	12	51.8346
6	12	51.84605
6	12	51.85688
6	12	51.86811
6	12	51.8791
6	12	51.89031
6	12	51.90155
6	12	51.91265
6	12	51.92405
6	13	51.93506
6	13	51.94621
6	13	51.95826
6	13	51.96847
6	13	51.97956
6	13	51.9904
6	13	52.00173
6	13	52.0128
6	13	52.02398
6	13	52.03536
6	13	52.0464
6	14	52.05753
6	14	52.0687
6	14	52.07998
6	14	52.09125
6	14	52.1025
6	14	52.11531
6	14	52.13465
6	14	52.14452
6	14	52.15031
6	14	52.15686
6	14	52.16391
6	15	52.17477
6	15	52.18597
6	15	52.19808
6	15	52.20881
6	15	52.22044
6	15	52.23163
6	15	52.24253
6	15	52.25373
6	15	52.26504
6	15	52.27552
6	15	52.28667
6	16	52.29821
6	16	52.30862
6	16	52.31973
6	16	52.33154
6	16	52.34207
6	16	52.35328
6	16	52.36436
6	16	52.37542
6	16	52.38678
6	16	52.39799
6	16	52.40996
6	17	52.42091
6	17	52.43176
6	17	52.44329
6	17	52.45443
6	17	52.46544
6	17	52.47716
6	17	52.48776
6	17	52.49878
6	17	52.51059
6	17	52.5215
6	17	52.53222
6	18	52.54417
6	18	52.55537
6	18	52.56674
6	18	52.57851
6	18	52.58939
6	18	52.60098
6	18	52.61199
6	18	52.6234
6	18	52.63501
6	18	52.64635
6	18	52.65784
6	19	52.66937
6	19	52.68116
6	19	52.69256
6	19	52.70411
6	19	52.71573
6	19	52.72744
6	19	52.73893
6	19	52.75025
6	19	52.76175
6	19	52.7732
6	18	52.78416
6	18	52.79518
6	18	52.80627
6	18	52.81763
6	18	52.82846
6	18	52.83939
6	18	52.85047
6	18	52.86179
6	18	52.87299
6	18	52.88398
6	18	52.89531
6	17	52.90625
6	17	52.91726
6	17	52.92847
6	17	52.93974
6	17	52.95129
6	17	52.9623
6	17	52.97351
6	17	52.98452
6	17	52.99583
6	17	53.00717
6	17	53.0184
6	16	53.02968
6	16	53.04081
6	16	53.05224
6	16	53.06307
6	16	53.07436
6	16	53.08561
6	16	53.09648
6	16	53.10752
6	16	53.11864
6	16	53.12983
6	16	53.1409
5	16	53.15223
5	16	53.16359
5	16	53.17483
5	16	53.18605
5	16	53.1974
5	16	53.20903
5	16	53.21996
5	16	53.23096
5	16	53.24182
5	16	53.25309
5	16	53.26431
4	16	53.27567
4	16	53.28682
4	16	53.29798
4	16	53.30882
4	16	53.32008
4	16	53.33115
4	16	53.34237
4	16	53.35347
4	16	53.3648
4	16	53.37598
4	16	53.38715
3	16	53.39819
3	16	53.40943
3	16	53.42093
3	16	53.43192
3	16	53.44315
3	16	53.45428
3	16	53.46555
3	16	53.47659
3	16	53.48807
3	16	53.49907
3	16	53.51026
3	16	53.52169
3	16	53.53244
3	16	53.54345
3	16	53.55458
3	16	53.5658
3	16	53.57692
3	16	53.58842
3	16	53.59925
3	16	53.61085
3	16	53.62177
3	16	53.63295
2	16	53.6441
2	16	53.65516
2	16	53.66634
2	16	53.67833
2	16	53.68847
2	16	53.69955
2	16	53.71096
2	16	53.72177
2	16	53.73302
2	16	53.74427
2	16	53.75529
2	16	53.76622
2	16	53.77808
2	16	53.78879
2	16	53.80009
2	16	53.81169
2	16	53.82245
2	16	53.83389
2	16	53.84523
2	16	53.85623
2	16	53.86751
2	16	53.87893
2	16	53.88995
2	16	53.90137
2	16	53.91257
2	16	53.92344
2	16	53.93496
2	16	53.94598
2	16	53.95699
2	16	53.96813
2	16	53.97967
2	16	53.99056
2	16	54.00151
2	16	54.0135
2	16	54.02411
2	16	54.03531
2	16	54.04638
2	16	54.05771
2	16	54.06858
2	16	54.07944
2	16	54.09064
2	16	54.1023
2	16	54.11304
2	16	54.12376
2	16	54.13559
2	16	54.14744
2	16	54.1573
2	16	54.16843
2	16	54.17995
2	16	54.19097
2	16	54.20229
2	16	54.21339
2	16	54.22468
2	16	54.23575
2	16	54.24711
2	16	54.25819
2	16	54.26929
2	16	54.28024
2	16	54.29167
2	16	54.30288
2	16	54.31376
2	16	54.32506
2	16	54.33622
3	16	54.3476
3	16	54.35878
3	16	54.37014
3	16	54.38136
3	16	54.39262
3	16	54.40377
3	16	54.41473
3	16	54.42588
3	16	54.43696
3	16	54.44799
3	16	54.45935
3	16	54.47028
3	16	54.48137
3	16	54.49261
3	16	54.50391
3	16	54.51484
3	16	54.52586
3	16	54.53713
3	16	54.54811
3	16	54.55967
3	16	54.57038
3	16	54.58162
4	16	54.59295
4	16	54.6041
4	16	54.61578
4	16	54.6268
4	16	54.6378
4	16	54.64903
4	16	54.6603
4	16	54.67131
4	16	54.68265
4	16	54.6939
5	16	54.70499
5	16	54.71619
5	16	54.72718
5	16	54.73875
5	16	54.74952
5	16	54.76068
5	16	54.77209
5	16	54.78306
5	16	54.79416
5	16	54.80518
5	16	54.81661
4	16	54.82758
4	16	54.83891
4	16	54.85031
4	16	54.86166
4	16	54.87263
4	16	54.88387
4	16	54.89511
4	16	54.90617
4	16	54.9176
4	16	54.92895
4	16	54.93965
3	16	54.95083
3	16	54.96216
3	16	54.97285
3	16	54.98426
3	16	54.99572
3	16	55.00661
3	16	55.01794
3	16	55.02906
3	16	55.04022
3	16	55.05162
3	16	55.06268
2	16	55.07369
2	16	55.08504
2	16	55.09632
2	16	55.10752
2	16	55.11867
2	16	55.12993
2	16	55.14071
2	16	55.15173
2	16	55.16343
2	16	55.17421
2	16	55.18524
2	16	55.19672
2	16	55.20776
2	16	55.21876
2	16	55.23023
2	16	55.24137
2	16	55.25239
2	16	55.2636
2	16	55.27458
2	16	55.2857
2	16	55.29694
2	16	55.30813
2	17	55.31939
2	17	55.3307
2	17	55.34189
2	17	55.3532
2	17	55.36417
2	17	55.37514
2	17	55.38662
2	17	55.39759
2	17	55.40869
2	17	55.41994
2	17	55.43109
2	18	55.44212
2	18	55.45333
2	18	55.46456
2	18	55.47566
2	18	55.4871
2	18	55.49831
2	18	55.50953
2	18	55.52061
2	18	55.53173
2	18	55.54282
2	18	55.55421
2	19	55.56496
2	19	55.57616
2	19	55.58751
2	19	55.59848
2	19	55.60984
2	19	55.62075
2	19	55.63189
2	19	55.64299
2	19	55.65428
2	19	55.66563
2	19	55.67687
3	19	55.68814
3	19	55.69912
3	19	55.71071
3	19	55.72172
3	19	55.73274
3	19	55.74382
3	19	55.75498
3	19	55.76616
3	19	55.77745
3	19	55.78844
3	19	55.79936
3	19	55.81071
3	19	55.82192
3	19	55.83306
3	19	55.84474
3	19	55.85569
3	19	55.86763
3	19	55.87798
3	19	55.88965
3	19	55.90033
3	19	55.9116
3	19	55.92271
3	19	55.93383
3	19	55.94516
3	19	55.95596
3	19	55.96752
3	19	55.97861
3	19	55.98943
3	19	56.00046
3	19	56.01163
3	19	56.02281
3	19	56.03386
3	19	56.04527
3	19	56.0564
3	19	56.06764
3	19	56.07904
3	19	56.09
3	20	56.10125
3	20	56.11245
3	20	56.12344
3	20	56.13457
3	20	56.14614
3	20	56.15754
3	20	56.16887
3	20	56.18002
3	20	56.19054
3	20	56.20179
3	20	56.21304
3	21	56.22374
3	21	56.23512
3	21	56.24627
3	21	56.25724
3	21	56.26862
3	21	56.27998
3	21	56.29106
3	21	56.30234
3	21	56.31377
3	21	56.32461
3	21	56.33614
3	22	56.34728
3	22	56.35851
3	22	56.36952
3	22	56.381
3	22	56.39172
3	22	56.40273
3	22	56.41413
3	22	56.42492
3	22	56.43619
3	22	56.44754
3	22	56.45863
3	22	56.46992
3	22	56.48119
4	22	56.4925
4	22	56.50371
4	22	56.51463
4	22	56.5258
4	22	56.53701
4	22	56.54832
4	22	56.55949
4	22	56.57053
4	22	56.58173
4	22	56.59256
4	22	56.60385
5	22	56.61486
5	22	56.62603
5	22	56.63725
5	22	56.64864
5	22	56.65972
5	22	56.67061
5	22	56.68206
5	22	56.69352
5	22	56.7041
5	22	56.71523
5	22	56.72667
6	22	56.73774
6	22	56.74904
6	22	56.76009
6	22	56.77132
6	22	56.78239
6	22	56.79357
6	22	56.80492
6	22	56.81641
6	22	56.8279
6	22	56.83885
6	21	56.84996
6	21	56.86089
6	21	56.87241
6	21	56.88317
6	21	56.89433
6	21	56.9058
6	21	56.91685
6	21	56.9281
6	21	56.93938
6	21	56.95086
6	21	56.96192
6	20	56.97272
6	20	56.98402
6	20	56.99499
6	20	57.00603
6	20	57.01715
6	20	57.02801
6	20	57.03915
6	20	57.05039
6	20	57.06176
6	20	57.07292
6	20	57.0846
6	19	57.0955
6	19	57.10636
6	19	57.11796
6	19	57.12865
6	19	57.13988
6	19	57.15113
6	19	57.16229
6	19	57.17316
6	19	57.18429
6	19	57.19557
6	19	57.20643
7	19	57.21755
7	19	57.22875
7	19	57.23983
7	19	57.25107
7	19	57.26244
7	19	57.2737
7	19	57.2849
7	19	57.29622
7	19	57.30733
7	19	57.3186
7	19	57.32974
8	19	57.34108
8	19	57.35227
8	19	57.3636
8	19	57.37471
8	19	57.38563
8	19	57.39695
8	19	57.40797
8	19	57.41926
8	19	57.43095
8	19	57.44189
8	19	57.45316
9	19	57.46422
9	19	57.47509
9	19	57.48644
9	19	57.49785
9	19	57.50894
9	19	57.52002
9	19	57.53172
9	19	57.54246
9	19	57.55331
9	19	57.56492
9	19	57.57582
9	18	57.58724
9	18	57.59816
9	18	57.6093
9	18	57.62061
9	18	57.63198
9	18	57.64276
9	18	57.65377
9	18	57.66524
9	18	57.67611
9	18	57.6877
9	18	57.69914
9	17	57.7102
9	17	57.72122
9	17	57.73264
9	17	57.7436
9	17	57.75448
9	17	57.76559
9	17	57.77704
9	17	57.78812
9	17	57.7995
9	17	57.81041
9	17	57.82116
9	16	57.83269
9	16	57.84344
9	16	57.85475
9	16	57.86592
9	16	57.87717
9	16	57.88879
9	16	57.90023
9	16	57.91076
9	16	57.92183
9	16	57.9333
9	16	57.9444
9	15	57.9556
9	15	57.96696
9	15	57.97798
9	15	57.98907
9	15	58.00021
9	15	58.01125
9	15	58.0228
9	15	58.03375
9	15	58.04496
9	15	58.05632
9	15	58.06714
9	14	58.07822
9	14	58.08903
9	14	58.10046
9	14	58.11172
9	14	58.12278
9	14	58.13399
9	14	58.14538
9	14	58.1564
9	14	58.16776
9	14	58.17959
9	14	58.19073
9	13	58.20122
9	13	58.21294
9	13	58.22365
9	13	58.23496
9	13	58.24617
9	13	58.25728
9	13	58.26847
9	13	58.2794
9	13	58.29058
9	13	58.30185
9	13	58.31282
9	12	58.32388
9	12	58.33511
9	12	58.34626
9	12	58.35749
9	12	58.3689
9	12	58.37957
9	12	58.39095
9	12	58.40243
9	12	58.41335
9	12	58.42478
9	12	58.43561
9	11	58.44672
9	11	58.45763
9	11	58.46919
9	11	58.48033
9	11	58.49163
9	11	58.50268
9	11	58.51382
9	11	58.52523
9	11	58.53602
9	11	58.54718
9	11	58.55827
9	10	58.56968
9	10	58.58089
9	10	58.59198
9	10	58.62626
9	10	58.63335
9	10	58.63946
9	10	58.64653
9	10	58.65319
9	10	58.66482
9	10	58.67654
9	10	58.6881
9	10	58.69824
9	10	58.70882
9	10	58.72002
9	10	58.73075
9	10	58.74199
9	10	58.75314
9	10	58.76484
9	10	58.77601
9	10	58.78706
9	10	58.7979
9	10	58.80886
9	10	58.8203
9	10	58.83208
9	10	58.84268
9	10	58.85376
9	10	58.86553
9	10	58.8794
9	10	58.89015
9	10	58.90131
9	10	58.91281
9	10	58.92342
9	10	58.93506
9	10	58.94634
9	10	58.95669
9	10	58.96864
9	10	58.98006
9	10	58.9917
9	10	59.00211
10	10	59.01339
10	10	59.02412
10	10	59.03485
10	10	59.04278
10	10	59.05385
10	10	59.06534
10	10	59.07607
10	10	59.08734
10	10	59.09893
10	10	59.10951
10	10	59.12087
11	10	59.13189
11	10	59.14355
11	10	59.15423
11	10	59.16515
11	10	59.17724
11	10	59.18903
11	10	59.20079
11	10	59.21238
11	10	59.22423
11	10	59.2361
11	10	59.24797
12	10	59.26008
12	10	59.27149
12	10	59.28344
12	10	59.29533
12	10	59.30624
12	10	59.31751
12	10	59.32826
12	10	59.33967
12	10	59.35081
12	10	59.36209
11	10	59.3735
11	10	59.38462
11	10	59.39598
11	10	59.40727
11	10	59.41848
11	10	59.4299
11	10	59.44099
11	10	59.45236
11	10	59.46309
11	10	59.47432
11	10	59.48566
10	10	59.4967
10	10	59.5079
10	10	59.51901
10	10	59.53041
10	10	59.54216
10	10	59.55293
10	10	59.56418
10	10	59.57499
10	10	59.58619
10	10	59.5975
10	10	59.60894
9	10	59.61971
9	10	59.63107
9	10	59.64248
9	10	59.65367
9	10	59.6646
9	10	59.67543
9	10	59.6866
9	10	59.69766
9	10	59.70894
9	10	59.72074
9	10	59.73134
8	10	59.74251
8	10	59.75372
8	10	59.76521
8	10	59.77608
8	10	59.78699
8	10	59.79809
8	10	59.8094
8	10	59.82051
8	10	59.83175
8	10	59.84301
8	10	59.85427
7	10	59.86538
7	10	59.87681
7	10	59.88792
7	10	59.89915
7	10	59.91016
7	10	59.92176
7	10	59.93232
7	10	59.94367
7	10	59.95449
7	10	59.96583
7	10	59.97682
6	10	59.98794
6	10	59.999
6	10	60.01019
6	10	60.02137
6	10	60.03306
6	10	60.0442
6	10	60.05524
6	10	60.06686
6	10	60.07779
6	10	60.08889
6	10	60.1003
7	10	60.11119
7	10	60.1223
7	10	60.13369
7	10	60.14472
7	10	60.15588
7	10	60.16738
7	10	60.17863
7	10	60.18968
7	10	60.20176
7	10	60.21246
7	10	60.2228
8	10	60.23445
8	10	60.24506
8	10	60.25618
8	10	60.26756
8	10	60.27818
8	10	60.29005
8	10	60.3012
8	10	60.31215
8	10	60.32326
8	10	60.33441
8	10	60.34545
9	10	60.35667
9	10	60.36795
9	10	60.37925
9	10	60.39069
9	10	60.40193
9	10	60.41302
9	10	60.42414
9	10	60.43558
9	10	60.44646
9	10	60.4575
9	10	60.46863
10	10	60.47989
10	10	60.49098
10	10	60.50225
10	10	60.51369
10	10	60.52472
10	10	60.53586
10	10	60.54712
10	10	60.55786
10	10	60.56895
10	10	60.57986
10	10	60.59102
11	10	60.60221
11	10	60.61385
11	10	60.62463
11	10	60.63596
11	10	60.64708
11	10	60.65827
11	10	60.66943
11	10	60.68079
11	10	60.69193
11	10	60.70325
11	10	60.71406
12	10	60.72544
12	10	60.73656
12	10	60.7478
12	10	60.759
12	10	60.7701
12	10	60.78164
12	10	60.79267
12	10	60.80358
12	10	60.81481
12	10	60.82615
12	10	60.83704
12	9	60.84819
12	9	60.85968
12	9	60.87054
12	9	60.88165
12	9	60.89305
12	9	60.9043
12	9	60.91528
12	9	60.92643
12	9	60.93743
12	9	60.94858
12	9	60.96003
12	8	60.97105
12	8	60.98218
12	8	60.9935
12	8	61.00451
12	8	61.01609
12	8	61.0268
12	8	61.03843
12	8	61.04966
12	8	61.06066
12	8	61.07191
12	7	61.08323
12	7	61.09398
12	7	61.10515
12	7	61.11628
12	7	61.12739
12	7	61.13842
12	7	61.14974
12	7	61.16074
12	7	61.17228
12	7	61.18336
12	7	61.19456
11	7	61.20568
11	7	61.21713
11	7	61.22821
11	7	61.23937
11	7	61.25058
11	7	61.26174
11	7	61.27297
11	7	61.28416
11	7	61.29498
11	7	61.30595
11	7	61.31718
10	7	61.32862
10	7	61.33973
10	7	61.3512
10	7	61.36257
10	7	61.37392
10	7	61.38507
10	7	61.39584
10	7	61.4074
10	7	61.41841
10	7	61.42925
10	7	61.44086
9	7	61.45226
9	7	61.46329
9	7	61.47438
9	7	61.4859
9	7	61.49625
9	7	61.50748
9	7	61.51895
9	7	61.52992
9	7	61.54092
9	7	61.5523
9	7	61.56318
8	7	61.5743
8	7	61.5858
8	7	61.59673
8	7	61.60801
8	7	61.61913
8	7	61.63
8	7	61.64159
8	7	61.65232
8	7	61.66337
8	7	61.67452
8	7	61.68579
7	7	61.69704
7	7	61.70842
7	7	61.71952
7	7	61.73085
7	7	61.74187
7	7	61.75302
7	7	61.76393
7	7	61.77526
7	7	61.78611
7	7	61.79781
7	7	61.80836
6	7	61.81964
6	7	61.83082
6	7	61.842
6	7	61.85317
6	7	61.86416
6	7	61.87546
6	7	61.8869
6	7	61.89793
6	7	61.90939
6	7	61.9206
6	7	61.93185
6	7	61.94279
6	7	61.95426
7	7	61.96501
7	7	61.97656
7	7	61.98748
7	7	61.99842
7	7	62.00964
7	7	62.0208
7	7	62.03186
7	7	62.04292
7	7	62.05428
7	7	62.06547
7	7	62.07686
8	7	62.08825
8	7	62.09935
8	7	62.11078
8	7	62.12139
8	7	62.13259
8	7	62.14374
8	7	62.15498
8	7	62.16606
8	7	62.17717
8	7	62.18848
8	7	62.19971
9	7	62.21074
9	7	62.22264
9	7	62.2333
9	7	62.2444
9	7	62.25568
9	7	62.26702
9	7	62.27825
9	7	62.28916
9	7	62.30033
9	7	62.31195
9	7	62.32278
9	6	62.33392
9	6	62.34534
9	6	62.35652
9	6	62.36734
9	6	62.3785
9	6	62.38942
9	6	62.40081
9	6	62.41239
9	6	62.42352
9	6	62.43444
9	6	62.44613
9	5	62.45722
9	5	62.46794
9	5	62.47922
9	5	62.49041
9	5	62.50161
9	5	62.51239
9	5	62.52376
9	5	62.53485
9	5	62.54568
9	5	62.55698
9	5	62.56823
9	4	62.57956
9	4	62.59016
9	4	62.60241
9	4	62.61284
9	4	62.62425
9	4	62.63571
9	4	62.64645
9	4	62.65768
9	4	62.66904
9	4	62.67997
9	4	62.69112
10	5	62.70253
10	5	62.71332
10	5	62.72441
10	5	62.73611
10	5	62.74662
10	5	62.75818
10	5	62.76914
10	5	62.78073
10	5	62.79159
10	5	62.80298
10	5	62.81385
11	5	62.82512
11	5	62.83644
11	5	62.84773
11	5	62.85892
11	5	62.87021
11	5	62.8814
11	5	62.89293
11	5	62.90372
11	5	62.91457
11	5	62.9257
11	5	62.93704
12	5	62.94791
12	5	62.95903
12	5	62.97021
12	5	62.98135
12	5	62.99246
12	5	63.00391
12	5	63.01478
12	5	63.02624
12	5	63.03725
12	5	63.049
12	5	63.05969
12	5	63.07131
12	5	63.08212
12	5	63.09282
12	5	63.10417
12	5	63.11552
12	5	63.12689
12	5	63.13803
12	5	63.14918
12	5	63.16034
12	5	63.17154
12	5	63.18324
12	5	63.19402
12	5	63.20543
12	5	63.21611
12	5	63.22728
12	5	63.23833
12	5	63.24949
12	5	63.26055
12	5	63.27166
12	5	63.28296
12	5	63.29406
12	5	63.30508
12	5	63.31643
12	5	63.32771
12	5	63.33874
12	5	63.34999
12	5	63.3614
11	5	63.37255
11	5	63.38379
11	5	63.39476
11	5	63.40617
11	5	63.41753
11	5	63.42842
11	5	63.43959
11	5	63.451
11	5	63.46258
11	5	63.47368
11	5	63.48447
10	5	63.49543
10	5	63.50655
10	5	63.51816
10	5	63.52914
10	5	63.54026
10	5	63.55133
10	5	63.56253
10	5	63.57354
10	5	63.58466
10	5	63.59572
10	5	63.60695
9	5	63.61803
9	5	63.62906
9	5	63.64022
9	5	63.65177
9	5	63.66288
9	5	63.67438
9	5	63.68548
9	5	63.69682
9	5	63.70782
9	5	63.71911
9	5	63.73011
9	5	63.7413
9	5	63.75243
9	5	63.76358
9	5	63.7748
9	5	63.78568
9	5	63.79676
10	5	63.80803
10	5	63.81943
10	5	63.83067
10	5	63.84179
10	5	63.85309
10	5	63.8641
10	5	63.87518
10	5	63.88654
10	5	63.89743
10	5	63.90865
10	5	63.91993
11	5	63.93101
11	5	63.9423
11	5	63.95361
11	5	63.96464
11	5	63.97567
11	5	63.98737
11	5	63.99821
11	5	64.00939
11	5	64.0208
11	5	64.03171
11	5	64.0429
12	5	64.05422
12	5	64.06516
12	5	64.07632
12	5	64.08756
12	5	64.09872
12	5	64.10981
12	5	64.1213
12	5	64.13213
12	5	64.14337
12	5	64.15456
12	5	64.16571
12	5	64.17687
12	5	64.18803
12	5	64.19913
12	5	64.21034
12	5	64.22146
12	5	64.23264
12	5	64.24438
12	5	64.2559
12	5	64.26606
12	5	64.27782
12	5	64.28869
12	5	64.3003
12	5	64.31103
12	5	64.32214
12	5	64.3332
12	5	64.34444
12	5	64.35564
12	5	64.36677
12	4	64.37786
12	4	64.38917
12	4	64.40009
12	4	64.4114
12	4	64.42258
12	4	64.434
12	4	64.44503
12	4	64.45649
12	4	64.46712
12	4	64.4781
12	4	64.4891
12	3	64.5004
12	3	64.51151
12	3	64.52288
12	3	64.53421
12	3	64.54543
12	3	64.55646
12	3	64.56767
12	3	64.57879
12	3	64.58994
12	3	64.60137
12	3	64.61279
12	2	64.6235
12	2	64.63477
12	2	64.64611
12	2	64.65724
12	2	64.66848
12	2	64.67976
12	2	64.6908
12	2	64.70207
12	2	64.71432
12	2	64.72433
12	2	64.73548
12	2	64.74667
12	2	64.75789
12	2	64.76917
12	2	64.78054
12	2	64.79121
12	2	64.80256
12	2	64.81372
12	2	64.82478
11	2	64.83577
11	2	64.86559
11	2	64.8727
11	2	64.87962
11	2	64.88643
11	2	64.89292
11	2	64.89944
11	2	64.90823
11	2	64.91949
11	2	64.93034
11	2	64.94141
10	2	64.95255
10	2	64.96402
10	2	64.97532
10	2	64.98698
10	2	64.99778
10	2	65.00896
10	2	65.01949
10	2	65.0308
10	2	65.04237
10	2	65.05335
10	2	65.06447
9	2	65.07585
9	2	65.08745
9	2	65.10034
9	2	65.11012
9	2	65.12112
9	2	65.132
9	2	65.14259
9	2	65.15451
9	2	65.16509
9	2	65.17635
9	2	65.18769
8	2	65.19881
8	2	65.20965
8	2	65.22122
8	2	65.23238
8	2	65.24304
8	2	65.25452
8	2	65.26553
8	2	65.27698
8	2	65.28841
8	2	65.2991
8	2	65.3105
7	2	65.32209
7	2	65.33324
7	2	65.34435
7	2	65.35561
7	2	65.36662
7	2	65.37766
7	2	65.38956
7	2	65.39996
7	2	65.41167
7	2	65.42355
7	2	65.4351
6	2	65.44672
6	2	65.45828
6	2	65.47001
6	2	65.48158
6	2	65.49339
6	2	65.50537
6	2	65.51655
6	2	65.52818
6	2	65.53979
6	2	65.55072
5	2	65.56198
5	2	65.57318
5	2	65.58445
5	2	65.59553
5	2	65.60695
5	2	65.61797
5	2	65.62916
5	2	65.64034
5	2	65.65159
5	2	65.6625
5	2	65.67372
6	2	65.68484
6	2	65.69608
6	2	65.70678
6	2	65.71803
6	2	65.72908
6	2	65.7403
6	2	65.75132
6	2	65.7625
6	2	65.7737
6	2	65.7849
6	2	65.79605
7	2	65.80717
7	2	65.8185
7	2	65.82964
7	2	65.84103
7	2	65.85229
7	2	65.8633
7	2	65.8749
7	2	65.8858
7	2	65.89691
7	2	65.90813
7	2	65.91927
8	2	65.93056
8	2	65.94167
8	2	65.95321
8	2	65.96442
8	2	65.97541
8	2	65.98654
8	2	65.99754
8	2	66.00924
8	2	66.01967
8	2	66.03085
8	2	66.04199
9	2	66.05333
9	2	66.06449
9	2	66.07635
9	2	66.08711
9	2	66.09818
9	2	66.10929
9	2	66.12074
9	2	66.13183
9	2	66.14299
9	2	66.15414
9	2	66.1654
10	2	66.17626
10	2	66.1875
10	2	66.19849
10	2	66.20985
10	2	66.22102
10	2	66.23217
10	2	66.24328
10	2	66.25438
10	2	66.26541
10	2	66.27729
10	2	66.28786
11	2	66.29886
11	2	66.30984
11	2	66.32135
11	2	66.33233
11	2	66.34377
11	2	66.35505
11	2	66.36666
11	2	66.37738
11	2	66.38863
11	2	66.39969
11	2	66.41087
12	2	66.42208
12	2	66.4331
12	2	66.44417
12	2	66.45534
12	2	66.46633
12	2	66.47836
12	2	66.48896
12	2	66.50005
12	2	66.51131
12	2	66.52264
12	2	66.53371
13	2	66.54464
13	2	66.55604
13	2	66.56737
13	2	66.57831
13	2	66.58962
13	2	66.60052
13	2	66.61208
13	2	66.62299
13	2	66.63428
13	2	66.6449
13	2	66.65617
14	2	66.66744
14	2	66.67867
14	2	66.69013
14	2	66.70142
14	2	66.71254
14	2	66.72366
14	2	66.73478
14	2	66.74606
14	2	66.75729
14	2	66.76846
14	2	66.77984
15	2	66.79119
15	2	66.80228
15	2	66.81529
15	2	66.82862
15	2	66.83772
15	2	66.84523
15	2	66.85621
15	2	66.86743
15	2	66.87808
15	2	66.88931
15	2	66.90051
16	2	66.91195
16	2	66.9232
16	2	66.93418
16	2	66.9451
16	2	66.95631
16	2	66.96716
16	2	66.97846
16	2	66.9897
16	2	67.00083
16	2	67.01199
16	2	67.02358
17	2	67.03437
17	2	67.04554
17	2	67.05701
17	2	67.06826
17	2	67.07946
17	2	67.09084
17	2	67.10194
17	2	67.11311
17	2	67.12466
17	2	67.13477
17	2	67.14581
18	2	67.15724
18	2	67.16797
18	2	67.17932
18	2	67.19057
18	2	67.20193
18	2	67.21332
18	2	67.22464
18	2	67.23615
18	2	67.24758
18	2	67.2591
18	2	67.26999
19	2	67.28139
19	2	67.29236
19	2	67.30354
19	2	67.31504
19	2	67.32614
19	2	67.33734
19	2	67.34858
19	2	67.35979
19	2	67.37074
19	2	67.38225
19	2	67.39329
20	2	67.40466
20	2	67.41612
20	2	67.42693
20	2	67.43822
20	2	67.44945
20	2	67.4607
20	2	67.47204
20	2	67.48335
20	2	67.49419
20	2	67.50546
21	2	67.51707
21	2	67.52781
21	2	67.53912
21	2	67.55022
21	2	67.56132
21	2	67.57289
21	2	67.5837
21	2	67.59452
21	2	67.60571
21	2	67.61695
21	2	67.62841
22	2	67.63937
22	2	67.65057
22	2	67.66178
22	2	67.67299
22	2	67.6841
22	2	67.69517
22	2	67.70657
22	2	67.71781
22	2	67.72913
22	2	67.7405
22	2	67.75138
23	2	67.76256
23	2	67.77563
23	2	67.78695
23	2	67.7964
23	2	67.80738
23	2	67.81827
23	2	67.82967
23	2	67.84068
23	2	67.85184
23	2	67.86277
23	2	67.87449
24	2	67.88567
24	2	67.89644
24	2	67.90797
24	2	67.91902
24	2	67.93017
24	2	67.9415
24	2	67.95245
24	2	67.96372
24	2	67.97484
24	2	67.98608
24	2	67.99708
25	2	68.00832
25	2	68.01938
25	2	68.03047
25	2	68.04212
25	2	68.05299
25	2	68.064
25	2	68.07539
25	2	68.08646
25	2	68.09779
25	2	68.10881
25	2	68.12029
26	2	68.13113
26	2	68.14245
26	2	68.15353
26	2	68.16448
26	2	68.17551
26	2	68.18665
26	2	68.19806
26	2	68.20909
26	2	68.22022
26	2	68.23151
26	2	68.24264
26	2	68.25367
26	2	68.26492
26	2	68.27596
26	2	68.28721
26	2	68.29898
25	2	68.30954
25	2	68.32056
25	2	68.33192
25	2	68.343
25	2	68.35451
25	2	68.36554
25	2	68.37665
25	2	68.38792
25	2	68.39918
25	2	68.41032
25	2	68.42133
24	2	68.43269
24	2	68.44353
24	2	68.45464
24	2	68.46577
24	2	68.47719
24	2	68.48823
24	2	68.49935
24	2	68.51062
24	2	68.52158
24	2	68.53296
24	2	68.54436
23	2	68.55536
23	2	68.56671
23	2	68.57803
23	2	68.58901
23	2	68.59997
23	2	68.61128
23	2	68.62288
23	2	68.63411
23	2	68.645
23	2	68.65593
23	2	68.66763
22	2	68.67848
22	2	68.6897
22	2	68.70059
22	2	68.71178
22	2	68.72326
22	2	68.73416
22	2	68.74524
22	2	68.7563
22	2	68.76745
22	2	68.77865
22	2	68.78946
21	2	68.8008
21	2	68.81207
21	2	68.8234
21	2	68.8346
21	2	68.84586
21	2	68.85702
21	2	68.86808
21	2	68.87937
21	2	68.89082
21	2	68.90194
21	2	68.91292
20	2	68.92435
20	2	68.93501
20	2	68.94635
20	2	68.95767
20	2	68.96873
20	2	68.98013
20	2	68.99138
20	2	69.00234
20	2	69.01374
20	2	69.02513
20	2	69.03607
19	2	69.04699
19	2	69.05848
19	2	69.06937
19	2	69.08076
19	2	69.09207
19	2	69.10269
19	2	69.11417
19	2	69.12527
19	2	69.13683
19	2	69.14736
19	2	69.15868
18	2	69.16978
18	2	69.18084
18	2	69.19214
18	2	69.20311
18	2	69.21426
18	2	69.22559
18	2	69.23679
18	2	69.24783
18	2	69.25931
18	2	69.27027
18	2	69.28159
17	2	69.29287
17	2	69.30395
17	2	69.315
17	2	69.32622
17	2	69.33727
17	2	69.34855
17	2	69.35995
17	2	69.37098
17	2	69.38222
17	2	69.39352
17	2	69.40463
16	2	69.41544
16	2	69.42663
16	2	69.43767
16	2	69.44888
16	2	69.45985
16	2	69.47111
16	2	69.48237
16	2	69.49335
16	2	69.5048
16	2	69.51588
15	2	69.52726
15	2	69.53834
15	2	69.54967
15	2	69.56084
15	2	69.57267
15	2	69.58379
15	2	69.59496
15	2	69.60591
15	2	69.61716
15	2	69.6282
15	2	69.63933
15	3	69.65039
15	3	69.66119
15	3	69.67259
15	3	69.68388
15	3	69.6946
15	3	69.70567
15	3	69.71706
15	3	69.72797
15	3	69.73899
15	3	69.75024
15	3	69.76155
15	4	69.77257
15	4	69.78372
15	4	69.79482
15	4	69.8061
15	4	69.8175
15	4	69.82864
15	4	69.83987
15	4	69.85147
15	4	69.86224
15	4	69.87358
15	4	69.885
15	5	69.89592
15	5	69.90688
15	5	69.91844
15	5	69.92905
15	5	69.94026
15	5	69.95176
15	5	69.96298
15	5	69.97427
15	5	69.98521
15	5	69.99647
15	5	70.00768
15	5	70.01875
16	5	70.02977
16	5	70.04111
16	5	70.05212
16	5	70.06327
16	5	70.07472
16	5	70.08543
16	5	70.09642
16	5	70.10789
16	5	70.11875
16	5	70.13014
16	5	70.14186
17	5	70.15249
17	5	70.16367
17	5	70.17565
17	5	70.18621
17	5	70.19755
17	5	70.20896
17	5	70.21992
17	5	70.23158
17	5	70.24261
17	5	70.25318
17	5	70.26443
18	5	70.27568
18	5	70.28666
18	5	70.29795
18	5	70.30942
18	5	70.32079
18	5	70.33507
18	5	70.34265
18	5	70.35295
18	5	70.36421
18	5	70.37551
18	5	70.38705
18	5	70.40187
18	5	70.41159
18	5	70.41911
18	5	70.4306
18	5	70.45434
18	5	70.4622
18	5	70.46851
18	5	70.47462
18	5	70.48234
18	5	70.49323
18	5	70.50446
18	5	70.51602
18	5	70.52718
18	5	70.53839
18	5	70.54964
18	5	70.56059
18	5	70.57153
18	5	70.58249
18	5	70.59379
18	5	70.6045
18	5	70.61627
18	5	70.62692
18	5	70.63786
18	5	70.64893
18	5	70.66058
18	5	70.67133
18	5	70.68264
18	5	70.69402
18	5	70.70495
18	5	70.71656
18	5	70.72788
18	5	70.73895
18	5	70.75021
18	5	70.76134
18	5	70.77293
18	5	70.78382
18	5	70.79498
18	5	70.80572
18	5	70.81703
18	5	70.82857
18	5	70.83942
18	5	70.85071
18	5	70.86211
18	5	70.87304
18	5	70.88435
18	5	70.89533
18	5	70.90647
18	5	70.91786
18	5	70.92959
18	5	70.94113
18	5	70.95298
18	5	70.9642
18	5	70.976
18	5	70.9877
18	5	70.99879
17	5	71.01048
17	5	71.02171
17	5	71.0332
17	5	71.04482
17	5	71.05617
17	5	71.06792
17	5	71.07921
17	5	71.09053
17	5	71.10213
17	5	71.11327
17	5	71.12447
16	5	71.13564
16	5	71.14696
16	5	71.15806
16	5	71.16933
16	5	71.18073
16	5	71.1916
16	5	71.2028
16	5	71.21376
16	5	71.22491
16	5	71.23609
16	5	71.24706
15	5	71.25819
15	5	71.26941
15	5	71.28064
15	5	71.29216
15	5	71.30316
15	5	71.31448
15	5	71.32614
15	5	71.337
15	5	71.34789
15	5	71.35979
15	5	71.37076
15	5	71.38195
15	5	71.39309
15	5	71.40455
15	5	71.41541
15	5	71.42688
15	5	71.43777
15	5	71.44905
15	5	71.45996
15	5	71.47119
15	5	71.48273
15	5	71.49367
15	5	71.50444
15	5	71.51591
15	5	71.52744
15	5	71.53793
15	5	71.5491
15	5	71.5602
15	5	71.57108
16	5	71.58216
16	5	71.59369
16	5	71.60468
16	5	71.61636
16	5	71.62747
16	5	71.63853
16	5	71.64977
16	5	71.66087
16	5	71.67171
16	5	71.68299
17	5	71.69419
17	5	71.70527
17	5	71.71662
17	5	71.72765
17	5	71.73867
17	5	71.74958
17	5	71.76113
17	5	71.77223
17	5	71.78323
17	5	71.79448
17	5	71.8054
18	5	71.81681
18	5	71.82822
18	5	71.83903
18	5	71.85014
18	5	71.86143
18	5	71.87273
18	5	71.88358
18	5	71.89473
18	5	71.90584
18	5	71.91734
18	5	71.92851
18	5	71.93966
18	5	71.95132
18	5	71.96196
18	5	71.97333
18	5	71.98445
18	5	71.99563
18	6	72.00674
18	6	72.0182
18	6	72.0294
18	6	72.04049
18	6	72.05184
18	6	72.06303
18	6	72.07437
18	6	72.08547
18	6	72.09713
18	6	72.10867
18	6	72.11898
18	6	72.12998
18	6	72.14091
18	6	72.15211
18	6	72.1637
18	6	72.17432
18	6	72.18546
18	6	72.19644
18	6	72.20758
18	6	72.21902
18	6	72.23056
18	6	72.24133
18	7	72.25275
18	7	72.26432
18	7	72.27643
18	7	72.28753
18	7	72.29723
18	7	72.30845
18	7	72.31985
18	7	72.33128
18	7	72.3438
18	7	72.35564
18	7	72.36478
17	7	72.37417
17	7	72.38567
17	7	72.39666
17	7	72.40807
17	7	72.41952
17	7	72.43035
17	7	72.44167
17	7	72.45252
17	7	72.46355
17	7	72.47485
17	7	72.48593
18	7	72.49686
18	7	72.50809
18	7	72.51938
18	7	72.5307
18	7	72.54189
18	7	72.55314
18	7	72.56422
18	7	72.57549
18	7	72.58672
18	7	72.59769
18	7	72.60923
19	7	72.62009
19	7	72.63123
19	7	72.64249
19	7	72.65354
19	7	72.66484
19	7	72.67586
19	7	72.6871
19	7	72.69822
19	7	72.70943
19	7	72.72069
19	7	72.73216
20	7	72.74307
20	7	72.75409
20	7	72.76557
20	7	72.77718
20	7	72.78809
20	7	72.79951
20	7	72.81107
20	7	72.82218
20	7	72.83347
20	7	72.84467
20	7	72.85557
21	7	72.867
21	7	72.87813
21	7	72.88972
21	7	72.9007
21	7	72.91188
21	7	72.92287
21	7	72.934
21	7	72.9453
21	7	72.95632
21	7	72.96745
21	7	72.97869
21	7	72.98976
20	7	73.00133
20	7	73.01212
20	7	73.02312
20	7	73.03445
20	7	73.04574
20	7	73.05671
20	7	73.06793
20	7	73.07874
20	7	73.0897
20	7	73.10117
20	7	73.1123
19	7	73.12353
19	7	73.1349
19	7	73.14609
19	7	73.1572
19	7	73.16872
19	7	73.17959
19	7	73.19167
19	7	73.20241
19	7	73.21363
19	7	73.2248
19	7	73.23591
18	7	73.24706
18	7	73.25789
18	7	73.26907
18	7	73.28049
18	7	73.29131
18	7	73.3026
18	7	73.31411
18	7	73.32523
18	7	73.33603
18	7	73.34708
18	7	73.35858
17	7	73.36944
17	7	73.38084
17	7	73.39227
17	7	73.40308
17	7	73.4142
17	7	73.42538
17	7	73.43649
17	7	73.44747
17	7	73.45878
17	7	73.46978
17	7	73.4809
16	7	73.49223
16	7	73.5034
16	7	73.51494
16	7	73.52572
16	7	73.53693
16	7	73.5483
16	7	73.55943
16	7	73.57066
16	7	73.58192
16	7	73.5931
16	7	73.60452
15	7	73.61526
15	7	73.62638
15	7	73.63765
15	7	73.64892
15	7	73.66025
15	7	73.67138
15	7	73.68224
15	7	73.69309
15	7	73.70425
15	7	73.71544
15	7	73.7266
15	8	73.73759
15	8	73.74877
15	8	73.76021
15	8	73.77163
15	8	73.78278
15	8	73.79424
15	8	73.80511
15	8	73.8163
15	8	73.82806
15	8	73.83876
15	9	73.84989
15	9	73.86146
15	9	73.87236
15	9	73.88371
15	9	73.89475
15	9	73.90582
15	9	73.91707
15	9	73.92847
15	9	73.9392
15	9	73.95038
15	9	73.9616
15	10	73.9727
15	10	73.98408
15	10	73.9949
15	10	74.00586
15	10	74.01723
15	10	74.02885
15	10	74.03997
15	10	74.051
15	10	74.06246
15	10	74.07304
15	10	74.08455
15	10	74.09569
15	10	74.10668
15	10	74.11801
15	10	74.12946
15	10	74.14084
15	10	74.1514
16	10	74.16284
16	10	74.17396
16	10	74.1852
16	10	74.19617
16	10	74.20741
16	10	74.21868
16	10	74.22968
16	10	74.24081
16	10	74.25204
16	10	74.2633
16	10	74.27428
17	10	74.28538
17	10	74.29672
17	10	74.30741
17	10	74.31863
17	10	74.32996
17	10	74.34104
17	10	74.35223
17	10	74.36348
17	10	74.37532
17	10	74.38682
17	10	74.39704
18	10	74.40822
18	10	74.41948
18	10	74.43053
18	10	74.44167
18	10	74.45313
18	10	74.46407
18	10	74.47519
18	10	74.48653
18	10	74.49746
18	10	74.50879
18	10	74.51974
18	11	74.53116
18	11	74.54205
18	11	74.55318
18	11	74.56426
18	11	74.57543
18	11	74.58685
18	11	74.59793
18	11	74.6097
18	11	74.62029
18	11	74.6319
18	11	74.64292
18	12	74.65418
18	12	74.66537
18	12	74.67642
18	12	74.68777
18	12	74.69862
18	12	74.70995
18	12	74.72112
18	12	74.73224
18	12	74.7434
18	12	74.75453
18	12	74.76591
18	13	74.77673
18	13	74.78776
18	13	74.799
18	13	74.81019
18	13	74.82161
18	13	74.83272
18	13	74.84377
18	13	74.85485
18	13	74.866
18	13	74.8771
18	13	74.88838
18	14	74.89944
18	14	74.91071
18	14	74.92209
18	14	74.9329
18	14	74.94375
18	14	74.95502
18	14	74.96628
18	14	74.97736
18	14	74.98902
18	14	75.00027
18	14	75.01131
18	15	75.02252
18	15	75.03366
18	15	75.04508
18	15	75.05634
18	15	75.06698
18	15	75.0789
18	15	75.08968
18	15	75.10079
18	15	75.11207
18	15	75.12317
18	15	75.13423
18	16	75.14552
18	16	75.1564
18	16	75.16775
18	16	75.17899
18	16	75.19003
18	16	75.20135
18	16	75.21246
18	16	75.22348
18	16	75.23501
18	16	75.24623
18	16	75.257
18	17	75.26821
18	17	75.27974
18	17	75.29064
18	17	75.30196
18	17	75.31329
18	17	75.32423
18	17	75.33555
18	17	75.34661
18	17	75.35751
18	17	75.36887
18	17	75.3804
18	18	75.39153
18	18	75.40241
18	18	75.41383
18	18	75.42491
18	18	75.436
18	18	75.4473
18	18	75.45844
18	18	75.46954
18	18	75.48077
18	18	75.49179
18	18	75.50293
18	17	75.51405
18	17	75.52499
18	17	75.53607
18	17	75.548
18	17	75.55854
18	17	75.56959
18	17	75.58127
18	17	75.59191
18	17	75.60337
18	17	75.61462
18	17	75.62568
18	16	75.63674
18	16	75.64836
18	16	75.65923
18	16	75.6703
18	16	75.68143
18	16	75.69269
18	16	75.70401
18	16	75.71488
18	16	75.72594
18	16	75.73718
18	16	75.74839
18	15	75.75952
18	15	75.77061
18	15	75.78204
18	15	75.79276
18	15	75.80401
18	15	75.8151
18	15	75.82645
18	15	75.83841
18	15	75.8493
18	15	75.86098
18	14	75.87165
18	14	75.8829
18	14	75.89394
18	14	75.90514
18	14	75.91637
18	14	75.92725
18	14	75.93836
18	14	75.94968
18	14	75.96125
18	14	75.97227
18	14	75.98335
18	13	75.99431
18	13	76.00544
18	13	76.01683
18	13	76.02795
18	13	76.05545
18	13	76.06233
18	13	76.06982
18	13	76.07587
18	13	76.08289
18	13	76.08955
18	13	76.09949
18	13	76.11079
17	13	76.12212
17	13	76.13301
17	13	76.14438
17	13	76.15563
17	13	76.16726
17	13	76.17812
17	13	76.18948
17	13	76.20055
17	13	76.21185
17	13	76.22267
17	13	76.23381
16	13	76.24497
16	13	76.2564
16	13	76.26765
16	13	76.27866
16	13	76.28979
16	13	76.30105
16	13	76.31207
16	13	76.32334
16	13	76.33437
16	13	76.34524
16	13	76.35673
15	13	76.36781
15	13	76.3789
15	13	76.39002
15	13	76.40282
15	13	76.41348
15	13	76.42374
15	13	76.43474
15	13	76.44579
15	13	76.45726
15	13	76.46843
15	13	76.48003
14	13	76.49049
14	13	76.50227
14	13	76.51373
14	13	76.52467
14	13	76.53549
14	13	76.54716
14	13	76.55832
14	13	76.56989
14	13	76.58205
14	13	76.59341
13	13	76.60491
13	13	76.61714
13	13	76.62845
13	13	76.64017
13	13	76.65123
13	13	76.66299
13	13	76.67463
13	13	76.68635
13	13	76.69807
13	13	76.70916
13	13	76.72031
12	13	76.73189
12	13	76.74256
12	13	76.75369
12	13	76.76516
12	13	76.77649
12	13	76.78758
12	13	76.79887
12	13	76.80997
12	13	76.82153
12	13	76.83253
12	13	76.8438
11	13	76.85474
11	13	76.8658
11	13	76.87671
11	13	76.88796
11	13	76.89928
11	13	76.91022
11	13	76.92146
11	13	76.93257
11	13	76.94363
11	13	76.95515
11	13	76.96615
10	13	76.97741
10	13	76.98857
