x	y	time
15	11	0.1474668
15	11	0.1814421
15	11	0.211905
15	11	0.2246058
15	11	0.236272
15	11	0.2480964
15	11	0.2598456
15	11	0.272187
15	11	0.2874286
15	11	0.3020618
15	11	0.3282118
15	11	0.3453084
15	11	0.3675262
15	11	0.3901232
15	11	0.4122692
15	11	0.4347938
15	11	0.4578627
15	11	0.4864156
15	11	0.5022904
15	11	0.5247086
15	11	0.5469503
15	11	0.5692571
15	11	0.5912463
15	11	0.6145236
15	11	0.6417473
15	11	0.6580583
15	11	0.6803887
15	11	0.7037776
15	11	0.7255644
15	11	0.7489425
15	11	0.7711983
15	11	0.9086288
15	11	0.9256333
15	11	0.9494997
15	11	0.962146
15	11	0.9773985
15	11	0.9914325
15	11	1.324766
15	11	1.358049
15	11	1.378811
15	11	1.415024
15	11	1.428771
15	11	1.44423
15	11	1.459047
15	11	1.47523
15	11	1.497396
15	11	1.512025
15	11	1.526804
15	11	1.540269
15	11	1.554845
15	11	1.576584
15	11	1.598577
15	11	1.626811
15	11	1.651272
15	11	1.666913
15	11	1.688182
15	11	1.710554
15	11	1.732884
15	11	1.755213
15	11	1.778392
15	11	1.806501
15	11	1.821848
15	11	1.844035
15	11	1.866365
15	11	1.888728
15	11	1.911627
15	11	1.934244
15	11	1.962864
15	11	1.978542
15	11	1.99452
15	11	2.016596
15	11	2.032847
15	11	2.047456
15	11	2.062643
15	11	2.080887
15	11	2.105323
15	11	2.126742
15	11	2.141572
15	11	2.156895
15	11	2.170902
15	11	2.185918
15	11	2.2003
15	11	2.213797
15	11	2.226965
15	11	2.240719
15	11	2.255737
15	11	2.276496
15	11	2.290683
15	11	2.30211
15	11	2.314519
15	11	2.32707
15	11	2.339717
15	11	2.352463
15	11	2.365517
15	11	2.377675
15	11	2.389571
15	11	2.401876
15	11	2.424916
15	11	2.452088
15	11	2.469337
15	11	2.492879
15	11	2.514849
15	11	2.536773
15	11	2.559332
15	11	2.58192
15	11	2.609257
15	11	2.626033
15	11	2.647904
15	11	2.670331
15	11	2.693211
15	11	2.7193
15	11	2.737864
15	11	2.765762
15	11	2.782728
15	11	2.805149
15	11	2.826899
15	11	2.848989
15	11	2.872844
15	11	2.8874
15	11	2.901901
15	11	2.924554
15	11	2.936287
15	11	2.949089
15	11	2.96226
15	11	2.975231
15	11	2.988191
15	11	3.000888
15	11	3.013839
15	11	3.026185
15	11	3.039092
15	11	3.054943
15	11	3.073627
15	11	3.085653
15	11	3.097682
15	11	3.11007
15	11	3.124781
15	11	3.148344
15	11	3.163263
15	11	3.178281
15	11	3.192831
15	11	3.207269
15	11	3.228081
15	11	3.239262
15	11	3.251666
15	11	3.267735
15	11	3.285725
15	11	3.307813
15	11	3.329978
15	11	3.352113
15	11	3.376177
15	11	3.405734
15	11	3.419944
15	11	3.441639
15	11	3.465798
15	11	3.485947
15	11	3.50911
15	11	3.531102
15	11	3.559345
15	11	3.575469
15	11	3.598227
15	11	3.624636
15	11	3.655947
15	11	3.673877
15	11	3.688282
15	11	3.715564
15	11	3.731963
15	11	3.747888
15	11	3.776937
15	11	3.792122
15	11	3.808784
15	11	3.823036
15	11	3.839572
15	11	3.860486
15	11	3.875058
15	11	3.889359
15	11	3.902445
15	11	3.915701
15	11	3.927936
15	11	3.941762
15	11	3.957525
15	11	3.970843
15	11	3.984968
15	11	3.999522
15	11	4.022907
15	11	4.037184
15	11	4.051492
15	11	4.065613
15	11	4.079524
15	11	4.094122
15	11	4.121379
15	11	4.136855
15	11	4.151971
15	11	4.171675
16	11	4.18593
16	11	4.203361
16	11	4.236089
16	11	4.254675
16	11	4.272141
16	11	4.290621
17	11	4.313433
17	11	4.341158
17	11	4.35743
17	11	4.379626
17	11	4.401776
17	11	4.424791
18	11	4.446479
18	11	4.469721
18	11	4.497227
18	11	4.514423
19	11	4.563361
19	11	4.578104
19	11	4.593608
19	11	4.609009
19	11	4.62636
19	11	4.652913
19	11	4.667688
20	11	4.685613
20	11	4.698015
20	11	4.712142
20	11	4.726233
20	11	4.738441
20	11	4.751194
20	11	4.764906
20	11	4.780554
21	11	4.80448
21	11	4.822105
21	11	4.83616
21	11	4.854373
21	11	4.870192
21	11	4.883034
21	11	4.895587
21	11	4.907831
22	11	4.919099
22	11	4.931767
22	11	4.954172
22	11	4.967976
22	11	4.979743
22	11	4.991707
22	11	5.003078
22	11	5.016882
23	11	5.047103
23	11	5.059148
23	11	5.090537
23	11	5.111603
23	11	5.126687
23	11	5.139185
23	11	5.161477
24	11	5.183252
26	11	5.516586
27	11	5.554309
27	11	5.571994
27	11	5.5868
27	11	5.602449
27	11	5.614521
27	11	5.635946
27	11	5.657347
27	11	5.680816
27	11	5.707481
27	11	5.725516
27	11	5.747362
27	11	5.769653
27	11	5.792945
27	11	5.814935
27	11	5.837515
27	10	5.856076
27	10	5.869563
27	10	5.882978
27	10	5.898158
27	10	5.913141
27	10	5.924821
27	10	5.937914
27	10	5.950796
27	10	5.963596
27	9	5.976049
27	9	5.987832
27	9	6.010117
27	9	6.024351
27	9	6.035412
27	9	6.047945
27	9	6.05985
27	9	6.071562
27	9	6.084165
27	8	6.09614
27	8	6.108189
27	8	6.120339
27	8	6.134188
27	8	6.150612
27	8	6.189913
27	8	6.210402
27	8	6.22241
27	8	6.23428
27	8	6.24666
27	8	6.262136
26	8	6.284062
26	8	6.30666
26	8	6.334076
26	8	6.351097
26	8	6.37316
25	8	6.396035
25	8	6.418012
25	8	6.440515
25	8	6.46349
25	8	6.49074
25	8	6.508266
25	8	6.529798
25	8	6.552174
25	8	6.573797
25	8	6.596521
25	8	6.618907
25	8	6.646715
25	7	6.663709
25	7	6.686243
25	7	6.708436
25	7	6.723294
25	7	6.738024
25	7	6.750938
25	7	6.764689
25	7	6.779881
25	6	6.81204
25	6	6.82834
25	6	6.844008
25	6	6.859425
25	6	6.872662
25	6	6.886766
25	6	6.89911
25	5	6.911705
25	5	6.925359
25	5	6.938463
25	5	6.960152
25	5	6.97534
25	5	6.988387
25	5	7.000679
25	5	7.013396
25	5	7.026414
25	5	7.038221
25	5	7.050042
25	5	7.062142
25	5	7.073652
25	5	7.087029
25	5	7.101626
25	5	7.118473
25	5	7.132513
25	5	7.155435
25	5	7.178279
25	5	7.199979
25	5	7.221673
25	5	7.244709
25	5	7.268022
25	5	7.296802
25	5	7.311894
25	5	7.333782
25	5	7.356271
25	5	7.378527
25	5	7.400933
25	5	7.425057
25	5	7.451432
25	5	7.467938
25	5	7.490061
25	5	7.513163
25	5	7.537831
25	5	7.560711
25	5	7.580517
25	5	7.602945
25	5	7.620184
25	5	7.638509
25	5	7.652772
25	5	7.668013
26	5	7.689754
26	5	7.705417
26	5	7.72351
26	5	7.742083
26	5	7.766893
26	5	7.784813
27	5	7.80484
27	5	7.818541
27	5	7.835505
27	5	7.860094
27	5	7.883165
27	5	7.898869
27	5	7.927131
27	5	7.958434
27	5	7.972144
27	5	7.986375
27	5	8.003399
27	5	8.017479
27	5	8.031124
27	5	8.056384
27	5	8.078766
27	4	8.100871
27	4	8.114881
27	4	8.129622
27	4	8.149401
27	4	8.173338
27	4	8.19626
27	3	8.218726
27	3	8.248423
27	3	8.270496
27	3	8.291218
27	3	8.304758
27	3	8.324827
27	2	8.346748
27	2	8.369601
27	2	8.398389
27	2	8.414471
27	2	8.435997
27	2	8.458393
27	2	8.491075
27	2	8.504805
26	2	8.526217
26	2	8.555742
26	2	8.575323
26	2	8.593131
26	2	8.607797
26	2	8.621736
26	2	8.637169
25	2	8.659319
25	2	8.673838
25	2	8.713424
25	2	8.738334
25	2	8.755296
24	2	8.768983
24	2	8.782278
24	2	8.797194
24	2	8.816238
24	2	8.832567
24	2	8.845504
24	2	8.866735
23	2	8.891953
23	2	8.914026
23	2	8.929059
23	2	8.951918
23	2	8.968517
23	2	8.982487
23	2	9.000634
22	2	9.015478
22	2	9.030721
22	2	9.056142
22	2	9.086284
22	2	9.101782
22	2	9.114585
21	2	9.132558
21	2	9.155448
21	2	9.184898
21	2	9.209982
21	2	9.22523
21	2	9.243409
20	2	9.266386
20	2	9.289127
20	2	9.311142
20	2	9.333877
20	2	9.356651
19	2	9.383903
19	2	9.400779
19	2	9.422877
19	2	9.446231
19	2	9.467875
19	2	9.489794
18	2	9.513221
18	2	9.543398
18	2	9.559467
18	2	9.574286
18	2	9.589498
18	2	9.603846
17	2	9.620648
17	2	9.634554
17	2	9.650262
17	2	9.679099
17	2	9.700242
17	2	9.715479
17	2	9.727728
17	2	9.739879
16	2	9.751692
16	2	9.764582
16	2	9.778188
16	2	9.793149
16	2	9.805106
16	2	9.817149
16	2	9.8304
16	2	9.851511
16	3	9.867892
16	3	9.87967
16	3	9.892441
16	3	9.90613
16	3	9.925066
16	3	9.947855
16	3	9.96991
16	4	9.992764
16	4	10.01982
16	4	10.03667
16	4	10.06001
16	4	10.08178
16	4	10.10393
16	5	10.12682
16	5	10.14931
16	5	10.17677
16	5	10.19352
16	5	10.21588
16	5	10.23787
16	5	10.26058
16	5	10.28225
16	5	10.30531
16	5	10.33322
16	5	10.34927
16	5	10.3718
16	5	10.39469
16	5	10.42471
16	5	10.43781
16	5	10.45014
16	5	10.46383
16	5	10.48274
16	5	10.49475
16	5	10.50697
16	5	10.51842
16	5	10.53222
16	5	10.54625
16	5	10.5584
16	5	10.57195
16	5	10.58415
16	5	10.59743
16	5	10.61346
16	5	10.62562
16	5	10.64498
16	5	10.65729
16	5	10.67056
16	5	10.6824
16	5	10.69517
16	5	10.70781
16	5	10.72123
16	5	10.73381
16	5	10.7451
16	5	10.76291
16	5	10.78616
16	5	10.81305
16	5	10.82976
16	5	10.85234
16	5	10.87467
17	5	10.8969
17	5	10.91922
17	5	10.94228
17	5	10.96983
17	5	10.98619
17	5	11.00832
18	5	11.03137
18	5	11.0539
18	5	11.07616
18	5	11.0993
18	5	11.12682
19	5	11.14275
19	5	11.16523
19	5	11.18757
19	5	11.20995
19	5	11.23227
19	5	11.24492
19	5	11.25831
19	5	11.2813
19	5	11.29779
19	5	11.30912
19	5	11.32092
19	5	11.33477
19	5	11.34653
19	5	11.3591
19	5	11.37143
19	5	11.3837
19	5	11.39613
19	5	11.40857
19	5	11.42727
19	5	11.4396
19	6	11.45146
19	6	11.46463
19	6	11.48536
19	6	11.5026
19	6	11.51517
19	6	11.52813
19	6	11.54094
19	6	11.55929
19	7	11.58146
19	7	11.59877
18	7	11.80891
18	7	11.85693
18	7	11.88289
18	7	11.89999
18	7	11.91362
17	7	11.93407
17	7	11.94765
17	7	11.96193
17	7	11.99826
17	7	12.02487
16	7	12.05824
16	7	12.09174
16	7	12.12608
16	7	12.16481
16	7	12.19271
16	7	12.22678
16	7	12.26107
16	7	12.29443
16	7	12.33393
16	7	12.36022
16	7	12.39375
16	7	12.42692
16	8	12.46122
16	8	12.50054
16	8	12.52718
16	8	12.56078
16	9	12.59447
16	9	12.62847
16	9	12.66761
16	10	12.69493
16	10	12.72807
16	10	12.75055
16	10	12.77256
16	10	12.80002
16	10	12.82395
16	9	12.84011
16	9	12.86254
16	9	12.89874
16	9	12.91671
16	9	12.92987
16	9	12.95152
16	8	12.98202
16	8	12.9996
16	8	13.01893
16	8	13.04287
16	8	13.06392
16	7	13.08715
16	7	13.10921
16	7	13.13754
16	7	13.15804
16	7	13.176
16	7	13.19779
16	7	13.22045
16	7	13.24285
16	7	13.26559
16	7	13.29452
16	7	13.31032
16	7	13.33109
16	7	13.35351
17	7	13.37538
17	7	13.39863
19	7	13.69723
19	7	13.73395
20	7	13.76317
20	7	13.78621
20	7	13.80578
20	7	13.82903
20	7	13.84394
20	7	13.85931
21	7	13.88738
21	7	13.91266
21	7	13.9463
21	7	13.97991
22	7	14.01294
22	7	14.0538
22	7	14.08032
22	7	14.11453
22	7	14.14759
22	7	14.18136
22	7	14.22136
22	7	14.24783
22	8	14.28091
22	8	14.31494
22	8	14.34897
22	9	14.38839
22	9	14.41597
22	9	14.44969
22	9	14.48257
22	10	14.51622
22	10	14.55787
22	10	14.58367
22	10	14.60567
22	10	14.62763
22	9	14.6493
22	9	14.6722
22	9	14.70036
22	9	14.7168
22	9	14.7389
22	8	14.76129
22	8	14.78414
22	8	14.80647
22	8	14.82898
22	8	14.85834
22	8	14.87298
22	7	14.89501
22	7	14.91755
22	7	14.93986
22	7	14.96261
22	7	14.98599
22	6	15.01421
22	6	15.02971
22	6	15.05187
22	6	15.07425
22	6	15.09654
22	6	15.11907
22	6	15.14216
22	6	15.17042
22	6	15.18853
22	6	15.20788
22	6	15.22995
22	5	15.25311
22	5	15.2769
22	5	15.29822
22	5	15.32597
22	5	15.34281
22	4	15.36531
22	4	15.38805
22	4	15.41038
22	4	15.43235
22	4	15.4553
22	3	15.48744
22	3	15.50364
22	3	15.53333
22	3	15.55098
22	3	15.56933
22	3	15.59064
22	2	15.61173
22	2	15.64406
22	2	15.66482
22	2	15.67935
22	2	15.70009
22	2	15.72289
22	2	15.74469
22	2	15.76788
22	2	15.79492
22	2	15.81154
22	2	15.83419
22	2	15.8459
22	2	15.85856
22	2	15.87318
22	2	15.88791
22	2	15.9002
22	2	15.91321
22	2	15.9273
22	2	15.94727
22	2	15.95984
22	2	15.97257
22	2	15.98491
22	2	15.99908
22	2	16.01173
22	2	16.02499
22	2	16.03776
22	2	16.05008
22	2	16.06274
22	2	16.07753
22	2	16.09733
22	2	16.10984
22	2	16.12212
22	2	16.1351
22	2	16.18712
22	2	16.20447
22	2	16.21856
22	2	16.23145
22	2	16.25083
22	2	16.26614
22	2	16.28085
22	2	16.3035
22	2	16.3255
22	2	16.34778
22	2	16.37007
22	2	16.39312
22	2	16.42116
22	2	16.43699
22	2	16.45952
22	2	16.4817
22	2	16.50437
22	2	16.52671
22	2	16.54959
22	2	16.57813
22	2	16.59368
22	3	16.61554
22	3	16.63792
22	3	16.66055
22	3	16.68244
22	3	16.70588
22	4	16.72466
22	4	16.73921
22	4	16.75508
22	4	16.76846
22	4	16.78073
22	4	16.79412
22	4	16.80807
22	4	16.82207
22	4	16.83746
22	5	16.85074
22	5	16.86634
22	5	16.88688
22	5	16.89942
22	5	16.91868
22	5	16.93344
22	5	16.94703
22	5	16.96205
22	6	16.97566
22	6	16.99095
22	6	17.00422
22	6	17.01764
22	6	17.03848
22	6	17.05317
22	6	17.06676
22	6	17.07937
22	7	17.09119
22	7	17.10747
22	7	17.1293
22	7	17.15215
22	7	17.17427
22	7	17.20211
22	7	17.21863
22	7	17.24063
22	7	17.26327
22	7	17.28609
22	7	17.30819
22	8	17.33102
22	8	17.35953
22	8	17.37587
22	8	17.39826
22	8	17.42042
22	8	17.44224
22	7	17.46423
22	7	17.48779
22	7	17.51437
22	7	17.5317
22	7	17.55438
22	7	17.56694
22	6	17.57945
22	6	17.59154
22	6	17.60409
22	6	17.61577
22	6	17.62777
22	6	17.64288
22	6	17.66196
22	6	17.67359
22	6	17.6864
22	6	17.69915
22	6	17.71144
22	6	17.72417
22	6	17.7367
22	6	17.7486
22	6	17.7628
22	6	17.77469
22	6	17.78812
22	6	17.80085
22	5	17.8215
22	5	17.83404
22	5	17.8459
22	5	17.85833
22	5	17.87019
22	5	17.88202
22	5	17.89404
22	5	17.90586
22	5	17.91636
22	5	17.92786
22	5	17.93904
22	4	17.95604
22	4	17.98402
22	4	18.00034
22	4	18.02301
22	4	18.04558
22	3	18.06763
22	3	18.09033
22	3	18.11288
22	3	18.1411
22	3	18.15716
22	3	18.17919
22	2	18.20108
22	2	18.22391
22	2	18.24669
22	2	18.26961
22	2	18.29702
22	2	18.31366
22	2	18.33639
22	2	18.35907
22	2	18.38072
22	2	18.40307
22	2	18.42545
22	2	18.44284
22	2	18.45637
22	2	18.47763
22	2	18.50606
22	2	18.51842
22	2	18.53101
22	2	18.542
22	2	18.5537
22	2	18.56508
22	3	18.578
22	3	18.59529
22	3	18.60721
22	3	18.61837
22	3	18.62935
22	3	18.64104
22	3	18.65213
22	3	18.66321
22	3	18.67604
22	3	18.68735
22	4	18.69824
22	4	18.71068
22	4	18.72377
22	4	18.73862
22	4	18.76218
22	4	18.78618
22	4	18.80229
22	4	18.81758
22	5	18.83281
22	5	18.84571
22	5	18.86153
22	5	18.88275
22	5	18.90602
22	4	18.94088
22	4	18.95837
22	4	18.97367
22	4	18.99562
22	4	19.0173
22	4	19.04169
22	3	19.06252
22	3	19.09307
22	3	19.10767
22	3	19.12966
22	3	19.15137
22	3	19.17377
22	2	19.19622
22	2	19.21918
22	2	19.24822
22	2	19.26364
22	2	19.28666
22	2	19.29927
22	2	19.31351
22	2	19.3282
22	2	19.35608
22	2	19.37306
22	2	19.39502
22	2	19.40977
22	2	19.42415
22	2	19.43999
22	2	19.4582
22	2	19.47131
22	2	19.48424
22	2	19.51469
22	2	19.52934
22	2	19.55373
22	2	19.57182
22	2	19.5955
22	2	19.60876
22	2	19.62502
21	2	19.63951
21	2	19.65437
21	2	19.67015
21	2	19.68296
21	2	19.70604
21	2	19.72283
21	2	19.73772
21	2	19.75096
20	2	19.76491
20	2	19.77796
20	2	19.79928
20	2	19.82186
20	2	19.84386
20	2	19.87325
19	2	19.88867
19	2	19.91115
19	2	19.93305
19	2	19.95629
19	2	19.9785
18	2	20.00079
16	2	20.33413
15	2	20.36799
15	2	20.39167
15	2	20.40698
15	2	20.42515
15	2	20.44333
15	2	20.4587
14	2	20.49227
14	2	20.53181
14	2	20.55923
14	2	20.5926
13	2	20.62548
13	2	20.66003
13	2	20.70164
13	2	20.72605
14	2	20.75944
14	2	20.79316
14	2	20.8271
15	2	20.87223
15	2	20.89408
15	2	20.92714
15	2	20.96149
16	2	20.99446
16	2	21.03486
16	2	21.06164
16	2	21.09426
19	2	21.42759
20	2	21.46262
20	2	21.47555
20	2	21.48767
20	2	21.49878
20	2	21.51458
20	2	21.53779
20	2	21.55945
20	2	21.58172
21	2	21.61683
21	2	21.62998
21	2	21.64975
21	2	21.67173
21	2	21.69447
22	2	21.71653
22	2	21.73939
22	2	21.76682
22	2	21.78306
22	2	21.80528
22	2	21.82784
23	2	21.85035
23	2	21.87287
23	2	21.89533
23	2	21.9238
23	2	21.93989
24	2	21.96194
24	2	21.98485
24	2	22.00706
24	2	22.02966
24	2	22.05232
25	2	22.0803
25	2	22.09624
25	2	22.11837
25	2	22.14078
25	2	22.16319
25	2	22.18623
26	2	22.20854
26	2	22.23632
26	2	22.25348
26	2	22.27517
26	2	22.29777
27	2	22.32007
27	2	22.34229
27	2	22.36558
27	2	22.3928
27	2	22.40943
27	2	22.43183
27	2	22.45391
27	2	22.47634
27	2	22.49861
27	3	22.52143
27	3	22.54926
27	3	22.566
27	3	22.58795
27	3	22.61023
27	3	22.63306
27	4	22.65564
27	4	22.67838
27	4	22.70612
27	4	22.71862
27	4	22.73196
27	4	22.74383
27	4	22.75747
27	5	22.76994
27	5	22.78172
27	5	22.79448
27	5	22.80693
27	5	22.8189
27	5	22.83158
27	5	22.84991
27	5	22.86324
27	5	22.87593
27	5	22.88686
26	5	22.89809
26	5	22.91008
26	5	22.92301
26	5	22.93544
26	5	22.94792
26	5	22.96103
26	5	22.97296
26	5	22.98739
26	5	23.01107
25	5	23.02385
25	5	23.03744
25	5	23.0493
25	5	23.06141
25	5	23.07987
25	5	23.10192
25	5	23.12456
24	5	23.14696
24	5	23.17443
24	5	23.1937
24	5	23.21382
24	5	23.23673
24	5	23.25926
23	5	23.28153
22	5	23.43082
22	5	23.47156
22	5	23.50563
22	4	23.52277
22	4	23.53675
22	4	23.54887
22	4	23.5716
22	4	23.60511
22	5	23.64536
22	5	23.67157
22	5	23.70516
22	5	23.73842
22	6	23.77255
22	6	23.81279
22	6	23.83916
22	6	23.87241
22	7	23.90599
22	7	23.94016
22	7	23.97882
22	7	24.00712
22	7	24.04032
22	7	24.07409
22	7	24.10773
22	8	24.14618
22	8	24.17405
22	8	24.20798
22	9	24.24134
22	9	24.27574
22	9	24.31432
22	9	24.34262
22	10	24.36461
22	10	24.38622
22	10	24.41401
22	10	24.4309
22	10	24.45912
22	10	24.47482
22	11	24.4974
22	11	24.52076
22	11	24.54206
22	11	24.56504
22	11	24.58754
22	12	24.61602
22	12	24.63429
22	12	24.65802
22	12	24.67654
22	12	24.6987
22	12	24.72151
22	13	24.74475
22	13	24.77465
22	13	24.79599
22	13	24.81308
22	13	24.83237
22	14	24.85545
22	14	24.87704
22	14	24.90078
22	14	24.92876
22	14	24.94779
22	14	24.96902
22	15	24.98946
22	15	25.01158
22	15	25.03344
22	15	25.0567
22	15	25.08386
22	17	25.10107
22	17	25.12341
22	17	25.14614
22	17	25.16852
22	17	25.19074
22	17	25.21371
22	18	25.24184
22	18	25.25886
22	18	25.27975
22	18	25.31993
22	18	25.33274
22	19	25.34726
22	19	25.37138
22	19	25.39758
22	19	25.41394
22	19	25.43645
22	19	25.45879
22	20	25.4811
22	20	25.50365
22	20	25.52695
22	20	25.55426
22	20	25.57084
22	21	25.59317
22	21	25.6058
22	21	25.61819
22	21	25.63342
22	21	25.64892
22	21	25.66133
22	21	25.67211
22	21	25.68327
22	21	25.7047
22	22	25.72009
22	22	25.73243
22	22	25.74683
22	22	25.76312
22	22	25.77644
22	22	25.7893
22	22	25.80136
22	22	25.81287
22	22	25.82566
22	23	25.84064
22	23	25.86489
22	23	25.88013
22	23	25.89162
22	23	25.90346
22	23	25.9146
22	23	25.92627
22	23	25.93861
23	23	25.96095
23	23	25.98405
23	23	26.00683
23	23	26.03419
23	23	26.05094
24	23	26.07345
24	23	26.09548
24	23	26.11759
24	23	26.14026
24	23	26.16269
24	23	26.19047
25	23	26.20687
25	23	26.22991
25	23	26.25196
25	23	26.27474
25	23	26.29649
25	22	26.31936
25	22	26.3481
25	22	26.36419
25	22	26.38626
25	22	26.40847
25	22	26.43085
25	21	26.45936
25	21	26.47398
25	23	26.70104
25	23	26.73226
25	23	26.74825
25	23	26.76045
25	23	26.77184
25	23	26.78437
25	23	26.79743
25	23	26.81204
25	23	26.82537
25	23	26.83809
25	23	26.86009
25	23	26.88059
25	23	26.89557
25	23	26.90949
25	23	26.92466
25	23	26.93899
25	23	26.95359
25	23	26.96957
25	23	26.98405
25	23	26.99719
25	23	27.00886
25	23	27.02305
25	23	27.04246
25	23	27.05807
25	23	27.07216
25	22	27.08529
25	22	27.10079
25	22	27.12347
25	22	27.14543
25	22	27.16783
25	22	27.19081
25	21	27.22185
25	21	27.25287
25	21	27.26768
25	21	27.28003
25	21	27.30208
25	21	27.32456
25	20	27.34748
25	20	27.3756
25	20	27.39507
25	20	27.41845
25	20	27.43596
25	20	27.45823
25	20	27.48092
25	20	27.51328
25	20	27.53935
25	20	27.55846
25	20	27.57039
26	20	27.58536
26	20	27.59983
26	20	27.6166
26	20	27.6328
26	20	27.64974
26	20	27.66489
26	20	27.69357
27	20	27.70965
27	20	27.72261
27	20	27.73606
27	20	27.75211
27	20	27.76981
27	20	27.78333
27	20	27.79941
27	20	27.81287
27	20	27.8283
27	20	27.85438
27	20	27.87448
27	20	27.89473
27	20	27.9082
27	20	27.92079
27	20	27.93369
27	20	27.94658
27	20	27.97447
27	19	27.99636
27	19	28.01666
27	19	28.03516
27	19	28.05334
27	19	28.07068
27	19	28.08429
27	19	28.10821
27	18	28.12898
27	18	28.15141
27	18	28.18028
27	18	28.19629
27	18	28.21745
27	17	28.24059
27	17	28.27007
27	17	28.28558
27	17	28.30785
27	17	28.33563
27	17	28.35143
27	16	28.37528
27	16	28.3965
27	16	28.41883
27	16	28.44141
27	16	28.46516
27	15	28.49361
27	15	28.51176
27	15	28.52794
27	15	28.54503
27	15	28.56163
27	15	28.57598
27	15	28.59123
27	15	28.60415
27	14	28.61871
27	14	28.64587
27	14	28.66182
27	14	28.67542
27	14	28.68949
27	14	28.70256
27	14	28.71573
27	14	28.72887
27	14	28.74339
27	14	28.75656
27	14	28.77089
27	14	28.79387
27	14	28.81212
27	14	28.82571
26	14	28.84043
26	14	28.85541
26	14	28.87344
26	14	28.89115
26	14	28.90521
26	14	28.9175
26	14	28.93335
25	14	28.9609
25	14	28.97784
25	14	29.00102
25	14	29.02218
25	14	29.04413
25	14	29.06653
25	14	29.09022
25	14	29.11786
25	14	29.13361
25	14	29.15635
25	14	29.17834
25	14	29.20031
25	14	29.22301
25	14	29.24555
25	14	29.2735
25	14	29.29074
25	14	29.31267
25	14	29.33483
25	14	29.35742
25	14	29.37978
25	14	29.3984
25	14	29.42001
25	14	29.43783
25	14	29.45104
25	14	29.47936
25	14	29.49222
25	14	29.50312
25	14	29.51525
25	14	29.5281
25	14	29.53946
25	14	29.55131
25	14	29.57059
25	14	29.58214
25	14	29.59474
25	14	29.60747
25	14	29.61934
25	14	29.63221
25	14	29.64465
25	14	29.65655
25	14	29.66787
25	14	29.67976
25	14	29.69236
25	14	29.70482
25	14	29.72323
25	14	29.73661
25	14	29.74801
25	14	29.75945
25	14	29.78133
25	14	29.80451
25	14	29.82634
25	14	29.84812
25	14	29.87103
25	14	29.89839
25	14	29.91562
25	14	29.93765
25	14	29.9599
25	14	29.98265
25	14	30.00483
25	14	30.02765
25	14	30.05503
25	14	30.07173
25	14	30.09421
25	14	30.11616
25	14	30.13885
25	14	30.16116
25	14	30.18356
25	14	30.21116
25	14	30.22785
25	13	30.24073
25	13	30.25331
25	13	30.26736
25	13	30.28378
25	13	30.31374
25	13	30.32853
25	13	30.34292
25	12	30.36767
25	12	30.3849
25	12	30.39955
25	12	30.41163
25	12	30.42426
25	12	30.43539
25	12	30.44702
25	12	30.45878
25	12	30.47056
25	11	30.48255
25	11	30.49581
25	11	30.5164
25	11	30.5313
25	11	30.54446
25	11	30.56807
25	11	30.58155
25	11	30.59494
24	11	30.60838
24	11	30.63209
24	11	30.64748
24	11	30.66829
24	11	30.68242
24	11	30.69766
23	11	30.7201
23	11	30.7453
23	11	30.76423
23	11	30.78692
23	11	30.81006
23	11	30.83821
22	11	30.85388
22	11	30.87626
22	11	30.89868
22	11	30.92061
22	11	30.94278
22	12	30.96596
22	12	30.99397
22	12	31.01042
22	12	31.03256
22	12	31.05506
22	12	31.07771
22	13	31.09996
22	13	31.11179
22	13	31.12375
22	13	31.14076
22	13	31.15371
22	13	31.16701
22	13	31.17916
22	13	31.19146
22	13	31.20421
22	14	31.21573
22	14	31.22893
22	14	31.24106
22	14	31.25219
22	14	31.265
22	14	31.2786
22	14	31.29946
22	14	31.32003
22	15	31.3315
22	15	31.34415
22	15	31.36129
22	15	31.37938
22	15	31.39081
22	15	31.4026
22	15	31.41486
22	15	31.42764
22	15	31.44365
22	16	31.47045
22	16	31.48311
22	16	31.49538
22	16	31.50677
22	16	31.52345
22	16	31.54637
22	16	31.56817
22	17	31.591
22	17	31.61373
22	17	31.64161
22	17	31.6584
22	17	31.67988
23	17	31.70281
23	17	31.72497
23	17	31.74746
23	17	31.77045
23	17	31.79832
23	17	31.81417
26	17	32.1475
26	17	32.1765
27	17	32.19802
27	17	32.21283
27	17	32.22436
27	17	32.24475
27	17	32.26634
27	17	32.29984
27	17	32.33821
27	17	32.36691
27	17	32.40071
25	17	32.6505
24	17	32.68495
24	17	32.70702
24	17	32.71934
24	17	32.73581
24	17	32.76879
23	17	32.80249
23	17	32.84118
23	17	32.86953
23	17	32.903
22	17	32.9367
22	17	32.97099
22	17	33.00868
22	17	33.03693
22	17	33.07016
22	17	33.10377
22	17	33.13752
22	18	33.17615
22	18	33.20453
22	18	33.23867
22	18	33.26063
22	19	33.28288
22	19	33.30533
22	19	33.33264
22	19	33.35014
22	19	33.37255
22	19	33.39436
22	20	33.42179
22	20	33.44059
22	22	33.64518
22	22	33.6743
22	22	33.69236
22	22	33.7075
22	22	33.73135
22	22	33.74621
22	22	33.75856
22	23	33.77448
22	23	33.7971
22	23	33.82722
22	23	33.84196
22	23	33.8638
22	24	33.88633
22	24	33.91267
22	24	33.93167
22	24	33.95419
22	24	33.98307
22	27	34.31641
22	27	34.34777
22	28	34.3762
22	28	34.39603
22	28	34.41836
22	28	34.43794
22	28	34.46038
22	28	34.47512
22	29	34.5134
22	29	34.53244
22	29	34.54839
22	29	34.56249
22	29	34.57613
22	29	34.59642
22	30	34.6186
22	30	34.64158
22	30	34.66977
22	30	34.68599
22	30	34.71144
22	30	34.7304
22	30	34.7537
22	30	34.77612
23	30	34.79843
23	30	34.82757
23	30	34.84444
23	30	34.8652
23	30	34.88736
23	30	34.91015
24	30	34.93205
24	30	34.95515
24	30	34.98402
24	30	35.01745
24	30	35.03056
25	30	35.04325
25	30	35.06502
25	30	35.08744
25	30	35.11078
25	30	35.13873
25	30	35.15594
26	30	35.17758
26	30	35.20092
26	30	35.22274
26	30	35.24613
26	30	35.26774
27	30	35.2975
27	30	35.31477
27	30	35.33456
27	30	35.35766
27	30	35.38009
27	30	35.40235
27	30	35.42544
27	30	35.45405
27	30	35.47184
27	30	35.49168
27	30	35.5135
26	30	35.53521
26	30	35.55835
26	30	35.58091
26	30	35.60854
26	30	35.62645
26	30	35.64088
25	30	35.65882
25	30	35.67117
25	30	35.68341
25	30	35.69564
25	30	35.70873
25	30	35.72282
25	30	35.7361
25	30	35.75463
25	30	35.76814
24	30	35.78043
24	30	35.79217
24	30	35.80472
24	30	35.81785
24	30	35.82938
24	30	35.84156
24	30	35.85296
24	30	35.8657
24	30	35.87776
24	30	35.89067
23	30	35.91018
23	30	35.92482
23	30	35.93637
23	30	35.94869
23	30	35.97132
23	30	35.99355
23	30	36.01615
22	30	36.03847
22	30	36.06102
22	30	36.09045
22	30	36.11024
22	30	36.12779
22	29	36.14956
22	29	36.17319
22	29	36.19612
22	29	36.21778
22	29	36.24645
22	29	36.26202
22	28	36.28423
22	28	36.30724
22	28	36.32836
22	28	36.35119
22	28	36.3741
22	27	36.40337
22	27	36.41861
22	27	36.4407
22	27	36.45525
22	27	36.46822
22	27	36.48022
22	27	36.49227
22	27	36.50499
22	26	36.51892
22	26	36.53313
22	26	36.55267
22	26	36.56514
22	26	36.57716
22	26	36.58928
22	26	36.60108
22	26	36.61319
22	26	36.62508
22	25	36.63744
22	25	36.65125
22	25	36.66455
22	25	36.67604
22	25	36.68917
22	25	36.70748
22	25	36.72041
22	25	36.73324
22	25	36.74549
22	26	36.75792
22	26	36.77017
22	26	36.78166
22	26	36.7976
22	26	36.81997
22	26	36.85267
22	27	36.87418
22	27	36.88758
22	27	36.9098
22	27	36.93187
22	27	36.95406
22	27	36.97683
22	28	36.99898
22	28	37.02118
22	28	37.04992
22	28	37.06605
22	28	37.08841
22	28	37.11115
22	29	37.13304
22	29	37.15565
22	29	37.17867
22	29	37.20629
22	29	37.222
22	30	37.24472
22	30	37.26681
22	30	37.27851
22	30	37.29065
22	30	37.30233
22	30	37.31384
22	30	37.32516
22	30	37.33736
22	30	37.35425
23	30	37.36758
23	30	37.37999
23	30	37.39236
23	30	37.40975
23	30	37.42345
23	30	37.43594
23	30	37.44918
23	30	37.46045
23	30	37.47156
23	30	37.48326
24	30	37.49588
24	30	37.51491
24	30	37.52736
24	30	37.53873
24	30	37.55093
24	30	37.56329
24	30	37.57537
24	30	37.58729
24	30	37.59869
25	30	37.61077
25	30	37.62211
25	30	37.63467
25	30	37.6579
25	30	37.68573
25	30	37.70261
25	30	37.72495
26	30	37.74732
26	30	37.76925
26	30	37.79084
26	30	37.81374
26	30	37.84058
27	30	37.85806
27	30	37.8808
27	30	37.90367
27	30	37.92596
27	30	37.94759
27	30	37.97038
27	30	37.9983
27	30	38.01577
27	30	38.03717
27	29	38.0597
27	29	38.0816
27	29	38.10399
27	29	38.12753
27	29	38.14752
27	28	38.23517
27	28	38.25471
27	28	38.27246
27	28	38.29407
27	27	38.31828
27	27	38.34222
27	27	38.36133
27	27	38.3753
27	27	38.40435
27	26	38.42024
27	26	38.43619
27	26	38.45202
27	26	38.47923
27	26	38.49845
27	26	38.51262
27	26	38.53316
27	25	38.54818
27	25	38.56141
27	25	38.58783
27	25	38.60871
27	25	38.6349
27	25	38.65515
27	24	38.68827
27	24	38.70501
27	24	38.72304
27	24	38.74078
27	24	38.75589
27	24	38.77571
27	23	38.80509
27	23	38.83223
27	23	38.84854
27	23	38.86417
27	23	38.88692
26	23	38.9092
26	23	38.93187
26	23	38.95975
26	23	38.97589
26	23	38.99766
26	23	39.02075
25	23	39.04339
25	23	39.06601
25	23	39.08926
25	23	39.1179
25	23	39.139
24	23	39.15527
24	23	39.17754
24	23	39.19133
24	23	39.20617
24	23	39.22055
24	23	39.2368
24	23	39.25101
23	23	39.2737
23	23	39.28789
23	23	39.30286
23	23	39.31988
23	23	39.33536
23	23	39.34881
23	23	39.36288
23	23	39.37891
23	23	39.39379
22	23	39.40945
22	23	39.43184
22	23	39.45126
22	23	39.46616
22	23	39.482
22	23	39.49566
22	23	39.51674
22	23	39.53164
22	23	39.54568
22	23	39.55729
22	23	39.57024
22	23	39.59677
22	23	39.61412
22	23	39.63479
22	23	39.65743
22	23	39.67959
22	23	39.702
22	23	39.724
22	23	39.75328
22	23	39.76936
22	23	39.79075
22	23	39.81415
22	23	39.83595
22	23	39.85884
22	23	39.88118
22	23	39.91003
22	23	39.92639
22	23	39.94836
22	23	39.97037
22	23	39.99258
22	23	40.01516
22	23	40.03788
22	23	40.06627
22	23	40.08145
22	23	40.09615
22	23	40.1095
22	23	40.12291
22	23	40.13809
22	23	40.15145
22	23	40.16544
22	23	40.18132
22	23	40.19549
22	23	40.21732
22	23	40.24146
22	23	40.25837
22	23	40.27566
22	23	40.28952
22	23	40.30243
22	23	40.31522
22	23	40.3299
22	23	40.34398
22	23	40.35865
22	23	40.38817
22	23	40.4036
22	23	40.41824
22	23	40.43016
22	23	40.44262
22	23	40.4612
22	23	40.4837
22	23	40.50579
22	23	40.52901
22	23	40.55882
22	23	40.57268
22	23	40.59559
22	23	40.61761
22	23	40.63975
22	23	40.66274
22	23	40.6849
22	23	40.71574
22	23	40.73007
22	23	40.75366
22	23	40.77428
22	23	40.79713
22	23	40.81915
22	23	40.8424
22	23	40.87114
22	23	40.88673
22	23	40.90799
22	23	40.93047
22	23	40.94285
22	23	40.95999
22	23	40.97192
22	23	40.98652
22	23	41.00311
22	23	41.03201
22	23	41.05616
22	23	41.07124
22	23	41.08463
22	23	41.12823
22	23	41.14317
22	23	41.15663
22	23	41.17853
22	23	41.19209
22	23	41.20698
22	23	41.22045
22	24	41.23686
22	24	41.25012
22	24	41.28824
22	24	41.30209
22	24	41.31755
22	25	41.35111
22	25	41.37489
22	25	41.38928
22	25	41.4011
22	25	41.42225
22	25	41.4444
22	25	41.4664
22	26	41.49021
22	26	41.51852
22	26	41.53521
22	26	41.55622
22	26	41.57808
22	27	41.60023
22	27	41.62242
22	27	41.64697
22	27	41.67395
22	27	41.69274
22	27	41.71243
22	28	41.73533
22	28	41.75703
22	28	41.77969
22	28	41.80246
22	28	41.83136
22	29	41.84701
22	29	41.86964
22	29	41.89143
22	29	41.90334
22	29	41.91518
22	29	41.92668
22	29	41.9393
22	29	41.95658
22	30	41.97772
22	30	41.99279
22	30	42.00632
22	30	42.02191
22	30	42.03598
22	30	42.05091
22	30	42.06264
22	30	42.07478
22	30	42.08709
22	30	42.09951
22	30	42.11265
22	30	42.13316
22	30	42.14606
22	30	42.15806
22	30	42.17027
22	30	42.18283
22	30	42.19546
22	30	42.20707
22	30	42.21915
22	30	42.23134
22	30	42.2429
22	30	42.26029
21	30	42.2826
21	30	42.31092
21	30	42.3271
21	30	42.34988
21	30	42.37179
20	30	42.39384
20	30	42.41646
20	30	42.43937
20	30	42.46806
20	30	42.48366
20	30	42.50499
19	30	42.52749
19	30	42.5501
19	30	42.57276
19	30	42.59576
19	30	42.62376
18	30	42.6399
18	30	42.66235
18	30	42.68438
18	30	42.70723
18	30	42.72969
18	30	42.74236
17	30	42.75737
17	30	42.78244
17	30	42.80049
17	30	42.81649
17	30	42.82992
17	30	42.84548
17	30	42.85786
17	30	42.87078
16	30	42.88367
16	30	42.89776
16	30	42.91211
16	30	42.93644
16	30	42.95253
16	30	42.97221
16	30	42.98578
16	30	42.99875
16	30	43.0152
16	30	43.02788
16	30	43.04045
16	30	43.05649
16	30	43.07077
16	29	43.09034
16	29	43.1038
16	29	43.11819
16	29	43.13894
16	29	43.15611
16	29	43.17157
16	29	43.18415
16	29	43.19844
16	28	43.22135
16	28	43.24929
16	28	43.26542
16	28	43.28757
16	28	43.30973
14	28	43.49702
14	28	43.54576
14	28	43.56828
13	28	43.58639
13	28	43.60374
13	28	43.62761
13	28	43.65125
13	28	43.68279
13	28	43.70264
13	28	43.72988
13	28	43.74516
13	28	43.77789
13	28	43.81245
13	28	43.85259
13	28	43.87947
13	28	43.91295
13	28	43.94673
13	28	43.98051
13	28	44.02085
13	28	44.04985
13	28	44.0808
13	28	44.11366
13	28	44.14761
13	28	44.18682
13	28	44.2143
13	28	44.24781
13	28	44.28151
13	28	44.31607
13	28	44.35556
13	28	44.38227
13	28	44.40469
13	28	44.42674
13	28	44.44855
13	28	44.47123
13	28	44.50117
13	28	44.51578
13	28	44.54569
13	28	44.56105
13	28	44.58218
13	28	44.60437
13	28	44.6276
13	28	44.65641
13	28	44.67208
14	28	44.69382
14	28	44.71709
14	28	44.73885
14	28	44.76133
14	28	44.78548
15	28	44.81441
15	28	44.83261
15	28	44.87437
15	28	44.88982
15	28	44.9047
15	28	44.91963
16	28	44.94057
16	28	44.97109
16	28	44.98706
16	28	45.00694
16	28	45.0293
16	28	45.05169
16	28	45.07379
16	28	45.09726
16	28	45.12446
16	28	45.14371
16	27	45.16438
16	27	45.18621
16	27	45.21812
16	27	45.2356
16	27	45.25369
16	27	45.2813
16	26	45.29793
16	26	45.32072
16	26	45.34316
16	26	45.36528
16	26	45.38771
16	26	45.41043
16	26	45.43843
16	26	45.45422
16	26	45.47633
16	26	45.49864
16	26	45.52113
16	26	45.54359
16	26	45.56693
16	26	45.59398
16	26	45.6107
16	26	45.63351
16	26	45.64758
16	26	45.66017
16	26	45.67265
16	26	45.6852
16	26	45.70123
16	26	45.71487
17	26	45.73615
17	26	45.75866
17	26	45.78146
17	26	45.8006
17	26	45.81551
17	26	45.8294
18	26	45.84387
18	26	45.86072
18	26	45.87415
18	26	45.89305
18	26	45.9228
18	26	45.94123
18	26	45.95913
19	26	45.97309
19	26	45.98903
19	26	46.00762
19	26	46.02935
19	26	46.05171
19	26	46.08337
20	26	46.0985
20	26	46.11361
20	26	46.13009
20	26	46.14766
20	26	46.16042
20	26	46.18079
20	26	46.20322
21	26	46.23095
21	26	46.24765
21	26	46.26994
21	26	46.29253
21	26	46.31572
22	26	46.33671
22	26	46.40359
22	26	46.42949
22	26	46.4472
23	26	46.4602
23	26	46.47201
23	26	46.4927
23	26	46.51575
23	26	46.53798
23	26	46.56039
24	26	46.58972
24	26	46.60635
24	26	46.62684
24	26	46.64002
24	26	46.6566
24	26	46.6691
24	26	46.68262
25	26	46.6979
25	26	46.71206
25	26	46.73784
25	26	46.75372
25	26	46.7669
25	26	46.77939
25	26	46.79239
25	26	46.80584
26	26	46.81879
26	26	46.83394
26	26	46.84868
26	26	46.86814
26	26	46.8919
26	26	46.90969
26	26	46.92418
26	26	46.93885
25	26	46.95223
25	26	46.96577
25	26	46.97728
25	26	46.99202
25	26	47.00546
25	26	47.02025
25	26	47.0454
25	26	47.06219
24	26	47.08544
24	26	47.11063
24	26	47.12947
24	26	47.15224
24	26	47.17458
23	26	47.20267
23	26	47.2196
23	26	47.2415
23	26	47.26429
23	26	47.28692
22	26	47.30907
22	26	47.34448
22	26	47.36745
22	26	47.38898
22	26	47.40287
22	26	47.42074
22	25	47.44293
22	25	47.46534
22	25	47.48862
22	25	47.50211
22	25	47.5254
22	25	47.53985
22	24	47.55504
22	24	47.57174
22	24	47.5872
22	24	47.60776
22	24	47.62303
22	24	47.64625
22	24	47.67205
22	23	47.69985
22	23	47.71264
22	23	47.72614
22	23	47.73873
22	23	47.75087
22	23	47.7637
22	23	47.77872
22	23	47.79134
22	22	47.80532
22	22	47.81857
22	22	47.83234
22	22	47.85206
22	22	47.8655
22	22	47.87864
22	22	47.8918
22	22	47.91149
22	21	47.9347
22	21	47.95694
22	21	47.97885
22	21	48.0025
22	21	48.02985
22	20	48.04547
22	20	48.06802
22	20	48.09049
22	20	48.11258
22	20	48.13548
22	20	48.15812
21	20	48.18579
21	20	48.20214
21	20	48.22518
21	20	48.24683
21	20	48.269
20	20	48.29155
20	20	48.31391
20	20	48.34377
20	20	48.36479
20	20	48.38109
20	20	48.39322
20	20	48.40619
19	20	48.41947
19	20	48.43289
19	20	48.45026
19	20	48.46656
19	20	48.49033
19	20	48.50743
19	20	48.52053
18	20	48.53395
18	20	48.5472
18	20	48.56148
18	20	48.57938
18	20	48.59618
18	20	48.60922
18	20	48.62239
18	20	48.64895
17	20	48.6648
17	20	48.68002
17	20	48.69669
17	20	48.71489
17	20	48.72819
17	20	48.74233
17	20	48.75686
17	20	48.77043
16	20	48.78376
16	20	48.81134
16	20	48.82771
16	20	48.85036
16	20	48.87249
16	20	48.89474
15	20	48.91737
15	20	48.93975
15	20	48.97636
15	20	48.99452
15	20	49.01405
14	20	49.02959
14	20	49.05103
14	20	49.08113
14	20	49.1026
14	20	49.12793
13	20	49.14409
13	20	49.16249
13	20	49.18513
13	20	49.20765
13	20	49.24789
12	20	49.26381
12	20	49.28972
12	20	49.30828
12	20	49.33795
12	20	49.35373
12	20	49.38325
11	20	49.39708
11	20	49.41523
11	20	49.44499
11	20	49.46235
11	20	49.4755
11	20	49.48977
11	20	49.5023
10	20	49.5163
10	20	49.53011
10	20	49.54577
10	20	49.56178
10	20	49.57862
10	20	49.60627
10	20	49.62274
9	20	49.63755
9	20	49.65308
9	20	49.66804
9	20	49.68409
9	20	49.70052
9	20	49.7135
9	20	49.73306
8	20	49.76139
8	20	49.77762
8	20	49.79953
8	20	49.82157
8	20	49.84385
8	20	49.86631
7	20	49.8896
7	20	49.92003
7	20	49.93747
7	20	49.95584
7	20	49.97824
7	20	50.00011
8	20	50.02276
8	20	50.04575
8	20	50.0739
8	20	50.09018
8	20	50.1124
8	20	50.13457
8	20	50.15656
8	20	50.17879
8	20	50.20166
8	20	50.22042
8	20	50.23504
8	20	50.24895
8	20	50.26173
9	20	50.27497
9	20	50.28977
9	20	50.30401
9	20	50.31792
9	20	50.3309
9	20	50.34476
9	20	50.35863
10	20	50.38474
10	20	50.40561
10	20	50.42532
10	20	50.43941
10	20	50.45277
10	20	50.46868
10	20	50.48197
10	20	50.4964
11	20	50.51069
11	20	50.53236
11	20	50.54657
11	20	50.57152
11	20	50.58616
11	20	50.6001
11	20	50.61526
12	20	50.63654
12	20	50.65938
12	20	50.68245
12	20	50.71122
12	20	50.72725
13	20	50.7513
13	20	50.77721
13	20	50.79324
13	20	50.81552
13	20	50.83973
13	20	50.87048
14	20	50.88431
14	20	50.9103
14	20	50.92818
14	20	50.95003
14	20	50.97231
14	20	50.99554
15	20	51.02509
15	20	51.03973
15	20	51.06222
15	20	51.07766
15	20	51.09348
15	20	51.10812
17	20	51.12312
17	20	51.13733
17	20	51.1554
17	20	51.17729
17	20	51.19246
17	20	51.20542
17	20	51.21958
17	20	51.23497
18	20	51.25643
18	20	51.27266
18	20	51.28699
18	20	51.3017
18	20	51.31598
18	20	51.33847
18	20	51.35427
19	20	51.37024
19	20	51.38997
19	20	51.40372
19	20	51.41832
19	20	51.43869
19	20	51.45192
19	20	51.46615
20	20	51.49439
20	20	51.50903
20	20	51.53097
20	20	51.55327
20	20	51.57578
20	20	51.59753
21	20	51.62112
21	20	51.65108
21	20	51.66483
21	20	51.68649
21	20	51.71875
20	20	51.73698
20	20	51.75398
20	20	51.77719
20	20	51.80686
20	20	51.82814
20	20	51.84394
19	20	51.86582
19	20	51.88865
19	20	51.91036
19	20	51.9333
19	20	51.96255
18	20	51.97702
18	20	51.99509
18	20	52.01027
18	20	52.02699
18	20	52.04086
18	20	52.05399
18	20	52.06767
18	20	52.08104
17	20	52.09824
17	20	52.11855
17	20	52.13779
17	20	52.15238
17	20	52.16674
17	20	52.18119
17	20	52.19423
17	20	52.20721
16	20	52.22324
16	20	52.2538
16	20	52.28575
16	20	52.30257
16	20	52.31755
16	20	52.33118
16	21	52.34386
16	21	52.35816
16	21	52.37909
16	21	52.40149
16	21	52.4268
16	21	52.45448
16	22	52.47084
16	22	52.49143
16	22	52.51378
16	22	52.53604
16	22	52.55851
16	22	52.58171
16	23	52.61131
16	23	52.62977
16	20	52.9631
16	20	53.00784
16	20	53.03044
16	20	53.04361
16	20	53.05669
16	20	53.08438
16	20	53.10121
16	20	53.13675
16	20	53.17119
16	20	53.20041
16	20	53.23377
16	20	53.26687
16	20	53.30061
16	20	53.33477
16	20	53.36221
16	20	53.39603
16	20	53.42917
16	20	53.46267
16	21	53.50352
16	21	53.52872
16	21	53.56197
16	21	53.59678
16	22	53.63033
16	22	53.66994
16	22	53.69759
16	23	53.73159
16	23	53.76578
16	23	53.80086
16	23	53.84135
16	23	53.86816
16	23	53.89093
16	23	53.91246
16	23	53.93529
16	23	53.95833
16	23	53.98665
16	23	54.00234
16	23	54.02442
16	23	54.04712
16	23	54.06974
16	23	54.09137
16	23	54.11489
16	23	54.14283
16	23	54.15935
16	23	54.18169
16	23	54.20328
16	23	54.22516
16	23	54.24848
16	23	54.27071
16	23	54.29913
16	23	54.31779
16	23	54.34265
16	23	54.35977
16	23	54.38222
16	23	54.40413
16	23	54.42725
16	23	54.45592
16	23	54.47106
16	23	54.4938
16	23	54.51558
16	23	54.53845
16	23	54.56041
16	23	54.58368
16	23	54.61106
16	23	54.62892
16	23	54.65061
16	23	54.67535
16	23	54.69814
16	23	54.72262
16	23	54.74332
17	23	54.77192
17	23	54.78722
17	23	54.80968
17	23	54.83267
17	23	54.85458
17	23	54.8777
18	23	54.89795
18	23	54.92688
18	23	54.94431
18	23	54.96374
18	23	54.98653
19	23	55.00811
19	23	55.03095
19	23	55.05364
19	23	55.08055
19	23	55.10335
19	23	55.12242
19	23	55.13995
19	23	55.16252
19	23	55.17715
19	23	55.19138
19	23	55.20664
19	23	55.23949
19	23	55.25492
19	23	55.27169
19	23	55.29173
19	23	55.30595
19	24	55.33445
19	24	55.35029
19	24	55.36872
19	24	55.40481
19	24	55.4208
19	24	55.43484
19	25	55.44983
19	25	55.46523
19	25	55.48116
19	25	55.49836
19	25	55.51637
19	25	55.54346
19	26	55.56886
19	26	55.58459
19	26	55.5999
19	26	55.61404
19	26	55.63339
19	26	55.64784
19	26	55.67379
19	26	55.68918
19	26	55.71178
19	26	55.73949
19	26	55.76345
19	26	55.77815
19	26	55.80083
19	26	55.8236
19	26	55.84536
19	26	55.86821
19	26	55.89746
19	26	55.91778
20	26	55.93548
20	26	55.95723
20	26	55.97989
20	26	56.00266
20	26	56.02477
21	26	56.05444
21	26	56.0693
21	26	56.08311
21	26	56.09757
21	26	56.1123
21	26	56.12716
21	26	56.14105
21	26	56.15591
22	26	56.17028
22	26	56.18911
22	26	56.21274
22	26	56.22733
22	26	56.24186
22	26	56.25474
22	26	56.26896
23	26	56.28548
23	26	56.29911
23	26	56.31342
23	26	56.3296
23	26	56.34308
23	26	56.36413
23	26	56.37701
23	26	56.39267
23	26	56.40632
24	26	56.42616
24	26	56.44018
24	26	56.45372
24	26	56.47085
24	26	56.49332
24	26	56.52206
25	26	56.53817
25	26	56.56056
25	26	56.58312
25	26	56.60525
25	26	56.62755
25	26	56.65079
26	26	56.67953
26	26	56.69506
26	26	56.71711
26	26	56.74017
26	26	56.76163
27	26	56.78385
27	26	56.80649
27	26	56.83448
27	26	56.85105
27	26	56.87342
27	25	56.97879
27	25	57.00163
27	25	57.01352
27	24	57.02686
27	24	57.03868
27	24	57.051
27	24	57.06291
27	24	57.07551
27	24	57.08827
27	24	57.09987
27	24	57.11504
27	24	57.12986
27	23	57.1513
27	23	57.16708
27	23	57.17942
27	23	57.19297
27	23	57.20545
27	23	57.21878
27	23	57.23419
27	23	57.24669
27	23	57.25928
26	23	57.27161
26	23	57.28452
26	23	57.30381
26	23	57.31788
26	23	57.33238
26	23	57.34482
26	23	57.35666
26	23	57.37643
25	23	57.39944
25	23	57.4214
25	23	57.44408
25	23	57.47232
25	23	57.48801
24	23	57.51001
24	23	57.53207
24	23	57.55465
24	23	57.57699
24	23	57.60016
24	23	57.62864
23	23	57.64363
23	23	57.6665
23	23	57.68869
23	23	57.71161
23	23	57.7336
22	23	57.75728
22	23	57.78491
22	23	57.80035
22	23	57.82265
22	23	57.83605
22	23	57.84813
22	23	57.85954
22	23	57.87334
22	23	57.88741
22	23	57.90159
22	23	57.91972
22	23	57.94163
22	23	57.95618
22	23	57.96997
22	23	57.9826
22	23	57.99615
22	23	58.00968
22	23	58.02327
22	23	58.03583
22	23	58.04881
22	23	58.06292
22	23	58.07631
22	23	58.09766
22	23	58.11736
22	23	58.1302
22	23	58.1431
22	23	58.1565
22	23	58.16904
22	23	58.18031
22	23	58.19203
22	23	58.21379
22	23	58.23595
22	23	58.26425
22	23	58.28044
22	23	58.30308
22	23	58.32543
22	23	58.34746
22	23	58.36993
22	23	58.39285
22	23	58.42088
22	23	58.43661
22	23	58.45897
22	23	58.49098
22	23	58.53667
22	23	58.56213
22	23	58.58516
22	23	58.59935
22	22	58.61835
22	22	58.63391
22	22	58.64842
22	22	58.66444
22	22	58.6829
22	22	58.70547
22	22	58.71836
22	21	58.74704
22	21	58.76576
22	21	58.78708
22	21	58.8007
22	21	58.81431
22	21	58.82773
22	21	58.84327
22	20	58.86072
22	20	58.87815
22	20	58.90075
22	20	58.9145
22	20	58.92855
22	20	58.94212
22	20	58.95745
21	20	58.97409
21	20	58.99377
21	20	59.01085
21	20	59.03128
21	20	59.0514
21	20	59.06682
21	20	59.08108
20	20	59.09811
20	20	59.11284
20	20	59.12872
20	20	59.14449
20	20	59.16076
20	20	59.17402
20	20	59.19787
19	20	59.22712
19	20	59.24205
19	20	59.26342
19	20	59.28646
19	20	59.30827
19	20	59.33037
18	20	59.35418
18	20	59.3844
18	20	59.42441
18	20	59.43935
18	20	59.45383
17	20	59.4688
17	20	59.4873
17	20	59.50993
17	20	59.545
17	20	59.56423
17	20	59.5785
16	20	59.59874
16	20	59.62128
16	20	59.63633
16	20	59.65419
16	20	59.67159
16	20	59.69427
15	20	59.70741
15	20	59.72513
15	20	59.73967
15	20	59.75423
15	20	59.7715
15	20	59.78566
15	20	59.80251
15	20	59.81826
14	20	59.83348
14	20	59.85461
14	20	59.86798
14	20	59.88247
14	20	59.89768
14	20	59.91113
14	20	59.9249
14	20	59.93983
13	20	59.95338
13	20	59.96875
13	20	59.98372
13	20	60.00631
13	20	60.02052
13	20	60.03532
13	20	60.04706
13	20	60.06875
14	20	60.09048
14	20	60.11251
14	20	60.13557
14	20	60.16507
14	20	60.17968
15	20	60.20294
15	20	60.22506
15	20	60.24693
15	20	60.26889
15	20	60.29185
16	20	60.32187
16	20	60.33629
16	20	60.35929
16	20	60.38076
16	20	60.40319
16	20	60.42593
17	20	60.44865
17	20	60.47643
17	20	60.49244
17	20	60.507
17	20	60.52363
17	20	60.54822
18	20	60.56528
18	20	60.5791
18	20	60.59264
18	20	60.60826
18	20	60.63064
18	20	60.64478
18	20	60.67571
19	20	60.70665
19	20	60.72138
19	20	60.73516
19	20	60.74899
19	20	60.76429
19	20	60.78761
19	20	60.80518
19	19	60.82172
19	19	60.83822
19	19	60.85353
19	19	60.87342
19	19	60.89083
19	19	60.91043
19	18	60.93007
19	18	60.95634
19	18	61.0108
19	18	61.02879
19	18	61.04218
19	17	61.05544
19	17	61.07337
19	17	61.10701
19	17	61.14638
19	16	61.1734
19	16	61.20678
19	16	61.24032
19	16	61.27449
19	15	61.31376
19	15	61.34128
19	14	61.49049
19	14	61.52748
19	13	61.58234
19	13	61.60059
19	13	61.62171
19	13	61.64313
19	12	61.68211
19	12	61.70953
19	12	61.74297
19	12	61.77677
19	11	61.8106
19	11	61.85327
19	11	61.87702
19	11	61.91059
19	11	61.9436
19	11	61.97777
19	11	62.00625
19	11	62.02293
18	11	62.04406
18	11	62.06694
18	11	62.08907
18	11	62.11169
18	11	62.14034
17	11	62.16448
17	11	62.18121
17	11	62.20008
17	11	62.22294
17	11	62.24547
17	11	62.26698
16	11	62.28927
16	11	62.31214
16	11	62.34004
16	11	62.35662
16	11	62.37945
16	11	62.40171
16	9	62.59936
16	9	62.62723
16	9	62.64073
16	8	62.65326
16	8	62.66607
16	8	62.67846
16	8	62.69212
16	8	62.71433
16	8	62.73665
16	8	62.7591
16	8	62.7876
16	8	62.80392
16	8	62.82793
16	8	62.84876
16	8	62.87192
16	8	62.89386
16	8	62.91621
16	8	62.94366
16	8	62.96002
16	8	62.98215
16	8	63.00396
16	8	63.02728
16	8	63.04883
16	8	63.07254
16	8	63.09998
16	8	63.11634
16	9	63.13875
16	9	63.16121
16	9	63.18316
16	9	63.20605
16	9	63.22842
16	10	63.25787
16	10	63.27347
16	10	63.29579
16	10	63.31774
16	10	63.3404
16	11	63.36226
16	11	63.38573
16	11	63.41425
16	11	63.44173
16	11	63.45317
16	11	63.47459
15	11	63.49699
15	11	63.51999
15	11	63.54202
15	11	63.57063
15	11	63.5865
14	11	63.60902
14	11	63.63121
14	11	63.65423
14	11	63.67525
14	11	63.6978
14	11	63.72701
13	11	63.74306
13	11	63.7656
13	11	63.7887
13	11	63.81019
13	11	63.83263
13	10	63.85558
13	10	63.88365
13	10	63.90079
13	10	63.91943
13	10	63.93368
13	10	63.94796
13	10	63.96407
13	9	63.97908
13	9	63.99361
13	9	64.00793
13	9	64.0345
13	8	64.28766
13	8	64.31685
13	8	64.33974
13	8	64.4344
13	8	64.45069
13	9	64.47356
13	9	64.49228
13	9	64.50743
13	9	64.52271
13	9	64.5355
13	9	64.55457
13	9	64.56989
13	10	64.58637
13	10	64.60208
13	10	64.62426
13	10	64.64056
13	10	64.65462
13	10	64.67011
13	10	64.692
13	11	64.7148
13	11	64.74525
13	11	64.76812
13	11	64.78949
13	11	64.8045
12	11	64.82628
12	11	64.84924
12	11	64.87218
12	11	64.8934
12	11	64.91635
12	11	64.93893
11	11	64.96912
11	11	64.98862
11	11	65.0064
11	11	65.02755
11	11	65.04992
10	11	65.07184
10	11	65.09557
10	11	65.12446
10	11	65.13988
10	11	65.15407
10	11	65.16914
9	11	65.18957
9	11	65.20486
9	11	65.22253
9	11	65.24177
9	11	65.26826
9	11	65.3004
8	11	65.31805
8	11	65.34407
8	11	65.36355
8	11	65.38216
8	11	65.39688
8	11	65.41212
7	11	65.43546
7	11	65.46274
7	11	65.48119
7	11	65.51384
7	11	65.53521
7	12	65.5564
7	12	65.57034
7	12	65.58466
7	12	65.61063
7	12	65.63581
7	12	65.6532
7	12	65.66843
7	13	65.68287
7	13	65.69756
7	13	65.7197
7	13	65.74244
7	13	65.76572
7	14	65.80415
7	14	65.82272
7	14	65.84218
7	14	65.86236
7	14	65.87928
7	14	65.89827
7	15	65.92251
7	15	65.95107
7	15	65.96907
7	15	65.99022
7	15	66.01018
7	15	66.03278
7	16	66.0554
7	16	66.08858
7	16	66.11504
7	16	66.13451
7	16	66.15092
7	17	66.16374
7	17	66.18127
7	17	66.20164
7	17	66.21901
7	17	66.23949
7	17	66.27234
7	18	66.29147
7	18	66.30612
7	18	66.32461
7	18	66.34116
7	18	66.35947
7	18	66.37385
7	18	66.39459
7	19	66.41673
7	19	66.43505
7	19	66.45093
7	19	66.46716
7	19	66.48319
7	19	66.49537
7	19	66.50804
7	19	66.52099
7	20	66.53436
7	20	66.54642
7	20	66.57032
7	20	66.58447
7	20	66.60186
7	20	66.62468
7	20	66.64721
8	20	66.66919
8	20	66.69178
8	20	66.71394
8	20	66.74184
8	20	66.75822
9	20	66.78046
9	20	66.80269
9	20	66.8421
9	20	66.85902
9	20	66.87215
10	20	66.90061
10	20	66.91508
10	20	66.93736
10	20	66.95988
10	20	66.98279
10	20	67.00455
10	19	67.02712
10	19	67.05524
10	19	67.06895
10	19	67.08665
10	19	67.1048
10	19	67.11768
10	19	67.13095
10	18	67.14383
10	18	67.15793
10	18	67.17175
10	18	67.18986
10	18	67.2156
10	18	67.23094
10	18	67.24426
10	18	67.25874
10	17	67.27181
10	17	67.28488
10	17	67.29877
10	17	67.31561
10	17	67.3312
10	17	67.34534
10	17	67.3707
10	16	67.38915
10	16	67.40289
10	16	67.41566
10	16	67.43185
10	16	67.4493
10	16	67.46278
10	16	67.48447
10	15	67.50771
10	15	67.53524
10	15	67.55186
10	15	67.57347
10	15	67.59615
10	15	67.61777
10	14	67.64053
10	14	67.66325
10	14	67.69175
10	14	67.70813
10	14	67.72993
10	13	67.75252
10	13	67.77556
10	13	67.79809
10	13	67.8208
10	13	67.84979
10	13	67.86523
10	12	67.88746
10	12	67.90102
10	12	67.91817
10	12	67.93586
10	12	67.94911
10	12	67.96262
10	12	67.97838
10	11	68.00181
10	11	68.02246
10	11	68.03496
10	11	68.04871
10	11	68.06183
10	11	68.07538
10	11	68.09058
10	11	68.10397
10	11	68.11729
10	11	68.13284
10	11	68.15299
10	11	68.16596
10	11	68.17916
10	11	68.1924
10	11	68.20638
10	11	68.21831
10	11	68.23089
10	11	68.24354
10	11	68.25599
10	12	68.2775
10	12	68.29971
10	12	68.32855
10	12	68.34415
10	12	68.36651
10	12	68.38897
10	11	68.68953
10	11	68.72832
10	11	68.744
10	11	68.75887
10	11	68.77198
10	11	68.79215
10	11	68.81287
10	11	68.84682
10	11	68.88815
10	11	68.91507
10	11	68.94826
10	11	68.98112
10	11	69.0155
10	11	69.05503
10	11	69.08185
10	11	69.11552
10	11	69.14835
10	11	69.18289
10	11	69.22079
10	11	69.24924
10	12	69.28247
10	12	69.31646
10	12	69.34998
10	13	69.38922
10	13	69.41594
10	13	69.45012
10	13	69.48345
10	14	69.51711
10	14	69.55828
10	14	69.58447
10	14	69.60719
10	15	69.62919
10	15	69.65074
10	15	69.67332
10	15	69.70129
10	15	69.71733
10	15	69.7396
10	14	69.76271
10	14	69.78496
10	14	69.80641
10	14	69.82977
10	14	69.85959
10	13	69.87424
10	13	69.89725
10	13	69.91919
10	13	69.94183
10	13	69.96394
10	13	69.98613
10	12	70.01444
10	12	70.03022
10	12	70.05304
10	12	70.07523
10	12	70.0979
10	11	70.12069
10	11	70.1427
10	11	70.17116
10	11	70.18819
10	11	70.20988
10	11	70.23156
10	11	70.2543
10	11	70.27681
10	11	70.29914
10	11	70.32775
10	11	70.34486
10	11	70.36662
9	11	70.39203
9	11	70.41386
9	11	70.43795
9	11	70.45942
9	11	70.4877
9	11	70.50401
8	11	70.52581
8	11	70.54846
8	11	70.57036
8	11	70.59386
8	11	70.61603
7	11	70.64433
7	11	70.66005
7	11	70.68244
7	11	70.70558
7	11	70.72788
7	11	70.75082
6	11	70.77375
6	11	70.80235
6	11	70.81884
6	11	70.83814
6	11	70.85135
6	11	70.86529
5	11	70.87981
5	11	70.89376
5	11	70.90929
5	11	70.9305
5	11	70.95848
5	11	70.97507
5	11	70.98928
4	11	71.00413
4	11	71.01782
4	11	71.03219
4	11	71.05352
4	11	71.09447
3	11	71.11881
3	11	71.13663
3	11	71.15237
3	11	71.17152
3	11	71.18904
3	11	71.20184
3	11	71.21597
3	11	71.23126
2	11	71.24666
2	11	71.27288
2	11	71.29044
2	11	71.31036
2	11	71.32368
2	11	71.34169
2	11	71.35835
2	10	71.37148
2	10	71.39393
2	10	71.4169
2	10	71.44505
2	10	71.46214
2	10	71.48311
2	9	71.50585
2	8	71.83919
2	8	71.88152
2	8	71.91261
2	8	71.92542
2	8	71.9437
2	8	71.9595
2	8	71.97315
2	8	71.9884
2	8	72.01192
2	8	72.04045
2	8	72.0573
2	8	72.07733
2	8	72.09992
2	8	72.1216
2	8	72.14496
2	8	72.15916
2	8	72.18941
2	8	72.20855
2	8	72.222
2	8	72.23903
2	8	72.25346
2	8	72.26627
2	8	72.28028
2	8	72.29636
2	8	72.31351
2	8	72.32812
2	8	72.35066
2	8	72.3728
2	8	72.39715
2	8	72.41299
3	8	72.42973
3	8	72.4486
3	8	72.46859
3	8	72.48783
3	8	72.50335
3	8	72.52643
4	8	72.5452
4	8	72.55931
4	8	72.57413
4	8	72.59208
4	8	72.60662
4	8	72.62453
4	8	72.64702
4	8	72.67023
4	8	72.69981
4	8	72.71788
4	7	72.74161
4	7	72.75874
4	7	72.78102
4	7	72.80412
4	7	72.82623
4	7	72.85419
4	6	72.87232
4	6	72.89278
4	6	72.91507
4	6	72.94581
4	6	72.96261
4	6	72.98313
4	5	73.01282
4	5	73.0347
4	5	73.05286
4	5	73.0722
4	5	73.08591
4	5	73.11262
4	5	73.12466
4	5	73.1376
4	5	73.16343
4	5	73.18153
4	5	73.19551
3	5	73.21033
3	5	73.22706
3	5	73.243
3	5	73.26179
3	5	73.27642
3	5	73.29298
2	5	73.32557
2	5	73.34322
2	5	73.35943
2	5	73.37684
2	5	73.39236
2	5	73.40642
2	5	73.42101
2	5	73.43599
2	5	73.45274
2	5	73.47686
2	5	73.49342
2	5	73.50621
2	5	73.51902
2	5	73.53175
2	5	73.55157
2	5	73.57378
2	5	73.59559
2	5	73.61852
2	5	73.64671
2	5	73.66314
2	5	73.68565
2	5	73.70811
2	5	73.73055
2	5	73.75301
2	5	73.77581
2	5	73.80486
2	5	73.81953
2	5	73.84257
2	5	73.86476
2	5	73.88657
2	5	73.9087
2	5	73.9323
2	5	73.96171
2	5	73.99628
2	5	74.00993
2	5	74.02241
2	5	74.03637
2	5	74.05087
2	5	74.06399
2	5	74.07816
2	5	74.09164
2	5	74.11245
2	5	74.12674
2	5	74.14153
2	5	74.1556
2	5	74.17605
2	5	74.19264
2	5	74.2086
2	5	74.22336
2	5	74.23695
2	5	74.24982
2	5	74.27096
2	5	74.28419
2	5	74.29938
2	5	74.3139
2	5	74.32679
2	5	74.3416
2	5	74.35573
2	5	74.36872
2	5	74.38097
2	5	74.40165
2	5	74.42951
2	4	74.46632
2	4	74.48154
2	4	74.49792
2	4	74.51506
2	4	74.53422
2	4	74.55701
2	3	74.58668
2	3	74.60439
2	3	74.62418
2	3	74.64649
2	3	74.66861
2	3	74.69112
2	2	74.71441
2	2	74.74394
2	2	74.76107
2	2	74.7808
2	2	74.80354
2	2	74.8391
2	2	74.85315
2	2	74.87043
2	2	74.89629
2	2	74.91651
2	2	74.93505
2	2	74.95026
2	2	74.96491
2	2	74.98188
2	2	74.99576
2	2	75.01167
2	2	75.0265
2	2	75.05268
2	2	75.06745
2	2	75.08289
2	2	75.09757
2	2	75.11236
2	2	75.12767
2	2	75.15874
2	2	75.17337
2	2	75.18725
2	2	75.20708
2	2	75.22343
2	2	75.23708
2	2	75.24893
2	2	75.26226
2	2	75.27626
2	2	75.29198
2	2	75.30537
2	2	75.31684
2	2	75.339
2	2	75.36812
2	2	75.38314
2	2	75.40518
2	2	75.42767
2	2	75.45041
2	2	75.47272
2	2	75.49553
2	2	75.52439
2	2	75.54601
2	2	75.56197
2	2	75.58521
2	2	75.60715
2	2	75.62955
2	2	75.65227
2	2	75.68108
2	2	75.69678
2	2	75.71878
2	2	75.74146
2	2	75.76318
2	2	75.78569
2	2	75.80907
2	2	75.83894
2	2	75.85252
2	2	75.86816
2	2	75.88158
2	2	75.89662
2	2	75.91129
2	2	75.92432
2	2	75.94333
2	2	75.95814
2	2	75.97083
2	2	75.992
2	2	76.00423
2	2	76.0187
2	2	76.03474
2	2	76.04862
2	2	76.06445
2	2	76.08418
2	2	76.10175
2	2	76.12318
2	2	76.14723
2	2	76.16143
2	2	76.17522
2	2	76.19291
2	2	76.21251
2	2	76.22807
2	2	76.24557
2	2	76.26045
2	2	76.27772
2	2	76.3082
2	2	76.32237
2	2	76.34389
2	2	76.36624
2	2	76.38885
2	2	76.41062
2	2	76.43512
2	2	76.46189
2	2	76.47801
2	2	76.50029
2	2	76.52271
2	2	76.54498
2	2	76.56719
2	2	76.58986
2	2	76.61832
2	2	76.63508
2	2	76.6567
2	2	76.67939
2	2	76.7019
2	2	76.72417
2	2	76.74663
2	2	76.76483
2	2	76.77849
2	2	76.78996
2	2	76.80238
2	2	76.82921
2	2	76.8449
2	2	76.85786
2	2	76.87033
2	2	76.88338
2	2	76.89465
3	2	76.9077
3	2	76.93345
3	2	76.95185
3	2	76.9687
3	2	76.9821
3	2	76.99537
3	2	77.01107
4	2	77.02484
4	2	77.0379
4	2	77.05428
4	2	77.07479
4	2	77.10065
4	2	77.1181
4	2	77.131
5	2	77.1432
5	2	77.1592
5	2	77.18204
5	2	77.2043
5	2	77.22763
5	2	77.25657
6	2	77.27283
6	2	77.29339
6	2	77.31574
6	2	77.33826
6	2	77.36086
6	2	77.3839
7	2	77.41242
7	2	77.42967
7	2	77.45081
7	2	77.47282
7	2	77.49443
8	2	77.51696
8	2	77.5403
8	2	77.56896
8	2	77.58407
8	2	77.60622
8	2	77.61919
9	2	77.63276
9	2	77.64523
9	2	77.65933
9	2	77.67831
9	2	77.69566
9	2	77.71877
9	2	77.73524
9	2	77.74741
10	2	77.76243
10	2	77.77853
10	2	77.79565
10	2	77.81226
10	2	77.82698
10	2	77.83921
10	2	77.85317
11	2	77.87881
11	2	77.89527
11	2	77.91016
11	2	77.92532
11	2	77.94421
11	2	77.95689
11	2	77.96973
11	2	77.98268
12	2	77.99562
12	2	78.00948
12	2	78.03391
12	2	78.05402
12	2	78.0654
12	2	78.08704
12	2	78.10875
13	2	78.13131
13	2	78.15347
13	2	78.17638
13	2	78.20502
13	2	78.2202
13	3	78.24326
13	3	78.2653
13	3	78.28837
13	3	78.31081
13	3	78.33466
13	4	78.37935
13	4	78.39928
13	4	78.42078
13	4	78.43487
13	4	78.45025
13	4	78.46633
13	5	78.48947
13	5	78.5156
13	5	78.5364
13	5	78.55341
13	5	78.56857
13	5	78.58253
13	5	78.59623
13	5	78.61055
12	5	78.63436
12	5	78.65089
12	5	78.67686
12	5	78.69344
12	5	78.70835
12	5	78.72289
12	5	78.73715
11	5	78.7514
11	5	78.76836
11	5	78.78336
11	5	78.80202
11	5	78.83617
11	5	78.85439
11	5	78.86994
10	5	78.88248
10	5	78.89524
10	5	78.90889
10	5	78.92741
10	5	78.94856
10	5	78.96286
10	5	78.98923
10	5	79.00757
10	5	79.04447
10	5	79.0584
10	5	79.08353
10	5	79.09852
10	5	79.11759
10	5	79.13937
10	6	79.15285
10	6	79.17852
10	6	79.20227
10	6	79.22052
10	6	79.24299
10	6	79.26
10	7	79.28244
10	7	79.31147
10	7	79.33016
10	7	79.36201
10	7	79.37545
10	7	79.39344
10	8	79.41592
10	8	79.43256
10	8	79.46172
10	8	79.48004
10	8	79.49718
10	8	79.51105
10	8	79.52567
10	8	79.54043
10	8	79.55493
10	8	79.568
10	8	79.58135
10	8	79.59673
10	8	79.62526
10	8	79.63831
11	8	79.65295
11	8	79.67011
11	8	79.69127
11	8	79.70807
11	8	79.72746
11	8	79.74521
11	8	79.76057
12	8	79.78478
12	8	79.80445
12	8	79.82706
12	8	79.84148
12	8	79.85429
12	8	79.86715
13	8	79.88547
13	8	79.90716
13	8	79.93002
13	8	79.9585
13	8	79.97504
13	8	79.99655
13	8	80.01902
13	8	80.04066
13	8	80.06409
12	8	80.08778
12	8	80.11563
12	8	80.13049
12	8	80.15401
12	8	80.17544
12	8	80.19746
11	8	80.22028
11	8	80.24347
11	8	80.27505
11	8	80.28883
11	8	80.30968
10	8	80.33202
10	8	80.34702
10	8	80.3625
10	8	80.38056
10	8	80.39622
10	8	80.42092
10	8	80.44767
9	8	80.46327
9	8	80.48154
9	8	80.50031
9	8	80.51571
9	8	80.5282
9	8	80.54264
9	8	80.55621
8	8	80.57915
8	8	80.62336
8	8	80.63657
8	8	80.65231
8	8	80.66913
8	8	80.68255
7	8	80.69599
7	8	80.70911
7	8	80.73208
7	8	80.74941
7	8	80.76205
7	8	80.77493
7	8	80.78824
7	8	80.80087
7	8	80.82751
7	7	80.84563
7	7	80.86903
7	7	80.89703
7	7	80.91528
7	7	80.93546
7	7	80.95707
7	6	80.97916
7	6	81.00249
7	6	81.02455
7	6	81.05348
7	6	81.07092
7	5	81.09092
7	5	81.11341
7	5	81.13766
7	5	81.15802
7	5	81.18052
7	4	81.21073
7	4	81.22655
7	4	81.24776
7	4	81.26522
7	4	81.28444
7	4	81.2978
7	4	81.31266
7	4	81.32534
7	3	81.33868
7	3	81.36399
7	3	81.38651
7	3	81.40231
7	3	81.41463
7	3	81.42821
7	3	81.44154
7	2	81.45485
7	2	81.46711
7	2	81.48045
7	2	81.49464
7	2	81.51879
7	2	81.53606
7	2	81.55421
7	2	81.56827
7	2	81.58198
7	2	81.59409
7	3	81.60625
7	3	81.61798
7	3	81.63072
7	3	81.64957
7	3	81.67879
7	3	81.69437
7	3	81.71605
7	4	81.73889
7	4	81.76144
7	4	81.78382
7	4	81.80678
7	4	81.83498
7	5	81.85268
7	5	81.87273
7	5	81.89511
7	5	81.91729
7	5	81.94008
7	6	81.96341
7	6	81.99187
7	6	82.00703
7	6	82.02975
7	6	82.05144
7	6	82.07399
7	7	82.09625
7	7	82.11932
7	7	82.13636
7	7	82.14855
7	7	82.1603
7	7	82.17382
7	7	82.18736
7	7	82.19937
7	8	82.21216
7	8	82.22539
7	8	82.23719
7	8	82.24928
7	8	82.26205
7	8	82.27776
7	8	82.29896
7	8	82.31277
7	8	82.32607
7	9	82.34367
7	9	82.35673
7	9	82.37276
7	9	82.39183
7	9	82.40371
7	9	82.41557
7	9	82.42895
7	10	82.47869
7	10	82.49928
7	10	82.51551
7	10	82.52722
7	10	82.53947
7	10	82.55427
7	11	82.57642
7	11	82.59959
7	11	82.6284
7	11	82.64591
7	11	82.66572
7	11	82.68845
7	10	82.71074
7	10	82.73243
7	10	82.75612
7	10	82.78343
7	10	82.80006
7	9	82.82256
7	9	82.8447
7	9	82.86716
7	9	82.89006
7	9	82.91226
7	8	82.94165
7	8	82.95684
7	8	82.97961
7	8	83.00146
7	8	83.01431
7	8	83.02613
7	8	83.0398
7	8	83.0534
7	7	83.06759
7	7	83.08861
7	7	83.10281
7	7	83.11617
7	7	83.13433
7	7	83.147
7	7	83.16358
7	7	83.18055
7	6	83.1935
7	6	83.2083
7	6	83.22257
7	6	83.2447
7	6	83.25853
7	6	83.27151
7	6	83.28302
7	6	83.29408
7	6	83.30611
7	5	83.31833
7	5	83.33162
7	5	83.34674
7	5	83.35956
7	5	83.37179
7	5	83.38442
7	5	83.40979
7	5	83.42574
6	5	83.44783
6	5	83.47027
6	5	83.49265
6	5	83.51717
6	5	83.53828
5	5	83.56679
5	5	83.58329
5	5	83.60424
5	5	83.6267
5	5	83.64895
5	5	83.67197
4	5	83.69453
4	5	83.72256
4	5	83.73923
4	5	83.76055
4	5	83.78278
3	5	83.80574
3	5	83.82725
2	5	83.96673
2	5	84.00127
2	5	84.01878
2	4	84.04265
2	4	84.05524
2	4	84.06769
2	4	84.0886
2	4	84.10168
2	4	84.11494
2	4	84.12905
2	4	84.1489
2	3	84.16279
2	3	84.17725
2	3	84.19196
2	3	84.20676
2	3	84.22171
2	3	84.24213
2	3	84.25703
2	3	84.27689
2	2	84.29368
2	2	84.31396
2	2	84.32648
2	2	84.34171
2	2	84.35524
2	2	84.37339
2	2	84.3884
2	2	84.40146
2	2	84.41427
2	2	84.43136
2	2	84.45451
2	2	84.48132
2	2	84.49836
2	2	84.52007
2	2	84.5431
2	2	84.57364
2	2	84.59015
2	2	84.60998
2	2	84.63986
2	2	84.65445
2	2	84.67709
2	2	84.69918
3	2	84.72169
3	2	84.74454
3	2	84.76723
3	2	84.79572
3	2	84.81128
3	2	84.83308
4	2	84.85557
4	2	84.87765
4	2	84.89136
4	2	84.90353
4	2	84.91631
4	2	84.92945
4	2	84.95335
5	2	84.96822
5	2	84.98367
5	2	84.99904
5	2	85.01264
5	2	85.0276
5	2	85.03942
5	2	85.05309
5	2	85.06683
5	2	85.08062
6	2	85.10281
6	2	85.11562
6	2	85.13056
6	2	85.15298
6	2	85.16749
6	2	85.18418
6	2	85.2021
7	2	85.21724
7	2	85.23305
7	2	85.25434
7	2	85.26985
7	2	85.28341
7	2	85.30189
7	2	85.32497
8	2	85.34979
8	2	85.36985
8	2	85.39191
8	2	85.4197
8	2	85.436
9	2	85.45909
9	2	85.48059
9	2	85.50269
9	2	85.52553
9	2	85.54731
10	2	85.57687
10	2	85.59263
10	2	85.61517
10	2	85.63713
10	2	85.65961
10	2	85.68192
11	2	85.70572
11	2	85.73363
11	2	85.74919
11	2	85.771
11	2	85.78522
11	2	85.80914
12	2	85.82256
12	2	85.83619
12	2	85.84869
12	2	85.86262
12	2	85.89074
12	2	85.90542
12	2	85.92032
12	2	85.93452
13	2	85.95029
13	2	85.96486
13	2	85.97954
13	2	85.99249
13	2	86.00574
13	2	86.01993
13	2	86.04345
13	2	86.05814
14	2	86.07195
14	2	86.08637
14	2	86.09978
14	2	86.11383
14	2	86.12759
14	2	86.14091
14	2	86.15703
14	2	86.17132
15	2	86.19616
15	2	86.21018
15	2	86.22918
15	2	86.25163
15	2	86.27422
15	2	86.29637
16	2	86.31872
16	2	86.3418
16	2	86.36966
16	2	86.38505
16	2	86.40726
17	2	86.42998
17	2	86.45246
17	2	86.47496
17	2	86.49793
17	2	86.52584
17	2	86.54502
18	2	86.56403
18	2	86.58646
18	2	86.60883
18	2	86.63151
18	2	86.65422
19	2	86.67525
19	2	86.68861
19	2	86.70258
19	2	86.71539
19	2	86.72875
19	2	86.74196
19	2	86.75499
19	2	86.76712
19	2	86.78177
19	2	86.79399
18	2	86.8162
18	2	86.83619
18	2	86.84894
18	2	86.86317
18	2	86.89114
18	2	86.9081
17	2	86.9218
17	2	86.93867
17	2	86.95295
17	2	86.96807
17	2	86.98856
17	2	87.00231
17	2	87.01495
17	2	87.02802
16	2	87.04093
16	2	87.05547
16	2	87.07792
16	2	87.10036
16	2	87.1229
16	2	87.15205
15	2	87.16846
15	2	87.19002
15	2	87.21543
15	2	87.23483
15	2	87.25687
15	2	87.27922
14	2	87.30907
14	2	87.3238
14	2	87.34674
14	2	87.36826
14	2	87.39022
13	2	87.41289
13	2	87.43604
13	2	87.46475
13	2	87.48045
13	2	87.5033
13	2	87.52537
12	2	87.53777
12	2	87.54899
12	2	87.56169
11	2	87.67171
11	2	87.69421
11	2	87.70932
11	2	87.72165
11	2	87.73498
11	2	87.74741
11	2	87.76093
10	2	87.77402
10	2	87.78666
10	2	87.79935
10	2	87.81231
10	2	87.8265
10	2	87.84552
10	2	87.85919
10	2	87.87084
10	2	87.88397
9	2	87.89653
9	2	87.90919
9	2	87.92701
9	2	87.93951
9	2	87.95263
9	2	87.96503
9	2	87.97682
9	2	88.0003
9	2	88.01577
8	2	88.03834
8	2	88.0608
8	2	88.08358
8	2	88.10552
8	2	88.12814
7	2	88.15615
7	2	88.1731
7	2	88.19516
7	2	88.21722
7	2	88.23944
7	2	88.26198
7	3	88.28467
7	3	88.31345
7	3	88.32911
7	3	88.35124
7	3	88.3739
7	4	88.39639
7	4	88.4187
7	4	88.44154
7	4	88.46989
7	4	88.48245
7	4	88.49527
7	5	88.50851
7	5	88.52124
7	5	88.53436
7	5	88.54889
7	5	88.56341
7	5	88.57669
7	5	88.58938
7	5	88.60236
7	5	88.62148
7	6	88.63606
7	6	88.64798
7	6	88.66011
7	6	88.67203
7	6	88.68578
7	6	88.69955
7	6	88.71358
7	6	88.72733
7	6	88.73987
7	7	88.75439
7	7	88.77414
7	7	88.78746
7	7	88.80056
7	7	88.81509
7	7	88.82712
7	7	88.84267
7	7	88.8652
7	8	88.88683
7	8	88.91055
7	8	88.93881
7	8	88.95469
7	8	88.97696
7	9	88.99923
7	9	89.02197
7	9	89.04427
7	9	89.0666
7	9	89.09438
7	9	89.11089
7	10	89.13297
7	10	89.1556
7	10	89.17805
7	10	89.20051
7	10	89.22314
7	11	89.25332
7	11	89.26747
7	11	89.28941
7	11	89.30295
7	11	89.31556
7	11	89.32916
7	11	89.34467
7	11	89.35691
7	12	89.37064
7	12	89.38407
7	12	89.40646
7	12	89.4192
7	12	89.43407
7	12	89.44791
7	12	89.4614
7	12	89.47445
7	13	89.48786
7	13	89.50159
7	13	89.51434
7	13	89.52682
7	13	89.5406
7	13	89.5604
7	13	89.57293
7	13	89.58569
7	13	89.59975
7	14	89.61261
7	14	89.62463
7	14	89.64703
7	16	89.9551
7	17	89.98991
7	17	90.01185
7	17	90.0257
7	17	90.03759
7	17	90.0508
7	17	90.07109
7	17	90.09377
6	17	90.11601
6	17	90.14545
6	17	90.16267
6	17	90.18333
6	17	90.20611
5	17	90.22845
5	17	90.25011
5	17	90.27459
5	17	90.3024
4	17	90.43805
3	17	90.48528
3	17	90.50788
3	17	90.52727
3	17	90.55069
3	17	90.56813
3	17	90.58324
2	17	90.59832
2	17	90.62601
2	17	90.65205
2	17	90.68582
2	16	90.71953
2	16	90.75336
2	16	90.79381
2	16	90.81937
2	15	90.85277
2	15	90.88648
2	15	90.92114
2	14	90.9603
2	14	90.98702
2	14	91.02061
2	14	91.0542
2	14	91.0883
2	14	91.12826
2	14	91.1549
2	14	91.18876
2	14	91.22145
2	14	91.25654
2	14	91.29601
3	14	91.32166
3	14	91.35143
3	14	91.36871
3	14	91.38877
3	14	91.41166
3	14	91.43908
4	14	91.46317
4	14	91.48007
4	14	91.50131
4	14	91.52337
4	14	91.54594
4	14	91.56888
4	14	91.59617
4	14	91.61282
4	14	91.63442
3	14	91.65697
3	14	91.67918
3	14	91.70152
3	14	91.72413
3	14	91.75212
3	14	91.76857
2	14	91.79063
2	14	91.81356
2	14	91.83547
2	14	91.85797
2	14	91.88085
2	14	91.9105
2	14	91.92509
2	14	91.94711
2	14	91.9694
2	14	91.99182
2	14	92.01441
2	14	92.03765
2	14	92.06489
2	14	92.08269
2	14	92.10434
2	14	92.12704
2	14	92.14935
2	14	92.17142
2	14	92.19403
2	14	92.23055
2	14	92.24354
2	14	92.26102
2	14	92.28305
2	14	92.3055
2	14	92.32803
2	14	92.3503
2	14	92.37902
2	14	92.39484
2	14	92.41759
3	14	92.43923
3	14	92.46191
3	14	92.48416
3	14	92.50662
3	14	92.53574
3	14	92.55058
4	14	92.57328
4	14	92.58768
4	14	92.60114
4	14	92.61382
4	14	92.62864
4	14	92.64357
4	14	92.65609
4	14	92.67228
4	14	92.6918
4	14	92.70734
4	14	92.72323
4	14	92.73634
4	14	92.75388
4	14	92.76721
4	14	92.78069
4	14	92.79858
4	14	92.81142
4	13	92.82619
4	13	92.84705
4	13	92.86481
4	13	92.88121
4	13	92.89656
4	13	92.90937
4	13	92.92068
4	13	92.93485
4	11	93.26819
4	11	93.31203
4	11	93.33273
4	11	93.34651
4	11	93.36192
4	11	93.37566
4	11	93.38921
4	11	93.40302
4	11	93.43681
4	11	93.47564
4	11	93.50235
4	11	93.53595
4	11	93.57075
4	11	93.60445
4	11	93.64418
4	11	93.67129
4	12	93.70373
4	12	93.73717
4	12	93.77143
4	13	93.81084
4	13	93.83751
4	13	93.87173
4	13	93.90469
4	14	93.93905
4	14	93.98025
4	14	94.00562
4	14	94.03883
4	14	94.07265
4	14	94.10643
4	14	94.14448
3	14	94.17274
3	14	94.1964
3	14	94.21784
3	14	94.23972
3	14	94.26265
2	14	94.29089
2	14	94.30681
2	14	94.32898
2	14	94.35159
2	14	94.37397
2	14	94.39616
2	14	94.41883
2	14	94.44672
2	14	94.46305
2	14	94.48516
2	14	94.5074
2	14	94.53004
2	14	94.55255
2	15	94.57609
2	15	94.60468
2	15	94.61945
2	15	94.64215
2	15	94.66364
2	15	94.68574
2	16	94.70873
2	16	94.73179
2	16	94.75932
2	16	94.77608
2	16	94.79787
2	17	94.82001
2	17	94.84248
2	17	94.86511
2	17	94.88952
2	17	94.91579
2	17	94.93306
2	18	94.96049
2	18	94.98277
2	18	95.005
2	18	95.02745
2	18	95.05538
2	19	95.07854
2	19	95.09593
2	19	95.11224
2	19	95.13404
2	19	95.15638
2	19	95.17931
2	20	95.20132
2	20	95.22465
2	20	95.25294
2	20	95.27013
2	20	95.29002
2	20	95.31266
2	20	95.33502
2	20	95.36274
2	20	95.37966
3	20	95.41115
3	20	95.42639
3	20	95.44682
3	20	95.4654
3	20	95.47899
3	20	95.49251
4	20	95.50902
4	20	95.52532
4	20	95.55052
4	20	95.57836
4	20	95.59989
4	20	95.61282
4	20	95.6288
4	21	95.64565
4	21	95.66187
4	21	95.68024
4	21	95.69749
4	21	95.71483
4	21	95.74101
4	22	95.75698
4	22	95.77309
4	22	95.78829
4	22	95.80478
4	22	95.8206
4	22	95.83443
4	22	95.84729
4	22	95.86134
4	23	95.87531
4	23	95.89772
4	23	95.91772
4	23	95.93424
4	23	95.94967
4	23	95.97131
4	23	95.99429
4	23	96.01671
4	23	96.03931
4	23	96.06728
5	23	96.08512
5	23	96.10578
5	23	96.12835
5	23	96.15156
5	23	96.17275
5	23	96.19587
6	23	96.22407
6	23	96.23952
6	23	96.26196
6	23	96.28423
6	23	96.30706
7	23	96.32942
7	23	96.35307
7	23	96.38322
7	23	96.40089
7	23	96.41357
7	23	96.42635
7	23	96.43856
7	23	96.45406
7	23	96.4678
7	23	96.48139
7	23	96.49619
7	23	96.51111
7	20	96.84444
7	20	96.87883
7	19	96.89716
7	19	96.91206
7	19	96.92963
7	19	96.94213
7	19	96.95702
7	19	96.97099
7	19	96.98348
7	19	96.99664
7	18	97.01926
7	18	97.03514
7	18	97.04699
7	18	97.06134
7	18	97.07533
7	18	97.08828
7	18	97.10145
7	18	97.11341
7	18	97.12775
7	17	97.15063
7	17	97.17886
7	17	97.19511
7	17	97.21746
7	17	97.23983
7	17	97.26178
7	16	97.28425
7	16	97.3068
7	16	97.33624
7	16	97.35119
7	16	97.37301
7	17	97.39566
7	17	97.41794
7	17	97.44042
7	17	97.46337
7	17	97.49102
7	18	97.50967
7	18	97.52996
7	18	97.55215
7	18	97.57456
7	18	97.59694
7	18	97.6092
7	18	97.62122
7	19	97.63941
7	19	97.65195
7	19	97.66443
7	19	97.67701
7	19	97.68979
7	19	97.70269
7	19	97.71482
7	19	97.72856
7	19	97.74242
7	20	97.75473
7	20	97.76902
7	20	97.78127
7	20	97.80008
7	20	97.81349
7	20	97.82568
7	20	97.83753
7	20	97.84989
7	20	97.86283
7	21	97.88166
7	21	97.8942
7	21	97.90752
7	21	97.92021
7	21	97.93284
7	21	97.95115
7	21	97.96587
7	21	97.98837
7	22	98.01049
7	22	98.03239
7	22	98.05477
7	22	98.0769
7	22	98.10004
7	23	98.12716
7	23	98.14371
7	23	98.16666
7	23	98.18887
7	23	98.21104
7	23	98.23392
7	24	98.25631
7	24	98.28439
7	24	98.30085
7	24	98.32285
7	24	98.34546
7	25	98.36817
7	25	98.39037
7	25	98.41285
7	25	98.43954
7	25	98.45436
7	25	98.46655
7	25	98.479
7	26	98.49191
7	26	98.50602
7	26	98.51981
7	26	98.53561
7	26	98.55088
7	26	98.5652
7	26	98.58829
7	26	98.60432
7	27	98.61765
7	27	98.63028
7	27	98.64436
7	27	98.66107
7	27	98.67631
7	27	98.68907
7	27	98.70303
7	27	98.71645
7	28	98.7401
7	28	98.75821
7	28	98.7749
7	28	98.78747
7	28	98.80339
7	28	98.82638
7	28	98.84823
7	29	98.87108
7	29	98.90266
7	29	98.9607
7	30	98.97615
7	30	98.99131
7	30	99.00567
7	30	99.02713
7	30	99.05563
7	30	99.07262
7	30	99.09392
6	30	99.11591
6	30	99.1383
6	30	99.16066
6	30	99.18428
6	30	99.21272
5	30	99.22878
5	30	99.25063
5	30	99.27345
5	30	99.29627
5	30	99.31486
5	30	99.33117
4	30	99.34774
4	30	99.37466
4	30	99.39258
4	30	99.40993
4	30	99.42474
4	30	99.44255
4	30	99.45625
3	30	99.47527
3	30	99.48874
3	30	99.51078
3	30	99.54553
3	30	99.56939
2	30	99.58664
2	30	99.60233
2	30	99.61636
2	30	99.63273
2	30	99.64863
2	30	99.66235
2	30	99.69954
2	30	99.72471
2	30	99.73721
2	30	99.74913
2	30	99.76531
2	30	99.77847
2	30	99.79124
2	30	99.80418
2	30	99.81863
2	30	99.84721
2	29	99.8623
2	29	99.88533
2	29	99.90797
2	29	99.92997
2	29	99.95317
2	29	99.97645
2	28	100.0062
2	28	100.0223
2	28	100.0431
2	28	100.0657
2	28	100.0879
2	27	100.1182
2	27	100.1345
2	27	100.1601
2	27	100.1766
2	27	100.1991
2	27	100.2227
2	26	100.2445
2	26	100.2669
2	26	100.2905
2	26	100.3167
2	26	100.3372
2	25	100.3594
2	25	100.3738
2	25	100.387
2	25	100.4052
2	25	100.4241
2	25	100.4427
2	25	100.4696
2	24	100.4865
2	24	100.5004
2	24	100.5188
2	24	100.538
2	24	100.5509
2	24	100.582
2	23	100.5961
2	23	100.6193
2	23	100.6498
2	23	100.6669
2	23	100.6831
2	23	100.702
2	23	100.7149
2	23	100.7276
2	23	100.7429
2	23	100.7576
2	23	100.782
2	23	100.7987
2	23	100.8126
2	23	100.8252
2	23	100.8429
2	23	100.8661
2	23	100.888
3	23	100.911
3	23	100.9395
3	23	100.9563
3	23	100.9794
3	23	101.0016
3	23	101.0249
4	23	101.0468
4	23	101.0704
4	23	101.0983
4	23	101.1147
4	23	101.1378
5	23	101.1599
5	23	101.1818
5	23	101.2054
5	23	101.2279
5	23	101.2561
5	23	101.2718
6	23	101.2938
6	23	101.3116
6	23	101.3256
6	23	101.3389
6	23	101.3528
6	23	101.3691
6	23	101.3828
7	23	101.4019
7	23	101.4197
7	23	101.4324
7	23	101.4445
7	23	101.4572
7	23	101.469
7	23	101.4814
7	23	101.4949
7	23	101.51
7	23	101.5401
7	23	101.565
7	23	101.5802
7	23	101.5923
7	23	101.607
7	23	101.6201
7	23	101.6331
7	23	101.6466
7	23	101.6587
7	23	101.6711
7	23	101.6836
7	23	101.697
7	23	101.7402
7	23	101.7541
7	23	101.7659
7	23	101.7777
7	23	101.7968
7	23	101.8191
7	23	101.8415
7	23	101.8641
7	23	101.892
7	23	101.9088
7	23	101.9309
7	23	101.9529
7	23	101.9753
7	23	102.0136
7	23	102.0285
7	23	102.0547
7	23	102.0698
7	23	102.0877
7	23	102.1094
7	23	102.1321
7	23	102.1547
7	23	102.1767
7	23	102.1887
7	23	102.2067
7	23	102.2197
7	23	102.2319
7	23	102.2455
7	23	102.2576
7	23	102.2721
7	23	102.2856
7	23	102.2981
7	23	102.3116
7	23	102.3256
7	24	102.3957
7	24	102.418
7	24	102.4301
7	24	102.4436
7	24	102.4582
7	25	102.4707
7	25	102.4825
7	25	102.4948
7	25	102.5087
7	25	102.5217
7	25	102.5354
7	25	102.5487
7	25	102.5684
7	25	102.5804
7	26	102.5918
7	26	102.6037
7	26	102.6227
7	26	102.6453
7	26	102.6676
7	26	102.6901
7	27	102.7123
7	27	102.7415
7	27	102.7572
7	27	102.7798
7	27	102.8024
7	27	102.8246
7	28	102.8466
7	28	102.8695
7	28	102.8974
7	28	102.9135
7	28	102.936
7	29	102.9582
7	29	102.9804
7	29	103.0029
7	29	103.0258
7	29	103.0533
7	29	103.0705
7	30	103.0809
7	30	103.0929
7	30	103.104
7	30	103.1155
7	30	103.1275
7	30	103.1383
7	30	103.1497
7	30	103.162
7	30	103.174
7	30	103.1864
7	30	103.2065
8	30	103.2185
8	30	103.231
8	30	103.2445
8	30	103.2613
8	30	103.2774
8	30	103.2893
8	30	103.3021
8	30	103.3155
8	30	103.3327
9	30	103.3458
9	30	103.3703
9	30	103.3875
9	30	103.405
9	30	103.4173
9	30	103.4302
9	30	103.4446
9	30	103.4571
10	30	103.4689
10	30	103.4835
10	30	103.5066
10	30	103.5332
10	30	103.5502
10	30	103.5724
11	30	103.5949
11	30	103.6172
11	30	103.6399
11	30	103.6625
11	30	103.6907
11	30	103.7065
12	30	103.729
12	30	103.7514
12	30	103.7738
12	30	103.7965
12	30	103.8196
13	30	103.8479
13	30	103.8637
13	30	103.886
13	30	103.9081
13	30	103.9304
13	30	103.9533
13	30	103.9674
13	30	103.982
13	30	104.0064
13	29	104.0219
13	29	104.0349
13	29	104.0475
13	29	104.0664
13	29	104.0827
13	29	104.0947
13	29	104.1093
13	29	104.1231
13	29	104.1364
13	28	104.1592
13	28	104.1753
13	28	104.189
13	28	104.2016
13	28	104.2158
13	28	104.2291
13	28	104.2431
13	28	104.2548
13	27	104.2676
13	27	104.2794
13	27	104.2931
13	27	104.3154
13	27	104.3308
13	27	104.3433
13	27	104.3557
13	27	104.3679
13	26	104.3879
13	26	104.4103
12	26	104.5435
12	26	104.5902
12	26	104.611
12	26	104.6244
11	26	104.6388
11	26	104.6563
11	26	104.6786
11	26	104.7126
10	26	104.7516
10	26	104.7785
10	26	104.8122
10	26	104.8452
9	26	104.8794
9	26	104.9189
9	26	104.9467
9	26	104.9801
8	26	105.0137
8	26	105.0475
8	26	105.0869
8	26	105.1138
7	26	105.1479
7	26	105.1807
7	26	105.2154
6	26	105.2546
6	26	105.2813
6	26	105.3143
6	26	105.3483
5	26	105.3828
5	26	105.4229
5	26	105.4494
5	26	105.4718
4	26	105.4941
4	26	105.5156
4	26	105.5386
4	26	105.5653
4	26	105.5822
4	26	105.6061
3	26	105.6272
3	26	105.6495
3	26	105.6722
3	26	105.6949
3	26	105.7228
2	26	105.7384
2	26	105.761
2	26	105.7833
2	26	105.8064
2	26	105.828
2	26	105.8507
2	26	105.8799
2	26	105.8954
2	26	105.9177
2	26	105.9401
2	26	105.9623
2	26	105.9841
3	26	106.0074
3	26	106.0367
3	26	106.0515
3	26	106.0743
3	26	106.0959
4	26	106.1187
4	26	106.1411
4	26	106.1648
4	26	106.1923
4	26	106.2083
4	26	106.2306
5	26	106.2531
5	26	106.2757
5	26	106.2979
5	26	106.3206
5	26	106.3478
6	26	106.3648
6	26	106.3876
6	26	106.4098
6	26	106.4323
6	26	106.4546
6	26	106.4778
7	26	106.5052
7	26	106.5211
7	26	106.5432
7	26	106.5662
7	26	106.5884
8	26	106.6106
8	26	106.6335
8	26	106.6615
8	26	106.6776
8	26	106.7003
8	26	106.7124
8	26	106.7237
9	26	106.7349
9	26	106.747
9	26	106.7584
9	26	106.7714
9	26	106.784
9	26	106.8041
9	26	106.8169
9	26	106.8299
9	26	106.8467
10	26	106.8587
10	26	106.8711
10	26	106.8844
10	26	106.8979
10	26	106.9121
10	26	106.9246
10	26	106.9415
10	26	106.9632
11	26	106.9776
11	26	106.9912
11	26	107.0033
11	26	107.0152
11	26	107.0295
11	26	107.0425
11	26	107.0554
11	26	107.0695
11	26	107.0831
12	26	107.0974
12	26	107.1209
12	26	107.1361
12	26	107.1582
12	26	107.1799
12	26	107.2022
13	26	107.2249
13	26	107.2478
13	26	107.2763
13	26	107.2929
13	26	107.3145
13	26	107.3371
13	26	107.359
13	26	107.3813
13	26	107.4042
13	26	107.4329
12	26	107.5228
12	26	107.5371
12	26	107.5499
12	26	107.5616
11	26	107.5884
11	26	107.6048
11	26	107.6271
11	26	107.6433
11	26	107.6571
11	26	107.6696
11	26	107.6824
11	26	107.6949
10	26	107.7075
10	26	107.72
10	26	107.7391
10	26	107.7524
10	26	107.7658
10	26	107.7783
10	26	107.7896
10	26	107.8015
10	26	107.8137
9	26	107.8262
9	26	107.8386
9	26	107.8505
9	26	107.868
9	26	107.8809
9	26	107.931
8	26	107.9482
8	26	107.9615
8	26	107.9739
8	26	107.9876
8	26	107.9987
8	26	108.0179
8	26	108.0405
7	26	108.0699
7	26	108.0849
7	26	108.1078
7	26	108.1302
7	26	108.1523
7	26	108.1752
7	25	108.1974
7	25	108.2254
7	25	108.242
7	25	108.2636
7	25	108.2856
7	24	108.3086
7	24	108.3309
7	24	108.3543
7	24	108.3821
7	24	108.398
7	24	108.4202
7	23	108.4424
7	23	108.4646
7	23	108.4869
7	23	108.5019
7	23	108.5142
7	23	108.5337
7	23	108.5483
6	23	108.5603
6	23	108.5728
6	23	108.5854
6	23	108.5977
6	23	108.6105
6	23	108.6223
6	23	108.6346
6	23	108.6486
6	23	108.6618
5	23	108.6739
5	23	108.6926
5	23	108.7068
5	23	108.7207
5	23	108.732
5	23	108.7455
5	23	108.7578
5	23	108.7701
5	23	108.7827
5	23	108.7953
4	23	108.8078
4	23	108.8207
4	23	108.8338
4	23	108.8536
4	23	108.8669
4	23	108.8888
4	23	108.9111
3	23	108.9341
3	23	108.9567
3	23	108.9788
3	23	109.0014
3	23	109.0313
2	23	109.0457
2	23	109.0683
2	23	109.0903
2	23	109.1133
2	23	109.1356
2	23	109.1583
2	24	109.1974
2	24	109.2116
2	24	109.2306
2	24	109.2471
2	24	109.2689
2	25	109.2911
2	25	109.3146
2	25	109.336
2	25	109.3488
2	25	109.3626
2	25	109.3759
2	25	109.3964
2	26	109.4096
2	26	109.4258
2	26	109.4404
2	26	109.4647
2	26	109.4945
2	26	109.5068
2	26	109.5286
3	26	109.5413
3	26	109.5618
3	26	109.5735
3	26	109.5858
3	26	109.5979
3	26	109.6105
3	26	109.623
3	26	109.6431
4	26	109.6559
4	26	109.6707
4	26	109.688
4	26	109.7016
4	26	109.716
4	26	109.7428
4	26	109.7609
5	26	109.7832
5	26	109.8117
5	26	109.8276
5	26	109.8499
5	26	109.872
5	26	109.8943
6	26	109.9165
6	26	109.9393
6	26	109.9686
6	26	109.9844
6	26	110.0069
7	26	110.0285
7	26	110.0514
7	26	110.0736
7	26	110.0961
7	26	110.1305
8	26	110.1436
8	26	110.1625
8	26	110.1846
8	26	110.2076
8	26	110.2296
8	26	110.2434
8	26	110.2574
9	26	110.2789
9	26	110.291
9	26	110.3035
9	26	110.3171
9	26	110.3317
9	26	110.3519
9	26	110.3642
9	26	110.3774
10	26	110.3903
10	26	110.4033
10	26	110.4178
10	26	110.4404
10	26	110.4554
10	26	110.4739
10	26	110.4879
10	25	110.5102
10	25	110.5241
10	25	110.538
10	25	110.5594
10	25	110.5753
10	25	110.5994
10	25	110.6154
10	25	110.6283
10	24	110.641
10	24	110.6548
10	24	110.6767
10	24	110.6992
10	24	110.7215
10	24	110.7443
10	23	110.7726
10	23	110.7888
10	23	110.8112
10	23	110.833
10	23	110.8557
10	23	110.8784
10	23	110.9007
10	23	110.928
10	23	110.945
10	23	110.9674
10	23	110.9891
11	23	111.0116
11	23	111.0334
11	23	111.056
11	23	111.0814
11	23	111.0977
11	23	111.1098
11	23	111.1215
12	23	111.1341
12	23	111.1475
12	23	111.1604
12	23	111.1763
12	23	111.1928
12	23	111.2053
12	23	111.2189
12	23	111.2417
13	23	111.2577
13	23	111.2694
13	23	111.2819
13	23	111.297
13	23	111.3138
13	23	111.3284
13	23	111.3431
13	23	111.356
13	23	111.3696
13	23	111.3937
13	23	111.4115
13	23	111.4237
13	23	111.4361
13	22	111.4581
13	22	111.4806
13	22	111.5032
13	22	111.5256
13	22	111.5532
13	21	111.5698
13	21	111.5921
13	21	111.6146
13	21	111.637
13	21	111.6591
13	21	111.682
13	20	111.7125
13	20	111.7285
13	20	111.7483
13	20	111.7705
13	20	111.7929
13	20	111.8155
12	20	111.8388
12	20	111.8667
12	20	111.8832
10	20	112.0795
10	20	112.1186
10	20	112.1447
10	20	112.1582
10	20	112.1718
10	20	112.1861
10	19	112.2002
10	19	112.2144
10	19	112.2272
10	19	112.2425
10	19	112.2624
10	19	112.283
10	19	112.298
10	19	112.3121
10	18	112.3257
10	18	112.3385
10	18	112.3583
10	18	112.3717
10	18	112.3853
10	18	112.3991
10	18	112.4186
10	18	112.4338
10	17	112.4484
10	17	112.4621
10	17	112.4793
10	17	112.4956
10	17	112.5078
10	17	112.5303
10	17	112.5526
10	16	112.5813
10	16	112.5977
10	16	112.6221
10	16	112.6416
10	16	112.6642
10	15	112.6864
10	15	112.7147
10	15	112.7397
10	15	112.7541
10	15	112.7766
10	15	112.7991
10	14	112.8213
10	14	112.8436
10	14	112.8672
10	14	112.8937
10	14	112.9102
11	14	112.9321
11	14	112.9544
11	14	112.9782
11	14	113.0003
11	14	113.0161
11	14	113.0303
12	14	113.0558
12	14	113.0767
12	14	113.0921
12	14	113.109
12	14	113.1407
12	14	113.1543
12	14	113.1688
13	14	113.1826
13	14	113.2066
13	14	113.2248
13	14	113.2409
13	14	113.2545
13	14	113.267
13	14	113.2793
13	14	113.2919
14	14	113.3047
14	14	113.3185
14	14	113.3342
14	14	113.3587
14	14	113.3746
14	14	113.3882
14	14	113.4008
15	14	113.4192
15	14	113.433
15	14	113.464
15	14	113.4801
15	14	113.497
15	14	113.5215
15	14	113.5384
16	14	113.5507
16	14	113.569
16	14	113.5911
16	14	113.614
16	14	113.6364
16	14	113.6591
17	14	113.6875
17	14	113.7031
17	14	113.726
17	14	113.7483
17	14	113.7706
18	14	113.7928
18	14	113.8163
