x	y	time
15	11	0.0632108
15	11	0.0717909
15	11	0.0788327
15	11	0.0858807
15	11	0.0939913
15	11	0.100925
15	11	0.1112517
15	11	0.1225286
15	11	0.1339178
15	11	0.148408
15	11	0.1583488
15	11	0.1671921
15	11	0.1779976
15	11	0.1890679
15	11	0.2006537
15	11	0.2116569
15	11	0.2232441
15	11	0.2341385
15	11	0.2456896
15	11	0.2565851
15	11	0.2677303
15	11	0.2790434
15	11	0.2909688
15	11	0.3081481
15	11	0.316292
15	11	0.3243386
15	11	0.3356648
15	11	0.3464567
15	11	0.3574242
15	11	0.3689775
15	11	0.3797573
15	11	0.3907337
15	11	0.4016249
15	11	0.4131169
15	11	0.4242423
15	11	0.4356642
15	11	0.4469957
15	11	0.4596067
15	11	0.4698957
15	11	0.4806656
15	11	0.4916792
15	11	0.5032836
15	11	0.5143696
15	11	0.5252712
15	11	0.5368683
15	11	0.5478958
15	11	0.558758
15	11	0.5712388
15	11	0.582626
15	11	0.5925713
15	11	0.6036395
15	11	0.6157237
15	11	0.6260833
15	11	0.6370918
15	11	0.6483006
15	11	0.6592031
15	11	0.6705465
15	11	0.6820003
15	11	0.6947013
15	11	0.7059698
15	11	0.7174258
15	11	0.729247
15	11	0.7406887
15	11	0.7519231
15	11	0.763454
15	11	0.7756718
15	11	0.7864335
15	11	0.7972662
15	11	0.8086497
15	11	0.8200969
15	11	0.831508
15	11	0.8429753
15	11	0.8546667
15	11	0.8655866
15	11	0.8769464
15	11	0.8882868
15	11	0.8996356
15	11	0.9108192
15	11	0.9228938
15	11	0.9358545
15	11	0.9444005
15	11	0.95487
15	11	0.9661201
15	11	0.9771194
15	11	0.9886268
15	11	0.99967
15	11	1.01104
15	11	1.022426
15	11	1.033594
15	11	1.044714
15	11	1.055709
15	11	1.066622
15	11	1.078458
15	11	1.092925
15	11	1.100809
15	11	1.110305
15	11	1.121277
15	11	1.132193
15	11	1.143283
15	11	1.15517
15	11	1.166226
15	11	1.177095
15	11	1.188396
15	11	1.199585
15	11	1.210568
15	11	1.22229
15	11	1.233114
15	11	1.245479
15	11	1.255238
15	11	1.266289
15	11	1.277303
15	11	1.288999
15	11	1.300219
15	11	1.311105
15	11	1.322325
15	11	1.333372
15	11	1.345037
15	11	1.355942
15	11	1.367182
15	11	1.378228
15	11	1.389922
15	11	1.402617
15	11	1.411655
15	11	1.422656
15	11	1.433764
15	11	1.445214
15	11	1.456351
15	11	1.467401
15	11	1.478765
15	11	1.490218
15	11	1.501732
15	11	1.512911
15	11	1.524505
15	11	1.536131
15	11	1.548567
15	11	1.562239
15	11	1.570296
15	11	1.579452
15	11	1.590763
15	11	1.60149
15	11	1.612741
15	11	1.623759
15	11	1.634987
15	11	1.646118
15	11	1.657078
15	11	1.668269
15	11	1.679698
15	11	1.690709
15	11	1.702162
15	11	1.714467
15	11	1.724554
15	11	1.735645
15	11	1.746988
15	11	1.758163
15	11	1.769156
15	11	1.780198
15	11	1.791502
15	11	1.802595
15	11	1.813833
15	11	1.824815
15	11	1.835924
15	11	1.847226
15	11	1.858742
15	11	1.872675
15	11	1.880758
15	11	1.891708
15	11	1.902873
15	11	1.914179
15	11	1.925538
15	11	1.937154
15	11	1.948408
15	11	1.959439
15	11	1.970876
15	11	1.981783
15	11	1.993103
15	11	2.004202
15	11	2.015352
15	11	2.027602
15	11	2.037703
15	11	2.0485
15	11	2.059745
15	11	2.070949
15	11	2.08223
15	11	2.093011
15	11	2.104557
15	11	2.116109
15	11	2.127089
15	11	2.138647
15	11	2.149545
15	11	2.160724
15	11	2.172215
15	11	2.186639
15	11	2.194498
15	11	2.205123
15	11	2.216112
15	11	2.227423
15	11	2.238962
15	11	2.250171
15	11	2.260984
15	11	2.272469
15	11	2.283059
15	11	2.293909
15	11	2.305203
15	11	2.316453
15	11	2.327735
15	11	2.340407
15	11	2.349954
15	11	2.36112
15	11	2.372967
15	11	2.383784
15	11	2.395052
15	11	2.406348
15	11	2.4177
15	11	2.428493
15	11	2.439745
15	11	2.450536
15	11	2.461703
15	11	2.472928
15	11	2.484225
15	11	2.496744
15	11	2.506383
15	11	2.517476
15	11	2.528847
15	11	2.540389
15	11	2.550939
15	11	2.562661
15	11	2.57383
15	11	2.584943
15	11	2.597243
15	11	2.608505
15	11	2.618753
15	11	2.630209
15	11	2.641776
15	11	2.653725
15	11	2.66424
15	11	2.675443
15	11	2.686515
15	11	2.697688
15	11	2.708911
15	11	2.720408
15	11	2.731519
15	11	2.742605
15	11	2.754277
15	11	2.765125
15	11	2.776563
15	11	2.78833
15	11	2.799429
15	11	2.812429
15	11	2.821176
15	11	2.831895
15	11	2.84292
15	11	2.854382
15	11	2.865512
15	11	2.876446
15	11	2.88749
15	11	2.898641
15	11	2.909808
15	11	2.921325
15	11	2.932057
15	11	2.943133
15	11	2.955309
15	11	2.96859
15	11	2.977133
15	11	2.987657
15	11	2.998689
15	11	3.010751
15	11	3.021819
15	11	3.032915
15	11	3.044378
15	11	3.055599
15	11	3.066107
15	11	3.077331
15	11	3.088677
15	11	3.09932
15	11	3.11077
15	11	3.122967
15	11	3.133147
15	11	3.143714
15	11	3.155211
15	11	3.166251
15	11	3.177346
15	11	3.188673
15	11	3.199782
15	11	3.210702
15	11	3.22221
15	11	3.23294
15	11	3.243956
15	11	3.255405
15	11	3.266545
15	11	3.279305
15	11	3.289142
15	11	3.300169
15	11	3.311509
15	11	3.322588
15	11	3.336908
15	11	3.345387
15	11	3.356679
15	11	3.367689
15	11	3.378925
15	11	3.39055
15	11	3.401195
15	11	3.41235
15	11	3.423897
15	11	3.435848
15	11	3.445744
15	11	3.456941
15	11	3.467892
15	11	3.479171
15	11	3.490327
15	11	3.501394
15	11	3.512619
15	11	3.523763
15	11	3.53477
16	11	3.545961
16	11	3.557053
16	11	3.568398
16	11	3.579811
16	11	3.595189
16	11	3.60504
16	11	3.612167
16	11	3.622985
16	11	3.633756
16	11	3.644982
16	11	3.656287
17	11	3.667202
17	11	3.678745
17	11	3.689984
17	11	3.701026
17	11	3.712317
17	11	3.723936
17	11	3.735046
17	11	3.749906
17	11	3.759994
17	11	3.768432
17	11	3.779501
18	11	3.790458
18	11	3.801491
18	11	3.812606
18	11	3.824122
18	11	3.834994
18	11	3.846289
18	11	3.85725
18	11	3.868368
18	11	3.880511
18	11	3.89129
19	11	3.9071
19	11	3.916344
19	11	3.92469
19	11	3.935474
19	11	3.946798
19	11	3.95908
19	11	3.969777
19	11	3.980799
19	11	3.99391
19	11	4.003324
19	11	4.014157
19	11	4.025146
20	11	4.036209
20	11	4.047677
20	11	4.065287
20	11	4.07737
20	11	4.084889
20	11	4.093206
20	11	4.100839
20	11	4.110898
20	11	4.122225
20	11	4.133279
20	11	4.144577
21	11	4.155956
21	11	4.167
21	11	4.178154
21	11	4.189531
21	11	4.200686
21	11	4.215698
21	11	4.226026
21	11	4.233973
21	11	4.245349
21	11	4.256892
21	11	4.267765
22	11	4.278835
22	11	4.290538
22	11	4.301421
22	11	4.312823
22	11	4.324046
22	11	4.335066
22	11	4.346131
22	11	4.35783
22	11	4.373128
22	11	4.382526
22	11	4.391148
23	11	4.401681
23	11	4.412905
23	11	4.424059
23	11	4.435405
23	11	4.446983
23	11	4.458288
23	11	4.469565
23	11	4.481167
23	11	4.492665
23	11	4.503875
23	11	4.515433
24	11	4.530432
24	11	4.541572
24	11	4.551708
24	11	4.560755
24	11	4.571743
24	11	4.582634
24	11	4.594038
24	11	4.604984
24	11	4.616146
24	11	4.627753
25	11	4.639551
25	11	4.649523
25	11	4.660781
25	11	4.672438
25	11	4.687584
25	11	4.697396
25	11	4.705491
25	11	4.71623
25	11	4.727466
25	11	4.738729
25	11	4.749775
26	11	4.76119
26	11	4.772385
26	11	4.783934
26	11	4.795043
26	11	4.806481
26	11	4.817533
26	11	4.829044
26	11	4.848727
26	11	4.860341
26	11	4.868092
26	11	4.875087
27	11	4.883012
27	11	4.893169
27	11	4.903983
27	11	4.915408
27	11	4.92652
27	11	4.937602
27	11	4.94872
27	11	4.959975
27	11	4.971436
27	11	4.98268
27	11	4.998043
27	10	5.00763
27	10	5.015949
27	10	5.02703
27	10	5.037743
27	10	5.04926
27	10	5.05998
27	10	5.071204
27	10	5.082289
27	10	5.093493
27	10	5.104974
27	10	5.116213
27	9	5.127087
27	9	5.138517
27	9	5.153579
27	9	5.163154
27	9	5.174491
27	9	5.182859
27	9	5.19461
27	9	5.205411
27	9	5.216518
27	9	5.227452
27	9	5.238695
27	8	5.249986
27	8	5.261433
27	8	5.272839
27	8	5.28468
27	8	5.296629
27	8	5.313423
27	8	5.323819
27	8	5.33202
27	8	5.34135
27	8	5.352228
27	8	5.363478
26	8	5.374646
26	8	5.385707
26	8	5.396996
26	8	5.408552
26	8	5.419387
26	8	5.430653
26	8	5.441808
26	8	5.453447
26	8	5.46769
26	8	5.477753
26	8	5.486647
25	8	5.497996
25	8	5.509022
25	8	5.520421
25	8	5.531582
25	8	5.543263
25	8	5.554044
25	8	5.565149
25	8	5.576301
25	8	5.587212
25	8	5.598315
25	8	5.60988
25	8	5.625549
25	8	5.635694
25	8	5.643241
25	8	5.654401
25	8	5.665387
25	8	5.676765
25	8	5.687937
25	8	5.699105
25	7	5.710449
25	7	5.721882
25	7	5.732984
25	7	5.74402
25	7	5.755508
25	7	5.76668
25	7	5.781434
25	7	5.79172
25	7	5.800307
25	7	5.811553
25	7	5.822662
25	6	5.83396
25	6	5.845133
25	6	5.856547
25	6	5.867395
25	6	5.878479
25	6	5.889493
25	6	5.901344
25	6	5.912227
25	6	5.923716
25	6	5.938402
25	6	5.948619
25	5	5.956566
25	5	5.967355
25	5	5.97856
25	5	5.989965
25	5	6.001151
25	5	6.012485
25	5	6.023974
25	5	6.035183
25	5	6.046444
25	5	6.05763
25	5	6.068685
25	5	6.080211
26	5	6.096876
26	5	6.107455
26	5	6.114843
26	5	6.124006
26	5	6.134781
26	5	6.145991
26	5	6.157305
26	5	6.168109
26	5	6.179508
26	5	6.190609
26	5	6.201856
26	5	6.213028
27	5	6.224264
27	5	6.236125
27	5	6.252085
27	5	6.26182
27	5	6.269063
27	5	6.279458
27	5	6.291197
27	5	6.302145
27	5	6.313476
27	5	6.324708
27	5	6.336091
27	5	6.347081
27	4	6.358277
27	4	6.369322
27	4	6.380959
27	4	6.392334
27	4	6.408935
27	4	6.418549
27	4	6.426371
27	4	6.43608
27	4	6.446947
27	4	6.458101
27	4	6.469471
27	3	6.480557
27	3	6.491852
27	3	6.502669
27	3	6.513858
27	3	6.525411
27	3	6.536652
27	3	6.547915
27	3	6.564157
27	3	6.574174
27	3	6.581505
27	3	6.59211
27	2	6.603163
27	2	6.614171
27	2	6.625911
27	2	6.636768
27	2	6.648144
27	2	6.660404
27	2	6.671333
27	2	6.682117
27	2	6.693367
27	2	6.704808
27	2	6.72276
27	2	6.734248
27	2	6.741641
27	2	6.749434
27	2	6.757805
27	2	6.768594
26	2	6.780399
26	2	6.791406
26	2	6.802365
26	2	6.81356
26	2	6.825139
26	2	6.835943
26	2	6.84692
26	2	6.858985
26	2	6.874324
26	2	6.885051
26	2	6.89258
25	2	6.902954
25	2	6.914471
25	2	6.925783
25	2	6.936585
25	2	6.948003
25	2	6.959184
25	2	6.970436
25	2	6.981571
25	2	6.992791
25	2	7.003702
25	2	7.015125
24	2	7.029263
24	2	7.038952
24	2	7.048431
24	2	7.060291
24	2	7.070903
24	2	7.081946
24	2	7.093191
24	2	7.10428
24	2	7.115942
24	2	7.127389
23	2	7.138592
23	2	7.150286
23	2	7.16144
23	2	7.173378
23	2	7.188924
23	2	7.199636
23	2	7.207627
23	2	7.218781
23	2	7.230075
23	2	7.241604
23	2	7.252772
22	2	7.264087
22	2	7.275522
22	2	7.286647
22	2	7.297659
22	2	7.309376
22	2	7.32008
22	2	7.331356
22	2	7.347034
22	2	7.356319
22	2	7.364282
22	2	7.375575
22	3	7.386343
22	3	7.397639
22	3	7.409081
22	3	7.419856
22	3	7.431063
22	3	7.442257
22	3	7.45323
22	3	7.464414
22	3	7.475856
22	3	7.487056
22	3	7.502177
22	4	7.51181
22	4	7.520288
22	4	7.531409
22	4	7.543373
22	4	7.554229
22	4	7.566095
22	4	7.576681
22	4	7.587885
22	4	7.598956
22	4	7.610318
22	4	7.621387
22	5	7.632477
22	5	7.644644
22	5	7.66522
22	5	7.676819
22	5	7.684157
22	5	7.691568
22	5	7.69921
22	5	7.707485
22	5	7.718666
22	5	7.729827
22	5	7.740969
23	5	7.752007
23	5	7.763468
23	5	7.77419
23	5	7.785461
23	5	7.79751
23	5	7.816467
24	5	7.877892
24	5	7.88751
24	5	7.896981
24	5	7.903877
24	5	7.910765
24	5	7.919949
24	5	7.930845
24	5	7.941568
24	5	7.953645
24	5	7.96951
24	5	7.978892
24	5	7.986782
25	5	7.997492
25	5	8.008967
25	5	8.019869
25	5	8.030955
25	5	8.042343
25	5	8.053231
25	5	8.064459
25	5	8.075754
25	5	8.086551
25	5	8.097774
25	5	8.109732
24	5	8.123609
24	5	8.131506
24	5	8.142592
24	5	8.153643
24	5	8.164812
24	5	8.176331
24	5	8.187586
24	5	8.198598
24	5	8.209905
24	5	8.221034
24	5	8.232104
23	5	8.243597
23	5	8.254426
23	5	8.266205
23	5	8.278113
23	5	8.288049
23	5	8.299159
23	5	8.310183
23	5	8.321493
23	5	8.33275
23	5	8.344214
23	5	8.355205
22	5	8.366448
22	5	8.377807
22	5	8.388923
22	5	8.400458
22	5	8.411205
22	5	8.422694
22	5	8.435009
22	5	8.444759
22	5	8.455918
22	5	8.466901
22	5	8.478282
22	6	8.489903
22	6	8.50129
22	6	8.512443
22	6	8.523504
22	6	8.534813
22	6	8.547368
22	6	8.560352
22	6	8.573298
22	6	8.589712
22	6	8.601976
22	6	8.609152
22	6	8.616696
22	6	8.625724
22	6	8.636357
22	6	8.647243
22	6	8.65837
22	6	8.669525
22	6	8.680458
22	6	8.692744
22	6	8.702957
22	6	8.714052
22	6	8.725867
22	7	8.740938
22	7	8.751918
22	7	8.762576
22	7	8.770568
22	7	8.781281
22	7	8.793434
22	7	8.803658
22	7	8.814647
22	7	8.8262
22	7	8.837455
22	7	8.848409
22	8	8.859896
22	8	8.870774
22	8	8.882291
22	8	8.898584
22	8	8.908715
22	8	8.915648
22	8	8.92688
22	8	8.937793
22	8	8.948808
22	8	8.960533
22	9	8.971567
22	9	8.982648
22	9	8.993903
22	9	9.005306
22	9	9.01643
22	9	9.027901
22	9	9.039064
22	9	9.057305
22	9	9.06882
22	9	9.076324
22	9	9.084725
22	9	9.092844
22	10	9.10376
22	10	9.114922
22	10	9.126246
22	10	9.137409
22	10	9.14831
22	10	9.159764
22	10	9.170756
22	10	9.181742
22	10	9.193789
22	10	9.206416
22	11	9.21568
22	11	9.226913
22	11	9.23784
22	11	9.248859
22	11	9.260419
22	11	9.271308
22	11	9.282384
22	11	9.293708
22	11	9.304615
22	11	9.315821
22	11	9.327035
22	12	9.338087
22	12	9.349612
22	12	9.365376
22	12	9.375484
22	12	9.382929
22	12	9.394429
22	12	9.405379
22	12	9.416361
22	12	9.427946
22	12	9.439544
22	12	9.451065
22	13	9.462448
22	13	9.474113
22	13	9.485622
22	13	9.497079
22	13	9.508712
22	13	9.526849
22	13	9.538577
22	13	9.545889
22	13	9.55222
22	13	9.562092
22	13	9.572982
22	14	9.584179
22	14	9.595358
22	14	9.60649
22	14	9.61774
22	14	9.62888
22	14	9.639714
22	14	9.650796
22	14	9.662727
22	14	9.678208
22	14	9.687615
22	14	9.69579
22	15	9.706573
22	15	9.717769
22	15	9.729357
22	15	9.7402
22	15	9.751519
22	15	9.762686
22	15	9.77388
22	15	9.785233
22	15	9.7967
22	15	9.807528
22	15	9.819083
22	16	9.834266
22	16	9.844247
22	16	9.852312
22	16	9.863375
22	16	9.874714
22	16	9.885613
22	16	9.896932
22	16	9.908279
22	16	9.919801
22	16	9.931037
22	16	9.942735
23	16	9.953991
23	16	9.965279
23	16	9.977298
23	16	9.990932
23	16	10.00492
23	16	10.01244
23	16	10.02142
23	16	10.0327
23	16	10.044
23	16	10.05504
23	16	10.06626
24	16	10.07788
24	16	10.08882
24	16	10.10009
24	16	10.11183
24	16	10.12247
24	16	10.13392
24	16	10.15059
24	16	10.16153
24	16	10.16833
24	16	10.1785
24	16	10.18945
25	16	10.20058
25	16	10.21196
25	16	10.22305
25	16	10.23409
25	16	10.24552
25	16	10.25628
25	16	10.26713
25	16	10.27872
25	16	10.29021
25	16	10.31146
26	16	10.32247
26	16	10.33018
26	16	10.33805
26	16	10.34503
26	16	10.35445
26	16	10.36588
26	16	10.37681
26	16	10.38845
26	16	10.39984
26	16	10.41128
26	16	10.42166
26	16	10.43292
27	16	10.44482
27	16	10.45979
27	16	10.46993
27	16	10.47942
27	16	10.48846
27	16	10.49945
27	16	10.51066
27	16	10.52181
27	16	10.53316
27	16	10.5447
27	16	10.55562
27	15	10.56698
27	15	10.57836
27	15	10.58907
27	15	10.60059
27	15	10.617
27	15	10.6274
27	15	10.63436
27	15	10.64535
27	15	10.65663
27	15	10.66776
27	15	10.6788
27	14	10.68964
27	14	10.70076
27	14	10.71323
27	14	10.72473
27	14	10.73431
27	14	10.74575
27	14	10.757
27	14	10.77191
27	14	10.78252
27	14	10.79116
27	14	10.80294
27	13	10.81396
27	13	10.82553
27	13	10.83676
27	13	10.8482
27	13	10.8594
27	13	10.87056
27	13	10.88165
27	13	10.89294
27	13	10.90423
27	13	10.91589
27	13	10.93124
27	13	10.94063
27	13	10.94912
27	13	10.96007
27	13	10.97126
26	13	10.98244
26	13	10.994
26	13	11.00515
26	13	11.01645
26	13	11.02762
26	13	11.0387
26	13	11.04971
26	13	11.06153
26	13	11.07242
26	13	11.08777
26	13	11.09766
25	13	11.10588
25	13	11.11707
25	13	11.1282
25	13	11.13942
25	13	11.15055
25	13	11.16204
25	13	11.17289
25	13	11.18401
25	13	11.19579
25	13	11.20635
25	13	11.21755
25	13	11.22941
25	13	11.24418
25	13	11.25496
25	13	11.26306
25	13	11.2739
25	12	11.28491
25	12	11.29619
25	12	11.30773
25	12	11.31882
25	12	11.33016
25	12	11.34116
25	12	11.35298
25	12	11.36382
25	12	11.37477
25	12	11.38626
25	12	11.40209
25	11	11.41166
25	11	11.41903
25	11	11.42998
25	11	11.44099
25	11	11.45229
25	11	11.46348
25	11	11.47475
25	11	11.48575
25	11	11.49699
25	11	11.5077
25	11	11.51877
25	10	11.53018
25	10	11.54162
25	10	11.55735
25	10	11.56776
25	10	11.57465
25	10	11.58564
25	10	11.59713
25	10	11.60817
25	10	11.61939
25	10	11.63077
25	10	11.6418
25	10	11.65294
25	10	11.66432
25	10	11.6755
25	10	11.68665
25	10	11.69813
25	10	11.70985
25	10	11.71983
25	10	11.7312
25	10	11.74201
25	10	11.75317
25	11	11.76438
25	11	11.77535
25	11	11.7866
25	11	11.79768
25	11	11.80865
25	11	11.82012
25	11	11.83121
25	11	11.84243
25	11	11.85366
25	11	11.86561
25	11	11.87594
25	12	11.88746
25	12	11.8986
25	12	11.90984
25	12	11.92122
25	12	11.9325
25	12	11.94356
25	12	11.95528
25	12	11.96682
25	12	11.97815
25	12	11.98926
25	12	12.00079
25	13	12.0126
25	13	12.02415
25	13	12.03476
25	13	12.04625
25	13	12.05736
25	13	12.0689
25	13	12.0802
25	13	12.09137
25	13	12.10243
25	13	12.11418
25	13	12.12539
25	13	12.13659
25	13	12.14763
25	13	12.15843
25	13	12.1702
25	13	12.18368
25	13	12.19214
25	13	12.20222
26	13	12.21364
26	13	12.22495
26	13	12.23676
26	13	12.24774
26	13	12.25835
26	13	12.26954
26	13	12.28101
26	13	12.29207
26	13	12.30323
26	13	12.3144
26	13	12.32582
27	13	12.33829
27	13	12.34799
27	13	12.35871
27	13	12.36969
27	13	12.38071
27	13	12.39186
27	13	12.40338
27	13	12.41447
27	13	12.42591
27	13	12.4372
27	13	12.44813
27	13	12.45973
27	13	12.47086
27	13	12.48209
27	13	12.49636
27	13	12.50496
27	13	12.51486
27	13	12.52593
27	13	12.53723
27	13	12.54849
27	13	12.55927
27	13	12.57047
27	13	12.58156
27	13	12.59267
27	13	12.60378
27	14	12.61488
27	14	12.626
27	14	12.63758
27	14	12.65013
27	14	12.65959
27	14	12.67092
27	14	12.68225
27	14	12.6933
27	14	12.7046
27	14	12.71559
27	15	12.72691
27	15	12.73896
27	15	12.7497
27	15	12.76075
27	15	12.77186
27	15	12.78306
27	15	12.79479
27	15	12.80754
27	15	12.81668
27	15	12.82773
27	15	12.83877
27	16	12.84984
27	16	12.86107
27	16	12.87218
27	16	12.88348
27	16	12.89494
27	16	12.9065
27	16	12.91798
27	16	12.92933
27	16	12.94053
27	16	12.95179
27	16	12.96322
27	17	12.97435
27	17	12.98506
27	17	12.99656
27	17	13.00751
27	17	13.01877
27	17	13.02991
27	17	13.04131
27	17	13.05195
27	17	13.06337
27	17	13.07475
27	17	13.08617
27	18	13.09748
27	18	13.10872
27	18	13.12741
27	18	13.13903
27	18	13.14559
27	18	13.15165
27	18	13.15895
27	18	13.16986
27	18	13.18097
27	18	13.19259
27	18	13.20398
27	19	13.21571
27	19	13.22623
27	19	13.23736
27	19	13.24816
27	19	13.25947
27	19	13.27465
27	19	13.28559
27	19	13.29253
27	19	13.30345
27	19	13.31524
27	19	13.32579
27	19	13.33717
26	19	13.34808
26	19	13.35941
26	19	13.37093
26	19	13.38199
26	19	13.39335
26	19	13.4048
26	19	13.41624
26	19	13.43115
26	19	13.4401
26	19	13.44955
26	19	13.45996
25	19	13.47126
25	19	13.48262
25	19	13.49365
25	19	13.50502
25	19	13.51616
25	19	13.52742
25	19	13.53872
25	19	13.54967
25	19	13.5613
25	19	13.57308
25	20	13.58845
25	20	13.60266
25	20	13.60999
25	20	13.61727
25	20	13.62825
25	20	13.63923
25	20	13.65053
25	20	13.66189
25	20	13.67277
25	20	13.68407
25	20	13.69567
25	21	13.70674
25	21	13.71791
25	21	13.72945
25	21	13.74446
25	21	13.75324
25	21	13.76238
25	21	13.77335
25	21	13.78449
25	21	13.79586
25	21	13.80684
25	21	13.81785
25	22	13.82929
25	22	13.84017
25	22	13.85134
25	22	13.86236
25	22	13.87349
25	22	13.8851
25	22	13.90054
25	22	13.90905
25	22	13.91865
25	22	13.92972
25	22	13.941
25	22	13.98197
25	22	13.99152
25	22	13.99844
25	22	14.00503
25	22	14.01136
25	22	14.01862
25	22	14.02952
25	22	14.0411
25	22	14.05247
26	22	14.06308
26	22	14.07424
26	22	14.08563
26	22	14.09699
26	22	14.10729
26	22	14.11856
26	22	14.1298
26	22	14.14099
26	22	14.15187
26	22	14.1632
26	22	14.17446
27	22	14.18567
27	22	14.19682
27	22	14.2117
27	22	14.22191
27	22	14.23117
27	22	14.24162
27	22	14.25272
27	22	14.26426
27	22	14.27515
27	22	14.28664
27	22	14.29815
27	22	14.30914
27	22	14.32034
27	22	14.33087
27	22	14.34233
27	22	14.35414
27	22	14.36996
27	22	14.37913
27	22	14.3872
27	22	14.39815
27	22	14.4096
27	22	14.42051
27	22	14.43169
27	22	14.44298
27	22	14.45479
27	22	14.46581
27	22	14.4766
27	22	14.48748
27	23	14.49895
27	23	14.51036
27	23	14.52207
27	23	14.53258
27	23	14.54352
27	23	14.55481
27	23	14.56655
27	23	14.57723
27	23	14.58889
27	23	14.60096
27	23	14.613
27	24	14.62407
27	24	14.63525
27	24	14.64653
27	24	14.65788
27	24	14.66934
27	24	14.68396
27	24	14.69353
27	24	14.70245
27	24	14.7135
27	24	14.72451
27	24	14.73616
27	25	14.7478
27	25	14.75952
27	25	14.77019
27	25	14.78181
27	25	14.79268
27	25	14.80385
27	25	14.81517
27	25	14.82751
27	25	14.84394
27	25	14.85409
27	26	14.86048
27	26	14.86941
27	26	14.88027
27	26	14.8918
27	26	14.90297
27	26	14.91436
27	26	14.92579
27	26	14.93682
27	26	14.94784
27	26	14.95883
27	26	14.96974
27	26	14.98104
27	27	14.99651
27	27	15.00723
27	27	15.0169
27	27	15.02582
27	27	15.03663
27	27	15.04844
27	27	15.05923
27	27	15.07025
27	27	15.08138
27	27	15.09256
27	27	15.1036
27	28	15.11494
27	28	15.12584
27	28	15.13718
27	28	15.1527
27	28	15.16238
27	28	15.17084
27	28	15.1821
27	28	15.19324
27	28	15.20456
27	28	15.21623
27	29	15.22737
27	29	15.23853
27	29	15.24989
27	29	15.26136
27	29	15.27278
27	29	15.28375
27	29	15.29517
27	29	15.3116
27	29	15.3208
27	29	15.32818
27	29	15.33885
26	29	15.35032
26	29	15.36125
26	29	15.37251
26	29	15.38367
26	29	15.3951
26	29	15.406
26	29	15.41719
26	29	15.42858
26	29	15.43948
26	29	15.45127
26	29	15.46586
25	29	15.47601
25	29	15.48411
25	29	15.49548
25	29	15.50681
25	29	15.51772
25	29	15.52912
25	29	15.54017
25	29	15.55117
25	29	15.56223
25	29	15.57358
25	29	15.58483
24	29	15.59623
24	29	15.60751
24	29	15.62333
24	29	15.63334
24	29	15.641
24	29	15.65229
24	29	15.66296
24	29	15.67448
24	29	15.68576
24	29	15.69698
24	29	15.70793
23	29	15.71912
23	29	15.73029
23	29	15.74149
23	29	15.75338
23	29	15.76506
23	29	15.7858
23	29	15.79612
23	29	15.80328
23	29	15.81006
23	29	15.81678
23	29	15.8282
22	29	15.83947
22	29	15.85054
22	29	15.86215
22	29	15.87337
22	29	15.88425
22	29	15.89512
22	29	15.90673
22	29	15.91756
22	29	15.93224
22	29	15.94186
22	29	15.95125
21	29	15.96233
21	29	15.9734
21	29	15.98471
21	29	15.99592
21	29	16.00729
21	29	16.01808
21	29	16.02955
21	29	16.04039
21	29	16.05154
21	29	16.06267
21	29	16.07426
20	29	16.09156
20	29	16.10123
20	29	16.10809
20	29	16.11846
20	29	16.12911
20	29	16.14052
20	29	16.15171
20	29	16.16295
20	29	16.17402
20	29	16.18544
20	29	16.19645
19	29	16.20748
19	29	16.21922
19	29	16.23116
19	29	16.24683
19	29	16.25651
19	29	16.26447
19	29	16.27607
19	29	16.28705
19	29	16.29807
19	29	16.30915
19	29	16.3202
18	29	16.33121
18	29	16.34258
18	29	16.35402
18	29	16.36523
18	29	16.37642
18	29	16.38803
18	29	16.4039
18	29	16.41287
18	29	16.42104
18	29	16.43228
18	29	16.44333
17	29	16.45455
17	29	16.46593
17	29	16.47745
17	29	16.48852
17	29	16.50049
17	29	16.51143
17	29	16.52268
17	29	16.53416
17	29	16.54559
17	29	16.56192
16	29	16.57184
16	29	16.579
16	29	16.58996
16	29	16.60106
16	29	16.61241
16	29	16.62342
16	29	16.635
16	29	16.64607
16	29	16.65688
16	29	16.6683
16	29	16.6791
16	29	16.69038
16	29	16.7019
16	29	16.71811
16	29	16.73182
16	29	16.73871
16	29	16.74644
16	29	16.75596
16	29	16.76699
16	28	16.77866
16	28	16.79026
16	28	16.80058
16	28	16.81144
16	28	16.82298
16	28	16.83428
16	28	16.84523
16	28	16.85635
16	28	16.87177
16	28	16.88215
16	28	16.8897
16	27	16.90093
16	27	16.91151
16	27	16.92294
16	27	16.93429
16	27	16.9451
16	27	16.9564
16	27	16.96784
16	27	16.97884
16	27	16.98984
16	27	17.00116
16	27	17.01297
16	26	17.02907
16	26	17.0393
16	26	17.04935
16	26	17.05744
16	26	17.06841
16	26	17.07942
16	26	17.09076
16	26	17.10216
16	26	17.11355
16	26	17.12522
16	26	17.13677
16	25	17.14825
16	25	17.15986
16	25	17.17138
16	25	17.18929
16	25	17.20366
16	25	17.21038
16	25	17.21742
16	25	17.22439
16	25	17.23526
16	25	17.24637
16	25	17.25756
17	25	17.26907
17	25	17.28021
17	25	17.2917
17	25	17.30269
17	25	17.31394
17	25	17.3257
17	25	17.33979
17	25	17.35033
17	25	17.35871
17	25	17.3698
17	25	17.38083
18	25	17.39185
18	25	17.40314
18	25	17.4145
18	25	17.42571
18	25	17.43672
18	25	17.44784
18	25	17.45916
18	25	17.47005
18	25	17.48164
18	25	17.4968
19	25	17.50668
19	25	17.51489
19	25	17.52592
19	25	17.53755
19	25	17.54792
19	25	17.55908
19	25	17.57034
19	25	17.58194
19	25	17.59317
19	25	17.6042
19	25	17.61491
19	25	17.62647
20	25	17.63824
20	25	17.65595
20	25	17.66555
20	25	17.67286
20	25	17.68334
20	25	17.69421
20	25	17.70542
20	25	17.71661
20	25	17.72783
20	25	17.73879
21	25	17.7501
21	25	17.76128
21	25	17.77193
21	25	17.7838
21	25	17.79483
21	25	17.81056
21	25	17.81986
21	25	17.82778
21	25	17.83884
21	25	17.84969
21	25	17.86106
22	25	17.87248
22	25	17.88355
22	25	17.89511
22	25	17.90658
22	25	17.91754
22	25	17.92847
22	25	17.93951
22	25	17.95128
22	25	17.96605
22	25	17.97557
22	25	17.98473
23	25	17.99579
23	25	18.00675
23	25	18.01869
23	25	18.03018
23	25	18.04128
23	25	18.05276
23	25	18.06421
23	25	18.07574
23	25	18.08711
23	25	18.09847
23	25	18.11019
24	25	18.12584
24	25	18.13572
24	25	18.14322
24	25	18.15407
24	25	18.16504
24	25	18.17656
24	25	18.18749
24	25	18.19848
24	25	18.20986
24	25	18.22096
24	25	18.23207
25	25	18.24319
25	25	18.25441
25	25	18.266
25	25	18.28074
25	25	18.29065
25	25	18.2992
25	25	18.31059
25	25	18.32142
25	25	18.33295
25	25	18.34416
25	25	18.35504
26	25	18.36622
26	25	18.37739
26	25	18.38867
26	25	18.40036
26	25	18.41109
26	25	18.42256
26	25	18.43782
26	25	18.44742
26	25	18.45578
26	25	18.46685
26	25	18.47795
27	25	18.48922
27	25	18.50107
27	25	18.51214
27	25	18.52318
27	25	18.53458
27	25	18.54569
27	25	18.55693
27	25	18.56845
27	25	18.57963
27	25	18.59447
27	25	18.60206
27	24	18.61267
27	24	18.62372
27	24	18.6349
27	24	18.64596
27	24	18.65716
27	24	18.66872
27	24	18.67965
27	24	18.691
27	24	18.70214
27	24	18.71304
27	24	18.72447
27	23	18.73595
27	23	18.747
27	23	18.75777
27	23	18.76903
27	23	18.78024
27	23	18.79109
27	23	18.80323
27	23	18.81422
27	23	18.82513
27	23	18.83615
27	23	18.8474
27	22	18.85858
27	22	18.8697
27	22	18.88085
27	22	18.8922
27	22	18.90368
27	22	18.91427
27	22	18.92542
27	22	18.93675
27	22	18.9479
27	22	18.95939
27	22	18.97058
27	22	18.98199
27	22	18.99324
26	22	19.00462
26	22	19.01599
26	22	19.02715
26	22	19.03863
26	22	19.05
26	22	19.06203
26	22	19.0722
26	22	19.08342
26	22	19.09486
26	22	19.10624
26	22	19.1177
25	22	19.12866
25	22	19.13999
25	22	19.15133
25	22	19.16231
25	22	19.1734
25	22	19.18495
25	22	19.1959
25	22	19.20752
25	22	19.21901
25	22	19.22958
25	22	19.2406
24	22	19.25203
24	22	19.26293
24	22	19.27418
24	22	19.28556
24	22	19.29673
24	22	19.30781
24	22	19.31918
24	22	19.3298
24	22	19.34102
24	22	19.35244
24	22	19.36421
23	22	19.38475
23	22	19.39649
23	22	19.40752
23	22	19.4153
23	22	19.42269
23	22	19.42906
23	22	19.43617
23	22	19.44686
23	22	19.45786
23	22	19.46992
23	22	19.48097
23	22	19.4921
22	22	19.50366
22	22	19.51467
22	22	19.53014
22	22	19.54247
22	22	19.54872
22	22	19.55891
22	22	19.57034
22	22	19.5813
22	22	19.59245
22	22	19.60372
22	22	19.61472
22	23	19.62607
22	23	19.63696
22	23	19.64819
22	23	19.65936
22	23	19.6706
22	23	19.68576
22	23	19.69509
22	23	19.70409
22	23	19.71511
22	23	19.72637
22	23	19.7373
22	24	19.7488
22	24	19.76033
22	24	19.77091
22	24	19.78229
22	24	19.7933
22	24	19.80454
22	24	19.81583
22	24	19.82771
22	24	19.84171
22	24	19.85059
22	25	19.8605
22	25	19.87167
22	25	19.88268
22	25	19.89394
22	25	19.90518
22	25	19.91626
22	25	19.92757
22	25	19.93834
22	25	19.94937
22	25	19.96074
22	25	19.97192
22	26	19.98341
22	26	19.99543
22	26	20.00554
22	26	20.01653
22	26	20.02793
22	26	20.03928
22	26	20.05087
22	26	20.06277
22	26	20.07438
22	26	20.08676
22	26	20.09778
22	27	20.10925
22	27	20.12086
22	27	20.13245
22	27	20.14395
22	27	20.16024
22	27	20.16974
22	27	20.17645
22	27	20.18719
22	27	20.19809
22	27	20.2092
22	27	20.22044
22	28	20.2314
22	28	20.24256
22	28	20.25387
22	28	20.26507
22	28	20.27619
22	28	20.28756
22	28	20.299
22	28	20.3154
22	28	20.32505
22	28	20.33231
22	28	20.34307
22	29	20.35433
22	29	20.3655
22	29	20.37659
22	29	20.38744
22	29	20.39875
22	29	20.40966
22	29	20.42104
22	29	20.43214
22	29	20.44312
22	29	20.45485
22	29	20.46641
22	28	20.47711
22	28	20.488
22	28	20.4993
22	28	20.51047
22	28	20.52143
22	28	20.53279
22	28	20.54417
22	28	20.55548
22	28	20.56654
22	28	20.57757
22	28	20.58846
22	27	20.59962
22	27	20.61101
22	27	20.62258
22	27	20.63293
22	27	20.64403
22	27	20.65557
22	27	20.66685
22	27	20.67842
22	27	20.68948
22	27	20.70066
22	27	20.71225
22	26	20.72369
22	26	20.7351
22	26	20.74643
22	26	20.75769
22	26	20.76961
22	26	20.78195
22	26	20.79151
22	26	20.80355
22	26	20.81432
22	26	20.82552
22	25	20.83779
22	25	20.84899
22	25	20.85943
22	25	20.87091
22	25	20.88213
22	25	20.89346
22	25	20.90541
22	25	20.91578
22	25	20.9272
22	25	20.93905
22	25	20.94954
22	24	20.96074
22	24	20.97191
22	24	20.98315
22	24	20.99456
22	24	21.00588
22	24	21.01654
22	24	21.02762
22	24	21.03916
22	24	21.04955
22	24	21.06101
22	24	21.07191
22	23	21.08334
22	23	21.0959
22	23	21.10573
22	23	21.11671
22	23	21.12772
22	23	21.13901
22	23	21.15011
22	23	21.16158
22	23	21.17251
22	23	21.18339
22	23	21.19569
22	22	21.20626
22	22	21.21724
22	22	21.22838
22	22	21.23971
22	22	21.254
22	22	21.2622
22	22	21.27227
22	22	21.28369
22	22	21.29515
22	22	21.30649
22	22	21.31741
22	21	21.32847
22	21	21.33942
22	21	21.35067
22	21	21.36185
22	21	21.37299
22	21	21.38411
22	21	21.3958
22	21	21.41169
22	21	21.42133
22	21	21.42756
22	21	21.43783
22	21	21.44884
22	20	21.45987
22	20	21.4713
22	20	21.48246
22	20	21.4937
22	20	21.50473
22	20	21.51579
22	20	21.52678
22	20	21.53826
22	20	21.54939
22	20	21.5651
22	19	21.57443
22	19	21.58312
22	19	21.59413
22	19	21.60508
22	19	21.61657
22	19	21.62783
22	19	21.63896
22	19	21.65007
22	19	21.66146
22	19	21.67258
22	19	21.68361
22	18	21.695
22	18	21.70646
22	18	21.72128
22	18	21.73061
22	18	21.73954
22	18	21.75051
22	18	21.76198
22	18	21.77308
22	18	21.78459
22	18	21.79626
22	18	21.80709
22	17	21.81809
22	17	21.82933
22	17	21.84038
22	17	21.85133
22	17	21.86286
22	17	21.87793
22	17	21.88852
22	17	21.89651
22	17	21.90779
22	17	21.91882
22	17	21.93015
22	16	21.94167
22	16	21.95327
22	16	21.96401
22	16	21.97505
22	16	21.98613
22	16	21.99719
22	16	22.0083
22	16	22.02005
22	16	22.03751
22	16	22.04428
22	16	22.05109
22	15	22.06269
22	15	22.07338
22	15	22.08441
22	15	22.09587
22	15	22.10686
22	15	22.11806
22	15	22.12932
22	15	22.14064
22	15	22.1517
22	15	22.16296
22	15	22.17422
22	16	22.1859
22	16	22.19669
22	16	22.20797
22	16	22.21919
22	16	22.22982
22	16	22.24127
22	16	22.25241
22	16	22.26347
22	16	22.27436
22	16	22.28551
22	16	22.29717
22	17	22.30858
22	17	22.31964
22	17	22.33121
22	17	22.34652
22	17	22.35433
22	17	22.36406
22	17	22.37493
22	17	22.38607
22	17	22.39731
22	17	22.40821
22	17	22.42064
22	18	22.43128
22	18	22.44237
22	18	22.45392
22	18	22.46568
22	18	22.47657
22	18	22.48833
22	18	22.49977
22	18	22.51044
22	18	22.52172
22	18	22.53294
22	18	22.54411
22	19	22.55567
22	19	22.56649
22	19	22.57793
22	19	22.58906
22	19	22.59998
22	19	22.61145
22	19	22.62236
22	19	22.63331
22	19	22.64497
22	19	22.65817
22	19	22.66715
21	19	22.67797
21	19	22.68928
21	19	22.70024
21	19	22.7116
21	19	22.723
21	19	22.73437
21	19	22.74601
21	19	22.75736
21	19	22.76883
21	19	22.78002
21	19	22.79138
20	19	22.8032
20	19	22.81811
20	19	22.82881
20	19	22.83858
20	19	22.8464
20	19	22.85718
20	19	22.86935
20	19	22.88076
20	19	22.89057
20	19	22.90167
20	19	22.91276
19	19	22.92393
19	19	22.9353
19	19	22.94638
19	19	22.95766
19	19	22.97207
19	19	22.98466
19	19	22.99221
19	19	23.00222
19	19	23.01336
19	19	23.02459
19	19	23.03559
18	19	23.04669
18	19	23.05767
18	19	23.06877
18	19	23.08012
18	19	23.09106
18	19	23.10219
18	19	23.11446
18	19	23.1364
18	19	23.14769
18	19	23.15646
17	19	23.16275
17	19	23.16959
17	19	23.17755
17	19	23.18934
17	19	23.2002
17	19	23.21125
17	19	23.22254
17	19	23.23338
17	19	23.24428
17	19	23.25615
17	19	23.26744
16	19	23.28347
16	19	23.29288
16	19	23.30074
16	19	23.31191
16	19	23.32294
16	19	23.33376
16	19	23.34497
16	19	23.35658
16	19	23.36759
16	19	23.37873
16	19	23.39015
16	19	23.40116
16	20	23.41207
16	20	23.42403
16	20	23.43945
16	20	23.44954
16	20	23.45712
16	20	23.4684
16	20	23.47964
16	20	23.49073
16	20	23.50198
16	20	23.51304
16	20	23.52399
16	21	23.53585
16	21	23.5468
16	21	23.55778
16	21	23.56916
16	21	23.58086
16	21	23.5958
16	21	23.60583
16	21	23.61403
16	21	23.62554
16	21	23.63673
16	21	23.64822
16	22	23.66009
16	22	23.67124
16	22	23.68259
16	22	23.6939
16	22	23.70524
16	22	23.71608
16	22	23.72761
16	22	23.73895
16	22	23.75391
16	22	23.76417
16	22	23.77276
17	22	23.78332
17	22	23.79459
17	22	23.8062
17	22	23.81732
17	22	23.82883
17	22	23.84007
17	22	23.87583
17	22	23.88287
17	22	23.89082
18	22	23.90674
18	22	23.91649
18	22	23.9235
18	22	23.9304
18	22	23.93774
18	22	23.94858
18	22	23.96001
18	22	23.97106
18	22	23.98227
18	22	23.99311
18	22	24.00437
18	22	24.01545
19	22	24.0267
19	22	24.03752
19	22	24.04909
19	22	24.06848
19	22	24.07985
19	22	24.08796
19	22	24.09574
19	22	24.10445
19	22	24.11555
19	22	24.1268
19	22	24.13789
19	22	24.14909
19	22	24.16032
19	23	24.172
19	23	24.18263
19	23	24.19384
19	23	24.20531
19	23	24.22076
19	23	24.23074
19	23	24.23904
19	23	24.2499
19	23	24.26107
19	23	24.27261
19	23	24.28354
19	24	24.29471
19	24	24.30611
19	24	24.31678
19	24	24.32777
19	24	24.33933
19	24	24.35027
19	24	24.36198
19	24	24.37735
19	24	24.38678
19	24	24.3955
19	24	24.40631
19	25	24.41735
19	25	24.4291
19	25	24.44015
19	25	24.45131
19	25	24.46308
19	25	24.47468
19	25	24.48631
19	25	24.49773
19	25	24.50879
19	25	24.52061
19	25	24.53364
18	25	24.54335
18	25	24.55435
18	25	24.56578
18	25	24.5769
18	25	24.58796
18	25	24.59908
18	25	24.61026
18	25	24.62148
18	25	24.63258
18	25	24.64396
18	25	24.65498
17	25	24.66629
17	25	24.67733
17	25	24.69009
17	25	24.69966
17	25	24.71076
17	25	24.72203
17	25	24.73324
17	25	24.74479
17	25	24.75646
17	25	24.76733
17	25	24.77884
16	25	24.79019
16	25	24.80137
16	25	24.81284
16	25	24.8242
16	25	24.83579
16	25	24.85072
16	25	24.86056
16	25	24.86948
16	25	24.88009
16	25	24.89213
16	25	24.90316
16	26	24.9134
16	26	24.92435
16	26	24.93539
16	26	24.94651
16	26	24.95764
16	26	24.96874
16	26	24.98001
16	26	24.99179
16	26	25.00348
16	26	25.01371
16	26	25.025
16	27	25.03606
16	27	25.04743
16	27	25.05845
16	27	25.06978
16	27	25.08084
16	27	25.09215
16	27	25.10334
16	27	25.11426
16	27	25.1255
16	27	25.13683
16	27	25.14801
16	28	25.16007
16	28	25.16988
16	28	25.1809
16	28	25.19216
16	28	25.20335
16	28	25.21478
16	28	25.22589
16	28	25.23723
16	28	25.24866
16	28	25.26048
16	29	25.27116
16	29	25.28254
16	29	25.29404
16	29	25.30538
16	29	25.3188
16	29	25.32803
16	29	25.33918
16	29	25.35035
16	29	25.36171
16	29	25.3731
16	29	25.38392
16	29	25.39495
16	29	25.40604
16	29	25.41737
16	29	25.42863
16	29	25.43985
16	29	25.4508
16	29	25.46234
16	29	25.47501
16	29	25.48451
16	29	25.49582
16	29	25.50686
16	29	25.51739
16	29	25.52866
16	29	25.53986
16	29	25.55074
16	29	25.56226
16	29	25.57318
16	29	25.58446
16	29	25.59576
16	29	25.60715
16	29	25.61844
16	29	25.63162
16	29	25.64346
16	29	25.65192
16	29	25.66254
16	29	25.67396
16	29	25.68498
16	29	25.69626
16	29	25.70757
16	29	25.71832
16	29	25.72948
16	29	25.74081
16	29	25.75177
16	29	25.76311
16	29	25.77497
16	29	25.79144
16	29	25.79915
16	29	25.80676
16	29	25.81602
16	29	25.82677
16	29	25.8383
16	29	25.84917
16	29	25.86065
16	29	25.87192
16	29	25.88314
16	29	25.89449
16	29	25.90568
16	29	25.91648
16	29	25.92791
16	29	25.9406
16	29	25.94988
16	29	25.96107
16	29	25.97208
16	29	25.98324
16	29	25.99446
16	29	26.00568
16	29	26.01702
16	29	26.02801
16	29	26.03918
16	29	26.05066
16	29	26.06197
16	29	26.07295
16	29	26.08428
16	29	26.09625
16	29	26.10679
16	29	26.11734
16	29	26.12844
16	29	26.1394
16	29	26.15085
16	29	26.16219
16	29	26.17383
16	29	26.18491
16	29	26.19648
16	29	26.20794
16	29	26.21918
16	29	26.23066
16	29	26.24248
16	29	26.25345
16	29	26.26473
16	29	26.27624
16	29	26.28734
16	29	26.29865
16	29	26.3103
16	29	26.32141
16	29	26.33289
16	29	26.34377
16	29	26.35528
16	29	26.36653
16	29	26.37755
16	29	26.38862
16	29	26.40056
16	29	26.4126
16	29	26.42233
16	29	26.43366
16	29	26.44494
16	29	26.45615
16	29	26.46735
16	29	26.47857
16	29	26.48968
16	29	26.50104
16	28	26.51215
16	28	26.52332
16	28	26.5348
16	28	26.54621
16	28	26.55745
16	28	26.57023
16	28	26.5794
16	28	26.59037
16	28	26.60154
16	28	26.6127
16	28	26.62374
16	27	26.63469
16	27	26.64603
16	27	26.65703
16	27	26.6681
16	27	26.67964
16	27	26.69055
16	27	26.70144
16	27	26.71308
16	27	26.72579
16	27	26.73514
16	27	26.74606
15	27	26.75711
15	27	26.76834
15	27	26.77991
15	27	26.79163
15	27	26.80247
15	27	26.81382
15	27	26.82532
15	27	26.836
15	27	26.84719
15	27	26.85827
15	27	26.86963
14	27	26.8904
14	27	26.90117
14	27	26.91174
14	27	26.91758
14	27	26.92514
14	27	26.93374
14	27	26.94354
14	27	26.95338
14	27	26.96424
14	27	26.97558
14	27	26.98686
13	27	26.99815
13	27	27.00941
13	27	27.02076
13	27	27.03625
13	27	27.04664
13	27	27.05379
13	27	27.06417
13	27	27.07565
13	27	27.08676
13	27	27.09791
13	27	27.10912
13	27	27.1208
13	27	27.13166
13	27	27.14305
13	27	27.15406
13	27	27.16533
13	27	27.17684
13	27	27.18938
13	27	27.19915
13	27	27.21038
13	27	27.22154
13	27	27.23265
13	27	27.24341
13	27	27.25459
13	27	27.26589
13	27	27.27727
13	27	27.28819
13	27	27.29963
13	27	27.31093
13	27	27.32176
13	27	27.33323
13	27	27.34494
13	28	27.35541
13	28	27.36625
13	28	27.37757
13	28	27.38836
13	28	27.39977
13	28	27.411
13	28	27.42243
13	28	27.43401
13	28	27.44572
13	28	27.45744
13	28	27.46924
13	29	27.48086
13	29	27.49306
13	29	27.50836
13	29	27.51813
13	29	27.52705
13	29	27.53799
13	29	27.54915
13	29	27.5605
13	29	27.57134
13	29	27.5825
13	29	27.59419
13	29	27.60515
13	29	27.61639
13	29	27.62749
13	29	27.63828
13	29	27.6496
13	29	27.66509
13	29	27.67425
13	29	27.68197
13	29	27.69311
13	29	27.7045
13	29	27.71533
13	29	27.72698
13	29	27.73782
12	29	27.74925
12	29	27.76044
12	29	27.77139
12	29	27.78234
12	29	27.79375
12	29	27.80508
12	29	27.82067
12	29	27.8305
12	29	27.83855
12	29	27.84945
12	29	27.86077
11	29	27.8719
11	29	27.88301
11	29	27.89433
11	29	27.90544
11	29	27.91652
11	29	27.92784
11	29	27.93911
11	29	27.9506
11	29	27.96173
11	29	27.97613
11	29	27.98538
10	29	27.995
10	29	28.00618
10	29	28.01748
10	29	28.02864
10	29	28.03964
10	29	28.05103
10	29	28.06229
10	29	28.07344
10	29	28.08456
10	29	28.0961
10	29	28.10704
9	29	28.11887
9	29	28.13576
9	29	28.14503
9	29	28.15472
9	29	28.16218
9	29	28.17265
9	29	28.18357
9	29	28.19453
9	29	28.20588
9	29	28.21725
9	29	28.22812
8	29	28.23918
8	29	28.25044
8	29	28.26195
8	29	28.27321
8	29	28.28954
8	29	28.29987
8	29	28.30699
8	29	28.31818
8	29	28.32941
8	29	28.34036
8	29	28.35129
7	29	28.36251
7	29	28.37353
7	29	28.38499
7	29	28.39594
7	29	28.40693
7	29	28.4181
7	29	28.4296
7	29	28.44332
7	29	28.45262
7	29	28.46274
7	29	28.47349
6	29	28.48455
6	29	28.49616
6	29	28.50716
6	29	28.51895
6	29	28.53017
6	29	28.54178
6	29	28.55277
6	29	28.56391
6	29	28.57505
6	29	28.58675
6	29	28.6034
5	29	28.61264
5	29	28.61962
5	29	28.63102
5	29	28.64235
5	29	28.6529
5	29	28.66404
5	29	28.67519
5	29	28.68612
5	29	28.69708
5	29	28.70842
5	29	28.71968
4	29	28.73101
4	29	28.7429
4	29	28.75844
4	29	28.76836
4	29	28.77656
4	29	28.78723
4	29	28.79829
4	29	28.80971
4	29	28.82059
4	29	28.83176
4	29	28.84293
3	29	28.85398
3	29	28.86503
3	29	28.87643
3	29	28.88729
3	29	28.89886
3	29	28.91384
3	29	28.92369
3	29	28.93227
3	29	28.9437
3	29	28.95545
3	29	28.96683
2	29	28.97741
2	29	28.98844
2	29	28.99998
2	29	29.0112
2	29	29.02221
2	29	29.03319
2	29	29.04455
2	29	29.05606
2	29	29.07169
2	29	29.08137
2	29	29.08911
2	29	29.10006
2	29	29.11153
2	29	29.12239
2	29	29.13407
2	29	29.1454
2	28	29.15653
2	28	29.16842
2	28	29.17921
2	28	29.19013
2	28	29.20157
2	28	29.21306
2	28	29.22721
2	28	29.23648
2	28	29.24686
2	28	29.25708
2	28	29.26808
2	27	29.27944
2	27	29.29048
2	27	29.30184
2	27	29.31298
2	27	29.32438
2	27	29.33554
2	27	29.34667
2	27	29.35768
2	27	29.36943
2	27	29.38413
2	26	29.39399
2	26	29.40274
2	26	29.41356
2	26	29.42551
2	26	29.43688
2	26	29.44801
2	26	29.45895
2	26	29.46984
2	26	29.48112
2	26	29.49216
2	26	29.50321
2	26	29.51431
2	25	29.52611
2	25	29.54265
2	25	29.55269
2	25	29.56421
2	25	29.57347
2	25	29.58147
2	25	29.59145
2	25	29.60275
2	25	29.61381
2	25	29.62495
2	25	29.63597
2	24	29.64697
2	24	29.65796
2	24	29.66929
2	24	29.68046
2	24	29.69559
2	24	29.70525
2	24	29.71348
2	24	29.72444
2	24	29.73576
2	24	29.74682
2	24	29.75799
2	23	29.76925
2	23	29.78031
2	23	29.79181
2	23	29.803
2	23	29.81406
2	23	29.82528
2	23	29.83703
2	23	29.85247
2	23	29.86302
2	23	29.87055
2	23	29.88143
2	22	29.89244
2	22	29.90395
2	22	29.91506
2	22	29.9269
2	22	29.93802
2	22	29.94925
2	22	29.96067
2	22	29.97183
2	22	29.98294
2	22	29.99435
3	22	30.00929
3	22	30.0184
3	22	30.02773
3	22	30.03879
3	22	30.04967
3	22	30.06108
3	22	30.07189
3	22	30.08293
3	22	30.09425
3	22	30.10539
3	22	30.11657
4	22	30.1284
4	22	30.13926
4	22	30.15096
4	22	30.16552
4	22	30.17446
4	22	30.18405
4	22	30.19565
4	22	30.20647
4	22	30.21768
4	22	30.22907
4	22	30.24027
5	22	30.25134
5	22	30.26265
5	22	30.27381
5	22	30.28501
5	22	30.29624
5	22	30.30741
5	22	30.32356
5	22	30.3334
5	22	30.34044
5	22	30.35112
5	22	30.36285
6	22	30.37404
6	22	30.38536
6	22	30.39647
6	22	30.40774
6	22	30.41876
6	22	30.43003
6	22	30.44093
6	22	30.45262
6	22	30.46388
6	22	30.48107
6	22	30.49124
7	22	30.49813
7	22	30.50695
7	22	30.51802
7	22	30.52954
7	22	30.54063
7	22	30.55159
7	22	30.56297
7	22	30.57398
7	22	30.58513
7	22	30.59636
7	22	30.60763
7	23	30.61888
7	23	30.63372
7	23	30.64458
7	23	30.67526
7	23	30.6822
7	23	30.68841
7	23	30.69514
7	23	30.70555
7	23	30.71659
7	23	30.72848
7	24	30.73903
7	24	30.75001
7	24	30.76159
7	24	30.77293
7	24	30.78798
7	24	30.79727
7	24	30.80636
7	24	30.81743
7	24	30.82851
7	24	30.83974
7	24	30.85097
7	25	30.86246
7	25	30.8735
7	25	30.88462
7	25	30.89646
7	25	30.90707
7	25	30.91833
7	25	30.93008
7	25	30.94527
7	25	30.95605
7	25	30.96339
7	25	30.9743
6	25	30.98582
6	25	30.9961
6	25	31.00699
6	25	31.01832
6	25	31.02988
6	25	31.04108
6	25	31.05231
6	25	31.06359
6	25	31.07498
6	25	31.0872
6	25	31.10385
5	25	31.11307
5	25	31.12016
5	25	31.13083
5	25	31.14175
5	25	31.15365
5	25	31.16445
5	25	31.17549
5	25	31.18676
5	25	31.1979
5	25	31.20899
5	25	31.21978
4	25	31.23128
4	25	31.24279
4	25	31.25986
4	25	31.27225
4	25	31.2806
4	25	31.288
4	25	31.29875
4	25	31.30997
4	25	31.32093
4	25	31.33197
4	25	31.34325
3	25	31.35418
3	25	31.36551
3	25	31.37711
3	25	31.38847
3	25	31.39999
3	25	31.41562
3	25	31.42512
3	25	31.43269
3	25	31.44385
3	25	31.45514
3	25	31.46634
2	25	31.47718
2	25	31.48844
2	25	31.49966
2	25	31.5108
2	25	31.52186
2	25	31.53355
2	25	31.54492
2	25	31.55602
2	25	31.56923
2	25	31.57808
2	25	31.58931
2	25	31.60027
2	25	31.6113
3	25	31.62227
3	25	31.6339
3	25	31.64597
3	25	31.6567
3	25	31.66801
3	25	31.67982
3	25	31.69087
3	25	31.70235
3	25	31.71412
3	25	31.72537
3	25	31.73624
4	25	31.74729
4	25	31.75846
4	25	31.76963
4	25	31.7809
4	25	31.7921
4	25	31.80353
4	25	31.81505
4	25	31.82646
4	25	31.83804
4	25	31.84917
5	25	31.86068
5	25	31.87255
5	25	31.88513
5	25	31.89457
5	25	31.90593
5	25	31.91713
5	25	31.92851
5	25	31.93973
5	25	31.95096
5	25	31.96232
5	25	31.97354
6	25	31.98494
6	25	31.99638
6	25	32.00724
6	25	32.01825
6	25	32.03002
6	25	32.04182
6	25	32.05182
6	25	32.0631
6	25	32.07428
6	25	32.08568
6	25	32.09688
7	25	32.10795
7	25	32.11929
7	25	32.13026
7	25	32.14182
7	25	32.15267
7	25	32.16444
7	25	32.17484
7	25	32.18622
7	25	32.19828
7	25	32.20868
7	25	32.21978
7	25	32.23086
7	25	32.24221
7	25	32.2534
7	25	32.26453
7	25	32.27568
7	25	32.28668
7	25	32.2979
7	25	32.30914
7	25	32.32051
7	25	32.33152
7	25	32.34334
8	25	32.36114
8	25	32.37199
8	25	32.38147
8	25	32.38688
8	25	32.39322
8	25	32.40361
8	25	32.41504
8	25	32.42608
8	25	32.43762
8	25	32.44875
8	25	32.45974
8	25	32.47104
9	25	32.48209
9	25	32.49292
9	25	32.50457
9	25	32.5195
9	25	32.52757
9	25	32.53848
9	25	32.54983
9	25	32.56083
9	25	32.57117
9	25	32.58238
10	25	32.59365
10	25	32.60453
10	25	32.61594
10	25	32.62709
10	25	32.63851
10	25	32.64961
10	25	32.66117
10	25	32.67588
10	25	32.68344
10	25	32.69481
10	25	32.70594
11	25	32.71707
11	25	32.72862
11	25	32.73927
11	25	32.75026
11	25	32.76152
11	25	32.77258
11	25	32.78364
11	25	32.79463
11	25	32.80596
11	25	32.81724
11	25	32.83356
12	25	32.84074
12	25	32.85179
12	25	32.86325
12	25	32.87453
12	25	32.88642
12	25	32.89781
12	25	32.90897
12	25	32.92052
12	25	32.93148
12	25	32.94248
12	25	32.95373
12	26	32.96527
12	26	32.97651
12	26	32.99129
12	26	33.00366
12	26	33.01278
12	26	33.02099
12	26	33.03187
12	26	33.04277
12	26	33.05402
12	26	33.06544
12	26	33.07644
12	27	33.08751
12	27	33.09933
12	27	33.11077
12	27	33.12164
12	27	33.13359
12	27	33.15117
12	27	33.15876
12	27	33.16552
12	27	33.17604
12	27	33.18682
12	27	33.19849
12	28	33.2095
12	28	33.22086
12	28	33.23188
12	28	33.24256
12	28	33.25369
12	28	33.26486
12	28	33.27588
12	28	33.28735
12	28	33.30011
12	28	33.30949
12	28	33.32037
12	27	33.3316
12	27	33.34296
12	27	33.35443
12	27	33.36499
12	27	33.37664
12	27	33.38777
12	27	33.3989
12	27	33.40978
12	27	33.42105
12	27	33.43227
12	27	33.4438
12	26	33.45596
12	26	33.46573
12	26	33.47713
12	26	33.48833
12	26	33.49955
12	26	33.51106
12	26	33.5223
12	26	33.53391
12	26	33.54539
12	26	33.55659
12	26	33.56811
12	25	33.57966
12	25	33.59087
12	25	33.60277
12	25	33.61502
12	25	33.62514
12	25	33.63634
12	25	33.64767
12	25	33.6591
12	25	33.6703
12	25	33.68163
12	25	33.69289
11	25	33.70421
11	25	33.71564
11	25	33.72688
11	25	33.73807
11	25	33.74931
11	25	33.76113
11	25	33.77245
11	25	33.78332
11	25	33.79453
11	25	33.80583
10	25	33.81686
10	25	33.82848
10	25	33.84027
10	25	33.85046
10	25	33.8616
10	25	33.87285
10	25	33.88388
10	25	33.89526
10	25	33.9064
10	25	33.9178
10	25	33.92961
9	25	33.93988
9	25	33.95101
9	25	33.96209
9	25	33.97326
9	25	33.98442
9	25	33.99583
9	25	34.00693
9	25	34.01784
9	25	34.02911
9	25	34.04016
9	25	34.05173
8	25	34.06256
8	25	34.07585
8	25	34.09001
8	25	34.09811
8	25	34.10537
8	25	34.11557
8	25	34.12661
8	25	34.13797
8	25	34.14914
8	25	34.16059
8	25	34.17155
7	25	34.18292
7	25	34.19374
7	25	34.20475
7	25	34.21605
7	25	34.22735
7	25	34.23953
7	25	34.24943
7	25	34.26076
7	25	34.27189
7	25	34.28306
7	25	34.29425
6	25	34.30582
6	25	34.31675
6	25	34.32793
6	25	34.33922
6	25	34.34998
6	25	34.3613
6	25	34.37243
6	25	34.38388
6	25	34.39667
6	25	34.4061
6	25	34.41727
7	26	34.42834
7	26	34.43948
7	26	34.45085
7	26	34.46235
7	26	34.47365
7	26	34.48526
7	26	34.4966
7	26	34.50774
7	26	34.51916
7	26	34.53072
7	26	34.54258
7	27	34.56035
7	27	34.56774
7	27	34.57423
7	27	34.58353
7	27	34.59431
7	27	34.60564
7	27	34.61679
7	27	34.62782
7	27	34.63897
7	27	34.65001
7	27	34.66103
7	28	34.67204
7	28	34.68348
7	28	34.69482
7	28	34.70855
7	28	34.71718
7	28	34.72858
7	28	34.7396
7	28	34.75057
7	28	34.76202
7	28	34.77304
7	28	34.78442
7	29	34.79523
7	29	34.80717
7	29	34.81771
7	29	34.82909
7	29	34.84031
7	29	34.85144
7	29	34.86666
7	29	34.87373
7	29	34.88477
7	29	34.89635
7	29	34.90768
7	28	34.91896
7	28	34.93014
7	28	34.94151
7	28	34.9529
7	28	34.96415
7	28	34.97544
7	28	34.9868
7	28	34.99817
7	28	35.00957
7	28	35.02129
7	28	35.03326
7	27	35.04385
7	27	35.05412
7	27	35.06524
7	27	35.07628
7	27	35.08743
7	27	35.09896
7	27	35.11035
7	27	35.12142
7	27	35.13266
7	27	35.14401
7	27	35.15483
7	26	35.16673
7	26	35.17916
7	26	35.1887
7	26	35.19995
7	26	35.21133
7	26	35.22211
7	26	35.2334
7	26	35.24447
7	26	35.25574
7	26	35.2672
7	26	35.27847
7	25	35.28999
7	25	35.30122
7	25	35.31304
7	25	35.32436
7	25	35.3372
7	25	35.3467
7	25	35.35838
7	25	35.36944
7	25	35.38052
7	25	35.39196
7	25	35.40316
8	25	35.41451
8	25	35.42541
8	25	35.43667
8	25	35.44766
8	25	35.4588
8	25	35.46999
8	25	35.4812
8	25	35.49399
8	25	35.50349
8	25	35.51452
8	25	35.52589
8	25	35.53721
8	25	35.54813
8	25	35.55911
8	25	35.57037
8	25	35.58136
8	25	35.59235
8	25	35.60368
8	25	35.61516
8	25	35.62607
8	25	35.63796
9	25	35.64971
9	25	35.66004
9	25	35.67157
9	25	35.68259
9	25	35.69357
9	25	35.70473
9	25	35.716
9	25	35.72718
9	25	35.73828
9	25	35.74958
9	25	35.76062
9	24	35.77187
9	24	35.78312
9	24	35.79453
9	24	35.80674
9	24	35.81643
9	24	35.82758
9	24	35.83863
9	24	35.84983
9	24	35.86073
9	24	35.87166
9	24	35.88307
9	23	35.89466
9	23	35.90612
9	23	35.91723
9	23	35.92825
9	23	35.93971
9	23	35.95096
9	23	35.96814
9	23	35.97429
9	23	35.98193
9	23	35.99152
9	23	36.00298
9	23	36.01415
9	22	36.02505
9	22	36.03645
9	22	36.04761
9	22	36.0588
9	22	36.07004
9	22	36.08093
9	22	36.09203
9	22	36.10325
9	22	36.11699
9	22	36.12547
9	22	36.13662
9	22	36.14757
9	22	36.15903
9	22	36.17009
10	22	36.18125
10	22	36.19262
10	22	36.20415
10	22	36.21524
10	22	36.22605
10	22	36.2371
10	22	36.24815
10	22	36.25961
10	22	36.27399
10	22	36.28181
10	22	36.29254
11	22	36.30379
11	22	36.31551
11	22	36.32656
11	22	36.33799
11	22	36.34959
11	22	36.36086
11	22	36.37215
11	22	36.38353
11	22	36.3947
11	22	36.40617
12	22	36.41759
12	22	36.4316
12	22	36.44022
12	22	36.45122
12	22	36.46233
12	22	36.47382
12	22	36.4847
12	22	36.4958
12	22	36.50741
12	22	36.5182
12	22	36.52957
12	21	36.54079
12	21	36.55174
12	21	36.56316
12	21	36.57421
12	21	36.58906
12	21	36.59677
12	21	36.6076
12	21	36.61892
12	21	36.62999
12	21	36.64116
12	21	36.65247
12	20	36.66367
12	20	36.67467
12	20	36.68596
12	20	36.69732
12	20	36.70814
12	20	36.71963
12	20	36.73231
12	20	36.75039
12	20	36.75923
12	20	36.76625
12	20	36.77335
12	19	36.78272
12	19	36.7935
12	19	36.8044
12	19	36.81567
12	19	36.82717
12	19	36.83797
12	19	36.84924
12	19	36.86062
12	19	36.87201
12	19	36.88324
12	19	36.8981
12	19	36.90566
12	19	36.91672
12	19	36.92764
12	19	36.93854
12	19	36.94988
13	19	36.96119
13	19	36.97192
13	19	36.98347
13	19	36.99452
13	19	37.00561
13	19	37.01698
13	19	37.02796
13	19	37.03954
13	19	37.05627
13	19	37.06451
13	19	37.07273
14	19	37.08393
14	19	37.09496
14	19	37.10644
14	19	37.1181
14	19	37.12966
14	19	37.14117
14	19	37.15248
14	19	37.16394
14	19	37.1753
14	19	37.18707
14	19	37.19847
15	19	37.2158
15	19	37.22396
15	19	37.23129
15	19	37.24231
15	19	37.25344
15	19	37.26465
15	19	37.27584
15	19	37.28722
15	19	37.29819
15	19	37.30922
15	19	37.32047
14	19	37.33158
14	19	37.34272
14	19	37.35408
14	19	37.36652
14	19	37.37629
14	19	37.38736
14	19	37.39851
14	19	37.40945
14	19	37.42097
14	19	37.43213
14	19	37.44318
13	19	37.45428
13	19	37.46548
13	19	37.50163
13	19	37.50885
13	19	37.52103
13	19	37.52842
13	19	37.53541
13	19	37.54301
13	19	37.55326
13	19	37.56423
12	19	37.57531
12	19	37.5866
12	19	37.59721
12	19	37.60862
12	19	37.62003
12	19	37.63099
12	19	37.64227
12	19	37.65361
12	19	37.66464
12	19	37.68129
12	19	37.68838
11	19	37.69807
11	19	37.70944
11	19	37.7211
11	19	37.73199
11	19	37.74248
11	19	37.75368
11	19	37.7649
11	19	37.77677
11	19	37.78745
11	19	37.79889
11	19	37.81023
10	19	37.82219
10	19	37.84217
10	19	37.85054
10	19	37.8592
10	19	37.86664
10	19	37.87741
10	19	37.88821
10	19	37.89943
10	19	37.91045
10	19	37.92151
10	19	37.93278
9	19	37.94394
9	19	37.95532
9	19	37.96646
9	19	37.97756
9	19	37.99147
9	19	37.99997
9	19	38.01063
9	19	38.02192
9	19	38.0334
9	19	38.04463
9	19	38.05587
8	19	38.06723
8	19	38.07838
8	19	38.08959
8	19	38.10119
8	19	38.11176
8	19	38.12302
8	19	38.1346
8	19	38.14984
8	19	38.15687
8	19	38.16747
8	19	38.17856
7	19	38.18964
7	19	38.20093
7	19	38.21171
7	19	38.22341
7	19	38.23413
7	19	38.24538
7	19	38.25687
7	19	38.26855
7	19	38.27972
7	19	38.29213
6	19	38.30663
6	19	38.3147
6	19	38.32354
6	19	38.33459
6	19	38.34602
6	19	38.35729
6	19	38.36854
6	19	38.37968
6	19	38.39094
6	19	38.40273
6	19	38.41326
6	19	38.42465
7	20	38.43643
7	20	38.44692
7	20	38.46124
7	20	38.47079
7	20	38.48064
7	20	38.49113
7	20	38.50267
7	20	38.51373
7	20	38.52484
7	20	38.53687
7	20	38.54799
7	21	38.55935
7	21	38.57064
7	21	38.58126
7	21	38.59245
7	21	38.60372
7	21	38.61839
7	21	38.62603
7	21	38.63673
7	21	38.64774
7	21	38.65939
7	21	38.67014
7	22	38.68128
7	22	38.69256
7	22	38.70391
7	22	38.71456
7	22	38.72581
7	22	38.73724
7	22	38.74876
7	22	38.76068
7	22	38.77345
7	22	38.78358
7	21	38.79513
7	21	38.80659
7	21	38.81825
7	21	38.82949
7	21	38.84089
7	21	38.85245
7	21	38.86354
7	21	38.87492
7	21	38.88651
7	21	38.89759
7	21	38.9081
7	20	38.91966
7	20	38.93198
7	20	38.94136
7	20	38.95264
7	20	38.96364
7	20	38.97477
7	20	38.98659
7	20	38.998
7	20	39.00924
7	20	39.0204
7	20	39.03158
7	19	39.04287
7	19	39.05414
7	19	39.06548
7	19	39.07796
7	19	39.09307
7	19	39.10011
7	19	39.10892
7	19	39.1201
7	19	39.1312
7	19	39.14252
7	19	39.15376
7	18	39.16502
7	18	39.17612
7	18	39.18722
7	18	39.19825
7	18	39.20956
7	18	39.22091
7	18	39.23243
7	18	39.24703
7	18	39.25493
7	18	39.26539
7	18	39.27679
7	17	39.28789
7	17	39.29884
7	17	39.31036
7	17	39.3215
7	17	39.33217
7	17	39.34354
7	17	39.35468
7	17	39.36594
7	17	39.3769
7	17	39.38812
7	17	39.40337
7	16	39.41078
7	16	39.4214
7	16	39.43264
7	16	39.44383
7	16	39.45527
7	16	39.46669
7	16	39.4779
7	16	39.48923
7	16	39.50045
7	16	39.51212
7	16	39.52327
7	17	39.53453
7	17	39.54731
7	17	39.56667
7	17	39.57468
7	17	39.58154
7	17	39.58876
7	17	39.59691
7	17	39.60761
7	17	39.6195
7	17	39.63099
7	17	39.64208
7	18	39.65352
7	18	39.66446
7	18	39.67538
7	18	39.6871
7	18	39.69798
7	18	39.71038
7	18	39.72041
7	18	39.73116
7	18	39.74231
7	18	39.75373
7	18	39.76483
7	19	39.77584
7	19	39.78737
7	19	39.79814
7	19	39.80944
7	19	39.82053
7	19	39.83135
7	19	39.84275
7	19	39.8542
7	19	39.86708
7	19	39.87645
7	19	39.88745
7	20	39.89857
7	20	39.90985
7	20	39.92094
7	20	39.93171
7	20	39.94329
7	20	39.95473
7	20	39.96585
7	20	39.97693
7	20	39.98834
7	20	39.99975
7	20	40.01157
7	21	40.02457
7	21	40.03429
7	21	40.04609
7	21	40.05727
7	21	40.06904
7	21	40.08026
7	21	40.09203
7	21	40.10328
7	21	40.11447
7	21	40.12634
7	21	40.13757
7	22	40.14903
7	22	40.16059
7	22	40.17186
7	22	40.18388
7	22	40.19425
7	22	40.20545
7	22	40.21656
7	22	40.22806
7	22	40.23924
7	22	40.25071
7	23	40.2619
7	23	40.27303
7	23	40.28423
7	23	40.29561
7	23	40.30676
7	23	40.31833
7	23	40.32986
7	23	40.34292
7	23	40.35127
7	23	40.36254
7	23	40.37379
7	24	40.38477
7	24	40.396
7	24	40.40682
7	24	40.41813
7	24	40.42904
7	24	40.44019
7	24	40.45144
7	24	40.46257
7	24	40.47373
7	24	40.4853
7	24	40.50123
7	25	40.5084
7	25	40.51628
7	25	40.52686
7	25	40.53844
7	25	40.54909
7	25	40.56065
7	25	40.57127
7	25	40.5825
7	25	40.59376
7	25	40.60498
7	25	40.61629
6	25	40.62754
6	25	40.63894
6	25	40.65092
6	25	40.66118
6	25	40.67218
6	25	40.68331
6	25	40.6947
6	25	40.70568
6	25	40.71693
6	25	40.72776
6	25	40.73929
5	25	40.75016
5	25	40.7614
5	25	40.77244
5	25	40.78364
5	25	40.79535
5	25	40.80751
5	25	40.81751
5	25	40.82862
5	25	40.83977
5	25	40.85086
5	25	40.86217
4	25	40.87372
4	25	40.88484
4	25	40.89624
4	25	40.90726
4	25	40.91875
4	25	40.93002
4	25	40.94135
4	25	40.95309
4	25	40.96534
4	25	40.9753
4	25	40.98716
3	25	40.99833
3	25	41.0097
3	25	41.02102
3	25	41.03216
3	25	41.04361
3	25	41.055
3	25	41.06608
3	25	41.07713
3	25	41.08854
3	25	41.09931
3	25	41.1116
2	25	41.12723
2	25	41.13335
2	25	41.1413
2	25	41.15249
2	25	41.16354
2	25	41.17452
2	25	41.1862
2	25	41.19728
2	25	41.20817
2	25	41.21953
2	25	41.23064
2	25	41.24204
2	25	41.25358
2	25	41.26458
2	25	41.27672
2	24	41.28714
2	24	41.29797
2	24	41.30963
2	24	41.32038
2	24	41.33189
2	24	41.34302
2	24	41.35431
2	24	41.36514
2	24	41.37606
2	24	41.38706
2	24	41.39791
2	23	41.40889
2	23	41.42033
2	23	41.43169
2	23	41.44271
2	23	41.45388
2	23	41.46535
2	23	41.47636
2	23	41.48771
2	23	41.49876
2	23	41.51035
2	23	41.5217
2	22	41.533
2	22	41.54429
2	22	41.55584
2	22	41.56704
2	22	41.57864
2	22	41.59091
2	22	41.60067
2	22	41.61234
2	22	41.62352
2	22	41.63492
2	22	41.64613
2	22	41.6573
2	22	41.66869
2	22	41.68
2	22	41.69129
3	22	41.7026
3	22	41.71387
3	22	41.72488
3	22	41.73647
3	22	41.74876
3	22	41.75865
3	22	41.77002
3	22	41.78109
3	22	41.79235
3	22	41.8035
3	22	41.81468
4	22	41.82586
4	22	41.83683
4	22	41.84778
4	22	41.85886
4	22	41.87021
4	22	41.88133
4	22	41.89301
4	22	41.90743
4	22	41.91561
4	22	41.92478
4	22	41.9362
5	22	41.94718
5	22	41.95847
5	22	41.96989
5	22	41.98095
5	22	41.99207
5	22	42.003
5	22	42.014
5	22	42.02512
5	22	42.03631
5	22	42.04762
5	22	42.05952
4	22	42.0696
4	22	42.08071
4	22	42.09225
4	22	42.1033
4	22	42.11466
4	22	42.12584
4	22	42.13702
4	22	42.14807
4	22	42.15952
4	22	42.17059
4	22	42.18195
3	22	42.19328
3	22	42.2049
3	22	42.21925
3	22	42.22697
3	22	42.23659
3	22	42.24783
3	22	42.25895
3	22	42.2703
3	22	42.28142
3	22	42.29292
2	22	42.30447
2	22	42.31544
2	22	42.32682
2	22	42.33767
2	22	42.34876
2	22	42.36017
2	22	42.37342
2	22	42.38231
2	22	42.39353
2	22	42.40519
2	22	42.41592
2	22	42.42702
2	22	42.4384
2	22	42.44929
2	22	42.46036
2	22	42.47162
2	22	42.48281
2	22	42.49373
2	22	42.50515
2	22	42.51627
2	22	42.53175
2	22	42.5396
2	22	42.54882
2	22	42.5604
2	22	42.57125
2	22	42.58247
2	22	42.59352
2	22	42.6048
2	22	42.61588
2	22	42.62719
2	22	42.63837
2	22	42.64951
2	22	42.66065
2	22	42.6723
2	22	42.68377
2	22	42.69435
2	22	42.70583
2	22	42.71662
3	22	42.72809
3	22	42.73934
3	22	42.75021
3	22	42.76152
3	22	42.77267
3	22	42.78375
3	22	42.79549
3	22	42.80672
3	22	42.81804
3	22	42.82914
3	22	42.84452
4	22	42.85172
4	22	42.86191
4	22	42.87288
4	22	42.88375
4	22	42.89507
4	22	42.90611
4	22	42.91697
4	22	42.92807
4	22	42.93928
4	22	42.95036
4	22	42.9618
4	21	42.97301
4	21	42.98455
4	21	42.9978
4	21	43.00696
4	21	43.01784
4	21	43.0293
4	21	43.04034
4	21	43.05137
4	21	43.06266
4	21	43.07391
4	21	43.08508
4	20	43.09648
4	20	43.1074
4	20	43.11854
4	20	43.12981
4	20	43.14208
4	20	43.15944
4	20	43.16676
4	20	43.1761
4	20	43.1832
4	20	43.19418
4	20	43.20581
4	19	43.21647
4	19	43.22772
4	19	43.23936
4	19	43.25013
4	19	43.26155
4	19	43.27367
4	19	43.28454
4	19	43.2956
4	19	43.31036
4	19	43.31767
4	19	43.32875
3	19	43.33978
3	19	43.35065
3	19	43.36217
3	19	43.37336
3	19	43.38443
3	19	43.39592
3	19	43.40693
3	19	43.41778
3	19	43.42942
3	19	43.44037
3	19	43.45153
2	19	43.46596
2	19	43.47396
2	19	43.48474
2	19	43.49583
2	19	43.50729
2	19	43.51857
2	19	43.5303
2	19	43.5417
2	19	43.55331
2	19	43.56446
2	19	43.5756
2	19	43.58726
2	19	43.59879
2	19	43.61031
2	19	43.62568
2	19	43.63312
2	18	43.64371
2	18	43.6548
2	18	43.6661
2	18	43.67733
2	18	43.68848
2	18	43.69981
2	18	43.71132
2	18	43.72227
2	18	43.73351
2	18	43.74446
2	18	43.75563
2	17	43.76673
2	17	43.78048
2	17	43.78934
2	17	43.80011
2	17	43.81184
2	17	43.82316
2	17	43.834
2	17	43.84533
2	17	43.85664
2	17	43.86749
2	17	43.87851
2	16	43.88992
2	16	43.90084
2	16	43.9119
2	16	43.92366
2	16	43.93822
2	16	43.94572
2	16	43.95696
2	16	43.96796
2	16	43.97919
2	16	43.99081
2	16	44.00224
2	15	44.01336
2	15	44.02437
2	15	44.03567
2	15	44.04678
2	15	44.05773
2	15	44.06882
2	15	44.08014
2	15	44.09537
2	15	44.10317
2	15	44.11296
2	15	44.12407
2	14	44.13522
2	14	44.14672
2	14	44.15773
2	14	44.1691
2	14	44.18026
2	14	44.19158
2	14	44.20295
2	14	44.21413
2	14	44.22547
2	14	44.23676
2	13	44.25133
2	13	44.25916
2	13	44.26988
2	13	44.28138
2	13	44.29235
2	13	44.30364
2	13	44.3149
2	13	44.32602
2	13	44.33707
2	13	44.34801
2	13	44.35882
2	13	44.37016
3	13	44.38124
3	13	44.39254
3	13	44.40776
3	13	44.41752
3	13	44.42587
3	13	44.43702
3	13	44.4485
3	13	44.45967
3	13	44.47063
3	13	44.48191
4	13	44.49337
4	13	44.50436
4	13	44.5157
4	13	44.52679
4	13	44.5382
4	13	44.54919
4	13	44.56444
4	13	44.57159
4	13	44.58261
4	13	44.59381
4	13	44.60468
4	13	44.61602
4	13	44.62707
4	13	44.63805
4	13	44.64918
4	13	44.66061
4	13	44.67154
4	13	44.68274
4	13	44.69399
4	13	44.70543
4	12	44.71792
4	12	44.72725
4	12	44.73847
4	12	44.74974
4	12	44.76109
4	12	44.77237
4	12	44.7835
4	12	44.79476
4	12	44.80607
4	12	44.81707
4	12	44.82843
4	11	44.83988
4	11	44.85065
4	11	44.86202
4	11	44.87655
4	11	44.88413
4	11	44.89513
4	11	44.90658
4	11	44.91777
4	11	44.92904
4	11	44.9404
4	11	44.95176
4	10	44.96297
4	10	44.97455
4	10	44.98594
4	10	44.99738
4	10	45.00885
4	10	45.02023
4	10	45.03896
4	10	45.0467
4	10	45.05347
4	10	45.06069
4	10	45.07062
4	10	45.08197
5	10	45.09351
5	10	45.10453
5	10	45.11603
5	10	45.12702
5	10	45.13762
5	10	45.14861
5	10	45.16073
5	10	45.17482
5	10	45.19056
5	10	45.19814
5	10	45.205
6	10	45.21575
6	10	45.22675
6	10	45.23785
6	10	45.24918
6	10	45.25997
6	10	45.27129
6	10	45.28263
6	10	45.2939
6	10	45.30484
6	10	45.31614
6	10	45.32767
7	10	45.34248
7	10	45.34967
7	10	45.36017
7	10	45.37136
7	10	45.38275
7	10	45.39433
7	10	45.40547
7	10	45.41639
7	10	45.42815
7	10	45.43889
7	10	45.44986
7	10	45.46134
7	10	45.47263
7	10	45.48407
7	10	45.49847
7	10	45.50676
7	10	45.51738
7	10	45.52857
7	10	45.53975
7	10	45.55073
7	10	45.56208
7	10	45.57362
8	10	45.58458
8	10	45.59615
8	10	45.60775
8	10	45.61885
8	10	45.6303
8	10	45.6424
8	10	45.65695
8	10	45.66502
8	10	45.67638
8	10	45.68767
8	10	45.69887
9	10	45.71021
9	10	45.72145
9	10	45.733
9	10	45.74419
9	10	45.75561
9	10	45.76665
9	10	45.77804
9	10	45.7892
9	10	45.80061
9	10	45.81881
9	11	45.82687
9	11	45.83545
9	11	45.84228
9	11	45.85308
9	11	45.86406
9	11	45.87557
9	11	45.8868
9	11	45.89767
9	11	45.90882
9	11	45.92038
9	11	45.93177
9	11	45.94328
9	12	45.95387
9	12	45.96911
9	12	45.97664
9	12	45.98727
9	12	45.99854
9	12	46.00965
9	12	46.02094
9	12	46.03223
9	12	46.04333
9	12	46.05441
9	12	46.06583
9	13	46.07705
9	13	46.08802
9	13	46.09908
9	13	46.1134
9	13	46.12775
9	13	46.13484
9	13	46.14355
9	13	46.15438
9	13	46.1653
9	13	46.17674
9	13	46.18851
9	14	46.19951
9	14	46.21054
9	14	46.22195
9	14	46.23345
9	14	46.24464
9	14	46.25575
9	14	46.26672
9	14	46.28228
9	14	46.28952
9	14	46.30052
9	14	46.31164
9	15	46.32265
9	15	46.33414
9	15	46.34496
9	15	46.35637
9	15	46.36735
9	15	46.37859
9	15	46.38968
9	15	46.40075
9	15	46.41189
9	15	46.42321
9	15	46.43745
9	16	46.44546
9	16	46.4566
9	16	46.46811
9	16	46.47914
9	16	46.4907
9	16	46.50203
9	16	46.51341
9	16	46.52509
9	16	46.53656
9	16	46.54784
9	16	46.55954
9	17	46.57033
9	17	46.58163
9	17	46.59729
9	17	46.60714
9	17	46.6153
9	17	46.62597
9	17	46.63721
9	17	46.64828
9	17	46.65958
9	17	46.67043
9	17	46.68167
9	18	46.6931
9	18	46.70412
9	18	46.71532
9	18	46.72683
9	18	46.73797
9	18	46.75255
9	18	46.76097
9	18	46.77194
9	18	46.7831
9	18	46.79427
9	19	46.80516
9	19	46.81642
9	19	46.82763
9	19	46.8385
9	19	46.84944
9	19	46.86052
9	19	46.87215
9	19	46.88334
9	19	46.89486
9	19	46.90944
9	19	46.91696
8	19	46.92799
8	19	46.93893
8	19	46.95003
8	19	46.96127
8	19	46.97277
8	19	46.98416
8	19	46.9954
8	19	47.00666
8	19	47.01764
8	19	47.02891
8	19	47.03996
7	19	47.05136
7	19	47.06323
7	19	47.07364
7	19	47.08479
7	19	47.09632
7	19	47.10707
7	19	47.1184
7	19	47.12944
7	19	47.14074
7	19	47.15182
7	19	47.16295
6	19	47.17385
6	19	47.18552
6	19	47.19691
6	19	47.20738
6	19	47.21948
6	19	47.22962
6	19	47.24078
6	19	47.25215
6	19	47.26342
6	19	47.27463
6	19	47.28596
6	19	47.29739
6	19	47.30888
6	18	47.32025
6	18	47.33169
6	18	47.34317
6	18	47.35435
6	18	47.36589
6	18	47.3779
6	18	47.38803
6	18	47.39956
6	18	47.41072
6	18	47.42193
6	18	47.43296
6	17	47.44392
6	17	47.45517
6	17	47.46663
6	17	47.47769
6	17	47.48884
6	17	47.49996
6	17	47.51097
6	17	47.52238
6	17	47.53508
6	17	47.54488
6	17	47.55547
6	16	47.56693
6	16	47.57767
6	16	47.58886
6	16	47.60021
6	16	47.61154
6	16	47.62272
6	16	47.6339
6	16	47.6451
6	16	47.65635
6	16	47.66787
6	16	47.67922
6	15	47.69415
6	15	47.70102
6	15	47.70967
6	15	47.72047
6	15	47.73172
6	15	47.74304
6	15	47.75413
6	15	47.76537
6	15	47.77672
6	15	47.78754
6	15	47.79902
6	14	47.81029
6	14	47.82134
6	14	47.83266
6	14	47.8478
6	14	47.85507
6	14	47.8662
6	14	47.87732
6	14	47.8885
6	14	47.89974
6	14	47.91084
6	14	47.92202
6	13	47.93304
6	13	47.94459
6	13	47.95563
6	13	47.96687
6	13	47.97813
6	13	47.98926
6	13	48.00412
6	13	48.01201
6	13	48.02251
6	13	48.03362
6	13	48.04455
6	12	48.05582
6	12	48.06709
6	12	48.0783
6	12	48.08952
6	12	48.10058
6	12	48.11215
6	12	48.12331
6	12	48.13494
6	12	48.14631
6	12	48.16362
6	12	48.17036
6	11	48.17714
6	11	48.18759
6	11	48.19917
6	11	48.21055
6	11	48.22145
6	11	48.23293
6	11	48.24436
6	11	48.25502
6	11	48.26621
6	11	48.27765
6	11	48.28854
6	10	48.29946
6	10	48.31394
6	10	48.32231
6	10	48.33324
6	10	48.34448
6	10	48.35515
6	10	48.3661
6	10	48.37766
6	10	48.3886
6	10	48.39965
6	10	48.41156
6	11	48.42241
6	11	48.43358
6	11	48.44519
6	11	48.45633
6	11	48.46845
6	11	48.4783
6	11	48.48936
6	11	48.50103
6	11	48.51192
6	11	48.52315
6	11	48.53482
6	12	48.54622
6	12	48.55753
6	12	48.56874
6	12	48.58019
6	12	48.59158
6	12	48.60314
6	12	48.61466
6	12	48.63039
6	12	48.63823
6	12	48.64785
6	12	48.6586
6	13	48.66968
6	13	48.68082
6	13	48.69194
6	13	48.70284
6	13	48.71461
6	13	48.72543
6	13	48.73658
6	13	48.74749
6	13	48.75873
6	13	48.77031
6	14	48.78242
6	14	48.7927
6	14	48.80384
6	14	48.81512
6	14	48.8262
6	14	48.83751
6	14	48.84851
6	14	48.85985
6	14	48.87091
6	14	48.88197
6	14	48.89316
6	14	48.90422
6	15	48.91534
6	15	48.92704
6	15	48.93923
6	15	48.94894
6	15	48.96058
6	15	48.97124
6	15	48.98241
6	15	48.99381
6	15	49.00487
6	15	49.01617
6	16	49.02784
6	16	49.03914
6	16	49.05031
6	16	49.0619
6	16	49.07305
6	16	49.08455
6	16	49.09709
6	16	49.10717
6	16	49.11857
6	16	49.13026
6	16	49.14129
5	16	49.15292
5	16	49.16393
5	16	49.17568
5	16	49.18682
5	16	49.19795
5	16	49.21016
5	16	49.22125
5	16	49.23163
5	16	49.24308
5	16	49.25836
5	16	49.26525
5	16	49.27315
5	16	49.284
5	16	49.29554
5	16	49.30648
5	16	49.31771
5	16	49.32954
5	16	49.3406
5	16	49.35151
5	16	49.36275
5	16	49.374
5	16	49.38553
4	16	49.39666
4	16	49.41166
4	16	49.41942
4	16	49.43065
4	16	49.4412
4	16	49.45222
4	16	49.46383
4	16	49.47456
4	16	49.48552
4	16	49.49649
4	16	49.50764
3	16	49.51878
3	16	49.53028
3	16	49.5421
3	16	49.55337
3	16	49.56919
3	16	49.57583
3	16	49.58562
3	16	49.59658
3	16	49.6076
3	16	49.61892
3	16	49.6301
2	16	49.64133
2	16	49.65262
2	16	49.66379
2	16	49.67478
2	16	49.68605
2	16	49.69717
2	16	49.7085
2	16	49.72556
2	16	49.73304
2	16	49.74101
2	16	49.75222
2	16	49.76337
2	16	49.77431
2	16	49.7857
2	16	49.797
2	15	49.80802
2	15	49.81901
2	15	49.8303
2	15	49.84164
2	15	49.85251
2	15	49.86433
2	15	49.87634
2	15	49.88628
2	15	49.8972
2	15	49.90823
2	15	49.91942
2	14	49.93077
2	14	49.94184
2	14	49.95293
2	14	49.96414
2	14	49.97527
2	14	49.98656
2	14	49.99766
2	14	50.00892
2	14	50.0206
2	14	50.03372
2	14	50.04273
2	13	50.0539
2	13	50.06515
2	13	50.0766
2	13	50.08762
2	13	50.09914
2	13	50.11066
2	13	50.12196
2	13	50.13329
2	13	50.14458
2	13	50.15585
2	13	50.16688
3	13	50.17854
3	13	50.19051
3	13	50.20081
3	13	50.21223
3	13	50.22333
3	13	50.23487
3	13	50.24633
3	13	50.25771
3	13	50.26912
3	13	50.28047
3	13	50.29178
4	13	50.30301
4	13	50.31421
4	13	50.32565
4	13	50.33688
4	13	50.34932
4	13	50.359
4	13	50.37001
4	13	50.38117
4	13	50.39246
4	13	50.4043
4	13	50.41526
4	12	50.42681
4	12	50.4378
4	12	50.44875
4	12	50.45971
4	12	50.47084
4	12	50.482
4	12	50.49347
4	12	50.50593
4	12	50.5156
4	12	50.52699
4	11	50.53814
4	11	50.54918
4	11	50.5601
4	11	50.57137
4	11	50.58247
4	11	50.59369
4	11	50.60484
4	11	50.61632
4	11	50.62753
4	11	50.63874
4	11	50.64999
4	10	50.66297
4	10	50.67244
4	10	50.68319
4	10	50.69453
4	10	50.70549
4	10	50.71672
4	10	50.72822
4	10	50.73886
4	10	50.74989
4	10	50.76108
4	10	50.77203
3	10	50.78339
3	10	50.79451
3	10	50.80598
3	10	50.8188
3	10	50.8287
3	10	50.83948
3	10	50.85065
3	10	50.86207
3	10	50.87293
3	10	50.88433
3	10	50.89569
2	10	50.90678
2	10	50.91793
2	10	50.92971
2	10	50.94022
2	10	50.95187
2	10	50.96326
2	10	50.97846
2	10	50.98526
2	10	50.99307
2	10	51.0042
2	10	51.01521
2	10	51.02665
2	10	51.03754
2	10	51.04884
2	10	51.05994
2	10	51.07114
2	10	51.08282
2	10	51.09401
2	9	51.12166
2	9	51.13781
2	9	51.1445
2	9	51.1513
2	9	51.15762
2	9	51.16807
2	9	51.17952
2	9	51.1907
2	9	51.20204
2	9	51.21338
2	9	51.2253
2	8	51.23729
2	8	51.24893
2	8	51.25861
2	8	51.26946
2	8	51.28105
2	8	51.29838
2	8	51.30861
2	8	51.31655
2	8	51.32475
2	8	51.33664
2	8	51.34771
2	7	51.3587
2	7	51.36991
2	7	51.38168
2	7	51.39185
2	7	51.40281
2	7	51.4142
2	7	51.42534
2	7	51.43702
2	7	51.45246
2	7	51.46213
2	7	51.47008
2	7	51.48116
2	7	51.49258
2	7	51.50394
2	7	51.51505
2	7	51.52658
2	7	51.53783
2	7	51.54932
3	7	51.56022
3	7	51.57093
3	7	51.58212
3	7	51.59365
3	7	51.60914
3	7	51.6193
3	7	51.62683
3	7	51.63781
3	7	51.64896
3	7	51.66033
3	7	51.67142
4	7	51.68257
4	7	51.69381
4	7	51.70499
4	7	51.71695
4	7	51.72889
4	7	51.74023
4	7	51.75244
4	7	51.7679
4	7	51.77764
4	7	51.78583
4	7	51.79707
4	6	51.8083
4	6	51.81959
4	6	51.83088
4	6	51.84209
4	6	51.85313
4	6	51.86432
4	6	51.87539
4	6	51.88681
4	6	51.89795
4	6	51.90926
4	6	51.9246
4	5	51.93517
4	5	51.94272
4	5	51.95398
4	5	51.9651
4	5	51.9765
4	5	51.9875
4	5	51.99868
4	5	52.00999
4	5	52.0211
4	5	52.03239
4	5	52.04352
4	4	52.05471
4	4	52.06625
4	4	52.08648
4	4	52.09882
4	4	52.1067
4	4	52.11397
4	4	52.12602
4	4	52.13404
4	4	52.14143
4	4	52.1513
4	4	52.16289
4	4	52.17379
4	4	52.18534
4	4	52.19715
3	4	52.20797
3	4	52.21955
3	4	52.23926
3	4	52.25005
3	4	52.25678
3	4	52.26394
3	4	52.27499
3	4	52.28614
3	4	52.29732
3	4	52.30874
3	4	52.31955
2	4	52.33115
2	4	52.34184
2	4	52.35277
2	4	52.36372
2	4	52.37571
2	4	52.39074
2	4	52.40122
2	4	52.40869
2	4	52.41969
2	4	52.43095
2	4	52.44189
2	3	52.45291
2	3	52.46434
2	3	52.47568
2	3	52.4867
2	3	52.4983
2	3	52.50913
2	3	52.52052
2	3	52.532
2	3	52.5482
2	3	52.55822
2	3	52.5653
2	3	52.5762
2	3	52.58752
2	3	52.5984
2	3	52.60965
2	3	52.62107
2	3	52.63198
2	3	52.64341
2	3	52.65508
2	3	52.66629
2	3	52.67812
2	3	52.68971
2	2	52.70514
2	2	52.71528
2	2	52.72425
2	2	52.73551
2	2	52.74663
2	2	52.75753
2	2	52.76861
2	2	52.7797
2	2	52.79054
2	2	52.80207
2	2	52.81308
2	2	52.82422
2	2	52.83544
2	2	52.8473
2	2	52.86237
2	2	52.8732
2	2	52.88035
2	2	52.89063
2	2	52.90235
3	2	52.91389
3	2	52.92522
3	2	52.93674
3	2	52.94809
3	2	52.95879
3	2	52.97013
3	2	52.9813
3	2	52.9923
3	2	53.00368
3	2	53.02039
4	2	53.03178
4	2	53.03825
4	2	53.0474
4	2	53.05851
4	2	53.06941
4	2	53.0807
4	2	53.09188
4	2	53.10342
4	2	53.11452
4	2	53.12518
4	2	53.13686
4	2	53.14796
5	2	53.1594
5	2	53.17798
5	2	53.18897
5	2	53.1995
5	2	53.20664
5	2	53.21285
5	2	53.22365
5	2	53.23491
5	2	53.2458
5	2	53.2574
5	2	53.2702
5	2	53.28028
5	2	53.29102
5	2	53.30223
5	2	53.31409
5	2	53.33057
5	2	53.34042
5	2	53.34714
5	2	53.35767
5	2	53.36875
5	2	53.38046
5	2	53.39124
4	2	53.4023
4	2	53.41398
4	2	53.42482
4	2	53.43614
4	2	53.44764
4	2	53.45856
4	2	53.47
4	2	53.48224
4	2	53.49215
4	2	53.50319
4	2	53.51496
4	2	53.52559
4	2	53.53719
4	2	53.54847
4	2	53.55956
4	2	53.57021
4	2	53.58108
4	2	53.59236
4	2	53.60382
4	2	53.61541
4	2	53.62714
3	2	53.6401
3	2	53.64994
3	2	53.66124
3	2	53.67245
3	2	53.68361
3	2	53.69524
3	2	53.70647
3	2	53.71814
3	2	53.72949
3	2	53.74087
3	2	53.75225
2	2	53.76374
2	2	53.77485
2	2	53.78674
2	2	53.79953
2	2	53.80893
2	2	53.82024
2	2	53.83162
2	2	53.84283
2	2	53.85429
2	2	53.86565
2	2	53.87708
2	2	53.88835
2	2	53.89954
2	2	53.91088
2	2	53.92206
2	2	53.93302
2	2	53.94435
2	2	53.95655
2	2	53.96668
2	2	53.97762
2	2	53.98883
2	2	54.00033
2	2	54.0118
2	2	54.02295
2	2	54.03452
2	2	54.04569
2	2	54.05658
2	3	54.06789
2	3	54.07879
2	3	54.08992
2	3	54.10141
2	3	54.11605
2	3	54.12372
2	3	54.13275
2	3	54.14406
2	3	54.15504
2	3	54.16637
2	3	54.1772
2	3	54.18842
2	3	54.19955
2	3	54.2107
2	3	54.22194
2	3	54.23294
2	3	54.24412
2	3	54.25569
2	3	54.2685
2	3	54.27802
2	3	54.28909
2	3	54.30061
2	4	54.31182
2	4	54.32293
2	4	54.33469
2	4	54.34551
2	4	54.35655
2	4	54.36781
2	4	54.37892
2	4	54.39031
2	4	54.40138
2	4	54.41245
2	4	54.4243
2	4	54.43473
2	4	54.44566
2	4	54.45684
2	4	54.46812
2	4	54.47924
3	4	54.49038
3	4	54.5016
3	4	54.51307
3	4	54.52428
3	4	54.53563
3	4	54.54726
3	4	54.55799
3	4	54.56984
3	4	54.58224
3	4	54.59225
3	4	54.60349
4	4	54.61505
4	4	54.62617
4	4	54.63734
4	4	54.64869
4	4	54.65965
4	4	54.67064
4	4	54.68211
4	4	54.69304
4	4	54.70418
4	4	54.71541
5	4	54.72694
5	4	54.73949
5	4	54.74918
5	4	54.75985
5	4	54.77105
5	4	54.78238
5	4	54.79377
5	4	54.80501
5	4	54.81642
5	4	54.82718
5	4	54.83875
5	4	54.85035
5	4	54.86152
5	4	54.87236
5	4	54.88363
5	4	54.90389
5	4	54.91555
5	4	54.92242
5	4	54.92939
5	4	54.93645
5	4	54.94419
5	4	54.9556
5	4	54.96692
6	4	54.97828
6	4	54.98862
6	4	55.00018
6	4	55.01095
6	4	55.02198
6	4	55.03389
6	4	55.04995
6	4	55.06005
6	4	55.06692
6	4	55.07784
6	4	55.089
6	5	55.10027
6	5	55.11126
6	5	55.12241
6	5	55.13395
6	5	55.14486
6	5	55.15679
6	5	55.16769
6	5	55.17909
6	5	55.19056
6	5	55.20528
6	6	55.21642
6	6	55.22377
6	6	55.23462
6	6	55.2462
6	6	55.25723
6	6	55.26857
6	6	55.28062
6	6	55.29175
6	6	55.3021
6	6	55.31273
6	6	55.32397
6	6	55.33507
6	7	55.34653
6	7	55.36164
6	7	55.37273
6	7	55.38233
6	7	55.39133
6	7	55.40303
6	7	55.41431
6	7	55.42594
6	7	55.43757
6	7	55.44929
6	8	55.46086
6	8	55.4724
6	8	55.48336
6	8	55.49482
6	8	55.50621
6	8	55.52236
6	8	55.53224
6	8	55.54016
6	8	55.55022
6	8	55.56144
6	8	55.57231
6	9	55.58364
6	9	55.59494
6	9	55.60583
6	9	55.61714
6	9	55.62796
6	9	55.63929
6	9	55.65039
6	9	55.66179
6	9	55.67673
6	9	55.68607
6	9	55.69722
6	10	55.70644
6	10	55.7174
6	10	55.72864
6	10	55.73971
6	10	55.75091
6	10	55.7622
6	10	55.77369
6	10	55.7846
6	10	55.79613
6	10	55.8073
6	10	55.81924
6	9	55.83773
6	9	55.8445
6	9	55.85237
6	9	55.86046
6	9	55.87127
6	9	55.8826
6	9	55.8935
6	9	55.90445
6	9	55.91578
6	9	55.92707
6	9	55.93839
6	8	55.94923
6	8	55.96033
6	8	55.97182
6	8	55.98435
6	8	55.99412
6	8	56.00549
6	8	56.01682
6	8	56.02781
6	8	56.03888
6	8	56.05034
6	8	56.06139
6	7	56.07256
6	7	56.08371
6	7	56.09487
6	7	56.10591
6	7	56.11723
6	7	56.12843
6	7	56.14148
6	7	56.1511
6	7	56.16198
6	7	56.17287
6	7	56.18412
6	6	56.19526
6	6	56.20694
6	6	56.21832
6	6	56.22972
6	6	56.24113
6	6	56.2524
6	6	56.26387
6	6	56.2754
6	6	56.28681
6	6	56.29951
6	6	56.30983
6	5	56.32097
6	5	56.33299
6	5	56.34416
6	5	56.35559
6	5	56.36721
6	5	56.3783
6	5	56.38989
6	5	56.40114
6	5	56.41261
6	5	56.42355
6	5	56.4355
6	4	56.4465
6	4	56.45934
6	4	56.46893
6	4	56.47988
6	4	56.49087
6	4	56.50243
6	4	56.51361
6	4	56.52473
6	4	56.53616
6	4	56.54742
6	4	56.55815
6	3	56.5696
6	3	56.58064
6	3	56.59182
6	3	56.60321
6	3	56.61826
6	3	56.62815
6	3	56.6348
6	3	56.64569
6	3	56.65696
6	3	56.66833
6	3	56.67986
6	2	56.69122
6	2	56.70221
6	2	56.71338
6	2	56.72449
6	2	56.73574
6	2	56.74693
6	2	56.75775
6	2	56.77311
6	2	56.786
6	2	56.79358
6	2	56.80064
6	2	56.8115
6	2	56.82261
6	2	56.83387
6	2	56.84488
6	2	56.85636
6	2	56.86722
6	2	56.87856
6	2	56.88963
6	2	56.90084
6	2	56.91215
6	2	56.93411
6	2	56.94327
6	2	56.94976
6	2	56.95633
6	2	56.96589
7	2	56.97729
7	2	56.98832
7	2	56.9996
7	2	57.01088
7	2	57.02184
7	2	57.033
7	2	57.04429
7	2	57.05534
7	2	57.06657
7	2	57.08273
8	2	57.09338
8	2	57.1005
8	2	57.11051
8	2	57.12189
8	2	57.13281
8	2	57.14432
8	2	57.15556
8	2	57.16685
8	2	57.17751
8	2	57.189
8	2	57.20034
8	2	57.21142
9	2	57.22314
9	2	57.23909
9	2	57.24937
9	2	57.2585
9	2	57.26838
9	2	57.27913
9	2	57.29007
9	2	57.30154
9	2	57.31331
9	2	57.32557
9	2	57.33497
10	2	57.34529
10	2	57.35703
10	2	57.36839
10	2	57.3798
10	2	57.39556
10	2	57.40577
10	2	57.41303
10	2	57.42389
10	2	57.43507
10	2	57.44626
10	2	57.45718
11	2	57.4684
11	2	57.4794
11	2	57.49068
11	2	57.50209
11	2	57.51301
11	2	57.5239
11	2	57.53629
11	2	57.55305
11	2	57.56349
11	2	57.57038
11	2	57.58157
12	2	57.59321
12	2	57.6046
12	2	57.61591
12	2	57.62712
12	2	57.63824
12	2	57.6498
12	2	57.66111
12	2	57.67234
12	2	57.68335
12	2	57.69528
13	2	57.71165
13	2	57.72111
13	2	57.72853
13	2	57.73795
13	2	57.74958
13	2	57.76084
13	2	57.77212
13	2	57.7832
13	2	57.79442
13	2	57.80554
13	2	57.8164
14	2	57.82768
14	2	57.83847
14	2	57.85029
14	2	57.86515
14	2	57.87492
14	2	57.88351
14	2	57.8943
14	2	57.90565
14	2	57.91708
14	2	57.92825
14	2	57.93943
15	2	57.95076
15	2	57.96182
15	2	57.97303
15	2	57.98467
15	2	57.99566
15	2	58.00679
15	2	58.02174
15	2	58.03215
15	2	58.03998
15	2	58.0511
15	2	58.06197
16	2	58.07359
16	2	58.08494
16	2	58.09634
16	2	58.10772
16	2	58.11899
16	2	58.13007
16	2	58.14141
16	2	58.15282
16	2	58.16424
16	2	58.17917
16	2	58.18933
17	2	58.1979
17	2	58.20877
17	2	58.22017
17	2	58.23124
17	2	58.24252
17	2	58.25402
17	2	58.26492
17	2	58.27644
17	2	58.28751
17	2	58.2987
17	2	58.3099
18	2	58.3218
18	2	58.33739
18	2	58.34779
18	2	58.35776
18	2	58.36555
18	2	58.37649
18	2	58.38739
18	2	58.39824
18	2	58.40968
18	2	58.42073
18	2	58.43238
19	2	58.44342
19	2	58.45428
19	2	58.46526
19	2	58.47667
19	2	58.49385
19	2	58.50583
19	2	58.51407
19	2	58.52134
19	2	58.53076
19	2	58.54213
19	2	58.55293
20	2	58.5641
20	2	58.57515
20	2	58.58667
20	2	58.59775
20	2	58.60915
20	2	58.62014
20	2	58.63167
20	2	58.64692
20	2	58.65676
20	2	58.66507
20	2	58.67625
21	2	58.68717
21	2	58.69819
21	2	58.70934
21	2	58.7208
21	2	58.73196
21	2	58.74265
21	2	58.75404
21	2	58.76511
21	2	58.77636
21	2	58.78775
21	2	58.80069
20	2	58.81021
20	2	58.82121
20	2	58.83208
20	2	58.84325
20	2	58.85448
20	2	58.8657
20	2	58.87745
20	2	58.88867
20	2	58.90013
20	2	58.91168
20	2	58.92289
19	2	58.93474
19	2	58.94591
19	2	58.95734
19	2	58.96913
19	2	58.97992
19	2	58.99107
19	2	59.00263
19	2	59.01396
19	2	59.025
19	2	59.0365
19	2	59.04759
18	2	59.05898
18	2	59.07042
18	2	59.0813
18	2	59.09261
18	2	59.10404
18	2	59.11644
18	2	59.12643
18	2	59.13807
18	2	59.14897
18	2	59.16077
17	2	59.17189
17	2	59.18309
17	2	59.19437
17	2	59.20563
17	2	59.21681
17	2	59.22823
17	2	59.23929
17	2	59.25056
17	2	59.26186
17	2	59.27632
17	2	59.28428
16	2	59.29428
16	2	59.30539
16	2	59.3166
16	2	59.32774
16	2	59.33883
16	2	59.35036
16	2	59.36089
16	2	59.37167
16	2	59.38285
16	2	59.39422
16	2	59.4053
15	2	59.41699
15	2	59.42889
15	2	59.43933
15	2	59.45013
15	2	59.46124
15	2	59.4729
15	2	59.48399
15	2	59.49546
15	2	59.50649
15	2	59.5178
15	2	59.52943
15	3	59.54031
15	3	59.5512
15	3	59.56261
15	3	59.57449
15	3	59.59371
15	3	59.60498
15	3	59.61263
15	3	59.61982
15	3	59.62683
15	3	59.63516
15	3	59.646
15	3	59.65765
15	3	59.66962
15	3	59.67998
15	3	59.69128
15	3	59.70296
15	3	59.71414
15	3	59.72551
15	3	59.74258
15	3	59.75331
15	3	59.76036
15	3	59.76989
15	3	59.78072
15	4	59.79173
15	4	59.80296
15	4	59.81428
15	4	59.82563
15	4	59.83689
15	4	59.84765
15	4	59.85896
15	4	59.87016
15	4	59.88186
15	4	59.89867
16	4	59.91018
16	4	59.91821
16	4	59.92626
16	4	59.93773
16	4	59.94849
16	4	59.96034
16	4	59.97126
16	4	59.9821
16	4	59.99323
16	4	60.00459
16	4	60.01544
17	4	60.02675
17	4	60.03903
17	4	60.05681
17	4	60.06693
17	4	60.07452
17	4	60.08255
17	4	60.09393
17	4	60.10501
17	4	60.11615
17	4	60.1277
17	4	60.13874
18	4	60.14971
18	4	60.16104
18	4	60.17221
18	4	60.18329
18	4	60.19465
18	4	60.21192
18	4	60.2237
18	4	60.23107
18	4	60.23896
18	4	60.24972
18	4	60.26098
18	4	60.27232
18	4	60.28318
18	4	60.29466
18	4	60.30613
18	5	60.31722
18	5	60.32848
18	5	60.33972
18	5	60.3513
18	5	60.36862
18	5	60.37849
18	5	60.385
18	5	60.39538
18	5	60.40636
18	5	60.41825
18	5	60.42955
18	6	60.44099
18	6	60.45192
18	6	60.46325
18	6	60.47418
18	6	60.48557
18	6	60.49666
18	6	60.51012
18	6	60.52611
18	6	60.53667
18	6	60.54453
18	6	60.55137
18	7	60.5626
18	7	60.57385
18	7	60.58532
18	7	60.59655
18	7	60.60766
18	7	60.61869
18	7	60.63018
18	7	60.64133
18	7	60.65255
18	7	60.66397
18	7	60.67969
19	7	60.68891
19	7	60.69674
19	7	60.70812
19	7	60.71953
19	7	60.73066
19	7	60.74155
19	7	60.75277
19	7	60.76371
19	7	60.77471
19	7	60.78618
19	7	60.79718
20	7	60.80824
20	7	60.81969
20	7	60.83601
20	7	60.84485
20	7	60.85281
20	7	60.86418
20	7	60.87514
20	7	60.88724
20	7	60.8983
20	7	60.90963
20	7	60.92133
21	7	60.93266
21	7	60.94421
21	7	60.95551
21	7	60.96691
21	7	60.97861
21	7	60.994
21	7	61.00398
21	7	61.01184
21	7	61.02289
21	7	61.03398
21	7	61.04554
20	7	61.05643
20	7	61.06762
20	7	61.07863
20	7	61.08986
20	7	61.10112
20	7	61.11242
20	7	61.1233
20	7	61.13464
20	7	61.14754
20	7	61.15707
20	7	61.16832
19	7	61.17932
19	7	61.19085
19	7	61.20226
19	7	61.21327
19	7	61.22456
19	7	61.23605
19	7	61.24721
19	7	61.25833
19	7	61.26968
19	7	61.28136
19	7	61.29287
18	7	61.3092
18	7	61.3165
18	7	61.32393
18	7	61.33503
18	7	61.34597
18	7	61.35703
18	7	61.36828
18	7	61.38037
18	7	61.39133
18	7	61.40194
18	7	61.41323
17	7	61.4239
17	7	61.43543
17	7	61.44727
17	7	61.46453
17	7	61.47667
17	7	61.48388
17	7	61.49056
17	7	61.50147
17	7	61.51262
17	7	61.5241
17	7	61.53546
16	7	61.54631
16	7	61.55754
16	7	61.56849
16	7	61.57965
16	7	61.59068
16	7	61.6023
16	7	61.6208
16	7	61.63065
16	7	61.63977
16	7	61.6469
16	7	61.65735
15	7	61.66866
15	7	61.67976
15	7	61.69287
15	7	61.70233
15	7	61.71348
15	7	61.72481
15	7	61.736
15	7	61.74728
15	7	61.75881
15	7	61.77615
15	8	61.78719
15	8	61.79389
15	8	61.80257
15	8	61.81371
15	8	61.82478
15	8	61.83591
15	8	61.84705
15	8	61.85831
15	8	61.86994
15	8	61.8805
15	8	61.89175
15	8	61.90278
15	9	61.91411
15	9	61.92976
15	9	61.93999
15	9	61.94967
15	9	61.95924
15	9	61.97003
15	9	61.98142
15	9	61.99237
15	9	62.00364
15	9	62.01446
15	9	62.02592
15	10	62.03724
15	10	62.048
15	10	62.05947
15	10	62.07133
15	10	62.08813
15	10	62.09873
15	10	62.1062
15	10	62.11549
15	10	62.12673
15	10	62.13815
15	10	62.14907
15	10	62.15999
16	10	62.17141
16	10	62.18241
16	10	62.19326
16	10	62.20481
16	10	62.21564
16	10	62.22802
16	10	62.24184
16	10	62.2507
16	10	62.26162
16	10	62.2729
16	10	62.28412
17	10	62.29544
17	10	62.3064
17	10	62.31769
17	10	62.32876
17	10	62.34014
17	10	62.3511
17	10	62.36233
17	10	62.37356
17	10	62.38486
17	10	62.39793
17	10	62.40699
18	10	62.41802
18	10	62.42898
18	10	62.44016
18	10	62.4513
18	10	62.46291
18	10	62.47451
18	10	62.48583
18	10	62.49711
18	10	62.50845
18	10	62.51976
18	10	62.53127
18	11	62.54362
18	11	62.55806
18	11	62.56563
18	11	62.57709
18	11	62.58852
18	11	62.59958
18	11	62.6109
18	11	62.62226
18	11	62.6332
18	11	62.64426
18	11	62.65609
18	12	62.66689
18	12	62.67801
18	12	62.68906
18	12	62.70024
18	12	62.7171
18	12	62.7281
18	12	62.73502
18	12	62.7424
18	12	62.75353
18	12	62.76495
18	12	62.77624
18	13	62.78752
18	13	62.79869
18	13	62.80955
18	13	62.82073
18	13	62.83182
18	13	62.84287
18	13	62.85425
18	13	62.87109
18	13	62.881
18	13	62.88861
18	13	62.89973
18	14	62.9101
18	14	62.9213
18	14	62.9325
18	14	62.9439
18	14	62.95535
18	14	62.96605
18	14	62.97706
18	14	62.98838
18	14	62.99928
18	14	63.01075
18	15	63.029
18	15	63.0402
18	15	63.04872
18	15	63.05652
18	15	63.06467
18	15	63.07617
18	15	63.08717
18	15	63.09835
18	15	63.10963
18	15	63.1208
18	15	63.13184
18	15	63.14273
18	16	63.15379
18	16	63.16564
18	16	63.1825
18	16	63.19387
18	16	63.20095
18	16	63.21019
18	16	63.2213
18	16	63.23252
18	16	63.24373
18	16	63.25531
18	16	63.26594
18	17	63.27732
18	17	63.28866
18	17	63.29939
18	17	63.31055
18	17	63.32275
18	17	63.33905
18	17	63.34919
18	17	63.35583
18	17	63.36646
18	17	63.37755
18	17	63.38887
18	18	63.40062
18	18	63.41236
18	18	63.4232
18	18	63.43447
18	18	63.44611
18	18	63.45725
18	18	63.46831
18	18	63.47989
18	18	63.49614
18	18	63.50636
18	18	63.51326
18	19	63.52425
18	19	63.53558
18	19	63.54683
18	19	63.55815
18	19	63.56967
18	19	63.58077
18	19	63.59201
18	19	63.60302
18	19	63.61434
18	19	63.62521
18	19	63.63665
18	18	63.65026
18	18	63.65907
18	18	63.6698
18	18	63.68108
18	18	63.69193
18	18	63.70327
18	18	63.71472
18	18	63.72586
18	18	63.73704
18	18	63.748
18	18	63.75901
18	17	63.7702
18	17	63.78134
18	17	63.79325
18	17	63.80478
18	17	63.8154
18	17	63.82629
18	17	63.83759
18	17	63.8489
18	17	63.86046
18	17	63.8716
18	16	63.88301
18	16	63.89421
18	16	63.90561
18	16	63.91671
18	16	63.92844
18	16	63.93985
18	16	63.9512
18	16	63.9663
18	16	63.97373
18	16	63.98426
18	16	63.99504
18	15	64.00626
18	15	64.01754
18	15	64.02869
18	15	64.04005
18	15	64.051
18	15	64.0621
18	15	64.07355
18	15	64.08466
18	15	64.09589
18	15	64.10724
18	15	64.12614
18	14	64.13229
18	14	64.13868
18	14	64.14852
18	14	64.15952
18	14	64.17045
18	14	64.182
18	14	64.19315
18	14	64.20431
18	14	64.21545
18	14	64.22673
18	14	64.23808
18	13	64.24905
18	13	64.26051
18	13	64.27286
18	13	64.28265
18	13	64.29379
18	13	64.30481
18	13	64.3161
18	13	64.32719
18	13	64.33837
18	13	64.34937
18	13	64.36051
17	13	64.37152
17	13	64.38284
17	13	64.39404
17	13	64.40581
17	13	64.41709
17	13	64.43204
17	13	64.44143
17	13	64.45021
17	13	64.46136
17	13	64.47284
17	13	64.48422
16	13	64.4957
16	13	64.50707
16	13	64.5185
16	13	64.52972
16	13	64.5417
16	13	64.5525
16	13	64.56395
16	13	64.57584
16	13	64.59218
16	13	64.60241
16	13	64.60888
15	13	64.61977
15	13	64.63105
15	13	64.64246
15	13	64.65365
15	13	64.66463
15	13	64.67589
15	13	64.68694
15	13	64.69838
15	13	64.70976
15	13	64.72063
15	13	64.73206
14	13	64.76335
14	13	64.77411
14	13	64.78393
14	13	64.79077
14	13	64.79682
14	13	64.80671
14	13	64.81767
14	13	64.82909
14	13	64.84012
14	13	64.8513
13	13	64.86248
13	13	64.87432
13	13	64.88609
13	13	64.90484
13	13	64.91524
13	13	64.92211
13	13	64.93005
13	13	64.94097
13	13	64.952
13	13	64.96297
13	13	64.97401
12	13	64.98502
12	13	64.99594
12	13	65.00759
12	13	65.01864
12	13	65.02982
12	13	65.04134
12	13	65.05772
12	13	65.06733
12	13	65.07499
12	13	65.08569
12	13	65.09705
11	13	65.10818
11	13	65.1196
11	13	65.13098
11	13	65.14221
11	13	65.15311
11	13	65.16408
11	13	65.17555
11	13	65.18661
11	13	65.1985
11	13	65.21375
11	13	65.22284
10	13	65.23123
10	13	65.24248
10	13	65.25368
10	13	65.26526
10	13	65.27617
10	13	65.28765
10	13	65.29889
10	13	65.31027
10	13	65.3216
10	13	65.33282
10	13	65.34438
9	13	65.35689
9	13	65.3721
9	13	65.38287
9	13	65.3908
9	13	65.40106
9	13	65.41228
9	13	65.42376
9	13	65.43591
9	13	65.44662
9	13	65.45748
9	13	65.46868
9	12	65.47982
9	12	65.49097
9	12	65.50266
9	12	65.51355
9	12	65.52693
9	12	65.53627
9	12	65.54714
9	12	65.55832
9	12	65.5694
9	12	65.58075
9	12	65.59222
9	11	65.60356
9	11	65.61501
9	11	65.62627
9	11	65.63729
9	11	65.64831
9	11	65.65955
9	11	65.67069
9	11	65.68235
9	11	65.69318
9	11	65.70435
9	11	65.71556
9	10	65.72687
9	10	65.73776
9	10	65.74954
9	10	65.76057
9	10	65.77188
9	10	65.78314
9	10	65.79441
9	10	65.80544
9	10	65.81706
9	10	65.82895
10	10	65.84253
10	10	65.85137
10	10	65.86251
10	10	65.87356
10	10	65.88474
10	10	65.89591
10	10	65.907
10	10	65.91805
10	10	65.92932
10	10	65.9407
10	10	65.95159
11	10	65.9628
11	10	65.97434
11	10	65.98569
11	10	66.00274
11	10	66.0127
11	10	66.01935
11	10	66.02657
11	10	66.0377
11	10	66.04879
11	10	66.05997
11	10	66.07098
11	10	66.08205
12	10	66.09327
12	10	66.10435
12	10	66.11547
12	10	66.12678
12	10	66.13847
12	10	66.1534
12	10	66.16325
12	10	66.17156
12	10	66.1826
12	10	66.19377
12	9	66.20467
12	9	66.21609
12	9	66.2276
12	9	66.23849
12	9	66.24993
12	9	66.26122
12	9	66.2722
12	9	66.28338
12	9	66.295
12	9	66.31149
12	9	66.32166
12	8	66.32886
12	8	66.33852
12	8	66.3502
12	8	66.36161
12	8	66.37266
12	8	66.38354
12	8	66.39486
12	8	66.406
12	8	66.41717
12	8	66.42843
12	8	66.43934
12	7	66.45118
12	7	66.46655
12	7	66.4765
12	7	66.48566
12	7	66.49576
12	7	66.50685
12	7	66.51903
12	7	66.52951
12	7	66.54081
12	7	66.5517
12	7	66.56295
11	7	66.57418
11	7	66.58526
11	7	66.59666
11	7	66.60787
11	7	66.62377
11	7	66.6353
11	7	66.64285
11	7	66.65214
11	7	66.66321
11	7	66.67453
11	7	66.68568
10	7	66.69709
10	7	66.70853
10	7	66.71967
10	7	66.73089
10	7	66.74198
10	7	66.75291
10	7	66.7645
10	7	66.78107
10	7	66.79197
10	7	66.79986
10	7	66.80835
9	7	66.8195
9	7	66.83086
9	7	66.8428
9	7	66.85352
9	7	66.8645
9	7	66.87589
9	7	66.88654
9	7	66.89761
9	7	66.90881
9	7	66.92008
9	7	66.93463
8	7	66.94337
8	7	66.95354
8	7	66.96496
8	7	66.97633
8	7	66.98706
8	7	66.998
8	7	67.00964
8	7	67.02028
8	7	67.03158
8	7	67.0428
8	7	67.05379
7	7	67.0648
7	7	67.07654
7	7	67.09245
7	7	67.10295
7	7	67.10986
7	7	67.12065
7	7	67.132
7	7	67.14379
7	7	67.15468
7	7	67.16607
7	7	67.17754
6	7	67.18887
6	7	67.20002
6	7	67.21124
6	7	67.22243
6	7	67.23388
6	7	67.2491
6	7	67.25919
6	7	67.26719
6	7	67.27811
6	7	67.28944
6	7	67.30054
6	7	67.31161
6	7	67.32308
7	7	67.33397
7	7	67.34516
7	7	67.35635
7	7	67.36759
7	7	67.37852
7	7	67.38995
7	7	67.40188
7	7	67.41219
7	7	67.42342
7	7	67.43445
7	7	67.44567
8	7	67.45794
8	7	67.46927
8	7	67.47985
8	7	67.49081
8	7	67.5023
8	7	67.51351
8	7	67.52484
8	7	67.536
8	7	67.54766
8	7	67.56394
9	7	67.57166
9	7	67.5799
9	7	67.59069
9	7	67.60172
9	7	67.62969
9	7	67.63847
9	7	67.64532
9	7	67.65162
9	7	67.65967
9	7	67.66574
9	7	67.67708
9	7	67.68796
9	6	67.69958
9	6	67.71703
9	6	67.72437
9	6	67.73289
9	6	67.74449
9	6	67.75548
9	6	67.76674
9	6	67.77794
9	6	67.78925
9	6	67.80032
9	6	67.81149
9	5	67.82236
9	5	67.83353
9	5	67.84488
9	5	67.85645
9	5	67.87194
9	5	67.88165
9	5	67.88952
9	5	67.90021
9	5	67.91174
9	5	67.92243
9	5	67.93368
9	4	67.94486
9	4	67.95605
9	4	67.96748
9	4	67.97829
9	4	67.98956
9	4	68.00133
9	4	68.01279
9	4	68.02855
9	4	68.03806
9	4	68.04627
9	4	68.05732
9	4	68.06882
9	4	68.08011
10	4	68.091
10	4	68.10221
10	4	68.1134
10	4	68.12421
10	4	68.1357
10	4	68.14716
10	4	68.15788
10	4	68.17009
10	4	68.18451
10	4	68.19419
11	4	68.20506
11	4	68.2163
11	4	68.22753
11	4	68.23856
11	4	68.24957
11	4	68.26091
11	4	68.27205
11	4	68.28319
11	4	68.29456
11	4	68.30578
11	4	68.31705
12	4	68.32911
12	4	68.34574
12	4	68.35514
12	4	68.36463
12	4	68.37202
12	4	68.38314
12	4	68.39458
12	4	68.40558
12	4	68.41673
12	4	68.42783
12	4	68.43887
12	4	68.4502
12	4	68.46114
12	4	68.47208
12	4	68.48339
12	4	68.49876
12	4	68.50927
12	4	68.51675
12	4	68.52804
12	4	68.53925
12	4	68.55051
12	4	68.56189
12	4	68.57286
12	4	68.58393
12	4	68.59474
12	4	68.60595
12	4	68.61719
12	4	68.62836
12	4	68.63991
12	4	68.65321
12	4	68.662
12	4	68.67316
12	4	68.6843
12	4	68.6957
12	4	68.70715
12	4	68.71838
12	4	68.73002
12	4	68.74149
12	4	68.75275
12	4	68.76397
12	4	68.77534
12	4	68.78675
12	4	68.79863
12	4	68.81069
12	4	68.82045
12	4	68.83106
12	4	68.84212
12	4	68.85329
12	4	68.86457
12	4	68.87576
12	4	68.88702
12	4	68.89863
12	4	68.91031
12	4	68.9213
12	4	68.93265
12	4	68.94438
12	4	68.95571
12	4	68.9674
12	4	68.9783
12	4	68.98962
12	3	69.00091
12	3	69.01202
12	3	69.02331
12	3	69.03468
12	3	69.04587
12	3	69.05719
12	3	69.06842
12	3	69.08041
12	3	69.09087
12	3	69.10191
12	3	69.11343
12	2	69.13069
