x	y	time
15	11	0.1103259
15	11	0.1270531
15	11	0.1496981
15	11	0.1642799
15	11	0.1760616
15	11	0.1884303
15	11	0.201125
15	11	0.2145156
15	11	0.2252013
15	11	0.2367281
15	11	0.2594476
15	11	0.281229
15	11	0.309054
15	11	0.3255194
15	11	0.3488808
15	11	0.3701944
15	11	0.3927116
15	11	0.4152704
15	11	0.4372558
15	11	0.4648823
15	11	0.4817206
15	11	0.5042344
15	11	0.5264729
15	11	0.5488855
15	11	0.5713013
15	11	0.5941184
15	11	0.6215749
15	11	0.6382664
15	11	0.6612067
15	11	0.6829906
15	11	0.7052702
15	11	0.717521
15	11	0.7298583
15	11	0.742348
15	11	0.7557479
15	11	0.7772204
15	11	0.7893022
15	11	0.8061363
15	11	0.8192207
15	11	0.8316578
15	11	0.8440855
15	11	0.8567833
15	11	0.8698363
15	11	0.8819559
15	11	0.8939819
15	11	0.9069589
15	11	0.9268518
15	11	0.9391254
15	11	0.9520198
15	11	0.9642858
15	11	0.9757675
15	11	0.9878169
15	11	1.000587
15	11	1.013025
15	11	1.025754
15	11	1.038585
15	11	1.051978
15	11	1.064864
15	11	1.091048
15	11	1.107606
15	11	1.130075
15	11	1.151819
15	11	1.174516
15	11	1.196791
15	11	1.219962
15	11	1.247603
15	11	1.264072
15	11	1.286161
15	11	1.309182
15	11	1.331913
15	11	1.353287
15	11	1.375987
15	11	1.402679
15	11	1.419994
15	11	1.442859
15	11	1.465608
15	11	1.487365
15	11	1.509723
15	11	1.532608
15	11	1.559207
15	11	1.577019
15	11	1.588424
15	11	1.601031
15	11	1.614537
15	11	1.628576
15	11	1.640444
15	11	1.653546
15	11	1.666062
15	11	1.684657
15	11	1.704301
15	11	1.717912
15	11	1.730731
15	11	1.744031
15	11	1.756542
15	11	1.769461
15	11	1.782587
15	11	1.79509
15	11	1.807441
15	11	1.819602
15	11	1.832608
15	11	1.845704
15	11	1.866875
15	11	1.880361
15	11	1.893353
15	11	1.905272
15	11	1.919108
15	11	1.934454
15	11	1.956852
15	11	1.979249
15	11	2.001584
15	11	2.029898
15	11	2.045717
15	11	2.067789
15	11	2.090504
15	11	2.113525
15	11	2.135483
15	11	2.158253
15	11	2.186627
15	11	2.202444
15	11	2.224724
15	11	2.247647
15	11	2.2715
15	11	2.291318
15	11	2.314543
15	11	2.342793
15	11	2.359123
15	11	2.381391
15	11	2.40401
15	11	2.41717
15	11	2.42944
15	11	2.443202
15	11	2.456255
15	11	2.469968
15	11	2.488429
15	11	2.501029
15	11	2.51364
15	11	2.526124
15	11	2.538869
15	11	2.552007
15	11	2.565162
15	11	2.57743
15	11	2.590921
15	11	2.604068
15	11	2.618195
15	11	2.630871
15	11	2.650338
15	11	2.662731
15	11	2.67588
15	11	2.689066
15	11	2.702074
15	11	2.715135
15	11	2.727617
15	11	2.740556
15	11	2.759989
15	11	2.782961
15	11	2.811006
15	11	2.828326
15	11	2.850515
15	11	2.872953
15	11	2.895059
15	11	2.918338
15	11	2.939633
15	11	2.969924
15	11	2.9837
15	11	3.005843
15	11	3.02805
15	11	3.051122
15	11	3.073347
15	11	3.096616
15	11	3.123453
15	11	3.141066
15	11	3.163189
15	11	3.184932
15	11	3.20736
15	11	3.22994
15	11	3.242253
15	11	3.255204
15	11	3.274295
15	11	3.287309
15	11	3.299676
15	11	3.312625
15	11	3.325816
15	11	3.340106
15	11	3.35274
15	11	3.364984
15	11	3.377443
15	11	3.390432
15	11	3.402666
15	11	3.417696
15	11	3.438642
15	11	3.451976
15	11	3.46415
15	11	3.477504
15	11	3.490918
15	11	3.50328
15	11	3.51571
15	11	3.52885
16	11	3.542783
16	11	3.554397
16	11	3.568841
16	11	3.593143
16	11	3.609256
16	11	3.631499
16	11	3.653868
17	11	3.676295
17	11	3.699434
17	11	3.721746
17	11	3.749822
17	11	3.765891
18	11	3.788467
18	11	3.810565
18	11	3.832833
18	11	3.855453
18	11	3.878309
19	11	3.906013
19	11	3.922412
19	11	3.945562
19	11	3.96766
19	11	3.990185
19	11	4.012728
20	11	4.03493
20	11	4.061925
20	11	4.077299
20	11	4.090852
20	11	4.103942
20	11	4.117189
20	11	4.129553
21	11	4.14475
21	11	4.15915
21	11	4.17231
21	11	4.188884
21	11	4.21071
21	11	4.227503
21	11	4.246006
21	11	4.258214
22	11	4.271151
22	11	4.286064
22	11	4.303412
22	11	4.318811
22	11	4.335335
22	11	4.349452
22	11	4.372288
22	11	4.388799
23	11	4.401615
23	11	4.416055
23	11	4.431142
23	11	4.447448
23	11	4.469922
23	11	4.492482
24	11	4.515524
24	11	4.542665
24	11	4.559616
24	11	4.581925
24	11	4.603987
24	11	4.625855
25	11	4.648789
25	11	4.671484
25	11	4.698602
25	11	4.715473
25	11	4.737685
26	11	4.759629
26	11	4.781898
26	11	4.804886
26	11	4.827415
26	11	4.855519
26	11	4.871282
27	11	4.894022
27	11	4.918209
27	11	4.933945
27	11	4.95007
27	11	4.962472
27	11	4.975177
27	11	4.988384
27	10	5.010862
27	10	5.026181
27	10	5.041178
27	10	5.056324
27	10	5.07191
27	10	5.084791
27	10	5.097991
27	10	5.110954
27	9	5.123271
27	9	5.135992
27	9	5.150667
27	9	5.174333
27	9	5.191074
27	9	5.204198
27	9	5.216572
27	9	5.229304
27	9	5.241773
27	8	5.25436
27	8	5.265845
27	8	5.279727
27	8	5.296041
27	8	5.312006
27	8	5.333481
27	8	5.348855
27	8	5.362908
27	8	5.385363
27	8	5.40767
27	8	5.430981
27	8	5.45292
27	8	5.475957
27	8	5.503827
27	8	5.524728
27	8	5.541736
27	8	5.563692
27	8	5.586577
27	8	5.60829
27	8	5.631367
27	8	5.659547
27	8	5.675702
27	8	5.698702
27	8	5.720668
27	8	5.743559
27	8	5.765602
27	8	5.778714
27	8	5.791509
27	8	5.809878
27	8	5.822766
27	8	5.836554
27	8	5.848862
27	8	5.862444
27	8	5.875101
27	8	5.887994
26	8	5.900967
26	8	5.914917
26	8	5.933494
26	8	5.949724
26	8	5.973394
26	8	5.988195
26	8	6.000508
25	8	6.012723
25	8	6.026448
25	8	6.039474
25	8	6.055031
25	8	6.0705
25	8	6.083621
25	8	6.096507
25	8	6.109746
25	8	6.130033
25	7	6.146097
25	7	6.158881
25	7	6.178445
25	7	6.200407
25	7	6.223165
25	7	6.245584
25	6	6.268666
25	6	6.296228
25	6	6.313958
25	6	6.334602
25	6	6.356626
25	5	6.37898
25	5	6.401716
25	5	6.424717
25	5	6.453242
25	5	6.468799
25	5	6.491674
26	5	6.514088
26	5	6.535906
26	5	6.558703
26	5	6.581511
26	5	6.608612
27	5	6.624418
27	5	6.637052
27	5	6.650908
27	5	6.666067
27	5	6.683047
27	5	6.699299
27	5	6.715569
27	5	6.729502
27	5	6.744535
27	5	6.770429
27	5	6.7878
27	5	6.803692
27	5	6.817122
27	5	6.828596
27	5	6.841195
27	5	6.85336
27	5	6.865716
27	5	6.878375
27	5	6.890786
27	5	6.904926
27	4	6.925067
27	4	6.938096
27	4	6.953238
27	4	6.968076
27	4	6.98088
27	4	6.993582
27	4	7.00569
27	4	7.027548
27	3	7.05006
27	3	7.072496
27	3	7.101308
27	3	7.116597
27	3	7.139396
27	2	7.161774
27	2	7.184056
27	2	7.205994
27	2	7.229397
27	2	7.256351
27	2	7.273167
27	2	7.295396
27	2	7.318007
27	2	7.340083
27	2	7.362602
27	2	7.385087
27	2	7.412434
27	2	7.428997
26	2	7.451437
26	2	7.46332
26	2	7.475535
26	2	7.490663
26	2	7.506394
26	2	7.519053
26	2	7.531323
26	2	7.543465
26	2	7.565017
25	2	7.580061
25	2	7.592752
25	2	7.609972
25	2	7.624781
25	2	7.63877
25	2	7.652351
25	2	7.664083
25	2	7.678257
24	2	7.691251
24	2	7.703795
24	2	7.727162
24	2	7.743035
24	2	7.755462
24	2	7.767694
24	2	7.780385
24	2	7.792336
24	2	7.80554
23	2	7.818799
23	2	7.830689
23	2	7.843025
23	2	7.866179
23	2	7.8929
23	2	7.909515
23	2	7.931611
22	2	7.954257
22	2	7.976666
22	2	7.999293
22	2	8.022491
22	2	8.05022
22	3	8.06617
22	3	8.089091
22	3	8.110494
22	3	8.133181
22	3	8.155663
22	4	8.199634
22	4	8.222372
22	4	8.238095
22	4	8.250228
22	4	8.267359
22	4	8.289705
22	5	8.311886
22	5	8.327662
22	5	8.347996
22	5	8.364624
22	5	8.385508
22	5	8.399425
22	5	8.411775
23	5	8.424024
23	5	8.436016
23	5	8.44978
23	5	8.465034
23	5	8.480485
23	5	8.493505
23	5	8.50543
23	5	8.518512
23	5	8.539441
24	5	8.554838
24	5	8.568472
24	5	8.582684
24	5	8.599133
24	5	8.613832
24	5	8.626952
24	5	8.639812
24	5	8.65211
24	5	8.665503
25	5	8.678227
25	5	8.698738
25	5	8.714809
25	5	8.726414
25	5	8.747347
25	5	8.769311
26	5	8.791634
26	5	8.81415
26	5	8.836818
26	5	8.86433
26	5	8.881082
26	5	8.903275
27	5	8.926251
27	5	8.948887
27	5	8.97162
27	5	8.993826
27	5	9.021792
27	5	9.038478
27	5	9.060081
27	5	9.082135
26	5	9.105174
26	5	9.127191
26	5	9.150064
26	5	9.178411
26	5	9.19185
26	5	9.206965
26	5	9.221612
25	5	9.234669
25	5	9.247787
25	5	9.262362
25	5	9.272951
25	5	9.287091
25	5	9.30013
25	5	9.321423
25	5	9.340916
24	5	9.355111
24	5	9.367842
24	5	9.380593
24	5	9.394063
24	5	9.406804
24	5	9.420421
24	5	9.433729
24	5	9.446764
24	5	9.461216
23	5	9.480914
23	5	9.494994
23	5	9.508643
23	5	9.521711
23	5	9.540839
23	5	9.562939
23	5	9.585112
22	5	9.607541
22	5	9.63026
22	5	9.657176
22	5	9.673938
22	5	9.696387
22	6	9.71927
22	6	9.742255
22	6	9.766163
22	6	9.786711
22	6	9.814193
22	6	9.830803
22	7	9.853414
22	7	9.875699
22	7	9.898034
22	7	9.920959
22	7	9.942868
22	8	9.971142
22	8	9.989063
22	8	10.00973
22	8	10.02186
22	8	10.0364
22	8	10.04909
22	8	10.06135
22	8	10.07498
22	8	10.08845
22	8	10.10231
22	8	10.12646
22	8	10.14213
22	8	10.15457
22	8	10.16952
22	8	10.18332
22	8	10.19598
22	9	10.2093
22	9	10.22498
22	9	10.23845
22	9	10.25502
22	9	10.27683
22	9	10.29314
22	9	10.30623
22	9	10.31777
22	10	10.33188
22	10	10.34621
22	10	10.36139
22	10	10.38048
22	10	10.39338
22	10	10.41154
22	10	10.4399
22	11	10.45595
22	11	10.47872
22	11	10.50169
22	11	10.52429
22	11	10.5462
22	12	10.56889
22	12	10.59648
22	12	10.61302
22	12	10.63543
22	12	10.65777
22	12	10.68459
22	13	10.70528
22	13	10.72893
22	13	10.7575
22	13	10.7729
22	13	10.79489
22	14	10.8159
22	14	10.8349
22	14	10.85436
22	14	10.87022
22	14	10.88595
22	14	10.90702
22	14	10.92347
22	15	10.93658
22	15	10.94879
22	15	10.96197
22	15	10.97755
22	15	10.99259
22	15	11.00518
22	15	11.01863
22	15	11.03094
22	15	11.04593
22	17	11.06748
22	17	11.08296
22	17	11.10003
22	17	11.11287
22	17	11.12501
22	17	11.13672
22	17	11.14877
22	17	11.16084
22	17	11.17277
23	17	11.18505
23	17	11.19703
23	17	11.21922
23	17	11.23663
23	17	11.25018
23	17	11.26238
23	17	11.27694
23	17	11.29194
24	17	11.31508
24	17	11.33778
24	17	11.36075
24	17	11.38795
24	17	11.40563
25	17	11.42846
25	17	11.45068
25	17	11.47279
25	17	11.49512
25	17	11.51811
26	17	11.54473
26	17	11.56297
26	17	11.58506
26	17	11.60659
26	17	11.62869
26	17	11.65172
27	17	11.67467
27	17	11.70178
27	17	11.71933
27	17	11.74108
27	17	11.75438
27	17	11.76608
27	17	11.77835
27	17	11.79151
27	17	11.80384
27	17	11.81615
27	16	11.82976
27	16	11.85325
27	16	11.8705
27	16	11.89124
27	16	11.90329
27	16	11.91613
27	16	11.92886
27	16	11.94103
27	15	11.95242
27	15	11.96521
27	15	11.9804
27	15	12.00191
27	15	12.01686
27	15	12.02941
27	15	12.04242
27	15	12.05457
27	14	12.06716
27	14	12.07921
27	14	12.09252
27	14	12.10675
27	14	12.1216
27	14	12.1341
27	14	12.15519
27	14	12.16878
27	14	12.18791
27	14	12.21008
26	14	12.23182
26	14	12.25463
26	14	12.27798
26	14	12.29987
26	14	12.32884
26	14	12.34395
25	14	12.36615
25	14	12.38869
25	14	12.41079
25	14	12.43295
25	14	12.45583
25	14	12.48636
25	14	12.5005
25	14	12.5233
25	13	12.54525
25	13	12.56736
25	13	12.58967
25	13	12.60481
25	13	12.62089
25	13	12.64132
25	13	12.6577
25	12	12.67055
25	12	12.68291
25	12	12.69658
25	12	12.71203
25	12	12.72795
25	12	12.73947
25	12	12.75157
25	12	12.76299
25	12	12.77495
25	11	12.79765
25	11	12.81431
25	11	12.8265
25	11	12.83825
25	11	12.85064
25	11	12.8639
25	11	12.87739
25	11	12.89091
25	11	12.90359
25	11	12.9176
25	11	12.93067
25	11	12.94813
25	11	12.9595
25	11	12.98057
25	11	13.00244
25	11	13.02549
25	11	13.0478
25	11	13.06988
25	11	13.09245
25	11	13.12013
25	11	13.13669
25	11	13.15934
25	11	13.18168
25	11	13.20387
25	11	13.22645
25	11	13.24944
25	11	13.27699
25	11	13.29403
25	11	13.31624
25	11	13.33869
26	11	13.36052
26	11	13.38272
26	11	13.40622
26	11	13.43315
26	11	13.4467
26	11	13.45959
26	11	13.47242
27	11	13.48566
27	11	13.49936
27	11	13.51218
27	11	13.52421
27	11	13.53698
27	11	13.54925
27	11	13.56131
27	11	13.57991
27	11	13.59256
27	11	13.60326
27	11	13.61519
27	11	13.62695
27	11	13.63823
27	11	13.65063
27	11	13.66289
27	11	13.67452
27	11	13.68652
27	11	13.69827
27	11	13.71058
27	11	13.72339
27	11	13.74114
27	11	13.75295
27	11	13.76612
27	11	13.7777
27	11	13.79049
27	11	13.80203
27	11	13.81407
27	11	13.82995
27	11	13.8521
27	11	13.8745
27	11	13.90163
27	11	13.91898
27	11	13.94098
27	11	13.96348
26	11	13.98563
26	11	14.00816
26	11	14.03093
26	11	14.05916
26	11	14.07557
26	11	14.098
25	11	14.12027
25	11	14.14232
25	11	14.16543
25	11	14.1876
25	11	14.21447
24	11	14.23113
24	11	14.25351
24	11	14.27595
24	11	14.29834
24	11	14.31146
24	11	14.32398
24	11	14.33666
23	11	14.35023
23	11	14.36946
23	11	14.38846
23	11	14.40119
23	11	14.41342
23	11	14.4273
23	11	14.44332
23	11	14.45534
22	11	14.46826
22	11	14.48147
22	11	14.49363
22	11	14.50685
22	11	14.52574
22	11	14.53834
22	11	14.55179
22	11	14.56375
22	11	14.57583
22	11	14.58867
22	12	14.60104
22	12	14.61399
22	12	14.62664
22	12	14.63867
22	12	14.65109
22	12	14.66745
22	12	14.69484
22	13	14.71227
22	13	14.73412
22	13	14.75657
22	13	14.77903
22	13	14.80131
22	13	14.82404
22	14	14.85178
22	14	14.86847
22	14	14.8907
22	14	14.91301
22	14	14.93518
22	15	14.95743
22	15	14.98031
22	15	15.00797
22	15	15.02443
22	15	15.04728
22	15	15.06912
22	16	15.09171
22	16	15.11422
22	16	15.13735
22	16	15.15905
22	16	15.17326
22	16	15.18575
22	16	15.19801
22	17	15.2112
22	17	15.22383
22	17	15.23727
22	17	15.25154
22	17	15.26437
22	17	15.27636
22	17	15.28839
22	17	15.30684
22	17	15.32164
22	18	15.33464
22	18	15.34867
22	18	15.36252
22	18	15.38006
22	18	15.39188
22	18	15.40602
22	18	15.41928
22	18	15.43099
22	19	15.44488
22	19	15.46881
22	19	15.48783
22	19	15.50231
22	19	15.51576
22	19	15.52789
22	19	15.54924
22	20	15.57168
22	20	15.59385
22	20	15.61756
22	20	15.65109
22	20	15.66573
22	20	15.68375
22	21	15.7068
22	21	15.72872
22	21	15.75096
22	21	15.77438
22	21	15.80088
22	22	15.81809
22	22	15.84011
22	22	15.86255
22	22	15.88526
22	22	15.90773
22	22	15.93093
22	23	15.9579
22	23	15.97481
22	23	15.9968
22	23	16.0105
22	23	16.02295
22	23	16.03394
22	23	16.04699
23	23	16.06094
23	23	16.07404
23	23	16.08804
23	23	16.11077
23	23	16.12721
23	23	16.14094
23	23	16.15244
23	23	16.16475
24	23	16.17781
24	23	16.19005
24	23	16.2026
24	23	16.21918
24	23	16.2334
24	23	16.24665
24	23	16.26899
24	23	16.28382
24	23	16.29639
25	23	16.30899
25	23	16.32017
25	23	16.3352
25	23	16.35185
25	23	16.36594
25	23	16.37744
25	23	16.39952
26	23	16.42641
26	23	16.44398
26	23	16.46556
26	23	16.4879
26	23	16.51029
26	23	16.53282
27	23	16.55568
27	23	16.58386
27	23	16.59977
27	23	16.62221
27	23	16.64459
27	24	16.66694
27	24	16.69008
27	24	16.71249
27	24	16.73981
27	24	16.75613
27	24	16.77876
27	25	16.80087
27	25	16.82351
27	25	16.84613
27	25	16.86891
27	25	16.89357
27	25	16.91074
27	26	16.92329
27	26	16.93614
27	26	16.95566
27	26	16.97078
27	26	16.98297
27	26	16.99649
27	26	17.00874
27	26	17.0233
27	27	17.04615
27	27	17.06331
27	27	17.07792
27	27	17.09034
27	27	17.10395
27	27	17.11707
27	27	17.1287
27	27	17.14085
27	27	17.15328
27	28	17.16496
27	28	17.17867
27	28	17.20088
27	28	17.21887
27	28	17.2312
27	28	17.2427
27	28	17.25572
27	28	17.27022
27	29	17.29256
27	29	17.31467
27	29	17.33763
27	29	17.36542
27	29	17.38148
27	30	17.40391
27	30	17.42629
27	30	17.44876
27	30	17.47155
27	30	17.49393
27	30	17.52116
27	30	17.53846
27	30	17.56067
27	30	17.58254
27	30	17.60516
27	30	17.62773
27	30	17.65034
27	30	17.67826
27	30	17.69434
27	30	17.71654
27	30	17.73946
27	30	17.75266
27	30	17.7654
27	30	17.77728
27	30	17.79081
27	30	17.80461
27	30	17.82266
27	30	17.8342
27	30	17.84591
27	30	17.85987
27	30	17.87272
27	30	17.88475
27	30	17.89719
27	30	17.91121
27	30	17.92505
27	30	17.93663
27	30	17.94831
27	30	17.96307
27	30	17.98243
27	30	17.99556
27	30	18.00849
27	30	18.02057
27	30	18.03263
27	30	18.04693
27	30	18.06037
27	30	18.07316
27	30	18.0856
27	30	18.09674
27	30	18.11915
27	30	18.15226
27	30	18.16844
26	30	18.21688
26	30	18.23057
26	30	18.24776
26	30	18.26546
26	30	18.28383
26	30	18.30479
25	30	18.31975
25	30	18.34266
25	30	18.36512
25	30	18.38673
25	30	18.40965
25	30	18.43178
24	30	18.45464
24	30	18.48899
24	30	18.51073
24	30	18.52384
24	30	18.54367
23	30	18.56601
23	30	18.5891
23	30	18.61189
23	30	18.63485
23	30	18.6534
23	30	18.66762
22	30	18.68149
22	30	18.69557
22	30	18.71121
22	30	18.7281
22	30	18.74469
22	30	18.75951
22	30	18.77262
22	30	18.79867
22	29	18.81762
22	29	18.83263
22	29	18.84929
22	29	18.86542
22	29	18.87656
22	29	18.88911
22	29	18.90319
22	29	18.91806
22	28	18.93253
22	28	18.95588
22	28	18.97312
22	28	18.98844
22	28	19.00275
22	28	19.0247
22	28	19.03517
22	27	19.05722
22	27	19.07993
22	27	19.10247
22	27	19.13058
22	27	19.14655
22	26	19.16832
22	26	19.1908
22	26	19.21347
22	26	19.23572
22	26	19.25892
22	26	19.28621
22	25	19.30301
22	25	19.32624
22	25	19.34817
22	25	19.37032
22	24	19.48818
22	24	19.51855
22	23	19.53853
22	23	19.555
22	23	19.56973
22	23	19.58481
22	23	19.59623
22	23	19.6153
22	23	19.63903
22	22	19.66224
22	22	19.67657
22	22	19.688
22	22	19.69907
22	22	19.71235
22	22	19.72982
22	22	19.74516
22	22	19.75717
22	22	19.76883
22	21	19.78078
22	21	19.79293
22	21	19.81139
22	21	19.82387
22	21	19.83471
22	21	19.84635
22	21	19.85922
22	21	19.87101
22	21	19.88383
22	21	19.89668
22	22	19.90979
22	22	19.92418
22	22	19.937
22	22	19.94944
22	22	19.96628
22	22	19.97807
22	22	19.99462
22	22	20.01726
22	23	20.03972
22	23	20.06222
22	23	20.08432
22	23	20.10716
22	23	20.13439
22	24	20.15179
22	24	20.174
22	24	20.19647
22	24	20.2188
22	24	20.24085
22	24	20.26389
22	25	20.29099
22	25	20.30874
22	25	20.33142
22	25	20.35309
22	25	20.37607
22	26	20.39788
22	26	20.42065
22	26	20.44892
22	26	20.46397
22	26	20.47579
22	26	20.4892
22	26	20.50245
23	26	20.51995
23	26	20.53503
23	26	20.54808
23	26	20.56594
23	26	20.58564
23	26	20.60802
23	26	20.62327
24	26	20.63547
24	26	20.64785
24	26	20.66024
24	26	20.67679
24	26	20.69135
24	26	20.70315
24	26	20.71589
24	26	20.72918
24	26	20.74162
25	26	20.76248
25	26	20.77819
25	26	20.79088
25	26	20.80489
25	26	20.81927
25	26	20.83734
25	26	20.84965
25	26	20.86704
26	26	20.8889
26	26	20.91331
26	26	20.94041
26	26	20.96219
26	26	20.97849
27	26	21.00019
27	26	21.02277
27	26	21.04549
27	26	21.06811
27	26	21.09672
27	26	21.11192
26	26	21.13481
26	26	21.15686
26	26	21.1796
23	26	21.51294
23	26	21.55411
23	26	21.57176
23	26	21.58709
23	26	21.60093
22	26	21.61889
22	26	21.63591
22	26	21.65208
22	26	21.6672
22	26	21.68907
22	26	21.71892
21	26	21.74259
21	26	21.75685
21	26	21.77202
21	26	21.79052
21	26	21.8093
21	26	21.82338
21	26	21.8481
20	26	21.86419
20	26	21.87894
20	26	21.89431
19	26	21.98469
19	26	22.00834
19	26	22.02462
19	26	22.04374
19	26	22.0559
19	26	22.06955
19	26	22.08185
19	26	22.09734
18	26	22.11235
18	26	22.12521
18	26	22.14101
18	26	22.16358
18	26	22.18005
18	26	22.19177
18	26	22.20462
18	26	22.21865
17	26	22.23157
17	26	22.24351
17	26	22.25665
17	26	22.27255
17	26	22.28877
17	26	22.30107
17	26	22.32653
17	26	22.34386
16	26	22.35637
16	26	22.37195
16	26	22.3924
16	26	22.4097
16	26	22.42097
16	26	22.43308
16	26	22.44588
16	26	22.4628
16	26	22.48329
16	26	22.4991
16	26	22.5209
16	26	22.54334
16	26	22.5652
16	26	22.58803
16	26	22.61034
16	26	22.63262
16	26	22.65991
16	26	22.6771
16	26	22.69978
16	26	22.72193
16	26	22.74525
16	26	22.76743
16	26	22.78985
16	26	22.81839
16	26	22.83554
16	26	22.85715
16	26	22.87923
16	26	22.90146
16	26	22.92389
16	26	22.94674
16	26	22.96407
16	26	22.97689
16	26	22.98825
16	26	23.0008
16	26	23.01358
16	26	23.02662
16	26	23.04139
16	26	23.05514
16	26	23.06822
16	26	23.08066
16	26	23.09435
16	26	23.10678
16	26	23.12666
16	26	23.13853
16	26	23.15241
17	26	23.17081
17	26	23.18369
17	26	23.19651
17	26	23.20956
17	26	23.22119
17	26	23.23446
17	26	23.24963
17	26	23.26328
18	26	23.28204
18	26	23.29427
18	26	23.30585
18	26	23.32582
18	26	23.34801
18	26	23.3702
18	26	23.39336
19	26	23.41578
19	26	23.44355
19	26	23.46009
19	26	23.48214
19	26	23.50421
20	26	23.52689
20	26	23.54905
20	26	23.5717
20	26	23.59911
20	26	23.61617
20	26	23.63868
21	26	23.6614
21	26	23.68379
21	26	23.70603
21	26	23.72823
21	26	23.75616
22	26	23.77261
22	26	23.7842
22	26	23.79536
22	26	23.81239
22	26	23.82469
22	26	23.83716
22	26	23.85103
22	26	23.86328
22	26	23.87567
23	26	23.88891
23	26	23.9088
23	26	23.92046
23	26	23.93275
23	26	23.94559
23	26	23.95859
23	26	23.97005
23	26	23.98193
23	26	23.99436
23	26	24.00665
24	26	24.01902
24	26	24.03026
24	26	24.04288
24	26	24.06182
24	26	24.07387
24	26	24.08548
24	26	24.09707
24	26	24.1101
24	26	24.1218
24	26	24.13324
25	26	24.15221
25	26	24.18397
25	26	24.19733
25	26	24.22464
25	26	24.24192
24	26	24.26419
24	26	24.28645
24	26	24.30918
24	26	24.33116
24	26	24.35341
23	26	24.38174
23	26	24.39806
23	26	24.42027
23	26	24.44288
23	26	24.46518
23	26	24.48745
22	26	24.51066
22	26	24.53792
22	26	24.55447
22	26	24.5769
22	26	24.60072
22	26	24.62089
21	26	24.6322
21	26	24.64465
21	26	24.65611
21	26	24.66833
21	26	24.68833
21	26	24.70109
21	26	24.71396
21	26	24.7253
21	26	24.7373
20	26	24.75069
20	26	24.76274
20	26	24.77471
20	26	24.78659
20	26	24.79827
20	26	24.81003
20	26	24.82254
20	26	24.84079
20	26	24.85293
20	26	24.86441
19	26	24.87793
19	26	24.89006
19	26	24.90274
19	26	24.9154
19	26	24.92724
19	26	24.94005
18	26	24.99571
18	26	25.02041
18	26	25.03221
18	26	25.04355
18	26	25.05551
18	26	25.06863
18	26	25.09083
17	26	25.1131
17	26	25.13553
17	26	25.15845
17	26	25.1856
17	26	25.20201
17	26	25.22427
16	26	25.24676
16	26	25.2689
16	26	25.29107
16	26	25.6244
16	26	25.65134
16	26	25.669
16	26	25.68228
16	26	25.69407
16	26	25.71662
16	26	25.73872
16	26	25.77271
16	26	25.8063
16	26	25.8441
16	26	25.87245
16	26	25.90595
16	26	25.93935
16	26	25.97348
16	26	26.01147
16	26	26.0398
16	26	26.07361
16	26	26.10748
16	26	26.14082
16	26	26.17933
16	26	26.21003
16	26	26.2415
16	26	26.27509
16	26	26.30857
16	26	26.34711
16	26	26.375
16	26	26.4088
16	26	26.44204
16	26	26.47592
16	26	26.51446
16	26	26.53166
16	26	26.55346
16	26	26.57647
16	26	26.59783
16	26	26.62048
16	26	26.64316
16	26	26.67091
16	26	26.68763
16	26	26.70964
16	26	26.73237
16	26	26.7548
16	26	26.77719
16	26	26.79928
16	26	26.82701
16	26	26.84403
16	26	26.86664
16	26	26.88898
16	26	26.91216
16	26	26.93386
16	26	26.95693
16	26	26.98399
16	26	27.00049
16	26	27.02231
16	26	27.04459
16	26	27.06719
16	26	27.08937
16	26	27.11217
16	26	27.14003
16	26	27.15685
16	26	27.17892
16	26	27.20175
16	26	27.22424
16	26	27.24629
16	26	27.2694
16	26	27.29722
16	26	27.31765
16	26	27.34028
16	26	27.36313
16	26	27.38582
16	26	27.40868
16	26	27.43198
16	26	27.45885
16	26	27.47597
16	26	27.49831
16	26	27.52025
16	26	27.54266
16	26	27.56576
16	26	27.58775
16	26	27.6151
16	26	27.6319
16	26	27.65484
16	26	27.67659
16	26	27.69941
16	26	27.72115
16	26	27.74416
16	26	27.77307
16	26	27.78684
16	26	27.79977
16	26	27.81294
16	26	27.8261
16	26	27.83895
16	26	27.85153
16	26	27.86407
16	26	27.87629
16	26	27.88904
16	26	27.90505
16	26	27.92519
16	26	27.93901
16	26	27.95191
16	26	27.96463
16	26	27.97703
16	26	27.989
16	26	28.00348
16	26	28.01499
16	26	28.02692
16	26	28.03973
16	26	28.05399
16	26	28.0665
16	26	28.08492
16	26	28.09711
16	26	28.10912
16	26	28.12215
16	26	28.13465
16	26	28.15217
16	26	28.17399
16	26	28.19651
16	26	28.21952
16	26	28.24574
16	26	28.26483
16	26	28.28579
16	26	28.30771
16	26	28.33029
16	26	28.35238
16	26	28.37546
16	26	28.40495
16	26	28.42016
16	26	28.44299
16	26	28.46492
16	26	28.4883
16	26	28.50896
16	26	28.53148
16	26	28.55913
16	26	28.57566
16	26	28.58956
16	26	28.60411
16	26	28.6213
16	26	28.63573
16	26	28.64846
16	26	28.66068
16	26	28.67383
16	27	28.68801
16	27	28.71116
16	27	28.72462
16	27	28.73972
16	27	28.75596
16	27	28.76876
16	27	28.77976
16	27	28.79204
16	28	28.80269
16	28	28.81714
16	28	28.83095
16	28	28.84595
16	28	28.86763
16	28	28.88292
16	28	28.8955
16	28	28.9078
16	28	28.91906
16	29	28.93143
16	29	28.94478
16	29	28.96704
16	29	28.98918
16	29	29.01252
16	29	29.04031
16	30	29.05733
16	30	29.07897
16	30	29.10162
16	30	29.12413
16	30	29.14597
16	30	29.16877
17	30	29.1961
17	30	29.21229
17	30	29.23548
17	30	29.25723
17	30	29.28079
17	30	29.303
18	30	29.3256
18	30	29.35316
18	30	29.37035
18	30	29.39219
18	30	29.41475
18	30	29.427
19	30	29.43902
19	30	29.45114
19	30	29.46329
19	30	29.48034
19	30	29.503
19	30	29.51737
19	30	29.52921
19	30	29.54049
19	30	29.55228
20	30	29.56431
20	30	29.57629
20	30	29.58931
20	30	29.60545
20	30	29.62001
20	30	29.63301
20	30	29.65491
20	30	29.67044
21	30	29.68269
21	30	29.69416
21	30	29.70775
21	30	29.72735
21	30	29.74285
21	30	29.75525
21	30	29.76652
21	30	29.78334
22	30	29.81038
22	30	29.82685
22	30	29.84958
22	30	29.872
22	30	29.89469
22	30	29.91658
23	30	29.93905
23	30	29.96665
23	30	29.98345
23	30	30.00613
23	30	30.02821
24	30	30.05043
24	30	30.07313
24	30	30.09629
24	30	30.12374
24	30	30.13972
24	30	30.16266
25	30	30.18435
25	30	30.20701
25	30	30.23006
25	30	30.25237
25	30	30.26978
25	30	30.28288
26	30	30.29654
26	30	30.30853
26	30	30.32098
26	30	30.33308
26	30	30.34514
26	30	30.35728
26	30	30.36964
26	30	30.38138
26	30	30.39379
26	30	30.40595
27	30	30.42422
27	30	30.43738
27	30	30.44895
27	30	30.463
27	30	30.47473
27	30	30.486
27	30	30.50021
27	30	30.51472
27	30	30.52621
27	30	30.53805
27	30	30.5493
27	30	30.56103
27	30	30.57891
27	30	30.59106
27	30	30.60272
27	30	30.61398
27	30	30.63178
27	30	30.65338
27	30	30.67541
27	30	30.69797
27	30	30.72097
27	30	30.7485
27	30	30.7654
27	30	30.78775
27	30	30.81013
27	29	30.83275
27	29	30.85496
27	29	30.87771
27	29	30.90575
27	29	30.92256
27	28	30.94446
27	28	30.96691
27	28	30.98893
27	28	31.01045
27	28	31.0333
27	28	31.06067
27	27	31.07763
27	27	31.08878
27	27	31.10063
27	27	31.1145
27	27	31.12658
27	27	31.13866
27	27	31.15075
27	27	31.16362
27	27	31.17565
27	27	31.18706
27	26	31.20644
27	26	31.21867
27	26	31.23345
27	26	31.24682
27	26	31.25793
27	26	31.27046
27	26	31.28281
27	26	31.29532
27	26	31.30748
27	25	31.31841
27	25	31.33027
27	25	31.34331
27	25	31.36125
27	25	31.37359
27	25	31.38484
27	25	31.39674
27	25	31.40861
27	25	31.42071
27	24	31.43366
27	24	31.44638
27	24	31.4578
27	24	31.46902
27	24	31.49128
27	24	31.51444
27	24	31.54193
27	23	31.55809
27	23	31.58033
27	23	31.60292
27	23	31.6248
27	23	31.6475
27	23	31.67006
26	23	31.69842
26	23	31.71496
26	23	31.7367
26	23	31.7591
26	23	31.78097
25	23	31.80388
25	23	31.82669
25	23	31.85441
25	23	31.87151
25	23	31.89382
25	23	31.91626
24	23	31.93826
24	23	31.96119
24	23	31.97261
24	23	31.98357
24	23	32.00043
24	23	32.0122
24	23	32.02412
24	23	32.03592
23	23	32.04839
23	23	32.0601
23	23	32.07327
23	23	32.08578
23	23	32.09802
23	23	32.11219
23	23	32.12467
23	23	32.1373
23	23	32.15573
22	23	32.16771
22	23	32.17918
22	23	32.191
22	23	32.20301
22	23	32.2192
22	23	32.23106
22	23	32.24296
22	23	32.25411
22	23	32.26613
22	23	32.27863
22	23	32.291
22	23	32.30915
22	23	32.32111
22	23	32.33307
22	23	32.34543
22	23	32.3572
22	23	32.37359
22	23	32.39604
22	23	32.41853
22	23	32.44144
22	22	32.46943
22	22	32.48537
22	22	32.5077
22	22	32.53017
22	22	32.55212
22	22	32.57443
22	21	32.59744
22	21	32.62528
22	21	32.6414
22	21	32.66557
22	21	32.68655
22	20	32.70833
22	20	32.73088
22	20	32.75368
22	20	32.7816
22	20	32.79801
22	20	32.82044
22	19	32.83229
22	19	32.84436
22	19	32.85625
22	19	32.86805
22	19	32.8796
22	19	32.89179
22	19	32.90438
22	19	32.92279
22	19	32.93463
22	18	32.94638
22	18	32.95802
22	18	32.96972
22	18	32.98138
22	18	32.99318
22	18	33.00502
22	18	33.01674
22	18	33.02874
22	18	33.04119
22	18	33.05281
22	18	33.0657
22	17	33.08534
22	17	33.09769
22	17	33.1102
22	17	33.12109
22	17	33.13287
22	17	33.14581
22	17	33.15829
22	17	33.17029
22	17	33.18209
23	17	33.19402
23	17	33.20588
23	17	33.21814
23	17	33.23586
23	17	33.24712
23	17	33.26705
23	17	33.29032
24	17	33.31228
24	17	33.33433
24	17	33.35696
24	17	33.37968
24	17	33.40685
24	17	33.42355
25	17	33.44558
25	17	33.46785
25	17	33.4903
25	17	33.5126
25	17	33.53505
26	17	33.56387
26	17	33.58023
26	17	33.60202
26	17	33.62483
26	17	33.64726
26	17	33.66879
27	17	33.69147
27	17	33.71919
27	17	33.73309
27	17	33.74622
27	17	33.7576
27	17	33.769
27	17	33.78163
27	17	33.79372
27	16	33.80625
27	16	33.81798
27	16	33.8297
27	16	33.84417
27	16	33.86288
27	16	33.87551
27	16	33.88675
27	16	33.89826
27	16	33.91002
27	16	33.92174
27	15	33.93347
27	15	33.94637
27	15	33.95784
27	15	33.97049
27	15	33.9823
27	15	33.99514
27	15	34.01336
27	15	34.0245
27	15	34.03582
27	14	34.04745
27	14	34.0602
27	14	34.08189
27	14	34.10525
27	14	34.12716
27	14	34.15021
27	14	34.17778
27	14	34.19442
27	14	34.21661
27	14	34.23859
27	14	34.26174
27	14	34.28345
27	14	34.30667
27	14	34.33387
27	14	34.35055
27	14	34.37292
27	14	34.39595
27	14	34.41742
27	14	34.44025
27	14	34.46279
27	14	34.49054
27	14	34.50727
27	14	34.52944
27	14	34.54132
27	14	34.55209
27	14	34.56289
27	14	34.5749
27	14	34.5858
27	14	34.59754
27	14	34.60879
27	14	34.62021
27	14	34.63786
27	14	34.65269
27	14	34.66487
27	14	34.67675
27	14	34.69671
27	14	34.71247
27	14	34.72454
27	14	34.73716
27	14	34.74944
27	14	34.76073
27	14	34.77369
27	14	34.79128
27	14	34.80402
27	14	34.81714
27	14	34.82878
27	14	34.84127
27	14	34.85352
27	14	34.86552
27	14	34.87751
27	14	34.88934
27	14	34.90154
27	14	34.91309
27	14	34.9321
27	14	34.96014
27	14	34.97634
27	14	34.99844
27	14	35.02029
27	14	35.04279
27	14	35.06554
27	14	35.08806
27	14	35.11579
27	14	35.13308
27	14	35.15529
27	14	35.17722
27	14	35.19962
27	14	35.22292
27	14	35.24472
27	14	35.27282
27	14	35.28883
27	14	35.31062
27	14	35.33311
27	14	35.35595
27	14	35.37842
27	14	35.40067
27	14	35.41754
27	14	35.42984
27	14	35.44157
27	14	35.45342
27	14	35.46645
27	14	35.47888
27	14	35.49265
27	14	35.5043
27	14	35.51593
27	14	35.52781
27	14	35.54102
27	14	35.55349
27	14	35.57274
27	14	35.58487
27	14	35.59761
27	14	35.60891
27	14	35.62044
27	14	35.63314
27	14	35.64499
27	14	35.65849
27	14	35.67064
27	14	35.68258
27	14	35.69444
27	14	35.70791
27	14	35.72614
27	14	35.73842
27	14	35.75054
27	14	35.76237
27	14	35.77354
27	14	35.79185
27	14	35.814
27	14	35.83656
27	14	35.85936
27	14	35.88683
27	14	35.90358
27	14	35.9263
27	14	35.94859
27	14	35.97034
27	15	35.99295
27	15	36.0154
27	15	36.04373
27	15	36.05965
27	15	36.08194
27	15	36.10503
27	16	36.12654
27	16	36.14921
27	16	36.17104
27	16	36.19885
27	16	36.2159
27	17	36.23764
27	17	36.24888
27	17	36.26101
27	17	36.27289
27	17	36.30159
27	17	36.31291
27	17	36.32511
27	17	36.34268
27	17	36.35394
27	18	36.36518
27	18	36.37654
27	18	36.38834
27	18	36.40339
27	18	36.41777
27	18	36.42978
27	18	36.44168
27	18	36.4535
27	18	36.46537
27	18	36.47713
27	19	36.4988
27	19	36.51264
27	19	36.5276
27	19	36.53836
27	19	36.54935
27	19	36.56097
27	19	36.57273
27	19	36.58403
27	20	36.60741
27	20	36.63024
27	20	36.65746
27	20	36.67381
27	20	36.69634
27	20	36.71882
26	20	36.74048
26	20	36.76318
26	20	36.78535
26	20	36.81306
26	20	36.82985
25	20	36.85254
25	20	36.87476
25	20	36.89779
25	20	36.91948
25	20	36.94325
25	20	36.97185
25	20	36.98705
25	20	37.01007
25	20	37.03209
25	20	37.05426
25	20	37.07627
25	20	37.08744
25	20	37.09885
25	20	37.11645
25	20	37.12804
25	20	37.13931
25	21	37.15108
25	21	37.16267
25	21	37.17527
25	21	37.19501
25	21	37.20824
25	21	37.21878
25	21	37.22961
25	21	37.24137
25	21	37.25274
25	22	37.27333
25	22	37.28889
25	22	37.30153
25	22	37.31577
25	22	37.32965
25	22	37.34082
25	22	37.35206
25	22	37.36325
25	22	37.3751
25	22	37.38585
25	23	37.39765
25	23	37.40919
25	23	37.42938
25	23	37.44364
25	23	37.45453
25	23	37.46539
25	23	37.47819
25	23	37.50063
25	23	37.52288
25	23	37.54529
25	23	37.56798
25	23	37.59598
25	23	37.61223
25	23	37.63408
25	23	37.65701
25	23	37.67946
25	23	37.70226
25	23	37.72471
25	23	37.7521
25	23	37.76913
25	23	37.7909
25	23	37.8135
25	23	37.83556
25	23	37.8581
25	23	37.88009
25	23	37.90801
25	23	37.92464
25	23	37.94745
25	23	37.95773
25	23	37.96985
25	23	37.98067
25	23	37.99184
25	23	38.00299
25	23	38.01462
25	23	38.02517
25	23	38.03702
25	23	38.05333
25	23	38.06559
25	23	38.07703
25	23	38.08837
25	23	38.1012
25	23	38.11486
25	23	38.12542
25	23	38.13731
25	23	38.14815
25	23	38.16021
25	23	38.17157
25	23	38.18334
25	23	38.1964
25	23	38.21303
25	23	38.22398
25	23	38.23552
25	23	38.24682
25	23	38.25804
25	23	38.26929
24	23	38.28094
24	23	38.29146
24	23	38.30348
24	23	38.3196
24	23	38.33097
24	23	38.34238
24	23	38.3544
24	23	38.37257
24	23	38.38415
24	23	38.39584
23	23	38.40661
23	23	38.41865
23	23	38.4301
23	23	38.44132
23	23	38.45248
23	23	38.46377
23	23	38.47507
23	23	38.48668
23	23	38.49894
23	23	38.5107
22	23	38.53019
22	23	38.54085
22	23	38.55175
22	23	38.56281
22	23	38.57428
22	23	38.58507
22	23	38.60627
22	23	38.62904
22	23	38.65088
22	23	38.67352
22	23	38.70266
22	23	38.71788
22	23	38.74056
22	23	38.76451
22	23	38.78451
22	22	38.80681
22	22	38.83043
22	22	38.85773
22	22	38.87443
22	22	38.89708
22	22	38.9188
22	21	38.94092
22	21	38.96405
22	21	38.98641
22	21	39.01408
22	21	39.03115
22	20	39.05324
22	20	39.07542
22	20	39.08722
22	20	39.09947
22	20	39.1116
22	20	39.12344
22	20	39.13525
22	20	39.14661
22	20	39.16246
22	19	39.17414
22	19	39.18508
22	19	39.19712
22	19	39.20813
22	19	39.21877
22	19	39.22959
22	19	39.24072
22	19	39.25183
22	19	39.26355
22	19	39.27475
22	19	39.28581
22	18	39.29761
22	18	39.31614
22	18	39.32825
22	18	39.3399
22	18	39.35114
22	18	39.37726
22	18	39.38907
22	18	39.40106
22	17	39.41228
22	17	39.42384
22	17	39.43553
22	17	39.45218
22	17	39.46979
22	17	39.48178
22	17	39.49334
22	17	39.50459
22	17	39.5161
22	17	39.52857
22	16	39.53984
22	16	39.55153
22	16	39.56299
22	16	39.57391
22	16	39.58512
22	16	39.60029
22	16	39.62334
22	16	39.65235
22	15	39.66798
22	15	39.69004
22	15	39.71262
22	15	39.73465
22	15	39.7566
22	14	39.77967
22	14	39.80751
22	14	39.82385
22	14	39.84652
22	14	39.86821
22	14	39.8906
22	13	39.9137
22	13	39.93602
22	13	39.96411
22	13	39.98018
22	13	40.00234
22	12	40.02468
22	12	40.04683
22	12	40.06891
22	12	40.0809
22	12	40.09284
22	12	40.11045
22	12	40.12288
22	12	40.13473
22	11	40.14724
22	11	40.1591
22	11	40.17027
22	11	40.18158
22	11	40.19231
22	11	40.20422
22	11	40.21643
22	11	40.22811
22	11	40.24006
22	11	40.25215
23	11	40.2713
23	11	40.28333
23	11	40.29468
23	11	40.30718
23	11	40.31867
23	11	40.33057
23	11	40.34183
23	11	40.35312
23	11	40.36533
23	11	40.37626
23	11	40.38827
24	11	40.39956
24	11	40.41196
24	11	40.4307
24	11	40.44181
24	11	40.45269
24	11	40.47115
24	11	40.49371
23	11	40.51655
23	11	40.53918
23	11	40.56076
23	11	40.58371
23	11	40.61113
23	11	40.63073
22	11	40.65039
22	11	40.67275
22	11	40.69642
22	11	40.71709
22	11	40.73964
21	11	40.76796
21	11	40.78573
21	11	40.80713
21	11	40.82918
21	11	40.85185
21	11	40.87362
20	11	40.8971
20	11	40.92373
20	11	40.941
20	11	40.96436
20	11	40.97564
20	11	40.98688
20	11	40.99863
19	11	41.00983
19	11	41.02088
19	11	41.03235
19	11	41.04277
19	11	41.05459
19	11	41.07159
19	11	41.08406
19	11	41.09554
19	11	41.10862
19	11	41.1203
18	11	41.13161
18	11	41.14287
18	11	41.15491
18	11	41.1669
18	11	41.17828
18	11	41.19007
18	11	41.2028
18	11	41.21549
18	11	41.23357
17	11	41.24525
17	11	41.25649
17	11	41.26835
17	11	41.28075
17	11	41.29111
17	11	41.30413
17	11	41.31559
17	11	41.32737
17	11	41.33965
17	11	41.35074
17	11	41.36148
16	11	41.37635
16	11	41.40477
16	11	41.42109
16	11	41.44367
16	11	41.46619
16	11	41.48787
15	11	41.51107
15	11	41.53358
15	11	41.56153
15	11	41.57768
15	11	41.6002
14	11	41.6228
14	11	41.64513
14	11	41.66741
14	11	41.6896
14	11	41.71753
13	11	41.7346
13	11	41.75657
13	11	41.77893
13	11	41.8014
13	11	41.82395
13	11	41.84719
12	11	41.87484
12	11	41.89164
12	11	41.90826
12	11	41.92028
12	11	41.93748
12	11	41.95
12	11	41.96183
12	11	41.9741
11	11	41.98557
11	11	41.99805
11	11	42.02062
11	11	42.03648
11	11	42.04848
11	11	42.06035
11	11	42.07232
11	11	42.08464
11	11	42.09715
10	11	42.10903
10	11	42.12188
10	11	42.13497
10	11	42.15154
10	11	42.17291
10	11	42.18661
10	11	42.19814
10	11	42.20951
10	12	42.22225
10	12	42.23672
10	12	42.25931
10	12	42.2819
10	12	42.30461
10	12	42.33245
10	13	42.34861
10	13	42.37098
10	13	42.39344
10	13	42.41624
10	13	42.43825
10	13	42.46136
10	14	42.48878
10	14	42.50528
10	14	42.52695
10	14	42.54936
10	14	42.57193
11	14	42.59415
11	14	42.61712
11	14	42.64518
11	14	42.66154
11	14	42.68388
11	14	42.69493
11	14	42.7066
12	14	42.71774
12	14	42.72841
12	14	42.74017
12	14	42.75351
12	14	42.76929
12	14	42.7899
12	14	42.80368
12	14	42.81631
12	14	42.83041
13	14	42.842
13	14	42.85276
13	14	42.86433
13	14	42.87784
13	14	42.89234
13	14	42.90341
13	14	42.91362
13	14	42.92473
13	14	42.94477
14	14	42.95872
14	14	42.96964
14	14	42.98041
14	14	42.99382
14	14	43.00948
14	14	43.02269
14	14	43.03541
14	14	43.04729
14	14	43.05913
14	14	43.07664
15	14	43.09761
15	14	43.11439
15	14	43.12949
15	14	43.14091
15	14	43.16414
15	14	43.1857
16	14	43.20825
16	14	43.23142
16	14	43.25939
16	14	43.27566
16	14	43.29804
16	14	43.32048
17	14	43.34221
17	14	43.36513
17	14	43.38746
17	14	43.41541
17	14	43.43216
18	14	43.45394
18	14	43.47606
18	14	43.49855
18	14	43.52056
18	14	43.5444
19	14	43.57282
19	14	43.58818
19	14	43.61071
19	14	43.6255
19	14	43.64052
19	14	43.65186
19	14	43.66392
19	14	43.67611
19	14	43.68776
19	15	43.70327
19	15	43.72696
19	15	43.74181
19	15	43.7536
19	15	43.76524
19	15	43.77771
19	15	43.7902
19	15	43.80291
19	16	43.81581
19	16	43.82691
19	16	43.84034
19	16	43.85476
19	16	43.8756
19	16	43.89055
19	16	43.9038
19	16	43.91652
19	16	43.92857
19	17	43.94065
19	17	43.95196
19	17	43.96432
19	17	43.97902
19	17	43.99365
19	17	44.01366
19	17	44.04078
19	18	44.05717
19	18	44.0794
19	18	44.10275
19	18	44.1245
19	18	44.14679
19	18	44.16977
19	19	44.19748
19	19	44.21378
19	19	44.23606
19	19	44.25826
19	19	44.28034
19	20	44.3032
19	20	44.32619
19	20	44.35865
19	20	44.37345
19	20	44.39247
19	20	44.41457
19	20	44.43654
20	20	44.45911
20	20	44.47046
20	20	44.4831
20	20	44.50192
20	20	44.51645
20	20	44.52819
20	20	44.54024
20	20	44.55196
20	20	44.56283
20	20	44.57515
21	20	44.58771
21	20	44.59925
21	20	44.61126
21	20	44.62714
21	20	44.64346
21	20	44.66496
21	20	44.67906
21	20	44.69125
22	20	44.7035
22	20	44.71532
22	20	44.72625
22	20	44.73972
22	20	44.75151
22	20	44.76365
22	20	44.77491
22	20	44.78642
22	20	44.79744
22	20	44.82198
22	19	44.83911
22	19	44.86186
22	19	44.88388
22	19	44.9063
22	19	44.92841
22	18	44.95118
22	18	44.97884
22	18	44.99644
22	18	45.01764
22	18	45.04025
22	18	45.06201
22	17	45.08498
22	17	45.10697
22	17	45.1347
22	17	45.15149
22	17	45.17467
22	16	45.19684
22	16	45.21888
22	16	45.24107
22	16	45.2641
22	16	45.2916
22	16	45.30474
22	15	45.31664
22	15	45.32824
22	15	45.33922
22	15	45.35
22	15	45.36119
22	15	45.37259
22	15	45.38363
22	15	45.39418
22	15	45.40609
22	15	45.41736
22	14	45.43551
22	14	45.44653
22	14	45.45784
22	14	45.46964
22	14	45.48127
22	14	45.49395
22	14	45.50668
22	14	45.52087
22	14	45.53901
22	14	45.55143
22	13	45.56293
22	13	45.57491
22	13	45.59469
22	13	45.60615
22	13	45.61715
22	13	45.62817
22	13	45.64127
22	13	45.65202
22	13	45.663
22	13	45.67443
22	12	45.68488
22	12	45.6983
22	12	45.72139
22	12	45.74353
22	12	45.77167
22	12	45.78811
22	11	45.81019
22	11	45.83252
22	11	45.85568
22	11	45.87741
22	11	45.90096
21	11	45.92842
21	11	45.9443
21	11	45.96732
21	11	45.98906
21	11	46.01125
21	11	46.03463
20	11	46.05708
20	11	46.08497
20	11	46.10208
20	11	46.12426
20	11	46.14698
19	11	46.16856
19	11	46.19096
19	11	46.20265
19	11	46.21379
19	11	46.23084
19	11	46.24368
19	11	46.25538
19	11	46.26673
19	11	46.27811
19	12	46.28947
19	12	46.30145
19	12	46.3139
19	12	46.3298
19	12	46.34365
19	12	46.3545
19	12	46.36607
19	12	46.38715
19	12	46.40154
19	13	46.41257
19	13	46.42445
19	13	46.43728
19	13	46.45212
19	13	46.46568
19	13	46.47668
19	13	46.48826
19	13	46.49982
19	13	46.51099
19	13	46.5244
19	14	46.54515
19	14	46.56013
19	14	46.57201
19	14	46.58198
19	14	46.60445
19	14	46.6268
19	14	46.64927
18	14	46.67087
18	14	46.69358
18	14	46.72171
18	14	46.73812
18	14	46.76042
17	14	46.7832
17	14	46.80562
17	14	46.82764
17	14	46.85031
17	14	46.88
17	14	46.89444
16	14	46.91623
16	14	46.93878
16	14	46.9608
16	14	46.98319
16	14	47.00652
15	14	47.03407
15	14	47.05092
15	14	47.07293
15	14	47.08743
15	14	47.10128
15	14	47.11689
15	14	47.13098
14	14	47.14484
14	14	47.15877
14	14	47.17881
14	14	47.19053
14	14	47.20255
14	14	47.21375
14	14	47.2248
14	14	47.23686
14	14	47.24809
14	14	47.26024
13	14	47.27243
13	14	47.28386
13	14	47.29498
13	14	47.30714
13	14	47.31881
13	14	47.33733
13	14	47.34814
13	14	47.35891
13	14	47.3705
13	14	47.38224
12	14	47.39363
12	14	47.40482
12	14	47.41547
12	14	47.43054
12	14	47.45284
12	14	47.47573
12	14	47.50358
11	14	47.51985
11	14	47.54194
11	14	47.56477
11	14	47.58638
11	14	47.60965
11	14	47.63195
10	14	47.65956
10	14	47.68704
10	14	47.69875
13	14	48.03208
13	14	48.09264
13	14	48.10706
13	14	48.1186
14	14	48.12986
14	14	48.14853
14	14	48.17097
14	14	48.19382
14	14	48.2216
14	14	48.23798
15	14	48.25013
15	14	48.26058
15	14	48.27289
15	14	48.28368
15	14	48.29442
15	14	48.3062
15	14	48.317
15	14	48.32812
15	14	48.33954
15	14	48.35677
16	14	48.37566
16	14	48.38654
16	14	48.39793
16	14	48.41006
16	14	48.42163
16	14	48.43446
16	14	48.44711
16	14	48.45935
16	14	48.4722
16	14	48.48295
17	14	48.49465
17	14	48.50887
17	14	48.52588
17	14	48.5378
17	14	48.54959
17	14	48.56076
17	14	48.57274
17	14	48.58385
17	14	48.59572
17	14	48.60815
16	14	48.62014
16	14	48.63197
16	14	48.64311
16	14	48.65483
16	14	48.66795
16	14	48.68582
16	14	48.69896
16	14	48.71465
16	14	48.72938
15	14	48.75187
15	14	48.774
13	14	49.01869
13	14	49.04436
13	14	49.06101
13	14	49.07469
13	14	49.08651
12	14	49.10863
12	14	49.1308
12	14	49.1534
12	14	49.17607
12	14	49.20366
12	14	49.2207
11	14	49.24364
11	14	49.26627
11	14	49.28832
11	14	49.31051
11	14	49.33341
10	14	49.3605
10	14	49.37701
10	14	49.38851
10	14	49.39994
10	14	49.41135
10	14	49.42375
10	14	49.43589
10	14	49.44965
10	14	49.46092
10	15	49.47232
10	15	49.48434
10	15	49.50387
10	15	49.5194
10	15	49.53404
10	15	49.54517
10	15	49.5573
10	15	49.5687
10	15	49.58094
10	16	49.59291
10	16	49.60479
10	16	49.61811
10	16	49.63256
10	16	49.64814
10	16	49.66972
10	16	49.68919
10	16	49.70089
10	17	49.71315
10	17	49.72495
10	17	49.7373
10	17	49.75189
10	17	49.76714
10	17	49.77883
10	17	49.78981
10	17	49.80206
10	17	49.82992
10	18	49.84623
10	18	49.86872
10	18	49.89116
10	18	49.91523
10	18	49.93618
10	19	49.9586
10	19	49.98657
10	19	50.00251
10	19	50.02535
10	19	50.04728
10	19	50.07009
10	20	50.09237
10	20	50.11596
10	20	50.14377
10	20	50.15972
10	20	50.18234
11	20	50.20392
11	20	50.22675
11	20	50.24897
11	20	50.26242
11	20	50.27789
11	20	50.29892
11	20	50.31306
12	20	50.32574
12	20	50.33659
12	20	50.34938
12	20	50.36325
12	20	50.37798
12	20	50.39035
12	20	50.40282
12	20	50.41501
12	20	50.42606
12	20	50.43844
13	20	50.46178
13	20	50.47729
13	20	50.49205
13	20	50.50604
13	20	50.51749
13	20	50.52863
13	20	50.54144
13	20	50.55336
13	20	50.56512
14	20	50.57683
14	20	50.58839
14	20	50.60974
14	20	50.62365
14	20	50.6397
14	20	50.66142
14	20	50.68383
15	20	50.70694
15	20	50.73055
15	20	50.75171
15	20	50.77938
15	20	50.79616
16	20	50.81812
16	20	50.84077
16	20	50.86295
16	20	50.88503
16	20	50.90913
17	20	50.93462
17	20	50.95518
17	20	50.97462
17	20	50.99675
17	20	51.01913
17	20	51.04157
18	20	51.06443
18	20	51.08627
18	20	51.10202
18	20	51.11698
18	20	51.12861
18	20	51.14074
18	20	51.15272
18	20	51.16527
18	20	51.17739
19	20	51.18913
19	20	51.21601
19	20	51.23684
19	20	51.25065
19	20	51.26162
19	20	51.27415
19	20	51.28548
19	20	51.29552
20	20	51.3068
20	20	51.31867
20	20	51.32962
20	20	51.34143
20	20	51.35199
20	20	51.3637
20	20	51.37584
20	20	51.39242
20	20	51.4038
20	20	51.41542
21	20	51.42681
21	20	51.43848
21	20	51.44955
21	20	51.46252
21	20	51.47512
21	20	51.4864
18	20	51.81973
18	20	51.85422
18	20	51.87547
18	20	51.88767
18	20	51.89954
17	20	51.9142
17	20	51.92697
17	20	51.93929
17	20	51.95329
17	20	51.97128
17	20	51.99889
17	20	52.01589
16	20	52.03893
16	20	52.06076
16	20	52.08344
16	20	52.10613
16	20	52.12814
15	20	52.15779
15	20	52.1732
15	20	52.1951
15	20	52.22456
15	20	52.24326
15	20	52.26489
14	20	52.28812
14	20	52.31833
14	20	52.33385
14	20	52.35816
14	20	52.38076
14	20	52.39858
13	20	52.42145
13	20	52.45664
13	20	52.47677
13	20	52.48885
13	20	52.50057
13	20	52.51727
13	21	52.52931
13	21	52.54152
13	21	52.55478
13	21	52.56949
13	21	52.58556
13	21	52.59798
13	21	52.61054
13	21	52.63216
13	22	52.64729
13	22	52.65947
13	22	52.67285
13	22	52.68885
13	22	52.70362
13	22	52.71662
13	22	52.72898
13	22	52.74202
13	22	52.75341
13	22	52.76581
13	23	52.78986
13	23	52.80898
13	23	52.82389
13	23	52.83717
13	23	52.85244
13	23	52.87523
13	23	52.89754
13	23	52.92097
13	23	52.94895
13	23	52.96576
12	23	52.98814
12	23	53.01065
12	23	53.03323
12	23	53.05565
12	23	53.07826
11	23	53.10798
11	23	53.1272
11	23	53.14511
11	23	53.16706
11	23	53.18885
11	23	53.21111
10	23	53.23499
10	23	53.26265
10	23	53.27825
10	23	53.30149
10	23	53.31303
10	23	53.32354
10	23	53.33594
10	24	53.34772
10	24	53.36118
10	24	53.3769
10	24	53.3931
10	24	53.41589
10	24	53.43011
10	24	53.44298
10	24	53.45549
10	25	53.46706
10	25	53.48106
10	25	53.49393
10	25	53.5097
10	25	53.52559
10	25	53.53868
10	25	53.55131
10	25	53.57262
10	26	53.58911
10	26	53.60221
10	26	53.61576
10	26	53.63068
10	26	53.64509
10	26	53.65964
10	26	53.67238
10	26	53.6838
10	26	53.70509
11	26	53.73434
11	26	53.74884
11	26	53.77045
11	26	53.79216
11	26	53.81496
11	26	53.83693
12	26	53.85975
12	26	53.88644
12	26	53.90526
12	26	53.92662
12	26	53.94909
13	26	53.97148
13	26	53.99346
13	26	54.01715
13	26	54.04466
13	26	54.06043
13	26	54.08287
13	26	54.10525
13	26	54.12759
13	26	54.14149
13	26	54.15322
13	26	54.16404
13	26	54.17628
13	26	54.1947
13	26	54.20735
13	27	54.21946
13	27	54.23163
13	27	54.24811
13	27	54.26488
13	27	54.27966
13	27	54.29147
13	27	54.30398
13	27	54.3174
13	27	54.33095
13	28	54.35721
13	28	54.37501
13	28	54.39018
13	28	54.40222
13	28	54.41369
13	28	54.42544
13	28	54.43873
13	28	54.45027
13	29	54.46506
13	29	54.47824
13	29	54.49643
13	29	54.52385
13	29	54.5405
13	29	54.56262
13	30	54.58479
13	30	54.60735
13	30	54.62973
13	30	54.65302
13	30	54.68105
13	30	54.6967
12	30	54.71926
12	30	54.74165
12	30	54.76381
12	30	54.78768
12	30	54.80946
11	30	54.83754
11	30	54.85455
11	30	54.87626
11	30	54.89885
11	30	54.92024
11	30	54.9431
10	30	54.96745
10	30	54.99611
10	30	55.01174
10	30	55.02496
10	30	55.04176
10	30	55.05376
10	30	55.06592
9	30	55.0774
9	30	55.09006
9	30	55.10436
9	30	55.12117
9	30	55.14883
9	30	55.16529
9	30	55.17717
9	30	55.18749
8	30	55.20033
8	30	55.21507
8	30	55.23038
8	30	55.24636
8	30	55.25978
8	30	55.27243
8	30	55.2959
8	30	55.311
7	30	55.32591
7	30	55.34006
7	30	55.35694
7	30	55.38047
7	30	55.4016
7	30	55.42396
6	30	55.45164
6	30	55.46805
6	30	55.48981
6	30	55.51335
6	30	55.53566
5	30	55.55769
5	30	55.58017
5	30	55.60993
5	30	55.62492
5	30	55.64648
5	30	55.66903
4	30	55.69117
4	30	55.7136
4	30	55.73667
4	30	55.76485
4	30	55.78106
3	30	55.80293
3	30	55.82521
3	30	55.8393
3	30	55.85489
3	30	55.8703
3	30	55.88577
3	30	55.89841
3	30	55.92125
2	30	55.93921
2	30	55.95324
2	30	55.96821
2	30	55.98269
2	30	55.99705
2	30	56.01161
2	30	56.02379
2	30	56.0356
2	30	56.04863
2	30	56.07296
2	30	56.08752
2	30	56.09904
2	30	56.11079
2	30	56.12261
2	30	56.13498
2	30	56.14663
2	30	56.1578
2	30	56.17046
2	30	56.18141
2	30	56.20498
2	30	56.23148
2	30	56.24942
2	30	56.27148
2	30	56.29372
2	30	56.31635
2	30	56.33952
2	30	56.3614
2	30	56.3894
2	30	56.41774
2	30	56.42895
2	30	56.45028
2	30	56.47298
2	30	56.49517
2	30	56.51777
2	30	56.5459
2	30	56.56247
2	30	56.58447
2	30	56.60689
2	30	56.62921
2	30	56.65183
2	30	56.67424
2	30	56.69067
2	30	56.70241
2	30	56.71506
2	30	56.72605
2	30	56.73808
2	30	56.74969
2	30	56.76155
2	30	56.77251
2	30	56.78433
2	30	56.79523
2	30	56.80766
2	30	56.81992
2	30	56.83093
2	30	56.85095
2	30	56.86325
2	30	56.87576
2	30	56.88694
3	30	56.90048
3	30	56.91296
3	30	56.92435
3	30	56.93683
3	30	56.94893
3	30	56.95967
3	30	56.97252
3	30	56.98487
3	30	57.002
4	30	57.01489
4	30	57.0291
4	30	57.04036
4	30	57.05265
4	30	57.06428
4	30	57.07555
4	30	57.08699
4	30	57.09783
4	30	57.10883
4	30	57.13172
5	30	57.15485
5	30	57.18234
5	30	57.19886
5	30	57.22127
5	30	57.2441
6	30	57.26616
6	30	57.28839
6	30	57.31118
6	30	57.33882
6	30	57.35556
7	30	57.37801
7	30	57.39937
7	30	57.42196
7	30	57.44463
7	30	57.46764
7	30	57.49426
7	29	57.51134
7	29	57.53446
7	29	57.55687
7	29	57.58037
7	29	57.60158
7	29	57.6139
7	28	57.62659
7	28	57.6478
7	28	57.66458
7	28	57.68
7	28	57.69138
7	28	57.70213
7	28	57.71469
7	28	57.72684
7	28	57.73811
7	27	57.7492
7	27	57.76117
7	27	57.77411
7	27	57.79086
7	27	57.81366
7	27	57.82656
7	27	57.83919
7	27	57.85169
7	27	57.86428
7	26	57.87646
7	26	57.88705
7	26	57.89947
7	26	57.91554
7	26	57.93081
7	26	57.94308
7	26	57.96384
7	26	57.98024
7	25	58.00309
7	25	58.02522
7	25	58.04789
7	25	58.0711
7	25	58.09264
7	24	58.11589
7	24	58.14404
7	24	58.16002
7	24	58.18196
7	24	58.20475
7	24	58.22651
7	23	58.24928
7	23	58.27179
7	23	58.29865
7	23	58.31579
7	23	58.33844
7	22	58.36056
7	22	58.38292
7	22	58.40557
7	22	58.4284
7	22	58.45671
7	22	58.4726
7	23	58.48429
7	23	58.49659
7	23	58.50911
7	23	58.52127
7	23	58.53309
7	23	58.54454
7	23	58.55733
7	23	58.56822
7	23	58.58046
7	23	58.59763
7	24	58.60988
7	24	58.62163
7	24	58.63258
7	24	58.64547
7	24	58.65768
7	24	58.66777
7	24	58.6789
7	24	58.69095
7	24	58.70317
7	24	58.71477
7	25	58.73374
7	25	58.75105
7	25	58.76259
7	25	58.77456
7	25	58.78589
7	25	58.79652
7	25	58.81818
7	25	58.84122
7	26	58.86303
7	26	58.88731
7	26	58.91587
7	26	58.93059
7	26	58.95311
8	26	58.97556
8	26	58.99691
8	26	59.01958
8	26	59.0426
8	26	59.06979
8	26	59.08682
8	26	59.1097
8	26	59.13146
8	26	59.15478
8	26	59.17633
8	26	59.20058
9	26	59.22709
9	26	59.2426
9	26	59.26523
9	26	59.27775
9	26	59.29
9	26	59.30334
9	26	59.31588
9	26	59.32859
10	26	59.34015
10	26	59.35255
10	26	59.37167
10	26	59.38354
10	26	59.39456
10	26	59.40646
10	26	59.41854
10	26	59.43042
10	26	59.44248
10	26	59.45396
11	26	59.46543
11	26	59.47861
11	26	59.49014
11	26	59.5029
11	26	59.5214
11	26	59.53268
11	26	59.5453
11	26	59.55832
12	26	59.58525
12	26	59.59734
12	26	59.60976
12	26	59.62194
12	26	59.63377
12	26	59.64589
12	26	59.65837
12	26	59.67576
12	26	59.68715
12	26	59.69869
12	27	59.71233
12	27	59.73459
12	27	59.757
12	27	59.77949
12	27	59.8012
12	28	59.82377
12	28	59.85143
12	28	59.86937
12	28	59.89113
12	28	59.9135
12	28	59.93567
13	28	59.9584
13	28	59.98096
13	28	60.00858
13	28	60.02472
13	28	60.04726
14	28	60.06908
14	28	60.09197
14	28	60.11403
14	28	60.13846
14	28	60.16529
14	28	60.18188
15	28	60.19655
15	28	60.21025
15	28	60.22255
15	28	60.23611
15	28	60.25001
15	28	60.26235
15	28	60.27534
15	28	60.28738
15	28	60.29889
15	28	60.31659
15	28	60.32895
15	28	60.34335
15	28	60.35607
15	28	60.3671
15	28	60.37865
15	28	60.39097
15	28	60.40448
15	28	60.41737
15	28	60.42941
15	28	60.44341
15	28	60.45634
15	28	60.47563
15	28	60.48663
15	28	60.49849
15	28	60.5106
15	27	60.52711
15	27	60.54927
15	27	60.57191
15	27	60.59422
15	27	60.61738
15	26	60.64518
15	26	60.6617
15	26	60.68421
15	26	60.70661
15	26	60.72842
15	26	60.75024
15	26	60.77422
15	26	60.80168
15	26	60.81795
15	26	60.84018
15	26	60.86246
15	26	60.88469
15	26	60.90713
15	26	60.93
15	26	60.95736
15	26	60.9739
15	26	60.99681
17	26	61.01876
17	26	61.03045
17	26	61.04162
17	26	61.05415
17	26	61.06589
17	26	61.07701
17	26	61.08965
17	26	61.10882
17	26	61.1206
17	26	61.13214
18	26	61.14555
18	26	61.158
18	26	61.16865
18	26	61.18094
18	26	61.19318
18	26	61.20378
18	26	61.22241
18	26	61.24049
19	26	61.25867
19	26	61.27033
19	26	61.28292
19	26	61.29486
19	26	61.30591
19	26	61.31746
19	26	61.33047
19	26	61.342
19	26	61.35563
19	26	61.36713
20	26	61.37832
20	26	61.38962
20	26	61.41056
20	26	61.43747
20	26	61.45478
20	26	61.47674
20	26	61.49885
21	26	61.52143
21	26	61.54387
21	26	61.56603
21	26	61.59386
21	26	61.6114
22	26	61.63342
22	26	61.65563
22	26	61.67817
22	26	61.70058
22	26	61.72383
23	26	61.75097
23	26	61.76887
23	26	61.79003
23	26	61.81221
23	26	61.83436
23	26	61.85802
24	26	61.87984
24	26	61.89824
24	26	61.9104
24	26	61.92039
24	26	61.93138
24	26	61.94576
24	26	61.95951
24	26	61.97154
24	26	61.98413
23	26	61.99628
23	26	62.00905
23	26	62.02011
23	26	62.03222
23	26	62.05109
23	26	62.06314
23	26	62.07531
23	26	62.08731
23	26	62.09763
23	26	62.1088
22	26	62.12084
22	26	62.13337
22	26	62.14555
22	26	62.15853
22	26	62.1707
22	26	62.18232
22	26	62.19898
22	26	62.21049
22	26	62.22544
21	26	62.24756
21	26	62.27033
21	26	62.29251
21	26	62.31507
21	26	62.33777
20	26	62.36509
20	26	62.38182
20	26	62.40415
20	26	62.42619
20	26	62.4484
20	26	62.47104
19	26	62.49327
19	26	62.52061
19	26	62.53852
19	26	62.56083
19	26	62.58313
18	26	62.606
18	26	62.6285
18	26	62.65028
18	26	62.67794
18	26	62.69449
18	26	62.70752
18	26	62.71803
17	26	62.72957
17	26	62.74219
17	26	62.75404
17	26	62.76442
17	26	62.77588
17	26	62.78852
17	26	62.80056
17	26	62.82013
17	26	62.83178
16	26	62.84668
16	26	62.8581
16	26	62.86948
16	26	62.88144
16	26	62.89277
16	26	62.90499
16	26	62.91716
16	26	62.92894
16	26	62.94134
16	26	62.95305
16	26	62.97264
16	26	62.98444
16	26	62.99628
16	26	63.00747
16	26	63.01949
16	26	63.03159
16	26	63.04426
16	26	63.05583
16	26	63.0683
16	26	63.08086
16	26	63.09244
16	26	63.10483
16	26	63.12251
16	26	63.1339
16	26	63.14574
16	26	63.15721
17	26	63.17538
17	26	63.19681
17	26	63.21921
17	26	63.24343
17	26	63.26489
18	26	63.29179
18	26	63.30888
18	26	63.33072
18	26	63.35449
18	26	63.37567
18	26	63.39832
19	26	63.42163
19	26	63.4495
19	26	63.46544
19	26	63.48783
19	26	63.50985
19	26	63.53212
20	26	63.55427
20	26	63.57755
20	26	63.60505
20	26	63.62162
20	26	63.63296
20	26	63.6441
21	26	63.65581
21	26	63.6688
21	26	63.68055
21	26	63.69175
21	26	63.71112
21	26	63.72285
21	26	63.73626
21	26	63.75319
21	26	63.76619
22	26	63.77871
22	26	63.79102
22	26	63.80346
22	26	63.81538
22	26	63.82872
22	26	63.84143
22	26	63.8542
22	26	63.86568
22	26	63.87798
22	26	63.89029
22	25	63.90795
22	25	63.91961
22	25	63.93167
22	25	63.94456
22	25	63.9575
22	25	63.96965
22	25	63.9837
22	25	63.99562
22	25	64.00713
22	25	64.01902
22	24	64.03104
22	24	64.04627
22	24	64.0733
22	24	64.09034
22	24	64.11277
22	24	64.13522
22	23	64.15812
22	23	64.18019
22	23	64.20325
22	23	64.23057
22	23	64.24653
22	22	64.26881
22	22	64.29178
22	22	64.31351
22	22	64.33617
22	22	64.35945
22	22	64.38599
22	21	64.40385
22	21	64.42647
22	21	64.44834
22	21	64.47036
22	21	64.49288
22	20	64.51568
22	20	64.53249
22	20	64.54525
22	20	64.55741
22	20	64.56879
22	20	64.58147
22	20	64.59391
22	20	64.60615
22	20	64.61811
22	20	64.62948
21	20	64.64128
21	20	64.65263
21	20	64.66606
21	20	64.68618
21	20	64.69827
21	20	64.71009
21	20	64.72231
21	20	64.73368
21	20	64.74583
20	20	64.75795
20	20	64.77036
20	20	64.78375
20	20	64.79644
20	20	64.80946
20	20	64.8214
20	20	64.83939
20	20	64.85686
20	20	64.86911
19	20	64.88074
19	20	64.89294
19	20	64.90594
19	20	64.92839
19	20	64.95057
19	20	64.97359
18	20	65.00047
18	20	65.01775
18	20	65.04024
18	20	65.06252
18	20	65.08492
18	20	65.1076
17	20	65.12998
17	20	65.15735
17	20	65.17381
17	20	65.19634
17	20	65.21843
17	20	65.24124
16	20	65.26508
16	20	65.28722
16	20	65.3143
16	20	65.33164
16	20	65.35403
15	20	65.37671
15	20	65.38911
15	20	65.40093
15	20	65.41313
15	20	65.42496
15	20	65.43737
15	20	65.46023
15	20	65.47543
14	20	65.48952
14	20	65.50348
14	20	65.51862
14	20	65.53291
14	20	65.54662
14	20	65.5586
14	20	65.57091
14	20	65.58292
14	20	65.59779
13	20	65.6187
13	20	65.6308
13	20	65.64294
13	20	65.65425
13	20	65.66598
13	20	65.67818
13	20	65.69048
13	20	65.70283
13	20	65.71566
13	20	65.72713
12	20	65.7385
12	20	65.75529
12	20	65.78294
12	20	65.79948
12	20	65.82157
12	20	65.84525
13	20	65.86661
13	20	65.88862
13	20	65.91202
13	20	65.94006
13	20	65.95666
14	20	65.97879
14	20	66.00023
14	20	66.02302
14	20	66.04692
14	20	66.06793
14	20	66.09624
15	20	66.11277
15	20	66.1349
15	20	66.15767
15	20	66.17981
15	20	66.20255
16	20	66.22486
16	20	66.24297
16	20	66.2568
16	20	66.26955
16	20	66.28245
16	20	66.29433
16	20	66.30651
16	20	66.31913
16	20	66.33089
16	20	66.34428
16	21	66.35696
16	21	66.36936
16	21	66.38486
16	21	66.40728
16	21	66.42226
16	21	66.43433
16	21	66.4461
16	21	66.45785
16	22	66.47078
16	22	66.48311
16	22	66.49527
16	22	66.51041
16	22	66.52593
16	22	66.53946
16	22	66.56065
16	22	66.57564
16	22	66.58746
16	23	66.60368
16	23	66.62663
16	23	66.64893
16	23	66.67102
16	23	66.69376
16	23	66.72097
16	23	66.73761
16	23	66.76025
16	23	66.78289
16	23	66.80501
16	23	66.82785
16	23	66.8502
16	23	66.87827
16	23	66.89462
16	23	66.91688
16	23	66.9387
16	23	66.96131
16	23	66.98306
16	23	67.00661
16	23	67.03403
16	23	67.05089
16	23	67.06232
16	23	67.07335
16	23	67.08453
16	23	67.09624
16	23	67.1081
16	23	67.11964
16	23	67.13081
16	23	67.14209
16	23	67.15431
16	23	67.16648
16	23	67.18569
19	23	67.51903
19	23	67.5727
19	23	67.59965
19	23	67.61715
19	23	67.63152
19	23	67.64713
19	23	67.6606
19	23	67.6764
19	23	67.70389
19	23	67.719
19	23	67.73278
19	23	67.75342
19	23	67.76794
19	23	67.78315
19	23	67.79686
19	23	67.81894
19	23	67.84211
19	23	67.87283
19	23	67.88784
19	23	67.90803
19	23	67.93044
19	23	67.95311
19	23	67.97478
19	23	68.00093
19	23	68.02678
19	23	68.04252
19	23	68.06541
19	23	68.08668
19	23	68.10877
19	24	68.13103
19	24	68.154
19	24	68.18189
19	24	68.1979
19	24	68.22088
19	24	68.24295
19	25	68.26585
19	25	68.28132
19	25	68.29782
19	25	68.31548
19	25	68.34072
19	25	68.35982
19	26	68.37357
19	26	68.38728
19	26	68.4016
19	26	68.41892
19	26	68.43461
19	26	68.44846
19	26	68.46483
19	26	68.47999
19	26	68.5028
19	26	68.51429
20	26	68.52682
20	26	68.53907
20	26	68.55159
20	26	68.56339
20	26	68.57501
20	26	68.58664
20	26	68.59956
20	26	68.61172
20	26	68.6244
20	26	68.63634
21	26	68.6634
21	26	68.6786
21	26	68.70155
21	26	68.72281
21	26	68.74497
22	26	68.76818
22	26	68.79043
22	26	68.81889
22	26	68.83495
22	26	68.85693
22	26	68.87936
23	26	68.90152
23	26	68.92397
23	26	68.94642
23	26	68.97543
23	26	68.99128
24	26	69.01378
24	26	69.03584
24	26	69.05787
24	26	69.08072
24	26	69.10396
24	26	69.13213
25	26	69.15234
25	26	69.17951
25	26	69.19505
25	26	69.20975
25	26	69.22509
25	26	69.23988
25	26	69.25296
26	26	69.2649
26	26	69.2877
27	25	69.62104
27	24	69.65374
27	24	69.67171
27	24	69.68657
27	24	69.69985
27	24	69.71289
27	24	69.72615
27	24	69.73965
27	23	69.75272
27	23	69.76744
27	23	69.78242
27	23	69.80427
27	23	69.81654
27	23	69.83004
27	23	69.84552
27	23	69.86028
27	23	69.87462
27	23	69.88772
27	23	69.9003
27	23	69.91434
27	23	69.93774
27	23	69.96597
27	23	69.98013
27	23	69.99326
27	23	70.00613
27	23	70.01962
27	23	70.03274
27	23	70.04714
27	23	70.06081
27	23	70.07463
27	23	70.08804
27	23	70.10851
27	23	70.12132
27	23	70.13393
27	23	70.14684
27	23	70.15897
27	23	70.17165
27	23	70.1847
27	23	70.19822
27	23	70.21219
27	23	70.22755
27	23	70.24184
27	23	70.26221
27	23	70.27485
27	23	70.29183
27	23	70.30585
27	23	70.32045
27	23	70.33321
27	23	70.34618
27	23	70.35975
27	23	70.37273
27	23	70.38617
27	23	70.39914
27	23	70.41873
27	23	70.43257
27	23	70.44682
27	23	70.45933
26	23	70.47199
26	23	70.48383
26	23	70.496
26	23	70.50951
26	23	70.52288
26	23	70.53603
26	23	70.55929
25	23	70.5938
25	23	70.60622
25	23	70.6248
25	23	70.64715
25	23	70.67742
25	23	70.69248
24	23	70.74108
24	23	70.75952
24	23	70.77098
24	23	70.78139
24	23	70.8039
24	23	70.82639
23	23	70.84894
23	23	70.87144
23	23	70.89583
23	23	70.92783
23	23	70.9388
22	23	70.96187
22	23	70.98376
22	23	71.00563
22	23	71.01736
22	23	71.03062
22	23	71.04302
22	23	71.05611
22	23	71.07751
22	23	71.09168
22	23	71.10411
22	23	71.11795
22	23	71.13142
22	23	71.14368
22	23	71.15802
22	23	71.17089
22	23	71.18447
22	23	71.19698
22	23	71.21045
22	23	71.22976
22	23	71.24287
22	22	71.25597
22	22	71.26968
22	22	71.28217
22	22	71.29579
22	22	71.30805
22	22	71.32059
22	22	71.33916
22	22	71.35353
22	22	71.36615
22	21	71.38675
22	21	71.39796
22	21	71.41918
22	21	71.44092
22	21	71.46812
22	21	71.48605
22	20	71.50846
22	20	71.53048
22	20	71.56023
22	20	71.57663
22	20	71.59751
22	19	71.61957
22	19	71.64265
22	19	71.66461
22	19	71.68753
22	19	71.71504
22	19	71.73232
22	18	71.755
22	18	71.77659
22	18	71.79951
22	18	71.82114
22	18	71.84338
22	17	71.86084
22	17	71.87479
22	17	71.88657
22	17	71.89867
22	17	71.91065
22	17	71.92221
22	17	71.94052
22	17	71.95313
22	17	71.9652
22	16	71.97968
22	16	71.99273
22	16	72.00632
22	16	72.02488
22	16	72.03713
22	16	72.04873
22	16	72.06254
22	16	72.07508
22	16	72.08704
22	16	72.09925
22	15	72.11076
22	15	72.12273
22	15	72.13517
22	15	72.14677
22	15	72.15979
22	15	72.17648
22	15	72.18902
22	15	72.20117
22	14	72.22329
22	14	72.24535
22	14	72.26841
22	14	72.29008
22	14	72.3129
22	14	72.34154
22	13	72.35714
22	13	72.37942
22	13	72.40178
22	13	72.4244
22	13	72.44628
22	12	72.46912
22	12	72.49807
22	12	72.51305
22	12	72.5359
22	12	72.55843
22	12	72.58081
22	11	72.6034
22	11	72.62606
22	11	72.65341
22	11	72.67021
22	11	72.68299
22	11	72.6949
22	11	72.70643
22	10	72.71935
22	10	72.73174
22	10	72.74393
22	10	72.75648
22	10	72.77089
22	10	72.78285
22	10	72.80191
22	10	72.81442
22	10	72.82548
22	9	72.83759
22	9	72.85104
22	9	72.86326
22	9	72.8746
22	9	72.88579
22	9	72.89944
22	9	72.91171
22	9	72.92469
22	9	72.93699
22	9	72.95425
22	8	72.96708
22	8	72.98036
22	8	72.99314
22	8	73.00554
22	8	73.01775
22	8	73.03097
22	8	73.04301
22	8	73.05577
22	8	73.06902
22	7	73.08204
22	7	73.09498
22	7	73.1229
22	7	73.13951
22	7	73.16179
22	7	73.18457
22	6	73.20667
22	6	73.22895
22	6	73.25163
22	6	73.27978
22	6	73.29616
22	6	73.319
22	5	73.34056
22	5	73.36398
22	5	73.3859
22	5	73.40878
22	5	73.43553
22	4	73.45279
22	4	73.47486
22	4	73.49771
22	4	73.5216
22	4	73.54222
22	4	73.55657
22	3	73.57064
22	3	73.58992
22	3	73.60286
22	3	73.61385
22	3	73.62559
22	3	73.63796
22	3	73.65073
22	3	73.66296
22	3	73.67535
22	3	73.688
22	2	73.7002
22	2	73.71288
22	2	73.72603
22	2	73.74401
22	2	73.7565
22	2	73.76894
22	2	73.78075
22	2	73.79408
22	2	73.8061
21	2	73.81837
21	2	73.83303
21	2	73.84536
21	2	73.86148
21	2	73.87671
21	2	73.8959
21	2	73.90983
21	2	73.9324
20	2	73.95551
20	2	73.97742
20	2	73.99963
20	2	74.02164
20	2	74.04438
19	2	74.07221
19	2	74.08866
19	2	74.11064
19	2	74.13281
19	2	74.15553
19	2	74.17765
18	2	74.20065
18	2	74.22855
18	2	74.24545
18	2	74.26736
18	2	74.28986
17	2	74.31189
17	2	74.33403
17	2	74.35786
17	2	74.37907
17	2	74.39432
17	2	74.40562
17	2	74.41722
16	2	74.42915
16	2	74.44638
16	2	74.4598
16	2	74.47442
16	2	74.49169
16	2	74.50465
16	2	74.51706
16	2	74.53925
16	3	74.55389
16	3	74.5676
16	3	74.58224
16	3	74.5979
16	3	74.6125
16	3	74.62577
16	3	74.63763
16	3	74.65004
16	3	74.6626
16	4	74.67522
16	4	74.69713
16	4	74.7138
16	4	74.72911
16	4	74.74065
16	4	74.75849
16	4	74.78079
16	5	74.80383
16	5	74.82674
16	5	74.853
16	5	74.87004
16	5	74.89241
17	5	74.9146
17	5	74.93726
17	5	74.95946
17	5	74.98252
17	5	75.01138
17	5	75.02683
18	5	75.04875
18	5	75.07154
18	5	75.09435
18	5	75.11607
18	5	75.13912
19	5	75.16585
19	5	75.18244
19	5	75.20549
19	5	75.22803
19	5	75.24345
19	5	75.25605
19	5	75.26767
19	6	75.28111
19	6	75.29401
19	6	75.31573
19	6	75.34645
19	6	75.35966
19	6	75.37215
19	6	75.3868
19	7	75.40327
19	7	75.41429
19	7	75.42725
19	7	75.44215
19	7	75.45681
19	7	75.47773
19	7	75.49281
19	7	75.5069
19	7	75.52009
19	8	75.53382
19	8	75.54683
19	8	75.56524
19	8	75.57998
19	8	75.59188
19	8	75.60325
19	8	75.61491
19	8	75.63555
20	7	75.65466
20	7	75.67459
20	7	75.69695
20	7	75.71971
20	7	75.74194
20	7	75.7654
21	7	75.79258
21	7	75.80894
21	7	75.83095
21	7	75.8539
21	7	75.8764
22	7	75.89849
22	7	75.92168
22	7	75.94868
22	7	75.96645
22	7	75.98762
22	7	76.01041
22	7	76.03197
22	7	76.05471
22	7	76.07805
22	7	76.09779
22	7	76.11006
22	7	76.12281
22	7	76.13499
22	7	76.1475
21	7	76.16001
21	7	76.17165
21	7	76.18415
21	7	76.19601
21	7	76.20823
21	7	76.21941
21	7	76.23215
21	7	76.24957
21	7	76.26287
21	7	76.27417
20	7	76.28567
20	7	76.29865
20	7	76.30939
20	7	76.32145
20	7	76.33324
20	7	76.34502
20	7	76.35726
20	7	76.36897
20	7	76.3802
20	7	76.3929
19	7	76.40996
19	7	76.42144
19	7	76.43376
19	7	76.45625
19	7	76.47875
19	7	76.50092
18	7	76.5236
18	7	76.54649
18	7	76.57478
18	7	76.59116
18	7	76.61292
18	7	76.63559
17	7	76.65729
17	7	76.68014
17	7	76.70269
17	7	76.73061
17	7	76.74721
16	7	76.76911
16	7	76.79178
16	7	76.81397
16	7	76.8363
16	7	76.85925
16	7	76.88671
16	8	76.90322
16	8	76.93348
16	8	76.94643
16	8	76.96778
16	8	76.98209
16	8	76.99479
16	8	77.00679
16	8	77.01781
16	9	77.0397
16	9	77.05505
16	9	77.06866
16	9	77.08128
16	9	77.0939
16	9	77.10651
16	9	77.11803
16	9	77.1292
16	9	77.14051
16	10	77.15231
16	10	77.16374
16	10	77.17456
16	10	77.19564
16	10	77.20959
16	10	77.22092
16	10	77.23249
16	10	77.2429
16	10	77.25413
16	10	77.26491
16	10	77.28265
16	10	77.30549
16	10	77.32867
16	10	77.3562
16	10	77.37275
16	10	77.39536
16	10	77.41911
16	10	77.43987
16	10	77.46203
16	10	77.48459
16	10	77.51231
16	10	77.52911
16	10	77.55092
16	10	77.57355
16	10	77.59598
16	10	77.61845
16	10	77.64153
16	10	77.66872
16	10	77.68497
16	10	77.70722
16	10	77.72955
16	10	77.75195
16	10	77.76282
16	10	77.77469
16	10	77.78623
16	10	77.79778
16	10	77.81406
16	10	77.82686
16	10	77.83916
16	10	77.84967
16	10	77.86108
16	10	77.87251
16	10	77.88422
16	10	77.89692
16	10	77.9079
16	10	77.92026
16	10	77.93241
16	10	77.94408
15	10	77.95557
15	10	77.97427
15	10	77.98563
15	10	77.99763
15	10	78.01009
15	10	78.02253
15	10	78.03497
15	10	78.04766
15	10	78.05973
15	10	78.07168
14	10	78.08379
14	10	78.09531
14	10	78.11178
14	10	78.13061
14	10	78.14252
14	10	78.15344
14	10	78.16445
14	10	78.17599
14	10	78.18735
13	10	78.21021
13	10	78.2326
13	10	78.25463
13	10	78.27769
13	10	78.3055
13	10	78.32198
12	10	78.34458
12	10	78.3667
12	10	78.38964
12	10	78.41111
12	10	78.43438
11	10	78.46213
11	10	78.47834
11	10	78.50344
11	10	78.52811
11	10	78.54878
10	10	78.57297
10	10	78.59203
10	10	78.62117
10	10	78.6375
10	10	78.65903
10	10	78.67605
10	10	78.6864
9	10	78.69803
9	10	78.71085
9	10	78.72394
9	10	78.73972
9	10	78.75617
9	10	78.7776
9	10	78.79345
9	10	78.80492
8	10	78.81657
8	10	78.82867
8	10	78.84078
8	10	78.85509
8	10	78.87045
8	10	78.88274
8	10	78.89408
8	10	78.90692
8	10	78.92799
7	10	78.942
7	10	78.9547
7	10	78.968
7	10	78.98397
7	10	79.001
7	10	79.01237
7	10	79.02299
7	10	79.04581
7	9	79.06813
7	9	79.09607
7	9	79.11333
7	9	79.13631
7	9	79.15891
7	8	79.18108
7	8	79.20366
7	8	79.22711
7	8	79.25445
7	8	79.27085
7	8	79.29376
7	7	79.31599
7	7	79.33839
7	7	79.36109
7	7	79.38406
7	7	79.41093
7	6	79.43309
7	6	79.45042
7	6	79.472
7	6	79.49535
7	6	79.51693
7	6	79.53979
7	6	79.56432
7	6	79.59072
7	6	79.60694
7	6	79.61898
7	6	79.63035
7	6	79.64178
7	6	79.65363
7	5	79.66658
7	5	79.67796
7	5	79.6915
7	5	79.71391
7	5	79.72963
7	5	79.74187
7	5	79.75361
7	5	79.76644
7	5	79.77742
7	5	79.78872
7	4	79.80038
7	4	79.81401
7	4	79.82956
7	4	79.84384
7	4	79.86609
7	4	79.87995
7	4	79.89294
7	4	79.90405
7	3	79.9149
7	3	79.93049
7	3	79.95295
7	3	79.97536
7	3	79.99779
7	3	80.02502
7	2	80.04295
7	2	80.06461
7	2	80.08659
7	2	80.10913
7	2	80.13142
7	2	80.15453
8	2	80.18163
8	2	80.19853
8	2	80.2209
8	2	80.24355
8	2	80.26555
9	2	80.28791
9	2	80.31123
9	2	80.3386
9	2	80.35516
9	2	80.37742
9	2	80.39101
10	2	80.40301
10	2	80.41489
10	2	80.42748
10	2	80.44255
10	2	80.45767
10	2	80.47057
10	2	80.49265
10	2	80.50742
10	2	80.52017
11	2	80.53156
11	2	80.54313
11	2	80.55661
11	2	80.57159
11	2	80.58746
11	2	80.59964
11	2	80.6125
11	2	80.62558
12	2	80.65209
12	2	80.66579
12	2	80.67889
12	2	80.69367
12	2	80.70737
12	2	80.72024
12	2	80.73242
12	2	80.74586
13	2	80.7681
13	2	80.7915
13	2	80.81879
13	2	80.83498
13	2	80.85815
13	2	80.88017
14	2	80.90213
14	2	80.925
14	2	80.94775
14	2	80.97536
14	2	80.99174
15	2	81.01379
15	2	81.03603
15	2	81.05873
15	2	81.08092
15	2	81.10397
15	2	81.13154
16	2	81.14764
16	2	81.17076
16	2	81.19306
16	2	81.21489
16	2	81.23728
15	2	81.25938
15	2	81.27982
15	2	81.2924
15	2	81.30434
15	2	81.3172
15	2	81.3301
15	2	81.34198
15	2	81.35432
15	2	81.36627
14	2	81.37912
14	2	81.39446
14	2	81.40852
14	2	81.42182
14	2	81.43932
14	2	81.45167
14	2	81.46418
14	2	81.48016
14	2	81.49368
13	2	81.50609
13	2	81.5175
13	2	81.53089
13	2	81.54336
13	2	81.55481
13	2	81.56751
13	2	81.57973
13	2	81.59694
13	2	81.60775
13	2	81.61936
12	2	81.63954
12	2	81.66175
12	2	81.68379
12	2	81.70638
12	2	81.72859
11	2	81.75141
11	2	81.7792
11	2	81.79573
11	2	81.81824
11	2	81.84063
11	2	81.8631
10	2	81.88519
10	2	81.90777
10	2	81.94189
10	2	81.95271
10	2	81.97446
9	2	81.99696
9	2	82.01933
9	2	82.04129
9	2	82.06419
9	2	82.0922
9	2	82.10461
8	2	82.11631
8	2	82.12864
8	2	82.14134
8	2	82.1527
8	2	82.16384
8	2	82.17674
8	2	82.18827
8	2	82.20075
8	2	82.213
8	2	82.22555
7	2	82.24275
7	2	82.25362
7	2	82.26483
7	2	82.27617
7	2	82.28745
7	2	82.29984
7	2	82.31179
7	2	82.32336
7	2	82.33529
7	2	82.34669
7	3	82.35806
7	3	82.36984
7	3	82.382
7	3	82.40154
7	3	82.41299
7	3	82.42455
7	3	82.4358
7	3	82.44743
7	3	82.45929
7	3	82.47047
7	4	82.48773
7	4	82.51065
7	4	82.53272
7	4	82.56244
7	4	82.57755
7	4	82.59969
7	5	82.62249
7	5	82.64491
7	5	82.66649
7	5	82.68978
7	5	82.71775
7	6	82.73367
7	6	82.75653
7	6	82.778
7	6	82.79996
7	6	82.82298
7	7	82.84584
7	7	82.87348
7	7	82.89014
7	7	82.91263
7	7	82.9351
7	7	82.9573
7	7	82.97018
7	7	82.98023
7	7	82.99363
7	7	83.00551
7	7	83.02367
7	7	83.03678
7	7	83.0488
7	7	83.06129
7	7	83.07233
7	7	83.08437
8	7	83.09868
8	7	83.1115
8	7	83.1243
8	7	83.14603
8	7	83.16181
8	7	83.1824
8	7	83.19677
8	7	83.20807
9	7	83.22018
9	7	83.23322
9	7	83.24504
9	7	83.26026
9	7	83.27434
9	7	83.28666
9	7	83.29845
9	7	83.31511
10	7	83.34267
10	7	83.35974
10	7	83.38136
10	7	83.40367
10	7	83.4261
10	7	83.44907
11	7	83.47114
11	7	83.50432
11	7	83.52013
11	7	83.53792
11	7	83.56168
12	7	83.58346
12	7	83.60552
12	7	83.62901
12	7	83.65532
12	7	83.67127
12	7	83.69514
13	7	83.71619
13	7	83.73912
13	7	83.76118
13	7	83.78381
13	7	83.8068
13	7	83.82128
13	8	83.83334
13	8	83.84574
13	8	83.86087
13	8	83.8752
13	8	83.88718
13	8	83.8997
13	8	83.91209
13	8	83.92422
13	8	83.936
13	9	83.95761
13	9	83.97382
13	9	83.98798
13	9	83.99962
13	9	84.01201
13	9	84.02408
13	9	84.03672
13	9	84.04909
13	9	84.06068
13	10	84.07227
13	10	84.08428
13	10	84.09812
13	10	84.12057
13	10	84.13471
13	10	84.14606
13	10	84.16355
13	10	84.18598
14	10	84.2077
14	10	84.23048
14	10	84.25336
14	10	84.28104
14	10	84.29755
15	10	84.31953
15	10	84.34224
15	10	84.36426
15	10	84.38641
15	10	84.40916
16	10	84.43715
16	10	84.45389
16	10	84.47617
16	10	84.49899
16	10	84.52164
16	10	84.54422
16	9	84.56683
16	9	84.59359
16	9	84.6105
16	9	84.62187
16	9	84.63313
16	9	84.64391
16	9	84.65471
16	9	84.66574
16	9	84.6766
16	8	84.6887
16	8	84.69928
16	8	84.71083
16	8	84.7219
16	8	84.73819
16	8	84.75023
16	8	84.76303
16	8	84.77493
16	8	84.78702
16	8	84.79914
16	7	84.81036
16	7	84.82139
16	7	84.83344
16	7	84.84642
16	7	84.85803
16	7	84.86944
16	7	84.88213
16	7	84.90092
16	7	84.91375
16	7	84.92525
16	7	84.93606
16	7	84.94859
16	7	84.96083
16	7	84.97261
16	7	84.98441
16	7	84.99609
16	7	85.0078
16	7	85.01898
16	7	85.03153
16	7	85.04283
16	7	85.06202
16	7	85.07375
16	7	85.08521
16	7	85.09707
16	8	85.10956
16	8	85.1223
16	8	85.13516
16	8	85.15763
16	8	85.17972
16	8	85.20285
16	9	85.23019
16	9	85.24667
16	9	85.26897
16	9	85.29172
16	9	85.31399
16	9	85.33672
16	10	85.35905
16	10	85.38668
16	10	85.40353
16	10	85.42558
16	10	85.44807
16	10	85.47092
16	10	85.49355
16	10	85.51599
16	10	85.54501
16	10	85.55991
15	10	85.58239
15	10	85.60431
15	10	85.61626
15	10	85.62701
15	10	85.63834
15	10	85.65015
15	10	85.66172
15	10	85.67345
15	10	85.69038
14	10	85.70292
14	10	85.71523
14	10	85.72828
14	10	85.7404
14	10	85.75205
14	10	85.76385
14	10	85.77529
14	10	85.78691
14	10	85.7987
14	10	85.81048
14	10	85.82198
13	10	85.83517
13	10	85.85381
13	10	85.86575
13	10	85.87759
13	10	85.88927
13	10	85.90096
13	10	85.91341
13	10	85.92574
13	10	85.93763
12	10	85.94936
12	10	85.96091
12	10	85.97459
12	10	85.98624
12	10	86.01131
12	10	86.0287
12	10	86.05081
11	10	86.07343
11	10	86.09611
11	10	86.11832
11	10	86.14114
11	10	86.16885
11	10	86.18552
10	10	86.20743
10	10	86.23008
10	10	86.25204
10	10	86.27468
10	10	86.29781
9	10	86.32467
9	10	86.34163
9	10	86.36428
9	10	86.38628
9	10	86.40856
9	10	86.43094
9	10	86.61628
9	10	86.64008
9	10	86.65822
9	10	86.67253
10	10	86.68753
10	10	86.70008
10	10	86.71268
10	10	86.72649
10	10	86.7382
10	10	86.75048
10	10	86.76144
10	10	86.77406
10	10	86.79196
11	10	86.80476
11	10	86.81805
11	10	86.83101
11	10	86.84291
11	10	86.85487
11	10	86.86723
11	10	86.87884
11	10	86.89075
11	10	86.90224
11	10	86.92081
12	10	86.93267
12	10	86.95088
12	10	86.96328
12	10	86.97517
12	10	86.98976
12	10	87.01169
12	10	87.03405
13	10	87.05683
13	10	87.07938
13	10	87.10181
13	10	87.1287
13	10	87.14667
14	10	87.16833
14	10	87.19077
14	10	87.21296
14	10	87.23574
14	10	87.25821
14	10	87.2859
15	10	87.30212
15	10	87.3246
15	10	87.34702
15	10	87.36929
15	10	87.39188
16	10	87.41498
16	10	87.44249
16	10	87.45937
16	10	87.47176
16	10	87.48347
16	10	87.49856
16	10	87.5102
16	10	87.52117
17	10	87.53411
17	10	87.548
17	10	87.56894
17	10	87.58953
17	10	87.60143
17	10	87.61325
17	10	87.62374
17	10	87.63639
17	10	87.64834
18	10	87.6604
18	10	87.67258
18	10	87.68498
18	10	87.6962
18	10	87.70908
18	10	87.72273
18	10	87.74241
18	10	87.75558
18	10	87.76807
19	10	87.77905
19	10	87.79199
19	10	87.80356
19	10	87.81596
19	10	87.82858
19	10	87.84121
19	10	87.85207
19	10	87.8721
19	10	87.89513
18	10	87.92268
18	10	87.94001
18	10	87.96153
18	10	87.98402
18	10	88.00582
17	10	88.02831
17	10	88.05111
17	10	88.07958
17	10	88.09573
17	10	88.11836
17	10	88.14012
16	10	88.16252
16	10	88.18481
16	10	88.20822
16	10	88.24244
16	10	88.25517
15	10	88.27427
15	10	88.29682
15	10	88.3194
15	10	88.34107
15	10	88.3521
15	10	88.36371
15	10	88.38065
14	10	88.39194
14	10	88.40341
14	10	88.41532
14	10	88.42679
14	10	88.43822
14	10	88.4491
14	10	88.46003
14	10	88.47103
14	10	88.48223
14	10	88.49334
14	10	88.5052
13	10	88.51689
13	10	88.53391
13	10	88.54588
13	10	88.5602
13	10	88.57397
13	10	88.58759
13	10	88.59882
13	10	88.6105
13	10	88.62263
12	10	88.63636
12	10	88.64998
12	10	88.66175
12	10	88.67622
12	10	88.69439
12	10	88.70627
12	10	88.71931
12	10	88.73162
12	10	88.74242
12	10	88.75514
11	10	88.76846
11	10	88.78116
11	10	88.79513
11	10	88.80712
11	10	88.81969
11	10	88.83424
11	10	88.85116
11	10	88.86372
11	10	88.87718
10	10	88.89993
10	10	88.92207
10	10	88.94508
10	10	88.96657
10	10	88.98962
9	10	89.01701
9	10	89.03384
9	10	89.05664
9	10	89.07899
9	10	89.10109
8	10	89.12345
8	10	89.14641
8	10	89.17448
8	10	89.19173
8	10	89.21259
8	10	89.23611
7	10	89.25711
7	10	89.27942
7	10	89.30251
7	10	89.33151
7	10	89.3445
7	10	89.36083
8	10	89.37707
8	10	89.39032
8	10	89.40503
8	10	89.41824
8	10	89.43106
8	10	89.44905
8	10	89.46181
8	10	89.48136
8	10	89.49352
8	10	89.50603
8	10	89.51859
8	10	89.53014
8	10	89.54213
8	10	89.55611
8	10	89.56991
8	10	89.58563
8	10	89.60188
9	10	89.61626
9	10	89.63673
9	10	89.64893
9	10	89.66123
9	10	89.67259
9	10	89.68558
9	10	89.70339
9	10	89.72615
10	10	89.74886
10	10	89.77161
10	10	89.8
10	10	89.81659
10	10	89.83789
11	10	89.86024
11	10	89.88274
11	10	89.90472
11	10	89.92786
11	10	89.95537
11	10	89.97367
12	10	89.99413
12	10	90.01695
12	10	90.03893
12	10	90.06149
12	10	90.08511
13	10	90.11186
13	10	90.12857
13	10	90.15097
13	10	90.17308
13	10	90.18579
13	10	90.19769
13	10	90.20949
13	10	90.22125
14	10	90.23412
14	10	90.24652
14	10	90.26463
14	10	90.27709
14	10	90.2902
14	10	90.30383
14	10	90.31526
14	10	90.3278
14	10	90.34039
13	10	90.35386
13	10	90.36696
13	10	90.37912
13	10	90.39124
13	10	90.40471
13	10	90.42287
13	10	90.43469
13	10	90.44734
13	10	90.46003
12	10	90.47305
12	10	90.48656
12	10	90.50009
12	10	90.51347
12	10	90.52457
12	10	90.54137
12	10	90.5641
11	10	90.59368
11	10	90.60912
11	10	90.63134
11	10	90.65369
11	10	90.67561
11	10	90.69806
10	10	90.72083
10	10	90.74963
10	10	90.76463
10	10	90.78715
10	10	90.80946
10	10	90.83204
9	10	90.85465
9	10	90.87731
9	10	90.90551
9	10	90.9221
9	10	90.94373
8	10	90.96705
8	10	90.98885
8	10	91.01077
8	10	91.02387
8	10	91.0374
8	10	91.0579
8	10	91.06952
7	10	91.08328
7	10	91.09732
7	10	91.10929
7	10	91.12162
7	10	91.134
7	10	91.14563
7	10	91.15727
7	10	91.16918
7	10	91.18073
7	10	91.19284
6	10	91.21169
6	10	91.22305
6	10	91.23471
6	10	91.24626
6	10	91.2579
6	10	91.26897
6	10	91.2815
6	10	91.29379
6	10	91.30614
6	10	91.31806
6	10	91.33024
6	10	91.34394
6	10	91.36489
6	10	91.37983
6	10	91.39596
6	10	91.40765
6	10	91.41943
6	10	91.43513
5	10	91.45751
5	10	91.48038
5	10	91.5039
5	10	91.53355
5	10	91.55159
4	10	91.56969
4	10	91.5923
4	10	91.61382
4	10	91.63655
4	10	91.65889
4	10	91.68542
3	10	91.70282
3	10	91.72472
3	10	91.74732
3	10	91.77043
3	10	91.79321
2	10	91.81512
2	10	91.8426
2	10	91.86043
2	10	91.88177
2	10	91.89286
2	10	91.90462
2	10	91.91528
2	10	91.92706
2	9	91.94483
2	9	91.9565
2	9	91.97414
2	9	91.99788
2	9	92.01632
2	9	92.03126
2	9	92.04409
2	8	92.05756
2	8	92.0711
2	8	92.08504
2	8	92.1004
2	8	92.11725
2	8	92.13125
2	8	92.15267
2	8	92.16798
2	7	92.17974
2	7	92.19093
2	7	92.2068
2	7	92.22253
2	7	92.23784
2	7	92.24873
2	7	92.2603
2	7	92.27345
2	7	92.29543
2	7	92.32307
2	7	92.33991
3	7	92.36221
3	7	92.38461
3	7	92.40659
3	7	92.42897
3	7	92.45174
4	7	92.48029
4	7	92.49625
4	7	92.51852
4	7	92.54059
4	7	92.56367
4	7	92.58587
4	7	92.60832
4	7	92.63645
4	7	92.65343
4	7	92.675
4	7	92.69717
4	7	92.71957
4	7	92.73077
4	7	92.7425
4	6	92.75339
4	6	92.76492
4	6	92.78217
4	6	92.79904
4	6	92.81242
4	6	92.82417
4	6	92.83644
4	6	92.84853
4	6	92.86148
4	6	92.87498
4	6	92.88628
4	6	92.89899
4	6	92.91352
4	6	92.92821
4	6	92.94946
4	6	92.96406
4	6	92.97716
4	5	92.98877
4	5	93.00035
4	5	93.01322
4	5	93.02773
4	5	93.04087
4	5	93.0523
4	5	93.0648
4	5	93.07684
4	5	93.09986
5	5	93.1339
5	5	93.15005
5	5	93.1662
5	5	93.18897
5	5	93.21262
6	5	93.23497
6	5	93.25701
6	5	93.28568
6	5	93.30159
6	5	93.32407
6	5	93.34592
7	5	93.36809
7	5	93.39064
7	5	93.4128
7	5	93.44197
7	5	93.4575
7	5	93.47879
7	5	93.5014
7	5	93.52378
7	5	93.53734
7	5	93.55222
7	5	93.56974
7	5	93.59123
7	5	93.60437
7	5	93.6184
7	5	93.63171
7	5	93.64709
7	5	93.66474
7	5	93.68217
7	5	93.69826
7	5	93.71237
7	5	93.73186
6	5	93.75997
6	5	93.77458
6	5	93.78856
6	5	93.80086
6	5	93.81429
6	5	93.82843
6	5	93.8404
6	5	93.85305
5	5	93.86708
5	5	93.87971
5	5	93.8935
5	5	93.91304
5	5	93.92603
5	5	93.94855
5	5	93.97089
4	5	93.9936
4	5	94.01598
4	5	94.0376
4	5	94.06041
4	5	94.08825
3	5	94.10534
3	5	94.12693
3	5	94.15011
3	5	94.1728
3	5	94.19491
3	5	94.21731
2	5	94.24561
2	5	94.26463
2	5	94.28418
2	5	94.3065
2	5	94.32831
2	4	94.35075
2	4	94.37334
2	4	94.40198
2	4	94.41974
2	4	94.43346
2	4	94.4466
2	4	94.46117
2	3	94.47297
2	3	94.49209
2	3	94.50496
2	3	94.52277
2	3	94.53965
2	3	94.56572
2	3	94.58139
2	2	94.59592
2	2	94.61015
2	2	94.62541
2	2	94.64214
2	2	94.65922
2	2	94.67437
2	2	94.68784
2	2	94.70197
3	2	94.72853
3	2	94.7466
3	2	94.7635
3	2	94.77815
3	2	94.79202
3	2	94.8035
3	2	94.81566
3	2	94.82907
4	2	94.84246
4	2	94.86516
4	2	94.89471
4	2	94.91118
4	2	94.93071
4	2	94.95387
5	2	94.97784
5	2	94.9988
5	2	95.02208
5	2	95.04906
5	2	95.06554
6	2	95.08778
6	2	95.10994
6	2	95.1328
6	2	95.15592
6	2	95.17823
7	2	95.20679
7	2	95.22376
7	2	95.24506
7	2	95.26761
7	2	95.28882
7	2	95.30197
7	2	95.3148
8	2	95.32829
8	2	95.35233
8	2	95.36669
8	2	95.38075
8	2	95.39275
8	2	95.40607
8	2	95.41978
8	2	95.43198
9	2	95.44553
9	2	95.45942
9	2	95.47238
9	2	95.48467
9	2	95.50308
9	2	95.51654
9	2	95.52863
9	2	95.54179
9	2	95.55447
10	2	95.56881
10	2	95.58339
10	2	95.5982
10	2	95.61107
10	2	95.62397
10	2	95.6377
10	2	95.66576
10	2	95.68346
11	2	95.7019
11	2	95.72504
11	2	95.7467
11	2	95.76905
11	2	95.79208
12	2	95.81922
12	2	95.83664
12	2	95.85854
12	2	95.8806
12	2	95.90281
12	2	95.92564
13	2	95.94774
13	2	95.97708
13	2	95.99209
13	2	96.0137
13	2	96.03746
13	3	96.0601
13	3	96.08237
13	3	96.10587
13	3	96.13516
13	3	96.15152
13	3	96.16676
13	4	96.18044
13	4	96.19564
13	4	96.21065
13	4	96.22845
13	4	96.24583
13	4	96.26186
13	4	96.28873
13	5	96.30412
13	5	96.31672
13	5	96.33112
13	5	96.34806
13	5	96.36485
13	5	96.37759
13	5	96.3924
13	5	96.40611
13	5	96.4192
13	5	96.44221
13	5	96.45968
13	5	96.47343
12	5	96.48591
12	5	96.49963
12	5	96.51268
12	5	96.53043
12	5	96.54669
12	5	96.56104
12	5	96.5738
12	5	96.59811
11	5	96.61394
11	5	96.62939
11	5	96.65133
11	5	96.6736
11	5	96.69629
11	5	96.71949
10	5	96.74161
10	5	96.77007
10	5	96.78606
10	5	96.80772
10	5	96.82961
10	6	96.85287
10	6	96.87444
10	6	96.89754
10	6	96.92686
10	6	96.942
10	6	96.9648
10	7	96.98714
10	7	97.00916
10	7	97.03147
10	7	97.05663
10	7	97.08003
10	8	97.09756
10	8	97.11517
10	8	97.12882
10	8	97.14188
10	8	97.15795
10	8	97.17095
10	8	97.18358
10	8	97.19777
10	8	97.21004
10	8	97.23122
10	8	97.24409
10	8	97.25869
10	8	97.27339
10	8	97.28608
10	8	97.29853
10	8	97.30956
9	8	97.32339
9	8	97.33638
9	8	97.34966
9	8	97.3616
9	8	97.3818
9	8	97.39511
9	8	97.40775
9	8	97.41984
9	8	97.43269
8	8	97.45539
8	8	97.47737
8	8	97.49986
8	8	97.52242
8	8	97.54969
7	8	97.56731
7	8	97.58955
7	8	97.61141
7	8	97.63428
7	8	97.65678
7	8	97.67879
7	9	97.70822
7	9	97.7238
7	9	97.74594
7	9	97.76841
7	9	97.79128
7	10	97.81249
7	10	97.83539
7	10	97.86467
7	10	97.88081
7	10	97.90236
7	10	97.91583
7	10	97.92856
7	11	97.93956
7	11	97.95203
7	11	97.96423
7	11	97.97984
7	11	97.99458
7	11	98.0126
7	11	98.0236
7	11	98.03462
7	11	98.04685
7	12	98.0587
7	12	98.07117
7	12	98.0833
7	12	98.0991
7	12	98.114
7	12	98.12702
7	12	98.13935
7	12	98.15203
7	12	98.17357
7	13	98.18874
7	13	98.20307
7	13	98.21774
7	13	98.23148
7	13	98.24281
7	13	98.25438
7	13	98.26555
7	13	98.27883
7	13	98.29623
7	14	98.30807
7	14	98.32956
7	14	98.346
7	14	98.36031
7	14	98.3708
7	14	98.3938
7	14	98.41589
7	15	98.43826
7	15	98.46179
7	15	98.48919
7	15	98.50564
7	15	98.52814
7	16	98.55048
7	16	98.57308
7	16	98.59501
7	16	98.61802
7	16	98.6451
7	16	98.66193
7	17	98.68406
7	17	98.70654
7	17	98.72872
7	17	98.75122
7	17	98.77406
6	17	98.8024
6	17	98.81837
6	17	98.83391
6	17	98.84657
6	17	98.85848
6	17	98.86997
6	17	98.88159
6	17	98.89392
6	17	98.90766
5	17	98.91828
5	17	98.9306
5	17	98.95112
5	17	98.96578
5	17	98.97948
5	17	98.99229
5	17	99.0041
5	17	99.01642
5	17	99.02892
4	17	99.04063
4	17	99.05165
4	17	99.06413
4	17	99.0786
4	17	99.09434
4	17	99.1151
4	17	99.131
4	17	99.14292
4	17	99.15463
3	17	99.17545
3	17	99.19766
3	17	99.22
3	17	99.2429
3	17	99.26585
2	17	99.29453
2	17	99.30956
2	17	99.33208
2	17	99.35481
2	17	99.37673
2	17	99.39903
2	17	99.42165
2	17	99.45026
2	17	99.46636
2	17	99.4878
2	17	99.51106
2	17	99.53242
2	17	99.55556
2	17	99.57807
2	17	99.61
2	17	99.62268
2	17	99.6451
2	17	99.65714
2	17	99.66828
2	17	99.67883
2	17	99.69075
2	17	99.70305
2	17	99.71705
2	17	99.73387
2	17	99.75329
2	17	99.76475
2	17	99.77588
2	17	99.78869
2	17	99.80289
2	17	99.81436
2	17	99.82655
2	17	99.83784
2	17	99.85052
2	17	99.86286
2	17	99.87559
2	17	99.88708
2	17	99.90856
2	17	99.91938
2	17	99.93344
2	17	99.94544
2	17	99.95658
2	17	99.96763
2	17	99.97962
2	17	99.99247
2	17	100.0046
2	17	100.0158
2	17	100.0281
2	17	100.0398
2	16	100.06
2	16	100.072
2	16	100.0865
2	16	100.1012
2	16	100.1144
2	16	100.1366
2	16	100.1589
2	15	100.1804
2	15	100.2037
2	15	100.2315
2	15	100.2472
2	15	100.2695
2	14	100.2924
2	14	100.3144
2	14	100.337
2	14	100.3599
2	14	100.389
2	14	100.404
2	14	100.4266
3	14	100.4487
3	14	100.4709
3	14	100.4938
3	14	100.5165
3	14	100.5459
3	14	100.5637
4	14	100.5777
4	14	100.5911
4	14	100.607
4	14	100.6204
4	14	100.633
4	14	100.6446
4	14	100.6565
4	14	100.6684
4	14	100.6915
4	14	100.7077
4	14	100.7201
4	14	100.7334
4	14	100.7463
4	14	100.7573
4	14	100.7764
4	14	100.7888
4	14	100.8016
4	14	100.8126
4	14	100.8257
4	14	100.8456
4	14	100.8575
4	14	100.868
4	13	100.8799
4	13	100.8933
4	13	100.9056
4	13	100.9207
4	13	100.9407
4	13	100.9633
4	13	100.9862
4	12	101.0153
4	12	101.0325
4	12	101.0527
4	12	101.0751
4	12	101.0969
4	12	101.119
4	11	101.1422
4	11	101.1702
4	11	101.186
4	11	101.2093
4	11	101.2311
4	12	101.2533
4	12	101.2758
4	12	101.299
4	12	101.3358
4	12	101.3482
4	12	101.3645
4	13	101.3868
4	13	101.3985
4	13	101.4094
4	13	101.4203
4	13	101.4309
4	13	101.4425
4	13	101.4541
4	13	101.4702
4	13	101.486
4	14	101.5008
4	14	101.5142
4	14	101.527
4	14	101.5392
4	14	101.5525
4	14	101.568
4	14	101.5816
4	14	101.5946
4	14	101.6071
4	14	101.6271
4	14	101.6398
4	14	101.652
4	14	101.6645
4	14	101.678
4	14	101.6913
4	14	101.7043
4	14	101.7176
4	14	101.7322
3	14	101.7488
3	14	101.7678
3	14	101.7872
3	14	101.8021
3	14	101.8227
3	14	101.8452
2	14	101.8674
2	14	101.8901
2	14	101.9127
2	14	101.9357
2	14	101.9639
2	14	101.9798
2	15	102.0016
2	15	102.0239
2	15	102.0461
2	15	102.0688
2	15	102.0915
2	15	102.1195
2	16	102.1357
2	16	102.1578
2	16	102.18
2	16	102.2027
2	16	102.2281
2	17	102.2481
2	17	102.2755
2	17	102.2878
2	17	102.3017
2	17	102.3147
2	17	102.33
2	17	102.3427
2	17	102.3559
2	18	102.3693
2	18	102.3813
2	18	102.3941
2	18	102.4099
2	18	102.4324
2	18	102.449
2	18	102.4632
2	18	102.4756
2	18	102.4876
2	19	102.5013
2	19	102.5154
2	19	102.5307
2	19	102.5464
2	19	102.5589
2	19	102.5727
2	19	102.5962
2	20	102.6117
2	20	102.6254
2	20	102.6375
2	20	102.6522
2	20	102.6686
2	20	102.6832
2	20	102.7053
2	20	102.7284
3	20	102.756
3	20	102.7713
3	20	102.7946
3	20	102.8172
3	20	102.8394
4	20	102.8623
4	20	102.8852
4	20	102.9122
4	20	102.9285
4	20	102.951
4	20	102.9745
4	20	102.9954
4	20	103.0183
4	20	103.0411
4	20	103.0684
4	20	103.0855
4	20	103.1078
4	20	103.1202
4	20	103.1312
4	20	103.1426
4	20	103.1539
4	20	103.1655
4	20	103.1775
4	20	103.1903
4	20	103.2045
4	20	103.2224
4	20	103.2347
4	20	103.472
4	20	103.4968
4	20	103.5247
4	20	103.5415
4	20	103.5551
4	20	103.5689
4	20	103.5821
4	20	103.5945
4	20	103.6048
4	20	103.6164
4	20	103.6286
4	20	103.648
4	20	103.6604
4	20	103.6733
4	20	103.6862
4	20	103.6983
4	20	103.7093
4	20	103.7216
4	20	103.7446
4	20	103.7664
4	21	103.79
4	21	103.822
4	21	103.8418
4	21	103.8583
4	21	103.8791
4	22	103.9003
4	22	103.9229
4	22	103.9461
4	22	103.9733
4	22	103.9897
4	22	104.0127
4	23	104.0353
4	23	104.0579
4	23	104.0803
4	23	104.1026
4	23	104.1309
5	23	104.1461
5	23	104.1688
5	23	104.1911
5	23	104.2135
5	23	104.2291
5	23	104.2414
5	23	104.2575
6	23	104.28
6	23	104.2963
6	23	104.3146
6	23	104.3297
6	23	104.3409
6	23	104.3552
6	23	104.3688
6	23	104.3837
7	23	104.3977
7	23	104.4122
7	23	104.436
7	23	104.4508
7	23	104.4633
7	23	104.4759
7	23	104.4874
7	23	104.5009
7	23	104.5154
7	23	104.5287
7	23	104.5432
7	23	104.5566
7	23	104.5714
7	23	104.5917
7	23	104.6049
7	24	104.6171
7	24	104.638
7	24	104.6601
7	24	104.6828
7	24	104.7052
7	24	104.7281
7	25	104.7561
7	25	104.7759
7	25	104.7941
7	25	104.8161
7	25	104.8381
7	26	104.8608
7	26	104.8839
7	26	104.9118
7	26	104.9285
7	26	104.9511
7	26	104.973
6	26	104.9954
6	26	105.0178
6	26	105.0406
6	26	105.0607
6	26	105.0764
6	26	105.0873
6	26	105.0992
5	26	105.112
5	26	105.1244
5	26	105.1407
5	26	105.1553
5	26	105.1691
5	26	105.1815
5	26	105.1951
5	26	105.2187
4	26	105.2344
4	26	105.2467
4	26	105.2642
4	26	105.279
4	26	105.2915
4	26	105.3032
4	26	105.3145
4	26	105.3262
4	26	105.3373
3	26	105.3489
3	26	105.3713
3	26	105.3863
3	26	105.4089
3	26	105.4204
3	26	105.4313
3	26	105.4531
2	26	105.4751
2	26	105.4978
2	26	105.5209
2	26	105.5479
2	26	105.5654
2	26	105.5875
2	27	105.6094
2	27	105.6322
2	27	105.6545
2	27	105.6774
2	27	105.7038
2	28	105.721
2	28	105.7435
2	28	105.7658
2	28	105.7882
2	28	105.8126
2	29	105.834
2	29	105.863
2	29	105.8775
2	29	105.9001
2	29	105.9134
2	29	105.9249
2	29	105.9372
2	29	105.9504
2	30	105.9643
2	30	105.978
2	30	105.9929
2	30	106.0152
2	30	106.0307
2	30	106.0419
2	30	106.06
2	30	106.0726
3	30	106.0845
3	30	106.0973
3	30	106.1092
3	30	106.1226
3	30	106.134
3	30	106.1462
3	30	106.1652
3	30	106.1762
3	30	106.187
3	30	106.1995
4	30	106.2111
4	30	106.2236
4	30	106.2363
4	30	106.2474
4	30	106.2616
4	30	106.2736
4	30	106.2899
4	30	106.3131
5	30	106.341
5	30	106.3573
5	30	106.3798
5	30	106.4017
5	30	106.4243
6	30	106.4472
6	30	106.47
6	30	106.4978
6	30	106.5141
6	30	106.5366
6	30	106.5599
7	30	106.5814
7	30	106.6036
7	30	106.6267
7	30	106.6546
7	30	106.6706
6	30	106.6923
6	30	106.7148
6	30	106.7375
6	30	106.7602
6	30	106.7711
6	30	106.784
6	30	106.8023
5	30	106.8143
5	30	106.8271
5	30	106.8385
5	30	106.8512
5	30	106.8642
5	30	106.8753
5	30	106.8874
5	30	106.9001
5	30	106.9129
5	30	106.9241
4	30	106.936
4	30	106.9555
4	30	106.9695
4	30	106.9816
4	30	106.9942
4	30	107.006
4	30	107.0195
4	30	107.0349
4	30	107.049
3	30	107.063
3	30	107.075
3	30	107.0882
3	30	107.1076
3	30	107.1209
3	30	107.1333
3	30	107.1508
3	30	107.1735
2	30	107.1954
2	30	107.2179
2	30	107.2408
2	30	107.2696
2	30	107.2874
2	30	107.3072
2	30	107.3293
2	30	107.3518
2	30	107.3742
2	30	107.3973
2	30	107.4264
2	30	107.4419
2	30	107.4637
2	30	107.4865
2	29	107.5087
2	29	107.5307
2	29	107.5532
2	29	107.5809
2	29	107.5986
2	29	107.6117
2	28	107.6244
2	28	107.6371
2	28	107.6506
2	28	107.6652
2	28	107.6778
2	28	107.6911
2	28	107.7029
2	28	107.7154
2	28	107.7362
2	27	107.7497
2	27	107.7651
2	27	107.7776
2	27	107.7904
2	27	107.8019
2	27	107.8142
2	27	107.8275
2	27	107.8478
2	27	107.8606
2	26	107.8735
2	26	107.8922
2	26	107.9055
2	26	107.9173
2	26	107.9291
2	26	107.9421
2	26	107.9531
2	26	107.965
2	26	107.9775
2	25	107.9995
2	25	108.0219
2	25	108.0447
2	25	108.0718
2	25	108.089
2	24	108.1117
2	24	108.1341
2	24	108.1565
2	24	108.179
2	24	108.2013
2	24	108.2292
2	23	108.2456
2	23	108.2679
2	23	108.2904
2	23	108.3127
2	23	108.3352
2	23	108.3579
2	23	108.3853
2	23	108.4035
3	23	108.4245
3	23	108.4462
3	23	108.4577
3	23	108.4736
3	23	108.4905
3	23	108.5035
3	23	108.5175
3	23	108.5425
4	23	108.5583
4	23	108.5779
4	23	108.5907
4	23	108.6032
4	23	108.6152
4	23	108.6288
4	23	108.6411
4	23	108.6531
4	23	108.6653
5	23	108.6784
5	23	108.6992
5	23	108.7115
5	23	108.7247
5	23	108.7359
5	23	108.7473
5	23	108.7597
5	23	108.7723
5	23	108.7841
6	23	108.7955
6	23	108.8061
6	23	108.8263
6	23	108.8495
6	23	108.8782
6	23	108.8933
7	23	108.9155
7	23	108.9383
7	23	108.9601
7	23	108.9833
7	23	109.0059
7	22	109.0334
7	22	109.0497
7	22	109.0719
7	22	109.0947
7	22	109.1163
7	22	109.1388
7	21	109.162
7	21	109.1892
7	21	109.2058
7	21	109.2286
7	21	109.2508
7	21	109.2731
7	20	109.2956
7	20	109.3071
7	20	109.3202
7	20	109.3396
7	20	109.3533
7	20	109.3638
7	20	109.3748
7	20	109.3863
7	20	109.3963
7	19	109.4078
7	19	109.4196
7	19	109.431
7	19	109.4713
7	19	109.4957
7	19	109.5114
7	18	109.5242
7	18	109.5365
7	18	109.5496
7	18	109.5681
7	18	109.5907
7	18	109.6076
7	18	109.6218
7	17	109.6458
7	17	109.6619
7	17	109.6744
7	17	109.6863
7	17	109.7079
7	17	109.7305
7	17	109.7529
7	18	109.776
7	18	109.8043
7	18	109.8202
7	18	109.8425
7	18	109.8672
7	18	109.8875
7	19	109.9096
7	19	109.9326
7	19	109.9615
7	19	109.9767
7	19	109.9989
7	20	110.0218
7	20	110.0439
7	20	110.0665
7	20	110.0889
7	20	110.1164
8	20	110.1336
8	20	110.1554
8	20	110.1772
8	20	110.193
8	20	110.2094
8	20	110.2215
8	20	110.2326
8	20	110.2444
9	20	110.2648
9	20	110.2784
