x	y	time
15	11	0.0446229
15	11	0.0611788
15	11	0.0721337
15	11	0.0811582
15	11	0.0880506
15	11	0.0955938
15	11	0.1023978
15	11	0.1122311
15	11	0.1236209
15	11	0.1350528
15	11	0.1458887
15	11	0.1571292
15	11	0.1684219
15	11	0.1792299
15	11	0.1909527
15	11	0.2023074
15	11	0.2150117
15	11	0.223717
15	11	0.2352565
15	11	0.2461684
15	11	0.2575461
15	11	0.2684138
15	11	0.2801963
15	11	0.2910553
15	11	0.3024168
15	11	0.3136065
15	11	0.3247592
15	11	0.3358346
15	11	0.3474466
15	11	0.35877
15	11	0.3711379
15	11	0.3808063
15	11	0.3922561
15	11	0.4034792
15	11	0.4146781
15	11	0.4254263
15	11	0.4366082
15	11	0.4479252
15	11	0.4590528
15	11	0.4700849
15	11	0.4818213
15	11	0.4925708
15	11	0.5037535
15	11	0.5162246
15	11	0.5286062
15	11	0.5379701
15	11	0.5489759
15	11	0.5600321
15	11	0.5708425
15	11	0.582198
15	11	0.5928597
15	11	0.6046153
15	11	0.6155365
15	11	0.6271073
15	11	0.6389724
15	11	0.6509111
15	11	0.662541
15	11	0.6745648
15	11	0.6864935
15	11	0.6981965
15	11	0.709109
15	11	0.7205477
15	11	0.7314911
15	11	0.7428197
15	11	0.7542201
15	11	0.7656041
15	11	0.7763422
15	11	0.787756
15	11	0.7990826
15	11	0.80984
15	11	0.8209486
15	11	0.8323833
15	11	0.8457406
15	11	0.8548447
15	11	0.8655738
15	11	0.8766786
15	11	0.8877801
15	11	0.8990124
15	11	0.910296
15	11	0.9213862
15	11	0.9329083
15	11	0.9443497
15	11	0.9554525
15	11	0.9664277
15	11	0.9774998
15	11	0.9890277
15	11	1.002504
15	11	1.011024
15	11	1.022126
15	11	1.033639
15	11	1.04476
15	11	1.055913
15	11	1.066998
15	11	1.078102
15	11	1.088975
15	11	1.100268
15	11	1.112665
15	11	1.125935
15	11	1.134312
15	11	1.144378
15	11	1.158186
15	11	1.166718
15	11	1.177793
15	11	1.18879
15	11	1.200098
15	11	1.211185
15	11	1.222607
15	11	1.234084
15	11	1.244808
15	11	1.256151
15	11	1.267326
15	11	1.278249
15	11	1.28948
15	11	1.300936
15	11	1.314454
15	11	1.323247
15	11	1.334075
15	11	1.345187
15	11	1.356136
15	11	1.367419
15	11	1.378278
15	11	1.389738
15	11	1.401791
15	11	1.412376
15	11	1.423562
15	11	1.434692
15	11	1.445493
15	11	1.457115
15	11	1.46998
15	11	1.479146
15	11	1.490552
15	11	1.501777
15	11	1.51275
15	11	1.524176
15	11	1.536454
15	11	1.547267
15	11	1.558697
15	11	1.569716
15	11	1.580285
15	11	1.591932
15	11	1.60288
15	11	1.614371
15	11	1.627318
15	11	1.636628
15	11	1.647832
15	11	1.658905
15	11	1.670437
15	11	1.68163
15	11	1.692697
15	11	1.703624
15	11	1.715235
15	11	1.726132
15	11	1.737245
15	11	1.748582
15	11	1.759346
15	11	1.770956
15	11	1.78393
15	11	1.792834
15	11	1.803799
15	11	1.815206
15	11	1.826485
15	11	1.837826
15	11	1.84891
15	11	1.859719
15	11	1.870977
15	11	1.882397
15	11	1.893447
15	11	1.904906
15	11	1.916184
15	11	1.927555
15	11	1.941464
15	11	1.95007
15	11	1.959434
15	11	1.970605
15	11	1.982291
15	11	1.993035
15	11	2.004818
15	11	2.015975
15	11	2.027114
15	11	2.038275
15	11	2.048934
15	11	2.060837
15	11	2.071166
15	11	2.082534
15	11	2.095575
15	11	2.105452
15	11	2.116172
15	11	2.127403
15	11	2.138274
15	11	2.149748
15	11	2.16066
15	11	2.172178
15	11	2.183772
15	11	2.194372
15	11	2.205394
15	11	2.216585
15	11	2.227562
15	11	2.238947
15	11	2.251694
15	11	2.261127
15	11	2.272082
15	11	2.283499
15	11	2.294643
15	11	2.305824
15	11	2.317585
15	11	2.32854
15	11	2.339701
15	11	2.351188
15	11	2.362465
15	11	2.373905
15	11	2.385611
15	11	2.39711
15	11	2.412647
15	11	2.420901
15	11	2.428135
15	11	2.437929
15	11	2.449487
15	11	2.460173
15	11	2.471265
15	11	2.482442
15	11	2.493623
15	11	2.504762
15	11	2.515798
15	11	2.527127
15	11	2.538591
15	11	2.5501
15	11	2.563039
15	11	2.57191
15	11	2.583867
15	11	2.594547
15	11	2.606112
15	11	2.617397
15	11	2.628939
15	11	2.639271
15	11	2.650513
15	11	2.661495
15	11	2.672672
15	11	2.683759
15	11	2.694706
15	11	2.706415
15	11	2.719865
15	11	2.728502
15	11	2.739335
15	11	2.75085
15	11	2.761696
15	11	2.773007
15	11	2.784623
15	11	2.796088
15	11	2.807153
15	11	2.818566
15	11	2.830236
15	11	2.8415
15	11	2.853613
15	11	2.864489
15	11	2.877917
15	11	2.887449
15	11	2.898593
15	11	2.909652
15	11	2.920075
15	11	2.931471
15	11	2.942453
15	11	2.953956
15	11	2.965002
15	11	2.976093
15	11	2.986953
15	11	2.998202
15	11	3.009133
15	11	3.020461
15	11	3.033236
15	11	3.0438
15	11	3.053886
15	11	3.064927
15	11	3.075953
15	11	3.087687
15	11	3.098969
15	11	3.110719
15	11	3.121576
15	11	3.13339
15	11	3.145241
15	11	3.157055
15	11	3.167124
15	11	3.1782
15	11	3.193058
15	11	3.2016
15	11	3.210738
15	11	3.221895
15	11	3.233198
15	11	3.24387
15	11	3.25527
15	11	3.265769
15	11	3.276311
15	11	3.287635
15	11	3.298605
15	11	3.309996
15	11	3.321216
15	11	3.332751
15	11	3.344693
15	11	3.355133
15	11	3.366273
15	11	3.377455
15	11	3.389016
15	11	3.399911
15	11	3.411321
15	11	3.422485
15	11	3.433797
15	11	3.44471
15	11	3.455806
15	11	3.467282
15	11	3.478525
15	11	3.490036
15	11	3.504223
15	11	3.512599
15	11	3.523049
15	11	3.534375
15	11	3.545183
15	11	3.55653
15	11	3.567829
15	11	3.578746
15	11	3.59009
16	11	3.601842
16	11	3.612471
16	11	3.623723
16	11	3.635068
16	11	3.646291
16	11	3.662754
16	11	3.674246
16	11	3.68138
16	11	3.688942
16	11	3.69991
16	11	3.710677
17	11	3.722187
17	11	3.733165
17	11	3.74458
17	11	3.75554
17	11	3.767378
17	11	3.77836
17	11	3.789741
17	11	3.800544
17	11	3.817797
17	11	3.828399
17	11	3.835908
18	11	3.849901
18	11	3.857007
18	11	3.866548
18	11	3.877141
18	11	3.888125
18	11	3.899518
18	11	3.910506
18	11	3.921613
18	11	3.933295
18	11	3.94436
18	11	3.956035
19	11	3.971929
19	11	3.982599
19	11	3.99045
19	11	4.000588
19	11	4.011356
19	11	4.022745
19	11	4.035061
19	11	4.046046
19	11	4.057059
19	11	4.067856
19	11	4.078338
20	11	4.089568
20	11	4.100984
20	11	4.112293
20	11	4.128303
20	11	4.138876
20	11	4.145655
20	11	4.156333
20	11	4.16791
20	11	4.178794
20	11	4.190204
20	11	4.201628
21	11	4.212866
21	11	4.22452
21	11	4.235889
21	11	4.247105
21	11	4.258425
21	11	4.269674
21	11	4.286034
21	11	4.297029
21	11	4.305499
21	11	4.31433
21	11	4.325388
22	11	4.336495
22	11	4.347569
22	11	4.358996
22	11	4.370303
22	11	4.381387
22	11	4.392626
22	11	4.403843
22	11	4.41522
22	11	4.426756
22	11	4.443155
23	11	4.4547
23	11	4.462446
23	11	4.47008
23	11	4.480919
23	11	4.49217
23	11	4.503315
23	11	4.514302
23	11	4.525587
23	11	4.536552
23	11	4.547739
23	11	4.558968
23	11	4.569771
24	11	4.581973
24	11	4.598694
24	11	4.611931
24	11	4.622908
24	11	4.630287
24	11	4.637544
24	11	4.648243
24	11	4.659435
24	11	4.670465
24	11	4.681789
24	11	4.693481
25	11	4.704667
25	11	4.71593
25	11	4.726344
25	11	4.738141
25	11	4.754261
25	11	4.765433
25	11	4.772979
25	11	4.781735
25	11	4.793199
25	11	4.804453
25	11	4.815477
26	11	4.826583
26	11	4.837627
26	11	4.848801
26	11	4.860081
26	11	4.871253
26	11	4.882524
26	11	4.893716
26	11	4.90972
26	11	4.92018
26	11	4.927701
26	11	4.937985
27	11	4.949821
27	11	4.960751
27	11	4.972044
27	11	4.983217
27	11	4.99474
27	11	5.005891
27	11	5.016629
27	11	5.028237
27	11	5.040546
27	11	5.05199
27	10	5.068436
27	10	5.07892
27	10	5.087092
27	10	5.095729
27	10	5.107254
27	10	5.118155
27	10	5.129087
27	10	5.14012
27	10	5.151518
27	10	5.162492
27	10	5.17438
27	9	5.186314
27	9	5.196258
27	9	5.207763
27	9	5.227129
27	9	5.237457
27	9	5.245049
27	9	5.252326
27	9	5.262066
27	9	5.273128
27	9	5.284659
27	9	5.295675
27	8	5.306783
27	8	5.318128
27	8	5.329237
27	8	5.340479
27	8	5.351661
27	8	5.363104
27	8	5.377895
27	8	5.388679
27	8	5.396335
27	8	5.407146
27	8	5.418465
27	8	5.429554
27	8	5.440605
27	8	5.45221
27	8	5.462975
26	8	5.474033
26	8	5.485672
26	8	5.496664
26	8	5.507968
26	8	5.520041
26	8	5.536532
26	8	5.546084
26	8	5.554524
26	8	5.564023
26	8	5.574835
26	8	5.586401
25	8	5.59727
25	8	5.608186
25	8	5.620007
25	8	5.63097
25	8	5.642303
25	8	5.654398
25	8	5.665549
25	8	5.677378
25	8	5.697041
25	8	5.708117
25	8	5.716412
25	8	5.723814
25	8	5.731565
25	8	5.742421
25	8	5.753523
25	8	5.764995
25	8	5.776349
25	8	5.787158
25	8	5.798181
25	8	5.809075
25	8	5.820385
25	7	5.831792
25	7	5.845588
25	7	5.854747
25	7	5.865605
25	7	5.876864
25	7	5.888046
25	7	5.898538
25	7	5.910148
25	7	5.921431
25	7	5.932458
25	7	5.943639
25	6	5.954636
25	6	5.965963
25	6	5.977273
25	6	5.988565
25	6	6.004966
25	6	6.015683
25	6	6.023742
25	6	6.032864
25	6	6.043572
25	6	6.055179
25	6	6.066032
25	5	6.07725
25	5	6.088493
25	5	6.099673
25	5	6.111058
25	5	6.122844
25	5	6.133622
25	5	6.145396
25	5	6.162421
25	5	6.173437
25	5	6.181048
25	5	6.190223
25	5	6.201715
25	5	6.212707
25	5	6.224654
25	5	6.235371
25	5	6.246264
25	5	6.257154
25	5	6.26857
25	5	6.279216
25	5	6.290392
26	5	6.302092
26	5	6.314391
26	5	6.324159
26	5	6.335176
26	5	6.346256
26	5	6.357811
26	5	6.369225
26	5	6.380357
26	5	6.391725
26	5	6.403163
26	5	6.413882
27	5	6.425263
27	5	6.436535
27	5	6.447605
27	5	6.459326
27	5	6.478886
27	5	6.493411
27	5	6.501409
27	5	6.508903
27	5	6.51669
27	5	6.524993
27	5	6.535716
27	5	6.546663
27	5	6.557422
27	5	6.568694
27	5	6.579769
27	5	6.590861
27	5	6.602731
27	5	6.613619
27	5	6.62702
27	5	6.636171
27	5	6.646535
27	5	6.658172
27	5	6.669435
27	5	6.680325
27	5	6.691454
27	5	6.702912
27	5	6.714115
27	5	6.72534
27	5	6.736423
27	5	6.747078
27	5	6.758308
27	5	6.770034
27	5	6.782546
27	5	6.792332
27	5	6.803612
27	5	6.814771
27	4	6.825495
27	4	6.837252
27	4	6.847932
27	4	6.859547
27	4	6.871003
27	4	6.881654
27	4	6.89293
27	4	6.90428
27	4	6.915438
27	4	6.926877
27	3	6.942275
27	3	6.953456
27	3	6.961311
27	3	6.971476
27	3	6.982795
27	3	6.994384
27	3	7.005929
27	3	7.017389
27	3	7.029311
27	3	7.041088
27	3	7.052371
27	2	7.063513
27	2	7.074639
27	2	7.087103
27	2	7.109121
27	2	7.121872
27	2	7.129637
27	2	7.138913
27	2	7.146627
27	2	7.154412
27	2	7.162079
27	2	7.171809
27	2	7.182967
27	2	7.195228
27	2	7.207063
27	2	7.216922
27	2	7.227691
27	2	7.239361
26	2	7.25331
26	2	7.261425
26	2	7.272035
26	2	7.283893
26	2	7.294824
26	2	7.306008
26	2	7.316899
26	2	7.328292
26	2	7.339558
26	2	7.35089
26	2	7.36169
26	2	7.373192
25	2	7.384021
25	2	7.39568
25	2	7.412169
25	2	7.429278
25	2	7.436986
25	2	7.443719
25	2	7.451926
25	2	7.462682
25	2	7.473839
25	2	7.484811
24	2	7.496565
24	2	7.507412
24	2	7.518615
24	2	7.530091
24	2	7.541216
24	2	7.552201
24	2	7.568553
24	2	7.608305
24	2	7.616407
23	2	7.622837
23	2	7.629694
23	2	7.640661
23	2	7.65192
23	2	7.663487
23	2	7.674311
23	2	7.685257
23	2	7.696887
23	2	7.708463
23	2	7.725415
23	2	7.73535
22	2	7.743484
22	2	7.752979
22	2	7.763953
22	2	7.775506
22	2	7.786491
22	2	7.797507
22	2	7.808859
22	2	7.819921
22	2	7.830871
22	2	7.841912
22	2	7.853151
22	3	7.865525
22	3	7.881779
22	3	7.892766
22	3	7.903518
22	3	7.910438
22	3	7.920565
22	3	7.930951
22	3	7.942431
22	3	7.95378
22	3	7.964916
22	3	7.976085
22	4	7.987367
22	4	7.999295
22	4	8.010768
22	4	8.022462
22	4	8.040486
22	4	8.051169
22	4	8.058927
22	4	8.065897
22	4	8.076793
22	4	8.088284
22	4	8.099471
22	5	8.110469
22	5	8.121725
22	5	8.132913
22	5	8.14369
22	5	8.155206
22	5	8.166028
22	5	8.177953
22	5	8.19423
22	5	8.204468
22	5	8.211315
22	5	8.222126
23	5	8.233165
23	5	8.245017
23	5	8.25637
23	5	8.267496
23	5	8.278411
23	5	8.289778
23	5	8.300219
23	5	8.311481
23	5	8.322496
23	5	8.333797
23	5	8.349689
24	5	8.360831
24	5	8.36938
24	5	8.378072
24	5	8.389295
24	5	8.400465
24	5	8.411719
24	5	8.423386
24	5	8.435196
24	5	8.446314
24	5	8.457786
24	5	8.468948
25	5	8.479791
25	5	8.491363
25	5	8.506433
25	5	8.516672
25	5	8.525068
25	5	8.5361
25	5	8.546956
25	5	8.558338
25	5	8.570112
25	5	8.581271
25	5	8.59262
26	5	8.603971
26	5	8.614765
26	5	8.626078
26	5	8.637836
26	5	8.648112
26	5	8.661041
26	5	8.67079
26	5	8.68143
26	5	8.692637
26	5	8.704276
26	5	8.715249
25	5	8.726456
25	5	8.738211
25	5	8.749293
25	5	8.760693
25	5	8.77233
25	5	8.783138
25	5	8.794418
25	5	8.805938
25	5	8.819336
25	5	8.828074
25	5	8.839149
24	5	8.850244
24	5	8.861111
24	5	8.872754
24	5	8.883818
24	5	8.895935
24	5	8.907411
24	5	8.918855
24	5	8.930105
24	5	8.941688
24	5	8.952717
23	5	8.964178
23	5	8.980162
23	5	8.989196
23	5	8.997094
23	5	9.005943
23	5	9.017035
23	5	9.027802
23	5	9.03902
23	5	9.050104
23	5	9.061154
23	5	9.072406
23	5	9.083134
22	5	9.094358
22	5	9.106025
22	5	9.117345
22	5	9.130389
22	5	9.139799
22	5	9.150681
22	5	9.161912
22	5	9.173091
22	5	9.184481
22	5	9.195542
22	5	9.206513
22	6	9.217949
22	6	9.229902
22	6	9.241403
22	6	9.251367
22	6	9.262565
22	6	9.274177
22	6	9.289777
22	6	9.299915
22	6	9.307648
22	6	9.317986
22	6	9.328814
22	6	9.34022
22	6	9.351641
22	6	9.362873
22	6	9.373816
22	6	9.385072
22	6	9.396525
22	6	9.407832
22	6	9.418859
22	6	9.430376
22	6	9.446099
22	7	9.45659
22	7	9.464138
22	7	9.474813
22	7	9.48597
22	7	9.496941
22	7	9.508355
22	7	9.519528
22	7	9.530769
22	7	9.542242
22	7	9.553279
22	7	9.564174
22	8	9.57585
22	8	9.586883
22	8	9.605594
22	8	9.615634
22	8	9.6237
22	8	9.631315
22	8	9.640953
22	8	9.652588
22	8	9.663376
22	8	9.674517
22	8	9.685596
22	9	9.696411
22	9	9.707638
22	9	9.718842
22	9	9.73023
22	9	9.741514
22	9	9.758453
22	9	9.769379
22	9	9.776895
22	9	9.785949
22	9	9.796956
22	9	9.808429
22	10	9.819489
22	10	9.830946
22	10	9.841687
22	10	9.85302
22	10	9.864715
22	10	9.876082
22	10	9.886847
22	10	9.898457
22	10	9.913898
22	10	9.921574
22	10	9.931659
22	11	9.942478
22	11	9.953446
22	11	9.964733
22	11	9.976541
22	11	9.987804
22	11	9.998717
22	11	10.01035
22	11	10.02126
22	11	10.03248
22	11	10.04404
22	11	10.05578
22	12	10.07157
22	12	10.08156
22	12	10.08966
22	12	10.09946
22	12	10.11108
22	12	10.12226
22	12	10.13349
22	12	10.14419
22	12	10.15547
22	12	10.16653
22	12	10.17747
22	13	10.18853
22	13	10.19995
22	13	10.21098
22	13	10.22725
22	13	10.23774
22	13	10.2455
22	13	10.25562
22	13	10.26654
22	13	10.27833
22	13	10.28942
22	13	10.3005
22	14	10.31165
22	14	10.3232
22	14	10.33426
22	14	10.3455
22	14	10.35702
22	14	10.3682
22	14	10.38373
22	14	10.39444
22	14	10.40201
22	14	10.41221
22	14	10.4235
22	15	10.43446
22	15	10.44597
22	15	10.45754
22	15	10.46883
22	15	10.47995
22	15	10.49094
22	15	10.50218
22	15	10.51333
22	15	10.52508
22	15	10.54061
22	16	10.55209
22	16	10.56012
22	16	10.56943
22	16	10.58049
22	16	10.59171
22	16	10.60357
22	16	10.61407
22	16	10.62559
22	16	10.63687
22	16	10.64804
22	16	10.65918
22	16	10.67012
23	16	10.68231
23	16	10.70245
23	16	10.71531
23	16	10.72754
23	16	10.73573
23	16	10.74322
23	16	10.7497
23	16	10.75818
23	16	10.76859
23	16	10.77964
23	16	10.79128
24	16	10.80289
24	16	10.81373
24	16	10.82524
24	16	10.83651
24	16	10.85773
24	16	10.86942
24	16	10.87653
24	16	10.88394
24	16	10.89219
24	16	10.90275
24	16	10.91384
25	16	10.92487
25	16	10.936
25	16	10.9474
25	16	10.95867
25	16	10.96925
25	16	10.98076
25	16	10.9923
25	16	11.00838
25	16	11.02303
25	16	11.02993
25	16	11.03702
26	16	11.04834
26	16	11.05926
26	16	11.07055
26	16	11.08155
26	16	11.09287
26	16	11.10389
26	16	11.11479
26	16	11.12599
26	16	11.13751
26	16	11.14932
27	16	11.16569
27	16	11.17741
27	16	11.18483
27	16	11.19334
27	16	11.20421
27	16	11.21518
27	16	11.2265
27	16	11.23744
27	16	11.24919
27	16	11.26158
27	16	11.2739
27	16	11.28336
27	15	11.29378
27	15	11.30533
27	15	11.32101
27	15	11.3316
27	15	11.34036
27	15	11.34957
27	15	11.36061
27	15	11.37171
27	15	11.38288
27	15	11.39407
27	15	11.40508
27	14	11.41648
27	14	11.42777
27	14	11.43951
27	14	11.45048
27	14	11.4624
27	14	11.47845
27	14	11.48879
27	14	11.49593
27	14	11.50655
27	14	11.51747
27	14	11.52857
27	13	11.54009
27	13	11.55184
27	13	11.56311
27	13	11.57408
27	13	11.58541
27	13	11.59667
27	13	11.60792
27	13	11.61928
27	13	11.63553
27	13	11.64579
27	13	11.65281
27	13	11.6645
26	13	11.67558
26	13	11.68664
26	13	11.69765
26	13	11.70866
26	13	11.71936
26	13	11.7308
26	13	11.74207
26	13	11.75319
26	13	11.7643
26	13	11.77632
25	13	11.79641
25	13	11.80793
25	13	11.8162
25	13	11.82443
25	13	11.83287
25	13	11.84175
25	13	11.853
25	13	11.86376
25	13	11.87471
25	13	11.88581
25	13	11.89663
25	13	11.90775
25	13	11.91888
25	13	11.93048
25	13	11.94681
25	13	11.95703
25	12	11.96467
25	12	11.97549
25	12	11.98599
25	12	11.9973
25	12	12.00892
25	12	12.01975
25	12	12.03073
25	12	12.04204
25	12	12.05324
25	12	12.06463
25	12	12.07559
25	11	12.08753
25	11	12.10332
25	11	12.115
25	11	12.12583
25	11	12.13291
25	11	12.14307
25	11	12.15392
25	11	12.1651
25	11	12.17606
25	11	12.18719
25	11	12.19854
25	10	12.21044
25	10	12.22089
25	10	12.23208
25	10	12.24348
25	10	12.26008
25	10	12.27057
25	10	12.27787
25	10	12.28903
25	10	12.30033
25	10	12.31166
25	10	12.32255
25	10	12.33385
25	10	12.34472
25	10	12.35624
25	10	12.36745
25	10	12.37846
25	10	12.38977
25	10	12.40104
25	10	12.41316
25	10	12.42316
25	10	12.43404
25	10	12.44547
25	10	12.45674
25	10	12.46783
25	10	12.47892
25	10	12.49013
25	11	12.50103
25	11	12.51229
25	11	12.52344
25	11	12.5347
25	11	12.54619
25	11	12.55818
25	11	12.57271
25	11	12.58013
25	11	12.59112
25	11	12.60233
25	11	12.61336
25	12	12.62479
25	12	12.63607
25	12	12.6475
25	12	12.65875
25	12	12.66982
25	12	12.68122
25	12	12.69272
25	12	12.70361
25	12	12.71483
25	12	12.72781
25	12	12.7372
25	13	12.7487
25	13	12.75987
25	13	12.77065
25	13	12.78177
25	13	12.79296
25	13	12.80422
25	13	12.81535
25	13	12.82661
25	13	12.83786
25	13	12.8488
25	13	12.85982
25	13	12.87118
25	13	12.88343
25	13	12.89363
26	13	12.90458
26	13	12.91568
26	13	12.92676
26	13	12.93823
26	13	12.9496
26	13	12.96058
26	13	12.9725
26	13	12.9834
26	13	12.99475
26	13	13.00605
26	13	13.01732
27	13	13.02929
27	13	13.04271
27	13	13.05175
27	13	13.06288
27	13	13.07481
27	13	13.08559
27	13	13.09662
27	13	13.10785
27	13	13.11883
27	13	13.12987
27	13	13.14132
27	13	13.15228
27	13	13.16344
27	13	13.17476
27	13	13.18612
27	13	13.19925
27	13	13.20838
27	13	13.21926
27	13	13.23045
27	13	13.24193
27	13	13.25272
27	13	13.26388
27	13	13.27574
27	13	13.28644
27	13	13.29844
27	14	13.31117
27	14	13.32041
27	14	13.33155
27	14	13.34308
27	14	13.35574
27	14	13.36458
27	14	13.3757
27	14	13.38685
27	14	13.39803
27	14	13.40932
27	14	13.4205
27	15	13.43226
27	15	13.4437
27	15	13.45468
27	15	13.46598
27	15	13.47723
27	15	13.48826
27	15	13.49944
27	15	13.51259
27	15	13.52177
27	15	13.5324
27	15	13.5437
27	16	13.55526
27	16	13.56668
27	16	13.57791
27	16	13.58914
27	16	13.59991
27	16	13.61066
27	16	13.62151
27	16	13.63268
27	16	13.64371
27	16	13.65543
27	16	13.66771
27	17	13.67729
27	17	13.68819
27	17	13.69952
27	17	13.71087
27	17	13.72231
27	17	13.7334
27	17	13.74457
27	17	13.756
27	17	13.76704
27	17	13.77803
27	17	13.78953
27	18	13.80065
27	18	13.81206
27	18	13.82914
27	18	13.83995
27	18	13.84666
27	18	13.85526
27	18	13.86486
27	18	13.87606
27	18	13.88659
27	18	13.89776
27	18	13.90928
27	19	13.92001
27	19	13.93081
27	19	13.94211
27	19	13.95325
27	19	13.96477
27	19	13.98196
27	19	13.99263
27	19	13.99963
27	19	14.00838
27	19	14.01909
27	19	14.03032
26	19	14.04195
26	19	14.05287
26	19	14.06424
26	19	14.07552
26	19	14.08667
26	19	14.0977
26	19	14.10936
26	19	14.1206
26	19	14.13567
26	19	14.14557
26	19	14.15392
25	19	14.16473
25	19	14.17637
25	19	14.18689
25	19	14.19806
25	19	14.20956
25	19	14.22052
25	19	14.23233
25	19	14.24361
25	19	14.25438
25	19	14.26544
25	19	14.27677
25	20	14.29297
25	20	14.30294
25	20	14.31095
25	20	14.32113
25	20	14.33222
25	20	14.34385
25	20	14.35459
25	20	14.36607
25	20	14.37755
25	20	14.38898
25	21	14.43475
25	21	14.45302
25	21	14.46337
25	21	14.4712
25	21	14.47806
25	21	14.48829
25	21	14.49942
25	21	14.51052
25	21	14.52158
25	22	14.53263
25	22	14.544
25	22	14.55507
25	22	14.56615
25	22	14.57754
25	22	14.58857
25	22	14.60628
25	22	14.6166
25	22	14.62386
25	22	14.63288
25	22	14.64468
25	22	14.65535
25	22	14.66642
25	22	14.6775
25	22	14.68864
25	22	14.69998
25	22	14.71117
25	22	14.72223
25	22	14.73334
26	22	14.74518
26	22	14.75802
26	22	14.76756
26	22	14.77836
26	22	14.78965
26	22	14.80078
26	22	14.81164
26	22	14.82308
26	22	14.83432
26	22	14.84546
26	22	14.85646
27	22	14.86745
27	22	14.87872
27	22	14.8898
27	22	14.90164
27	22	14.9168
27	22	14.92696
27	22	14.93511
27	22	14.94605
27	22	14.95714
27	22	14.96831
27	22	14.97968
27	22	14.99112
27	22	15.00194
27	22	15.0136
27	22	15.0246
27	22	15.03584
27	22	15.04698
27	22	15.05851
27	22	15.0709
27	22	15.08177
27	22	15.09434
27	22	15.10578
27	22	15.11666
27	23	15.12778
27	23	15.13908
27	23	15.15026
27	23	15.16152
27	23	15.17278
27	23	15.18435
27	23	15.19581
27	23	15.20702
27	23	15.2184
27	23	15.23719
27	24	15.24895
27	24	15.25772
27	24	15.26547
27	24	15.27328
27	24	15.28158
27	24	15.29337
27	24	15.3043
27	24	15.31542
27	24	15.3276
27	24	15.33803
27	24	15.34818
27	24	15.35968
27	25	15.37081
27	25	15.38537
27	25	15.39584
27	25	15.40576
27	25	15.4157
27	25	15.42693
27	25	15.43796
27	25	15.44918
27	25	15.4603
27	25	15.47145
27	25	15.48279
27	26	15.49428
27	26	15.50465
27	26	15.51598
27	26	15.52773
27	26	15.54371
27	26	15.5542
27	26	15.5618
27	26	15.57156
27	26	15.58272
27	26	15.59462
27	26	15.60548
27	27	15.61632
27	27	15.62768
27	27	15.63886
27	27	15.64989
27	27	15.66148
27	27	15.67266
27	27	15.68489
27	27	15.70167
27	27	15.71181
27	27	15.71899
27	28	15.7295
27	28	15.74085
27	28	15.75198
27	28	15.76314
27	28	15.7745
27	28	15.7852
27	28	15.79668
27	28	15.80783
27	28	15.81909
27	28	15.83037
27	28	15.84196
27	29	15.86326
27	29	15.87411
27	29	15.88346
27	29	15.88963
27	29	15.89767
27	29	15.90727
27	29	15.91836
27	29	15.92935
27	29	15.94067
27	29	15.95166
27	29	15.96267
26	29	15.97389
26	29	15.98526
26	29	15.99704
26	29	16.01339
26	29	16.02387
26	29	16.03103
26	29	16.04109
26	29	16.05297
26	29	16.06443
26	29	16.0753
26	29	16.08625
25	29	16.09731
25	29	16.10818
25	29	16.11905
25	29	16.13015
25	29	16.14119
25	29	16.1531
25	29	16.1715
25	29	16.18347
25	29	16.19122
25	29	16.19958
25	29	16.20881
24	29	16.21979
24	29	16.23116
24	29	16.24213
24	29	16.25347
24	29	16.26484
24	29	16.27614
24	29	16.28694
24	29	16.2985
24	29	16.30973
24	29	16.32556
24	29	16.33543
23	29	16.3431
23	29	16.35378
23	29	16.36479
23	29	16.37642
23	29	16.38728
23	29	16.39836
23	29	16.40965
23	29	16.42094
23	29	16.43222
23	29	16.44308
23	29	16.45444
22	29	16.46609
22	29	16.48261
22	29	16.49374
22	29	16.50412
22	29	16.51214
22	29	16.52132
22	29	16.53242
22	29	16.54325
22	29	16.55472
22	29	16.56608
22	29	16.57775
21	29	16.58908
21	29	16.60118
21	29	16.61217
21	29	16.62366
21	29	16.63974
21	29	16.64945
21	29	16.65675
21	29	16.66798
21	29	16.67937
21	29	16.69046
21	29	16.70167
20	29	16.71267
20	29	16.72374
20	29	16.73496
20	29	16.74619
20	29	16.7571
20	29	16.76821
20	29	16.77977
20	29	16.79619
20	29	16.80685
20	29	16.81467
20	29	16.8246
19	29	16.83586
19	29	16.84693
19	29	16.85831
19	29	16.86965
19	29	16.88058
19	29	16.89179
19	29	16.90299
19	29	16.91394
19	29	16.92509
19	29	16.93646
18	29	16.9528
18	29	16.96395
18	29	16.97123
18	29	16.9807
18	29	16.99186
18	29	17.0037
18	29	17.01494
18	29	17.02885
18	29	17.03883
18	29	17.04807
18	29	17.05925
18	29	17.06991
17	29	17.08124
17	29	17.09246
17	29	17.10988
17	29	17.1204
17	29	17.12924
17	29	17.13636
17	29	17.14746
17	29	17.15847
17	29	17.16982
17	29	17.18109
17	29	17.19219
16	29	17.20313
16	29	17.2143
16	29	17.22577
16	29	17.23675
16	29	17.24843
16	29	17.26475
16	29	17.27475
16	29	17.28144
16	29	17.29243
16	29	17.30328
16	29	17.31443
16	29	17.32579
16	29	17.33677
16	29	17.34883
16	29	17.36021
16	28	17.37078
16	28	17.38177
16	28	17.39334
16	28	17.40496
16	28	17.42105
16	28	17.43209
16	28	17.4399
16	28	17.44941
16	28	17.46064
16	28	17.47195
16	28	17.48339
16	27	17.49501
16	27	17.50595
16	27	17.51712
16	27	17.52866
16	27	17.53942
16	27	17.55033
16	27	17.56174
16	27	17.57781
16	27	17.58953
16	27	17.59725
16	27	17.60652
16	26	17.6172
16	26	17.62835
16	26	17.63979
16	26	17.65094
16	26	17.66238
16	26	17.67312
16	26	17.68498
16	26	17.69578
16	26	17.70675
16	26	17.71827
16	25	17.73469
16	25	17.74512
16	25	17.75246
16	25	17.76279
16	25	17.77368
16	25	17.78482
16	25	17.79624
16	25	17.80705
16	25	17.81817
16	25	17.8296
16	25	17.84073
16	25	17.85182
16	25	17.86314
16	25	17.87484
16	25	17.89358
16	25	17.90643
16	25	17.91395
17	25	17.92242
17	25	17.93007
17	25	17.93885
17	25	17.9506
17	25	17.96253
17	25	17.97362
17	25	17.98504
17	25	17.99597
17	25	18.00696
17	25	18.018
17	25	18.02994
18	25	18.04568
18	25	18.0566
18	25	18.06457
18	25	18.07471
18	25	18.08562
18	25	18.09675
18	25	18.10764
18	25	18.11939
18	25	18.13047
18	25	18.14109
18	25	18.15171
19	25	18.16363
19	25	18.17457
19	25	18.18574
19	25	18.20112
19	25	18.21527
19	25	18.2226
19	25	18.23069
19	25	18.24104
19	25	18.25266
19	25	18.26392
19	25	18.27517
20	25	18.28647
20	25	18.29746
20	25	18.30864
20	25	18.32005
20	25	18.33129
20	25	18.34252
20	25	18.35796
20	25	18.36922
20	25	18.37847
20	25	18.38976
20	25	18.40061
21	25	18.41238
21	25	18.42313
21	25	18.4342
21	25	18.44546
21	25	18.45615
21	25	18.46775
21	25	18.47882
21	25	18.48939
21	25	18.50065
21	25	18.5184
22	25	18.52984
22	25	18.53866
22	25	18.54603
22	25	18.55417
22	25	18.56516
22	25	18.57675
22	25	18.58793
22	25	18.59916
22	25	18.61035
22	25	18.62135
22	25	18.63295
22	25	18.64366
23	25	18.65553
23	25	18.67121
23	25	18.68215
23	25	18.69243
23	25	18.7001
23	25	18.71058
23	25	18.72178
23	25	18.73274
23	25	18.74383
23	25	18.75517
23	25	18.76624
24	25	18.77738
24	25	18.78842
24	25	18.79969
24	25	18.81102
24	25	18.83088
24	25	18.84287
24	25	18.85166
24	25	18.86042
24	25	18.86801
24	25	18.87669
24	25	18.88785
25	25	18.89909
25	25	18.91057
25	25	18.92189
25	25	18.93341
25	25	18.9445
25	25	18.95557
25	25	18.9669
25	25	18.98223
25	25	18.99231
25	25	19.00046
25	25	19.01103
26	25	19.02266
26	25	19.03373
26	25	19.04547
26	25	19.05694
26	25	19.06856
26	25	19.07962
26	25	19.09079
26	25	19.10205
26	25	19.11292
26	25	19.12458
27	25	19.14408
27	25	19.15604
27	25	19.16285
27	25	19.17056
27	25	19.179
27	25	19.18999
27	25	19.2014
27	25	19.21271
27	25	19.22422
27	25	19.23514
27	25	19.24646
27	25	19.25751
26	25	19.26853
26	25	19.2805
26	25	19.29291
26	25	19.30243
26	25	19.31366
26	25	19.32478
26	25	19.33583
26	25	19.34685
26	25	19.35815
26	25	19.3699
26	25	19.38219
25	25	19.39232
25	25	19.40373
25	25	19.41434
25	25	19.42529
25	25	19.43662
25	25	19.4494
25	25	19.45858
25	25	19.46977
25	25	19.48134
25	25	19.49244
25	25	19.50369
24	25	19.51527
24	25	19.52637
24	25	19.53731
24	25	19.54827
24	25	19.55962
24	25	19.57047
24	25	19.5821
24	25	19.59368
24	25	19.60846
24	25	19.61714
24	25	19.62829
23	25	19.63955
23	25	19.65094
23	25	19.66246
23	25	19.67335
23	25	19.685
23	25	19.69671
23	25	19.70797
23	25	19.71912
23	25	19.73096
23	25	19.74165
22	25	19.7532
22	25	19.7688
22	25	19.77723
22	25	19.78515
22	25	19.79574
22	25	19.8069
22	25	19.81815
22	25	19.82977
22	25	19.84109
22	25	19.85205
22	25	19.86337
22	26	19.87427
22	26	19.88553
22	26	19.89723
22	26	19.90835
22	26	19.92393
22	26	19.93488
22	26	19.94171
22	26	19.95274
22	26	19.96409
22	26	19.97512
22	26	19.98613
22	27	19.99745
22	27	20.00854
22	27	20.01948
22	27	20.03093
22	27	20.04202
22	27	20.05332
22	27	20.06478
22	27	20.08004
22	27	20.09009
22	27	20.09851
22	27	20.10928
22	28	20.12031
22	28	20.1321
22	28	20.14282
22	28	20.15415
22	28	20.16535
22	28	20.17626
22	28	20.18757
22	28	20.19866
22	28	20.20963
22	28	20.22108
22	28	20.23721
22	29	20.2476
22	29	20.25453
22	29	20.26546
22	29	20.27653
22	29	20.28763
22	29	20.29898
22	29	20.31005
22	29	20.32109
22	29	20.33258
22	29	20.34357
22	29	20.35484
22	28	20.36601
22	28	20.37702
22	28	20.39012
22	28	20.39948
22	28	20.41005
22	28	20.42126
22	28	20.43258
22	28	20.44374
22	28	20.45493
22	28	20.46611
22	28	20.47727
22	27	20.48847
22	27	20.49957
22	27	20.51071
22	27	20.52194
22	27	20.53348
22	27	20.54586
22	27	20.55581
22	27	20.56688
22	27	20.57788
22	27	20.58965
22	27	20.60114
22	26	20.61607
22	26	20.62355
22	26	20.63472
22	26	20.64557
22	26	20.65666
22	26	20.66806
22	26	20.67914
22	26	20.69088
22	26	20.70664
22	26	20.7139
22	26	20.72372
22	25	20.73482
22	25	20.74585
22	25	20.75704
22	25	20.76846
22	25	20.77956
22	25	20.79089
22	25	20.80173
22	25	20.81282
22	25	20.8243
22	25	20.83579
22	25	20.84661
22	24	20.85952
22	24	20.86908
22	24	20.87984
22	24	20.89126
22	24	20.90238
22	24	20.91344
22	24	20.92476
22	24	20.93596
22	24	20.94686
22	24	20.95814
22	24	20.96938
22	23	20.98062
22	23	20.99149
22	23	21.00308
22	23	21.01869
22	23	21.02857
22	23	21.03578
22	23	21.0467
22	23	21.05803
22	23	21.06908
22	23	21.08012
22	23	21.09131
22	22	21.10288
22	22	21.11374
22	22	21.12517
22	22	21.1363
22	22	21.14759
22	22	21.15899
22	22	21.17503
22	22	21.18528
22	22	21.19244
22	22	21.20345
22	22	21.21699
22	21	21.22575
22	21	21.23699
22	21	21.2485
22	21	21.25952
22	21	21.27053
22	21	21.28187
22	21	21.29293
22	21	21.30391
22	21	21.3158
22	21	21.33186
22	20	21.34249
22	20	21.35064
22	20	21.35946
22	20	21.37071
22	20	21.38207
22	20	21.39414
22	20	21.40529
22	20	21.4163
22	20	21.42724
22	20	21.43832
22	20	21.44951
22	20	21.46042
22	19	21.47185
22	19	21.49145
22	19	21.50201
22	19	21.51173
22	19	21.51908
22	19	21.52685
22	19	21.53708
22	19	21.54776
22	19	21.55878
22	19	21.56966
22	19	21.58124
22	18	21.59263
22	18	21.60431
22	18	21.61515
22	18	21.62611
22	18	21.64187
22	18	21.65218
22	18	21.65917
22	18	21.66997
22	18	21.68145
22	18	21.6929
22	18	21.70407
22	17	21.7152
22	17	21.72618
22	17	21.73752
22	17	21.74861
22	17	21.75967
22	17	21.77089
22	17	21.78266
22	17	21.79989
22	17	21.81534
22	17	21.82183
22	16	21.82893
22	16	21.83847
22	16	21.84944
22	16	21.86014
22	16	21.87123
22	16	21.88254
22	16	21.89404
22	16	21.90472
22	16	21.91645
22	16	21.92723
22	16	21.93854
22	16	21.9511
22	17	21.96064
22	17	21.97176
22	17	21.98334
22	17	21.99464
22	17	22.00622
22	17	22.01707
22	17	22.02811
22	17	22.03929
22	17	22.05056
22	17	22.06142
22	17	22.07293
22	18	22.08389
22	18	22.09519
22	18	22.10954
22	18	22.11767
22	18	22.12818
22	18	22.13938
22	18	22.1504
22	18	22.16171
22	18	22.17266
22	18	22.18359
22	18	22.19513
22	19	22.20634
22	19	22.21765
22	19	22.22906
22	19	22.2401
22	19	22.25149
22	19	22.26471
22	19	22.27429
22	19	22.28566
22	19	22.29703
22	19	22.30854
22	20	22.3202
22	20	22.33174
22	20	22.34319
22	20	22.35476
22	20	22.36635
22	20	22.37766
22	20	22.38957
22	20	22.40083
22	20	22.41212
22	20	22.42797
22	20	22.43696
22	21	22.44445
22	21	22.45514
22	21	22.46634
22	21	22.47682
22	21	22.48812
22	21	22.49903
22	21	22.51054
22	21	22.52176
22	21	22.53292
22	21	22.54433
22	21	22.5556
22	22	22.56728
22	22	22.58306
22	22	22.59027
22	22	22.60023
22	22	22.61113
22	22	22.62222
22	22	22.63389
22	22	22.64426
22	22	22.65591
22	22	22.66708
22	22	22.67812
23	22	22.68927
23	22	22.70052
23	22	22.7115
23	22	22.72331
23	22	22.73882
23	22	22.74869
23	22	22.75676
23	22	22.76755
23	22	22.7782
23	22	22.78945
23	22	22.80064
24	22	22.81176
24	22	22.823
24	22	22.83456
24	22	22.84567
24	22	22.85691
24	22	22.86801
24	22	22.87938
24	22	22.89469
24	22	22.90454
24	22	22.91276
24	22	22.92367
25	22	22.93499
25	22	22.94597
25	22	22.95739
25	22	22.96817
25	22	22.97919
25	22	22.9908
25	22	23.00169
25	22	23.01268
25	22	23.02395
25	22	23.03575
25	22	23.04848
26	22	23.05795
26	22	23.06874
26	22	23.08001
26	22	23.09131
26	22	23.10253
26	22	23.1137
26	22	23.12497
26	22	23.13617
26	22	23.14714
26	22	23.15851
26	22	23.1697
27	22	23.18065
27	22	23.19226
27	22	23.20438
27	22	23.21529
27	22	23.22641
27	22	23.23755
27	22	23.24855
27	22	23.25996
27	22	23.27121
27	22	23.28233
27	22	23.29352
26	22	23.30473
26	22	23.31644
26	22	23.32764
26	22	23.33845
26	22	23.35049
26	22	23.36375
26	22	23.37261
26	22	23.38429
26	22	23.39544
26	22	23.40683
25	22	23.41833
25	22	23.43007
25	22	23.44114
25	22	23.45165
25	22	23.46237
25	22	23.47337
25	22	23.48481
25	22	23.49587
25	22	23.50745
25	22	23.5206
25	22	23.52962
24	22	23.54076
24	22	23.55218
24	22	23.56342
24	22	23.57467
24	22	23.58577
24	22	23.59708
24	22	23.60801
24	22	23.6193
24	22	23.63037
24	22	23.64189
24	22	23.65272
23	22	23.66414
23	22	23.67723
23	22	23.6862
23	22	23.69719
23	22	23.70825
23	22	23.71929
23	22	23.73044
23	22	23.74166
23	22	23.75263
23	22	23.76383
23	22	23.77533
22	22	23.78637
22	22	23.79775
22	22	23.80892
22	22	23.82079
22	22	23.8333
22	22	23.84287
22	22	23.85361
22	22	23.86471
22	22	23.87626
22	22	23.88715
22	22	23.89852
22	21	23.90969
22	21	23.92085
22	21	23.93202
22	21	23.94312
22	21	23.95449
22	21	23.96552
22	21	23.97712
22	21	23.98952
22	21	23.99918
22	21	24.01032
22	21	24.02156
22	20	24.03274
22	20	24.04396
22	20	24.05527
22	20	24.06653
22	20	24.0772
22	20	24.08855
22	20	24.09956
22	20	24.11075
22	20	24.12178
22	20	24.13356
22	20	24.14651
22	19	24.15579
22	19	24.16714
22	19	24.17803
22	19	24.18963
22	19	24.20065
22	19	24.21164
22	19	24.22296
22	19	24.23397
22	19	24.24511
22	19	24.25662
22	19	24.26686
21	19	24.2779
21	19	24.28953
21	19	24.307
21	19	24.31472
21	19	24.32223
21	19	24.32986
21	19	24.34082
21	19	24.35233
21	19	24.36337
21	19	24.37474
21	19	24.38603
20	19	24.39695
20	19	24.40821
20	19	24.4195
20	19	24.43053
20	19	24.44183
20	19	24.45986
20	19	24.47007
20	19	24.47733
20	19	24.48564
20	19	24.49623
20	19	24.50752
19	19	24.51891
19	19	24.53008
19	19	24.54144
19	19	24.55289
19	19	24.56345
19	19	24.5748
19	19	24.58634
19	19	24.59713
19	19	24.613
19	19	24.62349
19	19	24.63081
18	19	24.64164
18	19	24.65304
18	19	24.66447
18	19	24.67568
18	19	24.68669
18	19	24.69802
18	19	24.70937
18	19	24.7204
18	19	24.73111
18	19	24.74245
18	19	24.754
17	19	24.76972
17	19	24.77995
17	19	24.78768
17	19	24.79799
17	19	24.80917
17	19	24.82052
17	19	24.83205
17	19	24.84409
17	19	24.85534
17	19	24.86671
17	19	24.87779
16	19	24.88948
16	19	24.90077
16	19	24.91221
16	19	24.92823
16	19	24.93849
16	19	24.94613
16	19	24.95615
16	19	24.9675
16	19	24.97813
16	19	24.98986
16	19	25.00112
16	20	25.01232
16	20	25.02343
16	20	25.03471
16	20	25.04606
16	20	25.05729
16	20	25.06887
16	20	25.08528
16	20	25.09631
16	20	25.10371
16	20	25.11191
16	20	25.12339
16	21	25.13498
16	21	25.14566
16	21	25.15668
16	21	25.16812
16	21	25.17905
16	21	25.19013
16	21	25.20162
16	21	25.21248
16	21	25.22398
16	21	25.24055
16	22	25.25142
16	22	25.2582
16	22	25.26809
16	22	25.27936
16	22	25.29059
16	22	25.30169
16	22	25.31255
16	22	25.32406
16	22	25.33546
16	22	25.34687
16	22	25.35771
16	22	25.36923
16	22	25.38042
16	22	25.39633
16	22	25.40753
16	22	25.41479
16	22	25.42493
16	22	25.4367
17	22	25.4476
17	22	25.45921
17	22	25.46976
17	22	25.48051
17	22	25.49173
17	22	25.50281
17	22	25.51354
17	22	25.52513
17	22	25.53733
17	22	25.55356
18	22	25.56487
18	22	25.57201
18	22	25.58015
18	22	25.59185
18	22	25.60304
18	22	25.61397
18	22	25.62558
18	22	25.63686
18	22	25.64781
18	22	25.65913
18	22	25.67039
18	22	25.68131
19	22	25.69285
19	22	25.70798
19	22	25.7192
19	22	25.72934
19	22	25.73722
19	22	25.74816
19	22	25.75958
19	22	25.7704
19	22	25.78169
19	22	25.79264
19	22	25.80382
19	22	25.81477
19	22	25.82612
19	22	25.83716
19	23	25.84892
19	23	25.86583
19	23	25.87692
19	23	25.88807
19	23	25.89557
19	23	25.90437
19	23	25.91554
19	23	25.92709
19	23	25.93846
19	23	25.94973
19	23	25.96136
19	24	25.97272
19	24	25.98377
19	24	25.99486
19	24	26.00627
19	24	26.02527
19	24	26.03647
19	24	26.04376
19	24	26.05046
19	24	26.06019
19	24	26.07202
19	24	26.0828
19	25	26.09394
19	25	26.10499
19	25	26.11558
19	25	26.12687
19	25	26.13836
19	25	26.1494
19	25	26.16111
19	25	26.17433
19	25	26.18381
19	25	26.1948
19	25	26.20609
19	25	26.21653
19	25	26.22795
19	25	26.239
19	25	26.25016
19	25	26.2616
18	25	26.27261
18	25	26.2836
18	25	26.29497
18	25	26.30615
18	25	26.31724
18	25	26.33029
18	25	26.3397
18	25	26.35036
18	25	26.36201
18	25	26.37311
18	25	26.38406
17	25	26.39544
17	25	26.40666
17	25	26.41772
17	25	26.42876
17	25	26.43975
17	25	26.45093
17	25	26.46248
17	25	26.47418
17	25	26.48808
17	25	26.49687
16	25	26.50805
16	25	26.51982
16	25	26.53132
16	25	26.543
16	25	26.55447
16	25	26.56584
16	25	26.57746
16	25	26.58871
16	25	26.60057
16	25	26.61163
16	25	26.62251
16	25	26.63441
16	25	26.64632
16	25	26.65681
16	25	26.66769
16	25	26.67866
16	25	26.68967
16	25	26.701
16	25	26.71212
16	25	26.72338
16	25	26.7346
16	25	26.74579
16	25	26.75693
16	25	26.76809
16	25	26.77894
16	25	26.79066
16	25	26.80565
16	25	26.81349
16	25	26.82362
16	25	26.83504
16	25	26.84609
16	25	26.85702
16	25	26.86801
16	25	26.87948
16	25	26.89008
16	25	26.90148
16	25	26.91279
16	25	26.92428
16	25	26.93497
16	25	26.94622
16	25	26.95975
16	26	26.96881
16	26	26.98
16	26	26.99089
16	26	27.00215
16	26	27.01302
16	26	27.02396
16	26	27.03509
16	26	27.04617
16	26	27.05725
16	26	27.06876
16	26	27.07953
16	27	27.09104
16	27	27.10308
16	27	27.11573
16	27	27.1251
16	27	27.13587
16	27	27.14684
16	27	27.15803
16	27	27.16965
16	27	27.18062
16	27	27.19235
16	27	27.20346
15	27	27.21483
15	27	27.22623
15	27	27.23793
15	27	27.24889
15	27	27.26047
15	27	27.27671
15	27	27.28772
15	27	27.29496
15	27	27.30275
15	27	27.31357
15	27	27.32466
14	27	27.33604
14	27	27.34674
14	27	27.35846
14	27	27.36952
14	27	27.38052
14	27	27.3922
14	27	27.40323
14	27	27.41472
14	27	27.43029
14	27	27.44043
14	27	27.44792
13	27	27.45855
13	27	27.47018
13	27	27.48192
13	27	27.49354
13	27	27.50352
13	27	27.51443
13	27	27.52573
13	27	27.5367
13	27	27.54778
13	27	27.559
13	27	27.57091
13	27	27.58617
13	27	27.59736
13	27	27.60548
13	27	27.61544
13	27	27.62663
13	27	27.63801
13	28	27.64881
13	28	27.65986
13	28	27.67152
13	28	27.68258
13	28	27.69368
13	28	27.70496
13	28	27.71582
13	28	27.72773
13	28	27.74372
13	28	27.75537
13	29	27.76432
13	29	27.77297
13	29	27.78284
13	29	27.79395
13	29	27.80494
13	29	27.81604
13	29	27.82838
13	29	27.83825
13	29	27.8496
13	29	27.86005
13	29	27.87156
13	29	27.88286
13	29	27.90063
13	29	27.91115
13	29	27.9179
13	29	27.92631
13	29	27.93772
13	29	27.94845
13	29	27.95994
13	29	27.97076
13	29	27.98219
13	29	27.99328
13	29	28.00491
13	29	28.01607
13	29	28.04199
13	29	28.05491
13	29	28.06206
13	29	28.06829
13	29	28.07527
13	29	28.08215
13	29	28.09293
13	29	28.1047
13	29	28.11564
13	29	28.12663
13	29	28.13792
13	29	28.14877
13	29	28.15996
13	29	28.17141
13	29	28.18222
13	28	28.1936
13	28	28.20605
13	28	28.21549
13	28	28.2264
13	28	28.23793
13	28	28.24909
13	28	28.26021
13	28	28.27134
13	28	28.28203
13	28	28.29361
13	28	28.30494
13	27	28.31609
13	27	28.32721
13	27	28.33859
13	27	28.35022
13	27	28.36308
13	27	28.37258
13	27	28.38354
13	27	28.39503
13	27	28.4063
13	27	28.41698
13	27	28.42834
13	26	28.4396
13	26	28.45063
13	26	28.46226
13	26	28.47321
13	26	28.48484
13	26	28.49557
13	26	28.50756
13	26	28.52424
13	26	28.53422
13	26	28.5418
13	26	28.55098
13	25	28.56209
13	25	28.57347
13	25	28.58521
13	25	28.59702
13	25	28.60893
13	25	28.6198
13	25	28.63054
13	25	28.6416
13	25	28.65248
13	25	28.66444
12	25	28.68057
12	25	28.69167
12	25	28.7
12	25	28.70915
12	25	28.72006
12	25	28.73129
12	25	28.74243
12	25	28.75366
12	25	28.76486
12	25	28.7761
12	25	28.78702
11	25	28.79822
11	25	28.80948
11	25	28.8215
11	25	28.83764
11	25	28.84847
11	25	28.85698
11	25	28.86504
11	25	28.87637
11	25	28.88762
11	25	28.89856
11	25	28.90952
10	25	28.92081
10	25	28.93181
10	25	28.94286
10	25	28.95446
10	25	28.96562
10	25	28.97742
10	25	28.99382
10	25	29.00439
10	25	29.01237
10	25	29.0249
10	25	29.03292
9	25	29.04385
9	25	29.05554
9	25	29.06648
9	25	29.07743
9	25	29.08877
9	25	29.1001
9	25	29.11111
9	25	29.12234
9	25	29.13365
9	25	29.14931
9	25	29.15914
8	25	29.16725
8	25	29.17833
8	25	29.19001
8	25	29.20104
8	25	29.21249
8	25	29.2238
8	25	29.23471
8	25	29.24566
8	25	29.25694
8	25	29.26815
8	25	29.27881
7	25	29.29012
7	25	29.30581
7	25	29.31613
7	25	29.32684
7	25	29.33515
7	25	29.34596
7	25	29.35715
7	25	29.36858
7	25	29.37993
7	25	29.39144
7	25	29.40243
7	26	29.41367
7	26	29.42503
7	26	29.43607
7	26	29.44746
7	26	29.46418
7	26	29.47377
7	26	29.4813
7	26	29.49117
7	26	29.5022
7	26	29.51447
7	26	29.52589
7	27	29.53576
7	27	29.54684
7	27	29.55796
7	27	29.56949
7	27	29.5809
7	27	29.59189
7	27	29.60377
7	27	29.62267
7	27	29.63293
7	27	29.63962
7	27	29.64633
7	28	29.65712
7	28	29.66787
7	28	29.67887
7	28	29.69136
7	28	29.70241
7	28	29.71337
7	28	29.72428
7	28	29.736
7	28	29.74706
7	28	29.75798
7	29	29.77492
7	29	29.78601
7	29	29.79413
7	29	29.80191
7	29	29.81316
7	29	29.82418
7	29	29.83526
7	29	29.84713
7	29	29.85793
7	29	29.86916
7	29	29.88027
7	29	29.89194
7	29	29.9029
7	29	29.91415
7	29	29.92984
7	29	29.9408
7	29	29.94752
7	29	29.95847
7	29	29.9695
7	29	29.98069
7	29	29.992
7	29	30.00292
7	29	30.01407
7	29	30.02582
7	29	30.03708
7	29	30.04849
7	29	30.06002
7	29	30.07092
7	29	30.08377
7	29	30.0937
7	29	30.1045
7	29	30.11548
7	29	30.12699
7	29	30.13843
7	29	30.14981
7	29	30.16089
7	29	30.17237
7	29	30.18374
7	29	30.19506
8	29	30.2064
8	29	30.21776
8	29	30.22982
8	29	30.24717
8	29	30.25771
8	29	30.26491
8	29	30.27196
8	29	30.28276
8	29	30.29399
8	29	30.30529
8	29	30.31676
9	29	30.32773
9	29	30.33923
9	29	30.34998
9	29	30.36102
9	29	30.37225
9	29	30.3835
9	29	30.3992
9	29	30.40926
9	29	30.41728
9	29	30.42807
9	29	30.43953
10	29	30.45073
10	29	30.46195
10	29	30.47327
10	29	30.48443
10	29	30.49573
10	29	30.50672
10	29	30.51778
10	29	30.52847
10	29	30.54055
10	29	30.55666
11	29	30.56766
11	29	30.57441
11	29	30.58447
11	29	30.59553
11	29	30.60707
11	29	30.61845
11	29	30.62947
11	29	30.64062
11	29	30.65214
11	29	30.66328
11	29	30.6744
12	29	30.68537
12	29	30.69747
12	29	30.71329
12	29	30.72339
12	29	30.73056
12	29	30.74132
12	29	30.75254
12	29	30.76379
12	29	30.77489
12	29	30.78597
12	29	30.79714
13	29	30.80821
13	29	30.81962
13	29	30.83085
13	29	30.84188
13	29	30.85345
13	29	30.8701
13	29	30.88136
13	29	30.88871
13	29	30.89789
13	29	30.90884
13	29	30.92048
12	29	30.93152
12	29	30.94288
12	29	30.95379
12	29	30.96523
12	29	30.97637
12	29	30.98754
12	29	30.99893
12	29	31.00993
12	29	31.02285
12	29	31.03209
12	29	31.04286
11	29	31.05452
11	29	31.06552
11	29	31.07674
11	29	31.08803
11	29	31.09931
11	29	31.11045
11	29	31.12168
11	29	31.13261
11	29	31.14382
11	29	31.15511
11	29	31.1666
10	29	31.17894
10	29	31.18863
10	29	31.19977
10	29	31.21065
10	29	31.222
10	29	31.23333
10	29	31.24454
10	29	31.25628
10	29	31.26768
10	29	31.2794
10	29	31.29095
9	29	31.30229
9	29	31.31308
9	29	31.32482
9	29	31.33694
9	29	31.34694
9	29	31.35839
9	29	31.36979
9	29	31.38144
9	29	31.39292
9	29	31.40432
9	29	31.41538
8	29	31.42875
8	29	31.43791
8	29	31.44939
8	29	31.46066
8	29	31.4717
8	29	31.48345
8	29	31.49614
8	29	31.50567
8	29	31.51663
8	29	31.52787
7	29	31.54014
7	29	31.55125
7	29	31.56102
7	29	31.57216
7	29	31.5834
7	29	31.59453
7	29	31.60601
7	29	31.6169
7	29	31.62822
7	29	31.63982
7	29	31.65264
7	29	31.66173
6	29	31.67257
6	29	31.68399
6	29	31.69527
6	29	31.70669
6	29	31.71782
6	29	31.72914
6	29	31.74049
6	29	31.75112
6	29	31.7623
6	29	31.77329
6	29	31.78441
5	29	31.79592
5	29	31.81237
5	29	31.82214
5	29	31.82959
5	29	31.83685
5	29	31.84773
5	29	31.8591
5	29	31.87008
5	29	31.88145
5	29	31.89301
5	29	31.90385
4	29	31.91517
4	29	31.92671
4	29	31.93738
4	29	31.94899
4	29	31.96537
4	29	31.9756
4	29	31.98267
4	29	31.99286
4	29	32.00408
4	29	32.01511
4	29	32.02671
3	29	32.03793
3	29	32.04903
3	29	32.06037
3	29	32.07156
3	29	32.08286
3	29	32.0939
3	29	32.10559
3	29	32.12239
3	29	32.13338
3	29	32.14058
3	29	32.14906
2	29	32.16039
2	29	32.17131
2	29	32.18248
2	29	32.19292
2	29	32.20454
2	29	32.21535
2	29	32.2267
2	29	32.238
2	29	32.24956
2	29	32.2608
2	29	32.27776
2	29	32.28833
2	29	32.29585
2	29	32.30533
2	29	32.31636
2	29	32.32776
2	29	32.33872
2	29	32.35
2	29	32.36067
2	29	32.37191
2	29	32.38301
2	28	32.39421
2	28	32.40559
2	28	32.41698
2	28	32.43346
2	28	32.44436
2	28	32.45095
2	28	32.46144
2	28	32.4729
2	28	32.48402
2	28	32.49557
2	27	32.50687
2	27	32.51815
2	27	32.52892
2	27	32.54082
2	27	32.5518
2	27	32.56286
2	27	32.57457
2	27	32.59061
2	27	32.60099
2	27	32.61387
2	27	32.62054
2	27	32.62821
2	26	32.63932
2	26	32.65046
2	26	32.66166
2	26	32.67306
2	26	32.68433
2	26	32.69546
2	26	32.70717
2	26	32.7183
2	26	32.73009
2	26	32.74819
2	25	32.75882
2	25	32.76575
2	25	32.77341
2	25	32.78443
2	25	32.79524
2	25	32.80643
2	25	32.8176
2	25	32.82901
2	25	32.83979
2	25	32.85105
2	25	32.86243
2	24	32.87399
2	24	32.88523
2	24	32.902
2	24	32.91226
2	24	32.91927
2	24	32.92951
2	24	32.94065
2	24	32.95142
2	24	32.9625
2	24	32.97394
2	24	32.98522
2	23	32.99644
2	23	33.00721
2	23	33.01871
2	23	33.0301
2	23	33.04174
2	23	33.05692
2	23	33.06718
2	23	33.07489
2	23	33.08643
2	23	33.09749
2	23	33.10868
2	22	33.1197
2	22	33.1314
2	22	33.14314
2	22	33.15421
2	22	33.16616
2	22	33.17675
2	22	33.18843
2	22	33.20022
2	22	33.21719
2	22	33.2277
2	22	33.23478
2	22	33.24308
2	22	33.2543
2	22	33.26547
2	22	33.27648
2	22	33.28767
2	22	33.29897
2	22	33.31022
2	22	33.3211
2	22	33.33232
2	22	33.34334
2	22	33.35496
3	22	33.36841
3	22	33.37696
3	22	33.38813
3	22	33.39909
3	22	33.41041
3	22	33.422
3	22	33.4332
3	22	33.44437
3	22	33.45535
3	22	33.4666
3	22	33.47779
4	22	33.49146
4	22	33.50023
4	22	33.51183
4	22	33.52907
4	22	33.53877
4	22	33.54563
4	22	33.55637
4	22	33.56799
4	22	33.57831
4	22	33.58957
4	22	33.6014
5	22	33.61185
5	22	33.62297
5	22	33.63436
5	22	33.64531
5	22	33.65644
5	22	33.6679
5	22	33.68418
5	22	33.69538
5	22	33.70208
5	22	33.7123
5	22	33.72359
6	22	33.73455
6	22	33.74567
6	22	33.7566
6	22	33.76823
6	22	33.77896
6	22	33.79013
6	22	33.80113
6	22	33.8126
6	22	33.82423
6	22	33.84008
6	22	33.85041
7	22	33.85747
7	22	33.86879
7	22	33.87984
7	22	33.8917
7	22	33.90308
7	22	33.91434
7	22	33.92604
7	22	33.93706
7	22	33.94813
7	22	33.95951
7	22	33.97083
7	22	33.9824
7	23	34.00484
7	23	34.01656
7	23	34.02448
7	23	34.03241
7	23	34.04006
7	23	34.04688
7	23	34.05731
7	23	34.06814
7	23	34.08017
7	23	34.09177
7	23	34.10289
7	23	34.11353
7	24	34.12478
7	24	34.13614
7	24	34.15258
7	24	34.16399
7	24	34.17076
7	24	34.18036
7	24	34.19198
7	24	34.20269
7	24	34.21436
7	24	34.22595
7	24	34.2368
7	25	34.24771
7	25	34.25867
7	25	34.27013
7	25	34.28103
7	25	34.29302
7	25	34.30849
7	25	34.31886
7	25	34.32705
7	25	34.33649
7	25	34.3476
7	25	34.35914
6	25	34.37001
6	25	34.38105
6	25	34.39283
6	25	34.40392
6	25	34.41491
6	25	34.42621
6	25	34.43694
6	25	34.44839
6	25	34.46492
6	25	34.47523
6	25	34.48199
5	25	34.49315
5	25	34.50473
5	25	34.51643
5	25	34.52791
5	25	34.53949
5	25	34.55133
5	25	34.56279
5	25	34.57381
5	25	34.58568
5	25	34.59616
4	25	34.60783
4	25	34.62337
4	25	34.63352
4	25	34.64371
4	25	34.65207
4	25	34.66299
4	25	34.67385
4	25	34.68521
4	25	34.69625
4	25	34.70741
4	25	34.71865
3	25	34.72969
3	25	34.74104
3	25	34.75232
3	25	34.76362
3	25	34.7784
3	25	34.78882
3	25	34.79691
3	25	34.80805
3	25	34.81919
3	25	34.83057
3	25	34.84258
2	25	34.85307
2	25	34.86403
2	25	34.87528
2	25	34.88668
2	25	34.89862
2	25	34.90913
2	25	34.92048
2	25	34.93564
2	25	34.94415
2	25	34.95342
2	25	34.9647
2	25	34.97601
2	25	34.98666
2	25	34.99868
2	25	35.01156
2	25	35.02125
2	25	35.03246
2	25	35.04358
2	25	35.05472
2	25	35.06566
2	25	35.07706
2	25	35.08983
2	25	35.09933
2	25	35.1106
2	25	35.12126
2	25	35.13253
2	25	35.14405
3	25	35.1553
3	25	35.16631
3	25	35.17748
3	25	35.18874
3	25	35.19997
3	25	35.21122
3	25	35.22248
3	25	35.23392
3	25	35.2466
3	25	35.25618
3	25	35.26734
4	25	35.27823
4	25	35.28951
4	25	35.30082
4	25	35.31204
4	25	35.32369
4	25	35.33494
4	25	35.34624
4	25	35.35759
4	25	35.36895
4	25	35.38002
4	25	35.39173
5	25	35.40448
5	25	35.41389
5	25	35.42517
5	25	35.43639
5	25	35.44786
5	25	35.45898
5	25	35.46988
5	25	35.48107
5	25	35.49227
5	25	35.50344
5	25	35.51462
6	25	35.52647
6	25	35.53703
6	25	35.54871
6	25	35.56216
6	25	35.57094
6	25	35.58199
6	25	35.59401
6	25	35.60456
6	25	35.61506
6	25	35.62646
6	25	35.63728
7	25	35.64827
7	25	35.65995
7	25	35.67065
7	25	35.68154
7	25	35.69295
7	25	35.70411
7	25	35.71717
7	25	35.72673
7	25	35.73773
7	25	35.74955
7	25	35.76134
8	25	35.77194
8	25	35.78302
8	25	35.79443
8	25	35.8049
8	25	35.81649
8	25	35.82748
8	25	35.83851
8	25	35.84951
8	25	35.86143
8	25	35.8767
9	25	35.88492
9	25	35.89263
9	25	35.90329
9	25	35.91446
9	25	35.92564
9	25	35.93691
9	25	35.94806
9	25	35.95934
9	25	35.97016
9	25	35.98147
9	25	35.99292
9	25	36.00394
10	25	36.01542
10	25	36.02865
10	25	36.0377
10	25	36.04865
10	25	36.06011
10	25	36.07099
10	25	36.0825
10	25	36.09376
10	25	36.10505
10	25	36.11611
10	25	36.12735
10	24	36.13823
10	24	36.14957
10	24	36.16068
10	24	36.17188
10	24	36.1881
10	24	36.20019
10	24	36.20761
10	24	36.21924
10	24	36.22678
10	24	36.23745
10	24	36.24846
10	23	36.25934
10	23	36.2704
10	23	36.2815
10	23	36.29314
10	23	36.30389
10	23	36.31512
10	23	36.32698
10	23	36.3419
10	23	36.35251
10	23	36.36052
10	23	36.37174
10	22	36.38272
10	22	36.3941
10	22	36.40546
10	22	36.41661
10	22	36.42758
10	22	36.43877
10	22	36.44986
10	22	36.46103
10	22	36.47135
10	22	36.48317
10	22	36.49904
10	22	36.50953
10	22	36.51685
10	22	36.52769
10	22	36.53901
10	22	36.55002
10	22	36.56155
10	22	36.57256
10	22	36.58427
10	22	36.59558
10	22	36.60695
10	22	36.61796
10	22	36.6291
10	22	36.64047
10	22	36.65303
10	22	36.66278
10	22	36.67373
10	22	36.68485
11	22	36.69614
11	22	36.70691
11	22	36.71861
11	22	36.7299
11	22	36.7411
11	22	36.75238
11	22	36.76335
11	22	36.77453
11	22	36.786
11	22	36.79749
11	22	36.81384
12	22	36.82427
12	22	36.83157
12	22	36.84163
12	22	36.85211
12	22	36.86286
12	22	36.87368
12	22	36.88496
12	22	36.89607
12	22	36.90714
12	22	36.91821
12	22	36.92941
13	22	36.94074
13	22	36.95214
13	22	36.96878
13	22	36.97836
13	22	36.98607
13	22	36.99702
13	22	37.00808
13	22	37.01908
13	22	37.03042
13	22	37.04169
13	22	37.05289
13	21	37.06379
13	21	37.07516
13	21	37.08581
13	21	37.09727
13	21	37.10871
13	21	37.12515
13	21	37.13471
13	21	37.14225
13	21	37.15272
13	21	37.16389
13	21	37.17537
13	20	37.18656
13	20	37.19784
13	20	37.20896
13	20	37.22038
13	20	37.23162
13	20	37.24263
13	20	37.25398
13	20	37.26554
13	20	37.28105
13	20	37.2923
13	20	37.29962
13	19	37.3097
13	19	37.32104
13	19	37.33188
13	19	37.34341
13	19	37.35439
13	19	37.36559
13	19	37.37691
13	19	37.38803
13	19	37.39962
13	19	37.41112
13	19	37.42194
13	19	37.43783
13	19	37.44828
13	19	37.45539
13	19	37.46604
13	19	37.47718
13	19	37.48839
13	19	37.49971
13	19	37.51114
13	19	37.52227
13	19	37.53379
13	19	37.54497
13	19	37.55618
13	19	37.56768
14	19	37.57882
14	19	37.59372
14	19	37.60201
14	19	37.61296
14	19	37.62437
14	19	37.63397
14	19	37.64511
14	19	37.65619
14	19	37.66726
14	19	37.67884
14	19	37.68958
15	19	37.70031
15	19	37.71208
15	19	37.72314
15	19	37.73472
15	19	37.75023
15	19	37.76013
15	19	37.76813
15	19	37.7792
15	19	37.79023
15	19	37.8017
15	19	37.81323
16	19	37.82427
16	19	37.83533
16	19	37.84674
16	19	37.85751
16	19	37.86876
16	19	37.8798
16	19	37.89138
16	19	37.90374
16	19	37.91314
16	19	37.92414
16	19	37.93557
17	19	37.94658
17	19	37.95795
17	19	37.96903
17	19	37.98043
17	19	37.99179
17	19	38.00248
17	19	38.01355
17	19	38.02514
17	19	38.03623
17	19	38.04768
18	19	38.06367
18	19	38.07207
18	19	38.0802
18	19	38.09148
18	19	38.10289
18	19	38.11388
18	19	38.12517
18	19	38.13659
18	19	38.14757
18	19	38.15867
18	19	38.16981
18	19	38.18107
17	19	38.19242
17	19	38.20377
17	19	38.21605
17	19	38.22618
17	19	38.23709
17	19	38.24807
17	19	38.25911
17	19	38.27035
17	19	38.28165
17	19	38.29277
17	19	38.30396
16	19	38.3156
16	19	38.32663
16	19	38.33776
16	19	38.34855
16	19	38.3601
16	19	38.37292
16	19	38.38229
16	19	38.39312
16	19	38.40414
16	19	38.41518
16	19	38.42686
15	19	38.43804
15	19	38.44952
15	19	38.46073
15	19	38.47227
15	19	38.48379
15	19	38.49507
15	19	38.50647
15	19	38.5185
15	19	38.53738
15	19	38.54688
14	19	38.55518
14	19	38.56321
14	19	38.57054
14	19	38.5815
14	19	38.59257
14	19	38.60376
14	19	38.61551
14	19	38.62622
14	19	38.6377
14	19	38.64845
14	19	38.65942
14	19	38.67064
13	19	38.6843
13	19	38.6931
13	19	38.70452
13	19	38.71584
13	19	38.72697
13	19	38.73785
13	19	38.7491
13	19	38.76031
13	19	38.77137
13	19	38.78234
13	19	38.7936
12	19	38.80482
12	19	38.816
12	19	38.82729
12	19	38.84358
12	19	38.85398
12	19	38.86058
12	19	38.87125
12	19	38.88269
12	19	38.89365
12	19	38.90532
12	19	38.91676
11	19	38.92805
11	19	38.9411
11	19	38.95158
11	19	38.963
11	19	38.97393
11	19	38.98625
11	19	39.00438
11	19	39.01514
11	19	39.022
11	19	39.02876
11	19	39.03906
10	19	39.05053
10	19	39.06139
10	19	39.07251
10	19	39.0838
10	19	39.09534
10	19	39.10632
10	19	39.11759
10	19	39.12856
10	19	39.14015
10	19	39.15733
9	19	39.16757
9	19	39.17413
9	19	39.18467
9	19	39.19609
9	19	39.20679
9	19	39.21799
9	19	39.22952
9	19	39.24031
9	19	39.25172
9	19	39.26313
9	19	39.27419
8	19	39.28583
8	19	39.29765
8	19	39.32312
8	19	39.33578
8	19	39.34373
8	19	39.35431
8	19	39.36369
8	19	39.37116
8	19	39.37865
8	19	39.38623
8	19	39.39684
7	19	39.40807
7	19	39.4188
7	19	39.43026
7	19	39.44126
7	19	39.45237
7	19	39.46875
7	19	39.47971
7	19	39.48608
7	19	39.49733
7	19	39.50836
7	19	39.51926
7	20	39.53069
7	20	39.54173
7	20	39.55331
7	20	39.5645
7	20	39.57557
7	20	39.58634
7	20	39.59766
7	20	39.60947
7	20	39.62578
7	20	39.63654
7	20	39.64587
7	21	39.65565
7	21	39.66535
7	21	39.67597
7	21	39.68717
7	21	39.6983
7	21	39.70921
7	21	39.72036
7	21	39.73187
7	21	39.74272
7	21	39.75339
7	21	39.76533
7	22	39.78127
7	22	39.79193
7	22	39.80371
7	22	39.81085
7	22	39.82072
7	22	39.83198
7	22	39.84315
7	22	39.85408
7	22	39.86523
7	22	39.87656
7	22	39.88748
7	21	39.8988
7	21	39.90975
7	21	39.92173
7	21	39.9341
7	21	39.94481
7	21	39.95645
7	21	39.9679
7	21	39.97915
7	21	39.99081
7	21	40.00183
7	21	40.01356
7	20	40.02446
7	20	40.03553
7	20	40.04671
7	20	40.05772
7	20	40.06903
7	20	40.08026
7	20	40.09328
7	20	40.10229
7	20	40.11363
7	20	40.12449
7	20	40.13605
7	19	40.14723
7	19	40.15778
7	19	40.16976
7	19	40.18084
7	19	40.19223
7	19	40.20329
7	19	40.215
7	19	40.22609
7	19	40.23781
7	19	40.25155
7	19	40.26078
7	18	40.27211
7	18	40.28338
7	18	40.2951
7	18	40.30638
7	18	40.31771
7	18	40.32864
7	18	40.3397
7	18	40.35092
7	18	40.36229
7	18	40.37385
7	18	40.38425
7	17	40.39569
7	17	40.41239
7	17	40.42273
7	17	40.42955
7	17	40.43754
7	17	40.44869
7	17	40.45983
7	17	40.47087
7	17	40.48205
7	17	40.49338
7	17	40.50447
7	16	40.51582
7	16	40.52719
7	16	40.53807
7	16	40.54967
7	16	40.56596
7	16	40.57536
7	16	40.58328
7	16	40.59372
7	16	40.60533
7	16	40.61618
7	16	40.62722
7	15	40.63845
7	15	40.64988
7	15	40.66093
7	15	40.67258
7	15	40.68354
7	15	40.69463
7	15	40.70587
7	15	40.7218
7	15	40.73259
7	15	40.74012
7	15	40.75019
7	14	40.76149
7	14	40.77211
7	14	40.78382
7	14	40.79476
7	14	40.80616
7	14	40.81692
7	14	40.82807
7	14	40.83934
7	14	40.8506
7	14	40.86222
7	13	40.87786
7	13	40.88845
7	13	40.89646
7	13	40.90655
7	13	40.91788
7	13	40.92914
7	13	40.94066
7	13	40.95161
7	13	40.9631
7	13	40.97399
7	13	40.98508
7	12	40.9963
7	12	41.00722
7	12	41.01894
7	12	41.03493
7	12	41.04565
7	12	41.05299
7	12	41.0634
7	12	41.07487
7	12	41.08586
7	12	41.0971
7	12	41.10836
7	11	41.11928
7	11	41.12966
7	11	41.14135
7	11	41.15242
7	11	41.16391
7	11	41.17526
7	11	41.1935
7	11	41.20523
7	11	41.21201
7	11	41.21965
7	11	41.22873
7	11	41.23986
7	10	41.25103
7	10	41.26223
7	10	41.27335
7	10	41.28466
7	10	41.29563
7	10	41.30686
7	10	41.31799
7	10	41.32939
7	10	41.3451
7	10	41.35472
7	9	41.36299
7	9	41.37399
7	9	41.38523
7	9	41.39628
7	9	41.40736
7	9	41.4187
7	9	41.4297
7	9	41.44066
7	9	41.45215
7	9	41.46334
7	9	41.4747
7	8	41.48616
7	8	41.50276
7	8	41.51543
7	7	41.61896
7	7	41.62901
7	7	41.6364
7	7	41.65407
7	7	41.66372
7	7	41.67208
7	7	41.68121
7	7	41.69132
7	7	41.69826
7	7	41.70829
7	7	41.7191
7	6	41.73004
7	6	41.74141
7	6	41.75256
7	6	41.76404
7	6	41.77534
7	6	41.78706
7	6	41.80325
7	6	41.81274
7	6	41.8207
7	6	41.83163
7	6	41.8429
7	5	41.85376
7	5	41.86529
7	5	41.8763
7	5	41.88697
7	5	41.89859
7	5	41.9094
7	5	41.92069
7	5	41.93238
7	5	41.94323
7	5	41.95848
7	5	41.96932
7	4	41.97665
7	4	41.98759
7	4	41.99889
7	4	42.00953
7	4	42.02142
7	4	42.03299
7	4	42.0443
7	4	42.05497
7	4	42.0668
7	4	42.07792
7	4	42.08903
7	4	42.10081
7	4	42.11684
7	4	42.12772
7	4	42.13984
7	4	42.14745
7	4	42.15613
7	4	42.16729
7	4	42.1779
7	4	42.18898
7	4	42.20057
7	4	42.21148
7	3	42.22193
7	3	42.23388
7	3	42.24463
7	3	42.25623
7	3	42.27607
7	3	42.28603
7	3	42.29288
7	3	42.30078
7	3	42.31163
7	3	42.32271
7	3	42.33393
7	2	42.34515
7	2	42.35644
7	2	42.36756
7	2	42.37838
7	2	42.38994
7	2	42.40112
7	2	42.41265
7	2	42.42743
7	2	42.43721
7	2	42.44572
7	2	42.45711
7	2	42.46807
7	2	42.47932
7	2	42.49086
7	2	42.50183
7	2	42.51274
7	2	42.52409
7	2	42.53583
7	2	42.54641
7	2	42.55777
7	2	42.5692
7	2	42.5825
7	2	42.59155
7	2	42.60255
7	2	42.61338
7	2	42.62471
7	2	42.63574
7	2	42.64707
7	2	42.6579
7	2	42.6692
7	2	42.68013
7	2	42.6921
7	2	42.70314
7	2	42.71468
7	2	42.72647
7	2	42.73877
7	2	42.74967
7	2	42.76086
7	2	42.7724
6	2	42.78407
6	2	42.7952
6	2	42.80704
6	2	42.81836
6	2	42.82978
6	2	42.84129
6	2	42.85229
6	2	42.86369
6	2	42.87495
6	2	42.88675
5	2	42.90247
5	2	42.91227
5	2	42.91962
5	2	42.92918
5	2	42.94022
5	2	42.95156
5	2	42.96233
5	2	42.97391
5	2	42.98558
5	2	42.99672
5	2	43.00804
4	2	43.04064
4	2	43.05852
4	2	43.06839
4	2	43.07541
4	2	43.08266
4	2	43.09286
4	2	43.10505
4	2	43.11555
4	2	43.12657
4	2	43.13847
3	2	43.14915
3	2	43.16026
3	2	43.17139
3	2	43.1831
3	2	43.19439
3	2	43.21017
3	2	43.22044
3	2	43.228
3	2	43.23919
3	2	43.25029
3	2	43.26136
2	2	43.27206
2	2	43.28368
2	2	43.29425
2	2	43.30539
2	2	43.31693
2	2	43.32758
2	2	43.33929
2	2	43.3512
2	2	43.36642
2	2	43.37627
2	2	43.38427
2	2	43.39511
2	2	43.40619
2	2	43.41729
2	3	43.42815
2	3	43.43962
2	3	43.45145
2	3	43.46209
2	3	43.47317
2	3	43.48493
2	3	43.49563
2	3	43.50719
2	3	43.5224
2	3	43.53255
2	4	43.54053
2	4	43.55156
2	4	43.56268
2	4	43.57408
2	4	43.58526
2	4	43.59612
2	4	43.60701
2	4	43.61901
2	4	43.6309
2	4	43.64273
2	4	43.65433
2	5	43.6661
2	5	43.68285
2	5	43.6932
2	5	43.70623
2	5	43.71633
2	5	43.72425
2	5	43.73228
2	5	43.74288
2	5	43.75409
2	5	43.76548
2	5	43.77668
2	5	43.78777
2	5	43.79899
2	5	43.81013
2	5	43.82233
3	5	43.84529
3	5	43.85801
3	5	43.87036
3	5	43.87785
3	5	43.88587
3	5	43.89376
3	5	43.90133
3	5	43.90913
3	5	43.92015
3	5	43.9311
3	5	43.94285
4	5	43.95404
4	5	43.9655
4	5	43.97631
4	5	43.99199
4	5	44.0018
4	5	44.00953
4	5	44.02065
4	5	44.03159
4	5	44.04271
4	5	44.05374
4	5	44.06551
5	5	44.07637
5	5	44.088
5	5	44.09891
5	5	44.11048
5	5	44.12177
5	5	44.13325
5	5	44.14837
5	5	44.15823
5	5	44.16631
5	5	44.17698
5	5	44.18806
6	5	44.19924
6	5	44.21013
6	5	44.22168
6	5	44.23301
6	5	44.2439
6	5	44.25536
6	5	44.26643
6	5	44.27759
6	5	44.29001
6	5	44.30647
6	5	44.31598
7	5	44.32311
7	5	44.33403
7	5	44.34488
7	5	44.35617
7	5	44.36707
7	5	44.37904
7	5	44.38946
7	5	44.40114
7	5	44.41254
7	5	44.42433
7	5	44.4355
6	5	44.44684
6	5	44.45964
6	5	44.46906
6	5	44.47987
6	5	44.49133
6	5	44.50229
6	5	44.51329
6	5	44.52468
6	5	44.53596
6	5	44.54667
6	5	44.55811
5	5	44.5691
5	5	44.58027
5	5	44.59198
5	5	44.60355
5	5	44.61607
5	5	44.62554
5	5	44.63631
5	5	44.64733
5	5	44.65989
5	5	44.67004
5	5	44.68146
4	5	44.69325
4	5	44.70427
4	5	44.71585
4	5	44.72752
4	5	44.73854
4	5	44.74965
4	5	44.76109
4	5	44.77603
4	5	44.78417
4	5	44.7957
3	5	44.8072
3	5	44.81864
3	5	44.82954
3	5	44.84038
3	5	44.85202
3	5	44.86242
3	5	44.87331
3	5	44.88525
3	5	44.89605
3	5	44.90716
3	5	44.91856
2	5	44.93039
2	5	44.94065
2	5	44.95212
2	5	44.96288
2	5	44.97379
2	5	44.98545
2	5	44.99626
2	5	45.00753
2	5	45.01887
2	5	45.03
2	5	45.04126
2	5	45.05266
2	5	45.0635
2	5	45.07515
2	5	45.08723
2	5	45.0972
2	5	45.10815
2	5	45.11922
2	5	45.13039
2	5	45.14166
2	5	45.15265
2	5	45.16412
2	5	45.1753
2	5	45.18674
2	5	45.1979
2	5	45.20932
2	5	45.22065
2	5	45.23259
2	5	45.24565
2	5	45.25499
2	5	45.26577
2	5	45.27687
2	5	45.28818
2	5	45.29947
2	5	45.31061
2	5	45.32173
2	5	45.33298
2	5	45.34424
2	5	45.35532
2	5	45.36641
2	5	45.37746
2	5	45.38892
2	5	45.40162
2	5	45.41099
2	5	45.42188
2	5	45.43299
2	5	45.44407
2	5	45.45536
2	5	45.46655
2	5	45.47865
2	5	45.48911
2	5	45.50104
2	5	45.51202
2	5	45.52298
2	5	45.53423
2	5	45.5454
2	5	45.55893
2	5	45.5675
2	5	45.57814
2	5	45.58941
2	5	45.60066
2	5	45.61182
2	5	45.62321
2	5	45.63443
2	5	45.64602
2	5	45.65694
2	5	45.66831
2	5	45.67918
2	5	45.69084
2	5	45.70228
2	5	45.71473
2	4	45.72455
2	4	45.7362
2	4	45.74743
2	4	45.75745
2	4	45.76837
2	4	45.77917
2	4	45.79049
2	4	45.80199
2	4	45.81276
2	4	45.82407
2	4	45.83595
2	3	45.84657
2	3	45.85795
2	3	45.87067
2	3	45.88237
2	3	45.89124
2	3	45.90242
2	3	45.91362
2	3	45.9248
2	3	45.93621
2	3	45.94719
2	3	45.95845
2	2	45.96986
2	2	45.98048
2	2	45.99173
2	2	46.00315
2	2	46.01418
2	2	46.02708
2	2	46.0368
2	2	46.04795
2	2	46.05926
2	2	46.07034
2	2	46.08167
2	2	46.09292
2	2	46.10441
2	2	46.11553
2	2	46.12665
2	2	46.13756
2	2	46.14906
2	2	46.15981
2	2	46.17098
2	2	46.18317
2	2	46.19331
2	2	46.204
2	2	46.21535
2	2	46.22638
2	2	46.23741
3	2	46.24863
3	2	46.26025
3	2	46.27179
3	2	46.28308
3	2	46.29429
3	2	46.30607
3	2	46.31669
3	2	46.32819
3	2	46.34131
3	2	46.35015
3	2	46.36076
4	2	46.37206
4	2	46.38321
4	2	46.39416
4	2	46.40538
4	2	46.41682
4	2	46.42749
4	2	46.43888
4	2	46.45014
4	2	46.46122
4	2	46.47219
4	2	46.48398
5	2	46.49736
5	2	46.50623
5	2	46.51651
5	2	46.52773
5	2	46.53899
5	2	46.55017
5	2	46.5612
5	2	46.57283
5	2	46.58422
5	2	46.59536
6	2	46.60689
6	2	46.61717
6	2	46.62805
6	2	46.63941
6	2	46.65204
6	2	46.6616
6	2	46.6726
6	2	46.68375
6	2	46.6955
6	2	46.70686
6	2	46.71776
7	2	46.72913
7	2	46.74029
7	2	46.75122
7	2	46.76231
7	2	46.7736
7	2	46.78501
7	2	46.79624
7	2	46.8093
7	2	46.81852
7	2	46.82971
7	2	46.84077
8	2	46.85196
8	2	46.86323
8	2	46.87458
8	2	46.88567
8	2	46.89672
8	2	46.9081
8	2	46.9192
8	2	46.93037
8	2	46.94142
8	2	46.95312
8	2	46.96893
9	2	46.97924
9	2	46.98671
9	2	46.99495
9	2	47.00588
9	2	47.01702
9	2	47.02824
9	2	47.03947
9	2	47.05057
9	2	47.06173
9	2	47.07317
9	2	47.08438
9	2	47.09539
10	2	47.10762
10	2	47.12418
10	2	47.13452
10	2	47.14204
10	2	47.14981
10	2	47.16024
10	2	47.17149
10	2	47.18292
10	2	47.19402
10	2	47.20486
10	2	47.21574
11	2	47.22699
11	2	47.23829
11	2	47.24943
11	2	47.26102
11	2	47.27647
11	2	47.28645
11	2	47.29459
11	2	47.30572
11	2	47.31693
11	2	47.32798
11	2	47.33936
12	2	47.35077
12	2	47.3617
12	2	47.37301
12	2	47.38438
12	2	47.39568
12	2	47.40712
12	2	47.4187
12	2	47.43689
12	2	47.44923
12	2	47.45778
13	2	47.46487
13	2	47.47326
13	2	47.48379
13	2	47.49487
13	2	47.50665
13	2	47.51762
13	2	47.52867
13	2	47.53966
13	2	47.55059
13	2	47.56221
13	2	47.57353
14	2	47.58964
14	2	47.59995
14	2	47.60814
14	2	47.6176
14	2	47.62888
14	2	47.63996
14	2	47.6508
14	2	47.66209
14	2	47.67364
14	2	47.68479
14	2	47.69584
15	2	47.70698
15	2	47.71836
15	2	47.73014
15	2	47.74621
15	2	47.7601
15	2	47.76957
15	2	47.77786
15	2	47.78521
15	2	47.79642
15	2	47.80769
15	2	47.81838
16	2	47.82952
16	2	47.84094
16	2	47.85212
16	2	47.86355
16	2	47.8749
16	2	47.88674
16	2	47.90217
16	2	47.91231
16	2	47.92031
16	2	47.93122
16	2	47.94204
17	2	47.95369
17	2	47.96459
17	2	47.9755
17	2	47.98682
17	2	47.99787
17	2	48.00888
17	2	48.02049
17	2	48.03131
17	2	48.04256
17	2	48.05836
17	2	48.06857
18	2	48.07651
18	2	48.08752
18	2	48.09853
18	2	48.10979
18	2	48.12138
18	2	48.13266
18	2	48.14422
18	2	48.15553
18	2	48.16695
18	2	48.1785
18	2	48.18946
19	2	48.20126
19	2	48.21737
19	2	48.22786
19	2	48.23731
19	2	48.24612
19	2	48.25704
19	2	48.26791
19	2	48.27924
19	2	48.29136
19	2	48.3017
19	2	48.31297
20	2	48.32399
20	2	48.33515
20	2	48.34688
20	2	48.35812
20	2	48.37701
20	2	48.38877
20	2	48.39661
20	2	48.40403
20	2	48.41157
20	2	48.42201
20	2	48.43277
21	2	48.44389
21	2	48.45594
21	2	48.46698
21	2	48.47739
21	2	48.48857
21	2	48.50019
21	2	48.51133
21	2	48.52805
21	2	48.5377
21	2	48.54511
21	2	48.556
22	2	48.56692
22	2	48.5781
22	2	48.58913
22	2	48.60061
22	2	48.61148
22	2	48.62288
22	2	48.63367
22	2	48.64497
22	2	48.65636
22	2	48.66774
22	2	48.67953
21	2	48.69032
21	2	48.7011
21	2	48.71223
21	2	48.72338
21	2	48.73487
21	2	48.74586
21	2	48.75722
21	2	48.76829
21	2	48.7802
21	2	48.79147
21	2	48.80261
20	2	48.81412
20	2	48.82586
20	2	48.83861
20	2	48.84811
20	2	48.85875
20	2	48.86997
20	2	48.88105
20	2	48.89247
20	2	48.9039
20	2	48.91546
20	2	48.92705
19	2	48.93827
19	2	48.94953
19	2	48.96088
19	2	48.97236
19	2	48.98376
19	2	48.99631
19	2	49.00685
19	2	49.01819
19	2	49.02903
19	2	49.04054
18	2	49.0517
18	2	49.0631
18	2	49.07403
18	2	49.08543
18	2	49.09678
18	2	49.10809
18	2	49.119
18	2	49.13092
18	2	49.14255
18	2	49.15714
18	2	49.16499
17	2	49.17381
17	2	49.18511
17	2	49.19581
17	2	49.20731
17	2	49.21838
17	2	49.22953
17	2	49.24088
17	2	49.2521
17	2	49.26342
17	2	49.27452
17	2	49.28582
16	2	49.29702
16	2	49.31017
16	2	49.31905
16	2	49.32988
16	2	49.34077
16	2	49.35183
16	2	49.36311
16	2	49.37429
16	2	49.38565
16	2	49.39664
16	2	49.40794
16	3	49.41914
16	3	49.43081
16	3	49.44202
16	3	49.45362
16	3	49.47396
16	3	49.48609
16	3	49.49929
16	3	49.50682
16	3	49.51425
16	3	49.52133
16	3	49.52964
16	3	49.53879
16	4	49.54987
16	4	49.56091
16	4	49.57205
16	4	49.58311
16	4	49.59408
16	4	49.60656
16	4	49.62347
16	4	49.63338
16	4	49.64037
16	4	49.65046
16	4	49.66133
16	5	49.6729
16	5	49.6838
16	5	49.69492
16	5	49.70649
16	5	49.71737
16	5	49.72832
16	5	49.73976
16	5	49.75096
16	5	49.76267
16	5	49.78141
17	5	49.79662
17	5	49.80498
17	5	49.81098
17	5	49.81812
17	5	49.82896
17	5	49.84068
17	5	49.85104
17	5	49.86228
17	5	49.87363
17	5	49.88433
17	5	49.89545
17	5	49.90696
18	5	49.91821
18	5	49.93357
18	5	49.94404
18	5	49.95345
18	5	49.96521
18	5	49.97414
18	5	49.98507
18	5	49.99618
18	5	50.00774
18	5	50.01888
18	5	50.03004
19	5	50.04149
19	5	50.05244
19	5	50.06369
19	5	50.07514
19	5	50.09256
19	5	50.10779
19	5	50.11596
19	5	50.12339
19	5	50.13139
19	5	50.14239
19	5	50.15343
19	5	50.16447
19	5	50.17545
19	5	50.18612
19	5	50.19741
19	5	50.20868
19	5	50.21999
19	5	50.23129
19	5	50.24319
19	5	50.25329
19	5	50.26387
19	5	50.27556
19	5	50.28698
19	5	50.29807
19	5	50.30943
19	5	50.32056
19	5	50.33157
19	5	50.34281
19	5	50.35409
19	5	50.36523
19	5	50.37626
19	5	50.38758
19	5	50.39895
19	5	50.41006
19	5	50.42091
19	5	50.43211
19	5	50.44349
19	5	50.45465
19	5	50.46614
19	5	50.47763
19	5	50.48846
19	5	50.49939
19	5	50.51074
19	5	50.52164
19	5	50.5331
19	5	50.54444
19	5	50.55756
19	5	50.56751
19	5	50.57871
19	5	50.59066
19	5	50.60199
19	5	50.61359
19	5	50.62469
19	5	50.63616
19	5	50.64752
19	5	50.65921
19	5	50.67036
19	5	50.68206
19	5	50.69391
19	5	50.70537
19	5	50.71789
19	5	50.72823
19	5	50.73953
19	5	50.75076
19	5	50.76178
19	5	50.77367
19	5	50.78436
19	5	50.7955
19	5	50.80717
19	5	50.81776
19	5	50.8289
19	5	50.84014
19	5	50.85118
19	5	50.86268
19	5	50.87561
19	5	50.88477
19	5	50.895
19	5	50.9067
19	6	50.91779
19	6	50.92905
19	6	50.94034
19	6	50.95124
19	6	50.96255
19	6	50.97366
19	6	50.98473
19	6	50.9959
19	6	51.00739
19	6	51.01854
19	6	51.0366
19	6	51.04769
19	6	51.05573
19	6	51.06253
19	6	51.06949
19	6	51.08006
19	6	51.09162
19	6	51.10242
19	6	51.11359
19	6	51.12514
19	6	51.13618
19	6	51.14692
19	7	51.15835
19	7	51.17006
19	7	51.18563
19	7	51.20742
19	7	51.21455
19	7	51.22067
19	7	51.22789
19	7	51.23618
19	7	51.24735
19	7	51.25902
19	7	51.26987
19	7	51.28161
19	7	51.29264
19	7	51.30391
20	7	51.31512
20	7	51.32687
20	7	51.34218
20	7	51.35233
20	7	51.3613
20	7	51.37061
20	7	51.38186
20	7	51.39315
20	7	51.40403
20	7	51.41545
20	7	51.42654
21	7	51.43768
21	7	51.44891
21	7	51.45993
21	7	51.47089
21	7	51.48245
21	7	51.49817
21	7	51.50927
21	7	51.51643
21	7	51.527
21	7	51.5383
21	7	51.54923
22	7	51.56022
22	7	51.57125
22	7	51.58238
22	7	51.59386
22	7	51.60558
22	7	51.61635
22	7	51.62737
22	7	51.63916
22	7	51.65184
22	7	51.66116
22	7	51.67197
22	6	51.68321
22	6	51.6944
22	6	51.70552
22	6	51.71671
22	6	51.72777
22	6	51.73862
22	6	51.75018
22	6	51.76106
22	6	51.77288
22	6	51.78337
22	6	51.79502
22	6	51.80724
22	6	51.81943
22	6	51.83025
22	6	51.83973
22	6	51.85085
22	6	51.86217
22	6	51.8738
22	6	51.88425
22	6	51.89584
22	6	51.90737
22	5	51.91846
22	5	51.92921
22	5	51.9408
22	5	51.95132
22	5	51.96407
22	5	51.97392
22	5	51.98513
22	5	51.99726
22	5	52.00859
22	5	52.02003
22	5	52.0317
22	4	52.04293
22	4	52.05415
22	4	52.06621
22	4	52.07787
22	4	52.08958
22	4	52.10084
22	4	52.11287
22	4	52.1259
22	4	52.1355
22	4	52.14694
22	4	52.15851
22	3	52.16948
22	3	52.18046
22	3	52.19192
22	3	52.20279
22	3	52.21387
22	3	52.22524
22	3	52.23625
22	3	52.24736
22	3	52.25854
22	3	52.27002
22	3	52.2822
22	2	52.29227
22	2	52.30312
22	2	52.31436
22	2	52.3257
22	2	52.33682
22	2	52.34798
22	2	52.35917
22	2	52.37021
22	2	52.38131
22	2	52.39225
22	2	52.40352
22	3	52.41468
22	3	52.42618
22	3	52.43879
22	3	52.44799
22	3	52.45929
22	3	52.47035
22	3	52.48193
22	3	52.49293
22	3	52.50401
22	3	52.51527
22	3	52.5265
22	4	52.53759
22	4	52.54903
22	4	52.56008
22	4	52.57116
22	4	52.58272
22	4	52.59634
22	4	52.60526
22	4	52.61544
22	4	52.62654
22	4	52.63768
22	4	52.64862
22	5	52.65991
22	5	52.67129
22	5	52.68261
22	5	52.69349
22	5	52.70493
22	5	52.71629
22	5	52.72717
22	5	52.73846
22	5	52.75183
22	5	52.7608
22	5	52.7716
22	6	52.78294
22	6	52.79391
22	6	52.80543
22	6	52.81671
22	6	52.82756
22	6	52.83928
22	6	52.8498
22	6	52.86074
22	6	52.87191
22	6	52.8834
22	6	52.89462
22	7	52.90676
22	7	52.91702
22	7	52.92769
22	7	52.93885
22	7	52.95008
22	7	52.96144
22	7	52.97242
22	7	52.98375
22	7	52.99496
22	7	53.00603
22	7	53.01723
22	7	53.02828
22	7	53.03941
22	7	53.05112
22	7	53.0642
22	7	53.07348
22	7	53.08538
22	7	53.09593
22	7	53.10727
22	7	53.1183
22	7	53.12949
21	7	53.14124
21	7	53.15184
21	7	53.16349
21	7	53.17478
21	7	53.18572
21	7	53.19668
21	7	53.20844
21	7	53.22071
21	7	53.23026
21	7	53.24191
21	7	53.25261
20	7	53.26387
20	7	53.2755
20	7	53.28618
20	7	53.29728
20	7	53.30859
20	7	53.31958
20	7	53.33078
20	7	53.34209
20	7	53.35263
20	7	53.36394
20	7	53.37671
19	7	53.38604
19	7	53.39719
19	7	53.40853
19	7	53.41982
19	7	53.43111
19	7	53.44237
19	7	53.45369
19	7	53.46512
19	7	53.47655
19	7	53.48743
19	7	53.49867
19	6	53.5098
19	6	53.52132
19	6	53.53387
19	6	53.54338
19	6	53.55458
19	6	53.56585
19	6	53.57676
19	6	53.58757
19	6	53.59898
19	6	53.60992
19	6	53.62107
19	6	53.63233
19	6	53.6438
19	6	53.65509
19	6	53.66621
19	6	53.67779
19	6	53.6932
19	6	53.70096
19	6	53.71014
19	6	53.71859
19	6	53.72982
19	6	53.74112
19	5	53.75213
19	5	53.76379
19	5	53.77504
19	5	53.78578
19	5	53.797
19	5	53.80854
19	5	53.81908
19	5	53.83075
19	5	53.85135
19	5	53.85989
19	5	53.86663
19	5	53.87326
18	5	53.88356
18	5	53.89486
18	5	53.90567
18	5	53.91676
18	5	53.92839
18	5	53.93971
18	5	53.9507
18	5	53.96223
18	5	53.97311
18	5	53.98475
17	5	53.99828
17	5	54.00693
17	5	54.01771
17	5	54.02885
17	5	54.04003
17	5	54.05128
17	5	54.06222
17	5	54.07347
17	5	54.08463
17	5	54.0962
17	5	54.10738
16	5	54.11823
16	5	54.12947
16	5	54.14065
16	5	54.152
16	5	54.16283
16	5	54.17419
16	5	54.18544
16	5	54.19675
16	5	54.20804
16	5	54.21922
16	5	54.23001
16	5	54.24092
16	5	54.25238
16	5	54.26394
16	5	54.27578
16	5	54.28675
16	5	54.2986
16	5	54.31614
16	5	54.32317
16	5	54.33172
16	5	54.34296
16	5	54.35402
16	5	54.3652
16	5	54.37667
16	5	54.3877
16	5	54.39888
16	5	54.41008
16	5	54.42097
16	5	54.43229
16	5	54.44347
16	5	54.45491
16	5	54.47101
16	5	54.48012
16	5	54.4883
16	5	54.49945
16	5	54.51026
16	5	54.52173
16	5	54.533
16	5	54.54424
16	5	54.55531
16	5	54.56672
17	5	54.57803
17	5	54.58906
17	5	54.60063
17	5	54.61185
17	5	54.62642
17	5	54.63395
17	5	54.64491
17	5	54.65561
17	5	54.66682
17	5	54.67836
17	5	54.68981
18	5	54.70122
18	5	54.71236
18	5	54.72376
18	5	54.73482
18	5	54.74597
18	5	54.75706
18	5	54.76823
18	5	54.78108
18	5	54.79061
18	5	54.80162
18	5	54.81282
19	5	54.82397
19	5	54.83545
19	5	54.84628
19	5	54.85778
19	5	54.8692
19	5	54.88074
19	5	54.89186
19	5	54.90363
19	5	54.91469
19	5	54.92661
19	5	54.93814
19	5	54.94828
19	6	54.96004
19	6	54.97064
19	6	54.98186
19	6	54.99328
19	6	55.00428
19	6	55.01571
19	6	55.02722
19	6	55.0383
19	6	55.04963
19	6	55.06107
19	6	55.07215
19	7	55.08364
19	7	55.09647
19	7	55.10608
19	7	55.11712
19	7	55.1283
19	7	55.13979
19	7	55.15129
19	7	55.1627
19	7	55.17398
19	7	55.18533
19	8	55.19628
19	8	55.20753
19	8	55.2188
19	8	55.22988
19	8	55.24136
19	8	55.25442
19	8	55.26388
19	8	55.27425
19	8	55.28548
19	8	55.2967
19	8	55.3077
18	7	55.31882
18	7	55.3301
18	7	55.34138
18	7	55.35231
18	7	55.36342
18	7	55.37474
18	7	55.38596
18	7	55.39738
18	7	55.41326
18	7	55.42343
18	7	55.43259
17	7	55.44072
17	7	55.45054
17	7	55.46174
17	7	55.47287
17	7	55.4836
17	7	55.49532
17	7	55.50822
17	7	55.51701
17	7	55.52812
17	7	55.53982
17	7	55.5511
16	7	55.56828
16	7	55.5788
16	7	55.58623
16	7	55.59444
16	7	55.60545
16	7	55.61638
16	7	55.62757
16	7	55.63863
16	7	55.6499
16	7	55.66116
16	7	55.67193
16	7	55.68333
16	8	55.69468
16	8	55.70586
16	8	55.7214
16	8	55.73284
16	8	55.73966
16	8	55.74998
16	8	55.76136
16	8	55.77201
16	8	55.78392
16	8	55.79519
16	8	55.80631
16	9	55.81763
16	9	55.82883
16	9	55.83987
16	9	55.85115
16	9	55.86278
16	9	55.88625
16	9	55.8964
16	9	55.90297
16	9	55.90968
16	9	55.9172
16	9	55.92799
16	10	55.93875
16	10	55.94989
16	10	55.9611
16	10	55.97226
16	10	55.98356
16	10	55.99479
16	10	56.00568
16	10	56.01703
16	10	56.02977
16	10	56.03875
16	10	56.05048
16	10	56.06164
16	10	56.07259
16	10	56.08346
16	10	56.09496
16	10	56.10588
16	10	56.11719
16	10	56.12857
16	10	56.13959
16	10	56.15068
17	10	56.16237
17	10	56.17354
17	10	56.18741
17	10	56.1961
17	10	56.20707
17	10	56.21838
17	10	56.2298
17	10	56.24106
17	10	56.25206
17	10	56.263
18	10	56.27415
18	10	56.28544
18	10	56.29673
18	10	56.30721
18	10	56.31829
18	10	56.32974
18	10	56.3444
18	10	56.35192
18	10	56.36296
18	10	56.3749
18	10	56.38628
19	10	56.39808
19	10	56.40973
19	10	56.42133
19	10	56.43279
19	10	56.44443
19	10	56.45571
19	10	56.46742
19	10	56.47891
19	10	56.49029
19	10	56.50218
19	10	56.51253
19	11	56.52382
19	11	56.53489
19	11	56.54618
19	11	56.55734
19	11	56.56857
19	11	56.57952
19	11	56.59076
19	11	56.60217
19	11	56.61348
19	11	56.62433
19	11	56.63558
19	12	56.64713
19	12	56.66356
19	12	56.67427
19	12	56.68447
19	12	56.69164
19	12	56.70333
19	12	56.71167
19	12	56.72255
19	12	56.73383
19	12	56.74506
19	12	56.75626
19	13	56.76742
19	13	56.77869
19	13	56.78986
19	13	56.80122
19	13	56.81611
19	13	56.82642
19	13	56.83445
19	13	56.84603
19	13	56.85696
19	13	56.86791
19	13	56.8793
19	14	56.89075
19	14	56.90181
19	14	56.91289
19	14	56.92421
19	14	56.9352
19	14	56.94633
19	14	56.95763
19	14	56.97406
19	14	56.98489
19	14	56.9922
19	14	57.00175
19	15	57.01305
19	15	57.02424
19	15	57.03521
19	15	57.04686
19	15	57.05789
19	15	57.06887
19	15	57.08015
19	15	57.09138
19	15	57.10228
19	15	57.11385
19	17	57.12934
19	17	57.14116
19	17	57.14902
19	17	57.15812
19	17	57.16916
19	17	57.18018
19	17	57.19184
19	17	57.2034
19	17	57.21483
19	17	57.22578
19	17	57.23717
19	17	57.2482
19	18	57.25977
19	18	57.27091
19	18	57.28792
19	18	57.29876
19	18	57.30594
19	18	57.31415
19	18	57.32515
19	18	57.33626
19	18	57.34746
19	18	57.35868
19	18	57.36997
19	19	57.38116
19	19	57.39224
19	19	57.40345
19	19	57.41482
19	19	57.42602
19	19	57.44156
19	19	57.4514
19	19	57.45947
19	19	57.47043
19	19	57.48163
19	19	57.49279
19	20	57.50402
19	20	57.51486
19	20	57.52645
19	20	57.53771
19	20	57.54875
19	20	57.55972
19	20	57.5709
19	20	57.5825
19	20	57.59492
19	20	57.60485
19	20	57.61555
19	19	57.6267
19	19	57.63776
19	19	57.64913
19	19	57.66053
19	19	57.67188
19	19	57.68323
19	19	57.69468
19	19	57.70626
19	19	57.71752
19	19	57.72951
19	18	57.74053
19	18	57.75308
19	18	57.7625
19	18	57.77353
19	18	57.78465
19	18	57.79593
19	18	57.80729
19	18	57.81845
19	18	57.83002
19	18	57.84135
19	18	57.85244
19	17	57.86386
19	17	57.8752
19	17	57.88646
19	17	57.89896
19	17	57.92262
19	17	57.9306
19	17	57.93756
19	17	57.9433
19	17	57.95054
19	17	57.95956
19	17	57.97139
19	17	57.98339
19	16	57.99461
19	16	58.0055
19	16	58.01667
19	16	58.04958
19	16	58.06728
19	16	58.07751
19	16	58.0846
19	16	58.09211
19	16	58.0993
19	15	58.10771
19	15	58.11615
19	15	58.12737
19	15	58.13823
19	15	58.14967
19	15	58.16055
19	15	58.1717
19	15	58.1831
19	15	58.19364
19	15	58.20561
19	15	58.21846
19	15	58.22783
19	14	58.23887
19	14	58.25039
19	14	58.26181
19	14	58.27287
19	14	58.28411
19	14	58.29512
19	14	58.30654
19	14	58.31744
19	14	58.32907
19	14	58.33999
19	14	58.35105
18	14	58.3626
18	14	58.37575
18	14	58.38447
18	14	58.39624
18	14	58.40668
18	14	58.41817
18	14	58.4295
18	14	58.44058
18	14	58.45179
18	14	58.4633
17	14	58.47442
17	14	58.48571
17	14	58.49682
17	14	58.50838
17	14	58.5194
17	14	58.53463
17	14	58.54414
17	14	58.55299
17	14	58.56427
17	14	58.57503
17	14	58.58625
16	14	58.59769
16	14	58.6084
16	14	58.61975
16	14	58.63184
16	14	58.6436
16	14	58.65549
16	14	58.66708
16	14	58.67929
16	14	58.69525
16	14	58.7053
16	14	58.71288
15	14	58.72268
15	14	58.73368
15	14	58.74483
15	14	58.75618
15	14	58.76743
15	14	58.77858
15	14	58.78977
15	14	58.80092
15	14	58.81214
15	14	58.82346
15	14	58.83443
14	14	58.85117
14	14	58.8615
14	14	58.87111
14	14	58.87926
14	14	58.88993
14	14	58.90108
14	14	58.91251
14	14	58.92384
14	14	58.93474
14	14	58.94614
14	14	58.95726
13	14	58.96842
13	14	58.97955
13	14	58.99104
13	14	59.0095
13	14	59.02464
13	14	59.03217
13	14	59.03941
13	14	59.04679
13	14	59.05534
13	14	59.06645
13	14	59.07764
12	14	59.08865
12	14	59.09996
12	14	59.11193
12	14	59.12255
12	14	59.13345
12	14	59.14532
12	14	59.1636
12	14	59.17377
12	14	59.1808
12	14	59.18948
12	14	59.20047
11	14	59.21138
11	14	59.22281
11	14	59.23367
11	14	59.24512
11	14	59.2563
11	14	59.26751
11	14	59.27858
11	14	59.29006
11	14	59.30127
11	14	59.31723
11	14	59.32697
10	14	59.33525
10	14	59.346
10	14	59.35696
10	14	59.36816
10	14	59.37954
10	14	59.39071
10	14	59.40156
10	14	59.41269
10	14	59.42379
10	14	59.43499
10	14	59.44571
10	15	59.45749
10	15	59.47361
10	15	59.48487
10	15	59.49641
10	15	59.50318
10	15	59.51302
10	15	59.52454
10	15	59.53559
10	15	59.54772
10	15	59.55892
10	15	59.57044
10	16	59.58179
10	16	59.59307
10	16	59.60503
10	16	59.61667
10	16	59.63684
10	16	59.64823
10	16	59.65425
10	16	59.6608
10	16	59.66943
10	16	59.68051
10	16	59.69149
10	17	59.70257
10	17	59.71407
10	17	59.72579
10	17	59.73678
10	17	59.74789
10	17	59.75942
10	17	59.77039
10	17	59.7876
10	17	59.79925
10	17	59.80609
10	17	59.81447
10	18	59.82535
10	18	59.83642
10	18	59.84818
10	18	59.85915
10	18	59.87045
10	18	59.88205
10	18	59.89265
10	18	59.90464
10	18	59.91558
10	18	59.92915
10	19	59.95385
10	19	59.96486
10	19	59.97484
10	19	59.98096
10	19	59.98732
10	19	59.99359
10	19	60.00399
10	19	60.01571
10	19	60.02688
10	19	60.03783
10	19	60.04896
10	19	60.06018
10	18	60.07137
10	18	60.08295
10	18	60.09843
10	18	60.10796
10	18	60.11657
10	18	60.12729
10	18	60.13806
10	18	60.14984
10	18	60.16047
10	18	60.17177
10	18	60.18295
10	17	60.19399
10	17	60.20526
10	17	60.21655
10	17	60.22774
10	17	60.23945
10	17	60.25149
10	17	60.26158
10	17	60.27274
10	17	60.28395
10	17	60.29549
10	17	60.30607
10	16	60.31694
10	16	60.32801
10	16	60.33914
10	16	60.35081
10	16	60.36175
10	16	60.3728
10	16	60.38415
10	16	60.3957
10	16	60.40762
10	16	60.41762
10	16	60.4289
10	15	60.44024
10	15	60.45148
10	15	60.46252
10	15	60.47385
10	15	60.4857
10	15	60.49714
10	15	60.50887
10	15	60.52018
10	15	60.53204
10	15	60.54319
10	14	60.55511
10	14	60.56826
10	14	60.57778
10	14	60.59002
10	14	60.60601
10	14	60.61283
10	14	60.62267
10	14	60.63379
10	14	60.64484
10	14	60.65593
10	14	60.66756
10	13	60.6786
10	13	60.68964
10	13	60.70077
10	13	60.71199
10	13	60.72833
10	13	60.73827
10	13	60.74541
10	13	60.75578
10	13	60.76696
10	13	60.77833
10	13	60.78902
10	12	60.80022
10	12	60.81121
10	12	60.82257
10	12	60.83358
10	12	60.84526
10	12	60.85632
10	12	60.86761
10	12	60.88317
10	12	60.89337
10	12	60.90128
10	12	60.91189
10	11	60.9235
10	11	60.93476
10	11	60.94632
10	11	60.95725
10	11	60.96785
10	11	60.97886
10	11	60.99013
10	11	61.00114
10	11	61.01231
10	11	61.02374
10	11	61.03994
10	11	61.0504
10	11	61.05804
10	11	61.06803
10	11	61.07913
10	11	61.09035
10	11	61.10188
10	11	61.1128
10	11	61.12446
10	11	61.13516
10	11	61.14622
10	11	61.1578
10	11	61.16866
10	11	61.18003
10	11	61.19304
10	11	61.20212
10	11	61.21329
10	11	61.22452
10	11	61.23546
10	11	61.24651
10	11	61.25766
10	11	61.26893
10	11	61.28034
10	11	61.29164
10	11	61.30249
10	11	61.31385
10	11	61.32497
10	11	61.33638
10	11	61.34755
10	11	61.35858
10	11	61.36956
10	11	61.3807
10	11	61.39183
10	11	61.40302
10	11	61.41438
10	11	61.42595
9	11	61.43693
9	11	61.4485
9	11	61.45997
9	11	61.47127
9	11	61.48278
9	11	61.49426
9	11	61.51791
9	11	61.52851
9	11	61.53491
9	11	61.54139
9	11	61.54762
8	11	61.55746
8	11	61.56853
8	11	61.57981
8	11	61.59087
8	11	61.60258
8	11	61.61327
8	11	61.62446
8	11	61.63547
8	11	61.64745
8	11	61.6674
7	11	61.67907
7	11	61.6859
7	11	61.69229
7	11	61.70201
7	11	61.71367
7	11	61.72505
7	11	61.7361
7	11	61.74711
7	11	61.75837
7	11	61.76943
7	11	61.78048
7	11	61.79162
6	11	61.80302
6	11	61.81519
6	11	61.82553
6	11	61.8364
6	11	61.84803
6	11	61.85852
6	11	61.86982
6	11	61.88089
6	11	61.89243
6	11	61.9037
6	11	61.91507
5	11	61.92591
5	11	61.93744
5	11	61.94978
5	11	61.9612
5	11	61.97877
5	11	61.98857
5	11	61.99559
5	11	62.00423
5	11	62.01513
5	11	62.02652
5	11	62.0377
4	11	62.0489
4	11	62.06038
4	11	62.07104
4	11	62.08289
4	11	62.09385
4	11	62.10463
4	11	62.11622
4	11	62.13226
4	11	62.14276
4	11	62.14937
4	11	62.16023
3	11	62.17147
3	11	62.18271
3	11	62.19374
3	11	62.2047
3	11	62.21609
3	11	62.22693
3	11	62.23809
3	11	62.24959
3	11	62.26066
3	11	62.27204
2	11	62.28699
2	11	62.29729
2	11	62.30582
2	11	62.31693
2	11	62.32777
2	11	62.33878
2	11	62.35023
2	11	62.36169
2	11	62.37312
2	11	62.38477
2	11	62.39604
2	10	62.40749
2	10	62.41894
2	10	62.43024
2	10	62.4455
2	10	62.45577
2	10	62.46392
2	10	62.47515
2	10	62.48647
2	10	62.49783
2	10	62.50904
2	10	62.52041
2	9	62.53162
2	9	62.54309
2	9	62.55454
2	9	62.56602
2	9	62.57688
2	9	62.58847
2	9	62.60658
2	9	62.6174
2	9	62.62368
2	9	62.6306
2	9	62.64172
2	8	62.65265
2	8	62.66379
2	8	62.67497
2	8	62.68597
2	8	62.69783
2	8	62.70869
2	8	62.71968
2	8	62.73126
2	8	62.74244
2	8	62.75816
2	8	62.7688
2	8	62.77619
2	8	62.78691
2	8	62.79827
2	8	62.80928
2	8	62.82042
2	8	62.83175
2	8	62.84297
2	8	62.85434
2	8	62.86562
2	8	62.87641
3	8	62.88761
3	8	62.89937
3	8	62.91258
3	8	62.92133
3	8	62.93248
3	8	62.94364
3	8	62.95456
3	8	62.96631
3	8	62.9776
3	8	62.98907
3	8	63.00032
4	8	63.01147
4	8	63.023
4	8	63.03408
4	8	63.04556
4	8	63.05698
4	8	63.07312
4	8	63.08312
4	8	63.0901
4	8	63.10083
4	8	63.11145
4	8	63.12253
4	8	63.13398
4	8	63.14486
4	8	63.15626
4	8	63.16769
4	8	63.17891
4	8	63.19028
4	8	63.20148
4	8	63.21269
4	8	63.22577
4	8	63.23505
4	8	63.24611
4	8	63.25749
4	8	63.26885
4	8	63.27968
4	8	63.29125
4	8	63.30244
4	8	63.31321
4	8	63.32444
4	8	63.33541
4	8	63.34634
4	8	63.35784
4	8	63.36897
4	8	63.38095
4	8	63.39149
4	8	63.40256
4	7	63.41381
4	7	63.42496
4	7	63.43668
4	7	63.44818
4	7	63.4594
4	7	63.47082
4	7	63.48208
4	7	63.49334
4	7	63.5041
4	7	63.51546
4	7	63.527
4	6	63.54471
4	6	63.55694
4	6	63.56708
4	6	63.57327
4	6	63.5791
4	6	63.5901
4	6	63.60153
4	6	63.6121
4	6	63.62319
4	6	63.63447
4	6	63.64565
4	5	63.65672
4	5	63.66836
4	5	63.67941
4	5	63.69456
4	5	63.70482
4	5	63.7126
4	5	63.72369
4	5	63.73492
4	5	63.74586
4	5	63.75745
4	5	63.76849
4	5	63.77966
4	5	63.79112
4	5	63.80226
4	5	63.81324
4	5	63.8248
4	5	63.83601
4	5	63.84726
4	5	63.85853
4	5	63.86972
4	5	63.88087
4	5	63.89253
4	5	63.90304
4	5	63.91391
4	5	63.92488
4	5	63.9362
4	5	63.94761
5	5	63.95863
5	5	63.97101
5	5	63.98181
5	5	63.99302
5	5	64.00564
5	5	64.01537
5	5	64.02699
5	5	64.03858
5	5	64.05046
5	5	64.06148
5	5	64.07332
6	5	64.08502
6	5	64.09631
6	5	64.10762
6	5	64.11932
6	5	64.13082
6	5	64.14189
6	5	64.15347
6	5	64.16552
6	5	64.17591
6	5	64.1872
7	5	64.19823
7	5	64.20937
7	5	64.22086
7	5	64.23266
7	5	64.24419
7	5	64.255
7	5	64.26609
7	5	64.27724
7	5	64.28835
7	5	64.29949
7	5	64.31072
7	5	64.32357
7	5	64.33281
7	5	64.34347
7	5	64.35491
7	5	64.3664
7	5	64.3772
7	5	64.38824
7	5	64.39939
7	5	64.41064
7	5	64.42206
7	5	64.43313
7	5	64.4443
7	5	64.4556
7	5	64.46758
7	5	64.48038
7	6	64.48941
7	6	64.5001
7	6	64.51131
7	6	64.5223
7	6	64.53369
7	6	64.54458
7	6	64.55597
7	6	64.56708
7	6	64.57803
7	6	64.58906
7	6	64.60044
7	7	64.61131
7	7	64.62296
7	7	64.63513
7	7	64.64516
7	7	64.65617
7	7	64.66757
7	7	64.67834
7	7	64.68974
7	7	64.70131
7	7	64.71223
7	7	64.72376
7	8	64.7351
7	8	64.74602
7	8	64.75726
7	8	64.76838
7	8	64.77953
7	8	64.79235
7	8	64.80173
7	8	64.81281
7	8	64.82441
7	8	64.83958
7	8	64.84657
7	8	64.85566
7	8	64.86678
7	8	64.87809
7	8	64.8895
7	8	64.90053
7	8	64.9119
7	8	64.92258
7	8	64.93409
7	8	64.94625
7	8	64.95614
7	8	64.96741
7	9	64.97829
7	9	64.98956
7	9	65.0013
7	9	65.01212
7	9	65.02332
7	9	65.03445
7	9	65.04559
7	9	65.05669
7	9	65.06806
7	9	65.07914
7	9	65.09066
7	10	65.10974
7	10	65.11598
7	10	65.12244
7	10	65.13149
7	10	65.14247
7	10	65.15372
7	10	65.1652
7	10	65.17647
7	10	65.18754
7	10	65.19878
7	10	65.20997
8	10	65.22099
8	10	65.23239
8	10	65.2433
8	10	65.25621
8	10	65.26549
8	10	65.2764
8	10	65.28741
8	10	65.29884
8	10	65.31027
8	10	65.3214
8	10	65.33258
9	10	65.34416
9	10	65.3554
9	10	65.36623
9	10	65.37698
9	10	65.38818
9	10	65.39965
9	10	65.41248
9	10	65.42193
9	10	65.43312
9	10	65.44423
9	10	65.45543
10	10	65.46684
10	10	65.47816
10	10	65.48959
10	10	65.50079
10	10	65.51249
10	10	65.52422
10	10	65.53583
10	10	65.5466
10	10	65.55838
10	10	65.57093
10	10	65.5808
11	10	65.59224
11	10	65.60377
11	10	65.61533
11	10	65.62683
11	10	65.63841
11	10	65.64979
11	10	65.66135
11	10	65.6727
11	10	65.68417
11	10	65.69524
12	10	65.70678
12	10	65.71841
12	10	65.73623
12	10	65.74557
12	10	65.7517
12	10	65.75823
12	10	65.76936
12	10	65.78046
12	10	65.79152
12	10	65.80303
12	10	65.81387
12	10	65.82523
13	10	65.83668
13	10	65.84759
13	10	65.85857
13	10	65.87032
13	10	65.88512
13	10	65.89552
13	10	65.9037
13	10	65.91467
13	10	65.92587
13	10	65.93691
13	10	65.94824
12	10	65.95911
12	10	65.97035
12	10	65.98174
12	10	65.99283
12	10	66.00484
12	10	66.01593
12	10	66.02681
12	10	66.04369
12	10	66.05155
12	10	66.05992
12	10	66.07101
11	10	66.08199
11	10	66.09352
11	10	66.10479
11	10	66.11579
11	10	66.12686
11	10	66.13864
11	10	66.1497
11	10	66.16083
11	10	66.17213
11	10	66.18348
11	10	66.1954
10	10	66.20569
10	10	66.21691
10	10	66.22794
10	10	66.23912
10	10	66.25026
10	10	66.26171
10	10	66.27281
10	10	66.28384
10	10	66.29483
10	10	66.30603
10	10	66.31759
9	10	66.32838
9	10	66.34012
9	10	66.35257
9	10	66.36216
9	10	66.37326
9	10	66.38431
9	10	66.39553
9	10	66.40682
9	10	66.41806
9	10	66.42928
8	10	66.44093
8	10	66.45235
8	10	66.46302
8	10	66.47454
8	10	66.48627
8	10	66.49775
8	10	66.50959
8	10	66.52037
8	10	66.53162
8	10	66.54334
8	10	66.55466
7	10	66.56625
7	10	66.57754
7	10	66.58866
7	10	66.60017
7	10	66.61142
7	10	66.6227
7	10	66.634
7	10	66.64508
7	10	66.65668
7	10	66.66898
7	10	66.67899
7	9	66.68991
7	9	66.70106
7	9	66.7122
7	9	66.72359
7	9	66.73483
7	9	66.7458
7	9	66.7571
7	9	66.76801
7	9	66.77895
7	9	66.79031
7	9	66.80118
7	8	66.81269
7	8	66.8261
7	8	66.8347
7	8	66.84568
7	8	66.85706
7	8	66.8682
7	8	66.87933
7	8	66.89072
7	8	66.9017
7	8	66.91285
7	8	66.92406
7	7	66.93558
7	7	66.94683
7	7	66.95756
7	7	66.96898
7	7	66.981
7	7	66.99116
7	7	67.00285
7	7	67.01389
7	7	67.02521
7	7	67.03602
7	7	67.04697
7	6	67.05819
7	6	67.0694
7	6	67.08041
7	6	67.09184
7	6	67.10325
7	6	67.11423
7	6	67.1255
7	6	67.14067
7	6	67.14791
7	6	67.15662
7	6	67.16747
7	6	67.17841
7	6	67.18958
7	6	67.20058
7	6	67.21175
7	6	67.22327
7	6	67.23428
7	6	67.24561
7	6	67.25668
7	6	67.26782
7	6	67.27924
7	6	67.29173
7	5	67.30137
7	5	67.31287
7	5	67.3239
7	5	67.3351
7	5	67.3462
7	5	67.3575
7	5	67.36853
7	5	67.3799
7	5	67.39107
7	5	67.4019
7	5	67.41299
7	4	67.42433
7	4	67.43565
7	4	67.44859
7	4	67.45805
7	4	67.46877
7	4	67.4799
7	4	67.49117
7	4	67.50236
7	4	67.51362
7	4	67.52557
7	4	67.53597
7	3	67.54736
7	3	67.55872
7	3	67.57035
7	3	67.58165
7	3	67.59335
7	3	67.60743
7	3	67.61576
7	3	67.6271
7	3	67.6385
7	3	67.64954
7	3	67.66072
7	2	67.67206
7	2	67.68319
7	2	67.69443
7	2	67.70564
7	2	67.71674
7	2	67.72784
7	2	67.73894
7	2	67.7505
7	2	67.76327
7	2	67.77275
7	2	67.78368
8	2	67.79494
8	2	67.80629
8	2	67.81769
8	2	67.82893
8	2	67.84013
8	2	67.85127
8	2	67.8624
8	2	67.87364
8	2	67.88487
8	2	67.89578
9	2	67.90735
9	2	67.91998
9	2	67.92921
9	2	67.94036
9	2	67.95143
9	2	67.96282
9	2	67.97407
9	2	67.98517
9	2	67.99638
9	2	68.0074
9	2	68.01916
10	2	68.03082
10	2	68.04159
10	2	68.05209
10	2	68.06384
10	2	68.07606
10	2	68.08594
10	2	68.09701
10	2	68.10822
10	2	68.1194
10	2	68.13085
10	2	68.14185
11	2	68.15316
11	2	68.16434
11	2	68.17532
11	2	68.18659
11	2	68.19802
11	2	68.20873
11	2	68.22066
11	2	68.2329
11	2	68.24243
11	2	68.2532
11	2	68.2646
12	2	68.27543
12	2	68.28683
12	2	68.29817
12	2	68.30921
12	2	68.32053
12	2	68.33223
12	2	68.34335
12	2	68.35445
12	2	68.36542
12	2	68.37679
12	2	68.38864
13	2	68.39893
13	2	68.40984
13	2	68.42139
13	2	68.43218
13	2	68.44341
13	2	68.45473
13	2	68.46553
13	2	68.47671
13	2	68.48809
13	2	68.49885
13	2	68.51009
13	3	68.52104
13	3	68.53257
13	3	68.54556
13	3	68.55544
13	3	68.56609
13	3	68.57767
13	3	68.58874
13	3	68.59994
13	3	68.61145
13	3	68.6226
13	3	68.63339
13	4	68.64456
13	4	68.65577
13	4	68.66695
13	4	68.67816
13	4	68.68961
13	4	68.70646
13	4	68.71583
13	4	68.7232
13	4	68.73428
13	4	68.74139
13	4	68.75253
13	5	68.7637
13	5	68.77531
13	5	68.78674
13	5	68.7979
13	5	68.80919
13	5	68.82005
13	5	68.83146
13	5	68.84239
13	5	68.86124
13	5	68.87256
13	5	68.88004
12	5	68.88783
12	5	68.8959
12	5	68.90667
12	5	68.91787
12	5	68.92862
12	5	68.9399
12	5	68.95115
12	5	68.96221
12	5	68.97337
12	5	68.98447
12	5	68.99591
11	5	69.01099
11	5	69.02106
11	5	69.02988
11	5	69.04088
11	5	69.05241
11	5	69.06327
11	5	69.07433
11	5	69.08543
11	5	69.09642
11	5	69.10748
11	5	69.11871
10	5	69.12951
10	5	69.14117
10	5	69.15242
10	5	69.16851
10	5	69.17866
10	5	69.18569
10	5	69.1968
10	5	69.20792
10	5	69.21917
10	5	69.23074
10	5	69.24191
10	5	69.25358
10	5	69.26511
10	5	69.27672
10	5	69.28799
10	6	69.29951
10	6	69.31116
10	6	69.32314
10	6	69.33344
10	6	69.34475
10	6	69.3567
10	6	69.36706
10	6	69.37807
10	6	69.38927
10	6	69.40035
10	6	69.41161
10	6	69.42297
10	6	69.43384
10	6	69.44501
10	6	69.45641
10	6	69.46767
10	6	69.48412
10	6	69.49425
10	6	69.50156
10	6	69.5115
10	6	69.52271
10	6	69.53368
10	7	69.54498
10	7	69.55651
10	7	69.5677
10	7	69.57879
10	7	69.59014
10	7	69.6015
10	7	69.61252
10	7	69.62451
10	7	69.64757
10	7	69.65939
9	7	69.6669
9	7	69.6748
9	7	69.68343
9	7	69.69006
9	7	69.69961
9	7	69.71077
9	7	69.72264
9	7	69.73375
9	7	69.745
9	7	69.75592
9	7	69.76655
9	7	69.77773
8	7	69.79247
8	7	69.80125
8	7	69.81149
8	7	69.82289
8	7	69.83395
8	7	69.84511
8	7	69.85675
8	7	69.86755
8	7	69.87897
8	7	69.89045
8	7	69.90114
7	7	69.91235
7	7	69.92458
7	7	69.935
7	7	69.95035
7	7	69.96053
7	7	69.96822
7	7	69.97866
7	7	69.99018
7	7	70.00098
7	7	70.01234
7	7	70.02347
7	7	70.03453
7	7	70.04603
7	7	70.05804
7	7	70.06989
7	7	70.07913
7	7	70.09098
7	7	70.10422
7	7	70.11292
7	7	70.12383
7	7	70.13506
7	7	70.14635
7	7	70.15811
7	7	70.16953
7	7	70.18142
7	7	70.19292
7	7	70.20446
7	7	70.21613
7	7	70.2276
7	7	70.23888
7	7	70.25014
7	7	70.26272
7	7	70.27271
7	7	70.28311
7	7	70.2945
8	7	70.30575
8	7	70.31724
8	7	70.328
8	7	70.33974
8	7	70.35046
8	7	70.36175
8	7	70.3734
8	7	70.38445
8	7	70.39583
8	7	70.40761
8	7	70.41941
8	7	70.4301
8	7	70.44162
8	7	70.45322
8	7	70.4645
8	7	70.47551
8	7	70.48693
8	7	70.49802
8	7	70.50932
8	7	70.52045
8	7	70.53176
9	7	70.54311
9	7	70.55443
9	7	70.56609
9	7	70.58102
9	7	70.5882
9	7	70.59751
9	7	70.60839
9	7	70.61917
9	7	70.63052
9	7	70.64156
9	7	70.65314
10	7	70.66454
10	7	70.67558
10	7	70.68668
10	7	70.69773
10	7	70.70883
10	7	70.72016
10	7	70.73596
10	7	70.74649
10	7	70.75322
10	7	70.7638
10	7	70.77514
11	7	70.78638
11	7	70.79787
11	7	70.80908
11	7	70.81992
11	7	70.8311
11	7	70.84208
11	7	70.85358
11	7	70.86462
11	7	70.87589
11	7	70.89139
11	7	70.90099
12	7	70.9093
12	7	70.92043
12	7	70.9316
12	7	70.94283
12	7	70.95395
12	7	70.96549
12	7	70.97649
12	7	70.98743
12	7	70.99886
12	7	71.00992
12	7	71.02107
12	8	71.03264
12	8	71.04861
12	8	71.05862
12	8	71.06879
12	8	71.07714
12	8	71.0877
12	8	71.09867
12	8	71.11002
12	8	71.12157
12	8	71.13241
12	8	71.14359
12	9	71.15461
12	9	71.16601
12	9	71.1771
12	9	71.18855
12	9	71.2039
12	9	71.21348
12	9	71.22186
12	9	71.23257
12	9	71.24364
12	9	71.255
12	9	71.26612
12	10	71.27742
12	10	71.28873
12	10	71.29976
12	10	71.31086
12	10	71.32187
12	10	71.33304
12	10	71.34447
12	10	71.35592
12	10	71.36667
12	10	71.37776
12	10	71.3891
11	10	71.40025
11	10	71.41158
11	10	71.42373
11	10	71.43487
11	10	71.446
11	10	71.45724
11	10	71.46815
11	10	71.4796
11	10	71.49077
11	10	71.5014
11	10	71.51373
10	10	71.52382
10	10	71.53471
10	10	71.54652
10	10	71.55758
10	10	71.5683
10	10	71.57959
10	10	71.59106
10	10	71.60218
10	10	71.61334
10	10	71.62482
10	10	71.63604
9	10	71.67603
9	10	71.68926
9	10	71.6964
9	10	71.70299
9	10	71.70982
9	10	71.72103
9	10	71.73232
9	10	71.74348
9	10	71.75469
8	10	71.76611
8	10	71.77695
8	10	71.78835
8	10	71.82062
8	10	71.82851
8	10	71.84022
8	10	71.84721
8	10	71.85467
8	10	71.86594
8	10	71.87702
7	10	71.88822
7	10	71.8996
7	10	71.91083
7	10	71.92162
7	10	71.93253
7	10	71.94418
7	10	71.95541
7	10	71.96679
7	10	71.97858
7	10	71.99085
7	10	72.00051
6	10	72.01154
6	10	72.02219
6	10	72.03381
6	10	72.04506
6	10	72.05658
6	10	72.06745
6	10	72.07904
6	10	72.09206
6	10	72.10228
6	10	72.11269
6	10	72.12399
6	10	72.13447
6	10	72.14692
6	10	72.15717
6	10	72.16797
6	10	72.17896
6	10	72.19037
6	10	72.20119
6	10	72.21233
6	10	72.22405
6	10	72.23454
6	10	72.24599
5	10	72.25755
5	10	72.26852
5	10	72.2795
5	10	72.2915
5	10	72.30373
5	10	72.31334
5	10	72.32486
5	10	72.33565
5	10	72.34708
5	10	72.36081
5	10	72.36973
4	10	72.38063
4	10	72.39217
4	10	72.40362
4	10	72.4156
4	10	72.42725
4	10	72.43919
4	10	72.45136
4	10	72.46682
4	10	72.47471
4	10	72.48503
4	11	72.49603
4	11	72.50735
4	11	72.51875
4	11	72.52943
4	11	72.54094
4	11	72.55156
4	11	72.56261
4	11	72.57407
4	11	72.58508
4	11	72.59612
4	11	72.60777
4	12	72.6226
4	12	72.63254
4	12	72.64128
4	12	72.65237
4	12	72.66328
4	12	72.67465
4	12	72.6858
4	12	72.69696
4	12	72.70831
4	12	72.71919
4	12	72.73074
4	13	72.74195
4	13	72.75313
4	13	72.7644
4	13	72.77923
4	13	72.78873
4	13	72.79768
4	13	72.80846
4	13	72.8194
4	13	72.83042
4	13	72.8417
4	13	72.85273
3	13	72.86385
3	13	72.87543
3	13	72.88653
3	13	72.89778
3	13	72.90886
3	13	72.92065
3	13	72.93615
3	13	72.94543
3	13	72.95338
3	13	72.96447
3	13	72.97593
2	13	72.98708
2	13	72.99824
2	13	73.00956
2	13	73.02066
2	13	73.03165
2	13	73.04292
2	13	73.05404
2	13	73.06526
2	13	73.07664
2	13	73.0918
2	13	73.10173
2	13	73.11031
2	13	73.1209
2	13	73.13211
2	13	73.14348
2	13	73.15398
2	13	73.16537
2	13	73.17644
2	14	73.18745
2	14	73.19866
2	14	73.21014
2	14	73.22128
2	14	73.23248
2	14	73.24796
2	14	73.25816
2	14	73.26624
2	14	73.27757
2	14	73.28884
2	14	73.30042
2	15	73.31113
2	15	73.32236
2	15	73.3339
2	15	73.34499
2	15	73.35625
2	15	73.36695
2	15	73.37856
2	15	73.38986
2	15	73.40517
2	15	73.41479
2	15	73.42261
2	16	73.43315
2	16	73.44426
2	16	73.45575
2	16	73.4668
2	16	73.47811
2	16	73.48917
2	16	73.50021
2	16	73.51147
2	16	73.5228
2	16	73.53391
2	16	73.54573
2	17	73.56664
2	17	73.57719
2	17	73.5858
2	17	73.59196
2	17	73.59807
2	17	73.6096
2	17	73.6202
2	17	73.63157
2	17	73.64257
2	17	73.65363
2	17	73.6649
2	18	73.67602
2	18	73.687
2	18	73.69878
2	18	73.71418
2	18	73.72441
2	18	73.73234
2	18	73.74321
2	18	73.75399
2	18	73.76519
2	18	73.77633
2	18	73.78772
2	19	73.79881
2	19	73.81047
2	19	73.82175
2	19	73.83266
2	19	73.84399
2	19	73.85572
2	19	73.87151
2	19	73.88081
2	19	73.88902
2	19	73.89995
2	19	73.91131
3	19	73.92205
3	19	73.93301
3	19	73.94444
3	19	73.95554
3	19	73.96672
3	19	73.97784
3	19	73.98906
3	19	74.00024
3	19	74.01183
3	19	74.02674
3	19	74.03588
4	19	74.0461
4	19	74.05763
4	19	74.06898
4	19	74.08033
4	19	74.09173
4	19	74.10361
4	19	74.11498
4	19	74.12627
4	19	74.13692
4	19	74.14794
4	19	74.15906
4	19	74.17023
4	19	74.18565
4	19	74.19557
4	19	74.20367
4	19	74.2151
4	19	74.22667
4	19	74.23771
4	19	74.24884
4	19	74.26058
4	19	74.27145
4	19	74.28257
4	19	74.29411
4	19	74.30533
4	20	74.3164
4	20	74.32767
4	20	74.34039
4	20	74.34988
4	20	74.3608
4	20	74.37188
4	20	74.38322
4	20	74.39448
4	20	74.40576
4	20	74.4169
4	20	74.42812
4	21	74.43911
4	21	74.45023
4	21	74.46138
4	21	74.47277
4	21	74.48388
4	21	74.49989
4	21	74.50994
4	21	74.51703
4	21	74.52809
4	21	74.53905
4	21	74.55044
4	22	74.56145
4	22	74.57265
4	22	74.58377
4	22	74.59496
4	22	74.60662
4	22	74.61766
4	22	74.62884
4	22	74.64027
4	22	74.65265
4	22	74.66215
4	22	74.67313
4	21	74.68426
4	21	74.69527
4	21	74.70663
4	21	74.71745
4	21	74.72923
4	21	74.73997
4	21	74.75121
4	21	74.76244
4	21	74.77373
4	21	74.7848
4	20	74.79665
4	20	74.80887
4	20	74.8184
4	20	74.82979
4	20	74.84103
4	20	74.85257
4	20	74.86363
4	20	74.87476
4	20	74.88596
4	20	74.89719
4	20	74.90858
4	19	74.91998
4	19	74.93141
4	19	74.94263
4	19	74.95413
4	19	74.96583
4	19	74.97691
4	19	74.98777
4	19	74.99939
4	19	75.01044
4	19	75.02179
4	19	75.03323
4	19	75.04468
4	19	75.05566
4	19	75.06666
4	19	75.07818
4	19	75.08939
4	19	75.10052
4	19	75.11177
4	19	75.12482
4	19	75.13379
4	19	75.14494
4	19	75.15573
4	19	75.16682
4	19	75.17815
4	19	75.18959
4	19	75.20076
4	19	75.21198
4	19	75.22343
4	19	75.23444
4	19	75.24542
4	19	75.25652
4	19	75.26775
4	19	75.28062
4	19	75.29033
4	19	75.30132
4	19	75.31245
4	19	75.32394
3	19	75.33492
3	19	75.34618
3	19	75.35757
3	19	75.36852
3	19	75.37981
3	19	75.39084
3	19	75.4018
3	19	75.41286
3	19	75.42436
3	19	75.43738
3	19	75.44659
2	19	75.45773
2	19	75.4689
2	19	75.48007
2	19	75.49112
2	19	75.50247
2	19	75.51362
2	19	75.52505
2	19	75.53622
2	19	75.54731
2	19	75.55868
2	19	75.5695
2	18	75.58081
2	18	75.59344
2	18	75.60316
2	18	75.61407
2	18	75.62531
2	18	75.63663
2	18	75.64764
2	18	75.65877
2	18	75.67009
2	18	75.68105
2	18	75.69206
2	17	75.70329
2	17	75.71457
2	17	75.726
2	17	75.73731
2	17	75.74924
2	17	75.75956
2	17	75.77066
2	17	75.78171
2	17	75.79293
2	17	75.80428
2	17	75.81544
2	16	75.82646
2	16	75.83746
2	16	75.84895
2	16	75.85985
2	16	75.871
2	16	75.88229
2	16	75.89406
2	16	75.90924
2	16	75.91644
2	16	75.92447
2	16	75.9353
2	15	75.94669
2	15	75.9575
2	15	75.96872
2	15	75.97983
2	15	75.9911
2	15	76.00237
2	15	76.014
2	15	76.02506
2	15	76.03641
2	15	76.04765
2	15	76.06179
2	14	76.07014
2	14	76.08076
2	14	76.09189
2	14	76.10345
2	14	76.11432
2	14	76.12555
2	14	76.13692
2	14	76.14881
2	14	76.15913
2	14	76.16998
2	14	76.18128
2	13	76.19236
2	13	76.20407
2	13	76.21626
2	13	76.22588
2	13	76.23686
2	13	76.24806
2	13	76.25956
2	13	76.27071
2	13	76.28221
2	13	76.29355
2	13	76.30506
2	13	76.31647
2	13	76.32788
2	13	76.33944
2	13	76.35047
2	13	76.36201
2	13	76.37424
2	13	76.38428
2	13	76.39542
2	13	76.40652
2	13	76.41761
2	13	76.42872
2	13	76.4399
2	13	76.45116
2	13	76.46249
2	13	76.47364
2	13	76.48477
2	13	76.49595
2	13	76.50724
2	13	76.51888
2	13	76.53165
2	13	76.54115
2	13	76.55215
2	14	76.56348
2	14	76.57468
2	14	76.58603
2	14	76.59724
2	14	76.60831
2	14	76.61947
2	14	76.63078
2	14	76.64178
2	14	76.65311
2	14	76.66412
2	14	76.67574
2	15	76.68732
2	15	76.69769
2	15	76.70875
2	15	76.71967
2	15	76.73095
2	15	76.74223
2	15	76.75319
2	15	76.76443
2	15	76.77563
2	15	76.787
2	15	76.79831
2	16	76.80945
2	16	76.82049
2	16	76.83202
2	16	76.84365
2	16	76.85468
2	16	76.86604
2	16	76.87695
2	16	76.88783
2	16	76.89889
2	16	76.90993
2	16	76.92107
3	16	76.93227
3	16	76.94329
3	16	76.95477
3	16	76.96623
3	16	76.97739
3	16	76.98864
3	16	77.00323
3	16	77.01228
3	16	77.01966
3	16	77.03061
3	16	77.04194
4	16	77.05317
4	16	77.06429
4	16	77.07603
4	16	77.08694
4	16	77.09814
4	16	77.10956
4	16	77.12006
4	16	77.13139
4	16	77.14299
4	16	77.16517
5	16	77.17542
5	16	77.18199
5	16	77.1882
5	16	77.19579
5	16	77.20538
5	16	77.21656
5	16	77.228
5	16	77.23904
5	16	77.25014
5	16	77.26196
5	16	77.27281
5	16	77.28419
6	16	77.29584
6	16	77.31104
