x	y	time
15	11	0.1591857
15	11	0.1825281
15	11	0.1964404
15	11	0.2064473
15	11	0.2181065
15	11	0.232994
15	11	0.2474455
15	11	0.2583722
15	11	0.2693502
15	11	0.2800715
15	11	0.2899071
15	11	0.3006227
15	11	0.3119864
15	11	0.3222215
15	11	0.3327066
15	11	0.3430896
15	11	0.3547462
15	11	0.3651192
15	11	0.3757361
15	11	0.3869032
15	11	0.3988999
15	11	0.409183
15	11	0.4195001
15	11	0.4297638
15	11	0.439692
15	11	0.4498448
15	11	0.46011
15	11	0.4698055
15	11	0.4804662
15	11	0.4914844
15	11	0.5027238
15	11	0.5139074
15	11	0.5253614
15	11	0.5363523
15	11	0.5479258
15	11	0.5592554
15	11	0.5700514
15	11	0.5811951
15	11	0.592747
15	11	0.6035754
15	11	0.6148002
15	11	0.626906
15	11	0.6373583
15	11	0.648695
15	11	0.6599733
15	11	0.6705404
15	11	0.6823768
15	11	0.693333
15	11	0.7045062
15	11	0.7163988
15	11	0.7269382
15	11	0.7378853
15	11	0.7489345
15	11	0.7606811
15	11	0.7711531
15	11	0.7830485
15	11	0.7942354
15	11	0.8050855
15	11	0.8162423
15	11	0.8273857
15	11	0.8387411
15	11	0.8498713
15	11	0.861421
15	11	0.873724
15	11	0.8863753
15	11	0.8975788
15	11	0.9092448
15	11	0.9204232
15	11	0.9318759
15	11	0.9435337
15	11	0.9544409
15	11	0.9659379
15	11	0.9770415
15	11	0.9881567
15	11	1.000048
15	11	1.011451
15	11	1.022722
15	11	1.034441
15	11	1.047106
15	11	1.058553
15	11	1.068594
15	11	1.08045
15	11	1.090743
15	11	1.102249
15	11	1.274042
15	11	1.290098
15	11	1.303012
15	11	1.319594
15	11	1.333488
15	11	1.346542
15	11	1.358804
15	11	1.369328
15	11	1.380335
15	11	1.396491
15	11	1.408078
15	11	1.43064
15	11	1.452612
15	11	1.474919
15	11	1.497124
15	11	1.520115
15	11	1.542007
15	11	1.564561
15	11	1.587067
15	11	1.608889
15	11	1.631685
15	11	1.654781
15	11	1.676092
15	11	1.698319
15	11	1.720712
15	11	1.74387
15	11	1.765714
15	11	1.788384
15	11	1.810859
15	11	1.832942
15	11	1.854883
15	11	1.877161
15	11	1.887964
15	11	1.90073
15	11	1.911841
15	11	1.922847
15	11	1.932696
15	11	1.943664
15	11	1.954532
15	11	1.966117
15	11	1.977032
15	11	1.988069
15	11	1.999646
15	11	2.011161
15	11	2.02204
15	11	2.033711
15	11	2.044616
15	11	2.05602
15	11	2.066923
15	11	2.078267
15	11	2.088909
15	11	2.100325
15	11	2.111481
15	11	2.122462
15	11	2.133672
15	11	2.145213
15	11	2.156112
15	11	2.167225
15	11	2.17853
15	11	2.189354
15	11	2.200584
15	11	2.212131
15	11	2.222698
15	11	2.23349
15	11	2.249829
15	11	2.262557
15	11	2.275246
15	11	2.28639
15	11	2.297364
15	11	2.307841
15	11	2.318373
15	11	2.329154
15	11	2.339993
15	11	2.351112
15	11	2.363038
15	11	2.375485
15	11	2.387582
15	11	2.4003
15	11	2.411638
15	11	2.425585
15	11	2.436516
15	11	2.447171
15	11	2.457904
15	11	2.468667
15	11	2.48018
15	11	2.490527
15	11	2.501311
15	11	2.512021
15	11	2.52294
15	11	2.533602
15	11	2.544506
15	11	2.555422
15	11	2.56661
15	11	2.576931
15	11	2.587863
15	11	2.598619
15	11	2.609079
15	11	2.620152
15	11	2.631083
15	11	2.647675
15	11	2.657865
15	11	2.668978
15	11	2.680084
15	11	2.690859
15	11	2.702023
15	11	2.714418
15	11	2.724831
15	11	2.735825
15	11	2.746618
15	11	2.757444
15	11	2.76858
15	11	2.779356
15	11	2.791267
15	11	2.80708
15	11	2.82004
15	11	2.832529
15	11	2.844374
15	11	2.854857
15	11	2.864868
15	11	2.875606
15	11	2.886392
15	11	2.8972
15	11	2.908483
15	11	2.919811
15	11	2.930517
15	11	2.941653
15	11	2.9526
15	11	2.964474
15	11	2.974599
15	11	2.986482
15	11	2.997099
15	11	3.007157
15	11	3.018314
15	11	3.029134
15	11	3.038965
15	11	3.048798
15	11	3.062715
15	11	3.074035
15	11	3.084994
15	11	3.095721
15	11	3.10689
15	11	3.11756
15	11	3.127684
15	11	3.138382
15	11	3.14935
15	11	3.160645
15	11	3.171375
15	11	3.182567
15	11	3.193115
15	11	3.203747
15	11	3.215082
15	11	3.226071
15	11	3.236722
15	11	3.247798
15	11	3.260483
15	11	3.274329
15	11	3.287336
15	11	3.299606
15	11	3.311547
15	11	3.324096
15	11	3.336082
15	11	3.384476
15	11	3.395925
15	11	3.407439
15	11	3.418314
15	11	3.430614
15	11	3.442551
15	11	3.453214
15	11	3.463639
15	11	3.474133
15	11	3.484557
15	11	3.495774
15	11	3.507115
15	11	3.518469
15	11	3.529248
15	11	3.539414
15	11	3.549759
16	11	3.561184
16	11	3.573479
16	11	3.587034
16	11	3.601511
16	11	3.616273
16	11	3.629457
16	11	3.643254
16	11	3.655092
16	11	3.666832
17	11	3.677688
17	11	3.692729
17	11	3.70552
17	11	3.725717
17	11	3.739607
17	11	3.750231
17	11	3.76044
17	11	3.771652
17	11	3.785367
18	11	3.79922
18	11	3.820178
18	11	3.842757
18	11	3.865276
18	11	3.88782
18	11	3.910026
19	11	3.933298
19	11	3.954441
19	11	3.976788
19	11	3.998926
19	11	4.021774
20	11	4.044046
20	11	4.06648
20	11	4.089132
20	11	4.111135
20	11	4.133444
20	11	4.155716
21	11	4.177918
21	11	4.200342
21	11	4.223042
21	11	4.246867
21	11	4.267861
21	11	4.28239
22	11	4.293046
22	11	4.303433
22	11	4.314867
22	11	4.327631
22	11	4.340436
22	11	4.352152
22	11	4.362402
22	11	4.372581
22	11	4.383042
22	11	4.393523
22	11	4.404436
23	11	4.41801
23	11	4.432365
23	11	4.446786
23	11	4.45768
23	11	4.468429
23	11	4.478426
23	11	4.489066
23	11	4.500677
23	11	4.510946
23	11	4.521784
24	11	4.532272
24	11	4.542338
24	11	4.553986
24	11	4.569033
24	11	4.582839
24	11	4.596141
24	11	4.60727
24	11	4.618102
24	11	4.629606
24	11	4.639343
24	11	4.649934
25	11	4.661407
25	11	4.671666
25	11	4.683084
25	11	4.696459
25	11	4.710636
25	11	4.722296
25	11	4.735559
25	11	4.749476
25	11	4.759854
25	11	4.770603
26	11	4.783518
26	11	4.796419
26	11	4.808476
26	11	4.825855
26	11	4.848318
26	11	4.869978
26	11	4.893022
27	11	4.915465
27	11	4.937879
27	11	4.960076
27	11	4.98226
27	11	5.004522
27	11	5.026811
27	11	5.049568
27	11	5.071532
27	11	5.093623
27	11	5.116221
27	11	5.139194
27	11	5.161124
27	11	5.183438
27	11	5.20554
27	11	5.227559
27	11	5.250203
27	11	5.272315
27	11	5.295034
27	11	5.305791
27	11	5.317457
27	11	5.328163
27	11	5.338994
27	11	5.350509
27	11	5.361854
27	11	5.372523
27	11	5.383985
27	11	5.394838
27	11	5.406071
27	11	5.417148
27	11	5.428312
27	11	5.43956
27	11	5.450866
27	11	5.461974
27	11	5.472985
27	11	5.484436
27	11	5.495602
27	11	5.506583
27	11	5.518352
27	11	5.52913
27	11	5.540528
27	11	5.551705
27	11	5.563231
27	11	5.57495
27	11	5.586665
27	11	5.598264
27	11	5.609778
27	11	5.621306
27	11	5.632817
27	10	5.644563
27	10	5.656121
27	10	5.66779
27	10	5.681398
27	10	5.694979
27	10	5.710396
27	10	5.725688
27	10	5.736404
27	10	5.747057
27	10	5.75773
27	9	5.768442
27	9	5.779476
27	9	5.791072
27	9	5.804245
27	9	5.817
27	9	5.827954
27	9	5.840129
27	9	5.854321
27	9	5.86789
27	9	5.877998
27	8	5.88995
27	8	5.901704
27	8	5.919978
27	8	5.942665
27	8	5.965279
27	8	5.987168
27	8	6.010087
27	8	6.032753
26	8	6.054633
26	8	6.077013
26	8	6.099045
26	8	6.121526
26	8	6.143751
26	8	6.166758
25	8	6.188646
25	8	6.211403
25	8	6.233538
25	8	6.255832
25	8	6.278383
25	8	6.300478
25	8	6.322927
25	8	6.34466
25	8	6.367181
25	8	6.389654
25	8	6.40014
25	8	6.411908
25	7	6.422401
25	7	6.4339
25	7	6.445068
25	7	6.46191
25	7	6.477578
25	7	6.491375
25	7	6.504952
25	7	6.516054
25	7	6.52689
25	7	6.537416
25	6	6.548615
25	6	6.558812
25	6	6.570496
25	6	6.584145
25	6	6.597604
25	6	6.609161
25	6	6.619629
25	6	6.630772
25	6	6.644489
25	6	6.658363
25	5	6.66925
25	5	6.680473
25	5	6.692053
25	5	6.705541
25	5	6.719066
25	5	6.729602
25	5	6.739915
25	5	6.750519
25	5	6.761182
25	5	6.771946
25	5	6.783353
25	5	6.797516
25	5	6.810872
25	5	6.821634
25	5	6.8359
26	5	6.85835
26	5	6.880734
26	5	6.903246
26	5	6.925586
26	5	6.949301
27	5	6.9705
27	5	6.992954
27	5	7.015439
27	5	7.038008
27	5	7.06026
27	5	7.082139
27	5	7.105247
27	5	7.12654
27	5	7.148983
27	4	7.171039
27	4	7.193708
27	4	7.216029
27	4	7.238247
27	4	7.261744
27	4	7.283561
27	3	7.305521
27	3	7.318085
27	3	7.330478
27	3	7.343072
27	3	7.353897
27	3	7.364817
27	3	7.374958
27	3	7.385537
27	3	7.396401
27	2	7.407154
27	2	7.418115
27	2	7.431546
27	2	7.444766
27	2	7.455297
27	2	7.465892
27	2	7.476992
27	2	7.489591
27	2	7.499972
27	2	7.510035
27	2	7.520289
27	2	7.530797
27	2	7.539941
27	2	7.551024
27	2	7.561853
27	2	7.573822
27	2	7.587116
27	2	7.600529
27	2	7.610862
27	2	7.621411
27	2	7.631646
27	2	7.642001
27	2	7.653257
27	2	7.663319
26	2	7.673665
26	2	7.685477
26	2	7.697077
26	2	7.716591
26	2	7.730046
26	2	7.745697
26	2	7.761364
26	2	7.772944
26	2	7.783667
26	2	7.793986
25	2	7.804471
25	2	7.814932
25	2	7.829218
25	2	7.8464
25	2	7.860299
25	2	7.871457
25	2	7.884311
25	2	7.898275
25	2	7.912229
24	2	7.923416
24	2	7.934394
24	2	7.944569
24	2	7.963765
24	2	7.986381
24	2	8.008916
24	2	8.031227
23	2	8.053952
23	2	8.075983
23	2	8.098315
23	2	8.120841
23	2	8.143268
22	2	8.165641
22	2	8.187707
22	2	8.210341
22	2	8.232758
22	2	8.254928
22	2	8.27735
22	3	8.299982
22	3	8.321757
22	3	8.344088
22	3	8.367308
22	3	8.38894
22	4	8.411624
22	4	8.434247
22	4	8.446248
22	4	8.458932
22	4	8.472301
22	4	8.48335
22	4	8.49546
22	4	8.507394
22	4	8.519334
22	5	8.53446
22	5	8.548345
22	5	8.560027
22	5	8.573554
22	5	8.587231
22	5	8.598119
22	5	8.608696
22	5	8.62013
22	5	8.63019
22	5	8.641649
23	5	8.65317
23	5	8.66412
23	5	8.677091
23	5	8.691316
23	5	8.705738
23	5	8.717848
23	5	8.728728
23	5	8.739136
23	5	8.751731
23	5	8.762682
24	5	8.773633
24	5	8.78565
24	5	8.797473
24	5	8.811997
24	5	8.826184
24	5	8.840153
24	5	8.855983
24	5	8.871506
24	5	8.885203
25	5	8.898098
25	5	8.910131
25	5	8.920839
25	5	8.93426
25	5	8.946637
25	5	8.958626
25	5	8.980675
25	5	9.003759
24	5	9.025857
24	5	9.04792
24	5	9.070668
24	5	9.092792
24	5	9.114872
24	5	9.137097
23	5	9.159739
23	5	9.181817
23	5	9.204049
23	5	9.226822
23	5	9.249053
22	5	9.271339
22	5	9.293859
22	5	9.316208
22	5	9.338655
22	5	9.360759
22	5	9.383385
22	5	9.405607
22	5	9.427945
22	5	9.450337
22	6	9.472726
22	6	9.483699
22	6	9.49502
22	6	9.510071
22	6	9.524084
22	6	9.534701
22	6	9.545345
22	6	9.556511
22	6	9.567043
22	6	9.5788
22	6	9.590806
22	6	9.602034
22	6	9.61288
22	6	9.627769
22	6	9.641681
22	6	9.655976
22	6	9.667294
22	6	9.677567
22	6	9.690591
22	6	9.702585
22	7	9.714617
22	7	9.726291
22	7	9.73719
22	7	9.750776
22	7	9.764771
22	7	9.779666
22	7	9.796058
22	7	9.813181
22	7	9.824984
22	8	9.838602
22	8	9.850224
22	8	9.86351
22	8	9.879351
22	8	9.893404
22	8	9.907572
22	8	9.930386
22	9	9.952357
22	9	9.974806
22	9	9.997169
22	9	10.02007
22	9	10.04197
22	9	10.06483
22	10	10.0873
22	10	10.10878
22	10	10.13133
22	10	10.15354
22	10	10.17627
22	11	10.19856
22	11	10.22087
22	11	10.24386
22	11	10.266
22	11	10.28834
22	11	10.31018
22	12	10.33261
22	12	10.35483
22	12	10.37722
22	12	10.38986
22	12	10.40071
22	12	10.41701
22	12	10.43237
22	13	10.44338
22	13	10.45496
22	13	10.46703
22	13	10.48117
22	13	10.49434
22	13	10.50504
22	13	10.51637
22	13	10.52919
22	13	10.54106
22	13	10.55888
22	14	10.5719
22	14	10.58538
22	14	10.59748
22	14	10.61225
22	14	10.62567
22	14	10.63658
22	14	10.64709
22	14	10.65828
22	14	10.66937
22	14	10.67871
22	15	10.68928
22	15	10.69989
22	15	10.7123
22	15	10.73454
22	15	10.75662
22	15	10.77923
22	15	10.80193
22	16	10.82428
22	16	10.84655
22	16	10.87011
22	16	10.89119
22	16	10.91383
23	16	10.93581
23	16	10.958
23	16	10.97997
23	16	11.00236
23	16	11.02581
23	16	11.04712
24	16	11.06943
24	16	11.09197
24	16	11.1144
24	16	11.13724
24	16	11.15936
25	16	11.18186
25	16	11.20406
25	16	11.21781
25	16	11.23085
25	16	11.24183
25	16	11.25275
25	16	11.26351
25	16	11.27431
25	16	11.28468
25	16	11.29471
26	16	11.30538
26	16	11.31689
26	16	11.32965
26	16	11.34632
26	16	11.36169
26	16	11.37694
26	16	11.38814
26	16	11.39956
26	16	11.41151
27	16	11.42416
27	16	11.436
27	16	11.44697
27	16	11.46178
27	16	11.47592
27	16	11.48731
27	16	11.49864
27	15	11.5562
27	15	11.57107
27	15	11.58503
27	15	11.59562
27	15	11.60715
27	15	11.61847
27	15	11.62852
27	15	11.65126
27	14	11.67297
27	14	11.69511
27	14	11.73943
27	14	11.75381
27	14	11.7665
27	14	11.78441
27	13	11.809
27	13	11.82982
27	13	11.85167
27	13	11.87409
27	13	11.89624
26	13	11.91867
26	13	11.94077
26	13	11.96352
26	13	11.98596
26	13	12.00771
25	13	12.03007
25	13	12.05303
25	13	12.07499
25	13	12.0977
25	13	12.12077
25	13	12.13389
25	13	12.14634
25	13	12.15725
25	13	12.16797
25	13	12.17825
25	13	12.18923
25	13	12.19974
25	13	12.21032
25	13	12.22004
25	13	12.23342
25	13	12.24449
25	12	12.25692
25	12	12.26889
25	12	12.28037
25	12	12.29427
25	12	12.30881
25	12	12.32039
25	12	12.33019
25	12	12.34244
25	12	12.35456
25	12	12.36583
25	11	12.37698
25	11	12.38875
25	11	12.40125
25	11	12.41534
25	11	12.42901
25	11	12.4408
25	11	12.45637
25	11	12.46985
25	11	12.48047
25	11	12.49195
25	10	12.50355
25	10	12.51392
25	10	12.52462
25	10	12.53663
25	10	12.54806
25	10	12.55882
25	10	12.57044
25	10	12.58089
25	10	12.59241
25	10	12.60385
25	10	12.61505
25	10	12.62547
25	10	12.63571
25	10	12.64571
25	10	12.65663
25	10	12.66671
25	10	12.68936
25	11	12.71189
25	11	12.73418
25	11	12.75669
25	11	12.7789
25	11	12.80112
25	11	12.82392
25	12	12.84602
25	12	12.86827
25	12	12.89067
25	12	12.91311
25	12	12.9352
25	13	12.95754
25	13	12.98035
25	13	13.00235
25	13	13.02451
25	13	13.04643
25	13	13.06885
26	13	13.0914
26	13	13.11369
26	13	13.13652
26	13	13.15838
26	13	13.16896
26	13	13.18107
26	13	13.19155
27	13	13.20273
27	13	13.21401
27	13	13.22559
27	13	13.23614
27	13	13.24784
27	13	13.25853
27	13	13.26958
27	13	13.28081
27	13	13.29225
27	13	13.30302
27	13	13.31421
27	13	13.32532
27	13	13.33692
27	13	13.34783
27	13	13.35922
27	14	13.37508
27	14	13.38736
27	14	13.39833
27	14	13.40947
27	14	13.42129
27	14	13.43269
27	14	13.446
27	14	13.45844
27	14	13.47022
27	14	13.4824
27	15	13.49279
27	15	13.50342
27	15	13.51375
27	15	13.52439
27	15	13.53454
27	15	13.54567
27	15	13.55847
27	15	13.56874
27	15	13.57914
27	15	13.59033
27	15	13.60053
27	16	13.61122
27	16	13.62144
27	16	13.63165
27	16	13.6412
27	16	13.65034
27	16	13.66116
27	16	13.67241
27	16	13.68374
27	16	13.69433
27	16	13.70635
27	16	13.71777
27	16	13.72854
27	17	13.73937
27	17	13.7509
27	17	13.76208
27	17	13.77469
27	17	13.7886
27	17	13.79904
27	17	13.80948
27	17	13.81972
27	17	13.83134
27	17	13.84532
27	18	13.85727
27	18	13.8714
27	18	13.88538
27	18	13.89846
27	18	13.90928
27	18	13.92001
27	18	13.93115
27	18	13.94201
27	18	13.95269
27	18	13.96267
27	19	13.97356
27	19	13.98894
27	19	14.00165
27	19	14.01837
27	19	14.03394
27	19	14.04829
27	19	14.05896
27	19	14.07031
27	19	14.08085
27	19	14.09246
26	19	14.10382
26	19	14.1143
26	19	14.12614
26	19	14.1393
26	19	14.15291
26	19	14.16341
26	19	14.18596
26	19	14.20799
25	19	14.23053
25	19	14.25299
25	19	14.27586
25	19	14.29765
25	19	14.32063
25	19	14.34301
25	19	14.36497
25	19	14.3869
25	19	14.40924
25	19	14.43157
25	20	14.45402
25	20	14.47685
25	20	14.50022
25	20	14.52242
25	20	14.54401
25	20	14.56716
25	21	14.58888
25	21	14.6106
25	21	14.633
25	21	14.6459
25	21	14.65675
25	21	14.67046
25	21	14.68376
25	21	14.69521
25	22	14.70606
25	22	14.71688
25	22	14.72708
25	22	14.73972
25	22	14.75162
25	22	14.76222
25	22	14.77211
25	22	14.78369
25	22	14.79388
25	22	14.8043
25	22	14.81495
26	22	14.82894
26	22	14.84281
26	22	14.85559
26	22	14.86638
26	22	14.87854
26	22	14.89242
26	22	14.90559
26	22	14.9173
26	22	14.92893
27	22	14.94026
27	22	14.95116
27	22	14.96256
27	22	14.97696
27	22	14.99153
27	22	15.00521
27	22	15.01663
27	22	15.02676
27	22	15.03756
27	22	15.04873
27	22	15.05893
27	23	15.06989
27	23	15.08039
27	23	15.09114
27	23	15.10446
27	23	15.11707
27	23	15.12735
27	23	15.14105
27	23	15.15433
27	23	15.16605
27	23	15.17832
27	24	15.1894
27	24	15.19955
27	24	15.21375
27	24	15.23637
27	24	15.25849
27	24	15.28131
27	24	15.30308
27	25	15.32551
27	25	15.34798
27	25	15.37001
27	25	15.39258
27	25	15.41474
27	26	15.43748
27	26	15.45955
27	26	15.48196
27	26	15.50441
27	26	15.5268
27	26	15.54865
27	27	15.57113
27	27	15.59413
27	27	15.61569
27	27	15.6378
27	27	15.66065
27	28	15.68282
27	28	15.69315
27	28	15.70595
27	28	15.71897
27	28	15.7323
27	28	15.74479
27	28	15.75943
27	28	15.77292
27	28	15.78328
27	28	15.79422
27	29	15.8046
27	29	15.81553
27	29	15.82736
27	29	15.84346
27	29	15.86152
27	29	15.87684
27	29	15.89266
27	29	15.9031
27	29	15.91744
27	29	15.93064
27	29	15.94152
27	29	15.95242
27	29	15.96317
27	29	15.97458
27	29	15.98499
27	29	15.99579
27	29	16.00624
27	29	16.01605
27	29	16.02642
27	29	16.03715
27	29	16.04809
27	29	16.0586
27	29	16.06916
27	29	16.07995
27	29	16.09034
27	29	16.09982
27	29	16.10913
27	29	16.12001
27	29	16.13049
27	29	16.14023
27	29	16.15142
27	29	16.16267
27	29	16.17428
27	29	16.18517
27	29	16.19654
27	29	16.20774
27	29	16.21922
27	29	16.23036
27	29	16.24175
27	29	16.25283
27	29	16.2644
27	29	16.27488
27	29	16.28648
27	29	16.29868
27	29	16.31122
27	29	16.32285
27	29	16.33482
27	29	16.34703
27	29	16.35882
27	29	16.36946
27	29	16.38006
27	29	16.39063
27	29	16.40044
27	29	16.41187
27	29	16.42175
27	29	16.4322
27	29	16.4422
27	29	16.45385
27	29	16.46534
27	29	16.47711
27	29	16.48846
27	29	16.50006
27	29	16.51164
27	29	16.52394
27	29	16.53387
27	29	16.545
27	29	16.55651
27	29	16.56759
27	29	16.57899
27	29	16.59161
27	29	16.60189
27	29	16.61244
27	29	16.62366
27	29	16.63478
27	29	16.6459
27	29	16.65744
26	29	16.66839
26	29	16.68032
26	29	16.69186
26	29	16.70495
26	29	16.72027
26	29	16.73274
26	29	16.74361
26	29	16.75442
26	29	16.76444
26	29	16.77501
25	29	16.78467
25	29	16.79517
25	29	16.80448
25	29	16.81534
25	29	16.82882
25	29	16.84228
25	29	16.85675
25	29	16.87068
25	29	16.88164
25	29	16.89206
24	29	16.9068
24	29	16.91905
24	29	16.93119
24	29	16.94402
24	29	16.95743
24	29	16.96875
24	29	16.98074
24	29	16.99124
24	29	17.0012
24	29	17.01413
23	29	17.03444
23	29	17.05694
23	29	17.07909
23	29	17.10137
23	29	17.12382
23	29	17.14622
22	29	17.16859
22	29	17.19118
22	29	17.21335
22	29	17.23545
22	29	17.25814
21	29	17.28057
21	29	17.30265
21	29	17.32585
21	29	17.34749
21	29	17.36914
21	29	17.39201
20	29	17.41387
20	29	17.4365
20	29	17.45915
20	29	17.48202
20	29	17.50371
20	29	17.51728
19	29	17.52774
19	29	17.53769
19	29	17.54864
19	29	17.55948
19	29	17.57279
19	29	17.58314
19	29	17.59301
19	29	17.60419
19	29	17.61547
19	29	17.62638
19	29	17.6382
18	29	17.65162
18	29	17.6657
18	29	17.67971
18	29	17.69053
18	29	17.70464
18	29	17.71739
18	29	17.73015
18	29	17.74144
18	29	17.75133
17	29	17.76494
17	29	17.77639
17	29	17.78749
17	29	17.80122
17	29	17.81491
17	29	17.82916
17	29	17.84064
17	29	17.85128
17	29	17.8616
17	29	17.87076
17	29	17.88136
16	29	17.89528
16	29	17.90772
16	29	17.91967
16	29	17.93323
16	29	17.94674
16	29	17.95751
16	29	17.97134
16	29	17.98526
16	29	17.9963
16	29	18.00713
16	29	18.01794
16	29	18.02913
16	29	18.04127
16	29	18.05227
16	29	18.06375
16	29	18.07515
16	29	18.08626
16	29	18.09686
16	29	18.10711
16	29	18.11808
16	29	18.12789
16	29	18.1375
16	28	18.14916
16	28	18.15994
16	28	18.17723
16	28	18.19179
16	28	18.20531
16	28	18.216
16	28	18.2261
16	28	18.2365
16	28	18.24824
16	27	18.26309
16	27	18.2809
16	27	18.29627
16	27	18.31236
16	27	18.32381
16	27	18.33557
16	27	18.34637
16	27	18.35788
16	27	18.36793
16	27	18.37881
16	26	18.38904
16	26	18.40014
16	26	18.4113
16	26	18.42518
16	26	18.43909
16	26	18.45189
16	26	18.4626
16	26	18.47591
16	26	18.49791
16	25	18.52027
16	25	18.54276
16	25	18.56476
16	25	18.58759
16	25	18.61066
17	25	18.6319
17	25	18.65414
17	25	18.67648
17	25	18.69874
17	25	18.72112
17	25	18.74358
18	25	18.76593
18	25	18.78804
18	25	18.81048
18	25	18.83277
18	25	18.85524
19	25	18.87773
19	25	18.90024
19	25	18.9227
19	25	18.94449
19	25	18.96696
19	25	18.98943
20	25	18.99967
20	25	19.01198
20	25	19.02351
20	25	19.03721
20	25	19.05028
20	25	19.0634
20	25	19.07706
20	25	19.08729
20	25	19.09763
20	25	19.10746
21	25	19.11792
21	25	19.12775
21	25	19.13756
21	25	19.14885
21	25	19.16221
21	25	19.17549
21	25	19.18658
21	25	19.19644
21	25	19.20738
21	25	19.22016
21	25	19.23347
22	25	19.24347
22	25	19.2531
22	25	19.26933
22	25	19.28407
22	25	19.29972
22	25	19.31079
22	25	19.32274
22	25	19.33427
22	25	19.34491
22	25	19.3552
23	25	19.36613
23	25	19.37952
23	25	19.39352
23	25	19.40631
23	25	19.4173
23	25	19.42773
23	25	19.43825
23	25	19.4489
23	25	19.45911
23	25	19.47448
24	25	19.4857
24	25	19.49669
24	25	19.50779
24	25	19.52157
24	25	19.53574
24	25	19.54963
24	25	19.55966
24	25	19.56951
24	25	19.57977
24	25	19.59101
24	25	19.60162
25	25	19.61267
25	25	19.62424
25	25	19.63611
25	25	19.65018
25	25	19.6635
25	25	19.68071
25	25	19.7085
25	25	19.72476
26	25	19.73739
26	25	19.74843
26	25	19.75965
26	25	19.77365
26	25	19.78681
26	25	19.79704
26	25	19.81551
26	25	19.83801
25	25	19.86059
25	25	19.88233
25	25	19.9045
25	25	19.92729
25	25	19.94956
25	25	19.97193
24	25	19.99449
24	25	20.01725
24	25	20.03937
24	25	20.06187
24	25	20.08385
23	25	20.10641
23	25	20.12854
23	25	20.15074
23	25	20.17351
23	25	20.19579
22	25	20.21822
22	25	20.24033
22	25	20.2623
22	25	20.28473
22	25	20.29531
22	25	20.30764
22	25	20.31839
22	25	20.32971
22	26	20.34073
22	26	20.35181
22	26	20.36294
22	26	20.37568
22	26	20.38864
22	26	20.39904
22	26	20.40863
22	26	20.41907
22	26	20.43014
22	26	20.44089
22	26	20.45226
22	27	20.4638
22	27	20.47557
22	27	20.48991
22	27	20.50298
22	27	20.51401
22	27	20.52442
22	27	20.53458
22	27	20.54576
22	27	20.55736
22	27	20.56761
22	27	20.57885
22	28	20.58953
22	28	20.5992
22	28	20.61022
22	28	20.62365
22	28	20.6369
22	28	20.65117
22	28	20.66177
22	28	20.67185
22	28	20.68319
22	28	20.69356
22	28	20.70454
22	29	20.71587
22	29	20.72667
22	29	20.73685
22	29	20.74701
22	29	20.7624
22	29	20.77292
22	29	20.78371
22	29	20.79369
22	29	20.80453
22	29	20.81618
23	29	20.82998
23	29	20.84434
23	29	20.8552
23	29	20.86564
23	29	20.87664
23	29	20.88751
23	29	20.8981
23	29	20.90831
23	29	20.91843
23	29	20.92856
23	29	20.93819
23	29	20.94844
24	29	20.95946
24	29	20.96932
24	29	20.98009
24	29	20.991
24	29	21.00131
24	29	21.01197
24	29	21.0221
24	29	21.03351
24	29	21.04452
24	29	21.056
24	29	21.06773
25	29	21.07888
25	29	21.0908
25	29	21.10175
25	29	21.11367
25	29	21.1237
25	29	21.13425
25	29	21.14562
25	29	21.15661
25	29	21.16792
25	29	21.17909
25	29	21.18992
26	29	21.20121
26	29	21.21238
26	29	21.22316
26	29	21.23448
26	29	21.24548
26	29	21.25709
26	29	21.26826
26	29	21.27932
26	29	21.29043
26	29	21.30145
26	29	21.3126
27	29	21.32395
27	29	21.33553
27	29	21.34707
27	29	21.35828
27	29	21.37017
27	29	21.38179
27	29	21.39308
27	29	21.40458
27	29	21.41574
27	29	21.42773
27	29	21.43888
27	29	21.45047
27	29	21.46213
27	29	21.47323
27	29	21.48485
27	29	21.49646
27	29	21.50785
27	29	21.51959
27	29	21.53064
27	29	21.5419
27	28	21.5528
27	28	21.56389
27	28	21.57528
27	28	21.58674
27	28	21.59763
27	28	21.60896
27	28	21.62012
27	28	21.63145
27	28	21.64231
27	28	21.65437
27	28	21.66493
27	27	21.67582
27	27	21.68707
27	27	21.69793
27	27	21.70945
27	27	21.72056
27	27	21.7316
27	27	21.74366
27	27	21.75529
27	27	21.7732
27	27	21.7857
27	26	21.79631
27	26	21.80688
27	26	21.81706
27	26	21.8261
27	26	21.83637
27	26	21.84644
27	26	21.8576
27	26	21.87037
27	26	21.88366
27	26	21.89564
27	26	21.90715
27	25	21.91817
27	25	21.92829
27	25	21.94075
27	25	21.95419
27	25	21.96471
27	25	21.97477
27	25	21.98523
27	25	21.99566
27	25	22.00577
27	25	22.01536
27	25	22.02523
27	25	22.03628
27	24	22.0473
27	24	22.05775
27	24	22.06808
27	24	22.07837
27	24	22.08923
27	24	22.10002
27	24	22.1104
27	24	22.12134
27	24	22.13184
27	24	22.14167
27	24	22.15195
27	24	22.16141
27	23	22.17225
27	23	22.18357
27	23	22.19475
27	23	22.20617
27	23	22.21709
27	23	22.22799
27	23	22.23923
27	23	22.25045
27	23	22.26225
27	23	22.27291
27	23	22.28396
27	22	22.29509
27	22	22.3063
27	22	22.31771
27	22	22.32894
27	22	22.34069
27	22	22.35175
27	22	22.36319
27	22	22.37379
27	22	22.38502
27	22	22.39639
26	22	22.40699
26	22	22.41891
26	22	22.42982
26	22	22.44072
26	22	22.45205
26	22	22.46325
26	22	22.47418
26	22	22.48586
26	22	22.49763
26	22	22.50925
26	22	22.52137
25	22	22.53241
25	22	22.54377
25	22	22.55551
25	22	22.56678
25	22	22.57857
25	22	22.59001
25	22	22.60127
25	22	22.61282
25	22	22.62389
25	22	22.63529
25	22	22.6467
24	22	22.65838
24	22	22.66974
24	22	22.68184
24	22	22.69526
24	22	22.70982
24	22	22.72146
24	22	22.73367
24	22	22.7466
24	22	22.75808
24	22	22.76959
23	22	22.78039
23	22	22.79526
23	22	22.80783
23	22	22.82232
23	22	22.84026
23	22	22.85689
23	22	22.86833
23	22	22.88139
23	22	22.89203
22	22	22.90292
22	22	22.913
22	22	22.92367
22	22	22.94308
22	22	22.96562
22	22	22.9879
22	22	23.01038
22	23	23.03243
22	23	23.05482
22	23	23.07706
22	23	23.0995
22	23	23.12201
22	24	23.1446
22	24	23.1672
22	24	23.18932
22	24	23.21158
22	24	23.23361
22	24	23.25574
22	25	23.27901
22	25	23.30082
22	25	23.32299
22	25	23.34542
22	25	23.36755
22	24	23.38962
22	24	23.41268
22	24	23.42301
22	24	23.43526
22	24	23.44593
22	24	23.4572
22	24	23.46814
22	24	23.48018
22	24	23.49068
22	24	23.50177
22	23	23.51441
22	23	23.53097
22	23	23.54679
22	23	23.55973
22	23	23.57414
22	23	23.58731
22	23	23.60052
22	23	23.6112
22	23	23.62211
22	22	23.63357
22	22	23.64364
22	22	23.65458
22	22	23.66674
22	22	23.67925
22	22	23.69145
22	22	23.70261
22	22	23.71622
22	22	23.72674
22	22	23.7373
22	22	23.74808
22	21	23.7599
22	21	23.77054
22	21	23.7829
22	21	23.7987
22	21	23.81426
22	21	23.82493
22	21	23.83482
22	21	23.84498
22	21	23.85593
22	21	23.86702
22	20	23.87734
22	20	23.88851
22	20	23.90079
22	20	23.91496
22	20	23.92891
22	20	23.94297
22	20	23.95741
22	20	23.97137
22	20	23.98428
22	19	23.99606
22	19	24.00773
22	19	24.01914
22	19	24.03219
22	19	24.04576
22	19	24.05622
22	19	24.06688
22	19	24.0775
22	19	24.09361
22	19	24.10769
22	18	24.12173
22	18	24.13231
22	18	24.14311
22	18	24.15655
22	18	24.17004
22	18	24.18036
22	18	24.19414
22	18	24.21655
22	18	24.23877
22	17	24.26168
22	17	24.28369
22	17	24.30599
22	17	24.32803
22	17	24.35037
22	16	24.37282
22	16	24.39503
22	16	24.41843
22	16	24.43987
22	16	24.4623
22	15	24.48462
22	15	24.50736
22	15	24.52987
22	15	24.55196
22	15	24.57473
22	15	24.59669
22	16	24.61899
22	16	24.6413
22	16	24.66356
22	16	24.68597
22	16	24.70852
22	16	24.72123
22	17	24.73276
22	17	24.74341
22	17	24.75446
22	17	24.76389
22	17	24.77465
22	17	24.78556
22	17	24.79743
22	17	24.80801
22	17	24.81968
22	17	24.83071
22	17	24.84185
22	18	24.85275
22	18	24.86443
22	18	24.87539
22	18	24.8869
22	18	24.89773
22	18	24.90855
22	18	24.91993
22	18	24.93177
22	18	24.94243
22	18	24.9536
22	18	24.96499
22	19	24.97599
22	19	24.98683
22	19	24.99845
22	19	25.00987
22	19	25.02171
22	19	25.03345
22	19	25.04565
22	19	25.05692
22	19	25.06887
22	19	25.08113
22	19	25.0928
21	19	25.10407
21	19	25.11577
21	19	25.12657
21	19	25.13943
21	19	25.15293
21	19	25.16503
21	19	25.17466
21	19	25.1848
21	19	25.19515
21	19	25.20579
20	19	25.21894
20	19	25.23286
20	19	25.24388
20	19	25.25968
20	19	25.27527
20	19	25.28758
20	19	25.29935
20	19	25.31005
20	19	25.32045
20	19	25.33106
19	19	25.34137
19	19	25.35202
19	19	25.36426
19	19	25.37745
19	19	25.39529
19	19	25.40539
19	19	25.41717
19	19	25.42705
19	19	25.4374
19	19	25.44822
19	19	25.45859
18	19	25.46906
18	19	25.47953
18	19	25.49125
18	19	25.50375
18	19	25.51756
18	19	25.53031
18	19	25.54381
18	19	25.55473
18	19	25.56826
18	19	25.57984
17	19	25.59244
17	19	25.60412
17	19	25.61656
17	19	25.62875
17	19	25.64562
17	19	25.669
17	19	25.69079
16	19	25.71326
16	19	25.73604
16	19	25.75812
16	19	25.78088
16	19	25.80274
16	19	25.82554
16	20	25.84783
16	20	25.86977
16	20	25.89198
16	20	25.91462
16	20	25.93681
16	21	25.95884
16	21	25.98188
16	21	26.00435
16	21	26.02579
16	21	26.04842
16	21	26.07055
16	22	26.09273
16	22	26.11541
16	22	26.12835
16	22	26.14129
16	22	26.15495
16	22	26.16828
16	22	26.17979
16	22	26.19164
17	22	26.20629
17	22	26.21862
17	22	26.23203
17	22	26.24688
17	22	26.26295
17	22	26.27484
17	22	26.28745
17	22	26.29994
17	22	26.31561
18	22	26.33046
18	22	26.34343
18	22	26.3574
18	22	26.37253
18	22	26.38529
18	22	26.39674
18	22	26.40858
18	22	26.42063
18	22	26.43364
19	22	26.44505
19	22	26.45627
19	22	26.46979
19	22	26.48288
19	22	26.49541
19	22	26.51783
19	22	26.53989
19	22	26.56209
19	23	26.58405
19	23	26.60784
19	23	26.62959
19	23	26.65156
19	23	26.67373
19	24	26.69641
19	24	26.7189
19	24	26.74112
19	24	26.76395
19	24	26.78587
19	25	26.80799
19	25	26.83015
19	25	26.85291
19	25	26.87497
19	25	26.89742
19	25	26.92021
19	24	26.94212
19	24	26.96468
19	24	26.97546
19	24	26.9874
19	24	26.99784
19	24	27.00924
19	24	27.02007
19	24	27.031
19	24	27.04245
19	23	27.05367
19	23	27.06428
19	23	27.07598
19	23	27.08736
19	23	27.0987
19	23	27.11047
19	23	27.12152
19	23	27.13236
19	23	27.14297
19	23	27.15434
19	23	27.16526
19	22	27.17978
19	22	27.19502
19	22	27.2068
19	22	27.21935
19	22	27.23278
19	22	27.24533
19	22	27.25789
19	22	27.27077
19	22	27.28263
19	22	27.29484
18	22	27.30621
18	22	27.31682
18	22	27.32687
18	22	27.33737
18	22	27.34777
18	22	27.35934
18	22	27.3697
18	22	27.38029
18	22	27.3914
18	22	27.40236
18	22	27.41242
17	22	27.42342
17	22	27.43415
17	22	27.4448
17	22	27.45566
17	22	27.46603
17	22	27.47589
17	22	27.48738
17	22	27.49755
17	22	27.50787
17	22	27.51898
17	22	27.52873
17	22	27.53924
16	22	27.55107
16	22	27.56103
16	22	27.57208
16	22	27.58235
16	22	27.59264
16	22	27.60323
16	22	27.6133
16	22	27.62343
16	22	27.634
16	22	27.64507
16	22	27.65632
16	21	27.66732
16	21	27.6782
16	21	27.68946
16	21	27.70083
16	21	27.7124
16	21	27.72384
16	21	27.73485
16	21	27.74602
16	21	27.75724
16	21	27.76874
16	21	27.77967
16	20	27.79117
16	20	27.80182
16	20	27.81332
16	20	27.82485
16	20	27.83601
16	20	27.84714
16	20	27.85796
16	20	27.86954
16	20	27.88053
16	20	27.8917
16	20	27.90284
16	19	27.9175
16	19	27.93868
16	19	27.95001
16	19	27.96057
16	19	27.97161
16	19	27.98217
16	19	27.99169
16	19	28.00223
16	19	28.01199
16	19	28.0255
16	19	28.04001
17	19	28.05096
17	19	28.0608
17	19	28.07191
17	19	28.08271
17	19	28.09287
17	19	28.10308
17	19	28.11406
17	19	28.12386
17	19	28.13453
17	19	28.14513
17	19	28.15607
18	19	28.16683
18	19	28.17716
18	19	28.18783
18	19	28.19859
18	19	28.20895
18	19	28.22069
18	19	28.23322
18	19	28.24777
18	19	28.26019
18	19	28.27259
19	19	28.28457
19	19	28.29478
19	19	28.30502
19	19	28.31538
19	19	28.32782
19	19	28.34007
19	19	28.3512
19	19	28.3612
19	19	28.37081
19	19	28.38144
19	19	28.392
19	19	28.40258
19	18	28.41308
19	18	28.42367
19	18	28.43541
19	18	28.44951
19	18	28.46272
19	18	28.47363
19	18	28.48503
19	18	28.49776
19	18	28.51023
19	18	28.52099
19	17	28.53137
19	17	28.54188
19	17	28.55363
19	17	28.56627
19	17	28.57912
19	17	28.59013
19	17	28.60046
19	17	28.61008
19	17	28.62136
19	17	28.63168
19	17	28.64308
19	16	28.65675
19	16	28.6696
19	16	28.68104
19	16	28.69447
19	16	28.70884
19	16	28.72126
19	16	28.73269
19	16	28.74461
19	16	28.7551
19	16	28.765
19	15	28.7846
19	15	28.80725
19	15	28.8291
19	15	28.85172
19	15	28.87436
19	14	28.8969
19	14	28.91899
19	14	28.9413
19	14	28.96471
19	14	28.98578
19	14	29.00828
19	13	29.03028
19	13	29.05309
19	13	29.07501
19	13	29.09721
19	13	29.12042
19	12	29.14238
19	12	29.16496
19	12	29.18773
19	12	29.2096
19	12	29.23199
19	12	29.2543
19	11	29.26611
19	11	29.28009
19	11	29.29717
19	11	29.31266
19	11	29.32438
19	11	29.33475
19	11	29.34606
19	11	29.35772
19	11	29.36874
19	11	29.37927
19	10	29.39021
19	10	29.40071
19	10	29.41097
19	10	29.42121
19	10	29.43179
19	10	29.44521
19	10	29.45854
19	10	29.46915
19	10	29.47898
19	10	29.48948
19	10	29.50046
19	11	29.51081
19	11	29.52172
19	11	29.53188
19	11	29.54207
19	11	29.55263
19	11	29.56334
19	11	29.57459
19	11	29.58541
19	11	29.59568
19	11	29.60762
19	11	29.61824
19	11	29.6285
19	12	29.63896
19	12	29.64934
19	12	29.66149
19	12	29.6728
19	12	29.68422
19	12	29.69489
19	12	29.70612
19	12	29.71813
19	12	29.72861
19	12	29.74084
19	13	29.75771
19	13	29.76934
19	13	29.7795
19	13	29.79022
19	13	29.80117
19	13	29.81096
19	13	29.8212
19	13	29.83138
19	13	29.84244
19	13	29.85315
19	13	29.86339
19	14	29.87412
19	14	29.88492
19	14	29.89576
19	14	29.90632
19	14	29.91609
19	14	29.92624
19	14	29.93667
19	14	29.9469
19	14	29.95761
19	14	29.9689
19	14	29.97982
19	14	29.9913
19	15	30.00286
19	15	30.01342
19	15	30.02522
19	15	30.03633
19	15	30.04889
19	15	30.06321
19	15	30.07939
19	15	30.09237
19	15	30.10501
19	15	30.11708
19	14	30.12803
19	14	30.13871
19	14	30.14958
19	14	30.16152
19	14	30.17429
19	14	30.18635
19	14	30.20344
19	14	30.21381
19	14	30.22504
19	14	30.23569
19	13	30.24564
19	13	30.25685
19	13	30.26781
19	13	30.27871
19	13	30.28973
19	13	30.30031
19	13	30.31039
19	13	30.32108
19	13	30.33182
19	13	30.34262
19	13	30.35377
19	12	30.36395
19	12	30.37553
19	12	30.38583
19	12	30.39602
19	12	30.40644
19	12	30.41571
19	12	30.42629
19	12	30.4372
19	12	30.44859
19	12	30.45959
19	12	30.47141
19	12	30.4821
19	11	30.4933
19	11	30.50495
19	11	30.51574
19	11	30.52667
19	11	30.53786
19	11	30.54915
19	11	30.56016
19	11	30.57146
19	11	30.58328
19	11	30.59382
19	11	30.60544
19	10	30.61663
19	10	30.62742
19	10	30.63879
19	10	30.65008
19	10	30.66124
19	10	30.67255
19	10	30.68386
19	10	30.6954
19	10	30.70637
19	10	30.7177
19	10	30.72875
19	10	30.74018
19	10	30.75089
19	10	30.76258
19	10	30.7741
19	10	30.78494
19	10	30.79656
19	10	30.80862
19	10	30.82082
19	10	30.83254
19	10	30.84412
19	10	30.85584
19	10	30.86695
19	11	30.87828
19	11	30.88941
19	11	30.90104
19	11	30.91209
19	11	30.92356
19	11	30.93503
19	11	30.94651
19	11	30.95774
19	11	30.96904
19	11	30.98043
19	11	30.99131
19	12	31.00288
19	12	31.01701
19	12	31.02902
19	12	31.04262
19	12	31.05428
19	12	31.06532
19	12	31.07587
19	12	31.08642
19	12	31.09735
19	12	31.10845
19	13	31.12185
19	13	31.13423
19	13	31.14575
19	13	31.1578
19	13	31.1695
19	13	31.18069
19	13	31.1911
19	13	31.20244
19	13	31.21728
19	13	31.22807
19	13	31.2386
18	13	31.24937
18	13	31.25982
18	13	31.27262
18	13	31.28801
18	13	31.30182
18	13	31.31494
18	13	31.33169
18	13	31.35423
17	13	31.37633
17	13	31.39879
17	13	31.42058
17	13	31.4433
17	13	31.46532
16	13	31.48824
16	13	31.51035
16	13	31.53292
16	13	31.55517
16	13	31.5773
16	13	31.6003
15	13	31.62203
15	13	31.64425
15	13	31.66685
15	13	31.68946
15	13	31.71184
14	13	31.73379
14	13	31.75688
14	13	31.77863
14	13	31.8007
14	13	31.82338
14	13	31.83369
14	13	31.84588
13	13	31.85623
13	13	31.86766
13	13	31.88273
13	13	31.89867
13	13	31.91384
13	13	31.92767
13	13	31.94082
13	13	31.9519
13	13	31.96222
13	13	31.97253
12	13	31.98298
12	13	31.99393
12	13	32.00481
12	13	32.01864
12	13	32.03232
12	13	32.04334
12	13	32.05358
12	13	32.06487
12	13	32.08071
11	13	32.09641
11	13	32.10781
11	13	32.11913
11	13	32.13223
11	13	32.14549
11	13	32.15702
11	13	32.16953
11	13	32.19143
11	13	32.21436
10	13	32.23733
10	13	32.25834
10	13	32.28042
10	13	32.30308
10	13	32.32534
10	12	32.34792
10	12	32.37046
10	12	32.39338
10	12	32.41544
10	12	32.438
10	12	32.45981
10	11	32.48228
10	11	32.5047
10	11	32.52678
10	11	32.5496
10	11	32.57149
10	10	32.59335
10	10	32.61617
10	10	32.63825
10	10	32.66081
10	10	32.68341
10	10	32.69598
11	10	32.70807
11	10	32.72596
11	10	32.74031
11	10	32.75851
11	10	32.76924
11	10	32.78103
11	10	32.79266
11	10	32.80353
11	10	32.81446
11	10	32.82555
12	10	32.83644
12	10	32.84841
12	10	32.86149
12	10	32.87525
12	10	32.88888
12	10	32.89906
12	10	32.90974
12	10	32.91985
12	10	32.93075
12	10	32.94135
13	10	32.95208
13	10	32.96222
13	10	32.97129
13	10	32.98225
13	10	32.99492
13	10	33.01852
13	10	33.04045
13	10	33.06281
14	10	33.08506
14	10	33.10788
14	10	33.13005
14	10	33.15287
14	10	33.17579
15	10	33.19743
15	10	33.22013
15	10	33.24242
15	10	33.26471
15	10	33.28649
15	10	33.30906
16	10	33.33168
16	10	33.3539
16	10	33.37613
16	10	33.39835
16	10	33.42099
17	10	33.44318
17	10	33.46502
17	10	33.48793
17	10	33.49834
17	10	33.50998
17	10	33.52065
17	10	33.53168
17	10	33.54289
17	10	33.55415
18	10	33.56495
18	10	33.5763
18	10	33.58737
18	10	33.59835
18	10	33.60975
18	10	33.6234
18	10	33.63472
18	10	33.64615
18	10	33.65804
18	10	33.66941
18	10	33.68088
19	10	33.6927
19	10	33.70324
19	10	33.71639
19	10	33.72696
19	10	33.73761
19	10	33.74768
19	10	33.7586
19	10	33.7691
19	10	33.78056
19	10	33.79187
19	10	33.80358
20	10	33.81402
20	10	33.82551
20	10	33.83649
20	10	33.84797
20	10	33.85923
20	10	33.87021
20	10	33.88142
20	10	33.89303
20	10	33.9047
20	10	33.91608
20	10	33.92774
21	10	33.9386
21	10	33.94884
21	10	33.96011
21	10	33.97101
21	10	33.98203
21	10	33.99308
21	10	34.00771
21	10	34.01836
21	10	34.02928
21	10	34.03952
21	10	34.0495
22	10	34.06008
22	10	34.07203
22	10	34.08283
22	10	34.09432
22	10	34.1063
22	10	34.11958
22	10	34.1313
22	10	34.14159
22	10	34.1511
22	10	34.16221
23	10	34.17352
23	10	34.18473
23	10	34.19576
23	10	34.20688
23	10	34.21774
23	10	34.22879
23	10	34.24014
23	10	34.25119
23	10	34.26254
23	10	34.27411
23	10	34.2846
24	10	34.29649
24	10	34.30988
24	10	34.32197
24	10	34.33566
24	10	34.34757
24	10	34.35828
24	10	34.36886
24	10	34.37955
24	10	34.39025
24	10	34.4005
24	10	34.41098
25	10	34.4229
25	10	34.43402
25	10	34.44405
25	10	34.455
25	10	34.46523
25	10	34.47595
25	10	34.48617
25	10	34.49634
25	10	34.50631
25	10	34.51544
25	10	34.52637
25	10	34.53725
26	10	34.54866
26	10	34.55955
26	10	34.57046
26	10	34.58171
26	10	34.59374
26	10	34.60466
26	10	34.61587
26	10	34.62666
26	10	34.63799
26	10	34.64915
26	10	34.66033
27	10	34.67198
27	10	34.68277
27	10	34.69394
27	10	34.7058
27	10	34.71673
27	10	34.72759
27	10	34.73867
27	10	34.75027
27	10	34.76088
27	10	34.77227
27	10	34.78343
26	10	34.79819
26	10	34.81131
26	10	34.82283
26	10	34.83298
26	10	34.84296
26	10	34.85321
26	10	34.86296
26	10	34.87355
26	10	34.88458
26	10	34.89608
25	10	34.90771
25	10	34.91844
25	10	34.92966
25	10	34.94127
25	10	34.95214
25	10	34.96331
25	10	34.97476
25	10	34.98568
25	10	34.99679
25	10	35.01072
25	10	35.02115
24	10	35.03115
24	10	35.04209
24	10	35.05264
24	10	35.06421
24	10	35.07476
24	10	35.08564
24	10	35.09707
24	10	35.10812
24	10	35.11946
24	10	35.13049
24	10	35.14227
23	10	35.15509
23	10	35.16621
23	10	35.17695
23	10	35.18715
23	10	35.19791
23	10	35.20947
23	10	35.22124
23	10	35.23227
23	10	35.24368
23	10	35.25502
23	10	35.26688
22	10	35.2779
22	10	35.28959
22	10	35.30079
22	10	35.31208
22	10	35.32385
22	10	35.33479
22	10	35.34625
22	10	35.35706
22	10	35.36843
22	10	35.38037
22	10	35.39132
22	9	35.40199
22	9	35.41356
22	9	35.42484
22	9	35.436
22	9	35.44732
22	9	35.45853
22	9	35.46968
22	9	35.48124
22	9	35.49218
22	9	35.50329
22	9	35.51442
22	8	35.52583
22	8	35.53724
22	8	35.54849
22	8	35.55952
22	8	35.57068
22	8	35.58178
22	8	35.59301
22	8	35.60403
22	8	35.61553
22	8	35.62654
22	8	35.63794
22	7	35.64909
22	7	35.66023
22	7	35.6713
22	7	35.68263
22	7	35.69484
22	7	35.71216
22	7	35.7243
22	7	35.73568
22	7	35.74686
22	7	35.75789
22	6	35.7687
22	6	35.77974
22	6	35.7897
22	6	35.80117
22	6	35.8118
22	6	35.82293
22	6	35.83371
22	6	35.8448
22	6	35.85469
22	6	35.86533
22	6	35.87546
22	5	35.88572
22	5	35.89611
22	5	35.90646
22	5	35.91678
22	5	35.92669
22	5	35.93683
22	5	35.94717
22	5	35.95706
22	5	35.9669
22	5	35.97864
22	5	35.99026
22	5	36.00163
22	4	36.01178
22	4	36.02694
22	4	36.0379
22	4	36.04862
22	4	36.05811
22	4	36.06833
22	4	36.0979
22	4	36.10891
22	4	36.11975
23	5	36.13224
23	5	36.14555
23	5	36.15681
23	5	36.16707
23	5	36.17696
23	5	36.19051
23	5	36.21212
23	5	36.23426
24	5	36.25713
24	5	36.27898
24	5	36.30133
24	5	36.32447
24	5	36.34605
24	5	36.36874
25	5	36.391
25	5	36.41368
25	5	36.43575
25	5	36.45797
25	5	36.48095
24	5	36.50311
24	5	36.52547
24	5	36.54785
24	5	36.57018
24	5	36.59229
24	5	36.61695
23	5	36.6427
23	5	36.66239
23	5	36.68434
23	5	36.6959
23	5	36.7083
23	5	36.72102
23	5	36.73224
22	5	36.74275
22	5	36.75368
22	5	36.76572
22	5	36.777
22	5	36.78811
22	5	36.79945
22	5	36.80996
22	5	36.82002
22	5	36.83041
22	5	36.84254
22	5	36.85344
22	5	36.8637
22	5	36.87462
22	5	36.88499
22	5	36.8954
22	5	36.90569
22	5	36.91637
22	5	36.92673
22	5	36.93734
22	5	36.94886
22	5	36.96033
22	5	36.97113
22	5	36.98255
22	5	36.99373
22	5	37.00482
22	5	37.01614
22	5	37.02727
22	5	37.03859
22	5	37.05019
22	5	37.06078
22	5	37.07181
22	5	37.08339
22	5	37.09448
22	5	37.10556
22	5	37.11826
22	5	37.13133
22	5	37.14293
22	5	37.15423
22	5	37.16457
22	5	37.1749
22	5	37.18461
22	5	37.1954
22	5	37.20699
22	5	37.21848
22	5	37.22974
22	5	37.2417
22	5	37.25294
22	5	37.26447
22	5	37.27606
22	5	37.28736
22	5	37.30233
22	5	37.31255
22	5	37.3227
22	5	37.3334
22	5	37.34448
22	5	37.35579
22	5	37.3668
22	5	37.37793
22	5	37.3894
22	5	37.40011
22	5	37.4114
22	5	37.4225
22	5	37.43364
22	5	37.44459
22	5	37.45581
22	5	37.4668
22	5	37.47804
22	5	37.48952
22	5	37.50034
22	5	37.51182
22	5	37.52338
22	5	37.53476
22	5	37.54586
22	5	37.55713
22	5	37.56824
22	5	37.5794
22	4	37.591
22	4	37.60156
22	4	37.61283
22	4	37.62394
22	4	37.63486
22	4	37.64629
22	4	37.65733
22	4	37.66865
22	4	37.68064
22	4	37.69191
22	4	37.70265
22	3	37.71461
22	3	37.72645
22	3	37.73699
22	3	37.7485
22	3	37.75945
22	3	37.7707
22	3	37.78217
22	3	37.79348
22	3	37.80482
22	3	37.81628
22	3	37.82738
22	2	37.83827
22	2	37.84973
22	2	37.86042
22	2	37.8716
22	2	37.88254
22	2	37.89355
22	2	37.90511
22	2	37.91648
22	2	37.92713
22	2	37.93877
22	2	37.94979
23	2	37.96101
23	2	37.97264
23	2	37.98392
23	2	37.99441
23	2	38.00598
23	2	38.01677
23	2	38.02801
23	2	38.03929
23	2	38.05072
23	2	38.06202
23	2	38.07299
22	2	38.084
22	2	38.09552
22	2	38.10658
22	2	38.11767
22	2	38.12872
22	2	38.13993
22	2	38.15127
22	2	38.16595
22	2	38.17616
22	2	38.18687
21	2	38.1977
21	2	38.20704
21	2	38.21827
21	2	38.23307
21	2	38.24672
21	2	38.257
21	2	38.26805
21	2	38.27806
21	2	38.28886
21	2	38.2996
21	2	38.31471
20	2	38.32531
20	2	38.33546
20	2	38.34632
20	2	38.36012
20	2	38.37421
20	2	38.38772
20	2	38.40091
20	2	38.41259
20	2	38.42574
20	2	38.43774
19	2	38.44868
19	2	38.45837
19	2	38.46943
19	2	38.48279
19	2	38.49593
19	2	38.50644
19	2	38.51623
19	2	38.52702
19	2	38.53988
19	2	38.55302
18	2	38.5634
18	2	38.57336
18	2	38.58548
18	2	38.59817
18	2	38.61176
18	2	38.62221
18	2	38.63281
18	2	38.64302
18	2	38.6537
18	2	38.66415
18	2	38.67458
17	2	38.68536
17	2	38.69817
17	2	38.71455
17	2	38.73649
17	2	38.75887
17	2	38.78147
17	2	38.80409
16	2	38.8265
16	2	38.84955
16	2	38.87165
16	2	38.89403
16	2	38.91593
16	3	38.93789
16	3	38.96025
16	3	38.98249
16	3	39.00517
16	3	39.02717
16	3	39.04972
16	4	39.07197
16	4	39.09445
16	4	39.11688
16	4	39.13929
16	4	39.1624
16	5	39.18406
16	5	39.19656
16	5	39.20697
16	5	39.22054
16	5	39.23287
16	5	39.24367
16	5	39.25436
16	5	39.26486
16	5	39.27462
16	5	39.2848
16	5	39.29527
17	5	39.30679
17	5	39.31876
17	5	39.33271
17	5	39.34642
17	5	39.35664
17	5	39.36835
17	5	39.38041
17	5	39.39235
17	5	39.40578
18	5	39.41821
18	5	39.42902
18	5	39.43971
18	5	39.45309
18	5	39.46649
18	5	39.47784
18	5	39.49107
18	5	39.50443
18	5	39.51475
18	5	39.52507
18	5	39.53609
19	5	39.54661
19	5	39.55669
19	5	39.5718
19	5	39.58523
19	5	39.59862
19	5	39.60881
19	5	39.61956
19	5	39.63114
19	5	39.64436
19	5	39.65722
19	6	39.66753
19	6	39.67822
19	6	39.68908
19	6	39.70225
19	6	39.7165
19	6	39.72647
19	6	39.73798
19	6	39.74892
19	6	39.75963
19	6	39.77048
19	6	39.78142
19	6	39.79495
19	6	39.80736
19	6	39.82021
19	6	39.84243
19	6	39.86459
19	6	39.88749
19	7	39.90975
19	7	39.93289
19	7	39.95478
19	7	39.97789
19	7	39.9994
19	7	40.02127
20	7	40.04365
20	7	40.06591
20	7	40.08863
20	7	40.11115
20	7	40.13311
21	7	40.15593
21	7	40.17925
21	7	40.2006
21	7	40.22322
21	7	40.2461
21	7	40.26794
22	7	40.29011
22	7	40.30044
22	7	40.31304
22	7	40.32579
22	7	40.3372
22	7	40.35049
22	7	40.36248
22	7	40.37441
22	7	40.38628
22	7	40.39774
22	7	40.40924
22	7	40.4205
21	7	40.43223
21	7	40.44409
21	7	40.45411
21	7	40.46442
21	7	40.47482
21	7	40.48542
21	7	40.49609
21	7	40.50632
21	7	40.51646
21	7	40.52641
21	7	40.53617
21	7	40.54618
20	7	40.55743
20	7	40.56869
20	7	40.57991
20	7	40.59105
20	7	40.602
20	7	40.61324
20	7	40.62436
20	7	40.63559
20	7	40.64693
20	7	40.65773
20	7	40.66907
19	7	40.68092
19	7	40.69183
19	7	40.70318
19	7	40.71485
19	7	40.72578
19	7	40.73696
19	7	40.74815
19	7	40.75937
19	7	40.77009
19	7	40.78134
19	7	40.7926
18	7	40.80353
18	7	40.81866
18	7	40.82972
18	7	40.84296
18	7	40.85678
18	7	40.86758
18	7	40.88203
18	7	40.89623
18	7	40.90721
18	7	40.91764
17	7	40.92812
17	7	40.93805
17	7	40.94885
17	7	40.96235
17	7	40.97507
17	7	40.98576
17	7	40.99622
17	7	41.006
17	7	41.01638
17	7	41.02719
16	7	41.04042
16	7	41.05736
16	7	41.07027
16	7	41.08525
16	7	41.09972
16	7	41.11045
16	7	41.12173
16	7	41.13245
16	7	41.14337
16	7	41.15377
16	8	41.17197
16	8	41.19535
16	8	41.21625
16	8	41.23848
16	8	41.26104
16	8	41.28324
16	9	41.30552
16	9	41.32873
16	9	41.35104
16	9	41.37314
16	9	41.39563
16	10	41.41794
16	10	41.44026
16	10	41.46236
16	10	41.48435
16	10	41.50746
17	10	41.52951
17	10	41.55179
17	10	41.57441
17	10	41.59686
17	10	41.61917
17	10	41.64155
18	10	41.65198
18	10	41.66447
18	10	41.67505
18	10	41.6858
18	10	41.69689
18	10	41.70849
18	10	41.7196
18	10	41.7305
18	10	41.74176
18	10	41.75309
18	10	41.7639
19	10	41.77484
19	10	41.78667
19	10	41.79741
19	10	41.80843
19	10	41.82022
19	10	41.83044
19	10	41.84194
19	10	41.85276
19	10	41.86417
19	10	41.87509
19	10	41.88641
20	10	41.89834
20	10	41.90909
20	10	41.92033
20	10	41.93153
20	10	41.94284
20	10	41.95445
20	10	41.96591
20	10	41.97813
20	10	41.98886
20	10	42.00028
20	10	42.01207
21	10	42.02372
21	10	42.03514
21	10	42.04735
21	10	42.05998
21	10	42.07214
21	10	42.08971
21	10	42.10222
21	10	42.1141
21	10	42.12481
21	10	42.13594
20	10	42.14631
20	10	42.15649
20	10	42.16767
20	10	42.17799
20	10	42.18929
20	10	42.20229
20	10	42.2169
20	10	42.2279
20	10	42.23834
20	10	42.24923
20	10	42.26026
19	10	42.27102
19	10	42.2816
19	10	42.29252
19	10	42.30328
19	10	42.31372
19	10	42.3238
19	10	42.3341
19	10	42.34531
19	10	42.35576
19	10	42.36689
19	10	42.37691
18	10	42.38696
18	10	42.39782
18	10	42.4081
18	10	42.41887
18	10	42.42873
18	10	42.43832
18	10	42.44958
18	10	42.45984
18	10	42.46962
18	10	42.48027
18	10	42.49004
18	10	42.5012
17	10	42.51244
17	10	42.52341
17	10	42.53465
17	10	42.54576
17	10	42.55678
17	10	42.56823
17	10	42.57976
17	10	42.59063
17	10	42.60258
17	10	42.61369
17	10	42.6241
16	10	42.63534
16	10	42.64661
16	10	42.6576
16	10	42.66914
16	10	42.68038
16	10	42.69119
16	10	42.70273
16	10	42.71427
16	10	42.72511
16	10	42.73619
16	10	42.74768
15	10	42.75887
15	10	42.76955
15	10	42.78068
15	10	42.79147
15	10	42.80282
15	10	42.81441
15	10	42.82596
15	10	42.83759
15	10	42.84939
15	10	42.86079
15	10	42.87242
14	10	42.88365
14	10	42.89527
14	10	42.90686
14	10	42.91871
14	10	42.92972
14	10	42.94109
14	10	42.95257
14	10	42.96399
14	10	42.97546
14	10	42.98662
13	10	42.99819
13	10	43.0097
13	10	43.02152
13	10	43.03531
13	10	43.05114
13	10	43.06383
13	10	43.07658
13	10	43.08823
13	10	43.09935
13	10	43.11557
13	9	43.12712
13	9	43.13876
13	9	43.15182
13	9	43.16967
13	9	43.18512
13	9	43.19711
13	9	43.20743
13	9	43.21941
13	9	43.22985
13	8	43.243
13	8	43.25646
13	8	43.26835
13	8	43.2831
13	8	43.29606
13	8	43.30649
13	8	43.31674
13	8	43.32616
13	8	43.33614
13	8	43.35024
13	7	43.3722
13	7	43.39518
13	7	43.41703
13	7	43.43944
13	7	43.46177
13	7	43.48413
13	7	43.50687
12	7	43.52916
12	7	43.55159
12	7	43.57336
12	7	43.59597
12	7	43.61813
12	7	43.64044
11	7	43.66294
11	7	43.68537
11	7	43.70853
11	7	43.73071
11	7	43.75285
10	7	43.77512
10	7	43.79707
10	7	43.81942
10	7	43.84192
10	7	43.85469
10	7	43.86505
10	7	43.87848
10	7	43.89164
9	7	43.90248
9	7	43.91387
9	7	43.92526
9	7	43.93753
9	7	43.95123
9	7	43.96428
9	7	43.97624
9	7	43.98841
9	7	44.0004
9	7	44.01187
8	7	44.02382
8	7	44.03756
8	7	44.05163
8	7	44.06496
8	7	44.07497
8	7	44.08468
8	7	44.09443
8	7	44.10421
8	7	44.11475
8	7	44.12501
8	7	44.13496
7	7	44.14519
7	7	44.15481
7	7	44.16534
7	7	44.17927
7	7	44.19239
7	7	44.2056
7	7	44.21733
7	7	44.22742
7	7	44.24313
7	7	44.25661
7	6	44.26842
7	6	44.27932
7	6	44.30708
7	6	44.3206
7	6	44.33435
7	6	44.34761
7	6	44.36129
7	6	44.37151
7	6	44.38187
7	5	44.39241
7	5	44.40332
7	5	44.41941
7	5	44.43276
7	5	44.44698
7	5	44.45686
7	5	44.46825
7	5	44.47869
7	5	44.48996
7	5	44.50339
7	4	44.51621
7	4	44.52693
7	4	44.53783
7	4	44.55138
7	4	44.5644
7	4	44.57463
7	4	44.58492
7	4	44.59513
7	4	44.60413
7	4	44.62337
7	4	44.6471
7	4	44.66868
7	4	44.69081
7	4	44.71343
7	4	44.73528
7	3	44.75741
7	3	44.78022
7	3	44.80291
7	3	44.82442
7	3	44.84752
7	3	44.86929
7	2	44.89241
7	2	44.91457
7	2	44.93687
7	2	44.95937
7	2	44.98174
7	2	45.00364
7	2	45.02576
7	2	45.04846
7	2	45.07041
7	2	45.09295
7	2	45.10318
7	2	45.11592
7	2	45.12599
7	2	45.1372
7	2	45.14912
7	2	45.15932
7	2	45.17061
7	2	45.1824
7	2	45.19295
7	2	45.20409
7	2	45.21504
7	2	45.22635
7	2	45.23728
7	2	45.24931
7	2	45.2598
8	2	45.27521
8	2	45.28791
8	2	45.30207
8	2	45.31628
8	2	45.32598
8	2	45.33557
8	2	45.3455
8	2	45.35657
8	2	45.36684
8	2	45.37791
9	2	45.38876
9	2	45.39911
9	2	45.40995
9	2	45.42281
9	2	45.43614
9	2	45.44969
9	2	45.46308
9	2	45.47322
9	2	45.4827
9	2	45.49303
9	2	45.50377
10	2	45.51358
10	2	45.52449
10	2	45.5354
10	2	45.54947
10	2	45.56171
10	2	45.57129
10	2	45.58157
10	2	45.59236
10	2	45.60596
10	2	45.61985
11	2	45.62996
11	2	45.64061
11	2	45.65184
11	2	45.66888
11	2	45.68295
11	2	45.69345
11	2	45.70406
11	2	45.7153
11	2	45.72619
11	2	45.73622
11	2	45.74823
12	2	45.76113
12	2	45.77443
12	2	45.78631
12	2	45.799
12	2	45.81816
12	2	45.84056
12	2	45.86317
13	2	45.88581
13	2	45.90958
13	2	45.93118
13	2	45.95308
13	2	45.97572
14	2	45.99844
14	2	46.01954
14	2	46.04161
14	2	46.06504
14	2	46.08661
14	2	46.10904
15	2	46.13149
15	2	46.1541
15	2	46.17696
15	2	46.19934
15	2	46.2222
16	2	46.24361
16	2	46.26631
16	2	46.28782
16	2	46.30004
16	2	46.31033
16	2	46.32087
16	2	46.33223
16	2	46.34325
16	2	46.35452
17	2	46.36534
17	2	46.37702
17	2	46.38774
17	2	46.39917
17	2	46.41022
17	2	46.42125
17	2	46.43279
17	2	46.44397
17	2	46.45515
17	2	46.46603
17	2	46.47696
18	2	46.48829
18	2	46.49985
18	2	46.51071
18	2	46.52218
18	2	46.53403
18	2	46.54456
18	2	46.55579
18	2	46.56682
18	2	46.57813
18	2	46.58992
18	2	46.6014
19	2	46.61364
19	2	46.62521
19	2	46.63672
19	2	46.64884
19	2	46.6601
19	2	46.67234
19	2	46.6833
19	2	46.69579
19	2	46.70712
19	2	46.7193
20	2	46.72919
20	2	46.74053
20	2	46.75177
20	2	46.76305
20	2	46.7742
20	2	46.78523
20	2	46.79628
20	2	46.80771
20	2	46.81842
20	2	46.82958
20	2	46.84074
19	2	46.85217
19	2	46.86303
19	2	46.87424
19	2	46.88546
19	2	46.89672
19	2	46.90799
19	2	46.91926
19	2	46.93354
19	2	46.94339
19	2	46.95623
19	2	46.96753
18	2	46.97786
18	2	46.98774
18	2	47.00034
18	2	47.01323
18	2	47.02532
18	2	47.03737
18	2	47.04868
18	2	47.06106
18	2	47.07217
18	2	47.08312
18	2	47.09271
17	2	47.10442
17	2	47.11605
17	2	47.12822
17	2	47.13877
17	2	47.14923
17	2	47.15948
17	2	47.16969
17	2	47.17936
17	2	47.18992
17	2	47.20011
17	2	47.2102
16	2	47.22117
16	2	47.23101
16	2	47.24107
16	2	47.25142
16	2	47.26163
16	2	47.27146
16	2	47.28176
16	2	47.29294
16	2	47.30409
16	2	47.31561
16	2	47.32681
16	2	47.3379
15	2	47.35009
15	2	47.35975
15	2	47.37104
15	2	47.38256
15	2	47.39329
15	2	47.40431
15	2	47.41611
15	2	47.42675
15	2	47.43818
15	2	47.44949
15	2	47.46072
14	2	47.47202
14	2	47.48392
14	2	47.49448
14	2	47.50549
14	2	47.5171
14	2	47.52802
14	2	47.5393
14	2	47.55025
14	2	47.5615
14	2	47.57234
14	2	47.5838
13	2	47.59453
13	2	47.60601
13	2	47.61708
13	2	47.62859
13	2	47.64085
13	2	47.65179
13	2	47.66397
13	2	47.6749
13	2	47.68664
13	2	47.69836
13	3	47.7103
13	3	47.72189
13	3	47.73307
13	3	47.74566
13	3	47.75871
13	3	47.76952
13	3	47.7795
13	3	47.78924
13	3	47.80073
13	3	47.81393
13	3	47.82736
13	4	47.83804
13	4	47.84946
13	4	47.86111
13	4	47.8755
13	4	47.88952
13	4	47.90003
13	4	47.91031
13	4	47.92173
13	4	47.93241
13	4	47.94727
13	5	47.95856
13	5	47.97385
13	5	47.98672
13	5	48.00238
13	5	48.01402
13	5	48.02573
13	5	48.03707
13	5	48.04929
13	5	48.06049
13	5	48.07089
13	5	48.08132
13	5	48.0925
13	5	48.10568
13	5	48.12004
13	5	48.1364
12	5	48.15414
12	5	48.16707
12	5	48.18677
12	5	48.20913
12	5	48.23127
12	5	48.25395
11	5	48.27717
11	5	48.29983
11	5	48.32082
11	5	48.34309
11	5	48.36523
10	5	48.388
10	5	48.41019
10	5	48.43333
10	5	48.45506
10	5	48.47755
10	5	48.49913
10	6	48.52181
10	6	48.54364
10	6	48.56614
10	6	48.58932
10	6	48.61127
10	6	48.6243
10	6	48.63462
10	6	48.64487
10	6	48.65583
10	6	48.66819
10	6	48.68122
10	6	48.69168
10	6	48.70252
10	6	48.71431
10	6	48.72486
10	6	48.73528
10	6	48.74669
10	7	48.76033
10	7	48.7734
10	7	48.78451
10	7	48.79518
10	7	48.80644
10	7	48.81979
10	7	48.83056
10	7	48.8407
10	7	48.85092
10	7	48.86045
10	7	48.87084
10	7	48.88027
10	7	48.89035
10	7	48.90174
10	7	48.91229
10	7	48.92352
10	7	48.93498
10	7	48.94608
10	7	48.95747
9	7	48.96862
9	7	48.97975
9	7	48.99122
9	7	49.00232
9	7	49.01354
9	7	49.02467
9	7	49.03569
9	7	49.04693
9	7	49.06144
9	7	49.07488
8	7	49.09003
8	7	49.10105
8	7	49.1122
8	7	49.12371
8	7	49.13419
8	7	49.14457
8	7	49.15802
8	7	49.1697
8	7	49.18085
8	7	49.19267
7	7	49.2084
7	7	49.21975
7	7	49.22969
7	7	49.24091
7	7	49.2518
7	7	49.26313
7	7	49.27411
7	7	49.28482
7	7	49.29576
7	7	49.30698
7	7	49.31747
7	7	49.32766
7	8	49.33789
7	8	49.34827
7	8	49.3605
7	8	49.37529
7	8	49.38929
7	8	49.40273
7	8	49.41267
7	8	49.42408
7	8	49.4347
7	8	49.44466
7	9	49.45611
7	9	49.46724
7	9	49.478
7	9	49.49102
7	9	49.50496
7	9	49.51606
7	9	49.5271
7	9	49.54213
7	9	49.55638
7	9	49.56699
7	10	49.57795
7	10	49.58962
7	10	49.60079
7	10	49.61681
7	10	49.6319
7	10	49.64441
7	10	49.65743
7	10	49.66964
7	10	49.68193
8	10	49.6964
8	10	49.70943
8	10	49.72761
8	10	49.75019
8	10	49.77287
8	10	49.7951
9	10	49.81808
9	10	49.84057
9	10	49.8622
9	10	49.88451
9	10	49.90672
9	10	49.92872
10	10	49.95131
10	10	49.97352
10	10	49.99639
10	10	50.01839
10	10	50.04162
11	10	50.06351
11	10	50.08594
11	10	50.10847
11	10	50.13057
11	10	50.15305
11	10	50.17504
10	10	50.18628
10	10	50.19748
10	10	50.20808
10	10	50.21884
10	10	50.22995
10	10	50.24156
10	10	50.25267
10	10	50.26408
10	10	50.27501
10	10	50.28667
10	10	50.29754
9	10	50.30912
9	10	50.32111
9	10	50.33356
9	10	50.34526
9	10	50.35585
9	10	50.36582
9	10	50.37693
9	10	50.38728
9	10	50.39771
9	10	50.40857
9	10	50.42021
8	10	50.43119
8	10	50.44278
8	10	50.45366
8	10	50.46957
8	10	50.47954
8	10	50.48989
8	10	50.50051
8	10	50.51126
8	10	50.52292
8	10	50.53462
8	10	50.54666
7	10	50.55856
7	10	50.57072
7	10	50.58207
7	10	50.59309
7	10	50.60463
7	10	50.61465
7	10	50.6253
7	10	50.63667
7	10	50.64781
7	10	50.65916
7	10	50.67177
6	10	50.68351
6	10	50.69489
6	10	50.70758
6	10	50.72224
6	10	50.73722
6	10	50.74841
6	10	50.75959
6	10	50.77096
6	10	50.78193
5	10	50.7958
5	10	50.80923
5	10	50.82001
5	10	50.83418
5	10	50.84733
5	10	50.85761
5	10	50.86834
5	10	50.87831
5	10	50.89031
5	10	50.91207
4	10	50.9347
4	10	50.95646
4	10	50.97871
4	10	51.00154
4	10	51.02411
3	10	51.04606
3	10	51.12812
3	10	51.14665
3	10	51.16039
2	10	51.17131
2	10	51.18093
2	10	51.20242
2	10	51.2243
2	10	51.24714
2	10	51.26986
2	10	51.29202
2	10	51.31429
2	9	51.33653
2	9	51.35863
2	9	51.38179
2	9	51.40373
2	9	51.42577
2	9	51.438
2	9	51.44951
2	8	51.46374
2	8	51.47982
2	8	51.49548
2	8	51.50699
2	8	51.51889
2	8	51.53029
2	8	51.54142
2	8	51.55215
2	8	51.56265
2	7	51.57355
2	7	51.58395
2	7	51.59365
2	7	51.60508
2	7	51.61926
2	7	51.63236
2	7	51.64317
2	7	51.65408
2	7	51.66433
2	7	51.6748
2	7	51.68525
2	7	51.69506
2	7	51.70563
2	7	51.71709
2	7	51.72749
2	7	51.73918
2	7	51.74996
2	7	51.76073
2	7	51.77045
3	7	51.78478
3	7	51.79671
3	7	51.80764
3	7	51.8217
3	7	51.83437
3	7	51.84535
3	7	51.85636
3	7	51.86666
3	7	51.87711
3	7	51.88791
3	7	51.89817
4	7	51.90827
4	7	51.91882
4	7	51.93322
4	7	51.94656
4	7	51.95971
4	7	51.97322
4	7	51.98368
4	7	51.99429
4	7	52.00569
4	7	52.01679
4	7	52.0266
4	7	52.0403
4	7	52.06257
4	7	52.08535
4	6	52.10714
4	6	52.12935
4	6	52.15183
4	6	52.17393
4	6	52.19584
4	6	52.2185
4	6	52.24146
4	6	52.26318
4	6	52.2863
4	6	52.30857
4	6	52.33111
4	5	52.35428
4	5	52.37539
4	5	52.39853
4	5	52.42044
4	5	52.44237
4	5	52.46484
4	5	52.48753
4	5	52.5092
4	5	52.53129
4	5	52.54172
4	5	52.55444
5	5	52.56499
5	5	52.57546
5	5	52.58717
5	5	52.60038
5	5	52.61266
5	5	52.62379
5	5	52.63442
5	5	52.64443
5	5	52.65467
5	5	52.66535
5	5	52.67645
6	5	52.68796
6	5	52.69865
6	5	52.71088
6	5	52.72481
6	5	52.73713
6	5	52.75454
6	5	52.76797
6	5	52.77937
6	5	52.79018
6	5	52.8003
7	5	52.81029
7	5	52.82139
7	5	52.8322
7	5	52.8424
7	5	52.85303
7	5	52.86333
7	5	52.87322
7	5	52.88301
7	5	52.89365
7	5	52.90442
7	5	52.91478
7	5	52.92516
7	5	52.93552
7	5	52.94485
7	5	52.95617
7	5	52.96719
7	5	52.97861
7	5	52.99001
7	5	53.00093
7	5	53.01238
7	5	53.02632
7	5	53.04498
7	5	53.05687
7	5	53.06802
7	5	53.07777
7	5	53.08783
7	5	53.09859
7	5	53.10829
7	5	53.11811
7	5	53.12843
7	5	53.13881
7	5	53.1493
7	5	53.15967
7	5	53.16935
7	5	53.18032
7	5	53.19095
7	5	53.20225
7	5	53.21326
7	5	53.22446
7	5	53.23629
7	5	53.24717
7	5	53.25803
7	5	53.26904
7	5	53.28013
7	5	53.29163
7	5	53.30241
7	5	53.31358
7	5	53.32479
7	5	53.33572
7	5	53.34676
7	5	53.35769
7	5	53.36889
7	5	53.38033
7	5	53.39162
7	5	53.4029
7	5	53.41415
7	5	53.42526
7	5	53.43636
7	5	53.44756
7	5	53.45871
7	5	53.46993
7	5	53.48172
6	5	53.49255
6	5	53.50409
6	5	53.51501
6	5	53.52617
6	5	53.53795
6	5	53.54973
6	5	53.56118
6	5	53.57269
6	5	53.58395
6	5	53.59542
5	5	53.60691
5	5	53.61839
5	5	53.62999
5	5	53.64146
5	5	53.65344
5	5	53.66468
5	5	53.67563
5	5	53.68768
5	5	53.69865
5	5	53.71053
5	5	53.72179
4	5	53.73282
4	5	53.74372
4	5	53.75586
4	5	53.76591
4	5	53.7769
4	5	53.78839
4	5	53.79938
4	5	53.81075
4	5	53.82217
4	5	53.83317
4	5	53.84464
3	5	53.85638
3	5	53.8675
3	5	53.8791
3	5	53.89335
3	5	53.9082
3	5	53.92097
3	5	53.93288
3	5	53.94479
3	5	53.95758
3	5	53.97032
2	5	53.98527
2	5	54.00215
2	5	54.01669
2	5	54.02852
2	5	54.04101
2	5	54.05096
2	5	54.07298
2	5	54.0955
2	4	54.11776
2	4	54.14061
2	4	54.16236
2	4	54.18476
2	4	54.20748
2	3	54.22969
2	3	54.25189
2	3	54.27433
2	3	54.29676
2	3	54.31859
2	2	54.34098
2	2	54.36331
2	2	54.38607
2	2	54.40807
2	2	54.43051
2	2	54.45353
2	2	54.47527
2	2	54.49771
2	2	54.51999
3	2	54.54233
3	2	54.55278
3	2	54.56515
3	2	54.57802
3	2	54.58993
3	2	54.60011
3	2	54.6108
3	2	54.62414
3	2	54.63651
3	2	54.6473
3	2	54.65763
4	2	54.66703
4	2	54.70463
4	2	54.71793
4	2	54.73238
4	2	54.74613
4	2	54.75782
4	2	54.76917
4	2	54.78288
5	2	54.79545
5	2	54.80583
5	2	54.81694
5	2	54.82964
5	2	54.84306
5	2	54.85312
5	2	54.86273
5	2	54.87305
5	2	54.8833
5	2	54.89434
5	2	54.9051
6	2	54.91563
6	2	54.92616
6	2	54.94377
6	2	54.96716
6	2	54.98967
6	2	55.01166
7	2	55.03387
7	2	55.0564
7	2	55.07911
7	2	55.10096
7	2	55.12354
7	2	55.14578
8	2	55.16781
8	2	55.19033
8	2	55.2126
8	2	55.23493
8	2	55.25683
9	2	55.27917
9	2	55.3017
9	2	55.32417
9	2	55.34674
9	2	55.36913
9	2	55.39176
10	2	55.41407
10	2	55.43658
10	2	55.44884
10	2	55.46054
10	2	55.47128
10	2	55.48308
10	2	55.49304
10	2	55.50318
10	2	55.51319
11	2	55.52488
11	2	55.53577
11	2	55.54737
11	2	55.55819
11	2	55.56965
11	2	55.5808
11	2	55.59187
11	2	55.603
11	2	55.61816
11	2	55.62877
11	2	55.63656
12	2	55.64775
12	2	55.65868
12	2	55.67026
12	2	55.68215
12	2	55.69405
12	2	55.70651
12	2	55.71777
12	2	55.72953
12	2	55.7411
12	2	55.75228
11	2	55.7634
11	2	55.77465
11	2	55.78563
11	2	55.79699
11	2	55.8084
11	2	55.81984
11	2	55.83065
11	2	55.84175
11	2	55.85295
11	2	55.86414
11	2	55.87496
10	2	55.88612
10	2	55.89742
10	2	55.90857
10	2	55.91977
10	2	55.93072
10	2	55.94183
10	2	55.95329
10	2	55.96446
10	2	55.9758
10	2	55.98689
10	2	55.99835
9	2	56.00975
9	2	56.02117
9	2	56.03305
9	2	56.04733
9	2	56.06057
9	2	56.07211
9	2	56.08216
9	2	56.09317
9	2	56.10392
9	2	56.1141
9	2	56.12488
8	2	56.13538
8	2	56.14737
8	2	56.15777
8	2	56.1682
8	2	56.17921
8	2	56.1902
8	2	56.20042
8	2	56.21028
8	2	56.22009
8	2	56.22964
8	2	56.24009
8	2	56.251
7	2	56.26196
7	2	56.27325
7	2	56.28397
7	2	56.29523
7	2	56.30669
7	2	56.31777
7	2	56.32882
7	2	56.34062
7	2	56.3512
7	2	56.36247
7	3	56.37418
7	3	56.38523
7	3	56.40055
7	3	56.41146
7	3	56.42119
7	3	56.43044
7	3	56.44147
7	3	56.45245
7	3	56.46368
7	3	56.47472
7	3	56.48557
7	4	56.49771
7	4	56.50812
7	4	56.51951
7	4	56.53093
7	4	56.54218
7	4	56.55387
7	4	56.57517
7	4	56.59998
7	4	56.60999
7	5	56.62054
7	5	56.63039
7	5	56.64012
7	5	56.65557
7	5	56.66575
7	5	56.67656
7	5	56.68651
7	5	56.69613
7	5	56.7062
7	5	56.7168
7	5	56.72686
7	5	56.73692
7	5	56.74744
7	5	56.75787
7	5	56.76778
7	5	56.77894
7	5	56.78965
7	5	56.80035
7	5	56.80973
7	5	56.82029
7	5	56.83155
7	5	56.8427
7	5	56.85394
7	6	56.86532
7	6	56.87656
7	6	56.88729
7	6	56.89853
7	6	56.90984
7	6	56.92109
7	6	56.93217
7	6	56.94345
7	6	56.95497
7	6	56.96619
7	6	56.97709
7	7	56.98837
7	7	56.99955
7	7	57.0112
7	7	57.02303
7	7	57.03444
7	7	57.04859
7	7	57.0598
7	7	57.07184
7	7	57.0835
7	7	57.09335
7	7	57.10333
7	8	57.11361
7	8	57.12647
7	8	57.13733
7	8	57.14778
7	8	57.15886
7	8	57.16824
7	8	57.17828
7	8	57.19053
7	8	57.20225
7	8	57.21426
7	8	57.22556
7	9	57.23649
7	9	57.2479
7	9	57.25907
7	9	57.26978
7	9	57.28155
7	9	57.29205
7	9	57.30336
7	9	57.31448
7	9	57.32567
7	9	57.33671
7	9	57.34815
7	10	57.35907
7	10	57.37053
7	10	57.38189
7	10	57.39294
7	10	57.40397
7	10	57.41545
7	10	57.42666
7	10	57.43779
7	10	57.44899
7	10	57.46109
7	10	57.47166
7	11	57.48304
7	11	57.49411
7	11	57.50539
7	11	57.51856
7	11	57.53112
7	11	57.5414
7	11	57.5513
7	11	57.56221
7	11	57.57363
7	11	57.58456
7	12	57.59605
7	12	57.60899
7	12	57.62198
7	12	57.63462
7	12	57.64433
7	12	57.65455
7	12	57.67046
7	12	57.68016
7	12	57.6912
7	12	57.70145
7	12	57.71285
7	13	57.72301
7	13	57.73428
7	13	57.74664
7	13	57.76107
7	13	57.77299
7	13	57.78471
7	13	57.79601
7	13	57.80653
7	13	57.81664
7	13	57.82693
7	13	57.83629
7	14	57.84702
7	14	57.8575
7	14	57.87007
7	14	57.88636
7	14	57.9019
7	14	57.91837
7	14	57.93343
7	14	57.94478
7	14	57.95598
7	15	57.96582
7	15	57.97696
7	15	57.99001
7	15	58.00328
7	15	58.01694
7	15	58.02679
7	15	58.04955
7	15	58.07201
7	16	58.09426
7	16	58.11649
7	16	58.13882
7	16	58.16129
7	16	58.18385
7	16	58.20599
6	16	58.22854
6	16	58.25062
6	16	58.27282
6	16	58.29524
6	16	58.31727
5	16	58.33978
5	16	58.36192
5	16	58.38503
5	16	58.40654
5	16	58.42935
4	16	58.45155
4	16	58.47405
4	16	58.4967
4	16	58.50931
4	16	58.52145
4	16	58.53112
4	16	58.54178
4	16	58.5546
4	16	58.56703
3	16	58.57773
3	16	58.58764
3	16	58.59818
3	16	58.61041
3	16	58.62321
3	16	58.63352
3	16	58.64297
3	16	58.65287
3	16	58.66364
3	16	58.67452
3	16	58.68578
2	16	58.69809
2	16	58.71088
2	16	58.72481
2	16	58.73759
2	16	58.74788
2	16	58.75824
2	16	58.76898
2	16	58.77921
2	16	58.7901
2	16	58.79949
2	16	58.80914
2	15	58.8205
2	15	58.83158
2	15	58.84311
2	15	58.8577
2	15	58.87436
2	15	58.88963
2	15	58.90098
2	15	58.91246
2	15	58.92355
2	15	58.93777
2	14	58.9494
2	14	58.9596
2	14	58.96996
2	14	58.98295
2	14	58.99635
2	14	59.00922
2	14	59.02176
2	14	59.0372
2	14	59.05043
2	13	59.06252
2	13	59.07415
2	13	59.08516
2	13	59.10035
2	13	59.11295
2	13	59.13276
2	13	59.15487
2	13	59.17791
3	13	59.19969
3	13	59.22183
3	13	59.24441
3	13	59.26701
3	13	59.28965
4	13	59.31169
4	13	59.33455
4	13	59.35682
4	13	59.37886
4	13	59.40126
4	13	59.4235
4	13	59.4456
4	13	59.46798
4	12	59.49102
4	12	59.51284
4	12	59.53503
4	12	59.55775
4	12	59.58002
4	12	59.59046
4	12	59.60259
4	11	59.61286
4	11	59.62407
4	11	59.63557
4	11	59.64888
4	11	59.66293
4	11	59.67867
4	11	59.69122
4	11	59.70292
4	11	59.71438
4	11	59.72543
4	10	59.73646
4	10	59.74664
4	10	59.7575
4	10	59.76746
4	10	59.77813
4	10	59.78834
4	10	59.79851
4	10	59.80893
4	10	59.81935
4	10	59.82939
4	10	59.83908
4	10	59.85081
4	11	59.86324
4	11	59.87494
4	11	59.88609
4	11	59.89719
4	11	59.90773
4	11	59.91792
4	11	59.92855
4	11	59.93794
4	11	59.94806
4	11	59.9596
4	11	59.97021
4	12	59.98143
4	12	59.99293
4	12	60.0041
4	12	60.01535
4	12	60.02686
4	12	60.03814
4	12	60.0495
4	12	60.06058
4	12	60.07152
4	12	60.08288
4	12	60.09373
4	13	60.10504
4	13	60.11626
4	13	60.12694
4	13	60.1381
4	13	60.14929
4	13	60.16072
4	13	60.17112
4	13	60.18637
4	13	60.19676
4	13	60.20609
4	13	60.2168
4	13	60.22837
4	13	60.24035
4	13	60.25185
4	13	60.26346
4	13	60.27512
4	13	60.28685
4	13	60.29829
4	13	60.30949
4	13	60.32049
4	13	60.33194
4	13	60.343
4	13	60.35395
4	13	60.36565
4	13	60.37686
4	13	60.38786
4	13	60.39929
4	13	60.41051
4	13	60.42163
4	13	60.43365
4	13	60.4468
4	13	60.45732
4	13	60.46791
4	13	60.47822
4	13	60.48868
4	13	60.49961
4	13	60.51133
4	13	60.52216
4	13	60.53294
4	13	60.54414
4	13	60.5556
4	13	60.56672
4	13	60.57833
4	13	60.5899
4	13	60.60087
4	13	60.61229
4	13	60.62342
4	13	60.6346
4	13	60.64594
4	13	60.65725
4	13	60.66852
4	13	60.67937
4	13	60.69084
4	13	60.70219
4	13	60.71418
4	13	60.72431
4	13	60.73526
4	13	60.74664
4	13	60.75769
4	13	60.76877
4	13	60.78043
4	13	60.79115
4	13	60.8028
4	13	60.81382
4	13	60.82571
4	13	60.8371
4	13	60.84756
4	13	60.85906
4	13	60.87019
4	13	60.88124
4	13	60.89211
4	13	60.9036
4	13	60.91515
4	13	60.92642
3	13	60.9374
3	13	60.94854
3	13	60.95927
3	13	60.97044
3	13	60.98158
3	13	60.99298
3	13	61.00408
3	13	61.01534
3	13	61.02658
3	13	61.03759
3	13	61.0487
2	13	61.06038
2	13	61.07139
2	13	61.08242
2	13	61.09391
2	13	61.10482
2	13	61.11649
2	13	61.12742
2	13	61.13852
2	13	61.14967
2	13	61.16081
2	13	61.17167
2	13	61.18288
2	13	61.19434
2	14	61.21036
2	14	61.22115
2	14	61.23176
2	14	61.24252
2	14	61.25319
2	14	61.26424
2	14	61.27477
2	14	61.28514
2	14	61.29549
2	14	61.30608
2	14	61.31635
2	14	61.3268
2	15	61.3372
2	15	61.34755
2	15	61.35817
2	15	61.36845
2	15	61.37791
2	15	61.38905
2	15	61.39985
2	15	61.41119
2	15	61.42237
2	15	61.43375
2	15	61.44549
2	16	61.4563
2	16	61.4675
2	16	61.47896
2	16	61.48997
2	16	61.50122
2	16	61.51225
2	16	61.52394
2	16	61.5349
2	16	61.54626
2	16	61.55722
2	16	61.56841
2	17	61.57965
2	17	61.59062
2	17	61.60239
2	17	61.61596
2	17	61.62915
2	17	61.64004
2	17	61.65015
2	17	61.66024
2	17	61.67038
2	17	61.68167
2	17	61.69422
2	18	61.70701
2	18	61.71914
2	18	61.73135
2	18	61.7438
2	18	61.75449
2	18	61.76542
2	18	61.77681
2	18	61.79005
2	18	61.80223
2	18	61.81447
2	19	61.82571
2	19	61.8388
2	19	61.85339
2	19	61.86795
2	19	61.88025
2	19	61.89185
2	19	61.90592
2	19	61.91761
2	19	61.92895
3	19	61.94076
3	19	61.95186
3	19	61.96242
3	19	61.97608
3	19	61.9896
3	19	62.00277
3	19	62.01676
3	19	62.02612
3	19	62.03597
3	19	62.04598
3	19	62.05621
4	19	62.0705
4	19	62.09322
4	19	62.11541
4	19	62.13756
4	19	62.1605
4	19	62.18237
4	20	62.20455
4	20	62.22668
4	20	62.2494
4	20	62.27181
4	20	62.2943
4	21	62.31705
4	21	62.33876
4	21	62.361
4	21	62.3835
4	21	62.40605
4	21	62.42835
4	22	62.45039
4	22	62.47416
4	22	62.49532
4	22	62.51748
4	22	62.53993
4	22	62.56223
4	22	62.57258
4	22	62.58482
4	22	62.59578
4	22	62.6068
4	22	62.61789
4	22	62.62946
4	22	62.64074
4	22	62.65268
4	22	62.66451
4	22	62.67589
4	22	62.68642
4	22	62.69621
4	22	62.70728
4	22	62.71852
4	22	62.72953
4	22	62.74052
4	22	62.75149
4	22	62.76297
4	22	62.77391
4	22	62.78538
4	22	62.79616
4	22	62.80722
4	22	62.81879
4	22	62.83023
4	22	62.84212
4	22	62.85417
4	22	62.86559
4	22	62.8772
4	22	62.88908
4	22	62.90095
4	22	62.91317
4	22	62.92486
4	22	62.93632
4	22	62.94789
4	22	62.95879
4	22	62.97055
4	22	62.9827
4	22	62.9931
4	22	63.00383
4	22	63.01504
4	22	63.02612
4	22	63.03692
4	22	63.04791
4	22	63.05899
4	22	63.07007
4	22	63.08151
4	22	63.09283
4	22	63.10401
4	22	63.1149
4	22	63.12604
4	22	63.13762
4	22	63.14869
4	22	63.15967
4	22	63.17101
4	22	63.18236
4	22	63.19354
4	22	63.20475
4	22	63.2162
4	22	63.22691
4	22	63.23823
4	22	63.24944
4	22	63.26037
4	22	63.27189
4	22	63.28281
4	22	63.29446
4	22	63.30517
4	22	63.31615
4	22	63.32733
4	22	63.33838
4	22	63.3496
4	22	63.3607
4	22	63.37195
4	22	63.38321
4	22	63.39428
4	22	63.40585
4	22	63.41666
4	22	63.42776
4	22	63.43898
4	22	63.45032
4	22	63.46144
4	22	63.47258
4	22	63.48355
4	22	63.49453
4	22	63.50909
4	22	63.51967
4	22	63.52924
4	22	63.5386
4	22	63.5498
3	22	63.56242
3	22	63.57472
3	22	63.58836
3	22	63.6021
3	22	63.6126
3	22	63.62314
3	22	63.63364
3	22	63.64347
3	22	63.65425
3	22	63.66424
2	22	63.67394
2	22	63.68446
2	22	63.69432
2	22	63.70677
2	22	63.72057
2	22	63.7356
2	22	63.74924
2	22	63.75909
2	22	63.76926
2	22	63.77854
2	22	63.78937
2	22	63.8012
2	22	63.81237
2	22	63.82484
2	22	63.83698
2	22	63.84876
2	22	63.8596
2	22	63.86996
2	22	63.88025
2	22	63.89028
2	22	63.89941
2	22	63.90974
2	22	63.91971
2	22	63.93003
2	22	63.93985
2	22	63.94929
2	22	63.95866
2	22	63.97005
2	22	63.98335
2	22	63.99545
2	22	64.00571
2	22	64.01762
2	22	64.02903
2	22	64.04017
2	22	64.05476
2	22	64.06624
2	22	64.07912
2	22	64.08938
2	22	64.1
2	22	64.11011
2	22	64.12242
2	22	64.13256
2	22	64.14266
2	22	64.15382
2	22	64.16368
2	22	64.17337
2	22	64.18301
2	22	64.19312
2	22	64.20425
2	22	64.21537
2	22	64.22672
2	22	64.23774
2	22	64.24913
2	22	64.26012
2	22	64.27148
2	22	64.28259
2	22	64.29374
2	22	64.30499
2	22	64.31586
2	22	64.32685
2	22	64.33822
2	22	64.34983
2	22	64.36072
2	22	64.37197
2	22	64.38326
2	22	64.39465
2	22	64.40519
2	22	64.41679
2	22	64.42808
2	22	64.43916
2	22	64.45013
2	22	64.46097
2	22	64.47234
3	22	64.48653
3	22	64.50611
3	22	64.52564
3	22	64.53722
3	22	64.54818
3	22	64.55907
3	22	64.56912
3	22	64.57934
3	22	64.59205
4	22	64.60489
4	22	64.61761
4	22	64.6295
4	22	64.64056
4	22	64.66241
4	22	64.68402
4	22	64.70659
5	22	64.72834
5	22	64.75098
5	22	64.7733
5	22	64.79534
5	22	64.8187
6	22	64.84045
6	22	64.86301
6	22	64.88548
6	22	64.90813
6	22	64.93044
6	22	64.95264
7	22	64.97534
7	22	64.99722
7	22	65.0194
7	22	65.04202
7	22	65.06458
7	22	65.08686
7	22	65.10971
7	22	65.1204
7	22	65.13232
7	22	65.14599
7	22	65.15965
7	22	65.17165
7	22	65.18181
7	22	65.19227
7	22	65.20264
7	22	65.21259
7	22	65.22313
7	22	65.23389
7	22	65.24405
7	22	65.25359
7	22	65.26539
7	22	65.27636
7	22	65.28721
7	22	65.29846
7	22	65.30956
7	22	65.32085
7	22	65.33193
7	22	65.34305
7	22	65.3541
7	22	65.36523
7	22	65.37665
7	22	65.38764
7	22	65.39951
7	22	65.41066
7	22	65.42187
7	22	65.43275
7	22	65.44398
7	22	65.45529
7	22	65.46645
7	22	65.47791
7	22	65.48941
7	22	65.50078
7	22	65.51189
7	22	65.52332
7	22	65.53473
7	22	65.5463
7	22	65.55763
7	22	65.56895
7	22	65.58051
7	22	65.59177
7	22	65.60366
7	22	65.61491
7	22	65.62622
7	22	65.63725
7	22	65.64928
7	22	65.66001
7	22	65.67152
7	22	65.68259
7	22	65.69373
7	22	65.70533
7	22	65.71667
7	22	65.72753
7	22	65.7392
7	22	65.75037
7	22	65.7619
7	22	65.77672
7	22	65.78738
7	22	65.79736
7	22	65.80708
7	22	65.81676
7	22	65.8278
7	22	65.83895
7	22	65.88396
7	22	65.89522
7	22	65.90577
7	22	65.9165
7	22	65.92648
7	22	65.93617
7	22	65.9456
7	22	65.95696
7	22	65.96748
7	22	65.97694
7	22	65.98726
7	22	65.99798
7	22	66.00755
7	22	66.0181
7	22	66.02865
7	22	66.0403
7	22	66.05099
7	22	66.06124
7	22	66.0714
7	22	66.08073
7	22	66.09132
7	22	66.10249
7	22	66.11372
7	22	66.12518
7	22	66.13618
7	22	66.14725
7	22	66.15851
7	22	66.17021
7	22	66.18158
7	22	66.19221
7	22	66.20302
7	22	66.21449
7	22	66.22567
7	22	66.23656
7	22	66.24808
7	22	66.25916
7	22	66.27061
7	22	66.28215
7	22	66.29284
7	22	66.30395
7	22	66.31542
7	22	66.32661
7	22	66.3409
7	22	66.35243
7	22	66.36306
7	22	66.37473
7	22	66.38634
7	22	66.39609
7	22	66.40509
7	22	66.41605
7	22	66.4269
7	22	66.43791
7	22	66.44954
7	22	66.46048
7	22	66.47197
7	22	66.48267
7	22	66.49364
7	22	66.50552
7	22	66.51812
7	22	66.53114
7	22	66.54291
7	23	66.55318
7	23	66.56467
7	23	66.57542
7	23	66.58894
7	23	66.60211
7	23	66.61163
7	23	66.6217
7	23	66.6322
7	23	66.64322
7	23	66.65437
7	23	66.66539
7	24	66.67657
7	24	66.68751
7	24	66.69939
7	24	66.71323
7	24	66.72667
7	24	66.73669
7	24	66.7468
7	24	66.75764
7	24	66.76778
7	24	66.77789
7	24	66.78832
7	25	66.79825
7	25	66.81179
7	25	66.82236
7	25	66.83495
7	25	66.84881
7	25	66.85924
7	25	66.8723
7	25	66.88759
7	25	66.89825
7	25	66.90793
7	25	66.91751
7	26	66.9272
7	26	66.93716
7	26	66.94794
7	26	66.96021
7	26	66.97279
7	26	66.98409
7	26	66.99392
7	26	67.00419
7	26	67.01537
7	26	67.02813
7	27	67.04121
7	27	67.05185
7	27	67.06218
7	27	67.07451
7	27	67.08884
7	27	67.09876
7	27	67.10808
7	27	67.11853
7	27	67.12926
7	27	67.13897
7	27	67.14826
7	27	67.15906
7	28	67.16937
7	28	67.18343
7	28	67.19706
7	28	67.21082
7	28	67.22145
7	28	67.2317
7	28	67.24149
7	28	67.25072
7	28	67.26083
7	28	67.2724
7	28	67.28266
7	29	67.29445
7	29	67.30878
7	29	67.32292
7	29	67.33765
7	29	67.3513
7	29	67.36113
7	29	67.37092
7	29	67.38142
7	29	67.39158
7	29	67.40157
7	29	67.41379
7	29	67.42429
7	29	67.4343
7	29	67.44378
7	29	67.45377
7	29	67.46386
7	29	67.47379
7	29	67.48387
7	29	67.49306
7	29	67.50305
7	29	67.51309
7	29	67.52358
7	29	67.53398
7	29	67.54369
7	29	67.55515
7	29	67.56626
7	29	67.57734
7	29	67.58889
7	29	67.60028
7	29	67.61105
7	29	67.62244
7	29	67.63395
7	29	67.64474
7	29	67.65576
7	29	67.66719
7	29	67.67831
7	29	67.68946
7	29	67.70068
7	29	67.71182
7	29	67.72273
7	29	67.73423
7	29	67.745
7	29	67.75639
7	29	67.76756
7	29	67.77866
7	29	67.79
7	29	67.80136
7	29	67.81182
7	29	67.82667
7	29	67.83599
7	29	67.84592
7	29	67.85679
7	29	67.86789
7	29	67.87894
7	29	67.89014
7	29	67.90157
7	29	67.91267
7	29	67.92449
7	29	67.93587
7	29	67.94781
7	29	67.95914
7	29	67.97087
7	29	67.98244
7	29	67.99371
7	29	68.00558
7	29	68.01722
7	29	68.02863
7	29	68.03979
7	29	68.05098
7	29	68.06186
7	29	68.07317
7	29	68.08459
7	29	68.09521
6	29	68.1071
6	29	68.1177
6	29	68.12862
6	29	68.13975
6	29	68.15273
6	29	68.16689
6	29	68.17988
6	29	68.19301
6	29	68.20444
6	29	68.21589
6	29	68.226
5	29	68.23539
5	29	68.24437
5	29	68.25526
5	29	68.27214
5	29	68.28817
5	29	68.30256
5	29	68.3122
5	29	68.32282
5	29	68.33213
5	29	68.34241
4	29	68.35397
4	29	68.36389
4	29	68.37438
4	29	68.38618
4	29	68.39928
4	29	68.41003
4	29	68.42046
4	29	68.43137
4	29	68.44446
4	29	68.45747
4	29	68.46848
3	29	68.4784
3	29	68.48881
3	29	68.49981
3	29	68.5131
3	29	68.52692
3	29	68.53719
3	29	68.55114
3	29	68.56429
3	29	68.57496
3	29	68.58608
2	29	68.59959
2	29	68.61357
2	29	68.62402
2	29	68.63824
2	29	68.65222
2	29	68.66286
2	29	68.67501
2	29	68.68589
2	29	68.6966
2	29	68.7059
2	29	68.7275
2	29	68.75039
2	29	68.77265
2	29	68.8021
2	29	68.81732
2	28	68.83966
2	28	68.86205
2	28	68.88493
2	28	68.90762
2	28	68.92937
2	27	68.95156
2	27	68.97375
2	27	68.99602
2	27	69.01826
2	27	69.04041
2	27	69.06353
2	26	69.0856
2	26	69.10831
2	26	69.13033
2	26	69.1527
2	26	69.17485
2	25	69.1977
2	25	69.20936
2	25	69.22383
2	25	69.23943
2	25	69.25407
2	25	69.26764
2	25	69.27792
2	25	69.28835
2	25	69.29817
2	25	69.30754
2	25	69.31762
2	24	69.32675
2	24	69.33665
2	24	69.3475
2	24	69.36165
2	24	69.37492
2	24	69.38934
2	24	69.4026
2	24	69.41338
2	24	69.42374
2	24	69.43438
2	23	69.44498
2	23	69.45541
2	23	69.46627
2	23	69.47977
2	23	69.4931
2	23	69.50332
2	23	69.51295
2	23	69.52397
2	23	69.53504
2	23	69.54792
2	23	69.56062
2	24	69.57123
2	24	69.58215
2	24	69.5921
2	24	69.60248
2	24	69.61353
2	24	69.6239
2	24	69.63507
2	24	69.64568
2	24	69.65534
2	24	69.66553
2	24	69.67593
2	25	69.68674
2	25	69.69733
2	25	69.71147
2	25	69.72393
2	25	69.73452
2	25	69.74364
2	25	69.75386
2	25	69.7636
2	25	69.77349
2	25	69.78444
2	25	69.79405
2	25	69.80392
2	26	69.81363
2	26	69.8229
2	26	69.83387
2	26	69.84542
2	26	69.85667
2	26	69.86744
2	26	69.87863
2	26	69.8895
2	26	69.901
2	26	69.91164
2	26	69.92315
2	27	69.93398
2	27	69.9454
2	27	69.95674
2	27	69.96764
2	27	69.97917
2	27	69.99015
2	27	70.00221
2	27	70.01252
2	27	70.02393
2	27	70.03516
2	27	70.04625
2	28	70.05834
2	28	70.06841
2	28	70.0797
2	28	70.09068
2	28	70.10543
2	28	70.11732
2	28	70.13006
2	28	70.13983
2	28	70.14967
2	28	70.15964
2	28	70.16994
2	29	70.1804
2	29	70.19095
2	29	70.2024
2	29	70.21387
2	29	70.22591
2	29	70.23727
2	29	70.24872
2	29	70.26022
2	29	70.27188
2	29	70.28246
2	29	70.29379
3	29	70.30492
3	29	70.31653
3	29	70.32732
3	29	70.33861
3	29	70.3498
3	29	70.36114
3	29	70.37186
3	29	70.38342
3	29	70.39433
3	29	70.40585
3	29	70.41692
4	29	70.42799
4	29	70.43894
4	29	70.45053
4	29	70.46137
4	29	70.4728
4	29	70.4838
4	29	70.4954
4	29	70.50631
4	29	70.51765
4	29	70.52901
5	29	70.54032
5	29	70.55185
5	29	70.56316
5	29	70.57534
5	29	70.59088
5	29	70.60062
5	29	70.61169
5	29	70.62624
5	29	70.6396
5	29	70.64926
5	29	70.66056
6	29	70.67226
6	29	70.68353
6	29	70.69598
6	29	70.70827
6	29	70.7205
6	29	70.73283
6	29	70.7438
6	29	70.75507
6	29	70.76591
6	29	70.77724
7	29	70.78758
7	29	70.7979
7	29	70.80829
7	29	70.81823
7	29	70.8282
7	29	70.83821
7	29	70.84827
7	29	70.85957
7	29	70.87154
7	29	70.8825
7	29	70.89206
7	29	70.90233
8	29	70.91222
8	29	70.92247
8	29	70.93342
8	29	70.94688
8	29	70.96068
8	29	70.97038
8	29	70.9804
8	29	70.99081
8	29	71.00021
8	29	71.01054
8	29	71.02211
9	29	71.03176
9	29	71.0416
9	29	71.052
9	29	71.06384
9	29	71.07648
9	29	71.08726
9	29	71.10124
9	29	71.11382
9	29	71.12919
9	29	71.13926
9	29	71.14842
10	29	71.15808
10	29	71.16882
10	29	71.17984
10	29	71.19257
10	29	71.20632
10	29	71.21607
10	29	71.22552
10	29	71.23785
10	29	71.25056
10	29	71.26369
11	29	71.27525
11	29	71.28572
11	29	71.29763
11	29	71.30956
11	29	71.32312
11	29	71.33281
11	29	71.34406
11	29	71.35452
11	29	71.36528
11	29	71.37504
11	29	71.38533
12	29	71.39581
12	29	71.40919
12	29	71.42251
12	29	71.4345
12	29	71.4449
12	29	71.45469
12	29	71.46455
12	29	71.47499
12	29	71.48508
12	29	71.49583
12	29	71.50543
12	29	71.51564
13	29	71.52613
13	29	71.53674
13	29	71.5476
13	29	71.56087
13	29	71.5743
13	29	71.58656
13	29	71.60157
13	29	71.61256
13	29	71.62371
13	29	71.63635
13	29	71.6475
13	29	71.65866
13	29	71.66933
13	29	71.68199
13	29	71.69331
13	29	71.7039
13	29	71.71542
13	29	71.72652
13	29	71.73742
13	29	71.74747
13	29	71.75739
13	29	71.76834
13	29	71.77909
13	29	71.7887
13	29	71.79947
13	29	71.80909
13	29	71.81885
13	29	71.82848
13	29	71.83801
13	29	71.84819
13	29	71.85815
13	29	71.86793
13	29	71.87731
13	29	71.88898
13	29	71.89968
13	29	71.91107
13	29	71.9223
13	29	71.93342
13	29	71.94486
13	29	71.95628
13	29	71.96732
13	29	71.9782
13	29	71.98964
13	29	72.00111
13	29	72.01237
13	29	72.0237
13	29	72.03484
13	29	72.04559
13	29	72.05657
13	29	72.06782
13	29	72.07852
13	29	72.09045
13	29	72.10133
13	29	72.11294
13	29	72.12753
13	29	72.13765
13	29	72.14651
13	29	72.15745
13	29	72.16884
13	29	72.17988
13	29	72.19102
13	29	72.20206
13	29	72.21304
13	29	72.22449
13	29	72.23512
13	29	72.24665
13	28	72.25824
13	28	72.26935
13	28	72.28104
13	28	72.29434
13	28	72.30748
13	28	72.31733
13	28	72.32716
13	28	72.33964
13	28	72.35188
13	28	72.36233
13	28	72.37288
13	27	72.38188
13	27	72.39184
13	27	72.40245
13	27	72.41408
13	27	72.42619
13	27	72.43649
13	27	72.44788
13	27	72.4588
13	27	72.46995
13	27	72.48177
13	27	72.49429
13	26	72.50806
13	26	72.51938
13	26	72.53206
13	26	72.545
13	26	72.55521
13	26	72.56536
13	26	72.57545
13	26	72.58571
13	26	72.59592
13	26	72.60612
13	25	72.61956
13	25	72.63012
13	25	72.64119
13	25	72.65408
13	25	72.66727
13	25	72.67774
13	25	72.68809
13	25	72.69783
13	25	72.709
13	25	72.71945
13	25	72.73025
12	25	72.74116
12	25	72.75043
12	25	72.75985
12	25	72.77133
12	25	72.78356
12	25	72.79671
12	25	72.8105
12	25	72.82369
12	25	72.83407
12	25	72.84458
12	25	72.85483
11	25	72.8648
11	25	72.87447
11	25	72.88494
11	25	72.89705
11	25	72.90978
11	25	72.92014
11	25	72.92989
11	25	72.93901
11	25	72.95054
11	25	72.96336
11	25	72.97579
10	25	72.98563
10	25	72.99737
10	25	73.00953
10	25	73.02353
10	25	73.03879
10	25	73.049
10	25	73.059
10	25	73.06841
10	25	73.079
10	25	73.08942
10	25	73.09875
9	25	73.10854
9	25	73.12077
9	25	73.13732
9	25	73.15
9	25	73.15981
9	25	73.17069
9	25	73.1808
9	25	73.19122
9	25	73.20152
9	25	73.21097
9	25	73.22079
8	25	73.2306
8	25	73.24011
8	25	73.25153
8	25	73.26644
8	25	73.28114
8	25	73.29463
8	25	73.30596
8	25	73.31955
8	25	73.33222
8	25	73.3433
7	25	73.35499
7	25	73.36537
7	25	73.37605
7	25	73.38599
7	25	73.39554
7	25	73.40471
7	25	73.41418
7	25	73.42413
7	25	73.43454
7	25	73.4439
7	25	73.45395
7	25	73.46387
6	25	73.47551
6	25	73.48653
6	25	73.49759
6	25	73.51024
6	25	73.52268
6	25	73.53249
6	25	73.54261
6	25	73.55365
6	25	73.56434
6	25	73.57623
6	25	73.58914
5	25	73.60149
5	25	73.61172
5	25	73.62152
5	25	73.63364
5	25	73.64513
5	25	73.65469
5	25	73.66487
5	25	73.67605
5	25	73.68722
5	25	73.69878
5	25	73.71034
4	25	73.7219
4	25	73.73283
4	25	73.74554
4	25	73.75919
4	25	73.76885
4	25	73.77831
4	25	73.78824
4	25	73.7991
4	25	73.8101
4	25	73.82165
4	25	73.83244
3	25	73.84351
3	25	73.85534
3	25	73.86671
3	25	73.87905
3	25	73.89174
3	25	73.90544
3	25	73.92
3	25	73.93365
3	25	73.945
3	25	73.95561
2	25	73.96428
2	25	73.97424
2	25	73.98409
2	25	73.99451
2	25	74.00446
2	25	74.01456
2	25	74.02548
2	25	74.03568
2	25	74.04604
2	25	74.05635
2	25	74.06662
2	25	74.07766
3	25	74.08934
3	25	74.10064
3	25	74.11204
3	25	74.1273
3	25	74.14809
3	25	74.16233
3	25	74.17434
3	25	74.19065
3	25	74.20358
4	25	74.21381
4	25	74.25446
4	25	74.26607
4	25	74.27644
4	25	74.28628
4	25	74.29646
4	25	74.30707
4	25	74.31816
4	25	74.3287
5	25	74.33925
5	25	74.34881
5	25	74.36947
5	25	74.39117
5	25	74.41338
5	25	74.43531
6	25	74.45745
6	25	74.47998
6	25	74.50224
6	25	74.52501
6	25	74.54726
6	25	74.56981
7	25	74.59214
7	25	74.61419
7	25	74.63733
7	25	74.65929
7	25	74.68169
7	26	74.70348
7	26	74.72613
7	26	74.7483
7	26	74.77055
7	26	74.79304
7	26	74.81538
7	27	74.83842
7	27	74.85033
7	27	74.86091
7	27	74.87331
7	27	74.88371
7	27	74.89345
7	27	74.90427
7	27	74.91563
7	27	74.92708
7	27	74.93769
7	28	74.94941
7	28	74.96035
7	28	74.9715
7	28	74.9828
7	28	74.99437
7	28	75.00543
7	28	75.01601
7	28	75.02742
7	28	75.0388
7	28	75.04974
7	28	75.06089
7	27	75.07227
7	27	75.08306
7	27	75.09415
7	27	75.10576
7	27	75.11659
7	27	75.12772
7	27	75.13924
7	27	75.15227
7	27	75.16413
7	27	75.17607
7	26	75.18772
7	26	75.19929
7	26	75.21094
7	26	75.22293
7	26	75.23381
7	26	75.24561
7	26	75.25739
7	26	75.26808
7	26	75.27972
7	26	75.29337
7	26	75.30442
7	25	75.31599
7	25	75.32874
7	25	75.34061
7	25	75.35179
7	25	75.36143
7	25	75.37052
7	25	75.38057
7	25	75.39072
7	25	75.40045
7	25	75.41109
7	25	75.42091
7	24	75.4305
7	24	75.44533
7	24	75.45659
7	24	75.466
7	24	75.47559
7	24	75.48503
7	24	75.4967
7	24	75.50767
7	24	75.51906
7	24	75.52987
7	24	75.541
7	23	75.55259
7	23	75.56337
7	23	75.5747
7	23	75.58601
7	23	75.59736
7	23	75.60884
7	23	75.61987
7	23	75.63094
7	23	75.64236
7	23	75.65338
7	23	75.66463
7	22	75.67551
7	22	75.68687
7	22	75.698
7	22	75.70901
7	22	75.72012
7	22	75.73336
7	22	75.74503
7	22	75.75611
7	22	75.76697
7	22	75.7774
7	22	75.7884
7	21	75.79978
7	21	75.81143
7	21	75.82317
7	21	75.83472
7	21	75.84702
7	21	75.85778
7	21	75.86879
7	21	75.88025
7	21	75.89147
7	21	75.90295
7	21	75.91462
7	20	75.92609
7	20	75.93792
7	20	75.94991
7	20	75.96312
7	20	75.97321
7	20	75.98178
7	20	75.99247
7	20	76.00343
7	20	76.01473
7	20	76.02563
7	20	76.03683
7	19	76.04798
7	19	76.0592
7	19	76.0703
7	19	76.08379
7	19	76.09732
7	19	76.10995
7	19	76.11972
7	19	76.1293
7	19	76.13911
7	19	76.14847
7	19	76.16122
7	18	76.17371
7	18	76.18825
7	18	76.20329
7	18	76.21758
7	18	76.22844
7	18	76.2396
7	18	76.25247
7	18	76.2655
7	18	76.27623
7	17	76.28653
7	17	76.29681
7	17	76.30902
7	17	76.32124
7	17	76.33456
7	17	76.34447
7	17	76.35452
7	17	76.36775
7	17	76.39114
7	16	76.41271
7	16	76.4351
7	16	76.45733
7	16	76.47987
7	16	76.50824
7	16	76.52462
7	17	76.54697
7	17	76.56898
7	17	76.59163
7	17	76.61388
7	17	76.63634
7	18	76.65944
7	18	76.68033
7	18	76.70313
7	18	76.72523
7	18	76.74809
7	18	76.77024
7	19	76.79235
7	19	76.81476
7	19	76.83689
7	19	76.84839
7	19	76.85977
7	19	76.87
7	19	76.88128
7	19	76.89228
8	19	76.90337
8	19	76.91493
8	19	76.92618
8	19	76.9391
8	19	76.95162
8	19	76.96173
8	19	76.97121
8	19	76.98189
8	19	76.99293
8	19	77.00416
8	19	77.01601
9	19	77.02844
9	19	77.04118
9	19	77.05191
9	19	77.06419
9	19	77.07652
9	19	77.08686
9	19	77.09716
9	19	77.1058
9	19	77.11607
9	19	77.12719
9	19	77.1381
10	19	77.14958
10	19	77.16084
10	19	77.17348
10	19	77.18587
10	19	77.19818
10	19	77.2085
10	19	77.21985
10	19	77.23318
10	19	77.24433
10	19	77.25481
11	19	77.26581
11	19	77.27528
11	19	77.286
11	19	77.29772
11	19	77.31023
11	19	77.31983
11	19	77.33145
11	19	77.34433
11	19	77.35683
11	19	77.36716
11	19	77.37672
12	19	77.38661
12	19	77.39818
12	19	77.40929
12	19	77.42174
12	19	77.43391
12	19	77.44328
12	19	77.45415
12	19	77.46562
12	19	77.47703
12	19	77.48877
12	19	77.50107
13	19	77.51305
13	19	77.52233
13	19	77.53335
13	19	77.54524
13	19	77.55862
13	19	77.56832
13	19	77.57841
13	19	77.59015
13	19	77.60161
13	19	77.61213
13	19	77.62324
14	19	77.63461
14	19	77.646
14	19	77.6592
14	19	77.67144
14	19	77.68161
14	19	77.69087
14	19	77.70123
14	19	77.71688
14	19	77.72675
14	19	77.73614
14	19	77.74686
15	19	77.75705
15	19	77.7675
15	19	77.77868
15	19	77.79139
15	19	77.8039
15	19	77.8167
15	19	77.82906
15	19	77.84004
15	19	77.85021
15	19	77.8597
15	19	77.86891
16	19	77.87862
16	19	77.88937
16	19	77.90075
16	19	77.91161
16	19	77.92273
16	19	77.93397
16	19	77.94547
16	19	77.95708
16	19	77.96785
16	19	77.97895
16	19	77.99023
15	19	78.00156
15	19	78.01286
15	19	78.02377
15	19	78.03493
15	19	78.04613
15	19	78.05743
15	19	78.06873
15	19	78.07998
15	19	78.09118
15	19	78.10194
15	19	78.11349
14	19	78.12416
14	19	78.1353
14	19	78.14632
14	19	78.15736
14	19	78.16876
14	19	78.18007
14	19	78.19132
14	19	78.20258
14	19	78.21397
14	19	78.22546
14	19	78.23671
13	19	78.24831
13	19	78.25996
13	19	78.27089
13	19	78.28224
13	19	78.29342
13	19	78.30444
13	19	78.31596
13	19	78.32725
13	19	78.33852
13	19	78.34988
13	19	78.36119
12	19	78.3723
12	19	78.3839
12	19	78.39515
12	19	78.40643
12	19	78.41734
12	19	78.42892
12	19	78.43974
12	19	78.45105
12	19	78.46264
12	19	78.47439
11	19	78.48489
11	19	78.49611
11	19	78.50712
11	19	78.51866
11	19	78.52947
11	19	78.54074
11	19	78.55205
11	19	78.56304
11	19	78.57421
11	19	78.58548
11	19	78.59631
10	19	78.60729
10	19	78.61841
10	19	78.63077
10	19	78.64074
10	19	78.65231
10	19	78.66343
10	19	78.67464
10	19	78.68933
10	19	78.70396
10	19	78.71643
10	19	78.72739
10	18	78.74255
10	18	78.7537
10	18	78.76823
10	18	78.78024
10	18	78.79118
10	18	78.80085
10	18	78.81082
10	18	78.82043
10	18	78.82982
10	18	78.83988
10	18	78.84961
10	17	78.85931
10	17	78.86987
10	17	78.88127
10	17	78.8946
10	17	78.90749
10	17	78.92041
10	17	78.93128
10	17	78.94182
10	17	78.95773
10	17	78.97018
10	16	78.98119
10	16	78.99349
10	16	79.00443
10	16	79.01925
10	16	79.0332
10	16	79.04317
10	16	79.05397
10	16	79.06687
10	16	79.07922
10	16	79.08909
10	15	79.09985
10	15	79.11057
10	15	79.12083
10	15	79.13348
10	15	79.14592
10	15	79.15603
10	15	79.16584
10	15	79.18249
10	15	79.20519
10	14	79.22698
10	14	79.24956
10	14	79.27184
10	14	79.29453
10	14	79.31688
10	14	79.33962
10	13	79.36268
10	13	79.38403
10	13	79.40595
10	13	79.42821
10	13	79.45038
10	14	79.47305
10	14	79.49565
10	14	79.5182
10	14	79.54024
10	14	79.56236
10	15	79.58478
10	15	79.60691
10	15	79.62921
10	15	79.65179
10	15	79.66237
10	15	79.67442
10	15	79.68481
10	15	79.69623
10	16	79.70772
10	16	79.71866
10	16	79.7297
10	16	79.74106
10	16	79.75214
10	16	79.76357
10	16	79.7747
10	16	79.78593
10	16	79.7971
10	16	79.80787
10	16	79.81893
10	17	79.83026
10	17	79.84148
10	17	79.8528
10	17	79.86429
10	17	79.87522
10	17	79.88641
10	17	79.89782
10	17	79.9087
10	17	79.92007
10	17	79.93097
10	17	79.94219
10	18	79.9538
10	18	79.96584
10	18	79.97768
10	18	79.99458
10	18	80.00515
10	18	80.01575
10	18	80.02545
10	18	80.03457
10	18	80.04594
10	18	80.05679
10	18	80.06796
10	19	80.07912
10	19	80.09043
10	19	80.10171
10	19	80.11282
10	19	80.1241
10	19	80.1351
10	19	80.14667
10	19	80.15752
10	19	80.16867
10	19	80.1802
10	19	80.19106
10	19	80.20238
11	19	80.21351
11	19	80.22468
11	19	80.23595
11	19	80.24725
11	19	80.25864
11	19	80.26943
11	19	80.28065
11	19	80.29173
11	19	80.30286
11	19	80.31378
11	19	80.32475
12	19	80.33576
12	19	80.34687
12	19	80.3587
12	19	80.3703
12	19	80.38313
12	19	80.39429
12	19	80.40482
12	19	80.41558
12	19	80.42682
12	19	80.43788
12	19	80.44929
13	19	80.46104
13	19	80.47189
13	19	80.48327
13	19	80.49498
13	19	80.50581
13	19	80.51723
13	19	80.5286
13	19	80.53988
13	19	80.55125
13	19	80.5626
13	20	80.57348
13	20	80.58482
13	20	80.59551
13	20	80.60733
13	20	80.61945
13	20	80.63259
13	20	80.64481
13	20	80.65511
13	20	80.66493
13	20	80.67546
13	20	80.68521
13	20	80.69459
13	21	80.70667
13	21	80.71994
13	21	80.73176
13	21	80.74373
13	21	80.7567
13	21	80.76624
13	21	80.77734
13	21	80.7907
13	21	80.80281
13	21	80.81256
13	22	80.82277
13	22	80.83297
13	22	80.84269
13	22	80.85795
13	22	80.87236
13	22	80.8837
13	22	80.89478
13	22	80.90694
13	22	80.91815
13	22	80.92994
13	22	80.94389
13	22	80.95657
13	22	80.96727
13	22	80.97765
13	22	80.98746
13	22	80.99772
13	22	81.00778
13	22	81.02222
12	22	81.03273
12	22	81.04314
12	22	81.05908
12	22	81.08263
12	22	81.10395
12	22	81.1265
12	22	81.14874
11	22	81.17094
11	22	81.19296
11	22	81.21576
11	22	81.23847
11	22	81.26112
10	22	81.28276
10	22	81.30498
10	22	81.32761
10	22	81.3498
10	22	81.3718
10	22	81.39497
10	23	81.41664
10	23	81.43903
10	23	81.46174
10	23	81.48396
10	23	81.50623
10	24	81.52883
10	24	81.53911
10	24	81.55224
10	24	81.56526
10	24	81.57781
10	24	81.58757
10	24	81.59727
10	24	81.60719
10	24	81.61731
10	24	81.62901
10	24	81.63981
10	25	81.6508
10	25	81.66216
10	25	81.67334
10	25	81.68444
10	25	81.69569
10	25	81.70731
10	25	81.71779
10	25	81.72931
10	25	81.73991
10	25	81.75116
11	25	81.76233
11	25	81.77306
11	25	81.78453
11	25	81.79585
11	25	81.80692
11	25	81.81797
11	25	81.82986
11	25	81.84143
11	25	81.85314
11	25	81.86555
11	25	81.87733
12	25	81.88933
12	25	81.90033
12	25	81.91195
12	25	81.92284
12	25	81.93377
12	25	81.9455
12	25	81.95675
12	25	81.96794
12	25	81.97955
12	25	81.99075
12	25	82.00198
13	25	82.01342
13	25	82.02467
13	25	82.0364
13	25	82.04708
13	25	82.05855
13	25	82.06982
13	25	82.08092
13	25	82.09232
13	25	82.10383
13	25	82.11572
13	25	82.12629
13	26	82.13745
13	26	82.14864
13	26	82.15971
13	26	82.17094
13	26	82.18239
13	26	82.1933
13	26	82.20446
13	26	82.21574
13	26	82.22699
13	26	82.2382
13	26	82.24939
13	27	82.26134
13	27	82.2789
13	27	82.29135
13	27	82.30295
13	27	82.31506
13	27	82.32579
13	27	82.3362
13	27	82.34667
13	27	82.35694
13	27	82.36658
14	27	82.37638
14	27	82.38597
14	27	82.40441
14	27	82.41822
14	27	82.43127
14	27	82.44055
14	27	82.45071
14	27	82.46119
14	27	82.47102
14	27	82.48172
14	27	82.49197
15	27	82.50441
15	27	82.51743
