x	y	time
15	11	0.0723682
15	11	0.08502941
15	11	0.09655881
15	11	0.1100157
15	11	0.1256364
15	11	0.141547
15	11	0.155523
15	11	0.1690866
15	11	0.1887108
15	11	0.2067111
15	11	0.2220758
15	11	0.2377342
15	11	0.2577757
15	11	0.2798382
15	11	0.3022972
15	11	0.325407
15	11	0.3473814
15	11	0.3696238
15	11	0.3921482
15	11	0.41371
15	11	0.4372331
15	11	0.4587596
15	11	0.4817797
15	11	0.5034116
15	11	0.5259884
15	11	0.5480685
15	11	0.571174
15	11	0.5932513
15	11	0.6154596
15	11	0.6385247
15	11	0.6600221
15	11	0.6718764
15	11	0.68348
15	11	0.695203
15	11	0.7081433
15	11	0.7199407
15	11	0.7324749
15	11	0.7441312
15	11	0.756685
15	11	0.768058
15	11	0.7800391
15	11	0.7918136
15	11	0.8037562
15	11	0.8150248
15	11	0.8271312
15	11	0.8412166
15	11	0.8531681
15	11	0.8650305
15	11	0.876747
15	11	0.8888975
15	11	0.9002346
15	11	0.9123045
15	11	0.9250365
15	11	0.9367123
15	11	0.9497221
15	11	0.9620122
15	11	0.9736001
15	11	0.986282
15	11	0.9998471
15	11	1.011847
15	11	1.025036
15	11	1.039937
15	11	1.053665
15	11	1.066468
15	11	1.080543
15	11	1.095727
15	11	1.108972
15	11	1.129222
15	11	1.151812
15	11	1.174294
15	11	1.196691
15	11	1.21904
15	11	1.241683
15	11	1.264268
15	11	1.285925
15	11	1.30907
15	11	1.330782
15	11	1.352531
15	11	1.375248
15	11	1.397389
15	11	1.419754
15	11	1.442646
15	11	1.464556
15	11	1.487147
15	11	1.50928
15	11	1.531617
15	11	1.553843
15	11	1.576748
15	11	1.589332
15	11	1.601385
15	11	1.61314
15	11	1.625319
15	11	1.637485
15	11	1.649089
15	11	1.661452
15	11	1.674564
15	11	1.68614
15	11	1.698551
15	11	1.711614
15	11	1.729041
15	11	1.74124
15	11	1.752696
15	11	1.76469
15	11	1.777872
15	11	1.789639
15	11	1.801615
15	11	1.814089
15	11	1.825793
15	11	1.838198
15	11	1.850872
15	11	1.863687
15	11	1.877975
15	11	1.892322
15	11	1.904674
15	11	1.916587
15	11	1.928135
15	11	1.939909
15	11	1.952448
15	11	1.964463
15	11	1.97706
15	11	1.988787
15	11	2.011754
15	11	2.033649
15	11	2.056342
15	11	2.079235
15	11	2.101447
15	11	2.123952
15	11	2.14576
15	11	2.168762
15	11	2.19096
15	11	2.213048
15	11	2.23518
15	11	2.257335
15	11	2.279869
15	11	2.301695
15	11	2.324881
15	11	2.346754
15	11	2.369407
15	11	2.391517
15	11	2.413524
15	11	2.436795
15	11	2.458674
15	11	2.480919
15	11	2.503433
15	11	2.515965
15	11	2.528639
15	11	2.541007
15	11	2.553637
15	11	2.565994
15	11	2.579695
15	11	2.592046
15	11	2.605243
15	11	2.617317
15	11	2.630007
15	11	2.642413
15	11	2.655243
15	11	2.667405
15	11	2.680497
15	11	2.693882
15	11	2.708202
15	11	2.719598
15	11	2.73174
15	11	2.743925
15	11	2.756479
15	11	2.76873
15	11	2.781592
15	11	2.793574
15	11	2.807374
15	11	2.819253
15	11	2.831551
15	11	2.845372
15	11	2.857948
15	11	2.870048
15	11	2.883094
15	11	2.904761
15	11	2.927104
15	11	2.949977
15	11	2.972088
15	11	2.99561
15	11	3.017313
15	11	3.040091
15	11	3.061924
15	11	3.083997
15	11	3.106968
15	11	3.128738
15	11	3.151932
15	11	3.173491
15	11	3.195897
15	11	3.218084
15	11	3.240829
15	11	3.262778
15	11	3.285502
15	11	3.308365
15	11	3.329959
15	11	3.35199
15	11	3.364408
15	11	3.378875
15	11	3.393111
15	11	3.407871
15	11	3.421379
15	11	3.435641
15	11	3.450207
15	11	3.467978
15	11	3.480459
15	11	3.492593
15	11	3.50518
15	11	3.517739
15	11	3.530302
15	11	3.54316
15	11	3.5556
15	11	3.567922
15	11	3.580288
15	11	3.592571
15	11	3.604368
15	11	3.616016
15	11	3.628908
15	11	3.641649
15	11	3.653958
15	11	3.666731
15	11	3.67903
15	11	3.698423
15	11	3.720622
14	11	3.743216
14	11	3.76576
14	11	3.787799
14	11	3.810743
14	11	3.832854
14	11	3.855083
13	11	3.877296
13	11	3.899545
13	11	3.922145
13	11	3.945014
13	11	3.966958
12	11	3.989337
12	11	4.011409
12	11	4.034201
12	11	4.056083
12	11	4.07852
12	11	4.101253
11	11	4.122465
11	11	4.145628
11	11	4.167804
11	11	4.181638
11	11	4.195099
11	11	4.207834
11	11	4.220557
10	11	4.233759
10	11	4.246742
10	11	4.261115
10	11	4.280056
10	11	4.296899
10	11	4.309226
10	11	4.321805
10	11	4.334805
10	11	4.347054
9	11	4.359288
9	11	4.371342
9	11	4.384974
9	11	4.400743
9	11	4.417691
9	11	4.434084
9	11	4.449884
9	11	4.46101
8	11	4.473159
8	11	4.484922
8	11	4.497626
8	11	4.513689
8	11	4.533564
8	11	4.545915
8	11	4.55936
8	11	4.582044
7	11	4.603269
7	11	4.626059
7	11	4.64783
7	11	4.670239
7	11	4.692657
7	11	4.714992
6	11	4.73813
6	11	4.759036
6	11	4.781253
6	11	4.804084
6	11	4.82689
5	11	4.848646
5	11	4.871555
5	11	4.894412
5	11	4.916077
5	11	4.938163
4	11	4.96087
4	11	4.982997
4	11	5.005186
4	11	5.021171
4	11	5.037163
4	11	5.050868
4	11	5.066549
4	11	5.081809
3	11	5.095044
3	11	5.10866
3	11	5.123538
3	11	5.140317
3	11	5.15384
3	11	5.165892
3	11	5.182463
3	11	5.19592
2	11	5.211085
2	11	5.228508
2	11	5.245852
2	11	5.263585
2	11	5.276649
2	11	5.290191
2	11	5.302916
2	11	5.315085
2	10	5.326733
2	10	5.339735
2	10	5.353328
2	10	5.369149
2	10	5.384299
2	10	5.406623
2	10	5.429492
2	9	5.451767
2	9	5.474969
2	9	5.497161
2	9	5.519623
2	9	5.541831
2	9	5.563251
2	8	5.585601
2	8	5.608329
2	8	5.630549
2	8	5.653064
2	8	5.675652
2	8	5.698046
2	8	5.720075
2	8	5.742932
3	8	5.765362
3	8	5.787429
3	8	5.810171
3	8	5.832666
3	8	5.854196
3	8	5.87284
4	8	5.886317
4	8	5.898326
4	8	5.912716
4	8	5.927802
4	8	5.944732
4	8	5.956944
4	8	5.969917
4	8	5.981852
4	8	5.993713
4	8	6.015007
4	8	6.030479
4	8	6.043751
4	8	6.057662
4	8	6.070271
4	8	6.0825
4	8	6.094739
4	8	6.107866
4	8	6.119478
4	7	6.131361
4	7	6.145903
4	7	6.158937
4	7	6.175451
4	7	6.191695
4	7	6.203776
4	7	6.222371
4	7	6.244813
4	6	6.267275
4	6	6.289971
4	6	6.312422
4	6	6.33442
4	6	6.35686
4	5	6.379828
4	5	6.401867
4	5	6.423463
4	5	6.445914
4	5	6.469277
4	5	6.49094
4	5	6.512982
4	5	6.535166
4	5	6.557298
4	5	6.580256
4	5	6.60221
4	5	6.625271
4	5	6.646803
4	5	6.669688
4	5	6.691654
4	5	6.70426
4	5	6.716356
4	5	6.72822
4	5	6.739901
4	5	6.75211
4	5	6.765048
4	5	6.778332
4	5	6.79098
3	5	6.803983
3	5	6.816108
3	5	6.829572
3	5	6.849482
3	5	6.869522
3	5	6.883446
3	5	6.89743
3	5	6.910403
2	5	6.921458
2	5	6.933789
2	5	6.950423
2	5	6.965908
2	5	6.979166
2	5	6.990374
2	5	7.002848
2	5	7.014687
2	5	7.028021
2	5	7.039109
2	5	7.060774
2	5	7.083755
2	5	7.105208
2	5	7.127238
2	5	7.149966
2	5	7.171459
2	5	7.193992
2	5	7.216406
2	5	7.23954
2	5	7.261936
2	5	7.28399
2	5	7.30584
2	5	7.3294
2	5	7.350615
2	5	7.373209
2	5	7.396302
2	5	7.417139
2	5	7.44049
2	4	7.462892
2	4	7.485624
2	4	7.50962
2	4	7.52986
2	4	7.545685
2	4	7.557536
2	4	7.574307
2	3	7.591344
2	3	7.604174
2	3	7.617826
2	3	7.634226
2	3	7.651107
2	3	7.663876
2	3	7.6766
2	3	7.688707
2	3	7.70033
2	2	7.71251
2	2	7.728836
2	2	7.745745
2	2	7.762816
2	2	7.775169
2	2	7.787757
2	2	7.799568
2	2	7.811732
2	2	7.824484
2	2	7.837451
2	2	7.851022
2	2	7.863899
2	2	7.879449
2	2	7.897474
2	2	7.920095
2	2	7.942635
2	2	7.965317
2	2	7.987514
2	2	8.010602
2	2	8.033159
2	2	8.055187
2	2	8.077468
2	2	8.099587
2	2	8.12186
3	2	8.144365
3	2	8.166345
3	2	8.188438
3	2	8.211247
3	2	8.233116
3	2	8.255665
4	2	8.278232
4	2	8.301421
4	2	8.322434
4	2	8.345666
4	2	8.367455
5	2	8.389626
5	2	8.401464
5	2	8.413882
5	2	8.429166
5	2	8.446898
5	2	8.458933
5	2	8.471225
5	2	8.483313
5	2	8.496469
6	2	8.512969
6	2	8.530126
6	2	8.545154
6	2	8.563354
6	2	8.58108
6	2	8.59436
6	2	8.60804
6	2	8.620356
7	2	8.632133
7	2	8.647077
7	2	8.664338
7	2	8.681201
7	2	8.693309
7	2	8.70521
7	2	8.71729
7	2	8.729091
7	2	8.741764
8	2	8.758428
8	2	8.780741
8	2	8.803124
8	2	8.825086
8	2	8.847566
9	2	8.874977
9	2	8.892117
9	2	8.915016
9	2	8.937335
9	2	8.960133
9	2	8.98194
10	2	9.004107
10	2	9.026814
10	2	9.048908
10	2	9.071067
10	2	9.093513
11	2	9.116397
11	2	9.137919
11	2	9.159992
11	2	9.183747
12	2	9.247408
12	2	9.263354
12	2	9.280147
12	2	9.299147
12	2	9.316447
12	2	9.330341
12	2	9.344755
12	2	9.358445
13	2	9.372884
13	2	9.387755
13	2	9.405438
13	2	9.421703
13	2	9.434786
13	2	9.451179
13	2	9.467424
13	2	9.479097
14	2	9.491014
14	2	9.503422
14	2	9.516172
14	2	9.538059
14	2	9.554947
14	2	9.56772
14	2	9.58028
14	2	9.592824
15	2	9.609779
15	2	9.626647
15	2	9.639161
15	2	9.654819
15	2	9.673628
15	2	9.696937
15	2	9.718883
16	2	9.740931
16	2	9.76396
16	2	9.785809
16	2	9.808202
16	2	9.830905
16	3	9.853071
16	3	9.875278
16	3	9.897715
16	3	9.92027
16	3	9.941995
16	3	9.964608
16	4	9.986726
16	4	10.00952
16	4	10.03186
16	4	10.0541
16	4	10.07702
16	5	10.09866
16	5	10.12126
16	5	10.13411
16	5	10.14901
16	5	10.1649
16	5	10.17855
16	5	10.19018
16	5	10.20331
16	5	10.2151
16	5	10.22721
16	5	10.24326
16	5	10.26149
16	5	10.27528
16	5	10.29095
16	5	10.30647
16	5	10.32455
16	5	10.33889
16	5	10.35458
16	5	10.3702
16	5	10.39094
16	5	10.40349
16	5	10.41555
16	5	10.42713
16	5	10.43923
16	5	10.45114
16	5	10.46317
16	5	10.47496
16	5	10.48742
16	5	10.50059
16	5	10.52246
16	5	10.54492
17	5	10.56747
17	5	10.58982
17	5	10.61178
17	5	10.63499
17	5	10.6573
17	5	10.67978
18	5	10.70277
18	5	10.72488
18	5	10.74722
18	5	10.76942
18	5	10.79138
19	5	10.81317
19	5	10.83641
19	5	10.85826
19	5	10.8798
19	5	10.90312
19	5	10.92538
19	5	10.94754
19	5	10.96957
19	5	10.98251
19	5	10.99526
19	5	11.00765
19	5	11.02137
19	5	11.0342
19	5	11.04762
19	5	11.06105
19	5	11.07443
19	5	11.08848
19	5	11.1018
19	6	11.11475
19	6	11.12681
19	6	11.14125
19	6	11.15856
19	6	11.17467
19	6	11.19123
19	6	11.20665
19	6	11.21969
19	7	11.23149
19	7	11.24329
19	7	11.25657
19	7	11.27294
19	7	11.29077
19	7	11.30365
19	7	11.31649
19	7	11.32839
19	8	11.35036
19	8	11.37177
19	8	11.39378
19	8	11.41679
19	8	11.4388
19	8	11.46075
19	8	11.48416
19	8	11.50569
19	8	11.52887
19	8	11.55116
19	8	11.57491
18	8	11.59526
18	8	11.61783
18	8	11.64019
18	8	11.66171
18	8	11.68454
18	8	11.70668
17	8	11.729
17	8	11.75164
17	8	11.7737
17	8	11.79656
17	8	11.81436
17	8	11.83053
16	8	11.8502
16	8	11.86324
16	8	11.87957
16	8	11.89469
16	8	11.90808
16	8	11.92048
16	8	11.9336
16	8	11.94724
16	8	11.9629
16	8	11.98025
16	8	11.99452
16	8	12.00929
16	8	12.02399
16	8	12.03583
16	8	12.04791
16	8	12.06056
16	8	12.07407
16	8	12.08682
16	9	12.10045
16	9	12.1126
16	9	12.12556
16	9	12.14133
16	9	12.15781
16	9	12.17044
16	9	12.18258
16	9	12.19833
16	10	12.22082
16	10	12.24361
16	10	12.26601
16	10	12.288
16	10	12.30994
16	10	12.33239
16	11	12.35531
16	11	12.37714
16	11	12.39991
16	11	12.42263
16	11	12.44398
16	11	12.4667
17	11	12.48917
17	11	12.51096
17	11	12.5334
17	11	12.55541
17	11	12.57857
17	11	12.60018
18	11	12.62309
18	11	12.64524
18	11	12.66448
18	11	12.68352
18	11	12.69601
18	11	12.70978
18	11	12.7226
19	11	12.7356
19	11	12.75244
19	11	12.77125
19	11	12.78732
19	11	12.80026
19	11	12.81374
19	11	12.82541
19	11	12.83983
20	11	12.8529
20	11	12.86666
20	11	12.87952
20	11	12.89533
20	11	12.91221
20	11	12.92711
20	11	12.93974
20	11	12.95263
20	11	12.96429
21	11	12.97668
21	11	12.98858
21	11	13.00106
21	11	13.02128
21	11	13.04344
21	11	13.06625
21	11	13.08798
22	11	13.10985
22	11	13.13374
22	11	13.15568
22	11	13.17803
22	11	13.20093
23	11	13.22409
23	11	13.24642
23	11	13.26887
23	11	13.29199
23	11	13.31401
23	11	13.33683
24	11	13.35897
24	11	13.38265
24	11	13.40437
24	11	13.42701
24	11	13.44941
25	11	13.47165
25	11	13.49449
25	11	13.51046
25	11	13.52667
25	11	13.53952
25	11	13.5561
25	11	13.57143
26	11	13.58545
26	11	13.60145
26	11	13.61427
26	11	13.62949
26	11	13.646
26	11	13.65942
26	11	13.67163
26	11	13.68413
26	11	13.69715
27	11	13.71381
27	11	13.7295
27	11	13.74229
27	11	13.75736
27	11	13.77322
27	11	13.78543
27	11	13.7972
27	11	13.80934
27	11	13.82114
27	10	13.83236
27	10	13.84488
27	10	13.8581
27	10	13.87319
27	10	13.89555
27	10	13.91781
27	10	13.94035
27	9	13.96275
27	9	13.98532
27	9	14.00871
27	9	14.02999
27	9	14.05219
27	8	14.07465
27	8	14.09654
27	8	14.11915
27	8	14.1417
27	8	14.16484
27	8	14.18604
27	8	14.20829
27	8	14.23087
27	8	14.25314
27	8	14.27589
27	8	14.29888
27	8	14.32282
26	8	14.34319
26	8	14.3579
26	8	14.37104
26	8	14.39142
26	8	14.41037
26	8	14.42365
26	8	14.43632
26	8	14.44799
26	8	14.45982
25	8	14.47216
25	8	14.48556
25	8	14.50166
25	8	14.51779
25	8	14.52946
25	8	14.54124
25	8	14.55274
25	8	14.56494
25	8	14.57828
25	8	14.59102
25	8	14.60261
25	8	14.614
25	8	14.62977
25	8	14.64184
25	8	14.65298
25	8	14.66403
25	8	14.67711
25	8	14.70017
25	8	14.72275
25	8	14.745
25	8	14.7672
25	8	14.78937
25	8	14.81167
25	8	14.83452
25	8	14.8572
25	8	14.87952
25	8	14.90171
25	8	14.92398
25	8	14.94633
25	8	14.96923
25	8	14.99078
25	8	15.01289
25	8	15.03511
25	8	15.0579
25	8	15.07984
25	8	15.10215
25	8	15.12492
25	8	15.14701
25	8	15.16947
25	8	15.18188
25	7	15.19415
25	7	15.20615
25	7	15.21866
25	7	15.23481
25	7	15.2509
25	7	15.26256
25	7	15.2755
25	7	15.29304
25	7	15.30949
25	6	15.32115
25	6	15.33294
25	6	15.34659
25	6	15.36469
25	6	15.38345
25	6	15.39746
25	6	15.41152
25	6	15.42443
25	6	15.43721
25	5	15.45316
25	5	15.46977
25	5	15.48541
25	5	15.49746
25	5	15.50964
25	5	15.52043
25	5	15.53816
25	5	15.56023
25	5	15.58277
25	5	15.60554
25	5	15.62804
25	5	15.64938
25	5	15.67186
25	5	15.69414
26	5	15.71637
26	5	15.73929
26	5	15.76163
26	5	15.78361
26	5	15.80613
26	5	15.82875
27	5	15.85154
27	5	15.8731
27	5	15.89579
27	5	15.91823
27	5	15.93996
27	5	15.96212
27	5	15.98549
27	5	16.00698
27	5	16.01941
27	5	16.03175
27	5	16.04442
27	5	16.05746
27	5	16.0703
27	5	16.08266
27	5	16.09516
27	5	16.10778
27	5	16.12669
27	5	16.14149
27	5	16.15586
27	5	16.16833
27	5	16.1803
27	4	16.19428
27	4	16.20892
27	4	16.2255
27	4	16.24166
27	4	16.25701
27	4	16.26818
27	4	16.2798
27	4	16.2936
27	3	16.30629
27	3	16.31883
27	3	16.331
27	3	16.3482
27	3	16.36344
27	3	16.37703
27	3	16.39762
27	3	16.42054
27	2	16.44267
27	2	16.46503
27	2	16.4875
27	2	16.50974
27	2	16.5321
27	2	16.55439
27	2	16.57695
27	2	16.59905
27	2	16.62127
27	2	16.64344
27	2	16.66557
27	2	16.68839
27	2	16.71067
27	2	16.73263
26	2	16.75517
26	2	16.77777
26	2	16.80132
26	2	16.82298
26	2	16.84598
26	2	16.86226
25	2	16.87839
25	2	16.88988
25	2	16.90291
25	2	16.91892
25	2	16.93516
25	2	16.94755
25	2	16.95997
25	2	16.97378
25	2	16.98953
24	2	17.00376
24	2	17.02254
24	2	17.0406
24	2	17.05694
24	2	17.06995
24	2	17.08392
24	2	17.09747
24	2	17.1112
23	2	17.12429
23	2	17.13775
23	2	17.1498
23	2	17.16668
23	2	17.18305
23	2	17.19861
23	2	17.20997
23	2	17.2247
22	2	17.24655
22	2	17.26934
22	2	17.29205
22	2	17.31482
22	2	17.33698
22	2	17.35831
21	2	17.3808
21	2	17.40331
21	2	17.42574
21	2	17.44826
21	2	17.47089
20	2	17.49317
20	2	17.51501
20	2	17.53728
20	2	17.55917
20	2	17.58198
19	2	17.6047
19	2	17.62644
19	2	17.65039
19	2	17.67107
19	2	17.69369
19	2	17.70629
19	2	17.72055
18	2	17.73357
18	2	17.74598
18	2	17.75873
18	2	17.77484
18	2	17.7908
18	2	17.80358
18	2	17.81891
18	2	17.83486
18	2	17.84755
17	2	17.85983
17	2	17.87212
17	2	17.8858
17	2	17.90104
17	2	17.91725
17	2	17.9293
17	2	17.94197
17	2	17.95399
17	2	17.96946
16	2	17.98596
16	2	17.99888
16	2	18.01061
16	2	18.02273
16	2	18.03503
16	2	18.05081
16	2	18.07339
15	2	18.09598
15	2	18.11922
15	2	18.14078
15	2	18.16277
15	2	18.18502
15	2	18.20771
16	2	18.22938
16	2	18.25175
16	2	18.27521
16	2	18.29763
16	2	18.31979
17	2	18.34219
17	2	18.36464
17	2	18.38659
17	2	18.40909
17	2	18.43216
17	2	18.45346
18	2	18.4757
18	2	18.49812
18	2	18.52088
18	2	18.53352
18	2	18.54462
18	2	18.55584
18	2	18.56731
18	2	18.57898
19	2	18.59077
19	2	18.60176
19	2	18.61322
19	2	18.62487
19	2	18.63699
19	2	18.65002
19	2	18.66223
19	2	18.67414
19	2	18.68575
19	2	18.69743
20	2	18.70975
20	2	18.72198
20	2	18.73403
20	2	18.74573
20	2	18.75701
20	2	18.76834
20	2	18.78028
20	2	18.79191
20	2	18.80452
20	2	18.81856
21	2	18.83174
21	2	18.8466
21	2	18.85962
21	2	18.87222
21	2	18.88443
21	2	18.90159
21	2	18.91301
21	2	18.92516
21	2	18.93765
22	2	18.94941
22	2	18.96098
22	2	18.97293
22	2	18.98432
22	2	18.99603
22	2	19.01201
22	2	19.03483
22	2	19.05688
22	3	19.07865
22	3	19.10092
22	3	19.12324
22	3	19.14578
22	3	19.16813
22	3	19.19048
22	4	19.21341
22	4	19.23571
22	4	19.25777
22	4	19.27992
22	4	19.30288
22	5	19.3248
22	5	19.34769
22	5	19.37099
22	5	19.39178
22	5	19.41458
22	5	19.43737
22	6	19.45853
22	6	19.48084
22	6	19.49714
22	6	19.51448
22	6	19.52792
22	6	19.54589
22	7	19.56161
22	7	19.57343
22	7	19.58574
22	7	19.60233
22	7	19.61716
22	7	19.62955
22	7	19.64188
22	7	19.65362
22	7	19.6657
22	7	19.68039
22	7	19.69886
22	7	19.71655
22	7	19.73213
22	7	19.74358
22	7	19.75684
22	7	19.76984
22	7	19.7842
22	7	19.79656
22	8	19.80762
22	8	19.81884
22	8	19.83177
22	8	19.84894
22	8	19.86409
22	8	19.88307
22	8	19.90561
22	9	19.92714
22	9	19.94925
22	9	19.9726
22	9	19.99471
22	9	20.01826
22	9	20.03993
22	10	20.06155
22	10	20.08405
22	10	20.1066
22	10	20.12906
22	10	20.15135
22	9	20.17335
22	9	20.19589
22	9	20.21764
22	9	20.24023
22	9	20.26236
22	9	20.28456
22	8	20.30751
22	8	20.32975
22	8	20.34272
22	8	20.3551
22	8	20.36801
22	8	20.3859
22	8	20.39898
22	8	20.41249
22	7	20.42693
22	7	20.44344
22	7	20.45911
22	7	20.47405
22	7	20.48669
22	7	20.5004
22	7	20.51325
22	7	20.52622
22	7	20.53766
22	6	20.54906
22	6	20.5605
22	6	20.57188
22	6	20.58352
22	6	20.59587
22	6	20.60733
22	6	20.62012
22	6	20.63178
22	6	20.64341
22	6	20.65537
22	6	20.66667
22	6	20.68679
22	6	20.70876
22	6	20.73139
22	6	20.75468
22	6	20.77659
22	5	20.79882
22	5	20.82135
22	5	20.84413
22	5	20.86603
22	5	20.88828
22	4	20.91101
22	4	20.93319
22	4	20.95523
22	4	20.97742
22	4	20.99987
22	4	21.02223
22	3	21.0449
22	3	21.06748
22	3	21.09096
22	3	21.11254
22	3	21.13427
22	2	21.15697
22	2	21.16882
22	2	21.18121
22	2	21.19385
22	2	21.20699
22	2	21.21943
22	2	21.23231
22	2	21.24505
22	2	21.2579
22	2	21.27241
22	2	21.28652
22	2	21.29942
22	2	21.31369
22	2	21.32716
22	2	21.33977
22	2	21.35157
22	2	21.3628
22	2	21.37516
22	2	21.38714
22	2	21.39951
22	2	21.41109
22	2	21.42273
22	2	21.43445
22	2	21.44708
22	2	21.46919
22	2	21.48232
22	2	21.49486
22	2	21.50626
22	2	21.52508
22	2	21.54708
22	2	21.56957
22	2	21.59206
22	2	21.6147
22	2	21.63709
22	2	21.65898
22	3	21.68124
22	3	21.7044
22	3	21.72574
22	3	21.74801
22	3	21.77017
22	3	21.79254
22	4	21.81482
22	4	21.8385
22	4	21.8597
22	4	21.8826
22	4	21.90478
22	5	21.92718
22	5	21.94929
22	5	21.97174
22	5	21.99399
22	5	22.00591
22	5	22.01784
22	5	22.02886
23	5	22.04102
23	5	22.05222
23	5	22.06512
23	5	22.08213
23	5	22.09757
23	5	22.10973
23	5	22.12106
23	5	22.13447
23	5	22.14917
24	5	22.1608
24	5	22.17265
24	5	22.18503
24	5	22.20136
24	5	22.21825
24	5	22.23367
24	5	22.24558
24	5	22.25651
24	5	22.26798
24	5	22.28095
25	5	22.29283
25	5	22.30666
25	5	22.31796
25	5	22.32878
25	5	22.34108
25	5	22.35333
25	5	22.36438
25	5	22.3851
26	5	22.40738
26	5	22.42903
26	5	22.45158
26	5	22.47403
26	5	22.49622
26	5	22.51924
25	5	22.54184
25	5	22.56351
25	5	22.58604
25	5	22.60896
25	5	22.63085
24	5	22.65326
24	5	22.67596
24	5	22.69742
24	5	22.72012
24	5	22.74292
24	5	22.76526
23	5	22.78736
23	5	22.80966
23	5	22.83275
23	5	22.85512
23	5	22.86862
23	5	22.88218
22	5	22.89448
22	5	22.90812
22	5	22.92063
22	5	22.93217
22	5	22.94435
22	5	22.95653
22	5	22.96881
22	5	22.98018
22	5	22.99149
22	5	23.00307
22	5	23.0152
22	5	23.02732
22	5	23.03936
22	5	23.05131
22	5	23.06383
22	5	23.07603
22	5	23.08668
22	5	23.09794
22	5	23.11018
22	5	23.12102
22	5	23.13743
22	6	23.1492
22	6	23.16127
22	6	23.17234
22	6	23.18366
22	6	23.19519
22	6	23.20717
22	6	23.21842
22	6	23.22927
22	6	23.24217
22	6	23.25475
22	6	23.26755
22	6	23.27878
22	6	23.28954
22	6	23.31177
22	6	23.33418
22	6	23.35707
22	6	23.37922
22	7	23.40178
22	7	23.42391
22	7	23.44631
22	7	23.46929
22	7	23.49124
22	7	23.51338
21	7	23.53552
21	7	23.55806
21	7	23.5806
21	7	23.60277
21	7	23.62585
20	7	23.64717
20	7	23.66986
20	7	23.69249
20	7	23.71477
20	7	23.73908
20	7	23.75924
19	7	23.77183
19	7	23.78529
19	7	23.80162
19	7	23.81727
19	7	23.82886
19	7	23.84181
19	7	23.85385
19	7	23.86585
19	7	23.87869
18	7	23.89088
18	7	23.90176
18	7	23.91381
18	7	23.92486
18	7	23.93698
18	7	23.94871
18	7	23.96033
18	7	23.97284
18	7	23.98457
18	7	23.99558
17	7	24.00716
17	7	24.01934
17	7	24.03116
17	7	24.04241
17	7	24.05422
17	7	24.06546
17	7	24.07766
17	7	24.08873
17	7	24.1007
17	7	24.1127
17	7	24.12439
16	7	24.13621
16	7	24.14746
16	7	24.15887
16	7	24.17136
16	7	24.18316
16	7	24.19531
16	7	24.20749
16	7	24.21924
16	7	24.23019
16	7	24.25055
16	7	24.27244
16	7	24.29447
16	7	24.31684
16	7	24.3399
16	7	24.36215
17	7	24.38481
17	7	24.40765
17	7	24.42917
17	7	24.45188
17	7	24.47398
17	7	24.49559
18	7	24.51825
18	7	24.54014
18	7	24.56293
18	7	24.58514
18	7	24.60805
19	7	24.63032
19	7	24.65256
19	7	24.67525
19	7	24.69688
19	7	24.72038
19	7	24.73237
19	7	24.74435
20	7	24.75576
20	7	24.76822
20	7	24.78233
20	7	24.79441
20	7	24.80607
20	7	24.81764
20	7	24.82881
20	7	24.84237
20	7	24.85386
20	7	24.86589
21	7	24.87776
21	7	24.88919
21	7	24.90193
21	7	24.91403
21	7	24.92577
21	7	24.93706
21	7	24.94908
21	7	24.96193
21	7	24.97391
21	7	24.98507
22	7	24.99591
22	7	25.00802
22	7	25.01974
22	7	25.03233
22	7	25.04428
22	7	25.05597
22	7	25.06804
22	7	25.08052
22	7	25.0921
22	7	25.10327
22	7	25.11471
22	7	25.12642
22	7	25.13751
22	7	25.14981
22	7	25.16127
22	8	25.17399
22	8	25.18579
22	8	25.19756
22	8	25.21171
22	8	25.22196
22	8	25.24424
22	8	25.26692
22	8	25.28948
22	9	25.31182
22	9	25.33398
22	9	25.35662
22	9	25.37868
22	9	25.40074
22	10	25.42309
22	10	25.4457
22	10	25.46797
22	10	25.4904
22	10	25.51297
22	10	25.53535
22	11	25.5575
22	11	25.58001
22	11	25.60286
22	11	25.62426
22	11	25.64666
22	12	25.66923
22	12	25.69121
22	12	25.71401
22	12	25.73643
22	12	25.74889
22	12	25.76214
22	12	25.77985
22	13	25.79167
22	13	25.80436
22	13	25.81853
22	13	25.84234
22	13	25.8592
22	13	25.87479
22	13	25.88636
22	13	25.89819
22	14	25.9105
22	14	25.92171
22	14	25.93354
22	14	25.94949
22	14	25.96475
22	14	25.97654
22	14	25.98801
22	14	25.99989
22	14	26.0169
22	15	26.0321
22	15	26.04499
22	15	26.05775
22	15	26.07383
22	15	26.09077
22	15	26.1032
22	15	26.11537
22	15	26.13751
22	16	26.1609
22	16	26.18248
22	16	26.20551
22	16	26.22767
22	16	26.24977
23	16	26.27237
23	16	26.29527
23	16	26.31753
23	16	26.33909
23	16	26.36123
23	16	26.38375
24	16	26.40558
24	16	26.42775
24	16	26.45097
24	16	26.47352
24	16	26.49565
25	16	26.51794
25	16	26.54065
25	16	26.56256
25	16	26.57804
25	16	26.59351
25	16	26.60569
25	16	26.61872
25	16	26.63484
26	16	26.65252
26	16	26.67079
26	16	26.68637
26	16	26.69818
26	16	26.71107
26	16	26.72211
26	16	26.73386
26	16	26.74574
26	16	26.75667
27	16	26.77011
27	16	26.78138
27	16	26.79461
27	16	26.81119
27	16	26.82548
27	16	26.83843
27	16	26.85099
27	16	26.86339
27	16	26.87534
27	16	26.8865
27	16	26.89749
27	16	26.91961
27	16	26.94219
27	16	26.96489
27	16	26.98725
27	16	27.00945
27	15	27.03163
27	15	27.05431
27	15	27.07716
27	15	27.09898
27	15	27.12148
27	15	27.14319
27	14	27.16553
27	14	27.18793
27	14	27.21007
27	14	27.23286
27	14	27.25486
27	13	27.2781
27	13	27.30031
27	13	27.32227
27	13	27.34449
27	13	27.36655
27	13	27.38908
27	13	27.40055
27	13	27.41256
27	13	27.42422
27	13	27.43667
27	13	27.45231
27	13	27.46993
27	13	27.48155
27	13	27.49277
27	13	27.50511
27	13	27.51679
27	13	27.52863
27	13	27.54103
27	13	27.55298
27	13	27.56466
27	13	27.57615
26	13	27.58833
26	13	27.59944
26	13	27.61159
26	13	27.62683
26	13	27.64248
26	13	27.65446
26	13	27.66855
26	13	27.68174
26	13	27.69614
25	13	27.70972
25	13	27.72214
25	13	27.73496
25	13	27.75202
25	13	27.76858
25	13	27.78417
25	13	27.80029
25	13	27.81365
25	13	27.83631
25	13	27.85785
25	13	27.88028
25	13	27.90291
25	12	27.92477
25	12	27.94703
25	12	27.96981
25	12	27.99214
25	12	28.01464
25	12	28.03726
25	11	28.05963
25	11	28.08217
25	11	28.10431
25	11	28.12605
25	11	28.14877
25	10	28.17078
25	10	28.19313
25	10	28.2159
25	10	28.2378
25	10	28.25986
25	10	28.27201
25	10	28.28377
25	10	28.29552
25	10	28.30868
25	10	28.3201
25	10	28.33213
25	10	28.34385
25	10	28.35534
25	10	28.36707
25	10	28.37823
25	10	28.38997
25	10	28.40191
25	10	28.41366
25	10	28.42485
25	10	28.43647
25	10	28.44824
25	10	28.45878
25	10	28.47105
25	11	28.48322
25	11	28.49535
25	11	28.50706
25	11	28.51891
25	11	28.53177
25	11	28.54883
25	11	28.56309
25	11	28.57627
25	11	28.58823
25	11	28.60172
25	12	28.61325
25	12	28.62415
25	12	28.63553
25	12	28.64735
25	12	28.65884
25	12	28.6709
25	12	28.68219
25	12	28.69353
25	12	28.70531
25	12	28.71757
25	13	28.72949
25	13	28.74063
25	13	28.75214
25	13	28.76323
25	13	28.7852
25	13	28.80815
25	13	28.8306
25	13	28.85267
25	13	28.87481
26	13	28.89696
26	13	28.91938
26	13	28.94172
26	13	28.96419
26	13	28.98644
26	13	29.00862
27	13	29.03106
27	13	29.05325
27	13	29.07565
27	13	29.09789
27	13	29.121
27	13	29.14359
27	13	29.16554
27	13	29.18759
27	13	29.20954
27	13	29.23161
27	13	29.25368
27	13	29.26446
27	13	29.2765
27	13	29.2877
27	13	29.30182
27	13	29.31302
27	13	29.32421
27	13	29.33528
27	14	29.3476
27	14	29.35904
27	14	29.37136
27	14	29.38295
27	14	29.39411
27	14	29.40621
27	14	29.41808
27	14	29.43007
27	14	29.44178
27	14	29.45369
27	15	29.46558
27	15	29.4768
27	15	29.48878
27	15	29.50033
27	15	29.51208
27	15	29.52403
27	15	29.53585
27	15	29.54766
27	15	29.55882
27	15	29.57147
27	16	29.5842
27	16	29.59553
27	16	29.60823
27	16	29.61937
27	16	29.63077
27	16	29.64217
27	16	29.65436
27	16	29.6657
27	16	29.67706
27	16	29.6887
27	16	29.70089
27	17	29.71158
27	17	29.72326
27	17	29.73543
27	17	29.75171
27	17	29.76733
27	17	29.78724
27	17	29.80296
27	17	29.81757
27	18	29.83222
27	18	29.84537
27	18	29.85848
27	18	29.87319
27	18	29.89104
27	18	29.91378
27	18	29.93612
27	19	29.95885
27	19	29.98125
27	19	30.00366
27	19	30.02538
27	19	30.04795
27	19	30.07012
26	19	30.09332
26	19	30.11504
26	19	30.13796
26	19	30.15991
26	19	30.18226
25	19	30.20438
25	19	30.2266
25	19	30.24938
25	19	30.27122
25	19	30.29404
25	19	30.31588
25	19	30.32763
25	19	30.33891
25	19	30.34979
25	19	30.35997
25	19	30.37171
25	19	30.38282
25	19	30.39366
25	19	30.40523
25	19	30.41574
25	19	30.42698
25	19	30.4381
25	19	30.4495
25	19	30.46074
25	19	30.47196
25	19	30.48266
25	19	30.49405
25	19	30.5049
25	19	30.51667
25	19	30.52758
25	20	30.54007
25	20	30.5529
25	20	30.56821
25	20	30.58924
25	20	30.60781
25	20	30.62012
25	20	30.63485
25	20	30.64725
25	20	30.65891
25	21	30.67126
25	21	30.68432
25	21	30.6997
25	21	30.71487
25	21	30.72617
25	21	30.7416
25	21	30.75732
25	21	30.76864
25	21	30.78028
25	22	30.79196
25	22	30.80324
25	22	30.81575
25	22	30.83111
25	22	30.84749
25	22	30.85902
25	22	30.87071
25	22	30.88604
25	22	30.90803
26	22	30.93019
26	22	30.95219
26	22	30.97401
26	22	30.99728
26	22	31.01926
26	22	31.04252
27	22	31.064
27	22	31.08662
27	22	31.10947
27	22	31.13132
27	22	31.15327
27	22	31.17552
27	22	31.19891
27	22	31.21974
27	22	31.24255
27	22	31.26513
27	22	31.28749
27	22	31.31023
27	22	31.33205
27	22	31.35493
27	22	31.36576
27	22	31.37696
27	22	31.38794
27	23	31.39938
27	23	31.41017
27	23	31.42234
27	23	31.43613
27	23	31.45156
27	23	31.46363
27	23	31.47569
27	23	31.48872
27	23	31.49999
27	23	31.51181
27	24	31.5268
27	24	31.54255
27	24	31.55826
27	24	31.56964
27	24	31.58142
27	24	31.59369
27	24	31.6062
27	24	31.6184
27	24	31.62971
27	25	31.64177
27	25	31.65403
27	25	31.66642
27	25	31.68231
27	25	31.69873
27	25	31.70956
27	25	31.72128
27	25	31.73327
27	25	31.74514
27	25	31.75669
27	26	31.77853
27	26	31.80111
27	26	31.82416
27	26	31.8485
27	26	31.86849
27	27	31.89111
27	27	31.913
27	27	31.93558
27	27	31.95798
27	27	31.98045
27	27	32.00244
27	28	32.02464
27	28	32.04713
27	28	32.06952
27	28	32.09171
27	28	32.11453
27	29	32.13708
27	29	32.15875
27	29	32.18159
27	29	32.20371
27	29	32.22578
27	29	32.24875
27	29	32.25937
27	29	32.27105
27	29	32.28274
27	29	32.29457
27	29	32.31167
27	29	32.32761
27	29	32.33957
27	29	32.35174
27	29	32.36309
27	29	32.38525
27	29	32.3982
27	29	32.40964
27	29	32.42355
27	29	32.43722
27	29	32.45034
27	29	32.4683
27	29	32.48179
27	29	32.49291
27	29	32.50498
27	29	32.51766
27	29	32.52909
27	29	32.54098
27	29	32.55289
27	29	32.56535
27	29	32.57664
27	29	32.58815
27	29	32.59966
27	29	32.61274
27	29	32.62383
27	29	32.63935
27	29	32.66104
27	29	32.68338
27	29	32.70612
27	29	32.72815
27	29	32.75005
27	29	32.77284
27	29	32.79478
27	29	32.81719
27	29	32.84018
27	29	32.86231
27	29	32.88413
27	29	32.9074
27	29	32.92962
27	29	32.95152
27	29	32.97437
27	29	32.99634
26	29	33.01935
26	29	33.04134
26	29	33.06326
26	29	33.08631
26	29	33.10806
26	29	33.12325
26	29	33.13425
25	29	33.14544
25	29	33.15696
25	29	33.16973
25	29	33.18534
25	29	33.20337
25	29	33.217
25	29	33.22927
25	29	33.24263
25	29	33.25752
24	29	33.27241
24	29	33.28556
24	29	33.30342
24	29	33.31911
24	29	33.33028
24	29	33.34203
24	29	33.3536
24	29	33.36487
24	29	33.3765
23	29	33.38799
23	29	33.3995
23	29	33.41587
23	29	33.43118
23	29	33.44296
23	29	33.45469
23	29	33.46644
23	29	33.47829
23	29	33.48977
23	29	33.50108
22	29	33.51215
22	29	33.52323
22	29	33.54383
22	29	33.56662
22	29	33.58792
22	29	33.61122
21	29	33.63404
21	29	33.65622
21	29	33.67786
21	29	33.70033
21	29	33.72307
21	29	33.74463
20	29	33.76672
20	29	33.78947
20	29	33.81152
20	29	33.83501
20	29	33.85676
19	29	33.88092
19	29	33.90086
19	29	33.92355
19	29	33.94628
19	29	33.96798
19	29	33.98998
18	29	34.01247
18	29	34.0253
18	29	34.04007
18	29	34.05728
18	29	34.07229
18	29	34.08376
18	29	34.09488
18	29	34.10658
17	29	34.11798
17	29	34.12914
17	29	34.14186
17	29	34.15682
17	29	34.17223
17	29	34.18422
17	29	34.19578
17	29	34.21243
17	29	34.23025
16	29	34.24369
16	29	34.25529
16	29	34.26712
16	29	34.2837
16	29	34.29866
16	29	34.31382
16	29	34.32583
16	29	34.3368
16	29	34.34771
16	28	34.37002
16	28	34.39216
16	28	34.41475
16	28	34.43727
16	28	34.45957
16	27	34.4829
16	27	34.50546
16	27	34.52649
16	27	34.54947
16	27	34.57201
16	27	34.59361
16	26	34.61614
16	26	34.6383
16	26	34.66075
16	26	34.68345
16	26	34.70563
16	25	34.72729
16	25	34.7499
16	25	34.77293
16	25	34.79546
16	25	34.81836
16	25	34.84028
17	25	34.85707
17	25	34.87114
17	25	34.88441
17	25	34.90164
17	25	34.91802
17	25	34.93105
17	25	34.94313
17	25	34.95567
17	25	34.96863
18	25	34.98576
18	25	35.00172
18	25	35.01772
18	25	35.02943
18	25	35.04124
18	25	35.05478
18	25	35.0661
18	25	35.07806
18	25	35.09058
19	25	35.10192
19	25	35.11392
19	25	35.12653
19	25	35.14382
19	25	35.15922
19	25	35.17126
19	25	35.18795
19	25	35.19884
19	24	35.21917
19	24	35.24134
19	24	35.26384
19	24	35.28657
19	24	35.30846
19	24	35.3308
19	23	35.35291
19	23	35.37585
19	23	35.39775
19	23	35.42046
19	23	35.44321
19	22	35.46498
19	22	35.48685
19	22	35.50979
19	22	35.53161
19	22	35.55412
19	22	35.57655
19	23	35.59904
19	23	35.62114
19	23	35.64367
19	23	35.66653
19	23	35.67774
19	23	35.68874
19	23	35.70049
19	24	35.71314
19	24	35.72477
19	24	35.73579
19	24	35.74724
19	24	35.75886
19	24	35.77
19	24	35.78256
19	24	35.79773
19	24	35.81057
19	24	35.82484
19	25	35.83789
19	25	35.85207
19	25	35.86367
19	25	35.87584
19	25	35.89434
19	25	35.91508
19	25	35.92645
19	25	35.93828
19	25	35.95008
19	25	35.96134
19	25	35.973
19	25	35.98555
19	25	35.99657
19	25	36.00808
19	25	36.01954
19	25	36.03065
19	25	36.04231
19	25	36.05441
19	25	36.06634
19	25	36.07892
19	25	36.10153
19	25	36.12387
19	24	36.14592
19	24	36.16854
19	24	36.19107
19	24	36.21296
19	24	36.23615
19	24	36.25817
19	23	36.28054
19	23	36.30305
19	23	36.32512
19	23	36.34769
19	23	36.3699
19	22	36.39204
19	22	36.41489
19	22	36.43719
19	22	36.45937
19	22	36.48195
19	22	36.50397
19	22	36.52652
19	22	36.54853
19	22	36.56097
19	22	36.57367
19	22	36.58562
19	22	36.59833
19	22	36.61096
19	22	36.62333
18	22	36.64102
18	22	36.65636
18	22	36.67417
18	22	36.69109
18	22	36.70472
18	22	36.72243
18	22	36.73907
17	22	36.75056
17	22	36.76195
17	22	36.77571
17	22	36.7911
17	22	36.80657
17	22	36.81885
17	22	36.83131
17	22	36.84497
17	22	36.85697
16	22	36.87286
16	22	36.8885
16	22	36.89968
16	22	36.91677
16	22	36.9397
16	22	36.96174
16	22	36.98411
16	22	37.00736
16	22	37.02922
16	22	37.0513
16	22	37.07423
16	22	37.09574
16	22	37.11763
16	22	37.14044
16	22	37.1632
16	22	37.18556
16	22	37.20812
16	22	37.22989
16	22	37.25217
16	22	37.27494
16	22	37.29777
16	22	37.3195
16	22	37.34156
16	22	37.36364
16	22	37.38636
16	22	37.40874
16	22	37.41996
16	22	37.43084
16	22	37.44295
16	22	37.45438
16	22	37.46532
16	22	37.47644
16	22	37.48738
16	22	37.49872
16	22	37.50967
16	22	37.52092
16	22	37.53226
16	22	37.54369
16	22	37.557
16	22	37.5697
16	22	37.58192
16	22	37.59437
16	22	37.60659
16	22	37.61734
16	22	37.63012
16	22	37.64187
16	22	37.65363
16	22	37.66574
16	22	37.67735
16	22	37.6889
16	22	37.7
16	22	37.71199
16	22	37.72378
16	22	37.73499
16	22	37.74682
16	22	37.75873
16	22	37.77003
16	22	37.78238
16	22	37.7941
16	22	37.80541
16	22	37.81784
16	22	37.83109
16	22	37.84552
16	22	37.85858
16	22	37.87057
16	22	37.88153
16	22	37.89271
16	21	37.90925
16	21	37.92528
16	21	37.94464
16	21	37.96174
16	21	37.97859
16	21	37.98961
16	21	38.00084
16	21	38.01293
16	20	38.02483
16	20	38.03476
16	20	38.05676
16	20	38.07846
16	20	38.10113
16	20	38.12278
16	19	38.1452
16	19	38.16785
16	19	38.19056
16	19	38.2131
16	19	38.23469
16	19	38.25746
16	19	38.27908
16	19	38.30096
17	19	38.32394
17	19	38.34554
17	19	38.36841
17	19	38.39054
17	19	38.41393
17	19	38.4364
18	19	38.45863
18	19	38.48101
18	19	38.50299
18	19	38.52552
18	19	38.53828
18	19	38.55083
19	19	38.56216
19	19	38.57398
19	19	38.5913
19	19	38.60733
19	19	38.61966
19	19	38.63102
19	19	38.64466
19	19	38.65583
19	19	38.66706
19	19	38.6813
20	19	38.69226
20	19	38.70391
20	19	38.71609
20	19	38.73236
20	19	38.74817
20	19	38.76323
20	19	38.77546
20	19	38.78792
20	19	38.79891
21	19	38.81087
21	19	38.82213
21	19	38.83521
21	19	38.85209
21	19	38.86728
21	19	38.87922
21	19	38.89157
21	19	38.90593
22	19	38.92699
22	19	38.94977
22	19	38.97282
22	19	38.99496
22	19	39.01777
22	19	39.03995
22	18	39.06228
22	18	39.08423
22	18	39.10646
22	18	39.12836
22	18	39.15079
22	19	39.17327
22	19	39.19551
22	19	39.21782
22	19	39.24009
22	19	39.26262
22	19	39.28443
22	20	39.30805
22	20	39.33056
22	20	39.35269
22	20	39.37532
22	20	39.39222
22	20	39.40871
22	21	39.42099
22	21	39.43335
22	21	39.44688
22	21	39.46296
22	21	39.47906
22	21	39.49144
22	21	39.5045
22	21	39.51871
22	21	39.53188
22	22	39.5479
22	22	39.56174
22	22	39.57435
22	22	39.58961
22	22	39.60528
22	22	39.61652
22	22	39.62759
22	22	39.63918
22	22	39.65024
22	23	39.66183
22	23	39.67363
22	23	39.68751
22	23	39.70514
22	23	39.72281
22	23	39.73366
22	23	39.75399
22	23	39.77624
22	24	39.79873
22	24	39.82127
22	24	39.84386
22	24	39.86546
22	24	39.88786
22	25	39.9105
22	25	39.93276
22	25	39.95601
22	25	39.97763
22	25	40.00032
22	25	40.02187
22	26	40.04433
22	26	40.06673
22	26	40.08924
22	26	40.11121
22	26	40.13358
22	27	40.15663
22	27	40.17845
22	27	40.20063
22	27	40.22305
22	27	40.23454
22	27	40.24601
22	27	40.25798
22	27	40.26898
22	28	40.27914
22	28	40.29069
22	28	40.30185
22	28	40.32003
22	28	40.33748
22	28	40.35675
22	28	40.36911
22	28	40.38147
22	28	40.39309
22	29	40.40485
22	29	40.41604
22	29	40.42758
22	29	40.43948
22	29	40.45082
22	29	40.46238
22	29	40.47427
22	29	40.48557
22	29	40.49677
22	29	40.50865
22	29	40.52036
22	28	40.5326
22	28	40.54467
22	28	40.55597
22	28	40.56665
22	28	40.57851
22	28	40.58963
22	28	40.60463
22	28	40.62579
22	28	40.64787
22	27	40.67046
22	27	40.69291
22	27	40.71517
22	27	40.73714
22	27	40.75912
22	26	40.78151
22	26	40.80384
22	26	40.82651
22	26	40.84878
22	26	40.87147
22	25	40.89348
22	25	40.91615
22	25	40.93921
22	25	40.96073
22	25	40.98251
22	25	41.00457
22	24	41.02682
22	24	41.04919
22	24	41.07179
22	24	41.09459
22	24	41.10566
22	24	41.11713
22	24	41.12787
22	23	41.13942
22	23	41.15048
22	23	41.16129
22	23	41.17236
22	23	41.18353
22	23	41.19432
22	23	41.20639
22	23	41.21832
22	23	41.22968
22	23	41.24096
22	23	41.25177
22	22	41.26222
22	22	41.27282
22	22	41.2842
22	22	41.29491
22	22	41.30727
22	22	41.31913
22	22	41.33131
22	22	41.34218
22	22	41.35321
22	22	41.36465
22	22	41.37543
22	21	41.38686
22	21	41.39748
22	21	41.40913
22	21	41.42127
22	21	41.43529
22	21	41.44838
22	21	41.461
22	21	41.47392
22	21	41.48702
22	21	41.49903
22	20	41.51041
22	20	41.52174
22	20	41.53276
22	20	41.54416
22	20	41.5551
22	20	41.56654
22	20	41.57767
22	20	41.58792
22	20	41.59943
22	20	41.61055
22	20	41.62128
22	19	41.63243
22	19	41.64346
22	19	41.65485
22	19	41.66573
22	19	41.67743
22	19	41.68881
22	19	41.70017
22	19	41.71248
22	19	41.72424
22	19	41.73524
22	19	41.74706
22	18	41.75833
22	18	41.76962
22	18	41.78095
22	18	41.7919
22	18	41.80231
22	18	41.81837
22	18	41.82987
22	18	41.84333
22	18	41.85435
22	18	41.86618
22	17	41.87807
22	17	41.88966
22	17	41.90163
22	17	41.91726
22	17	41.93509
22	17	41.94838
22	17	41.96058
22	17	41.97545
22	17	41.98946
22	16	42.0011
22	16	42.01267
22	16	42.02356
22	16	42.03526
22	16	42.05026
22	16	42.0658
22	16	42.08797
22	16	42.11043
22	17	42.13259
22	17	42.15534
22	17	42.17736
22	17	42.19989
22	17	42.22216
22	18	42.24431
22	18	42.26635
22	18	42.28894
22	18	42.31153
22	18	42.33351
22	18	42.35704
22	19	42.3792
22	19	42.40147
22	19	42.42367
22	19	42.44595
22	19	42.46801
22	20	42.49054
22	20	42.51316
22	20	42.53502
22	20	42.54615
22	20	42.55779
22	20	42.56813
22	20	42.57936
22	20	42.59057
22	20	42.60149
22	21	42.613
22	21	42.6241
22	21	42.63504
22	21	42.64602
22	21	42.65727
22	21	42.66899
22	21	42.67973
22	21	42.69094
22	21	42.70242
22	21	42.71344
22	21	42.72479
22	22	42.7357
22	22	42.74718
22	22	42.75835
22	22	42.76967
22	22	42.78189
22	22	42.79296
22	22	42.80376
22	22	42.81536
22	22	42.82716
22	22	42.83915
22	23	42.85146
22	23	42.86209
22	23	42.87436
22	23	42.88512
22	23	42.89687
22	23	42.90913
22	23	42.91973
22	23	42.93203
22	23	42.94268
22	23	42.9541
22	23	42.96549
22	24	42.97656
22	24	42.9879
22	24	42.99885
22	24	43.01163
22	24	43.02783
22	24	43.04189
22	24	43.05558
22	24	43.07017
22	24	43.08374
22	25	43.0969
22	25	43.10908
22	25	43.12091
22	25	43.13236
22	25	43.14405
22	25	43.15459
22	25	43.16637
22	25	43.17734
22	25	43.18872
22	25	43.19976
22	25	43.21115
22	26	43.2224
22	26	43.23351
22	26	43.24496
22	26	43.25595
22	26	43.26773
22	26	43.28227
22	26	43.29454
22	26	43.30553
22	26	43.31697
22	27	43.3395
22	27	43.36232
22	27	43.38422
22	27	43.40702
22	27	43.42917
22	27	43.45129
22	28	43.47371
22	28	43.49574
22	28	43.51798
22	28	43.54053
22	28	43.56267
22	29	43.58501
22	29	43.60818
22	29	43.62998
22	29	43.65209
22	29	43.67475
22	29	43.69727
23	29	43.71925
23	29	43.74171
23	29	43.76415
23	29	43.78631
23	29	43.80918
23	29	43.82167
24	29	43.83382
24	29	43.84687
24	29	43.85817
24	29	43.86936
24	29	43.88102
24	29	43.89154
24	29	43.90305
24	29	43.9144
24	29	43.92577
24	29	43.93641
24	29	43.94823
25	29	43.95931
25	29	43.9703
25	29	43.98156
25	29	43.99801
25	29	44.01188
25	29	44.02502
25	29	44.03761
25	29	44.04959
25	29	44.06181
26	29	44.07524
26	29	44.08604
26	29	44.09668
26	29	44.10744
26	29	44.11814
26	29	44.1295
26	29	44.13996
26	29	44.15126
26	29	44.1623
26	29	44.17484
26	29	44.18602
27	29	44.19685
27	29	44.20772
27	29	44.21906
27	29	44.23143
27	29	44.2433
27	29	44.25458
27	29	44.26959
27	29	44.28059
27	29	44.29198
27	29	44.30355
27	29	44.3153
27	28	44.32687
27	28	44.33871
27	28	44.35004
27	28	44.36063
27	28	44.37154
27	28	44.38238
27	28	44.39337
27	28	44.4047
27	28	44.41626
27	28	44.42768
27	27	44.43877
27	27	44.44958
27	27	44.46051
27	27	44.47161
27	27	44.48289
27	27	44.49384
27	27	44.50605
27	27	44.51765
27	27	44.53323
27	27	44.54578
27	27	44.55855
27	26	44.57117
27	26	44.58377
27	26	44.59459
27	26	44.60498
27	26	44.61702
27	26	44.6287
27	26	44.63978
27	26	44.6504
27	26	44.6613
27	26	44.67277
27	25	44.68457
27	25	44.69578
27	25	44.70696
27	25	44.71807
27	25	44.72894
27	25	44.74156
27	25	44.75354
27	25	44.76462
27	25	44.77607
27	25	44.78773
27	25	44.79884
27	24	44.80994
27	24	44.82127
27	24	44.8322
27	24	44.84624
27	24	44.85765
27	24	44.86992
27	24	44.89204
27	24	44.91432
27	23	44.93755
27	23	44.96005
27	23	44.98189
27	23	45.00453
27	23	45.02658
27	23	45.04857
27	22	45.07127
27	22	45.09294
27	22	45.11532
27	22	45.1383
27	22	45.16029
27	22	45.18279
27	22	45.20494
27	22	45.22744
27	22	45.24947
27	22	45.27248
27	22	45.29419
27	22	45.31741
27	22	45.33889
27	22	45.35046
27	22	45.36136
27	22	45.37347
27	22	45.38404
27	22	45.39493
27	22	45.40529
27	22	45.41657
27	22	45.42766
27	22	45.43968
27	22	45.45053
27	22	45.46568
27	22	45.47786
27	22	45.48937
27	22	45.50212
27	22	45.51564
27	22	45.52883
27	22	45.54159
27	22	45.55352
27	22	45.56608
27	22	45.57799
27	22	45.58975
27	22	45.60093
27	22	45.61255
27	22	45.62402
27	22	45.6349
27	22	45.64673
27	22	45.65764
27	22	45.66829
26	22	45.68023
26	22	45.69166
26	22	45.70324
26	22	45.71516
26	22	45.72663
26	22	45.73796
26	22	45.74956
26	22	45.76118
26	22	45.77189
26	22	45.78305
25	22	45.79398
25	22	45.80585
25	22	45.81711
25	22	45.83016
25	22	45.85257
25	22	45.87555
25	22	45.89732
24	22	45.91965
24	22	45.94248
24	22	45.96545
24	22	45.98721
24	22	46.00962
24	22	46.03296
23	22	46.05354
23	22	46.07734
23	22	46.09905
23	22	46.12167
23	22	46.14358
22	22	46.16565
22	22	46.18836
22	22	46.2114
22	22	46.23286
22	22	46.25552
22	22	46.27802
22	22	46.29962
22	22	46.32154
22	22	46.33278
22	23	46.34452
22	23	46.35587
22	23	46.36765
22	23	46.37859
22	23	46.3889
22	23	46.39997
22	23	46.41109
22	23	46.42179
22	23	46.43365
22	23	46.44431
22	23	46.45551
22	24	46.46679
22	24	46.47956
22	24	46.49048
22	24	46.50208
22	24	46.5134
22	24	46.52464
22	24	46.53643
22	24	46.54834
22	24	46.55952
22	24	46.57138
22	25	46.58278
22	25	46.59415
22	25	46.60492
22	25	46.61602
22	25	46.62749
22	25	46.63836
22	25	46.6491
22	25	46.6604
22	25	46.67662
22	25	46.68768
22	25	46.70013
22	26	46.71225
22	26	46.72314
22	26	46.73409
22	26	46.74604
22	26	46.7564
22	26	46.76949
22	26	46.78164
22	26	46.79283
22	26	46.80373
22	26	46.81507
22	26	46.82617
22	27	46.83795
22	27	46.85088
22	27	46.86182
22	27	46.87312
22	27	46.8839
22	27	46.89529
22	27	46.90684
22	27	46.91815
22	27	46.92963
22	27	46.94161
22	28	46.95351
22	28	46.96444
22	28	46.97526
22	28	46.98661
22	28	46.99796
22	28	47.00891
22	28	47.02023
22	28	47.03249
22	28	47.0441
22	28	47.05576
22	28	47.06718
22	29	47.07938
22	29	47.09093
22	29	47.10163
22	29	47.11302
22	29	47.1255
22	29	47.14768
22	29	47.17088
22	29	47.19267
21	29	47.21543
21	29	47.23855
21	29	47.26058
21	29	47.28276
21	29	47.30531
20	29	47.32756
20	29	47.34954
20	29	47.37123
20	29	47.39408
20	29	47.41574
19	29	47.43826
19	29	47.46101
19	29	47.48295
19	29	47.50557
19	29	47.52774
19	29	47.55091
18	29	47.57287
18	29	47.59497
18	29	47.61742
18	29	47.62814
18	29	47.64008
18	29	47.6517
18	29	47.66312
18	29	47.67418
17	29	47.68519
17	29	47.69562
17	29	47.70724
17	29	47.71848
17	29	47.72954
17	29	47.74056
17	29	47.75173
17	29	47.76251
17	29	47.77406
17	29	47.78649
17	29	47.79669
16	29	47.80857
16	29	47.81882
16	29	47.83059
16	29	47.84368
16	29	47.85521
16	29	47.86651
16	29	47.88294
16	29	47.89431
16	29	47.90557
16	29	47.91718
16	29	47.92897
16	29	47.93987
16	29	47.95073
16	29	47.96189
16	28	47.9735
16	28	47.98435
16	28	47.99626
16	28	48.00768
16	28	48.01966
16	28	48.03158
16	28	48.04497
16	28	48.05863
16	28	48.07304
16	28	48.08502
16	27	48.09539
16	27	48.10785
16	27	48.11948
16	27	48.13119
16	27	48.14271
16	27	48.15392
16	27	48.16511
16	27	48.17715
16	27	48.18812
16	27	48.20041
16	27	48.21186
16	26	48.22363
16	26	48.23497
16	26	48.24707
16	26	48.25761
16	26	48.26989
16	26	48.28226
16	26	48.29704
16	26	48.30945
16	26	48.32341
16	26	48.33475
16	25	48.34618
16	25	48.35748
16	25	48.36852
16	25	48.38033
16	25	48.39158
16	25	48.40476
16	25	48.41837
16	25	48.43121
16	25	48.44428
16	25	48.45697
17	25	48.46852
17	25	48.48018
17	25	48.49103
17	25	48.50273
17	25	48.5151
17	25	48.52573
17	25	48.53718
17	25	48.54976
17	25	48.56073
17	25	48.57249
18	25	48.58348
18	25	48.59501
18	25	48.6062
18	25	48.61761
18	25	48.62867
18	25	48.63995
18	25	48.65156
18	25	48.66295
18	25	48.67442
18	25	48.68596
18	25	48.697
19	25	48.70902
19	25	48.72041
19	25	48.73412
19	25	48.75624
19	25	48.77907
19	25	48.80119
19	25	48.82434
20	25	48.84683
20	25	48.86864
20	25	48.89088
20	25	48.91334
20	25	48.93589
21	25	48.95787
21	25	48.98075
21	25	49.00244
21	25	49.02493
21	25	49.0475
21	25	49.06925
22	25	49.09177
22	25	49.1144
22	25	49.13721
22	25	49.15876
22	25	49.18163
23	25	49.20401
23	25	49.21584
23	25	49.22652
23	25	49.24059
23	25	49.25638
23	25	49.26891
23	25	49.28147
23	25	49.29714
23	25	49.31525
24	25	49.33107
24	25	49.34361
24	25	49.35825
24	25	49.37292
24	25	49.38412
24	25	49.39503
24	25	49.40653
24	25	49.41781
24	25	49.4283
25	25	49.44003
25	25	49.45135
25	25	49.46725
25	25	49.48189
25	25	49.49208
25	25	49.50357
25	25	49.51543
25	25	49.52713
25	25	49.54063
25	25	49.55279
26	25	49.56342
26	25	49.57371
26	25	49.59441
26	25	49.6173
26	25	49.63902
26	25	49.66127
27	25	49.68376
27	25	49.70636
27	25	49.72882
27	25	49.75121
27	25	49.77364
27	25	49.79632
27	24	49.81811
27	24	49.84084
27	24	49.86237
27	24	49.88459
27	24	49.90739
27	23	49.92999
27	23	49.95174
27	23	49.97412
27	23	49.99611
27	23	50.0186
27	23	50.04099
27	22	50.06372
27	22	50.07418
27	22	50.0894
27	22	50.10312
27	22	50.11438
27	22	50.12522
27	22	50.13625
27	22	50.14767
27	22	50.15847
27	22	50.17015
27	22	50.18164
27	22	50.19244
27	22	50.20417
27	22	50.21613
27	22	50.22797
27	22	50.24026
27	22	50.25178
27	22	50.26284
27	22	50.27417
27	22	50.28524
27	22	50.29782
27	22	50.31323
27	22	50.32632
27	22	50.34639
27	22	50.35822
27	22	50.36891
27	22	50.38023
27	22	50.39162
27	22	50.40254
27	22	50.41379
27	22	50.4253
27	22	50.43641
27	22	50.44818
27	22	50.45979
27	22	50.47082
27	22	50.48183
27	22	50.49271
27	22	50.50415
27	22	50.51496
27	22	50.5261
27	22	50.53705
27	22	50.54861
27	22	50.55912
27	22	50.57712
27	22	50.59974
27	22	50.6224
27	22	50.64476
27	22	50.66712
27	22	50.68969
27	22	50.7121
27	22	50.73399
27	22	50.75689
27	22	50.77911
27	22	50.80172
27	22	50.82385
27	22	50.84557
27	22	50.86794
27	22	50.88973
27	22	50.91236
27	22	50.93476
27	22	50.95728
27	22	50.98011
27	22	51.00219
27	22	51.02482
26	22	51.0472
26	22	51.05851
26	22	51.06975
26	22	51.08057
26	22	51.09144
26	22	51.10209
26	22	51.11345
26	22	51.12478
26	22	51.13591
26	22	51.14737
26	22	51.15872
25	22	51.17073
25	22	51.18222
25	22	51.19318
25	22	51.20414
25	22	51.21518
25	22	51.22578
25	22	51.23626
25	22	51.24817
25	22	51.25892
25	22	51.27057
24	22	51.2824
24	22	51.29915
24	22	51.31095
24	22	51.32544
24	22	51.33867
24	22	51.351
24	22	51.36145
24	22	51.37285
24	22	51.38445
24	22	51.39563
23	22	51.40652
23	22	51.41837
23	22	51.4297
23	22	51.4409
23	22	51.45269
23	22	51.46343
23	22	51.47526
23	22	51.48677
23	22	51.49912
23	22	51.51042
23	22	51.52221
22	22	51.53325
22	22	51.55018
22	22	51.56099
22	22	51.57335
22	22	51.58523
22	22	51.59682
22	22	51.60845
22	22	51.61916
22	22	51.63765
22	22	51.66021
22	22	51.68275
22	22	51.70498
22	22	51.72742
22	22	51.74957
22	22	51.7727
22	22	51.79527
22	22	51.81822
22	22	51.84118
22	22	51.86203
22	22	51.88415
22	22	51.9064
22	22	51.92832
22	22	51.95081
22	22	51.97383
22	22	51.99538
22	22	52.01752
22	22	52.0405
22	22	52.06275
22	22	52.08536
22	22	52.1073
22	22	52.12167
22	22	52.13543
22	22	52.14645
22	22	52.15763
22	22	52.16903
22	22	52.18033
22	22	52.19189
22	22	52.2032
22	22	52.21441
22	22	52.22506
22	22	52.2365
22	22	52.24783
22	22	52.25883
22	22	52.27119
22	22	52.28301
22	22	52.29461
22	22	52.30799
22	22	52.32251
22	22	52.33429
22	22	52.34618
22	22	52.3577
22	22	52.36885
22	22	52.37989
22	22	52.39178
22	22	52.40352
22	22	52.41483
22	22	52.42582
22	22	52.43744
22	22	52.44926
22	22	52.46099
22	22	52.47345
22	22	52.48495
22	22	52.49495
22	22	52.50664
22	22	52.51723
22	22	52.52836
22	22	52.53973
22	22	52.55153
22	22	52.5626
22	22	52.57392
22	22	52.58508
22	22	52.59594
22	22	52.60765
22	22	52.61814
22	22	52.62923
22	22	52.6404
22	22	52.65173
22	22	52.66267
22	22	52.674
22	22	52.68566
22	22	52.69595
22	22	52.70806
22	22	52.71939
22	22	52.73057
22	22	52.74196
22	22	52.75327
22	22	52.77004
22	22	52.78139
22	22	52.79274
22	22	52.80412
22	22	52.8387
22	22	52.85122
22	22	52.86238
22	22	52.87476
22	22	52.88856
22	22	52.90134
22	22	52.91404
22	22	52.92578
22	22	52.93696
22	22	52.94834
22	22	52.95964
22	22	52.97187
22	22	52.98368
22	22	52.9946
22	22	53.00696
22	22	53.01817
22	22	53.02884
22	22	53.04517
22	22	53.06786
22	22	53.09099
22	22	53.11256
22	22	53.13534
22	21	53.15805
22	21	53.17993
22	21	53.20246
22	21	53.22439
22	21	53.24723
22	21	53.2695
22	20	53.29174
22	20	53.31487
22	20	53.33672
22	20	53.3589
22	20	53.38112
22	19	53.40383
22	19	53.4259
22	19	53.4482
22	19	53.47054
22	19	53.49264
22	19	53.51487
22	18	53.526
22	18	53.53708
22	18	53.5481
22	18	53.55985
22	18	53.57037
22	18	53.58119
22	18	53.5927
22	18	53.60405
22	18	53.61616
22	18	53.62741
22	17	53.6393
22	17	53.65079
22	17	53.66142
22	17	53.67429
22	17	53.6866
22	17	53.69909
22	17	53.71233
22	17	53.72485
22	17	53.73689
22	17	53.74816
22	17	53.75977
22	16	53.77142
22	16	53.78397
22	16	53.79484
22	16	53.80658
22	16	53.8186
22	16	53.83009
22	16	53.84257
22	16	53.85652
22	16	53.86815
22	16	53.87995
22	15	53.89146
22	15	53.90258
22	15	53.91384
22	15	53.92487
22	15	53.93723
22	15	53.95048
22	15	53.96595
22	15	53.97958
22	15	53.99339
22	14	54.00668
22	14	54.02039
22	14	54.03788
22	14	54.04937
22	14	54.0626
22	14	54.08451
22	14	54.10704
22	13	54.1292
22	13	54.15291
22	13	54.17393
22	13	54.19613
22	13	54.21831
22	13	54.24081
22	12	54.26282
22	12	54.28564
22	12	54.30864
22	12	54.33143
22	12	54.35288
22	11	54.37563
22	11	54.39754
22	11	54.42016
22	11	54.44232
22	11	54.4648
22	11	54.48738
22	10	54.50887
22	10	54.5316
22	10	54.54382
22	10	54.55502
22	10	54.56648
22	10	54.57803
22	10	54.58966
22	10	54.60209
22	10	54.61345
22	9	54.62459
22	9	54.63603
22	9	54.64843
22	9	54.66011
22	9	54.67253
22	9	54.68428
22	9	54.69531
22	9	54.70725
22	9	54.72047
22	9	54.73138
22	8	54.74325
22	8	54.75519
22	8	54.76687
22	8	54.77843
22	8	54.79013
22	8	54.8021
22	8	54.8137
22	8	54.82504
22	8	54.83714
22	8	54.84984
22	7	54.86261
22	7	54.87526
22	7	54.88738
22	7	54.89981
22	7	54.91193
22	7	54.92358
22	7	54.93528
22	7	54.94696
22	7	54.95937
22	7	54.9708
22	7	54.98185
22	6	54.99341
22	6	55.00546
22	6	55.0167
22	6	55.02878
22	6	55.04589
22	6	55.06015
22	6	55.07435
22	6	55.08842
22	6	55.10297
22	5	55.11457
22	5	55.13478
22	5	55.15685
22	5	55.17928
22	5	55.20237
22	5	55.22414
22	4	55.24667
22	4	55.2695
22	4	55.29137
22	4	55.31409
22	4	55.33693
22	4	55.35838
22	4	55.3806
22	4	55.40244
22	4	55.42616
22	4	55.44694
22	4	55.46996
22	3	55.49223
22	3	55.51435
22	3	55.53753
22	3	55.55927
22	3	55.58214
22	2	55.59387
22	2	55.60491
22	2	55.61547
22	2	55.62683
22	2	55.63902
22	2	55.64984
22	2	55.66109
22	2	55.67266
22	2	55.6841
22	2	55.69471
22	2	55.70704
22	2	55.71865
22	2	55.73
22	2	55.74197
22	2	55.75323
22	2	55.76422
22	2	55.77563
22	2	55.78817
22	2	55.79919
22	2	55.81094
22	2	55.82208
22	2	55.83443
22	2	55.84676
22	2	55.85886
22	2	55.87069
22	2	55.88332
22	2	55.89562
22	2	55.90801
22	2	55.91946
22	2	55.93097
22	2	55.94318
22	2	55.95495
22	2	55.96595
22	2	55.97768
22	2	55.98983
22	2	56.00136
22	2	56.01184
22	2	56.02415
22	2	56.03631
22	2	56.04787
22	2	56.06
22	2	56.07194
22	2	56.08429
22	2	56.10634
22	2	56.12913
22	2	56.15196
22	2	56.17498
22	2	56.19628
21	2	56.21913
21	2	56.24045
21	2	56.26231
21	2	56.28567
21	2	56.30717
21	2	56.32953
20	2	56.35236
20	2	56.37607
20	2	56.39701
20	2	56.41973
20	2	56.44143
19	2	56.46361
19	2	56.48654
19	2	56.50853
19	2	56.5317
19	2	56.55367
19	2	56.57603
18	2	56.59783
18	2	56.61022
18	2	56.62071
18	2	56.63219
18	2	56.64344
18	2	56.65425
18	2	56.66586
18	2	56.67685
18	2	56.68851
18	2	56.69979
17	2	56.71693
17	2	56.72869
17	2	56.74082
17	2	56.75214
17	2	56.76451
17	2	56.77619
17	2	56.78851
17	2	56.79958
17	2	56.81138
17	2	56.82312
16	2	56.83485
16	2	56.84788
16	2	56.85984
16	2	56.87215
16	2	56.88459
16	2	56.89728
16	2	56.90845
16	2	56.9208
16	2	56.933
16	2	56.94541
15	2	56.95693
15	2	56.96763
15	2	56.97902
15	2	56.99021
15	2	57.00233
15	2	57.01355
15	2	57.02561
15	2	57.03693
15	2	57.0484
15	2	57.05955
14	2	57.07114
14	2	57.08352
14	2	57.09533
14	2	57.10831
14	2	57.11982
14	2	57.13094
14	2	57.14331
14	2	57.15569
14	2	57.16718
14	2	57.17852
13	2	57.2006
13	2	57.22366
13	2	57.24577
13	2	57.26773
13	2	57.28998
13	2	57.31337
13	3	57.33563
13	3	57.35769
13	3	57.38007
13	3	57.40417
13	3	57.42589
13	4	57.44736
13	4	57.47042
13	4	57.49177
13	4	57.51397
13	4	57.53637
13	4	57.55873
13	5	57.58123
13	5	57.60362
13	5	57.62608
13	5	57.64761
13	5	57.6638
13	5	57.67682
13	5	57.68843
13	5	57.70018
13	5	57.71186
13	5	57.72362
13	5	57.73512
13	5	57.74853
13	5	57.75947
13	5	57.77124
13	5	57.78357
13	5	57.79482
13	5	57.80597
13	5	57.81784
13	5	57.82898
13	5	57.84228
13	5	57.85467
13	5	57.86613
13	5	57.87785
13	5	57.88977
13	5	57.90176
12	5	57.91419
12	5	57.93089
12	5	57.94424
12	5	57.96054
12	5	57.9764
12	5	57.98781
12	5	57.9997
12	5	58.01233
12	5	58.02448
11	5	58.0366
11	5	58.04782
11	5	58.06101
11	5	58.08353
11	5	58.10623
11	5	58.12776
10	5	58.1502
10	5	58.17297
10	5	58.19611
10	5	58.2177
10	5	58.24055
10	5	58.26303
10	5	58.28432
10	5	58.30765
10	5	58.32973
10	5	58.35168
10	5	58.37404
10	5	58.39668
10	6	58.41867
10	6	58.44084
10	6	58.4629
10	6	58.48536
10	6	58.50774
10	6	58.53008
10	6	58.54207
10	6	58.5533
10	6	58.56541
10	6	58.58099
10	6	58.59811
10	6	58.61471
10	6	58.62588
10	6	58.63791
10	6	58.65033
10	7	58.66233
10	7	58.674
10	7	58.68644
10	7	58.7021
10	7	58.71777
10	7	58.72973
10	7	58.74252
10	7	58.75887
10	7	58.77498
10	7	58.78851
10	7	58.80144
11	7	58.81495
11	7	58.82762
11	7	58.84129
11	7	58.85752
11	7	58.87335
11	7	58.88425
11	7	58.89932
11	7	58.92181
12	7	58.94367
12	7	58.9664
12	7	58.98886
12	7	59.01118
12	7	59.03297
13	7	59.05666
13	7	59.07792
13	7	59.09987
13	7	59.12234
13	7	59.1445
13	7	59.16694
13	7	59.18929
13	7	59.21239
13	7	59.23429
13	7	59.25636
13	8	59.27894
13	8	59.30126
13	8	59.32347
13	8	59.34633
13	8	59.36889
13	8	59.3848
13	9	59.40411
13	9	59.41882
13	9	59.43276
13	9	59.45013
13	9	59.46769
13	9	59.47952
13	9	59.4913
13	9	59.50287
13	9	59.51533
13	10	59.52731
13	10	59.54358
13	10	59.55927
13	10	59.57101
13	10	59.58308
13	10	59.59501
13	10	59.60666
13	10	59.61786
13	10	59.63027
13	10	59.64249
13	9	59.65482
13	9	59.66656
13	9	59.67928
13	9	59.69046
13	9	59.70207
13	9	59.72506
13	9	59.74791
13	9	59.7706
13	8	59.79332
13	8	59.8152
13	8	59.83879
13	8	59.86015
13	8	59.88216
13	7	59.90472
13	7	59.92645
13	7	59.94889
13	7	59.97117
13	7	59.99347
13	7	60.01546
13	7	60.03784
13	7	60.05996
12	7	60.08242
12	7	60.10551
12	7	60.12741
12	7	60.15046
12	7	60.17284
11	7	60.19479
11	7	60.20982
11	7	60.22371
11	7	60.23549
11	7	60.24788
11	7	60.25928
11	7	60.27175
11	7	60.2837
11	7	60.29635
11	7	60.30886
10	7	60.32124
10	7	60.33244
10	7	60.34369
10	7	60.35552
10	7	60.36691
10	7	60.37895
10	7	60.39141
10	7	60.40372
10	7	60.41769
10	7	60.43109
9	7	60.44454
9	7	60.45804
9	7	60.47072
9	7	60.487
9	7	60.50145
9	7	60.51319
9	7	60.52509
9	7	60.53609
9	7	60.54751
9	7	60.55888
8	7	60.57062
8	7	60.58442
8	7	60.60738
8	7	60.63045
8	7	60.65196
8	7	60.67449
7	7	60.69726
7	7	60.71924
7	7	60.74178
7	7	60.76447
7	7	60.78752
7	8	60.80896
7	8	60.83136
7	8	60.85372
7	8	60.87595
7	8	60.89913
7	8	60.92128
7	9	60.94404
7	9	60.96573
7	9	60.98738
7	9	61.01014
7	9	61.03247
7	10	61.05506
7	10	61.0656
7	10	61.07801
7	10	61.08995
7	10	61.10106
7	10	61.11668
7	10	61.1331
7	10	61.14575
7	10	61.1583
7	10	61.16942
7	9	61.18139
7	9	61.19281
7	9	61.20485
7	9	61.21676
7	9	61.22801
7	9	61.23984
7	9	61.2514
7	9	61.26316
7	9	61.27531
7	9	61.28683
7	8	61.29843
7	8	61.31072
7	8	61.32415
7	8	61.33477
7	8	61.34713
7	8	61.3586
7	8	61.36969
7	8	61.38142
7	8	61.39293
7	8	61.40527
7	7	61.41688
7	7	61.42741
7	7	61.44534
7	7	61.46803
7	7	61.49051
7	7	61.51283
7	7	61.53523
7	6	61.55859
7	6	61.58043
7	6	61.60271
7	6	61.6255
7	6	61.64717
7	6	61.66967
7	6	61.69186
7	6	61.71468
7	6	61.7361
7	6	61.7586
7	6	61.78063
7	5	61.80271
7	5	61.82554
7	5	61.8477
7	5	61.87073
7	5	61.89236
7	4	61.91457
7	4	61.92672
7	4	61.93908
7	4	61.95778
7	4	61.97463
7	4	61.98797
7	4	62.00062
7	4	62.01363
7	4	62.02629
7	3	62.04399
7	3	62.05983
7	3	62.07613
7	3	62.0929
7	3	62.10359
7	3	62.11498
7	3	62.12673
7	3	62.13866
7	2	62.14956
7	2	62.16058
7	2	62.17268
7	2	62.18419
7	2	62.20033
7	2	62.2174
7	2	62.22902
7	2	62.24571
7	2	62.25689
7	2	62.27197
7	2	62.29445
7	2	62.31641
7	2	62.34015
7	2	62.36148
7	2	62.38345
7	2	62.40582
7	2	62.42804
7	3	62.45095
7	3	62.47368
7	3	62.49641
7	3	62.51817
7	3	62.54116
7	3	62.56263
7	4	62.58491
7	4	62.60739
7	4	62.63005
7	4	62.65199
7	4	62.67488
7	5	62.69745
7	5	62.71877
7	5	62.74171
7	5	62.75385
7	5	62.76532
7	5	62.77808
7	5	62.78976
7	5	62.80155
7	5	62.81448
6	5	62.82734
6	5	62.84251
6	5	62.85918
6	5	62.87548
6	5	62.88729
6	5	62.89963
6	5	62.91187
6	5	62.92282
6	5	62.93495
5	5	62.94683
5	5	62.95888
5	5	62.97123
5	5	62.98966
5	5	63.00713
5	5	63.01783
5	5	63.03003
5	5	63.04206
5	5	63.05373
4	5	63.06512
4	5	63.07662
4	5	63.08777
4	5	63.09865
4	5	63.12162
4	5	63.14317
4	5	63.16573
3	5	63.18786
3	5	63.21067
3	5	63.23304
3	5	63.25537
3	5	63.27794
3	5	63.29987
4	5	63.32217
4	5	63.3446
4	5	63.36701
4	5	63.38983
4	5	63.41206
5	5	63.43386
5	5	63.45748
5	5	63.4786
5	5	63.50068
5	5	63.52394
5	5	63.54604
6	5	63.56831
6	5	63.5915
6	5	63.60317
6	5	63.61541
6	5	63.62786
6	5	63.64057
6	5	63.65213
6	5	63.66504
7	5	63.67789
7	5	63.69046
7	5	63.70359
7	5	63.72705
7	5	63.73954
7	5	63.75233
7	5	63.76395
7	5	63.77745
7	5	63.79147
7	5	63.80523
7	5	63.81879
7	5	63.83144
7	5	63.84466
7	5	63.85654
7	5	63.86766
7	5	63.87952
7	5	63.89032
7	5	63.90152
7	5	63.91397
7	5	63.92619
7	6	63.93743
7	6	63.94952
7	6	63.96227
7	6	63.9748
7	6	63.99218
7	6	64.01428
7	6	64.03721
7	6	64.0598
7	6	64.08231
7	6	64.10399
7	6	64.12632
7	6	64.14828
7	6	64.17048
7	7	64.19358
7	7	64.21546
7	7	64.23859
7	7	64.26125
7	7	64.28321
7	8	64.30572
7	8	64.32803
7	8	64.35033
7	8	64.3727
7	8	64.39474
7	9	64.41682
7	9	64.43909
7	9	64.46124
7	9	64.47285
7	9	64.48416
7	9	64.49528
7	9	64.50667
7	9	64.51807
7	9	64.52908
7	10	64.53933
7	10	64.5508
7	10	64.56128
7	10	64.57277
7	10	64.58495
7	10	64.59595
7	10	64.60638
7	10	64.61743
7	10	64.62837
7	10	64.63992
7	10	64.65153
7	11	64.66194
7	11	64.67435
7	11	64.68635
7	11	64.70194
7	11	64.71851
7	11	64.73492
7	11	64.74689
7	11	64.75833
7	11	64.76982
7	11	64.78217
7	12	64.79359
7	12	64.80711
7	12	64.8303
7	12	64.84853
7	12	64.86144
7	12	64.87741
7	12	64.89285
7	12	64.90386
7	13	64.91628
7	13	64.92908
7	13	64.9443
7	13	64.95846
7	13	64.97601
7	13	64.99784
7	13	65.02039
7	14	65.04287
7	14	65.06492
7	14	65.0876
7	14	65.10944
7	14	65.13186
7	15	65.15399
7	15	65.17652
7	15	65.19904
7	15	65.22116
7	15	65.24338
7	15	65.26523
7	16	65.28838
7	16	65.31056
7	16	65.33404
7	16	65.35553
7	16	65.37791
6	16	65.39964
6	16	65.42233
6	16	65.44534
6	16	65.46194
6	16	65.48019
6	16	65.4939
6	16	65.51263
5	16	65.52811
5	16	65.54063
5	16	65.55685
5	16	65.57126
5	16	65.58344
5	16	65.59475
5	16	65.60675
5	16	65.61839
5	16	65.63
4	16	65.64111
4	16	65.65332
4	16	65.67197
4	16	65.68696
4	16	65.69814
4	16	65.70999
4	16	65.72112
4	16	65.73277
4	16	65.74522
4	16	65.75743
3	16	65.76884
3	16	65.77978
3	16	65.80182
3	16	65.82461
3	16	65.84624
3	16	65.86844
2	16	65.89122
2	16	65.91331
2	16	65.93626
2	16	65.95859
2	16	65.98186
2	16	66.00318
2	15	66.02534
2	15	66.04733
2	15	66.06995
2	15	66.09219
2	15	66.11453
2	15	66.13733
2	14	66.15894
2	14	66.1814
2	14	66.20396
2	14	66.22602
2	14	66.24881
2	13	66.27091
2	13	66.28442
2	13	66.30679
2	13	66.32451
2	13	66.3398
2	13	66.35203
2	13	66.36447
2	13	66.37551
2	13	66.38708
2	13	66.39883
3	13	66.4108
3	13	66.42297
3	13	66.43573
3	13	66.45452
3	13	66.47302
3	13	66.49056
3	13	66.50672
3	13	66.51835
4	13	66.52991
4	13	66.54122
4	13	66.55267
4	13	66.56732
4	13	66.5822
4	13	66.59409
4	13	66.60576
4	13	66.61701
4	13	66.64005
4	12	66.66129
4	12	66.6838
4	12	66.70589
4	12	66.72855
4	12	66.75086
4	11	66.77382
4	11	66.79652
4	11	66.81838
4	11	66.84128
4	11	66.86268
4	11	66.88504
4	10	66.90762
4	10	66.92992
4	10	66.95272
4	10	66.97449
4	10	66.99681
4	10	67.01889
4	10	67.04149
4	10	67.06384
4	10	67.08698
4	10	67.10918
4	10	67.12262
4	10	67.13564
4	10	67.14728
4	10	67.15869
4	10	67.17047
4	11	67.18243
4	11	67.1947
4	11	67.20619
4	11	67.21822
4	11	67.22917
4	11	67.24149
4	11	67.2537
4	11	67.26547
4	11	67.2765
4	11	67.28891
4	11	67.30051
4	12	67.31284
4	12	67.32521
4	12	67.33663
4	12	67.34883
4	12	67.35935
4	12	67.37074
4	12	67.38226
4	12	67.39455
4	12	67.40559
4	12	67.41845
4	13	67.4298
4	13	67.44131
4	13	67.45252
4	13	67.46374
4	13	67.47526
4	13	67.48676
4	13	67.49832
4	13	67.5105
4	13	67.52112
4	13	67.5443
4	13	67.56627
4	13	67.58884
4	13	67.61121
4	13	67.63397
3	13	67.65654
3	13	67.67814
3	13	67.70022
3	13	67.72301
3	13	67.74516
3	13	67.76722
2	13	67.78957
2	13	67.81275
2	13	67.83486
2	13	67.857
2	13	67.87967
2	13	67.90172
2	13	67.92358
2	13	67.94637
2	13	67.96865
2	13	67.9909
2	13	68.01396
2	14	68.02665
2	14	68.03883
2	14	68.05095
2	14	68.06235
2	14	68.07444
2	14	68.08648
2	14	68.09811
2	14	68.11017
2	14	68.12123
2	14	68.13297
2	14	68.1445
2	15	68.15618
2	15	68.16773
2	15	68.17953
2	15	68.19061
2	15	68.20155
2	15	68.2148
2	15	68.22838
2	15	68.24315
2	15	68.25674
2	15	68.2692
2	16	68.28069
2	16	68.29167
2	16	68.30398
2	16	68.31789
2	16	68.33485
2	16	68.34715
2	16	68.35883
2	16	68.36962
2	16	68.381
2	16	68.39197
2	17	68.4025
2	17	68.41473
2	17	68.42709
2	17	68.44353
2	17	68.45927
2	17	68.47151
2	17	68.4836
2	17	68.49442
2	17	68.50619
2	18	68.51784
2	18	68.52962
2	18	68.54646
2	18	68.56186
2	18	68.57327
2	18	68.58508
2	18	68.59639
2	18	68.60807
2	18	68.61998
2	18	68.63216
2	19	68.64387
2	19	68.66107
2	19	68.68409
2	19	68.7061
2	19	68.7288
2	19	68.75091
3	19	68.77322
3	19	68.79623
3	19	68.81845
3	19	68.84167
3	19	68.86193
4	19	68.88457
4	19	68.90663
4	19	68.9295
4	19	68.95199
4	19	68.97418
4	19	68.99745
4	19	69.01954
4	20	69.04103
4	20	69.06377
4	20	69.08616
4	20	69.10872
4	20	69.13131
4	20	69.14433
4	20	69.15806
4	21	69.17527
4	21	69.19106
4	21	69.20692
4	21	69.21832
4	21	69.22982
4	21	69.24123
4	21	69.25243
4	21	69.26452
4	21	69.27673
4	22	69.28807
4	22	69.29967
4	22	69.31393
4	22	69.32996
4	22	69.34582
4	22	69.3567
4	22	69.36796
4	22	69.37946
4	22	69.39041
4	22	69.40196
4	22	69.4136
4	22	69.42464
4	22	69.43635
4	22	69.4481
4	22	69.4591
4	22	69.4712
4	22	69.48389
4	22	69.49463
4	22	69.51038
4	22	69.53255
4	22	69.55507
4	22	69.57731
4	22	69.5998
4	22	69.62219
4	22	69.64424
4	22	69.66648
4	22	69.68855
4	22	69.71113
4	22	69.73331
4	22	69.75566
4	22	69.77858
4	22	69.80019
4	22	69.82316
4	22	69.84544
5	22	69.86821
5	22	69.89003
5	22	69.91268
5	22	69.93663
5	22	69.95744
5	22	69.97932
6	22	69.99047
6	22	70.00198
6	22	70.01458
6	22	70.02885
6	22	70.04699
6	22	70.05816
6	22	70.06935
6	22	70.08172
6	22	70.0944
7	22	70.11119
7	22	70.126
7	22	70.13899
7	22	70.15451
7	22	70.17021
7	22	70.18254
7	22	70.1938
7	22	70.20647
7	22	70.21793
6	22	70.23487
6	22	70.24726
6	22	70.26572
6	22	70.28438
6	22	70.29745
6	22	70.31056
6	22	70.32247
6	22	70.33379
6	22	70.3477
5	22	70.37023
5	22	70.39207
5	22	70.41489
5	22	70.43699
5	22	70.4592
4	22	70.48183
4	22	70.50421
4	22	70.52686
4	22	70.54918
4	22	70.57211
3	22	70.59364
3	22	70.61655
3	22	70.63819
3	22	70.66007
3	22	70.68262
3	22	70.70516
2	22	70.72831
2	22	70.75024
2	22	70.77286
2	22	70.79484
2	22	70.8066
2	22	70.81795
2	22	70.83025
2	22	70.84304
2	22	70.85494
2	22	70.86617
2	22	70.87733
2	22	70.8902
2	22	70.90659
2	22	70.92262
2	23	70.93462
2	23	70.94642
2	23	70.95787
2	23	70.9763
2	23	70.99439
2	23	71.00912
2	23	71.02272
2	23	71.03592
2	24	71.04956
2	24	71.06795
2	24	71.08582
2	24	71.10332
2	24	71.11463
2	24	71.12589
2	24	71.137
2	24	71.14829
2	24	71.16341
2	25	71.18555
2	25	71.20797
2	25	71.22979
2	25	71.25256
2	25	71.27464
2	26	71.29736
2	26	71.31989
2	26	71.34272
2	26	71.36565
2	26	71.38684
2	26	71.40932
2	27	71.43176
2	27	71.45449
2	27	71.47613
2	27	71.49914
2	27	71.52163
2	28	71.54326
2	28	71.56589
2	28	71.58842
2	28	71.61115
2	28	71.63297
2	28	71.64552
2	28	71.65623
2	29	71.66823
2	29	71.67955
2	29	71.70064
2	29	71.71539
2	29	71.72649
2	29	71.73788
2	29	71.75012
2	29	71.76099
2	29	71.77296
2	29	71.78423
2	29	71.79527
2	29	71.80676
2	29	71.81818
2	29	71.83117
2	29	71.84776
2	29	71.86169
2	29	71.87447
2	29	71.88515
2	29	71.89669
2	29	71.90847
3	29	71.91959
3	29	71.93026
3	29	71.94403
3	29	71.96731
3	29	71.99024
3	29	72.01324
3	29	72.03427
4	29	72.0569
4	29	72.07996
4	29	72.10258
4	29	72.12392
4	29	72.14668
5	29	72.16878
5	29	72.19041
5	29	72.21299
5	29	72.23522
5	29	72.2575
5	29	72.28
6	29	72.30321
6	29	72.32526
6	29	72.34755
6	29	72.36983
6	29	72.3923
7	29	72.41473
7	29	72.43668
7	29	72.44824
7	29	72.46243
7	29	72.47836
7	29	72.49378
7	29	72.50564
7	29	72.5165
8	29	72.52711
8	29	72.54251
8	29	72.55683
8	29	72.57538
8	29	72.59286
8	29	72.60421
8	29	72.61576
8	29	72.63124
8	29	72.64594
9	29	72.65678
9	29	72.66752
9	29	72.67907
9	29	72.6935
9	29	72.70943
9	29	72.7204
9	29	72.73227
9	29	72.74379
9	29	72.75489
9	29	72.76652
10	29	72.78295
10	29	72.79795
10	29	72.81276
10	29	72.82362
10	29	72.8392
10	29	72.86099
10	29	72.88397
11	29	72.90582
11	29	72.92908
11	29	72.9502
11	29	72.97298
11	29	72.99515
12	29	73.01726
12	29	73.03956
12	29	73.06185
12	29	73.08552
12	29	73.10752
12	29	73.12901
13	29	73.1515
13	29	73.17434
13	29	73.19606
13	29	73.21894
13	29	73.24171
13	28	73.26305
13	28	73.28545
13	28	73.29883
13	28	73.31604
13	28	73.33185
13	28	73.34379
13	28	73.35648
13	28	73.36793
13	28	73.38015
13	27	73.39216
13	27	73.40891
13	27	73.42709
13	27	73.44511
13	27	73.45786
13	27	73.46991
13	27	73.48094
13	27	73.49219
13	27	73.50308
13	26	73.51431
13	26	73.52539
13	26	73.53719
13	26	73.55289
13	26	73.56896
13	26	73.58514
13	26	73.59554
13	26	73.60704
13	26	73.61873
13	25	73.62917
13	25	73.6418
13	25	73.66524
13	25	73.68807
13	25	73.7108
13	25	73.73237
13	25	73.75435
13	25	73.77675
13	26	73.79923
13	26	73.82168
13	26	73.84399
13	26	73.86649
13	26	73.8885
13	26	73.91082
13	27	73.93311
13	27	73.9556
13	27	73.97803
13	27	74.00024
13	27	74.02322
14	27	74.04492
14	27	74.0673
14	27	74.08956
14	27	74.11166
14	27	74.13422
14	27	74.14531
14	27	74.15697
15	27	74.16751
15	27	74.17923
15	27	74.19508
15	27	74.21185
15	27	74.22346
15	27	74.23445
15	27	74.2459
15	27	74.25739
15	27	74.26816
15	27	74.28146
16	27	74.29437
16	27	74.30733
16	27	74.32002
16	27	74.33315
16	27	74.34846
16	27	74.3634
16	27	74.37978
16	27	74.38955
16	27	74.40279
16	27	74.41748
16	27	74.42866
16	27	74.43985
16	27	74.45179
16	27	74.46314
16	27	74.47433
16	27	74.4857
16	27	74.49704
15	27	74.50839
15	27	74.51945
15	27	74.53004
15	27	74.54733
15	27	74.57063
15	27	74.59236
15	27	74.61425
14	27	74.63713
14	27	74.65919
14	27	74.68173
14	27	74.70393
14	27	74.72634
14	27	74.74841
13	27	74.77142
13	27	74.79383
13	27	74.81599
13	27	74.83944
13	27	74.86018
13	27	74.883
13	27	74.90515
13	27	74.9271
13	27	74.95008
13	27	74.97234
13	27	74.99436
13	27	75.01689
13	27	75.02876
13	26	75.03931
13	26	75.05099
13	26	75.06402
13	26	75.07574
13	26	75.08768
13	26	75.10117
13	26	75.11443
13	26	75.12663
13	26	75.13792
13	26	75.15129
13	25	75.16195
13	25	75.17376
13	25	75.18507
13	25	75.19578
13	25	75.20744
13	25	75.21832
13	25	75.22913
13	25	75.24033
13	25	75.25211
13	25	75.26228
13	25	75.27354
13	25	75.28487
13	25	75.296
13	25	75.30813
13	25	75.31998
13	25	75.33128
13	25	75.34245
13	25	75.35336
13	25	75.3657
13	25	75.37885
13	25	75.39134
13	25	75.4052
13	25	75.41773
13	25	75.43027
13	25	75.44275
13	25	75.45338
12	25	75.46448
12	25	75.4761
12	25	75.48837
12	25	75.50329
12	25	75.51914
12	25	75.53069
12	25	75.54253
12	25	75.55317
12	25	75.56465
12	25	75.58059
11	25	75.60036
11	25	75.61254
11	25	75.62711
11	25	75.64207
11	25	75.65253
11	25	75.66322
11	25	75.67422
11	25	75.68499
11	25	75.69543
10	25	75.70952
10	25	75.73246
10	25	75.75405
10	25	75.77604
10	25	75.79818
10	25	75.82121
10	24	75.84324
10	24	75.86585
10	24	75.89054
10	24	75.91068
10	24	75.93246
10	23	75.95525
10	23	75.97751
10	23	75.9995
10	23	76.02239
10	23	76.04491
10	23	76.0665
10	24	76.08881
10	24	76.1112
10	24	76.13318
10	24	76.15604
10	24	76.17825
10	25	76.20056
10	25	76.21204
10	25	76.22298
10	25	76.235
10	25	76.24603
10	25	76.25658
10	25	76.26714
10	25	76.27962
10	25	76.29063
10	25	76.30144
10	25	76.31189
10	25	76.32386
10	25	76.33409
10	25	76.34571
10	25	76.35699
10	25	76.36797
10	25	76.37919
10	25	76.39022
10	25	76.40162
10	25	76.41317
10	25	76.43044
10	25	76.44932
10	25	76.46161
10	25	76.47572
10	25	76.48682
10	25	76.49791
10	25	76.51058
10	25	76.52161
10	25	76.53247
10	25	76.54363
10	25	76.55481
10	25	76.56531
10	25	76.57661
10	25	76.58752
10	25	76.59794
10	25	76.60918
10	25	76.62041
10	25	76.63151
10	25	76.64302
10	25	76.65365
10	25	76.66484
10	25	76.67568
10	25	76.68567
10	25	76.70331
10	25	76.72519
10	25	76.74741
10	24	76.77007
10	24	76.79181
10	24	76.81418
10	24	76.83785
10	24	76.8589
10	24	76.8816
10	23	76.90445
10	23	76.92638
10	23	76.94891
10	23	76.9716
10	23	76.99464
10	22	77.01601
10	22	77.03878
10	22	77.06079
10	22	77.08303
10	22	77.10539
10	22	77.12773
10	22	77.15084
11	22	77.17229
11	22	77.18729
11	22	77.19798
11	22	77.21364
11	22	77.22901
11	22	77.24108
11	22	77.25267
11	22	77.26304
11	22	77.2746
11	22	77.28599
12	22	77.29677
12	22	77.30965
12	22	77.32737
12	22	77.34312
12	22	77.35487
12	22	77.36522
12	22	77.37687
12	22	77.38811
12	22	77.39923
12	22	77.41022
13	22	77.42137
13	22	77.4324
13	22	77.44416
13	22	77.45884
13	22	77.47527
13	22	77.49319
13	22	77.5096
13	22	77.52113
13	22	77.53117
13	22	77.54312
13	22	77.55408
13	21	77.57455
13	21	77.59687
13	21	77.61926
13	21	77.64201
13	21	77.66319
13	20	77.68612
13	20	77.7087
13	20	77.7308
13	20	77.75385
13	20	77.77572
13	20	77.79852
13	19	77.82031
13	19	77.84282
13	19	77.86526
13	19	77.8871
13	19	77.90934
13	19	77.93154
13	19	77.95449
13	19	77.97603
13	19	77.9992
13	19	78.02168
14	19	78.04398
14	19	78.05799
14	19	78.07061
14	19	78.09062
14	19	78.10734
14	19	78.12431
14	19	78.13955
14	19	78.15216
15	19	78.16349
15	19	78.1757
15	19	78.1877
15	19	78.20151
15	19	78.21693
15	19	78.22977
15	19	78.24163
15	19	78.2537
15	19	78.27144
16	19	78.28746
16	19	78.30217
16	19	78.3169
16	19	78.32864
16	19	78.34117
16	19	78.35402
16	19	78.36587
16	19	78.37644
16	19	78.38738
16	19	78.39791
17	19	78.41977
17	19	78.44176
17	19	78.46525
17	19	78.48703
17	19	78.50923
16	19	78.53205
16	19	78.55424
16	19	78.57661
16	19	78.59885
16	19	78.62125
16	19	78.64314
15	19	78.66572
15	19	78.6885
15	19	78.71081
15	19	78.73387
15	19	78.75561
14	19	78.77921
14	19	78.80166
14	19	78.82423
14	19	78.84642
14	19	78.86943
14	19	78.89251
13	19	78.90327
13	19	78.91497
13	19	78.9258
13	19	78.9374
13	19	78.94862
13	19	78.95934
13	19	78.97097
13	19	78.98178
13	19	78.99285
13	19	79.00423
13	19	79.01518
12	19	79.02618
12	19	79.03772
12	19	79.04908
12	19	79.06522
12	19	79.08133
12	19	79.09209
12	19	79.10258
12	19	79.11404
12	19	79.12441
12	19	79.13636
11	19	79.14882
11	19	79.16006
11	19	79.17331
11	19	79.188
11	19	79.20227
11	19	79.21736
11	19	79.23257
11	19	79.2442
11	19	79.2555
10	19	79.26644
10	19	79.27782
10	19	79.28905
10	19	79.30389
10	19	79.32014
10	19	79.33197
10	19	79.34327
10	19	79.35513
10	19	79.3711
10	18	79.38498
10	18	79.39633
10	18	79.40765
10	18	79.42852
10	18	79.45061
10	18	79.4734
10	18	79.4959
10	17	79.51809
10	17	79.54023
10	17	79.56266
10	17	79.58559
10	17	79.60782
10	16	79.6301
10	16	79.65202
10	16	79.67503
10	16	79.69688
10	16	79.71941
10	16	79.74213
10	15	79.76411
10	15	79.78643
10	15	79.80881
10	15	79.8312
10	15	79.85316
10	14	79.87569
10	14	79.89788
10	14	79.9113
10	14	79.92461
10	14	79.94
10	14	79.95199
10	14	79.963
10	14	79.97488
10	14	79.9862
10	13	80.00206
10	13	80.01637
10	13	80.02811
10	13	80.04337
10	13	80.0584
10	13	80.06931
10	13	80.08097
10	13	80.09237
10	13	80.10363
10	13	80.11524
10	12	80.12639
10	12	80.13835
10	12	80.15645
10	12	80.17143
10	12	80.18286
10	12	80.19398
10	12	80.2048
10	12	80.21594
10	12	80.22758
10	11	80.23835
10	11	80.24947
10	11	80.26084
10	11	80.27871
10	11	80.30058
10	11	80.32262
10	11	80.34423
10	10	80.36677
10	10	80.38918
10	10	80.41177
10	10	80.43383
10	10	80.45708
10	10	80.47952
10	10	80.50041
10	10	80.52283
10	10	80.54527
10	10	80.56796
10	10	80.59019
10	10	80.61328
10	10	80.63502
10	10	80.65738
10	10	80.68002
10	10	80.70196
10	10	80.72449
10	10	80.74644
10	10	80.75751
10	10	80.76997
10	10	80.78227
10	10	80.79515
10	10	80.8082
10	10	80.82039
10	10	80.83402
10	10	80.84758
10	10	80.85978
10	10	80.87051
10	10	80.88235
10	10	80.89378
10	10	80.90475
11	10	80.91613
11	10	80.92727
11	10	80.93845
11	10	80.95371
11	10	80.96474
11	10	80.97553
11	10	80.98683
11	10	80.99747
11	10	81.00849
11	10	81.01941
11	10	81.03087
12	10	81.04272
12	10	81.05371
12	10	81.06541
12	10	81.07775
12	10	81.08826
12	10	81.09938
12	10	81.11147
12	10	81.12426
12	10	81.13687
12	10	81.14906
13	10	81.16547
13	10	81.17754
13	10	81.19319
13	10	81.21542
13	10	81.2385
13	10	81.26023
14	10	81.28267
14	10	81.30592
14	10	81.32768
14	10	81.34934
14	10	81.37191
14	10	81.3946
15	10	81.41634
15	10	81.43924
15	10	81.46218
15	10	81.48483
15	10	81.50708
16	10	81.52819
16	10	81.55067
16	10	81.57328
16	10	81.59521
16	10	81.61731
16	10	81.64031
17	10	81.66196
17	10	81.673
17	10	81.68499
17	10	81.69563
17	10	81.70735
17	10	81.71808
17	10	81.729
17	10	81.74067
17	10	81.75137
17	10	81.76263
18	10	81.77418
18	10	81.7858
18	10	81.79606
18	10	81.80752
18	10	81.81833
18	10	81.82988
18	10	81.84499
18	10	81.85747
18	10	81.86806
18	10	81.87955
18	10	81.89145
19	10	81.90251
19	10	81.91399
19	10	81.9251
19	10	81.93659
19	10	81.94878
19	10	81.95997
19	10	81.97151
19	10	81.98284
19	10	81.99402
19	10	82.0052
19	11	82.01764
19	11	82.02887
19	11	82.04071
19	11	82.0575
19	11	82.07448
19	11	82.08529
19	11	82.09593
19	11	82.1073
19	11	82.11782
19	11	82.12955
19	12	82.14078
19	12	82.15203
19	12	82.16953
19	12	82.18726
19	12	82.20164
19	12	82.21259
19	12	82.22424
19	12	82.23539
19	12	82.2472
19	12	82.2579
19	13	82.2683
19	13	82.27993
19	13	82.2916
19	13	82.3062
19	13	82.32442
19	13	82.33922
19	13	82.35539
19	13	82.36695
19	13	82.37826
19	14	82.3903
19	14	82.40156
19	14	82.41276
19	14	82.43334
19	14	82.4553
19	14	82.47874
19	14	82.50177
19	15	82.52361
19	15	82.54566
19	15	82.56786
19	15	82.59021
19	15	82.61186
19	16	82.634
19	16	82.65614
19	16	82.67874
19	16	82.70085
19	16	82.72356
19	16	82.74628
19	17	82.76808
19	17	82.79189
19	17	82.81316
19	17	82.83617
19	17	82.85783
19	18	82.88012
19	18	82.90272
19	18	82.9142
19	18	82.92835
19	18	82.94439
19	18	82.95979
19	18	82.97433
19	18	82.9859
19	19	82.99798
19	19	83.00909
19	19	83.02101
19	19	83.03175
19	19	83.04348
19	19	83.05379
19	19	83.06561
19	19	83.07743
19	19	83.08879
19	19	83.10085
19	19	83.1125
19	18	83.12312
19	18	83.13412
19	18	83.14593
19	18	83.15625
19	18	83.16697
19	18	83.17846
19	18	83.19128
19	18	83.203
19	18	83.21411
19	18	83.22488
19	18	83.23573
19	17	83.24805
19	17	83.26057
19	17	83.27219
19	17	83.28336
19	17	83.29411
19	17	83.30575
19	17	83.3177
19	17	83.32919
19	17	83.34017
19	17	83.35118
19	16	83.36269
19	16	83.37408
19	16	83.38895
19	16	83.39977
19	16	83.41068
19	16	83.42199
19	16	83.43303
19	16	83.44423
19	16	83.45493
19	16	83.4658
19	16	83.47648
19	15	83.48714
19	15	83.49854
19	15	83.50868
19	15	83.52048
19	15	83.53171
19	15	83.54401
19	15	83.55481
19	15	83.56673
19	15	83.57789
19	15	83.58891
19	15	83.59973
19	14	83.61069
19	14	83.62226
19	14	83.64023
19	14	83.66202
19	14	83.68421
19	14	83.70608
19	13	83.72897
19	13	83.75162
19	13	83.7743
19	13	83.79633
19	13	83.81822
19	13	83.84169
19	12	83.86294
19	12	83.88566
19	12	83.90759
19	12	83.92983
19	12	83.95166
19	11	83.97459
19	11	83.99712
19	11	84.01902
19	11	84.04226
19	11	84.06394
19	11	84.08695
19	10	84.10913
19	10	84.12021
19	10	84.13246
19	10	84.14433
19	10	84.18375
19	10	84.19711
19	10	84.20867
19	10	84.2201
19	10	84.23164
19	10	84.24283
19	10	84.25374
19	10	84.26543
19	10	84.27666
19	10	84.28886
19	10	84.30018
19	10	84.31319
19	10	84.32499
19	10	84.33613
19	10	84.34711
19	10	84.35797
19	10	84.3689
19	10	84.38013
19	10	84.39096
19	10	84.40183
19	10	84.4136
19	10	84.42477
19	10	84.43522
19	10	84.4466
19	10	84.45866
19	10	84.46886
19	10	84.48017
19	10	84.49086
19	10	84.50213
19	10	84.51357
19	10	84.52619
19	10	84.53991
19	10	84.55087
19	10	84.5621
19	10	84.57265
19	10	84.58414
19	10	84.595
19	10	84.60602
19	10	84.62172
19	10	84.63179
19	10	84.64283
19	10	84.65625
19	10	84.67856
19	10	84.70058
19	10	84.72257
19	10	84.7452
19	10	84.76691
19	10	84.78957
19	10	84.81216
19	10	84.83466
19	10	84.85709
19	10	84.87975
19	10	84.90174
19	10	84.92389
19	10	84.94619
19	10	84.96877
19	10	84.99107
19	10	85.01331
19	10	85.03557
19	10	85.05834
19	10	85.08067
19	10	85.10323
19	10	85.12583
19	10	85.13672
19	10	85.14821
19	10	85.15903
19	10	85.17003
19	10	85.18095
19	10	85.19192
19	10	85.20348
19	10	85.2158
19	10	85.22608
19	10	85.23661
19	10	85.24722
19	10	85.259
19	10	85.27009
19	10	85.28136
19	10	85.2916
19	10	85.30305
19	10	85.31494
19	10	85.32534
19	10	85.33688
19	10	85.34779
19	10	85.35915
19	10	85.37064
19	10	85.38156
19	10	85.39263
19	10	85.40412
19	10	85.41513
19	11	85.42662
19	11	85.43892
19	11	85.44989
19	11	85.46181
19	11	85.47372
19	11	85.48529
19	11	85.49699
19	11	85.50922
19	11	85.52113
19	11	85.53182
19	12	85.54435
19	12	85.55529
19	12	85.56677
19	12	85.57779
19	12	85.58894
19	12	85.60022
19	12	85.61124
19	12	85.62199
19	12	85.63331
19	12	85.64465
19	12	85.65537
19	13	85.66669
19	13	85.6779
19	13	85.68909
19	13	85.70077
19	13	85.71207
19	13	85.72334
19	13	85.73404
19	13	85.74603
19	13	85.75815
19	13	85.77181
18	13	85.78627
18	13	85.79887
18	13	85.81691
18	13	85.83279
18	13	85.84908
18	13	85.8616
18	13	85.87431
18	13	85.88533
18	13	85.89759
17	13	85.91244
17	13	85.92648
17	13	85.93828
17	13	85.95365
17	13	85.96799
17	13	85.97914
17	13	85.99036
17	13	86.00131
17	13	86.01823
16	13	86.04078
16	13	86.06358
16	13	86.08591
16	13	86.10818
16	13	86.13074
15	13	86.15286
15	13	86.17509
15	13	86.19709
15	13	86.2205
15	13	86.24188
15	13	86.26409
14	13	86.28633
14	13	86.30969
14	13	86.33144
14	13	86.3539
14	13	86.37693
13	13	86.39857
13	13	86.42123
13	13	86.44416
13	13	86.46652
13	13	86.48143
13	13	86.49464
13	13	86.50623
12	13	86.51855
12	13	86.53125
12	13	86.54705
12	13	86.56322
12	13	86.57683
12	13	86.58823
12	13	86.59943
12	13	86.61095
12	13	86.62188
12	13	86.63377
11	13	86.64485
11	13	86.65523
11	13	86.66708
11	13	86.68278
11	13	86.69879
11	13	86.71398
11	13	86.72466
11	13	86.73595
11	13	86.74691
11	13	86.75797
10	13	86.77103
10	13	86.78323
10	13	86.79802
10	13	86.81013
10	13	86.82275
10	13	86.83613
10	13	86.84883
10	13	86.86048
10	13	86.87175
10	14	86.8832
10	14	86.89429
10	14	86.90496
10	14	86.91604
10	14	86.92761
10	14	86.93884
10	14	86.95011
10	14	86.96142
10	14	86.9723
10	14	86.99099
10	15	87.01283
10	15	87.03528
10	15	87.05738
10	15	87.07977
10	15	87.10207
10	15	87.12445
10	16	87.14729
10	16	87.16922
10	16	87.19154
10	16	87.21392
10	16	87.23696
10	17	87.25861
10	17	87.28091
10	17	87.30363
10	17	87.3253
10	17	87.34776
10	17	87.37038
10	18	87.39271
10	18	87.41563
10	18	87.4377
10	18	87.45983
10	18	87.47051
10	18	87.48241
10	18	87.49308
10	19	87.50372
10	19	87.51539
10	19	87.52573
10	19	87.53719
10	19	87.54832
10	19	87.55923
10	19	87.57072
10	19	87.58247
10	19	87.59585
10	19	87.60871
9	19	87.62128
9	19	87.63371
9	19	87.64599
9	19	87.66087
9	19	87.6759
9	19	87.68695
9	19	87.69856
9	19	87.70937
9	19	87.72078
9	19	87.73223
8	19	87.74337
8	19	87.75607
8	19	87.76878
8	19	87.78684
8	19	87.80306
8	19	87.81821
8	19	87.82983
8	19	87.84174
8	19	87.85319
7	19	87.86388
7	19	87.87491
7	19	87.88667
7	19	87.90137
7	19	87.91649
7	19	87.92782
7	19	87.93897
7	19	87.95412
7	19	87.97296
7	19	87.99564
7	19	88.01817
7	19	88.04043
7	20	88.06264
7	20	88.08459
7	20	88.10841
7	20	88.13023
7	20	88.15235
7	20	88.17499
7	21	88.19724
7	21	88.21957
7	21	88.24265
7	21	88.26455
7	21	88.28609
7	22	88.30855
7	22	88.33031
7	22	88.35308
7	22	88.37505
7	22	88.39731
7	22	88.40932
7	22	88.42057
7	23	88.43089
7	23	88.44216
7	23	88.45777
7	23	88.47356
7	23	88.48862
7	23	88.50016
7	23	88.51177
7	23	88.52249
7	23	88.53357
7	23	88.54457
7	22	88.55579
7	22	88.5667
7	22	88.57915
7	22	88.59843
7	22	88.61324
7	22	88.6243
7	22	88.63599
7	22	88.64713
7	22	88.658
7	22	88.6694
7	21	88.68063
7	21	88.6916
7	21	88.70307
7	21	88.7158
7	21	88.72718
7	21	88.73936
7	21	88.75027
7	21	88.76064
7	21	88.77202
7	21	88.78304
7	20	88.79404
7	20	88.80572
7	20	88.8172
7	20	88.83
7	20	88.84531
7	20	88.86714
7	20	88.88908
7	20	88.9125
7	19	88.93401
7	19	88.95661
7	19	88.97928
7	19	89.00117
7	19	89.02367
7	18	89.04618
7	18	89.06804
7	18	89.09068
7	18	89.11346
7	18	89.13572
7	18	89.15773
7	17	89.18016
7	17	89.20282
7	17	89.22542
7	17	89.24752
7	17	89.26907
7	16	89.2914
7	16	89.31377
7	16	89.3249
7	16	89.33651
7	16	89.34857
7	16	89.3604
7	16	89.37226
7	16	89.38328
7	16	89.39357
7	15	89.40494
7	15	89.41578
7	15	89.42661
7	15	89.43631
7	15	89.44778
7	15	89.45865
7	15	89.46999
7	15	89.48083
7	15	89.49227
7	15	89.50322
7	15	89.51444
7	15	89.52555
7	16	89.53767
7	16	89.54841
7	16	89.55916
7	16	89.57078
7	16	89.58167
7	16	89.59357
7	16	89.6058
7	16	89.61597
7	16	89.6277
7	16	89.63924
7	17	89.6508
7	17	89.66631
7	17	89.67684
7	17	89.68782
7	17	89.69846
7	17	89.70902
7	17	89.71983
7	17	89.73115
7	17	89.74176
7	17	89.75278
7	17	89.76429
7	18	89.77532
7	18	89.78685
7	18	89.79827
7	18	89.81042
7	18	89.82343
7	18	89.83682
7	18	89.85056
7	18	89.86337
7	18	89.87447
7	18	89.88601
7	19	89.89749
7	19	89.90791
7	19	89.91852
7	19	89.92958
7	19	89.94035
7	19	89.95126
7	19	89.9622
7	19	89.97329
7	19	89.98602
7	19	89.99884
7	19	90.01196
7	20	90.02471
7	20	90.03796
7	20	90.05154
7	20	90.06438
7	20	90.07554
7	20	90.08617
7	20	90.09728
7	20	90.10778
7	20	90.11829
7	21	90.14081
7	21	90.16357
7	21	90.18525
7	21	90.20749
7	21	90.22997
7	21	90.2518
7	22	90.27418
7	22	90.29617
7	22	90.31953
7	22	90.34104
7	22	90.36361
7	23	90.38566
7	23	90.40819
7	23	90.43076
7	23	90.45335
7	23	90.47598
7	23	90.49787
7	24	90.52006
7	24	90.54252
7	24	90.56516
7	24	90.58739
7	24	90.61111
7	24	90.62271
7	25	90.63286
7	25	90.64675
7	25	90.66234
7	25	90.67805
7	25	90.68903
7	25	90.69981
7	25	90.7111
7	25	90.72247
7	25	90.73315
7	25	90.74439
7	26	90.75566
7	26	90.76682
7	26	90.77761
7	26	90.79334
7	26	90.80917
7	26	90.82306
7	26	90.83504
7	26	90.8469
7	26	90.85778
7	26	90.86913
7	27	90.88434
7	27	90.89568
7	27	90.90977
7	27	90.92484
7	27	90.93522
7	27	90.94729
7	27	90.96371
7	27	90.98229
7	28	90.99698
7	28	91.00874
7	28	91.02209
7	28	91.03817
7	28	91.05299
7	28	91.06557
7	28	91.07878
7	28	91.10099
7	29	91.12312
7	29	91.1454
7	29	91.16803
7	29	91.19048
7	29	91.21266
7	29	91.23568
8	29	91.25837
8	29	91.28098
8	29	91.30297
8	29	91.32498
8	29	91.34702
8	29	91.36898
8	29	91.39116
8	29	91.41396
8	29	91.43585
8	29	91.4581
8	29	91.48123
9	29	91.503
9	29	91.52584
9	29	91.53758
9	29	91.54856
9	29	91.55968
9	29	91.57022
9	29	91.58131
9	29	91.59206
9	29	91.6039
10	29	91.61485
10	29	91.62561
10	29	91.63719
10	29	91.64784
10	29	91.65908
10	29	91.67089
10	29	91.68211
10	29	91.69329
10	29	91.7045
10	29	91.71577
11	29	91.72663
11	29	91.73799
11	29	91.74909
11	29	91.7597
11	29	91.77142
11	29	91.78338
11	29	91.79355
11	29	91.80466
11	29	91.81612
11	29	91.82687
11	29	91.83877
12	29	91.84968
12	29	91.86015
12	29	91.87158
12	29	91.884
12	29	91.89549
12	29	91.90707
12	29	91.91899
12	29	91.93156
12	29	91.94281
12	29	91.95498
12	29	91.96598
12	28	91.97776
12	28	91.98882
12	28	92.00004
12	28	92.01138
12	28	92.02225
12	28	92.03435
12	28	92.0447
12	28	92.05573
12	28	92.06821
12	28	92.08697
12	27	92.09911
12	27	92.11024
12	27	92.12132
12	27	92.13228
12	27	92.14365
12	27	92.15543
12	27	92.16684
12	27	92.17766
12	27	92.18894
12	27	92.19935
12	27	92.2098
12	26	92.22074
12	26	92.23193
12	26	92.24299
12	26	92.25356
12	26	92.26459
12	26	92.27652
12	26	92.28805
12	26	92.30011
12	26	92.31276
12	26	92.32504
12	25	92.33819
12	25	92.35079
12	25	92.36205
12	25	92.37352
12	25	92.38416
12	25	92.39442
12	25	92.40623
12	25	92.41768
12	25	92.43002
12	25	92.45206
11	25	92.47459
11	25	92.49747
11	25	92.52016
11	25	92.5422
11	25	92.56438
10	25	92.58658
10	25	92.60889
10	25	92.63316
10	25	92.65366
10	25	92.67603
10	25	92.69765
9	25	92.72006
9	25	92.74252
9	25	92.76544
9	25	92.78815
9	25	92.80991
9	24	92.83303
9	24	92.85469
9	24	92.87727
9	24	92.89952
9	24	92.9217
9	24	92.93291
9	24	92.94437
9	23	92.95494
9	23	92.96602
9	23	92.9771
9	23	92.98905
9	23	92.99977
9	23	93.01112
9	23	93.02153
9	23	93.03292
9	23	93.04446
9	23	93.05802
9	23	93.07
9	22	93.0821
9	22	93.09313
9	22	93.10433
9	22	93.11479
9	22	93.12615
9	22	93.13731
9	22	93.14874
9	22	93.1591
9	22	93.16998
9	22	93.18094
9	22	93.19169
9	22	93.2022
9	22	93.21332
9	22	93.22529
9	22	93.23708
9	22	93.24896
9	22	93.25999
9	22	93.27113
9	22	93.28239
9	22	93.29979
9	22	93.31429
9	22	93.32506
9	22	93.33656
9	22	93.34679
9	22	93.35715
9	22	93.36725
9	22	93.37775
9	22	93.38854
9	22	93.3997
9	22	93.41079
9	22	93.42154
9	22	93.43328
9	22	93.44677
9	22	93.45978
9	22	93.47251
9	22	93.48459
9	22	93.49657
9	23	93.50891
9	23	93.52122
9	23	93.53188
9	23	93.54279
9	23	93.55431
9	23	93.56523
9	23	93.57657
9	23	93.58816
9	23	93.59901
9	23	93.61006
9	23	93.6208
9	24	93.63648
9	24	93.65871
9	24	93.68105
9	24	93.7033
9	24	93.72584
9	24	93.74795
9	25	93.77093
9	25	93.79319
9	25	93.81553
9	25	93.83829
9	25	93.8597
8	25	93.88232
8	25	93.90488
8	25	93.92713
8	25	93.94936
8	25	93.97139
7	25	93.99372
7	25	94.01629
7	25	94.03896
7	25	94.06136
7	25	94.08434
7	25	94.10591
6	25	94.12114
6	25	94.13267
6	25	94.14425
6	25	94.15587
6	25	94.16755
6	25	94.17914
6	25	94.19
6	25	94.20126
6	25	94.21235
6	25	94.22338
6	25	94.23421
6	25	94.24565
6	25	94.25694
6	25	94.26765
6	25	94.28318
6	25	94.29795
6	25	94.31082
6	25	94.32402
6	25	94.33469
6	25	94.34579
6	25	94.35624
5	25	94.36742
5	25	94.37821
5	25	94.39106
5	25	94.40597
5	25	94.42077
5	25	94.43182
5	25	94.44308
5	25	94.45398
5	25	94.46468
5	25	94.47607
4	25	94.49128
4	25	94.50205
4	25	94.51429
4	25	94.52965
4	25	94.54605
4	25	94.56095
4	25	94.57589
4	25	94.58702
4	25	94.5967
3	25	94.61926
