x	y	time
15	11	0.0665074
15	11	0.0814198
15	11	0.0966529
15	11	0.1094787
15	11	0.1211039
15	11	0.1309705
15	11	0.1425768
15	11	0.154808
15	11	0.1664003
15	11	0.1773211
15	11	0.1890339
15	11	0.2002332
15	11	0.2124618
15	11	0.2351112
15	11	0.257096
15	11	0.2797912
15	11	0.302723
15	11	0.3249083
15	11	0.3474155
15	11	0.3693683
15	11	0.3923087
15	11	0.4140986
15	11	0.4363507
15	11	0.4586451
15	11	0.4811099
15	11	0.5036411
15	11	0.5260459
15	11	0.5486356
15	11	0.5706578
15	11	0.5926487
15	11	0.6152009
15	11	0.6374176
15	11	0.6595498
15	11	0.6817639
15	11	0.6939434
15	11	0.7050592
15	11	0.717737
15	11	0.7288855
15	11	0.7404945
15	11	0.7524831
15	11	0.7639035
15	11	0.775957
15	11	0.7882006
15	11	0.7991424
15	11	0.812215
15	11	0.8250682
15	11	0.8364962
15	11	0.8481602
15	11	0.8603085
15	11	0.8735874
15	11	0.8855062
15	11	0.8970901
15	11	0.9078211
15	11	0.922038
15	11	0.934261
15	11	0.9461844
15	11	0.9579167
15	11	0.9700647
15	11	0.9819015
15	11	0.9941106
15	11	1.007031
15	11	1.019715
15	11	1.033258
15	11	1.049922
15	11	1.063353
15	11	1.075487
15	11	1.088003
15	11	1.099839
15	11	1.11091
15	11	1.123335
15	11	1.140511
15	11	1.154018
15	11	1.166783
15	11	1.185216
15	11	1.207192
15	11	1.230016
15	11	1.252153
15	11	1.27427
15	11	1.297257
15	11	1.319578
15	11	1.341396
15	11	1.36343
15	11	1.386164
15	11	1.408094
15	11	1.430629
15	11	1.45433
15	11	1.475435
15	11	1.498526
15	11	1.520147
15	11	1.54221
15	11	1.564716
15	11	1.587024
15	11	1.609385
15	11	1.631616
15	11	1.654686
15	11	1.676328
15	11	1.688543
15	11	1.700023
15	11	1.710936
15	11	1.723531
15	11	1.734419
15	11	1.746223
15	11	1.757657
15	11	1.768805
15	11	1.78035
15	11	1.792472
15	11	1.806394
15	11	1.819233
15	11	1.830256
15	11	1.842611
15	11	1.854347
15	11	1.867425
15	11	1.879661
15	11	1.892345
15	11	1.904453
15	11	1.918586
15	11	1.930097
15	11	1.941428
15	11	1.953192
15	11	1.965179
15	11	1.976207
15	11	1.987821
15	11	1.999884
15	11	2.012317
15	11	2.024991
15	11	2.037078
15	11	2.05004
15	11	2.061977
15	11	2.073327
15	11	2.085828
15	11	2.09725
15	11	2.109918
15	11	2.121684
15	11	2.133624
15	11	2.14564
15	11	2.1576
15	11	2.178601
15	11	2.200975
15	11	2.223565
15	11	2.246383
15	11	2.2682
15	11	2.291374
15	11	2.313784
15	11	2.335992
15	11	2.357825
15	11	2.380296
15	11	2.402707
15	11	2.424464
15	11	2.447789
15	11	2.46955
15	11	2.491573
15	11	2.51376
15	11	2.536532
15	11	2.558553
15	11	2.581205
15	11	2.603902
15	11	2.625982
15	11	2.648177
15	11	2.660004
15	11	2.67588
15	11	2.687923
15	11	2.69962
15	11	2.711668
15	11	2.724124
15	11	2.735457
15	11	2.746647
15	11	2.760095
15	11	2.773645
15	11	2.785678
15	11	2.797292
15	11	2.809068
15	11	2.821232
15	11	2.833158
15	11	2.844771
15	11	2.85674
15	11	2.867973
15	11	2.879859
15	11	2.891823
15	11	2.903399
15	11	2.916792
15	11	2.930607
15	11	2.942388
15	11	2.95435
15	11	2.965832
15	11	2.97774
15	11	2.989087
15	11	3.000703
15	11	3.013008
15	11	3.025403
15	11	3.037274
15	11	3.051696
15	11	3.072689
15	11	3.094842
15	11	3.11741
15	11	3.139435
15	11	3.161588
15	11	3.183893
15	11	3.206042
15	11	3.228389
15	11	3.250813
15	11	3.273226
15	11	3.296328
15	11	3.318106
15	11	3.340172
15	11	3.362884
16	11	3.385928
16	11	3.408031
16	11	3.430211
16	11	3.452848
16	11	3.476822
16	11	3.497001
17	11	3.5191
17	11	3.531922
17	11	3.546179
17	11	3.561958
17	11	3.577285
17	11	3.589638
17	11	3.601197
17	11	3.612777
17	11	3.625591
18	11	3.636952
18	11	3.648661
18	11	3.661985
18	11	3.678594
18	11	3.714814
18	11	3.72979
18	11	3.744922
19	11	3.758184
19	11	3.770922
19	11	3.783495
19	11	3.798661
19	11	3.813323
19	11	3.82532
19	11	3.837307
19	11	3.849865
19	11	3.862271
20	11	3.874899
20	11	3.890272
20	11	3.90472
20	11	3.921407
20	11	3.944471
20	11	3.967021
20	11	3.988992
21	11	4.011168
21	11	4.033986
21	11	4.05579
21	11	4.077789
21	11	4.100235
22	11	4.122352
22	11	4.145043
22	11	4.16742
22	11	4.190166
22	11	4.212389
22	11	4.234014
23	11	4.256741
23	11	4.27909
23	11	4.301598
23	11	4.323965
23	11	4.346421
24	11	4.368247
24	11	4.383333
24	11	4.396344
24	11	4.410655
24	11	4.424809
24	11	4.436666
24	11	4.448499
24	11	4.461961
24	11	4.473917
25	11	4.485826
25	11	4.497865
25	11	4.514263
25	11	4.528322
25	11	4.540324
25	11	4.552197
25	11	4.563959
25	11	4.5757
25	11	4.587802
25	11	4.598914
26	11	4.610413
26	11	4.622441
26	11	4.635499
26	11	4.650939
26	11	4.665992
26	11	4.681153
26	11	4.692449
26	11	4.703659
26	11	4.725285
27	11	4.747525
27	11	4.770048
27	11	4.792539
27	11	4.815538
27	11	4.83727
27	10	4.859606
27	10	4.882033
27	10	4.904777
27	10	4.926716
27	10	4.948937
27	9	4.972429
27	9	4.99333
27	9	5.01567
27	9	5.038301
27	9	5.060376
27	9	5.083002
27	8	5.105732
27	8	5.128285
27	8	5.150221
27	8	5.172369
27	8	5.183806
27	8	5.195149
27	8	5.206076
27	8	5.216913
27	8	5.227981
27	8	5.238781
27	8	5.25141
27	8	5.262845
26	8	5.274758
26	8	5.286451
26	8	5.299159
26	8	5.314075
26	8	5.329945
26	8	5.341825
26	8	5.353002
26	8	5.36448
26	8	5.376378
26	8	5.388465
25	8	5.399761
25	8	5.411623
25	8	5.424323
25	8	5.438862
25	8	5.454156
25	8	5.468723
25	8	5.480401
25	8	5.494414
25	8	5.51663
25	8	5.528623
25	8	5.539575
25	8	5.55105
25	8	5.563211
25	8	5.575426
25	8	5.586293
25	8	5.597258
25	7	5.618469
25	7	5.641246
25	7	5.66323
25	7	5.685753
25	7	5.708436
25	6	5.730912
25	6	5.753676
25	6	5.775747
25	6	5.797911
25	6	5.820338
25	6	5.842501
25	5	5.864604
25	5	5.887042
25	5	5.909846
25	5	5.931544
25	5	5.954486
26	5	5.976875
26	5	5.998947
26	5	6.022163
26	5	6.043737
26	5	6.066791
26	5	6.088457
27	5	6.102457
27	5	6.113203
27	5	6.125963
27	5	6.140472
27	5	6.157335
27	5	6.169015
27	5	6.180465
27	5	6.194022
27	5	6.2061
27	5	6.218397
27	5	6.232784
27	5	6.247121
27	5	6.25915
27	5	6.269998
27	5	6.280941
27	5	6.293162
27	5	6.305073
27	5	6.317263
27	4	6.329098
27	4	6.340693
27	4	6.352564
27	4	6.366521
27	4	6.38248
27	4	6.398731
27	4	6.413471
27	4	6.425406
27	4	6.445369
27	3	6.467608
27	3	6.49035
27	3	6.512688
27	3	6.534777
27	3	6.556557
27	2	6.579231
27	2	6.601858
27	2	6.624368
27	2	6.646913
27	2	6.669238
27	2	6.6923
27	2	6.713901
27	2	6.736033
27	2	6.758367
27	2	6.780928
27	2	6.803073
26	2	6.825596
26	2	6.84814
26	2	6.870319
26	2	6.892633
26	2	6.91518
26	2	6.928236
25	2	6.940122
25	2	6.951633
25	2	6.964032
25	2	6.978584
25	2	6.993999
25	2	7.006322
25	2	7.025868
25	2	7.040186
25	2	7.05237
24	2	7.0647
24	2	7.076658
24	2	7.089285
24	2	7.103507
24	2	7.117773
24	2	7.130084
24	2	7.141798
24	2	7.153456
24	2	7.166097
24	2	7.181426
23	2	7.195265
23	2	7.207588
23	2	7.222473
23	2	7.236516
23	2	7.24829
23	2	7.260344
23	2	7.271878
23	2	7.294522
22	2	7.317994
22	2	7.339976
22	2	7.361642
22	2	7.384123
22	2	7.405872
22	3	7.428307
22	3	7.450325
22	3	7.473421
22	3	7.495375
22	3	7.517643
22	3	7.542166
22	4	7.562804
22	4	7.585091
22	4	7.607897
22	4	7.630498
22	4	7.65238
22	5	7.674503
22	5	7.696604
22	5	7.719049
22	5	7.742099
22	5	7.76402
22	5	7.775823
22	5	7.786979
23	5	7.801533
23	5	7.815904
23	5	7.828726
23	5	7.843337
23	5	7.858685
23	5	7.869939
23	5	7.881577
23	5	7.893348
23	5	7.905476
24	5	7.91876
24	5	7.930643
24	5	7.943996
24	5	7.959345
24	5	7.973743
24	5	7.985851
24	5	7.998186
24	5	8.009719
24	5	8.020746
24	5	8.032606
25	5	8.044793
25	5	8.056974
25	5	8.069122
25	5	8.080899
25	5	8.092709
25	5	8.104204
25	5	8.115532
25	5	8.126758
25	5	8.139778
25	5	8.150687
26	5	8.16579
26	5	8.188122
26	5	8.210306
26	5	8.233112
26	5	8.256154
26	5	8.277853
27	5	8.300002
27	5	8.323488
27	5	8.345255
27	5	8.367017
27	5	8.389251
27	4	8.41205
27	4	8.433739
27	4	8.456369
27	4	8.478164
27	4	8.500525
27	4	8.523057
27	3	8.545471
27	3	8.56819
27	3	8.590345
27	3	8.6125
27	3	8.634936
27	3	8.646321
27	2	8.65796
27	2	8.668169
27	2	8.679838
27	2	8.692246
27	2	8.70461
27	2	8.71646
27	2	8.728436
27	2	8.739904
27	2	8.750851
27	2	8.7632
27	2	8.775007
26	2	8.787438
26	2	8.798872
26	2	8.812101
26	2	8.823997
26	2	8.835844
26	2	8.847322
26	2	8.858957
26	2	8.870504
26	2	8.882142
26	2	8.893511
25	2	8.905766
25	2	8.918827
25	2	8.931743
25	2	8.94317
25	2	8.955151
25	2	8.966614
25	2	8.97773
25	2	8.98991
25	2	9.002119
25	2	9.014116
25	2	9.025106
24	2	9.036967
24	2	9.048117
24	2	9.06047
24	2	9.071907
24	2	9.083657
24	2	9.095546
24	2	9.107588
24	2	9.119109
24	2	9.131561
24	2	9.143251
23	2	9.155111
23	2	9.166783
23	2	9.178419
23	2	9.190928
23	2	9.202322
23	2	9.214272
23	2	9.22696
23	2	9.248909
22	2	9.271638
22	2	9.293653
22	2	9.316736
22	2	9.338718
22	2	9.360995
22	2	9.383149
22	3	9.405462
22	3	9.428054
22	3	9.450254
22	3	9.47279
22	3	9.495516
22	4	9.517817
22	4	9.539662
22	4	9.56347
22	4	9.584097
22	4	9.606404
22	4	9.62886
22	5	9.650933
22	5	9.674021
22	5	9.696763
22	5	9.708422
22	5	9.71934
22	5	9.73174
22	5	9.743387
22	5	9.755683
22	6	9.766752
22	6	9.777417
22	6	9.790389
22	6	9.804833
22	6	9.820426
22	6	9.836768
22	6	9.851748
22	6	9.867043
22	6	9.879406
22	7	9.892097
22	7	9.903724
22	7	9.917439
22	7	9.932112
22	7	9.947453
22	7	9.959218
22	7	9.970989
22	7	9.983203
22	7	9.996151
22	7	10.01159
22	7	10.02659
22	7	10.03939
22	7	10.05403
22	7	10.06902
22	7	10.08102
22	7	10.09822
22	7	10.12034
22	8	10.14273
22	8	10.16528
22	8	10.18707
22	8	10.20969
22	8	10.23177
22	9	10.2544
22	9	10.27675
22	9	10.29925
22	9	10.32229
22	9	10.34426
22	9	10.3663
22	10	10.38852
22	10	10.41058
22	10	10.43304
22	10	10.45521
22	10	10.47774
22	11	10.50058
22	11	10.52241
22	11	10.54521
22	11	10.56748
22	11	10.58985
22	11	10.60106
22	11	10.61252
22	12	10.62319
22	12	10.63477
22	12	10.64972
22	12	10.66456
22	12	10.67605
22	12	10.68814
22	12	10.69924
22	12	10.71144
22	12	10.72376
22	12	10.73536
22	13	10.7478
22	13	10.75961
22	13	10.77152
22	13	10.78748
22	13	10.80185
22	13	10.8166
22	13	10.82873
22	13	10.83991
22	13	10.85103
22	14	10.86298
22	14	10.87486
22	14	10.88819
22	14	10.90266
22	14	10.91724
22	14	10.92916
22	14	10.94077
22	14	10.95668
22	14	10.97108
22	15	10.98271
22	15	10.99394
22	15	11.01398
22	15	11.03591
22	15	11.05862
22	15	11.08111
22	15	11.10389
22	17	11.12604
22	17	11.14813
22	17	11.17029
22	17	11.19294
22	17	11.21529
23	17	11.23783
23	17	11.26053
23	17	11.28235
23	17	11.3048
23	17	11.32773
24	17	11.34944
24	17	11.37139
24	17	11.39369
24	17	11.41656
24	17	11.4382
24	17	11.46143
25	17	11.4837
25	17	11.49713
25	17	11.51187
25	17	11.52634
25	17	11.53847
25	17	11.55034
25	17	11.56197
25	17	11.57785
26	17	11.59461
26	17	11.60784
26	17	11.61992
26	17	11.63535
26	17	11.64968
26	17	11.66143
26	17	11.67238
26	17	11.68384
26	17	11.69555
26	17	11.70737
27	17	11.71913
27	17	11.73092
27	17	11.74573
27	17	11.75996
27	17	11.77105
27	17	11.78229
27	17	11.79428
27	17	11.80565
27	17	11.81843
27	17	11.83002
27	16	11.84135
27	16	11.85284
27	16	11.86751
27	16	11.88186
27	16	11.89705
27	16	11.91208
27	16	11.92439
27	16	11.93574
27	16	11.94692
27	16	11.95849
27	15	11.97026
27	15	11.9818
27	15	11.99421
27	15	12.01003
27	15	12.0247
27	15	12.03656
27	15	12.05078
27	15	12.06559
27	14	12.08593
27	14	12.10826
27	14	12.13114
27	14	12.15355
27	14	12.17657
27	14	12.19853
26	14	12.22037
26	14	12.24284
26	14	12.26516
26	14	12.2878
26	14	12.31037
25	14	12.3323
25	14	12.35499
25	14	12.37685
25	14	12.39922
25	14	12.42155
25	14	12.44411
25	14	12.46574
25	14	12.4881
25	14	12.51123
25	14	12.53276
25	14	12.54724
25	14	12.55845
25	14	12.5701
25	14	12.58165
25	14	12.59274
25	14	12.60371
25	14	12.61532
25	14	12.62691
25	14	12.63837
25	14	12.64974
25	14	12.66687
25	14	12.67801
25	14	12.68891
25	14	12.70046
25	14	12.71216
25	14	12.72313
25	14	12.73488
25	14	12.7467
25	14	12.7595
25	14	12.77112
25	14	12.78238
25	14	12.79401
25	14	12.80505
25	14	12.81625
25	14	12.8279
25	14	12.8389
25	14	12.85025
25	14	12.86188
25	14	12.87325
25	14	12.88521
25	14	12.89732
25	14	12.90828
25	14	12.92083
25	14	12.93225
25	14	12.94315
25	14	12.95547
25	14	12.96771
25	14	12.98006
25	14	12.99176
25	14	13.0034
25	14	13.01519
25	14	13.02715
25	14	13.03951
25	14	13.05054
25	14	13.06323
25	14	13.07433
25	14	13.08563
25	14	13.09693
25	14	13.10779
25	14	13.11938
25	14	13.13086
25	14	13.14172
25	13	13.15352
25	13	13.16462
25	13	13.17794
25	13	13.19252
25	13	13.20726
25	13	13.21978
25	13	13.2408
25	13	13.25343
25	13	13.26506
25	12	13.27622
25	12	13.2928
25	12	13.31607
25	12	13.33771
25	12	13.35935
25	12	13.38346
25	11	13.40453
25	11	13.42662
25	11	13.44955
25	11	13.47081
25	11	13.49366
25	11	13.5159
25	11	13.53813
25	11	13.56019
25	11	13.58308
25	11	13.60707
25	12	13.62801
25	12	13.65011
25	12	13.67295
25	12	13.69516
25	12	13.71785
25	12	13.74
25	13	13.75193
25	13	13.76293
25	13	13.77481
25	13	13.78631
25	13	13.7973
25	13	13.80842
25	13	13.82024
25	13	13.83117
25	13	13.84167
25	13	13.85307
25	13	13.86445
25	14	13.8755
25	14	13.88676
25	14	13.89894
25	14	13.90973
25	14	13.92847
25	14	13.94241
25	14	13.95594
25	14	13.96739
25	14	13.97904
25	14	13.9906
26	14	14.00212
26	14	14.01373
26	14	14.0257
26	14	14.03717
26	14	14.04899
26	14	14.06019
26	14	14.07181
26	14	14.08363
26	14	14.09468
26	14	14.10617
27	14	14.11859
27	14	14.13094
27	14	14.1429
27	14	14.15481
27	14	14.16595
27	14	14.17797
27	14	14.1894
27	14	14.20064
27	14	14.21208
27	14	14.22404
27	14	14.24265
27	14	14.26451
27	15	14.28687
27	15	14.30888
27	15	14.33156
27	15	14.35326
27	15	14.37586
27	15	14.39915
27	16	14.42056
27	16	14.44302
27	16	14.46562
27	16	14.48771
27	16	14.51021
27	17	14.53231
27	17	14.55502
27	17	14.57721
27	17	14.59983
27	17	14.62176
27	17	14.64408
27	18	14.66642
27	18	14.68933
27	18	14.71255
27	18	14.72634
27	18	14.74015
27	18	14.75204
27	18	14.76356
27	19	14.77504
27	19	14.78661
27	19	14.79864
27	19	14.81369
27	19	14.82734
27	19	14.83902
27	19	14.85061
27	19	14.86157
27	19	14.87333
27	19	14.88861
27	20	14.9028
27	20	14.91518
27	20	14.92763
27	20	14.94257
27	20	14.95804
27	20	14.97079
27	20	14.98195
27	20	14.99478
27	20	15.00704
26	20	15.01869
26	20	15.03045
26	20	15.04662
26	20	15.06018
26	20	15.07218
26	20	15.08482
26	20	15.09601
26	20	15.11369
26	20	15.13581
25	20	15.15829
25	20	15.18151
25	20	15.20269
25	20	15.22487
25	20	15.24779
25	20	15.26948
25	20	15.29156
25	20	15.31449
25	20	15.33714
25	20	15.35898
25	20	15.38158
25	21	15.40386
25	21	15.42629
25	21	15.44902
25	21	15.47119
25	21	15.49423
25	21	15.51548
25	22	15.53797
25	22	15.56002
25	22	15.58211
25	22	15.59644
25	22	15.6077
25	22	15.61934
25	22	15.63496
25	23	15.64755
25	23	15.66228
25	23	15.67734
25	23	15.69214
25	23	15.7034
25	23	15.71448
25	23	15.72517
25	23	15.73783
25	23	15.74999
26	23	15.7618
26	23	15.77416
26	23	15.78682
26	23	15.80149
26	23	15.81645
26	23	15.83095
26	23	15.84231
26	23	15.85378
26	23	15.86532
26	23	15.87624
27	23	15.88753
27	23	15.89922
27	23	15.91109
27	23	15.926
27	23	15.94121
27	23	15.95404
27	23	15.96824
27	23	15.98199
27	23	15.99333
27	23	16.00488
27	23	16.01662
27	23	16.02746
27	23	16.03964
27	23	16.06321
27	23	16.08556
27	24	16.10797
27	24	16.12986
27	24	16.1525
27	24	16.17441
27	24	16.19668
27	24	16.21902
27	25	16.24126
27	25	16.26453
27	25	16.28658
27	25	16.30851
27	25	16.33168
27	26	16.35335
27	26	16.37543
27	26	16.3982
27	26	16.42099
27	26	16.44296
27	26	16.46534
27	27	16.48786
27	27	16.51007
27	27	16.53237
27	27	16.54647
27	27	16.55807
27	27	16.57001
27	27	16.58221
27	28	16.59724
27	28	16.61206
27	28	16.62385
27	28	16.63829
27	28	16.65293
27	28	16.66458
27	28	16.67539
27	28	16.68756
27	28	16.69939
27	28	16.71082
27	29	16.7224
27	29	16.73837
27	29	16.75493
27	29	16.76937
27	29	16.7806
27	29	16.7922
27	29	16.80287
27	29	16.81476
27	29	16.82652
27	29	16.83775
27	30	16.85
27	30	16.86207
27	30	16.87605
27	30	16.89208
27	30	16.90627
27	30	16.9225
27	30	16.93374
27	30	16.94412
27	30	16.95523
27	30	16.97835
27	30	17.0006
26	30	17.02293
26	30	17.04587
26	30	17.06808
26	30	17.09056
26	30	17.11292
26	30	17.13552
25	30	17.15719
25	30	17.17986
25	30	17.20292
25	30	17.2244
25	30	17.24728
24	30	17.26962
24	30	17.29168
24	30	17.3141
24	30	17.3367
24	30	17.35924
24	30	17.38125
23	30	17.40329
23	30	17.42546
23	30	17.44851
23	30	17.46272
23	30	17.4737
23	30	17.4854
23	30	17.49739
22	30	17.5092
22	30	17.52419
22	30	17.5386
22	30	17.55338
22	30	17.56567
22	30	17.57735
22	30	17.58875
22	30	17.59961
22	30	17.61088
22	30	17.62229
21	30	17.63476
21	30	17.64665
21	30	17.66508
21	30	17.67952
21	30	17.69403
21	30	17.706
21	30	17.71712
21	30	17.72859
21	30	17.73953
20	30	17.7499
20	30	17.76277
20	30	17.77504
20	30	17.78919
20	30	17.80489
20	30	17.82841
20	30	17.84986
19	30	17.87204
19	30	17.89437
19	30	17.91747
19	30	17.93964
19	30	17.96211
19	30	17.98459
18	30	18.0066
18	30	18.02903
18	30	18.05149
18	30	18.07352
18	30	18.09606
17	30	18.11807
17	30	18.14058
17	30	18.16286
17	30	18.18567
17	30	18.20747
17	30	18.2297
16	30	18.25244
16	30	18.27498
16	30	18.28922
16	30	18.30338
16	30	18.31844
16	30	18.33496
16	30	18.34713
16	30	18.35888
16	29	18.37102
16	29	18.38315
16	29	18.39755
16	29	18.41241
16	29	18.42629
16	29	18.43754
16	29	18.44995
16	29	18.46209
16	29	18.4763
16	28	18.4901
16	28	18.5021
16	28	18.51408
16	28	18.52767
16	28	18.54259
16	28	18.55513
16	28	18.56692
16	28	18.57844
16	28	18.59057
16	28	18.60168
16	27	18.62149
16	27	18.64343
16	27	18.66583
16	27	18.68833
16	27	18.71004
16	26	18.73253
16	26	18.75467
16	26	18.77728
16	26	18.80019
16	26	18.82139
16	26	18.84435
17	26	18.86696
17	26	18.88948
17	26	18.91175
17	26	18.93453
17	26	18.95634
18	26	18.97842
18	26	19.00086
18	26	19.02289
18	26	19.04525
18	26	19.06788
18	26	19.09052
19	26	19.10512
19	26	19.12096
19	26	19.1361
19	26	19.14709
19	26	19.15918
19	26	19.17115
19	26	19.18269
19	26	19.19468
19	26	19.20615
20	26	19.21741
20	26	19.22889
20	26	19.24124
20	26	19.25607
20	26	19.2702
20	26	19.28147
20	26	19.29273
20	26	19.30498
20	26	19.31829
20	26	19.33011
21	26	19.34147
21	26	19.35291
21	26	19.36464
21	26	19.37928
21	26	19.39553
21	26	19.40973
21	26	19.42415
21	26	19.43548
21	26	19.44718
22	26	19.46934
22	26	19.49224
22	26	19.51484
22	26	19.53682
22	26	19.55954
22	26	19.5814
22	27	19.60379
22	27	19.62606
22	27	19.64834
22	27	19.67078
22	27	19.69357
22	28	19.71606
22	28	19.73799
22	28	19.75985
22	28	19.7825
22	28	19.80478
22	29	19.8272
22	29	19.85009
22	29	19.8726
22	29	19.8943
22	29	19.91728
22	29	19.9287
22	29	19.93932
22	30	19.95058
22	30	19.96121
22	30	19.9719
22	30	19.98394
22	30	19.99534
22	30	20.00622
22	30	20.01791
22	30	20.02911
22	30	20.04022
22	30	20.05163
22	30	20.06281
22	29	20.07351
22	29	20.08599
22	29	20.09646
22	29	20.10747
22	29	20.11935
22	29	20.12967
22	29	20.14066
22	29	20.15201
22	29	20.16364
22	29	20.17548
22	29	20.18755
22	28	20.19789
22	28	20.20814
22	28	20.22025
22	28	20.23079
22	28	20.24144
22	28	20.25324
22	28	20.26478
22	28	20.27552
22	28	20.28721
22	28	20.29926
22	28	20.31109
22	27	20.32293
22	27	20.33399
22	27	20.34583
22	27	20.35678
22	27	20.36786
22	27	20.37924
22	27	20.39124
22	27	20.40192
22	27	20.41345
22	27	20.42543
22	27	20.43662
22	26	20.44765
22	26	20.45912
22	26	20.47002
22	26	20.48107
22	26	20.4919
22	26	20.5037
22	26	20.51505
22	26	20.5259
22	26	20.53756
22	26	20.5503
23	26	20.56214
23	26	20.57319
23	26	20.58643
23	26	20.60091
23	26	20.61447
23	26	20.62618
23	26	20.63758
23	26	20.64898
23	26	20.66196
23	26	20.67704
24	26	20.69155
24	26	20.70308
24	26	20.71509
24	26	20.72927
24	26	20.74291
24	26	20.76536
24	26	20.78807
25	26	20.81038
25	26	20.83263
25	26	20.85503
25	26	20.87671
25	26	20.89947
25	26	20.92168
26	26	20.94422
26	26	20.96659
26	26	20.9899
26	26	21.01134
26	26	21.03367
27	26	21.05621
27	26	21.07799
27	26	21.10003
27	26	21.1226
27	26	21.14517
27	26	21.16802
26	26	21.18987
26	26	21.20014
26	26	21.21275
26	26	21.22339
26	26	21.23419
26	26	21.24527
26	26	21.25633
26	26	21.26769
26	26	21.27861
26	26	21.2903
25	26	21.302
25	26	21.31392
25	26	21.32628
25	26	21.3378
25	26	21.34884
25	26	21.35996
25	26	21.37231
25	26	21.38501
25	26	21.39687
25	26	21.40835
24	26	21.42282
24	26	21.4353
24	26	21.44852
24	26	21.4619
24	26	21.47513
24	26	21.48798
24	26	21.50181
24	26	21.51564
24	26	21.52782
23	26	21.53918
23	26	21.55016
23	26	21.5618
23	26	21.57332
23	26	21.58636
23	26	21.59686
23	26	21.6085
23	26	21.61991
23	26	21.63046
23	26	21.64216
23	26	21.65322
22	26	21.66413
22	26	21.67508
22	26	21.6872
22	26	21.69901
22	26	21.71077
22	26	21.72691
22	26	21.74787
22	26	21.77068
22	25	21.79273
22	25	21.81469
22	25	21.83749
22	25	21.85998
22	25	21.88249
22	24	21.90482
22	24	21.9277
22	24	21.94932
22	24	21.9718
22	24	21.9939
22	24	22.01614
22	23	22.0384
22	23	22.06053
22	23	22.08412
22	23	22.10542
22	23	22.12798
22	22	22.15017
22	22	22.17267
22	22	22.1953
22	22	22.20924
22	22	22.2232
22	22	22.23525
22	22	22.25017
22	22	22.26479
22	21	22.28062
22	21	22.29166
22	21	22.30364
22	21	22.31906
22	21	22.33455
22	21	22.34618
22	21	22.35786
22	21	22.36944
22	21	22.38137
22	20	22.39418
22	20	22.40911
22	20	22.42434
22	20	22.43894
22	20	22.45049
22	20	22.46212
22	20	22.47349
22	20	22.48473
22	20	22.49564
22	20	22.50753
22	19	22.51963
22	19	22.52939
22	19	22.553
22	19	22.57478
22	19	22.59742
22	19	22.61977
22	18	22.64203
22	18	22.66407
22	18	22.68718
22	18	22.70948
22	18	22.73085
22	18	22.75356
22	19	22.77559
22	19	22.79776
22	19	22.82119
22	19	22.84263
22	19	22.86581
22	20	22.88797
22	20	22.91036
22	20	22.93303
22	20	22.95502
22	20	22.97699
22	20	22.9994
22	21	23.02173
22	21	23.03338
22	21	23.04459
22	21	23.05567
22	21	23.06608
22	21	23.07735
22	21	23.0898
22	21	23.09996
22	21	23.11087
22	21	23.12193
22	22	23.13274
22	22	23.14403
22	22	23.15553
22	22	23.16631
22	22	23.1782
22	22	23.18952
22	22	23.19983
22	22	23.21083
22	22	23.22242
22	22	23.23343
22	22	23.24472
22	23	23.25661
22	23	23.26855
22	23	23.27991
22	23	23.29156
22	23	23.3032
22	23	23.31472
22	23	23.32606
22	23	23.33801
22	23	23.34921
22	23	23.36049
23	23	23.3732
23	23	23.38445
23	23	23.39714
23	23	23.41215
23	23	23.42646
23	23	23.43894
23	23	23.4534
23	23	23.4651
23	23	23.47697
23	23	23.48887
24	23	23.50443
24	23	23.51956
24	23	23.53149
24	23	23.54596
24	23	23.5607
24	23	23.57761
24	23	23.59153
24	23	23.61364
25	23	23.63618
25	23	23.65842
25	23	23.68027
25	23	23.70322
25	23	23.72506
24	23	23.74888
24	23	23.76967
24	23	23.79176
24	23	23.81424
24	23	23.83694
24	23	23.85916
23	23	23.88151
23	23	23.904
23	23	23.92639
23	23	23.94833
23	23	23.9713
22	23	23.99303
22	23	24.01567
22	23	24.03804
22	23	24.0489
22	23	24.0611
22	23	24.07186
22	23	24.0827
22	23	24.09447
22	23	24.10566
22	23	24.11667
22	23	24.12867
22	23	24.15671
22	23	24.16795
22	23	24.17979
22	23	24.191
22	23	24.20183
22	23	24.21317
22	23	24.22472
22	23	24.237
22	23	24.24883
22	23	24.25982
22	23	24.27075
22	23	24.28294
22	23	24.29466
22	23	24.30579
22	23	24.31753
22	23	24.33061
22	23	24.3421
22	23	24.35292
22	23	24.36472
22	24	24.37688
22	24	24.38897
22	24	24.40053
22	24	24.41277
22	24	24.42428
22	24	24.43683
22	24	24.44831
22	24	24.45932
22	24	24.47101
22	24	24.48236
22	24	24.49328
22	25	24.50466
22	25	24.51632
22	25	24.52874
22	25	24.5412
22	25	24.55384
22	25	24.56554
22	25	24.57597
22	25	24.59675
22	26	24.61885
22	26	24.64178
22	26	24.66338
22	26	24.68631
22	26	24.70826
22	26	24.73054
21	26	24.75364
21	26	24.77532
21	26	24.79728
21	26	24.82021
21	26	24.84227
20	26	24.86428
20	26	24.88679
20	26	24.90989
20	26	24.93196
20	26	24.95476
20	26	24.97655
19	26	24.9988
19	26	25.02155
19	26	25.04369
19	26	25.06634
19	26	25.0823
19	26	25.09458
19	25	25.10564
19	25	25.11691
19	25	25.13018
19	25	25.14547
19	25	25.15939
19	25	25.17089
19	25	25.18213
19	25	25.19386
19	25	25.20553
19	25	25.21732
19	24	25.23325
19	24	25.24898
19	24	25.26312
19	24	25.27862
19	24	25.29475
19	24	25.30736
19	24	25.31843
19	24	25.331
19	24	25.34244
19	23	25.35473
19	23	25.36651
19	23	25.3796
19	23	25.39358
19	23	25.41167
19	23	25.43386
19	23	25.45695
18	23	25.47871
18	23	25.50103
18	23	25.52354
18	23	25.54651
18	23	25.56854
18	23	25.59032
17	23	25.61338
17	23	25.63499
17	23	25.6573
17	23	25.68012
17	23	25.70207
16	23	25.7249
16	23	25.74715
16	23	25.77044
16	23	25.79163
16	23	25.81447
16	23	25.8362
16	23	25.8597
16	23	25.88094
16	23	25.89429
16	23	25.90564
16	23	25.9179
16	23	25.93071
16	23	25.94231
16	23	25.95419
16	23	25.96684
16	23	25.97805
16	23	25.98982
16	23	26.00118
16	23	26.01295
16	23	26.0259
16	23	26.03838
16	23	26.05526
16	23	26.06648
16	23	26.07798
16	23	26.08941
16	23	26.10074
16	23	26.11211
16	23	26.1238
16	23	26.13522
16	23	26.14668
16	23	26.159
16	23	26.16998
16	23	26.18109
16	23	26.1923
16	23	26.20371
16	23	26.21494
16	23	26.22624
16	23	26.23803
16	23	26.24964
16	23	26.26115
16	23	26.27268
16	23	26.28482
16	23	26.29634
16	23	26.30744
16	23	26.31904
16	23	26.33118
16	23	26.34218
16	23	26.35376
16	23	26.36959
16	23	26.38165
16	23	26.39394
16	23	26.40558
16	23	26.41599
16	23	26.42894
16	23	26.44038
16	23	26.45184
16	23	26.46304
16	23	26.47428
16	23	26.48607
16	23	26.49789
16	23	26.50917
16	23	26.52116
16	23	26.53298
16	22	26.54436
16	22	26.55568
16	22	26.56799
16	22	26.58237
16	22	26.59646
16	22	26.60726
16	22	26.6204
16	22	26.63252
16	22	26.64448
16	22	26.65886
16	21	26.67228
16	21	26.68601
16	21	26.70749
16	21	26.73023
16	21	26.7522
16	21	26.77459
16	20	26.79717
16	20	26.81962
16	20	26.84173
16	20	26.86414
16	20	26.88643
16	20	26.90863
17	20	26.93132
17	20	26.95371
17	20	26.97592
17	20	26.99848
17	20	27.0204
17	20	27.04316
18	20	27.0652
18	20	27.08774
18	20	27.11052
18	20	27.13211
18	20	27.15483
18	20	27.16734
19	20	27.17842
19	20	27.18999
19	20	27.20116
19	20	27.21492
19	20	27.22923
19	20	27.2411
19	20	27.25286
19	20	27.26461
19	20	27.27923
20	20	27.29364
20	20	27.30501
20	20	27.31833
20	20	27.33287
20	20	27.34749
20	20	27.35942
20	20	27.37227
20	20	27.38423
20	20	27.39559
20	20	27.40697
21	20	27.41942
21	20	27.43372
21	20	27.44903
21	20	27.46443
21	20	27.47565
21	20	27.48713
21	20	27.49898
21	20	27.51044
21	20	27.52326
20	20	27.54527
20	20	27.56689
20	20	27.59016
20	20	27.61204
20	20	27.63467
20	20	27.65717
19	20	27.6803
19	20	27.70168
19	20	27.72437
19	20	27.74776
19	20	27.76902
18	20	27.79159
18	20	27.81345
18	20	27.83575
18	20	27.8581
18	20	27.88008
18	20	27.90261
17	20	27.92465
17	20	27.94719
17	20	27.96961
17	20	27.99193
17	20	28.01431
16	20	28.03683
16	20	28.04901
16	20	28.06048
16	20	28.07111
16	20	28.08217
16	20	28.09252
16	20	28.10365
16	20	28.11493
16	20	28.1266
16	20	28.13726
16	20	28.14852
15	20	28.15922
15	20	28.17056
15	20	28.18239
15	20	28.19692
15	20	28.21092
15	20	28.2264
15	20	28.24084
15	20	28.25256
15	20	28.26411
14	20	28.27513
14	20	28.28627
14	20	28.29826
14	20	28.31211
14	20	28.32622
14	20	28.33753
14	20	28.34935
14	20	28.36257
14	20	28.37955
15	20	28.39454
15	20	28.40681
15	20	28.41822
15	20	28.43067
15	20	28.44241
15	20	28.45358
15	20	28.46543
15	20	28.47762
15	20	28.48908
15	20	28.50182
15	20	28.51413
16	20	28.5258
16	20	28.53882
16	20	28.56145
16	20	28.58341
16	20	28.60589
16	20	28.62842
17	20	28.65095
17	20	28.67361
17	20	28.69628
17	20	28.71826
17	20	28.74027
18	20	28.76244
18	20	28.78474
18	20	28.80716
18	20	28.82966
18	20	28.85184
18	20	28.87422
19	20	28.89648
19	20	28.91945
19	20	28.94149
19	20	28.96361
19	20	28.98642
19	19	29.00874
19	19	29.02012
19	19	29.03244
19	19	29.04713
19	19	29.06198
19	19	29.07389
19	19	29.08523
19	19	29.09687
19	19	29.10816
19	19	29.1194
19	18	29.13175
19	18	29.14415
19	18	29.16002
19	18	29.17901
19	18	29.19077
19	18	29.20201
19	18	29.21346
19	18	29.22524
19	18	29.2364
19	18	29.24784
19	17	29.25991
19	17	29.27126
19	17	29.28337
19	17	29.29868
19	17	29.31294
19	17	29.32803
19	17	29.33991
19	17	29.35207
19	17	29.3637
19	16	29.37603
19	16	29.38815
19	16	29.40059
19	16	29.41398
19	16	29.43283
19	16	29.45536
19	16	29.47749
19	15	29.49979
19	15	29.522
19	15	29.5445
19	15	29.56711
19	15	29.58985
19	15	29.61205
19	14	29.63391
19	14	29.65658
19	14	29.67878
19	14	29.70126
19	14	29.72464
19	13	29.74567
19	13	29.76838
19	13	29.79026
19	13	29.81467
19	13	29.8355
19	13	29.85744
19	12	29.88083
19	12	29.89426
19	12	29.91125
19	12	29.92869
19	12	29.94372
19	12	29.95942
19	12	29.97045
19	12	29.98184
19	11	29.99438
19	11	30.0057
19	11	30.01777
19	11	30.02903
19	11	30.03995
19	11	30.05181
19	11	30.06435
19	11	30.07526
19	11	30.08718
19	11	30.09899
19	11	30.11026
19	11	30.12202
19	11	30.13333
19	11	30.14434
19	11	30.15601
19	11	30.16757
19	11	30.17879
19	11	30.19094
19	11	30.2026
19	12	30.22564
19	12	30.24822
19	12	30.27027
19	12	30.2929
19	12	30.31527
19	13	30.33766
19	13	30.35985
19	13	30.38189
19	13	30.40444
19	13	30.42668
19	13	30.44879
19	14	30.47125
19	14	30.49431
19	14	30.51594
19	14	30.53813
19	14	30.56122
19	15	30.58338
19	15	30.60559
19	15	30.62781
19	15	30.65034
19	15	30.67261
19	14	30.69525
19	14	30.70623
19	14	30.71833
19	14	30.73065
19	14	30.74248
19	14	30.75395
19	14	30.76529
19	14	30.77635
19	14	30.78734
19	14	30.79852
19	14	30.8105
19	13	30.82337
19	13	30.83484
19	13	30.84663
19	13	30.85851
19	13	30.8703
19	13	30.88428
19	13	30.89939
19	13	30.91129
19	13	30.92417
19	13	30.93576
19	12	30.94744
19	12	30.9589
19	12	30.97049
19	12	30.98204
19	12	30.99326
19	12	31.0045
19	12	31.01671
19	12	31.0286
19	12	31.03996
19	12	31.05103
19	11	31.06359
19	11	31.07629
19	11	31.08774
19	11	31.09908
19	11	31.11086
19	11	31.1222
19	11	31.13412
19	11	31.14621
19	11	31.15775
19	11	31.16875
19	11	31.18698
19	11	31.20894
19	11	31.23113
19	11	31.25377
19	11	31.27618
19	11	31.29848
19	11	31.32072
19	11	31.34398
19	11	31.36583
19	11	31.38849
19	11	31.41048
19	11	31.43226
19	11	31.45449
19	11	31.47729
19	12	31.49999
19	12	31.52137
19	12	31.54454
19	12	31.5664
19	12	31.58878
19	12	31.61111
19	13	31.63255
19	13	31.65511
19	13	31.66648
19	13	31.67817
19	13	31.69024
19	13	31.70178
19	13	31.71327
19	13	31.72427
19	13	31.73539
19	14	31.74713
19	14	31.75805
19	14	31.76918
19	14	31.77977
19	14	31.79153
19	14	31.80273
19	14	31.81339
19	14	31.83459
19	14	31.85492
19	13	31.86786
19	13	31.88095
19	13	31.89306
19	13	31.90451
19	13	31.91664
19	13	31.92978
19	13	31.94088
19	13	31.95286
19	13	31.96554
19	12	31.98251
19	12	31.99463
19	12	32.00698
19	12	32.01863
19	12	32.0309
19	12	32.0419
19	12	32.05466
19	12	32.06678
19	12	32.0784
19	12	32.09013
19	12	32.10243
19	11	32.11394
19	11	32.13627
19	11	32.15843
19	11	32.18027
19	11	32.20262
19	11	32.22565
18	11	32.24796
18	11	32.27058
18	11	32.29264
18	11	32.31498
18	11	32.34175
17	11	32.35909
17	11	32.3818
17	11	32.40429
17	11	32.42625
17	11	32.44891
16	11	32.47123
16	11	32.49361
16	11	32.51607
16	11	32.53845
16	11	32.56093
16	11	32.58296
15	11	32.6055
15	11	32.61757
15	11	32.62876
15	11	32.64019
15	11	32.65191
15	11	32.6632
15	11	32.67535
15	11	32.68746
15	11	32.69923
15	11	32.71042
14	11	32.72234
14	11	32.73447
14	11	32.74561
14	11	32.75752
14	11	32.7696
14	11	32.78099
14	11	32.79212
14	11	32.8035
14	11	32.81481
14	11	32.82591
14	11	32.8376
13	11	32.8497
13	11	32.86375
13	11	32.8792
13	11	32.89329
13	11	32.90523
13	11	32.91912
13	11	32.93345
13	11	32.94766
13	11	32.95901
12	11	32.97038
12	11	32.9815
12	11	32.99421
12	11	33.00842
12	11	33.02327
12	11	33.03553
12	11	33.04702
12	11	33.05861
12	11	33.07131
11	11	33.08734
11	11	33.10164
11	11	33.11294
11	11	33.13008
11	11	33.15245
11	11	33.17451
11	11	33.19718
10	11	33.21941
10	11	33.24248
10	11	33.26431
10	11	33.28692
10	11	33.30908
10	12	33.33148
10	12	33.35396
10	12	33.37657
10	12	33.39859
10	12	33.42012
10	12	33.44257
10	13	33.46508
10	13	33.48754
10	13	33.50975
10	13	33.53206
10	13	33.55491
10	14	33.57718
10	14	33.59944
10	14	33.62178
10	14	33.63639
10	14	33.65035
10	14	33.6625
10	14	33.6735
10	14	33.68707
11	14	33.69899
11	14	33.71163
11	14	33.72656
11	14	33.74047
11	14	33.75342
11	14	33.7646
11	14	33.77613
11	14	33.7883
11	14	33.79927
11	14	33.8109
12	14	33.824
12	14	33.83731
12	14	33.85066
12	14	33.8674
12	14	33.88531
12	14	33.89972
12	14	33.91322
12	14	33.92706
13	14	33.93917
13	14	33.94964
13	14	33.96223
13	14	33.97718
13	14	33.99252
13	14	34.00366
13	14	34.01509
13	14	34.03532
13	14	34.05693
14	14	34.0797
14	14	34.10169
14	14	34.12413
14	14	34.1471
14	14	34.16909
15	14	34.19174
15	14	34.21335
15	14	34.23603
15	14	34.25805
15	14	34.28016
15	14	34.30256
16	14	34.32468
16	14	34.34879
16	14	34.36989
16	14	34.39277
16	14	34.41497
17	14	34.43712
17	14	34.45945
17	14	34.48153
17	14	34.50498
17	14	34.52003
17	14	34.53521
17	14	34.54719
18	14	34.55887
18	14	34.56979
18	14	34.58245
18	14	34.59696
18	14	34.61104
18	14	34.62294
18	14	34.63584
18	14	34.6479
18	14	34.65962
19	14	34.67483
19	14	34.68951
19	14	34.70043
19	14	34.7113
19	14	34.7234
19	14	34.7351
19	14	34.74685
19	14	34.75861
19	14	34.76999
19	14	34.78193
18	14	34.79331
18	14	34.80574
18	14	34.8178
18	14	34.83426
18	14	34.84499
18	14	34.86132
18	14	34.88382
18	14	34.90583
17	14	34.92836
17	14	34.95055
17	14	34.97291
17	14	34.99493
17	14	35.01757
16	14	35.03994
16	14	35.0631
16	14	35.08516
16	14	35.10772
16	14	35.13057
16	14	35.15258
15	14	35.17433
15	14	35.1971
15	14	35.2189
15	14	35.24124
15	14	35.26358
14	14	35.28608
14	14	35.3082
14	14	35.33083
14	14	35.34165
14	14	35.35348
14	14	35.36433
14	14	35.37622
14	14	35.38876
14	14	35.40099
13	14	35.41493
13	14	35.42739
13	14	35.43896
13	14	35.45079
13	14	35.46285
13	14	35.47368
13	14	35.4856
13	14	35.49816
13	14	35.51052
13	14	35.52274
12	14	35.53475
12	14	35.5468
12	14	35.55755
12	14	35.56968
12	14	35.58131
12	14	35.59324
12	14	35.6044
12	14	35.61602
12	14	35.6279
12	14	35.63978
11	14	35.65135
11	14	35.66355
11	14	35.67457
11	14	35.68571
11	14	35.69761
11	14	35.70846
11	14	35.72004
11	14	35.73139
11	14	35.74239
11	14	35.7543
12	14	35.77695
12	14	35.79937
12	14	35.82173
12	14	35.84473
12	14	35.86737
12	14	35.89103
13	14	35.91272
13	14	35.93381
13	14	35.95613
13	14	35.97849
13	14	36.00085
14	14	36.02254
14	14	36.04517
14	14	36.06808
14	14	36.09013
14	14	36.11255
14	14	36.13504
15	14	36.15746
15	14	36.17987
15	14	36.20196
15	14	36.22482
15	14	36.2469
15	14	36.25838
16	14	36.26963
16	14	36.28167
16	14	36.29345
16	14	36.30476
16	14	36.3167
16	14	36.32839
16	14	36.34662
16	14	36.3588
16	14	36.37281
17	14	36.38585
17	14	36.39727
17	14	36.4084
17	14	36.42225
17	14	36.43361
17	14	36.44533
17	14	36.45827
17	14	36.46905
17	14	36.4809
17	14	36.4932
16	14	36.50507
16	14	36.51711
16	14	36.52868
16	14	36.54009
16	14	36.55258
16	14	36.56616
16	14	36.57795
16	14	36.5898
16	14	36.60245
16	14	36.61344
16	14	36.62513
15	14	36.63647
15	14	36.64777
15	14	36.67023
15	14	36.69264
15	14	36.71504
15	14	36.73717
14	14	36.75949
14	14	36.78225
14	14	36.80474
14	14	36.82692
14	14	36.84992
13	14	36.87167
13	14	36.89445
13	14	36.91699
13	14	36.93924
13	14	36.96109
13	14	36.98356
12	14	37.00663
12	14	37.02819
12	14	37.05015
12	14	37.07247
12	14	37.09486
11	14	37.11723
11	14	37.13969
11	14	37.15073
11	14	37.16264
11	14	37.17416
11	14	37.18568
11	14	37.19594
11	14	37.2066
11	14	37.21814
11	14	37.22936
10	14	37.24123
10	14	37.25266
10	14	37.26265
10	14	37.27437
10	14	37.28589
10	14	37.29721
10	14	37.30827
10	14	37.32072
10	14	37.33218
10	14	37.34388
10	14	37.3557
10	14	37.36747
10	14	37.37967
10	14	37.39124
10	14	37.4027
10	14	37.41414
10	14	37.42731
10	14	37.4397
10	14	37.45263
10	14	37.4637
10	14	37.47604
10	14	37.48742
10	14	37.49995
10	14	37.51175
10	14	37.5233
10	14	37.53473
10	15	37.54676
10	15	37.55918
10	15	37.57145
10	15	37.58658
10	15	37.60095
10	15	37.61298
10	15	37.63023
10	15	37.64457
10	15	37.65854
10	16	37.67585
10	16	37.69905
10	16	37.72091
10	16	37.7434
10	16	37.76611
10	17	37.78864
10	17	37.81009
10	17	37.83279
10	17	37.85489
10	17	37.87732
10	17	37.89964
10	18	37.92226
10	18	37.94432
10	18	37.96659
10	18	37.98863
10	18	38.01075
10	19	38.03374
10	19	38.05613
10	19	38.07862
10	19	38.10144
10	19	38.12309
10	19	38.14503
10	20	38.1674
10	20	38.17974
10	20	38.19321
10	20	38.20744
10	20	38.21991
10	20	38.23225
10	20	38.24327
10	20	38.25563
10	20	38.2706
11	20	38.28485
11	20	38.29718
11	20	38.31192
11	20	38.32601
11	20	38.33736
11	20	38.34886
11	20	38.36048
11	20	38.37208
11	20	38.38445
12	20	38.39669
12	20	38.40821
12	20	38.42419
12	20	38.43925
12	20	38.45204
12	20	38.46346
12	20	38.47488
12	20	38.48644
12	20	38.49837
12	20	38.51083
13	20	38.52251
13	20	38.53389
13	20	38.54758
13	20	38.5704
13	20	38.59161
13	20	38.6143
13	20	38.63718
13	21	38.65901
13	21	38.6819
13	21	38.70436
13	21	38.72723
13	21	38.74919
13	22	38.77128
13	22	38.79306
13	22	38.81628
13	22	38.83813
13	22	38.86063
13	23	38.88336
13	23	38.90504
13	23	38.92776
13	23	38.95021
13	23	38.97211
13	23	38.99449
13	23	39.0174
13	23	39.02973
13	23	39.04098
13	23	39.05573
13	23	39.06965
13	23	39.08028
13	23	39.09177
12	23	39.10358
12	23	39.11428
12	23	39.1269
12	23	39.14744
12	23	39.16217
12	23	39.17405
12	23	39.18684
12	23	39.19978
12	23	39.21366
11	23	39.22804
11	23	39.24028
11	23	39.25411
11	23	39.26958
11	23	39.28056
11	23	39.29227
11	23	39.30349
11	23	39.31475
11	23	39.32648
10	23	39.33875
10	23	39.3508
10	23	39.36559
10	23	39.38038
10	23	39.39182
10	23	39.4076
10	23	39.42983
10	23	39.45297
10	24	39.47503
10	24	39.49712
10	24	39.51967
10	24	39.54119
10	24	39.5639
10	25	39.58649
10	25	39.60846
10	25	39.63105
10	25	39.65351
10	25	39.67628
10	25	39.69799
10	26	39.72079
10	26	39.74285
10	26	39.7649
10	26	39.78771
10	26	39.80952
11	26	39.83255
11	26	39.85458
11	26	39.87754
11	26	39.89378
11	26	39.90596
11	26	39.91795
11	26	39.93267
11	26	39.94866
12	26	39.96043
12	26	39.97217
12	26	39.98722
12	26	40.0017
12	26	40.01561
12	26	40.0274
12	26	40.03918
12	26	40.04998
12	26	40.06163
13	26	40.07306
13	26	40.08417
13	26	40.09566
13	26	40.11031
13	26	40.12471
13	26	40.13642
13	26	40.14825
13	26	40.16259
13	26	40.17653
13	26	40.18831
13	27	40.20081
13	27	40.22259
13	27	40.24559
13	27	40.26772
13	27	40.29027
13	27	40.31273
13	28	40.3342
13	28	40.35744
13	28	40.37968
13	28	40.40189
13	28	40.42389
13	29	40.44645
13	29	40.46926
13	29	40.49102
13	29	40.51308
13	29	40.53563
13	29	40.55804
13	30	40.58029
13	30	40.60265
13	30	40.62545
13	30	40.64727
13	30	40.66959
12	30	40.69185
12	30	40.7142
12	30	40.72617
12	30	40.7394
12	30	40.75343
12	30	40.76445
12	30	40.77556
12	30	40.7897
12	30	40.8037
11	30	40.81546
11	30	40.8273
11	30	40.84023
11	30	40.85447
11	30	40.87156
11	30	40.88415
11	30	40.89614
11	30	40.90802
11	30	40.9219
10	30	40.93395
10	30	40.94912
10	30	40.96357
10	30	40.97805
10	30	40.98952
10	30	41.00077
10	30	41.01186
10	30	41.02334
10	30	41.03408
10	30	41.04634
9	30	41.05774
9	30	41.06933
9	30	41.08017
9	30	41.09448
9	30	41.11636
9	30	41.13911
9	30	41.16131
8	30	41.18351
8	30	41.20596
8	30	41.22858
8	30	41.25146
8	30	41.27324
7	30	41.29487
7	30	41.31765
7	30	41.33984
7	30	41.36271
7	30	41.38526
7	30	41.40778
6	30	41.42992
6	30	41.45402
6	30	41.47478
6	30	41.49692
6	30	41.51918
5	30	41.54119
5	30	41.56354
5	30	41.57817
5	30	41.59405
5	30	41.60715
5	30	41.61935
5	30	41.63128
5	30	41.64394
5	30	41.65591
4	30	41.66818
4	30	41.68034
4	30	41.69403
4	30	41.71103
4	30	41.72797
4	30	41.74443
4	30	41.75877
4	30	41.76934
4	30	41.78094
3	30	41.79318
3	30	41.8047
3	30	41.8169
3	30	41.8316
3	30	41.846
3	30	41.8583
3	30	41.86962
3	30	41.8811
3	30	41.89568
2	30	41.9097
2	30	41.92223
2	30	41.93295
2	30	41.95573
2	30	41.97679
2	30	41.99923
2	30	42.02164
3	30	42.04478
3	30	42.06647
3	30	42.08872
3	30	42.11098
3	30	42.13288
4	30	42.15541
4	30	42.17772
4	30	42.2001
4	30	42.22198
4	30	42.24467
4	30	42.26691
5	30	42.28915
5	30	42.31162
5	30	42.33362
5	30	42.35758
5	30	42.37872
6	30	42.40082
6	30	42.41245
6	30	42.42421
6	30	42.43452
6	30	42.4456
6	30	42.45675
6	30	42.46797
6	30	42.47962
6	30	42.49141
6	30	42.50303
6	30	42.51403
7	30	42.52548
7	30	42.53627
7	30	42.54668
7	30	42.55778
7	30	42.56765
7	30	42.57906
7	30	42.5898
7	30	42.60126
7	30	42.6124
7	30	42.62429
7	30	42.63525
8	30	42.6463
8	30	42.6573
8	30	42.66928
8	30	42.67967
8	30	42.69093
8	30	42.70226
8	30	42.71328
8	30	42.72447
8	30	42.73668
8	30	42.74838
9	30	42.76028
9	30	42.7718
9	30	42.78373
9	30	42.79555
9	30	42.80738
9	30	42.81973
9	30	42.83096
9	30	42.8416
9	30	42.85346
9	30	42.86411
9	30	42.87605
10	30	42.88754
10	30	42.89858
10	30	42.90936
10	30	42.92289
10	30	42.93375
10	30	42.94471
10	30	42.95668
10	30	42.96788
10	30	42.97912
10	30	42.98986
10	30	43.00069
11	30	43.01195
11	30	43.02318
11	30	43.03397
11	30	43.04525
11	30	43.05616
11	30	43.06764
11	30	43.07832
11	30	43.0895
11	30	43.10044
11	30	43.11215
11	30	43.12576
12	30	43.13848
12	30	43.14984
12	30	43.16143
12	30	43.17245
12	30	43.18384
12	30	43.19482
12	30	43.20599
12	30	43.21747
12	30	43.23309
12	30	43.24401
13	30	43.2553
13	30	43.26671
13	30	43.27782
13	30	43.28991
13	30	43.30103
13	30	43.31232
13	30	43.32497
13	30	43.33681
13	30	43.34801
13	30	43.36047
13	29	43.37334
13	29	43.38634
13	29	43.39786
13	29	43.4171
13	29	43.43907
13	29	43.46166
13	29	43.48408
13	28	43.50646
13	28	43.5288
13	28	43.55115
13	28	43.57401
13	28	43.59639
14	28	43.61903
14	28	43.64084
14	28	43.66302
14	28	43.6853
14	28	43.70761
14	28	43.73005
15	28	43.7519
15	28	43.77495
15	28	43.7969
15	28	43.8201
15	28	43.84209
16	28	43.86437
16	28	43.88747
16	28	43.89841
16	28	43.90976
16	28	43.92231
16	28	43.93333
16	28	43.94469
16	28	43.95588
16	28	43.96614
16	28	43.97884
16	29	43.99402
16	29	44.00612
16	29	44.01787
16	29	44.03024
16	29	44.04183
16	29	44.05373
16	29	44.06549
16	29	44.07736
16	29	44.08904
16	29	44.09983
16	30	44.11386
16	30	44.12697
16	30	44.13787
16	30	44.14951
16	30	44.16042
16	30	44.17192
16	30	44.18345
16	30	44.19573
16	30	44.20658
16	30	44.21778
17	30	44.22891
17	30	44.24028
17	30	44.25119
17	30	44.26253
17	30	44.27372
17	30	44.28448
17	30	44.29599
17	30	44.30793
17	30	44.3206
17	30	44.33224
17	30	44.34345
16	30	44.35586
16	30	44.37777
16	30	44.40057
16	30	44.4228
16	30	44.44547
16	30	44.46762
16	29	44.49004
16	29	44.51251
16	29	44.53468
16	29	44.55755
16	29	44.57932
16	28	44.60127
16	28	44.62387
16	28	44.64646
16	28	44.66809
16	28	44.69082
16	28	44.71333
16	27	44.73555
16	27	44.75792
16	27	44.78016
16	27	44.80288
16	27	44.82464
16	26	44.84703
16	26	44.85852
16	26	44.87025
16	26	44.88172
16	26	44.89281
16	26	44.90266
16	26	44.91494
16	26	44.92649
16	26	44.93748
16	26	44.94822
16	26	44.96051
16	26	44.97157
16	26	44.98286
16	26	44.99397
16	26	45.00481
16	26	45.0157
16	26	45.02771
16	26	45.03798
16	26	45.049
16	26	45.05954
16	26	45.07167
16	26	45.08563
16	26	45.09722
16	26	45.1088
16	26	45.12021
16	26	45.13134
16	26	45.14234
16	26	45.15303
16	26	45.16452
16	26	45.17552
16	26	45.18594
16	26	45.19673
16	26	45.20742
16	26	45.21928
16	26	45.23055
16	26	45.24155
16	26	45.25286
16	26	45.26406
16	26	45.27515
16	26	45.28616
16	26	45.29671
16	26	45.30798
16	26	45.31857
16	26	45.32964
16	26	45.34124
16	26	45.3514
16	26	45.3632
16	26	45.37477
16	26	45.38735
16	26	45.39817
16	26	45.41093
16	26	45.42222
16	26	45.43409
16	26	45.4453
16	26	45.45683
16	26	45.46802
16	26	45.47949
16	26	45.49078
16	26	45.50212
16	26	45.5143
16	26	45.52689
16	26	45.53818
16	26	45.54904
16	26	45.56143
16	26	45.57267
16	26	45.58308
16	26	45.59415
16	26	45.60556
16	26	45.61666
16	26	45.62908
16	26	45.64069
16	26	45.65182
16	26	45.66311
16	26	45.67373
16	26	45.68505
16	26	45.69667
16	26	45.70688
16	26	45.7177
16	26	45.72885
16	26	45.74421
16	26	45.75545
16	26	45.76676
16	26	45.77833
16	26	45.78934
16	26	45.80004
16	26	45.81212
16	26	45.82409
16	26	45.83593
16	26	45.84715
16	26	45.85854
16	26	45.86953
16	26	45.88082
16	26	45.89316
16	26	45.90408
16	26	45.91568
16	26	45.92889
17	26	45.96427
17	26	45.97844
17	26	45.99036
17	26	46.00947
17	26	46.03086
17	26	46.054
18	26	46.07593
18	26	46.09855
18	26	46.12073
18	26	46.14331
18	26	46.16506
18	26	46.18705
19	26	46.20987
19	26	46.23202
19	26	46.25408
19	26	46.2766
19	26	46.29909
19	25	46.32162
19	25	46.34408
19	25	46.36683
19	25	46.38919
19	25	46.41093
19	25	46.43354
19	24	46.4565
19	24	46.47823
19	24	46.48915
19	24	46.50058
19	24	46.51303
19	24	46.52376
19	24	46.53588
19	24	46.54774
19	24	46.55967
19	23	46.57026
19	23	46.58088
19	23	46.59283
19	23	46.60386
19	23	46.61567
19	23	46.62728
19	23	46.63828
19	23	46.65014
19	23	46.6619
19	23	46.67301
19	23	46.68513
19	23	46.69622
19	23	46.70712
19	23	46.71798
19	23	46.72911
18	23	46.74029
18	23	46.75228
18	23	46.76358
18	23	46.77561
18	23	46.78698
18	23	46.79902
18	23	46.81104
18	23	46.82241
18	23	46.83419
18	23	46.84613
18	23	46.85861
17	23	46.87031
17	23	46.88207
17	23	46.89387
17	23	46.90567
17	23	46.91859
17	23	46.93006
17	23	46.94136
17	23	46.95301
17	23	46.96398
17	23	46.97601
16	23	46.98943
16	23	47.00038
16	23	47.01218
16	23	47.02285
16	23	47.0395
16	23	47.05122
16	23	47.06248
16	23	47.07307
16	23	47.09279
16	23	47.11427
16	23	47.13679
16	23	47.15902
16	23	47.18174
16	23	47.20401
16	23	47.22656
16	23	47.24919
16	23	47.27119
16	23	47.29385
16	23	47.31625
16	23	47.33825
16	23	47.36064
16	23	47.38345
16	23	47.40575
16	23	47.42757
16	23	47.44958
16	23	47.47172
16	23	47.49429
16	23	47.51643
16	23	47.5396
16	23	47.56188
16	23	47.57351
16	23	47.58425
16	23	47.59629
16	23	47.60767
16	23	47.6186
16	23	47.62905
16	23	47.64043
16	23	47.65135
16	23	47.66236
16	23	47.67335
16	23	47.68406
16	22	47.69555
16	22	47.70616
16	22	47.71755
16	22	47.72879
16	22	47.7402
16	22	47.75111
16	22	47.76261
16	22	47.77338
16	22	47.78433
16	22	47.79573
16	22	47.80757
16	21	47.81823
16	21	47.82898
16	21	47.83984
16	21	47.85113
16	21	47.86234
16	21	47.87444
16	21	47.88565
16	21	47.89761
16	21	47.90952
16	21	47.92179
16	21	47.93336
16	20	47.94533
16	20	47.95744
16	20	47.96834
16	20	47.97991
16	20	47.99137
16	20	48.00258
16	20	48.01451
16	20	48.027
16	20	48.04278
16	20	48.05741
16	20	48.0689
16	20	48.08012
16	20	48.0932
15	20	48.10605
15	20	48.11781
15	20	48.1297
15	20	48.14249
15	20	48.15631
15	20	48.1685
15	20	48.17997
15	20	48.19067
15	20	48.20919
14	20	48.23151
14	20	48.25372
14	20	48.27642
14	20	48.29858
14	20	48.32077
13	20	48.34313
13	20	48.36579
13	20	48.38817
13	20	48.4099
13	20	48.43218
13	20	48.45493
12	20	48.47725
12	20	48.49994
12	20	48.52184
12	20	48.54463
12	20	48.56672
11	20	48.58937
11	20	48.61182
11	20	48.63416
11	20	48.65693
11	20	48.67872
11	20	48.68983
11	20	48.70094
10	20	48.71156
10	20	48.72243
10	20	48.73365
10	20	48.74504
10	20	48.75642
10	20	48.76709
10	20	48.77853
10	20	48.78994
10	20	48.80103
10	20	48.8127
10	20	48.82463
9	20	48.83475
9	20	48.84649
9	20	48.85867
9	20	48.87294
9	20	48.88741
9	20	48.89906
9	20	48.91036
9	20	48.92333
9	20	48.93473
9	20	48.94586
8	20	48.95877
8	20	48.97005
8	20	48.98478
8	20	48.99946
8	20	49.01035
8	20	49.02232
8	20	49.03323
8	20	49.04494
8	20	49.05674
8	20	49.06792
7	20	49.07974
7	20	49.09161
7	20	49.1043
7	20	49.11856
7	20	49.13351
7	20	49.14856
7	20	49.16475
7	20	49.17686
7	20	49.18902
7	21	49.20092
7	21	49.21227
7	21	49.22437
7	21	49.23733
7	21	49.25938
7	21	49.28169
7	21	49.30442
7	22	49.3259
7	22	49.34906
7	22	49.37161
7	22	49.39333
7	22	49.41587
7	22	49.43762
7	23	49.46062
7	23	49.48247
7	23	49.50485
7	23	49.52745
7	23	49.54961
7	24	49.5719
7	24	49.59443
7	24	49.61773
7	24	49.63898
7	24	49.66179
7	25	49.6841
7	25	49.70634
7	25	49.72883
7	25	49.74213
7	25	49.75557
7	25	49.76702
7	25	49.77919
7	25	49.79341
7	26	49.80797
7	26	49.81957
7	26	49.83678
7	26	49.85056
7	26	49.86564
7	26	49.87679
7	26	49.88881
7	26	49.90096
7	26	49.91221
7	26	49.92399
8	26	49.9351
8	26	49.95028
8	26	49.96629
8	26	49.97971
8	26	49.9908
8	26	50.00277
8	26	50.01432
9	26	50.05584
9	26	50.07092
9	26	50.08589
9	26	50.1007
9	26	50.11452
9	26	50.13074
9	26	50.15318
10	26	50.17559
10	26	50.19746
10	26	50.21966
10	26	50.24286
10	26	50.26407
10	26	50.28657
11	26	50.30938
11	26	50.33119
11	26	50.35394
11	26	50.37686
11	26	50.39897
10	26	50.42081
10	26	50.44298
10	26	50.46484
10	26	50.48801
10	26	50.51055
10	26	50.53294
9	26	50.55555
9	26	50.57799
9	26	50.59096
9	26	50.60376
9	26	50.61575
9	26	50.6297
9	26	50.64239
9	26	50.65607
8	26	50.66816
8	26	50.68026
8	26	50.69325
8	26	50.70588
8	26	50.71904
8	26	50.73244
8	26	50.74339
8	26	50.75537
8	26	50.7678
8	26	50.78017
7	26	50.79096
7	26	50.80264
7	26	50.81421
7	26	50.82598
7	26	50.83736
7	26	50.84871
7	26	50.8602
7	26	50.8716
7	26	50.88249
7	26	50.89461
6	26	50.9054
6	26	50.91804
6	26	50.92998
6	26	50.94551
6	26	50.95927
6	26	50.97004
6	26	50.9902
6	26	51.01342
5	26	51.03535
5	26	51.05816
5	26	51.08
5	26	51.10249
5	26	51.12434
5	26	51.14723
4	26	51.16993
4	26	51.19202
4	26	51.21418
4	26	51.23661
4	26	51.25877
3	26	51.28212
3	26	51.30383
3	26	51.3277
3	26	51.34894
3	26	51.37118
3	26	51.39274
2	26	51.4156
2	26	51.43687
2	26	51.45913
2	26	51.48257
2	26	51.49942
2	26	51.51368
2	27	51.52658
2	27	51.5374
2	27	51.54961
2	27	51.56386
2	27	51.57737
2	27	51.59005
2	27	51.60141
2	27	51.61378
2	27	51.62567
2	27	51.63725
2	28	51.65201
2	28	51.66672
2	28	51.68025
2	28	51.69144
2	28	51.70273
2	28	51.71396
2	28	51.72486
2	28	51.73645
2	28	51.74821
2	28	51.75856
2	29	51.77081
2	29	51.7833
2	29	51.79803
2	29	51.81543
2	29	51.83122
2	29	51.8457
2	29	51.85751
2	29	51.87076
2	30	51.88303
2	30	51.89449
2	30	51.90553
2	30	51.91775
2	30	51.93039
2	30	51.94065
2	30	51.95124
2	30	51.96261
2	30	51.97321
2	30	51.98442
2	30	51.9958
3	30	52.00709
3	30	52.0196
3	30	52.03104
3	30	52.04217
3	30	52.05352
3	30	52.06492
3	30	52.0764
3	30	52.08751
3	30	52.10202
3	30	52.11578
4	30	52.12767
4	30	52.13873
4	30	52.15037
4	30	52.1628
4	30	52.17311
4	30	52.18438
4	30	52.19528
4	30	52.2055
4	30	52.21697
4	30	52.22871
4	30	52.23904
5	30	52.25031
5	30	52.26222
5	30	52.27308
5	30	52.2844
5	30	52.29654
5	30	52.30728
5	30	52.3185
5	30	52.32962
5	30	52.34021
5	30	52.3515
5	30	52.36319
6	30	52.37893
6	30	52.39235
6	30	52.40652
6	30	52.42004
6	30	52.43411
6	30	52.44494
6	30	52.45666
6	30	52.46769
6	30	52.48389
7	30	52.49812
7	30	52.5101
7	30	52.52308
7	30	52.53574
7	30	52.54916
7	30	52.56013
7	30	52.57132
7	30	52.58217
7	30	52.59298
7	30	52.60498
7	29	52.61678
7	29	52.62839
7	29	52.63999
7	29	52.65482
7	29	52.66869
7	29	52.67989
7	29	52.69971
7	29	52.72245
7	28	52.74411
7	28	52.7668
7	28	52.78904
7	28	52.81176
7	28	52.83355
7	28	52.85611
7	27	52.87888
7	27	52.90077
7	27	52.9227
7	27	52.94573
7	27	52.96748
7	26	52.99017
7	26	53.01237
7	26	53.03528
7	26	53.05744
7	26	53.07962
7	26	53.10208
7	25	53.12427
7	25	53.14664
7	25	53.15832
7	25	53.16911
7	25	53.17952
7	25	53.19118
7	25	53.20182
7	25	53.21383
7	25	53.22414
7	24	53.23543
7	24	53.24654
7	24	53.25759
7	24	53.26876
7	24	53.28035
7	24	53.29396
7	24	53.30636
7	24	53.31919
7	24	53.33176
7	24	53.34471
7	23	53.35725
7	23	53.36957
7	23	53.38329
7	23	53.39557
7	23	53.40727
7	23	53.4189
7	23	53.43031
7	23	53.44134
7	23	53.45343
7	23	53.46459
6	23	53.47528
6	23	53.48632
6	23	53.49873
6	23	53.51434
6	23	53.52807
6	23	53.53906
6	23	53.55114
6	23	53.56245
6	23	53.57353
6	23	53.58584
5	23	53.59765
5	23	53.60925
5	23	53.62186
5	23	53.6367
5	23	53.65141
5	23	53.66628
5	23	53.68211
5	23	53.69283
5	23	53.70406
5	23	53.71444
4	23	53.72614
4	23	53.73705
4	23	53.74986
4	23	53.77208
4	23	53.79383
4	23	53.81754
3	23	53.83853
3	23	53.86159
3	23	53.88347
3	23	53.90561
3	23	53.9288
3	23	53.95085
2	23	53.97345
2	23	53.99577
2	23	54.0186
2	23	54.04034
2	23	54.06242
3	23	54.08469
3	23	54.10711
3	23	54.14243
3	23	54.15714
3	23	54.17338
3	23	54.19587
4	23	54.21803
4	23	54.24068
4	23	54.25435
4	23	54.26742
4	23	54.27867
4	23	54.28935
4	23	54.30129
4	23	54.31234
4	23	54.3235
5	23	54.33517
5	23	54.34626
5	23	54.35806
5	23	54.37075
5	23	54.38382
5	23	54.39538
5	23	54.40644
5	23	54.41718
5	23	54.42911
5	23	54.4399
6	23	54.45205
6	23	54.46271
6	23	54.47406
6	23	54.48623
6	23	54.49863
6	23	54.50964
6	23	54.52152
6	23	54.53316
6	23	54.54421
6	23	54.55538
6	23	54.56677
7	23	54.57803
7	23	54.58883
7	23	54.60048
7	23	54.61198
7	23	54.62358
7	23	54.63561
7	23	54.64669
7	23	54.65757
7	23	54.66872
7	23	54.68009
7	23	54.69111
6	22	54.70244
6	22	54.71466
6	22	54.72981
6	22	54.74371
6	22	54.75752
6	22	54.76997
6	22	54.78114
6	22	54.79274
6	22	54.80433
6	22	54.81534
6	21	54.82716
6	21	54.83871
6	21	54.84971
6	21	54.86108
6	21	54.87262
6	21	54.88387
6	21	54.89571
6	21	54.90707
6	21	54.92156
6	21	54.93319
6	20	54.94371
6	20	54.95469
6	20	54.96702
6	20	54.98905
6	20	55.01135
6	20	55.03443
6	20	55.05629
6	19	55.07946
6	19	55.10129
6	19	55.12391
6	19	55.14675
6	19	55.16831
6	20	55.19088
6	20	55.2124
6	20	55.23542
6	20	55.25714
6	20	55.27973
6	20	55.3022
6	21	55.32416
6	21	55.34722
6	21	55.36992
6	21	55.39165
6	21	55.41413
6	22	55.4366
6	22	55.45862
6	22	55.46978
6	22	55.48169
6	22	55.49321
6	22	55.50434
6	22	55.51476
6	22	55.52615
6	22	55.53828
6	23	55.55
6	23	55.5611
6	23	55.57231
6	23	55.58372
6	23	55.5952
6	23	55.6064
6	23	55.61747
6	23	55.62849
6	23	55.63942
6	23	55.65074
6	23	55.66207
6	24	55.67317
6	24	55.68486
6	24	55.69636
6	24	55.70807
6	24	55.7194
6	24	55.73273
6	24	55.74534
6	24	55.75898
6	24	55.77234
6	24	55.78514
6	25	55.79629
6	25	55.80758
6	25	55.81915
6	25	55.83038
6	25	55.84104
6	25	55.85257
6	25	55.86415
6	25	55.87521
6	25	55.88707
6	25	55.89872
6	25	55.90985
6	26	55.92326
6	26	55.93449
6	26	55.94586
6	26	55.95758
6	26	55.96857
6	26	55.97938
6	26	55.99126
6	26	56.00227
6	26	56.01311
6	26	56.02458
5	26	56.03942
5	26	56.06184
5	26	56.08433
5	26	56.10625
5	26	56.12876
5	26	56.15137
5	26	56.17491
5	26	56.19664
5	26	56.21815
5	26	56.24024
5	26	56.26234
4	26	56.28473
4	26	56.30712
4	26	56.32976
4	26	56.35231
4	26	56.37521
4	26	56.39721
3	26	56.41966
3	26	56.44122
3	26	56.4635
3	26	56.48656
3	26	56.50812
3	26	56.52042
2	26	56.53598
2	26	56.54743
2	26	56.55919
2	26	56.57042
2	26	56.58175
2	26	56.59276
2	26	56.60446
2	26	56.61618
2	26	56.62773
2	26	56.63911
2	26	56.65199
2	26	56.66349
2	25	56.67607
2	25	56.68695
2	25	56.70097
2	25	56.71882
2	25	56.73564
2	25	56.74808
2	25	56.76079
2	25	56.77341
2	25	56.78484
2	24	56.79631
2	24	56.81215
2	24	56.82869
2	24	56.84402
2	24	56.8552
2	24	56.86666
2	24	56.87839
2	24	56.89016
2	24	56.90205
2	24	56.91417
2	23	56.92851
2	23	56.9393
2	23	56.95543
2	23	56.97749
2	23	56.99983
2	23	57.02256
3	23	57.04483
3	23	57.0666
3	23	57.08875
3	23	57.1114
3	23	57.13353
3	23	57.15579
4	23	57.17852
4	23	57.20058
4	23	57.22341
4	23	57.2457
4	23	57.26896
5	23	57.29121
5	23	57.31306
5	23	57.33539
5	23	57.35728
5	23	57.37991
5	23	57.40232
5	23	57.42461
5	23	57.43598
5	23	57.44746
5	23	57.4589
5	23	57.46893
5	23	57.47998
5	23	57.49124
5	23	57.50225
5	23	57.51401
5	23	57.52605
6	23	57.53715
6	23	57.54872
6	23	57.55984
6	23	57.57171
6	23	57.58449
6	23	57.59612
6	23	57.60802
6	23	57.61948
6	23	57.63085
6	23	57.64316
6	22	57.65485
6	22	57.66745
6	22	57.67904
6	22	57.69011
6	22	57.70119
6	22	57.71284
6	22	57.72428
6	22	57.73578
6	22	57.74739
6	22	57.75969
6	21	57.77179
6	21	57.78366
6	21	57.79495
6	21	57.80883
6	21	57.82397
6	21	57.84238
6	21	57.85646
6	21	57.86909
6	21	57.88086
6	21	57.8925
6	20	57.90381
6	20	57.91673
6	20	57.92963
6	20	57.94117
6	20	57.95248
6	20	57.97186
6	20	57.99371
6	19	58.01636
6	19	58.03851
6	19	58.06086
6	19	58.08303
6	19	58.1051
6	19	58.12818
6	18	58.15026
6	18	58.17255
6	18	58.19556
6	18	58.21824
6	18	58.23989
6	17	58.26226
6	17	58.28447
6	17	58.30691
6	17	58.32867
6	17	58.35084
6	17	58.3738
6	16	58.39625
6	16	58.41858
6	16	58.44063
6	16	58.45328
6	16	58.4638
6	16	58.47476
6	16	58.48577
6	16	58.49761
6	15	58.50863
6	15	58.52036
6	15	58.53288
6	15	58.54612
6	15	58.56087
6	15	58.57204
6	15	58.58352
6	15	58.5957
6	15	58.60658
6	15	58.61827
6	14	58.62923
6	14	58.64154
6	14	58.65541
6	14	58.67145
6	14	58.68725
6	14	58.70191
6	14	58.7154
6	14	58.72775
6	14	58.73991
6	13	58.7516
6	13	58.76279
6	13	58.77466
6	13	58.78955
6	13	58.80373
6	13	58.81438
6	13	58.82666
6	13	58.83827
6	13	58.85377
6	13	58.86859
6	12	58.8794
6	12	58.89219
6	12	58.90861
6	12	58.9251
6	12	58.94363
6	12	58.96531
6	12	58.98822
6	11	59.00978
6	11	59.03233
6	11	59.05516
6	11	59.07722
6	11	59.09977
5	11	59.12201
5	11	59.14479
5	11	59.16745
5	11	59.18959
5	11	59.21135
5	11	59.23436
4	11	59.25656
4	11	59.27839
4	11	59.30143
4	11	59.32245
4	11	59.34505
3	11	59.36755
3	11	59.39043
3	11	59.40268
3	11	59.41669
3	11	59.4309
3	11	59.44279
3	11	59.45521
3	11	59.47017
3	11	59.48428
3	11	59.49553
3	11	59.50722
3	11	59.52217
3	11	59.53673
3	11	59.5483
3	11	59.55953
3	11	59.57086
3	11	59.58237
3	11	59.59472
2	11	59.60672
2	11	59.62159
2	11	59.63603
2	11	59.65087
2	11	59.66239
2	11	59.67396
2	11	59.6864
2	11	59.69823
2	11	59.70974
2	11	59.72223
2	11	59.73297
2	11	59.74374
2	11	59.7593
2	11	59.78088
2	11	59.80308
2	11	59.82535
2	11	59.84764
2	11	59.87011
2	11	59.89223
2	11	59.91639
2	11	59.93742
2	11	59.96029
2	11	59.98214
3	11	60.0049
3	11	60.02679
3	11	60.04937
3	11	60.07181
3	11	60.09356
3	11	60.1162
3	11	60.13828
3	11	60.16129
3	11	60.18309
3	11	60.20658
4	11	60.22806
4	11	60.23981
4	11	60.2505
4	11	60.26169
4	11	60.27259
4	11	60.28334
4	11	60.29435
4	11	60.30504
4	11	60.31776
4	11	60.32967
4	11	60.34267
5	11	60.35773
5	11	60.37103
5	11	60.38496
5	11	60.39731
5	11	60.40861
5	11	60.42041
5	11	60.43126
5	11	60.44325
5	11	60.45484
5	11	60.46694
6	11	60.47825
6	11	60.48958
6	11	60.50144
6	11	60.51262
6	11	60.5245
6	11	60.53671
6	11	60.54808
6	11	60.55951
6	11	60.57087
6	11	60.58353
6	12	60.5946
6	12	60.60577
6	12	60.61786
6	12	60.62948
6	12	60.6409
6	12	60.65761
6	12	60.66894
6	12	60.68622
6	12	60.70836
6	13	60.73049
6	13	60.75286
6	13	60.77454
6	13	60.79707
6	13	60.81983
6	14	60.84184
6	14	60.86432
6	14	60.88707
6	14	60.9089
6	14	60.93126
6	14	60.95397
6	15	60.97627
6	15	60.9983
6	15	61.02115
6	15	61.04281
6	15	61.06524
6	16	61.08854
6	16	61.11015
6	16	61.13284
6	16	61.155
6	16	61.16636
6	16	61.17831
6	16	61.18917
6	16	61.19955
6	17	61.21036
6	17	61.22169
6	17	61.23291
6	17	61.24394
6	17	61.25515
6	17	61.26622
6	17	61.27769
6	17	61.28908
6	17	61.30014
6	17	61.31091
6	17	61.32234
5	17	61.33352
5	17	61.34465
5	17	61.35721
5	17	61.37353
5	17	61.39096
5	17	61.40367
5	17	61.41668
5	17	61.42936
5	17	61.44228
4	17	61.45441
4	17	61.46626
4	17	61.4786
4	17	61.49332
4	17	61.50777
4	17	61.52179
4	17	61.53283
4	17	61.5451
4	17	61.55694
4	17	61.56841
3	17	61.57903
3	17	61.59041
3	17	61.60376
3	17	61.6175
3	17	61.63133
3	17	61.64206
3	17	61.65428
3	17	61.67054
3	17	61.68425
4	17	61.69622
4	17	61.70786
4	17	61.72425
4	17	61.74656
4	17	61.76917
4	17	61.79154
4	17	61.81401
5	17	61.83654
5	17	61.85875
5	17	61.88134
5	17	61.9038
5	17	61.92641
6	17	61.94831
6	17	61.97082
6	17	61.99254
6	17	62.0146
6	17	62.03735
6	17	62.0597
6	18	62.08242
6	18	62.10457
6	18	62.12735
6	18	62.14936
6	18	62.1712
6	19	62.19358
6	19	62.20453
6	19	62.21642
6	19	62.23263
6	19	62.2465
6	19	62.25818
6	19	62.26955
6	19	62.28125
6	19	62.29352
6	20	62.30522
6	20	62.31534
6	20	62.32677
6	20	62.33704
6	20	62.3475
6	20	62.35915
6	20	62.37082
6	20	62.38238
6	20	62.39428
6	20	62.40585
6	20	62.41683
6	21	62.42883
6	21	62.43984
6	21	62.45555
6	21	62.46797
6	21	62.47915
6	21	62.49024
6	21	62.50122
6	21	62.51255
6	21	62.52447
6	21	62.53568
6	21	62.54815
6	22	62.5592
6	22	62.57083
6	22	62.58148
6	22	62.59399
6	22	62.60623
6	22	62.61626
6	22	62.62866
6	22	62.63952
6	22	62.651
6	22	62.66243
6	23	62.67423
6	23	62.68667
6	23	62.69748
6	23	62.70877
6	23	62.72084
6	23	62.73232
6	23	62.7439
6	23	62.75523
6	23	62.76715
6	23	62.77857
6	23	62.79116
5	23	62.8026
5	23	62.81351
5	23	62.82594
5	23	62.83716
5	23	62.84772
5	23	62.85868
5	23	62.87034
5	23	62.88112
5	23	62.89274
5	23	62.90414
4	23	62.91604
4	23	62.92831
4	23	62.93911
4	23	62.95068
4	23	62.96124
4	23	62.97536
4	23	62.99768
4	23	63.02018
3	23	63.04319
3	23	63.0655
3	23	63.08767
3	23	63.10951
3	23	63.13245
3	23	63.15483
2	23	63.17697
2	23	63.19895
2	23	63.22174
2	23	63.24341
2	23	63.2654
1	23	63.28845
1	23	63.31083
1	23	63.33326
1	23	63.3556
1	23	63.3783
1	23	63.40062
1	23	63.42287
2	23	63.44514
2	23	63.46103
2	23	63.47299
2	23	63.48423
2	23	63.49559
2	23	63.5065
2	23	63.51929
2	23	63.53216
2	23	63.54436
2	23	63.55712
3	23	63.5681
3	23	63.58028
3	23	63.59153
3	23	63.60219
3	23	63.61483
3	23	63.62609
3	23	63.63756
3	23	63.64902
3	23	63.66112
3	23	63.67322
4	23	63.68473
4	23	63.69639
4	23	63.70761
4	23	63.71882
4	23	63.73015
4	23	63.74274
4	23	63.75518
4	23	63.7675
4	23	63.77909
4	23	63.78994
4	23	63.80154
5	23	63.81298
5	23	63.82468
5	23	63.83604
5	23	63.84669
5	23	63.86938
5	23	63.89199
5	23	63.91379
6	23	63.9358
6	23	63.95838
6	23	63.98025
6	23	64.00426
6	23	64.02595
6	23	64.04848
6	22	64.07041
6	22	64.09284
6	22	64.11463
6	22	64.13771
6	22	64.16028
6	21	64.18203
6	21	64.20462
6	21	64.2268
6	21	64.24979
6	21	64.27133
6	20	64.29349
6	20	64.31643
6	20	64.33874
6	20	64.3497
6	20	64.3615
6	20	64.3735
6	20	64.38535
6	20	64.3973
6	20	64.40984
6	19	64.42243
6	19	64.43463
6	19	64.44597
6	19	64.45744
6	19	64.4691
6	19	64.48018
6	19	64.49186
6	19	64.50319
6	19	64.51453
6	19	64.52595
6	19	64.53645
6	18	64.54835
6	18	64.56075
6	18	64.57178
6	18	64.58238
6	18	64.59428
6	18	64.60576
6	18	64.61687
6	18	64.62846
6	18	64.6407
6	18	64.6518
6	17	64.66406
6	17	64.67577
6	17	64.6879
6	17	64.70009
6	17	64.71133
6	17	64.72261
6	17	64.7336
6	17	64.75032
6	17	64.76302
6	17	64.77414
6	16	64.78564
6	16	64.79707
6	16	64.8087
6	16	64.82008
6	16	64.8311
6	16	64.842
6	16	64.85396
6	16	64.86549
6	16	64.87675
6	16	64.88754
6	16	64.89861
6	15	64.91032
6	15	64.9231
6	15	64.93517
6	15	64.94704
6	15	64.95815
6	15	64.96956
6	15	64.98088
6	15	64.99213
6	15	65.00355
6	15	65.01651
6	14	65.02872
6	14	65.03996
6	14	65.05186
6	14	65.06396
6	14	65.07661
6	14	65.08787
6	14	65.09849
6	14	65.12012
6	14	65.1424
6	13	65.16488
6	13	65.18675
6	13	65.20977
6	13	65.23137
6	13	65.25497
6	12	65.27673
6	12	65.29932
6	12	65.32148
6	12	65.34391
6	12	65.36568
6	12	65.38908
6	11	65.41087
6	11	65.43256
6	11	65.45504
6	11	65.47726
6	11	65.4998
5	11	65.52274
5	11	65.54501
5	11	65.56776
5	11	65.58994
5	11	65.6014
5	11	65.61256
5	11	65.62446
5	11	65.63416
4	11	65.64518
4	11	65.65687
4	11	65.66722
4	11	65.67863
4	11	65.68974
4	11	65.70074
4	11	65.71153
4	11	65.72345
4	11	65.73404
4	11	65.7452
4	11	65.75632
3	11	65.76962
3	11	65.7796
3	11	65.79049
3	11	65.8013
3	11	65.81255
3	11	65.82352
3	11	65.83456
3	11	65.84557
3	11	65.85728
3	11	65.86816
3	11	65.88023
2	11	65.89222
2	11	65.90366
2	11	65.91583
2	11	65.92885
2	11	65.93938
2	11	65.95074
2	11	65.96191
2	11	65.97402
2	11	65.9856
2	11	65.99644
1	11	66.01342
1	11	66.02689
1	11	66.03851
1	11	66.05015
1	11	66.06162
1	11	66.0729
1	11	66.08394
1	11	66.09561
1	11	66.10666
1	11	66.11774
2	11	66.12937
2	11	66.14078
2	11	66.15253
2	11	66.16389
2	11	66.17556
2	11	66.18749
2	11	66.19934
2	11	66.2112
2	11	66.22266
2	11	66.23354
2	11	66.24582
3	11	66.26041
3	11	66.27364
3	11	66.28913
3	11	66.30444
3	11	66.32634
3	11	66.34833
4	11	66.37221
4	11	66.39429
4	11	66.41639
4	11	66.43838
4	11	66.46069
4	11	66.48263
5	11	66.50466
5	11	66.52773
5	11	66.54947
5	11	66.57215
5	11	66.5947
6	11	66.61713
6	11	66.6388
6	11	66.66165
6	11	66.68413
6	11	66.70644
6	11	66.72886
7	11	66.75124
7	11	66.77422
7	11	66.79616
7	11	66.81075
7	11	66.82178
7	11	66.8327
7	11	66.84467
7	11	66.85908
8	11	66.87247
8	11	66.88531
8	11	66.89942
8	11	66.91452
8	11	66.92623
8	11	66.93736
8	11	66.9486
8	11	66.96011
8	11	66.97109
9	11	66.98312
9	11	66.99598
9	11	67.01062
9	11	67.02558
9	11	67.03634
9	11	67.04796
9	11	67.05891
9	11	67.06995
9	11	67.08125
9	11	67.0923
9	11	67.10322
10	11	67.11396
10	11	67.12652
10	11	67.14154
10	11	67.16407
10	11	67.18655
10	11	67.20889
11	11	67.23077
11	11	67.25405
11	11	67.27612
11	11	67.29847
11	11	67.32075
11	11	67.34251
12	11	67.36513
12	11	67.38794
12	11	67.41035
12	11	67.4324
12	11	67.45463
13	11	67.47707
13	11	67.4994
13	11	67.52143
13	11	67.54443
13	11	67.56641
13	11	67.58839
12	11	67.61125
12	11	67.62232
12	11	67.63431
12	11	67.64507
12	11	67.65549
12	11	67.66779
12	11	67.6788
12	11	67.69028
12	11	67.70135
12	11	67.71294
11	11	67.72463
11	11	67.73515
11	11	67.74683
11	11	67.75822
11	11	67.76981
11	11	67.78126
11	11	67.79404
11	11	67.80542
11	11	67.81718
11	11	67.82878
10	11	67.83973
10	11	67.85087
10	11	67.86216
10	11	67.87328
10	11	67.88521
10	11	67.89667
10	11	67.90765
10	11	67.91952
10	11	67.93159
10	11	67.94332
10	11	67.95577
9	11	67.96754
9	11	67.97786
9	11	67.99016
9	11	68.00167
9	11	68.01352
9	11	68.02463
9	11	68.03696
9	11	68.04778
9	11	68.05926
9	11	68.07095
8	11	68.08286
8	11	68.09461
8	11	68.10596
8	11	68.11716
8	11	68.12872
8	11	68.13984
8	11	68.15117
8	11	68.16281
8	11	68.17395
8	11	68.18575
8	11	68.19716
7	11	68.20792
7	11	68.21933
7	11	68.23097
7	11	68.24174
7	11	68.25394
7	11	68.26608
7	11	68.27824
7	11	68.28903
7	11	68.3007
7	11	68.31529
6	11	68.33047
6	11	68.3426
6	11	68.3574
6	11	68.37103
6	11	68.39346
6	11	68.41642
6	11	68.43744
5	11	68.46001
5	11	68.48187
5	11	68.50401
5	11	68.5268
5	11	68.54877
4	11	68.57154
4	11	68.59418
4	11	68.61624
4	11	68.63834
4	11	68.6611
4	11	68.6833
5	11	68.70551
5	11	68.72863
5	11	68.75025
5	11	68.77241
5	11	68.79501
6	11	68.81721
6	11	68.83942
6	11	68.8506
6	11	68.86278
6	11	68.87357
6	11	68.88461
6	11	68.89577
6	11	68.90645
6	11	68.91828
6	11	68.92871
6	12	68.93974
6	12	68.95102
6	12	68.96259
6	12	68.97314
6	12	68.98434
6	12	68.99573
6	12	69.00755
6	12	69.0181
6	12	69.02973
6	12	69.04131
6	12	69.05151
6	13	69.06313
6	13	69.07443
6	13	69.08613
6	13	69.09717
6	13	69.10746
6	13	69.11869
6	13	69.13029
6	13	69.14072
6	13	69.15256
6	13	69.1646
6	13	69.17705
6	14	69.18816
6	14	69.2001
6	14	69.21164
6	14	69.2238
6	14	69.23576
6	14	69.24703
6	14	69.25883
6	14	69.2699
6	14	69.28133
6	14	69.29254
6	14	69.30352
6	15	69.31463
6	15	69.3259
6	15	69.33684
6	15	69.34789
6	15	69.35969
6	15	69.3718
6	15	69.38857
6	15	69.40202
6	15	69.41598
6	16	69.42917
6	16	69.44194
6	16	69.45462
6	16	69.46748
6	16	69.479
6	16	69.49072
6	16	69.50141
6	16	69.51311
6	16	69.52515
6	16	69.53615
6	16	69.5482
6	17	69.55965
6	17	69.57086
6	17	69.58157
6	17	69.59399
6	17	69.60506
6	17	69.61671
6	17	69.62868
6	17	69.63985
6	17	69.65206
6	17	69.66386
5	17	69.67888
5	17	69.6928
5	17	69.70399
5	17	69.71443
5	17	69.73273
5	17	69.75522
5	17	69.77789
4	17	69.80008
4	17	69.82273
4	17	69.84506
4	17	69.86736
4	17	69.88988
4	17	69.91321
3	17	69.93443
3	17	69.95673
3	17	69.97919
3	17	70.00114
3	17	70.0236
2	17	70.0463
2	17	70.06841
2	17	70.09084
2	17	70.11359
2	17	70.13641
2	17	70.15848
3	17	70.18063
3	17	70.19154
3	17	70.20284
3	17	70.21374
3	17	70.22588
3	17	70.23598
3	17	70.24737
3	17	70.25844
3	17	70.26943
3	17	70.28027
4	17	70.2923
4	17	70.30279
4	17	70.31385
4	17	70.32584
4	17	70.33938
4	17	70.35366
4	17	70.36478
4	17	70.37513
4	17	70.38965
5	17	70.40455
5	17	70.41904
5	17	70.4314
5	17	70.44427
5	17	70.45618
5	17	70.46765
5	17	70.47991
5	17	70.49092
5	17	70.50223
5	17	70.51333
5	17	70.52609
6	17	70.53831
6	17	70.55072
6	17	70.56262
6	17	70.5739
6	17	70.58546
6	17	70.5973
6	17	70.60915
6	17	70.62104
6	17	70.63237
6	17	70.64355
6	17	70.65497
6	17	70.66622
6	17	70.67822
6	17	70.68938
6	17	70.70088
6	17	70.71203
6	17	70.72402
5	17	70.73842
5	17	70.76136
5	17	70.7834
5	17	70.80537
5	17	70.82806
4	17	70.85054
4	17	70.87274
4	17	70.89532
4	17	70.91853
4	17	70.93942
4	17	70.9616
3	17	70.98448
3	17	71.00633
3	17	71.02872
3	17	71.05141
3	17	71.07344
2	17	71.09555
2	17	71.11804
2	17	71.14051
2	17	71.16304
2	17	71.18527
2	17	71.20767
1	17	71.21865
1	17	71.23109
1	17	71.24339
1	17	71.25724
1	17	71.27145
1	17	71.28413
1	17	71.29588
1	17	71.308
1	17	71.31943
1	17	71.33127
1	18	71.34345
1	18	71.35613
1	18	71.37807
1	18	71.39471
1	18	71.41142
1	18	71.42699
1	18	71.43943
1	18	71.45228
1	19	71.46363
1	19	71.47397
1	19	71.48678
1	19	71.5012
1	19	71.51581
1	19	71.52741
1	19	71.53857
1	19	71.551
1	19	71.56544
1	19	71.57918
1	20	71.58993
1	20	71.60902
1	20	71.63308
1	20	71.6543
1	20	71.67744
1	20	71.69948
2	20	71.72182
2	20	71.744
2	20	71.76597
2	20	71.78857
2	20	71.81055
3	20	71.83302
3	20	71.85473
3	20	71.87773
3	20	71.89949
3	20	71.922
3	20	71.94454
3	21	71.96718
3	21	71.98992
3	21	72.01267
3	21	72.03514
3	21	72.05766
3	22	72.07893
3	22	72.10168
3	22	72.11404
3	22	72.12735
3	22	72.14137
3	22	72.1528
3	22	72.16397
3	22	72.17474
3	22	72.1871
3	23	72.20213
3	23	72.21629
3	23	72.22846
3	23	72.23906
3	23	72.25043
3	23	72.26217
3	23	72.27303
3	23	72.28466
3	23	72.29702
3	23	72.30904
3	23	72.31973
3	23	72.33126
3	23	72.3429
3	23	72.35696
3	22	72.37451
3	22	72.38847
3	22	72.40152
3	22	72.41236
3	22	72.42386
3	22	72.43585
3	22	72.44717
3	22	72.46929
3	22	72.49226
3	21	72.5148
3	21	72.53699
3	21	72.55902
3	21	72.58168
3	21	72.60358
3	20	72.62601
3	20	72.64845
3	20	72.67109
3	20	72.69316
3	20	72.71568
3	20	72.73796
2	20	72.76043
2	20	72.78294
2	20	72.80458
2	20	72.8277
2	20	72.84943
2	20	72.87182
1	20	72.89456
1	20	72.91779
1	20	72.93897
1	20	72.95148
1	20	72.9634
1	20	72.97395
1	20	72.98576
1	20	72.99755
1	20	73.0082
1	20	73.01945
1	20	73.03063
1	20	73.042
1	20	73.05323
1	20	73.06435
1	20	73.07501
1	19	73.08709
1	19	73.09893
1	19	73.11007
1	19	73.12241
1	19	73.13371
1	19	73.14583
1	19	73.15769
1	19	73.17089
1	19	73.18406
1	19	73.19656
1	18	73.20753
1	18	73.2195
1	18	73.23078
1	18	73.24196
1	18	73.25294
1	18	73.2642
1	18	73.27589
1	18	73.28761
1	18	73.29896
1	18	73.3103
1	18	73.32202
1	17	73.33386
1	17	73.34499
1	17	73.35671
1	17	73.36843
1	17	73.37964
1	17	73.39075
1	17	73.40265
1	17	73.41419
1	17	73.42511
1	17	73.43711
2	17	73.44904
2	17	73.46049
2	17	73.47359
2	17	73.48886
2	17	73.50088
2	17	73.51268
2	17	73.5306
2	17	73.55337
3	17	73.57517
3	17	73.59774
3	17	73.62064
3	17	73.64207
3	17	73.66436
3	17	73.68674
4	17	73.70944
4	17	73.7321
4	17	73.75462
4	17	73.77692
4	17	73.79886
5	17	73.82158
5	17	73.8437
5	17	73.86626
5	17	73.88841
5	17	73.91183
5	17	73.9335
6	17	73.95547
6	17	73.9784
6	17	73.99995
6	17	74.01044
6	17	74.02258
6	17	74.03402
6	17	74.04437
6	17	74.05559
5	17	74.06708
5	17	74.07792
5	17	74.08932
5	17	74.10032
5	17	74.11155
5	17	74.12274
5	17	74.13414
5	17	74.14561
5	17	74.15668
5	17	74.16795
5	17	74.17929
4	17	74.19464
4	17	74.20607
4	17	74.21784
4	17	74.22922
4	17	74.241
4	17	74.25256
4	17	74.26407
4	17	74.27518
4	17	74.2862
4	17	74.29781
3	17	74.30936
3	17	74.32184
3	17	74.33376
3	17	74.34447
3	17	74.35625
3	17	74.36773
3	17	74.38032
3	17	74.39616
3	17	74.40877
3	17	74.42106
2	17	74.43237
2	17	74.4437
2	17	74.45526
2	17	74.46687
2	17	74.47843
2	17	74.49028
2	17	74.50202
2	17	74.51321
2	17	74.52508
2	17	74.54836
1	17	74.57001
1	17	74.59232
1	17	74.61453
1	17	74.63677
1	17	74.65883
1	16	74.68098
1	16	74.70413
1	16	74.72619
1	16	74.74876
1	16	74.7709
1	15	74.79343
1	15	74.81528
1	15	74.83802
1	15	74.8616
1	15	74.88242
1	15	74.90449
1	14	74.92693
1	14	74.94907
1	14	74.97183
1	14	74.99428
1	14	75.00594
1	14	75.01761
1	14	75.03024
2	14	75.0448
2	14	75.05579
2	14	75.06769
2	14	75.08183
2	14	75.09692
2	14	75.10794
2	14	75.11946
2	14	75.1313
2	14	75.14275
2	14	75.15412
3	14	75.16647
3	14	75.17819
3	14	75.19341
3	14	75.20805
3	14	75.21952
3	14	75.23051
3	14	75.24129
3	14	75.25275
3	14	75.26485
3	14	75.27557
3	14	75.28764
3	14	75.29916
3	14	75.31065
3	14	75.32244
3	14	75.33446
3	14	75.3486
3	14	75.36285
3	14	75.37304
3	14	75.38564
3	13	75.39727
3	13	75.40818
3	13	75.42059
3	13	75.4342
3	13	75.45214
3	13	75.47471
3	13	75.49762
3	12	75.51915
3	12	75.54131
3	12	75.56345
3	12	75.58592
3	12	75.60908
3	12	75.63141
3	11	75.65414
3	11	75.67535
3	11	75.69838
3	11	75.72027
3	11	75.74272
3	11	75.76505
3	11	75.78739
3	11	75.80988
2	11	75.83167
2	11	75.8541
2	11	75.87658
2	11	75.89908
2	11	75.92126
2	11	75.93207
2	11	75.94434
1	11	75.95638
1	11	75.96815
1	11	75.97839
1	11	75.99037
1	11	76.00165
1	11	76.01263
1	11	76.02402
1	11	76.03622
1	11	76.04792
1	11	76.05956
1	11	76.07073
1	11	76.08178
1	11	76.09307
1	11	76.10551
1	11	76.11739
1	11	76.12919
1	11	76.13999
1	11	76.15089
1	11	76.16346
1	11	76.17487
1	11	76.18611
1	11	76.19698
1	11	76.20895
1	11	76.2206
1	11	76.23208
1	11	76.24313
1	11	76.25538
2	11	76.26678
2	11	76.27789
2	11	76.28995
2	11	76.30191
2	11	76.31303
2	11	76.3246
2	11	76.33593
2	11	76.34772
2	11	76.35957
2	11	76.37191
3	11	76.38416
3	11	76.39579
3	11	76.4072
3	11	76.42094
3	11	76.43627
3	11	76.44882
3	11	76.45985
3	11	76.47118
3	11	76.4831
3	11	76.49383
4	11	76.50538
4	11	76.51715
4	11	76.52827
4	11	76.5391
4	11	76.55133
4	11	76.56255
4	11	76.57359
4	11	76.58558
4	11	76.59596
4	11	76.60724
4	11	76.61883
5	11	76.62984
5	11	76.64089
5	11	76.65228
5	11	76.66379
5	11	76.67665
5	11	76.69111
5	11	76.70498
5	11	76.71817
5	11	76.72997
5	11	76.74207
6	11	76.75822
6	11	76.76884
6	11	76.77961
6	11	76.79333
6	11	76.8057
6	11	76.81733
6	11	76.82829
6	11	76.8483
6	11	76.87035
7	11	76.89297
7	11	76.91586
7	11	76.93755
7	11	76.95997
7	11	76.9824
8	11	77.00414
8	11	77.02686
8	11	77.04913
8	11	77.07216
8	11	77.0938
9	11	77.11661
9	11	77.13858
9	11	77.16108
9	11	77.18334
9	11	77.20577
9	11	77.22828
10	11	77.25051
10	11	77.27268
10	11	77.29488
10	11	77.31754
10	11	77.32923
10	11	77.34019
10	11	77.35106
11	11	77.36259
11	11	77.37344
11	11	77.38582
11	11	77.39686
11	11	77.4087
11	11	77.41949
11	11	77.43108
11	11	77.44241
11	11	77.45412
11	11	77.46522
11	11	77.47582
12	11	77.48732
12	11	77.49893
12	11	77.51012
12	11	77.52179
12	11	77.53322
12	11	77.54507
12	11	77.55739
12	11	77.56892
12	11	77.58029
12	11	77.59202
12	11	77.60342
12	10	77.61446
12	10	77.62799
12	10	77.64322
12	10	77.6599
12	10	77.67547
12	10	77.68768
12	10	77.7
12	10	77.71428
12	9	77.72814
12	9	77.73944
12	9	77.75134
12	9	77.76563
12	9	77.78012
12	9	77.79095
12	9	77.80265
12	9	77.81396
12	9	77.82514
12	9	77.83704
12	8	77.85098
12	8	77.86822
12	8	77.88462
12	8	77.90288
12	8	77.91541
12	8	77.92699
12	8	77.93987
12	8	77.95375
12	8	77.97605
12	8	77.99866
12	8	78.02149
12	8	78.0435
12	8	78.06605
11	8	78.08845
11	8	78.11074
11	8	78.1328
11	8	78.15546
11	8	78.17808
11	8	78.20034
10	8	78.22144
10	8	78.24438
10	8	78.26727
10	8	78.28912
10	8	78.3119
9	8	78.33453
9	8	78.35604
9	8	78.37885
9	8	78.39333
9	8	78.40421
9	8	78.41503
9	8	78.4269
9	8	78.43799
9	8	78.44868
8	8	78.46335
8	8	78.47766
8	8	78.49234
8	8	78.50649
8	8	78.52087
8	8	78.53236
8	8	78.54465
8	8	78.55653
8	8	78.56817
7	8	78.57853
7	8	78.58949
7	8	78.6034
7	8	78.61983
7	8	78.636
7	8	78.64957
7	8	78.6664
7	8	78.6823
6	8	78.69514
6	8	78.7067
6	8	78.71941
6	8	78.73348
6	8	78.74782
6	8	78.75989
6	8	78.77129
6	8	78.7832
6	8	78.79529
6	8	78.80699
6	8	78.82102
6	8	78.83603
6	8	78.85819
6	8	78.88058
6	9	78.90374
6	9	78.92606
6	9	78.94811
6	9	78.97203
6	9	78.99273
6	9	79.01506
6	10	79.03791
6	10	79.06006
6	10	79.08208
6	10	79.10444
6	10	79.12736
6	9	79.14983
6	9	79.17196
6	9	79.19396
6	9	79.21658
6	9	79.23845
6	8	79.26115
6	8	79.28353
6	8	79.30514
6	8	79.31667
6	8	79.32803
6	8	79.33905
6	8	79.35028
6	8	79.36103
6	8	79.37268
6	7	79.38368
6	7	79.39497
6	7	79.40848
6	7	79.42513
6	7	79.44343
6	7	79.46095
6	7	79.47626
6	7	79.48764
6	7	79.4985
6	6	79.50964
6	6	79.52106
6	6	79.5325
6	6	79.54659
6	6	79.56044
6	6	79.57114
6	6	79.58818
6	6	79.59989
6	6	79.6145
6	5	79.62868
6	5	79.64243
6	5	79.65781
6	5	79.6738
6	5	79.68989
6	5	79.70166
6	5	79.71219
6	5	79.72992
6	4	79.75253
6	4	79.77403
6	4	79.79684
6	4	79.81947
6	4	79.84164
6	4	79.86423
6	3	79.88714
6	3	79.90997
6	3	79.93109
6	3	79.95376
6	3	79.97604
6	2	79.99798
6	2	80.02017
6	2	80.04251
6	2	80.06564
6	2	80.0878
6	2	80.11005
5	2	80.13226
5	2	80.15471
5	2	80.17674
5	2	80.19907
5	2	80.2123
5	2	80.22385
5	2	80.23751
4	2	80.25213
4	2	80.26399
4	2	80.27941
4	2	80.29358
4	2	80.30521
4	2	80.31562
4	2	80.32726
4	2	80.33892
4	2	80.34996
3	2	80.3618
3	2	80.37457
3	2	80.39027
3	2	80.40456
3	2	80.4158
3	2	80.42768
3	2	80.43877
3	2	80.45039
3	2	80.46162
3	2	80.47267
2	2	80.48495
2	2	80.50037
2	2	80.51258
2	2	80.52753
2	2	80.54253
2	2	80.55702
2	2	80.56787
2	2	80.58984
1	2	80.61242
1	2	80.63503
1	2	80.65739
1	2	80.67969
1	2	80.7019
1	2	80.72383
1	2	80.74577
1	2	80.76882
1	2	80.79147
1	2	80.81348
1	2	80.83644
1	3	80.85834
1	3	80.88067
1	3	80.90343
1	3	80.92595
1	3	80.94783
1	3	80.96986
1	4	80.99288
1	4	81.01476
1	4	81.03721
1	4	81.04993
1	4	81.06097
1	4	81.0721
1	4	81.08296
1	5	81.09377
1	5	81.11059
1	5	81.12325
1	5	81.13898
1	5	81.15639
1	5	81.17275
1	5	81.1879
1	5	81.19999
1	5	81.2117
2	5	81.2233
2	5	81.23543
2	5	81.2477
2	5	81.26156
2	5	81.27583
2	5	81.2886
2	5	81.30019
2	5	81.31226
2	5	81.327
3	5	81.34068
3	5	81.35255
3	5	81.36443
3	5	81.37924
3	5	81.39471
3	5	81.41722
3	5	81.43966
4	5	81.46188
4	5	81.48535
4	5	81.50675
4	5	81.52881
4	5	81.55088
4	5	81.5732
5	5	81.59525
5	5	81.61832
5	5	81.64046
5	5	81.66192
5	5	81.68445
6	5	81.70689
6	5	81.72917
6	5	81.75184
6	5	81.77399
6	5	81.79672
6	5	81.81917
6	5	81.84149
6	5	81.86395
6	5	81.87675
6	5	81.88954
6	5	81.90189
6	5	81.9137
6	5	81.92697
6	5	81.93862
6	5	81.95218
6	5	81.96317
6	5	81.97388
6	5	81.98567
6	5	81.99686
6	5	82.00744
6	5	82.01913
6	5	82.02975
6	5	82.0418
6	5	82.05328
6	5	82.06324
6	5	82.07475
6	5	82.08639
6	5	82.09702
6	5	82.1095
6	5	82.12415
6	5	82.13744
6	5	82.15001
6	5	82.16248
6	5	82.1755
6	5	82.1901
6	5	82.20221
6	5	82.21428
6	5	82.22717
6	5	82.23985
6	5	82.25265
6	5	82.26507
6	5	82.27705
6	5	82.28829
6	5	82.29922
6	5	82.31064
6	5	82.32209
6	5	82.33273
6	5	82.34332
6	5	82.35549
6	5	82.36639
6	5	82.37802
6	5	82.38914
6	5	82.41065
6	5	82.43388
6	5	82.4556
6	5	82.47798
6	5	82.50014
6	5	82.52246
5	5	82.54494
5	5	82.56736
5	5	82.58975
5	5	82.61205
5	5	82.63429
5	5	82.65688
4	5	82.67879
4	5	82.70103
4	5	82.72395
4	5	82.74606
4	5	82.77329
3	5	82.7913
3	5	82.81344
3	5	82.83533
3	5	82.85767
3	5	82.87971
3	5	82.89103
3	5	82.90281
3	6	82.91351
3	6	82.92645
3	6	82.93833
3	6	82.95324
3	6	82.96759
3	6	82.97908
3	6	82.99082
3	6	83.00208
3	6	83.01314
3	6	83.02513
3	7	83.03683
3	7	83.05045
3	7	83.06779
3	7	83.08408
3	7	83.09834
3	7	83.10954
3	7	83.12075
3	7	83.13162
3	7	83.14329
3	8	83.15451
3	8	83.16527
3	8	83.17764
3	8	83.19186
3	8	83.20601
3	8	83.21795
3	8	83.23227
3	8	83.24642
3	8	83.25732
3	8	83.26764
3	8	83.28157
3	8	83.30441
2	8	83.32668
2	8	83.34901
2	8	83.3723
2	8	83.39384
2	8	83.41634
1	8	83.43864
1	8	83.46058
1	8	83.48289
1	8	83.50602
1	8	83.52812
1	8	83.55014
1	8	83.57207
1	8	83.59437
1	8	83.61634
1	8	83.63937
1	8	83.66175
1	9	83.68486
1	9	83.70641
1	9	83.72845
1	9	83.75114
1	9	83.77363
1	9	83.78703
1	9	83.79803
1	10	83.80938
1	10	83.8205
1	10	83.83153
1	10	83.84578
1	10	83.86047
1	10	83.87403
1	10	83.8851
1	10	83.89708
1	10	83.90841
1	10	83.92053
1	11	83.93176
1	11	83.94807
1	11	83.95893
1	11	83.97216
1	11	83.98371
1	11	83.99471
1	11	84.00622
1	11	84.01806
1	11	84.02979
1	11	84.04095
2	11	84.05231
2	11	84.06432
2	11	84.07491
2	11	84.08543
2	11	84.09692
2	11	84.10827
2	11	84.11952
2	11	84.13051
2	11	84.14156
2	11	84.15269
2	11	84.16399
3	11	84.17524
3	11	84.18784
3	11	84.20033
3	11	84.21391
3	11	84.22668
3	11	84.23933
3	11	84.25205
3	11	84.26543
3	11	84.27605
3	11	84.28843
4	11	84.29947
4	11	84.31068
4	11	84.32237
4	11	84.33471
4	11	84.34628
4	11	84.35724
4	11	84.3682
4	11	84.38013
4	11	84.39174
4	11	84.40307
4	11	84.41415
5	11	84.42556
5	11	84.43748
5	11	84.44853
5	11	84.45995
5	11	84.4712
5	11	84.48451
5	11	84.4996
5	11	84.5129
5	11	84.52515
6	11	84.54543
6	11	84.56618
6	11	84.58847
6	11	84.61034
6	11	84.63269
6	11	84.65641
7	11	84.67794
7	11	84.70087
7	11	84.72266
7	11	84.74516
7	11	84.76718
8	11	84.78947
8	11	84.81207
8	11	84.8343
8	11	84.85727
8	11	84.87901
8	11	84.90159
9	11	84.92394
9	11	84.94669
9	11	84.96912
9	11	84.99125
9	11	85.00246
9	11	85.01366
9	11	85.0255
10	11	85.03527
10	11	85.04664
10	11	85.05865
10	11	85.06944
10	11	85.08021
10	11	85.09138
10	11	85.10271
10	11	85.11387
10	11	85.12553
10	11	85.13631
10	11	85.14709
11	11	85.15818
11	11	85.16924
11	11	85.18025
11	11	85.19248
11	11	85.2038
11	11	85.21947
11	11	85.23149
11	11	85.24371
11	11	85.25618
11	11	85.26771
12	11	85.28184
12	11	85.29436
12	11	85.30698
12	11	85.31908
12	11	85.33039
12	11	85.34232
12	11	85.35384
12	11	85.36535
12	11	85.37721
12	11	85.38889
13	11	85.39951
13	11	85.41081
13	11	85.42185
13	11	85.43368
13	11	85.44524
13	11	85.45705
13	11	85.46872
13	11	85.47966
13	11	85.49187
13	11	85.50294
14	11	85.51669
14	11	85.53888
14	11	85.56149
14	11	85.58264
14	11	85.60554
14	11	85.62735
15	11	85.64996
15	11	85.67254
15	11	85.69447
15	11	85.71685
15	11	85.73918
15	10	85.7618
15	10	85.78378
15	10	85.80648
15	10	85.82899
15	10	85.85175
15	10	85.87369
15	9	85.89587
15	9	85.91879
15	9	85.94061
15	9	85.96248
15	9	85.98486
15	9	85.99784
15	8	86.00838
15	8	86.01956
15	8	86.03158
15	8	86.04606
15	8	86.06081
15	8	86.07402
15	8	86.08832
15	8	86.1025
15	8	86.11384
15	8	86.12533
15	8	86.13589
15	8	86.14698
15	8	86.15845
15	8	86.16924
15	8	86.18065
15	8	86.19259
15	8	86.20426
15	8	86.21584
15	8	86.22775
15	8	86.238
15	8	86.24915
15	8	86.2608
15	8	86.2719
15	8	86.28281
15	8	86.29467
15	8	86.30608
15	8	86.31696
15	8	86.32906
15	8	86.33926
16	8	86.35365
16	8	86.3762
16	8	86.39907
16	8	86.42094
16	8	86.44353
16	8	86.46508
17	8	86.48753
17	8	86.5098
17	8	86.53246
17	8	86.55533
17	8	86.57873
18	8	86.59985
18	8	86.62177
18	8	86.64433
18	8	86.66645
18	8	86.68918
18	8	86.71166
19	8	86.73358
19	8	86.75655
19	8	86.77892
19	8	86.80104
19	8	86.8241
20	8	86.84567
20	8	86.8687
20	8	86.88327
20	8	86.89731
20	8	86.9085
20	8	86.92055
20	8	86.93241
20	8	86.94444
20	8	86.95644
21	8	86.96768
21	8	86.97977
21	8	86.99178
21	8	87.00347
21	8	87.01569
21	8	87.02859
21	8	87.04261
21	8	87.05827
21	8	87.07014
21	8	87.08191
21	8	87.09411
21	8	87.10588
21	8	87.11696
21	8	87.12859
21	8	87.14009
21	8	87.15112
21	8	87.16359
21	8	87.17513
21	8	87.18678
21	8	87.1982
21	8	87.20956
21	8	87.22089
21	8	87.2317
21	8	87.24238
21	8	87.25408
21	8	87.26952
21	8	87.29179
21	8	87.31425
21	8	87.33651
21	8	87.35886
21	8	87.38091
21	8	87.40334
21	8	87.426
21	8	87.44805
21	8	87.47039
21	8	87.49293
21	8	87.51546
21	8	87.53783
21	8	87.5598
21	8	87.58234
21	8	87.60436
21	8	87.62688
21	8	87.64901
21	8	87.67269
21	7	87.69395
21	7	87.71685
21	7	87.73884
21	7	87.74981
21	7	87.76129
21	7	87.77253
21	7	87.78329
21	7	87.79496
21	7	87.80575
21	6	87.817
21	6	87.82879
21	6	87.8398
21	6	87.85088
21	6	87.86297
21	6	87.8745
21	6	87.88705
21	6	87.8996
21	6	87.91277
21	6	87.92593
21	5	87.93926
21	5	87.9506
21	5	87.96156
21	5	87.97376
21	5	87.98632
21	5	87.99865
21	5	88.00979
21	5	88.0274
21	5	88.03837
21	5	88.04877
21	5	88.05995
22	5	88.07058
22	5	88.08227
22	5	88.09461
22	5	88.10529
22	5	88.11671
22	5	88.12805
22	5	88.13909
22	5	88.15007
22	5	88.16128
22	5	88.17236
23	5	88.18355
23	5	88.1958
23	5	88.2078
23	5	88.21864
23	5	88.23037
23	5	88.24204
23	5	88.25285
23	5	88.26386
23	5	88.27468
23	5	88.28572
23	5	88.29694
22	5	88.30759
22	5	88.31844
22	5	88.32966
22	5	88.34048
22	5	88.35065
22	5	88.3618
22	5	88.37364
22	5	88.38669
22	5	88.39826
22	5	88.40981
22	5	88.42103
21	5	88.43223
21	5	88.44292
21	5	88.45418
21	5	88.4653
21	5	88.47626
21	5	88.48762
21	5	88.49853
21	5	88.50912
21	5	88.51991
21	5	88.53082
21	5	88.54184
21	5	88.55415
21	5	88.56508
21	5	88.57616
21	5	88.58723
21	5	88.60074
21	5	88.61403
21	5	88.62599
21	5	88.63673
21	5	88.64821
21	5	88.66006
21	5	88.67284
21	5	88.68597
21	5	88.6984
21	5	88.71027
21	5	88.72079
21	5	88.73193
21	5	88.74287
21	5	88.75436
21	5	88.76693
21	5	88.78882
21	5	88.81104
21	5	88.83323
21	5	88.85559
21	5	88.878
21	5	88.90049
21	5	88.92274
21	5	88.94485
21	5	88.96704
21	5	88.98935
21	5	89.01229
21	5	89.03436
21	4	89.05704
21	4	89.07994
21	4	89.10164
21	4	89.1241
21	4	89.14622
21	4	89.16885
21	3	89.19077
21	3	89.21295
21	3	89.23595
21	3	89.25809
21	3	89.26957
21	3	89.28069
21	2	89.29691
21	2	89.3083
21	2	89.31974
21	2	89.33236
21	2	89.34312
21	2	89.354
21	2	89.36553
21	2	89.37747
21	2	89.38956
21	2	89.40069
21	2	89.41193
21	2	89.42377
21	2	89.43423
21	2	89.44559
21	2	89.45625
21	2	89.46786
21	2	89.47839
21	2	89.4902
21	2	89.50076
21	2	89.51164
21	2	89.52309
21	2	89.53404
21	2	89.54659
20	2	89.55782
20	2	89.56927
20	2	89.58179
20	2	89.59572
20	2	89.60986
20	2	89.62155
20	2	89.63259
20	2	89.64464
20	2	89.65702
19	2	89.67115
19	2	89.68575
19	2	89.6992
19	2	89.71364
19	2	89.728
19	2	89.73952
19	2	89.75111
19	2	89.76273
19	2	89.77367
19	2	89.78583
18	2	89.79713
18	2	89.80837
18	2	89.82028
18	2	89.83397
18	2	89.85014
18	2	89.86675
18	2	89.88459
18	2	89.8974
18	2	89.90901
17	2	89.92181
17	2	89.93245
17	2	89.94453
17	2	89.96114
17	2	89.98393
17	2	90.00665
17	2	90.02836
16	2	90.05096
16	2	90.07295
16	2	90.09562
16	2	90.11794
16	2	90.14004
15	2	90.16294
15	2	90.18483
15	2	90.20719
15	2	90.22918
15	2	90.2516
15	2	90.27367
14	2	90.29652
14	2	90.31982
14	2	90.34142
14	2	90.36369
14	2	90.38598
13	2	90.40856
13	2	90.43066
13	2	90.44292
13	2	90.4558
13	2	90.46983
13	2	90.48547
13	2	90.5005
13	2	90.51197
13	2	90.52319
14	2	90.53423
14	2	90.54557
14	2	90.5573
14	2	90.56869
14	2	90.58055
14	2	90.5966
14	2	90.60734
14	2	90.62149
14	2	90.6385
15	2	90.65312
15	2	90.66585
15	2	90.67734
15	2	90.68871
15	2	90.69952
15	2	90.71024
15	2	90.72114
15	2	90.73322
15	2	90.7439
15	2	90.75542
15	2	90.7673
16	2	90.77886
16	2	90.78976
16	2	90.80025
16	2	90.81174
16	2	90.8228
16	2	90.8335
16	2	90.84445
16	2	90.85539
16	2	90.86689
16	2	90.87791
16	2	90.88916
17	2	90.90028
17	2	90.91212
17	2	90.92417
17	2	90.9624
17	2	90.97485
17	2	90.98688
17	2	91.00142
17	2	91.01453
18	2	91.02778
18	2	91.04006
18	2	91.05323
18	2	91.06772
18	2	91.07931
18	2	91.08992
18	2	91.10169
18	2	91.11324
18	2	91.12401
18	2	91.13537
19	2	91.14667
19	2	91.1571
19	2	91.16818
19	2	91.17855
19	2	91.18935
19	2	91.20071
19	2	91.21158
19	2	91.22253
19	2	91.23349
19	2	91.2439
19	2	91.25423
20	2	91.26557
20	2	91.2763
20	2	91.28803
20	2	91.29947
20	2	91.31088
20	2	91.32201
20	2	91.33401
20	2	91.34518
20	2	91.35606
20	2	91.36677
20	2	91.37923
21	2	91.39057
21	2	91.40173
21	2	91.41276
21	2	91.42424
21	2	91.43542
21	2	91.44624
21	2	91.45734
21	2	91.4684
21	2	91.47948
21	2	91.49026
21	2	91.50124
21	3	91.51254
21	3	91.52299
21	3	91.53418
21	3	91.54605
21	3	91.55785
21	3	91.57111
21	3	91.58497
21	3	91.59769
21	3	91.61052
21	3	91.62178
21	4	91.63305
21	4	91.64442
21	4	91.65649
21	4	91.67201
21	4	91.68407
21	4	91.69674
21	4	91.70733
21	4	91.71795
21	4	91.73784
21	5	91.76003
21	5	91.78201
21	5	91.80432
21	5	91.82748
21	5	91.84936
21	6	91.87151
21	6	91.89476
21	6	91.91695
21	6	91.93858
21	6	91.96098
21	6	91.98269
21	7	92.00534
21	7	92.02754
21	7	92.05014
21	7	92.07231
21	7	92.09498
21	8	92.11747
21	8	92.13964
21	8	92.16216
21	8	92.18443
21	8	92.20687
21	8	92.21902
21	8	92.22989
20	8	92.24172
20	8	92.25401
20	8	92.26672
20	8	92.27845
20	8	92.29101
20	8	92.30305
20	8	92.31539
20	8	92.3283
20	8	92.34078
20	8	92.35358
19	8	92.36555
19	8	92.37654
19	8	92.3885
19	8	92.39965
19	8	92.41109
19	8	92.42255
19	8	92.43392
19	8	92.44536
19	8	92.45698
19	8	92.46832
19	8	92.47884
18	8	92.48991
18	8	92.50164
18	8	92.51288
18	8	92.52537
18	8	92.53652
18	8	92.54791
18	8	92.55904
18	8	92.56955
18	8	92.58279
18	8	92.59745
17	8	92.60943
17	8	92.62117
17	8	92.63374
17	8	92.65311
17	8	92.67593
17	8	92.69757
17	8	92.71968
16	8	92.7424
16	8	92.76523
16	8	92.78707
16	8	92.80933
16	8	92.8323
15	8	92.85417
15	8	92.87621
15	8	92.89919
15	8	92.92125
15	8	92.94353
15	8	92.96574
16	8	92.98853
16	8	93.01172
16	8	93.03305
16	8	93.0555
16	8	93.0782
17	8	93.10027
17	8	93.12284
17	8	93.13297
17	8	93.14581
17	8	93.1569
17	8	93.16683
17	8	93.18244
17	8	93.19503
17	8	93.20605
18	8	93.21741
18	8	93.22827
18	8	93.23905
18	8	93.25005
18	8	93.2611
18	8	93.27214
18	8	93.28429
18	8	93.29579
18	8	93.30647
18	8	93.31842
18	8	93.32933
19	8	93.3403
19	8	93.35249
19	8	93.36334
19	8	93.37451
19	8	93.38671
19	8	93.39901
19	8	93.41026
19	8	93.42143
19	8	93.43321
19	8	93.44473
19	8	93.45541
20	8	93.46674
20	8	93.47769
20	8	93.48849
20	8	93.49928
20	8	93.51028
20	8	93.52201
20	8	93.53348
20	8	93.54553
20	8	93.55696
20	8	93.56911
20	8	93.57982
21	8	93.59061
21	8	93.6013
21	8	93.61324
21	8	93.6246
21	8	93.63579
21	8	93.64706
21	8	93.65949
21	8	93.67342
21	8	93.68665
21	8	93.69898
21	7	93.71043
21	7	93.72278
21	7	93.73478
21	7	93.74579
21	7	93.75642
21	7	93.76881
21	7	93.77995
21	7	93.79145
21	7	93.80304
21	7	93.81503
21	6	93.83707
21	6	93.85962
21	6	93.88178
21	6	93.90397
21	6	93.92686
21	5	93.94938
21	5	93.97148
21	5	93.99354
21	5	94.01572
21	5	94.03807
21	5	94.06043
21	4	94.0835
21	4	94.1046
21	4	94.1273
21	4	94.15046
21	4	94.17214
21	3	94.19454
21	3	94.21748
21	3	94.23974
21	3	94.26262
21	3	94.2845
21	3	94.2956
21	3	94.30729
21	2	94.31927
21	2	94.32968
21	2	94.34093
21	2	94.35242
21	2	94.36334
21	2	94.37558
21	2	94.38633
21	2	94.39729
21	2	94.40823
21	2	94.41934
21	2	94.43056
20	2	94.44682
20	2	94.45814
20	2	94.47051
20	2	94.48151
20	2	94.49384
20	2	94.50638
20	2	94.51693
20	2	94.5278
20	2	94.53874
20	2	94.55115
19	2	94.56215
19	2	94.57355
19	2	94.58477
19	2	94.59536
19	2	94.60665
19	2	94.61777
19	2	94.62911
19	2	94.64551
19	2	94.65865
19	2	94.67188
18	2	94.68703
18	2	94.7034
18	2	94.71543
18	2	94.72698
18	2	94.73912
18	2	94.75109
18	2	94.76251
18	2	94.77386
18	2	94.78571
18	2	94.79684
17	2	94.80916
17	2	94.83099
17	2	94.85412
17	2	94.87611
17	2	94.89832
17	2	94.92061
16	2	94.94274
16	2	94.96494
16	2	94.98737
16	2	95.01009
16	2	95.03182
15	2	95.05421
15	2	95.07669
15	2	95.09909
15	2	95.1217
15	2	95.14408
15	2	95.16654
15	3	95.18935
15	3	95.21183
15	3	95.23457
15	3	95.25652
15	3	95.27862
15	4	95.30138
15	4	95.31449
15	4	95.32718
15	4	95.34152
15	4	95.35612
15	4	95.36716
15	4	95.37874
15	4	95.39117
15	4	95.40272
15	4	95.41373
15	5	95.4247
15	5	95.43606
15	5	95.44807
15	5	95.4628
15	5	95.47746
15	5	95.49119
15	5	95.50478
15	5	95.51594
15	5	95.52684
15	5	95.53734
16	5	95.54906
16	5	95.5615
16	5	95.57541
16	5	95.59054
16	5	95.60166
16	5	95.61221
16	5	95.62418
16	5	95.63616
16	5	95.6503
17	5	95.66446
17	5	95.67603
17	5	95.69032
17	5	95.7064
17	5	95.72245
17	5	95.73576
17	5	95.7495
17	5	95.77016
18	5	95.79262
18	5	95.81439
18	5	95.83676
18	5	95.85928
18	5	95.88127
18	5	95.9039
18	6	95.92622
18	6	95.94927
18	6	95.97027
18	6	95.99312
18	6	96.01599
18	7	96.03841
18	7	96.06014
18	7	96.08281
18	7	96.10556
18	7	96.12743
18	8	96.1501
18	8	96.17207
18	8	96.19398
18	8	96.21661
18	8	96.23858
18	8	96.24945
18	8	96.26173
18	6	96.2724
18	6	96.28372
18	6	96.29478
18	6	96.30606
18	6	96.31721
18	6	96.32826
18	6	96.33936
18	6	96.35076
18	6	96.36128
18	6	96.37283
18	6	96.38348
18	6	96.39486
18	6	96.40637
18	6	96.41759
18	6	96.42848
18	6	96.44045
18	6	96.45139
18	6	96.46228
18	6	96.47336
18	6	96.48427
18	6	96.4952
18	6	96.50616
18	5	96.51768
18	5	96.52908
18	5	96.5405
18	5	96.55289
18	5	96.56426
18	5	96.57621
18	5	96.58784
18	5	96.59938
18	5	96.61105
18	5	96.62267
18	5	96.63385
18	5	96.64644
18	5	96.65764
18	5	96.66936
18	5	96.68016
17	5	96.69163
17	5	96.70279
17	5	96.7143
17	5	96.72955
17	5	96.74308
17	5	96.757
17	5	96.77122
17	5	96.78339
17	5	96.79675
16	5	96.80906
16	5	96.82151
16	5	96.83241
16	5	96.84336
16	5	96.85429
16	5	96.86544
16	5	96.88713
16	5	96.90887
15	5	96.93124
15	5	96.95375
15	5	96.97611
15	5	96.99859
15	5	97.02103
15	5	97.04395
15	4	97.06554
15	4	97.08778
15	4	97.10986
15	4	97.13223
15	4	97.15446
15	3	97.17699
15	3	97.19976
15	3	97.22198
15	3	97.2442
15	3	97.26693
15	3	97.28883
15	2	97.3113
15	2	97.33376
15	2	97.35638
15	2	97.36723
15	2	97.37883
15	2	97.39023
15	2	97.40199
15	2	97.41242
15	2	97.42344
15	2	97.43559
15	2	97.44684
15	2	97.45753
15	2	97.46827
14	2	97.47963
14	2	97.48983
14	2	97.50197
14	2	97.51266
14	2	97.52335
14	2	97.53445
14	2	97.54556
14	2	97.5567
14	2	97.56757
14	2	97.57894
14	2	97.58971
13	2	97.6009
13	2	97.61215
13	2	97.62411
13	2	97.63563
13	2	97.6475
13	2	97.65939
13	2	97.67175
13	2	97.68314
13	2	97.69455
13	2	97.70618
12	2	97.71786
12	2	97.72906
12	2	97.74058
12	2	97.75536
12	2	97.77114
12	2	97.78406
12	2	97.79694
12	2	97.80926
12	2	97.82148
12	2	97.83353
11	2	97.8476
11	2	97.86305
11	2	97.87516
11	2	97.88997
11	2	97.90377
11	2	97.91537
11	2	97.92631
11	2	97.94799
10	2	97.97029
10	2	97.99329
10	2	98.01545
10	2	98.03717
10	2	98.05924
10	2	98.08145
9	2	98.10429
9	2	98.12658
9	2	98.14943
9	2	98.17085
9	2	98.19311
8	2	98.21561
8	2	98.23818
8	2	98.26036
8	2	98.28287
8	2	98.30601
7	2	98.32771
7	2	98.35033
7	2	98.37312
7	2	98.39474
7	2	98.40879
7	2	98.4205
7	2	98.43124
7	2	98.44257
6	2	98.45618
6	2	98.47162
6	2	98.48585
6	2	98.49641
6	2	98.5078
6	2	98.51949
6	2	98.53064
6	2	98.54708
6	2	98.55841
6	2	98.56953
7	2	98.58086
7	2	98.59222
7	2	98.60377
7	2	98.61471
7	2	98.62614
7	2	98.63812
7	2	98.64942
7	2	98.66142
7	2	98.67256
7	2	98.68439
8	2	98.6963
8	2	98.70745
8	2	98.71896
8	2	98.72993
8	2	98.74133
8	2	98.75446
8	2	98.7699
8	2	98.78362
8	2	98.79791
8	2	98.8102
9	2	98.82214
9	2	98.83501
9	2	98.84621
9	2	98.85757
9	2	98.86877
9	2	98.87942
9	2	98.89679
9	2	98.91985
10	2	98.942
10	2	98.9642
10	2	98.98659
10	2	99.00898
10	2	99.03141
10	2	99.05434
11	2	99.07693
11	2	99.09799
11	2	99.13004
11	2	99.14273
11	2	99.16489
12	2	99.18749
12	2	99.20955
12	2	99.23306
12	2	99.25477
12	2	99.27691
12	2	99.29951
12	3	99.32178
12	3	99.34407
12	3	99.36698
12	3	99.3811
12	3	99.3925
12	3	99.40649
12	3	99.42162
12	4	99.43197
12	4	99.44345
12	4	99.45583
12	4	99.47048
12	4	99.48426
12	4	99.49518
12	4	99.50684
12	4	99.5183
12	4	99.52897
12	4	99.54002
12	5	99.55241
12	5	99.5665
12	5	99.58015
12	5	99.59481
12	5	99.60603
12	5	99.61703
12	5	99.6286
12	5	99.64004
12	5	99.65153
12	5	99.66311
11	5	99.67469
11	5	99.68652
11	5	99.6979
11	5	99.71252
11	5	99.72591
11	5	99.74621
11	5	99.7688
11	5	99.79079
10	5	99.8135
10	5	99.83609
10	5	99.85854
10	5	99.88078
10	5	99.90205
9	5	99.9246
9	5	99.94711
9	5	99.96945
9	5	99.99194
9	5	100.0143
9	5	100.0369
9	5	100.0585
9	6	100.081
9	6	100.1036
9	6	100.1263
9	6	100.1489
9	6	100.1712
9	6	100.1939
9	6	100.2079
