x	y	time
15	11	0.0744632
15	11	0.0971822
15	11	0.1130816
15	11	0.1266116
15	11	0.1384711
15	11	0.1512094
15	11	0.1619984
15	11	0.1724618
15	11	0.1834996
15	11	0.201208
15	11	0.2237367
15	11	0.2463883
15	11	0.2735787
15	11	0.2906487
15	11	0.3124932
15	11	0.3353506
15	11	0.3573297
15	11	0.3806287
15	11	0.4030914
15	11	0.4304697
15	11	0.4470792
15	11	0.469493
15	11	0.4928703
15	11	0.5145886
15	11	0.5379719
15	11	0.5598553
15	11	0.5887311
15	11	0.6052201
15	11	0.6271828
15	11	0.6488538
15	11	0.6614253
15	11	0.6739621
15	11	0.6881561
15	11	0.7008816
15	11	0.7136901
15	11	0.7355145
15	11	0.7500875
15	11	0.7647417
15	11	0.7800394
15	11	0.7934954
15	11	0.8098394
15	11	0.8242857
15	11	0.8375862
15	11	0.8501509
15	11	0.8631499
15	11	0.8765975
15	11	0.8955886
15	11	0.9089566
15	11	0.9221535
15	11	0.935594
15	11	0.9481544
15	11	0.9606677
15	11	0.9739569
15	11	0.985978
15	11	0.9981796
15	11	1.017753
15	11	1.041102
15	11	1.067448
15	11	1.084301
15	11	1.106199
15	11	1.128438
15	11	1.151613
15	11	1.173235
15	11	1.19592
15	11	1.224215
15	11	1.241546
15	11	1.262133
15	11	1.285114
15	11	1.307549
15	11	1.329455
15	11	1.353242
15	11	1.380486
15	11	1.397685
15	11	1.419785
15	11	1.441882
15	11	1.465466
15	11	1.487194
15	11	1.499546
15	11	1.512922
15	11	1.532073
15	11	1.545754
15	11	1.559551
15	11	1.571782
15	11	1.58595
15	11	1.59932
15	11	1.61262
15	11	1.625892
15	11	1.638763
15	11	1.651899
15	11	1.66518
15	11	1.684043
15	11	1.696628
15	11	1.711392
15	11	1.728307
15	11	1.740746
15	11	1.754689
15	11	1.769671
15	11	1.783074
15	11	1.7983
15	11	1.812931
15	11	1.827493
15	11	1.845526
15	11	1.859087
15	11	1.877911
15	11	1.900066
15	11	1.923086
15	11	1.944551
15	11	1.967044
15	11	1.989056
15	11	2.017021
15	11	2.033412
15	11	2.055622
15	11	2.078956
15	11	2.101097
15	11	2.123686
15	11	2.145445
15	11	2.173252
15	11	2.190708
15	11	2.213101
15	11	2.236589
15	11	2.257212
15	11	2.279271
15	11	2.301761
15	11	2.330239
15	11	2.342231
15	11	2.355358
15	11	2.368306
15	11	2.380892
15	11	2.393982
15	11	2.406826
15	11	2.419337
15	11	2.432569
15	11	2.445426
15	11	2.458786
15	11	2.477799
15	11	2.491518
15	11	2.504443
15	11	2.51707
15	11	2.535245
15	11	2.548384
15	11	2.561774
15	11	2.575567
15	11	2.589446
15	11	2.602854
15	11	2.615307
15	11	2.634415
15	11	2.647326
15	11	2.660404
15	11	2.672546
15	11	2.685406
15	11	2.703781
15	11	2.726397
15	11	2.748533
15	11	2.771168
15	11	2.79989
15	11	2.815902
15	11	2.83827
15	11	2.85998
15	11	2.882571
15	11	2.90676
15	11	2.92985
15	11	2.956139
15	11	2.972401
15	11	2.994327
15	11	3.016685
15	11	3.039146
15	11	3.061571
15	11	3.084219
15	11	3.112261
15	11	3.128712
15	11	3.150957
15	11	3.163323
15	11	3.176104
15	11	3.189301
15	11	3.202051
15	11	3.214462
15	11	3.227168
15	11	3.240529
15	11	3.260385
15	11	3.2728
15	11	3.286024
15	11	3.298981
15	11	3.311872
15	11	3.324742
15	11	3.337068
15	11	3.34939
15	11	3.364176
15	11	3.379671
15	11	3.394055
15	11	3.417211
15	11	3.431561
16	11	3.446352
16	11	3.459616
16	11	3.474615
16	11	3.492105
16	11	3.507369
16	11	3.521298
16	11	3.534968
16	11	3.556916
17	11	3.586514
17	11	3.601201
17	11	3.623607
17	11	3.645645
17	11	3.664257
18	11	3.686854
18	11	3.71248
18	11	3.742139
18	11	3.762791
18	11	3.776129
18	11	3.79897
19	11	3.820617
19	11	3.843323
19	11	3.867978
19	11	3.896428
19	11	3.91128
20	11	3.932129
20	11	3.954973
20	11	3.977816
20	11	4.005773
20	11	4.025492
21	11	4.04952
21	11	4.063661
21	11	4.077871
21	11	4.095387
21	11	4.114264
21	11	4.128031
21	11	4.143402
21	11	4.158031
22	11	4.179739
22	11	4.205376
22	11	4.222697
22	11	4.242826
22	11	4.261052
22	11	4.274788
22	11	4.287711
23	11	4.300051
23	11	4.312861
23	11	4.330957
23	11	4.352426
23	11	4.364597
23	11	4.377544
23	11	4.390602
23	11	4.402572
23	11	4.415001
24	11	4.427838
24	11	4.441012
24	11	4.461123
24	11	4.483808
24	11	4.51132
24	11	4.529408
25	11	4.547303
25	11	4.569125
25	11	4.593066
25	11	4.61702
25	11	4.63945
26	11	4.669415
26	11	4.685878
26	11	4.703613
26	11	4.728188
26	11	4.751005
26	11	4.770553
27	11	4.793537
27	11	4.825088
27	11	4.842634
27	11	4.859679
27	11	4.882062
27	11	4.904064
27	10	4.926024
27	10	4.938459
27	10	4.955408
27	10	4.981501
27	10	5.000071
27	10	5.015151
27	9	5.029094
27	9	5.043395
27	9	5.058167
27	9	5.075369
27	9	5.092749
27	9	5.106165
27	9	5.128508
27	9	5.148265
27	8	5.160022
27	8	5.172912
27	8	5.189341
27	8	5.204377
27	8	5.216541
27	8	5.228691
27	8	5.240535
27	8	5.252602
27	8	5.265143
27	8	5.287937
27	8	5.303017
27	8	5.314965
27	8	5.327836
27	8	5.341866
27	8	5.362454
27	8	5.38447
27	8	5.407296
26	8	5.429954
26	8	5.457021
26	8	5.475015
26	8	5.499543
26	8	5.52128
26	8	5.541259
25	8	5.568964
25	8	5.590966
25	8	5.619161
25	8	5.638031
25	8	5.657311
25	8	5.680703
25	8	5.7039
25	8	5.723786
25	8	5.744856
25	8	5.776223
25	8	5.791457
25	8	5.814312
25	8	5.828126
25	8	5.843339
25	8	5.856937
25	8	5.869666
25	8	5.882649
25	8	5.896594
25	8	5.916437
25	8	5.929752
25	8	5.942005
25	8	5.95504
25	8	5.968041
25	8	5.980606
25	8	5.993376
25	8	6.005391
25	8	6.018155
25	8	6.030114
25	8	6.042377
25	8	6.055094
25	8	6.073638
25	8	6.086929
25	7	6.100206
25	7	6.112316
25	7	6.126673
25	7	6.141826
25	7	6.157701
25	7	6.171886
25	7	6.18422
25	7	6.197923
25	7	6.215353
25	6	6.243885
25	6	6.261939
25	6	6.281101
25	6	6.300128
25	6	6.322928
25	5	6.344399
25	5	6.367627
25	5	6.400345
25	5	6.415838
25	5	6.434036
25	5	6.457517
25	5	6.478823
25	5	6.501259
25	5	6.524465
25	5	6.555696
25	5	6.572347
25	5	6.591543
26	5	6.613006
26	5	6.635349
26	5	6.658455
26	5	6.683401
26	5	6.70652
26	5	6.722548
27	5	6.734319
27	5	6.745992
27	5	6.760127
27	5	6.778611
27	5	6.796636
27	5	6.812705
27	5	6.826541
27	5	6.840697
27	5	6.864821
27	5	6.879869
27	5	6.892294
27	5	6.904453
27	5	6.916639
27	5	6.929885
27	5	6.942116
27	5	6.953791
27	5	6.96545
27	5	6.977015
27	5	6.989136
27	5	7.001559
27	4	7.019967
27	4	7.033155
27	4	7.091284
27	4	7.109134
27	4	7.121978
27	3	7.133039
27	3	7.14548
27	3	7.161399
27	3	7.192495
27	3	7.208661
27	3	7.228881
27	2	7.249674
27	2	7.272292
27	2	7.294976
27	2	7.31988
27	2	7.348915
27	2	7.366491
27	2	7.384229
27	2	7.407436
27	2	7.429642
27	2	7.450956
27	2	7.472814
27	2	7.500231
27	2	7.51774
27	2	7.539582
27	2	7.562153
27	2	7.585925
27	2	7.598142
27	2	7.610816
27	2	7.625609
26	2	7.643382
26	2	7.656027
26	2	7.669307
26	2	7.691008
26	2	7.706575
26	2	7.719571
26	2	7.731996
26	2	7.744121
26	2	7.756812
25	2	7.768583
25	2	7.781576
25	2	7.809353
25	2	7.825613
25	2	7.836933
25	2	7.8494
25	2	7.863291
25	2	7.87522
24	2	7.887492
24	2	7.89957
24	2	7.912198
24	2	7.92834
24	2	7.945524
24	2	7.971007
24	2	7.988876
24	2	8.002728
23	2	8.016053
23	2	8.028608
23	2	8.045361
23	2	8.068621
23	2	8.086967
23	2	8.110732
22	2	8.14134
22	2	8.158881
22	2	8.179843
22	2	8.199458
22	2	8.221563
22	2	8.243688
21	2	8.266661
21	2	8.297682
21	2	8.315924
21	2	8.333079
21	2	8.355061
20	2	8.377802
20	2	8.399523
20	2	8.422857
20	2	8.454093
20	2	8.470977
20	2	8.483158
19	2	8.49527
19	2	8.510465
19	2	8.523321
19	2	8.539433
19	2	8.554951
19	2	8.567661
19	2	8.580434
19	2	8.604342
18	2	8.620152
18	2	8.633516
18	2	8.647099
18	2	8.6636
18	2	8.679094
18	2	8.691593
18	2	8.703373
18	2	8.715761
18	2	8.727958
17	2	8.7415
17	2	8.762446
17	2	8.779655
17	2	8.796551
17	2	8.809866
17	2	8.821246
17	2	8.833328
17	2	8.846761
16	2	8.869202
16	2	8.891901
16	2	8.922889
16	2	8.940348
16	2	8.958732
16	2	8.980631
15	2	9.002954
15	2	9.02647
15	2	9.050717
15	2	9.078387
15	2	9.096126
14	2	9.11556
14	2	9.137228
14	2	9.164299
14	2	9.186105
14	2	9.204923
13	2	9.238233
13	2	9.256696
13	2	9.274997
13	2	9.294285
13	2	9.307806
13	2	9.321265
13	2	9.337699
12	2	9.351032
12	2	9.365754
12	2	9.39041
12	2	9.40612
12	2	9.419673
12	2	9.432942
12	2	9.445676
12	2	9.458344
12	2	9.471103
11	2	9.484142
11	2	9.497842
11	2	9.514603
11	2	9.53169
11	2	9.555597
11	2	9.571917
11	2	9.585111
10	2	9.598622
10	2	9.61198
10	2	9.625342
10	2	9.642042
10	2	9.658381
10	2	9.670446
10	2	9.68246
10	2	9.703406
9	2	9.718207
9	2	9.730852
9	2	9.752676
9	2	9.777485
9	2	9.800911
9	2	9.819342
8	2	9.843369
8	2	9.872423
8	2	9.890479
8	2	9.910929
8	2	9.930407
8	2	9.953
7	2	9.974919
7	2	9.998431
7	2	10.02909
7	2	10.04643
7	2	10.06431
7	3	10.08642
7	3	10.10929
7	3	10.13197
7	3	10.15788
7	3	10.18794
7	4	10.20642
7	4	10.22549
7	4	10.24075
7	4	10.25895
7	4	10.27558
7	4	10.28875
7	4	10.30198
7	4	10.3165
7	5	10.33984
7	5	10.36062
7	5	10.38003
7	5	10.39529
7	5	10.40981
7	5	10.4222
7	5	10.4351
7	5	10.44779
7	6	10.46062
7	6	10.47539
7	6	10.49819
7	6	10.514
7	6	10.52656
7	6	10.53867
7	6	10.55145
7	6	10.56414
7	7	10.57638
7	7	10.58939
7	7	10.60264
7	7	10.61796
7	7	10.63842
7	7	10.66506
7	7	10.6835
7	7	10.7021
7	7	10.72351
7	7	10.74748
7	7	10.77151
7	7	10.79509
8	7	10.82277
8	7	10.83975
8	7	10.85803
8	7	10.8835
8	7	10.90517
8	7	10.92416
9	7	10.9476
9	7	10.97868
9	7	10.99673
9	7	11.017
9	7	11.03626
9	7	11.05933
10	7	11.08143
10	7	11.09418
10	7	11.11249
10	7	11.13508
10	7	11.15064
10	7	11.16279
10	7	11.17652
11	7	11.18784
11	7	11.20035
11	7	11.2133
11	7	11.22886
11	7	11.24502
11	7	11.25722
11	7	11.26963
11	7	11.29257
12	7	11.30963
12	7	11.32398
12	7	11.33857
12	7	11.35438
12	7	11.37069
12	7	11.38321
12	7	11.39706
12	7	11.40969
12	7	11.42281
13	7	11.45032
13	7	11.46737
13	7	11.48304
13	7	11.49557
13	7	11.50747
13	7	11.52734
13	7	11.54991
13	7	11.57193
13	7	11.5951
13	7	11.62618
13	7	11.64208
13	7	11.66257
13	7	11.68441
13	7	11.70638
13	7	11.72894
13	7	11.7514
13	7	11.77867
13	7	11.79611
13	7	11.81886
13	7	11.84016
13	7	11.86434
13	7	11.88533
13	7	11.90792
13	7	11.9267
13	7	11.94087
13	7	11.95598
13	7	11.97011
13	7	11.9847
13	7	11.99817
13	7	12.01282
13	7	12.02513
13	7	12.03701
13	7	12.04957
13	7	12.06307
13	7	12.08147
13	7	12.09358
13	7	12.10601
13	7	12.11842
13	7	12.13101
13	7	12.14332
13	7	12.15541
13	7	12.16772
13	7	12.17958
13	7	12.19285
13	7	12.2049
13	7	12.21808
13	7	12.23628
13	7	12.24901
13	7	12.26458
13	7	12.28695
13	7	12.30937
13	7	12.33221
13	7	12.35381
13	7	12.37678
13	7	12.40473
13	7	12.42178
13	7	12.44345
13	7	12.46556
13	7	12.48843
13	7	12.51172
13	7	12.53397
13	7	12.56244
13	7	12.57851
13	8	12.60047
13	8	12.62327
13	8	12.64593
13	8	12.67244
13	8	12.69289
13	9	12.72228
13	9	12.74041
13	9	12.75749
13	9	12.77819
13	9	12.79523
13	9	12.80934
13	9	12.82213
13	9	12.83443
13	10	12.84768
13	10	12.87047
13	10	12.88668
13	10	12.90316
13	10	12.91576
13	10	12.92964
13	10	12.94273
13	10	12.95565
13	10	12.96755
13	10	12.97976
13	10	12.99213
13	10	13.00462
13	10	13.02742
13	10	13.04808
13	10	13.06131
13	10	13.07559
13	10	13.08972
13	10	13.10367
13	10	13.11711
13	10	13.12974
13	10	13.14136
13	10	13.15947
13	10	13.18801
13	10	13.2035
14	10	13.22546
14	10	13.24759
14	10	13.27029
14	10	13.29229
14	10	13.31549
15	10	13.34253
15	10	13.35973
15	10	13.38226
15	10	13.40492
15	10	13.42643
16	10	13.44927
16	10	13.47223
16	10	13.4997
16	10	13.51677
16	10	13.53801
16	10	13.56063
17	10	13.58405
17	10	13.60453
17	10	13.61825
17	10	13.63328
17	10	13.65696
17	10	13.67083
17	10	13.68527
18	10	13.69941
18	10	13.71227
18	10	13.72656
18	10	13.74075
18	10	13.75451
18	10	13.76781
18	10	13.78188
18	10	13.79777
19	10	13.81978
19	10	13.8334
19	10	13.8469
19	10	13.86066
19	10	13.87661
19	10	13.8932
19	10	13.9062
19	10	13.91959
19	10	13.93203
20	10	13.94468
20	10	13.9573
20	10	13.97379
20	10	13.98792
20	10	14.00702
20	10	14.02942
20	10	14.05136
21	10	14.07377
21	10	14.09627
21	10	14.11916
21	10	14.14717
21	10	14.16384
22	10	14.18596
22	10	14.20804
22	10	14.23093
22	10	14.25323
22	10	14.27569
22	10	14.30306
22	9	14.32038
22	9	14.34333
22	9	14.36819
22	9	14.39015
22	9	14.4097
22	8	14.43171
22	8	14.46465
22	8	14.48272
22	8	14.49874
22	8	14.51146
22	8	14.52407
22	8	14.53657
22	7	14.54899
22	7	14.56202
22	7	14.57469
22	7	14.59316
22	7	14.61609
22	7	14.63172
22	7	14.64467
22	7	14.65858
22	6	14.67276
22	6	14.68613
22	6	14.70123
22	6	14.71855
22	6	14.73454
22	6	14.74766
22	6	14.77352
22	6	14.79149
22	6	14.80524
22	6	14.81834
22	6	14.83311
22	6	14.84835
22	6	14.86772
22	6	14.88971
22	6	14.91227
22	5	14.94351
22	5	14.96251
22	5	14.98185
22	5	15.00156
22	5	15.02349
22	4	15.04554
22	4	15.06847
22	4	15.10017
22	4	15.11686
22	4	15.13543
22	4	15.15814
22	3	15.18035
22	3	15.20306
22	3	15.22773
22	3	15.25677
22	3	15.27373
22	2	15.29181
22	2	15.31428
22	2	15.33659
22	2	15.34913
22	2	15.36317
22	2	15.37833
22	2	15.40514
22	2	15.41945
22	2	15.43306
22	2	15.44739
22	2	15.46065
22	2	15.47576
22	2	15.49021
22	2	15.50371
22	2	15.51812
22	2	15.53262
22	2	15.55283
22	2	15.56905
22	2	15.58136
22	2	15.59476
22	2	15.60727
22	2	15.6196
22	2	15.63165
22	2	15.64381
22	2	15.65562
22	2	15.66765
22	2	15.67962
22	2	15.69203
22	2	15.71119
22	2	15.7246
22	2	15.73593
22	2	15.74967
22	2	15.77199
22	2	15.79399
22	2	15.81735
22	2	15.83858
22	2	15.8618
22	2	15.8903
22	2	15.90797
22	2	15.92891
22	2	15.95106
22	2	15.97456
22	2	15.99705
22	2	16.01894
22	2	16.0468
22	2	16.0627
22	2	16.08502
22	2	16.10709
22	2	16.13029
22	2	16.15203
22	2	16.17366
22	2	16.20225
22	2	16.21352
22	2	16.22607
22	2	16.23777
22	2	16.24962
22	2	16.2624
22	2	16.27526
22	2	16.28828
22	2	16.30043
22	2	16.31153
22	2	16.32416
22	2	16.3428
22	2	16.3539
22	2	16.36531
22	2	16.37695
22	2	16.38946
22	2	16.40142
22	3	16.41349
22	3	16.4258
22	3	16.43709
22	3	16.44947
22	3	16.462
22	3	16.47686
22	3	16.49908
22	3	16.51153
22	3	16.52516
22	4	16.53775
22	4	16.55038
22	4	16.56763
22	4	16.57852
22	4	16.59153
22	4	16.60975
22	4	16.63181
22	5	16.65954
22	5	16.67633
22	5	16.69887
22	5	16.72231
22	5	16.74356
22	5	16.76622
22	6	16.78877
22	6	16.81599
22	6	16.83299
22	6	16.8554
22	6	16.87736
22	7	16.90027
22	7	16.92266
22	7	16.94514
22	7	16.97276
22	7	16.99089
22	7	17.01212
22	7	17.03532
22	7	17.05037
22	7	17.06457
22	7	17.0775
22	7	17.08976
22	7	17.1021
22	7	17.12063
22	7	17.1329
22	8	17.14431
22	8	17.15623
22	8	17.16872
22	8	17.18107
22	8	17.19243
22	8	17.20417
22	8	17.21719
22	8	17.23155
22	8	17.24361
22	8	17.25607
22	9	17.27371
22	9	17.28733
22	9	17.29937
22	9	17.31115
22	9	17.32319
22	9	17.33487
22	9	17.34689
22	9	17.359
22	9	17.37135
22	10	17.3843
22	10	17.39661
22	10	17.4086
22	10	17.42599
22	10	17.43802
22	10	17.44972
22	10	17.46132
22	10	17.48056
22	10	17.50297
23	10	17.52536
23	10	17.54789
23	10	17.57095
23	10	17.59908
23	10	17.61626
24	10	17.63744
24	10	17.66135
24	10	17.68312
24	10	17.7056
24	10	17.72743
25	10	17.75581
25	10	17.77152
25	10	17.79445
25	10	17.81677
25	10	17.83914
25	10	17.86533
26	10	17.88374
26	10	17.91051
26	10	17.92794
26	10	17.94402
26	10	17.95763
26	10	17.96913
26	10	17.98053
26	10	17.99253
27	10	18.00406
27	10	18.01581
27	10	18.02752
27	10	18.04003
27	10	18.05923
27	10	18.07255
27	10	18.08637
27	10	18.09839
27	10	18.11029
27	10	18.12208
27	10	18.1348
27	10	18.14656
27	10	18.15872
27	10	18.17039
27	10	18.18343
27	10	18.19596
27	10	18.21343
27	10	18.22604
27	10	18.23775
27	10	18.24997
27	10	18.26185
27	10	18.274
27	10	18.28627
27	10	18.29716
27	10	18.30865
27	10	18.32952
27	10	18.35299
27	10	18.3803
27	10	18.39695
27	10	18.41914
27	10	18.44085
27	10	18.4631
27	10	18.48701
27	10	18.5095
27	10	18.53835
27	10	18.55455
27	10	18.57483
27	10	18.59789
27	10	18.62073
27	10	18.64249
27	10	18.66565
27	10	18.69348
27	10	18.70987
27	10	18.7319
26	10	18.75413
26	10	18.7772
26	10	18.79978
26	10	18.81199
26	10	18.82379
26	10	18.84368
26	10	18.85677
26	10	18.86894
25	10	18.88014
25	10	18.89253
25	10	18.90435
25	10	18.91743
25	10	18.92999
25	10	18.94223
25	10	18.95487
25	10	18.96767
25	10	18.98009
24	10	18.99936
24	10	19.01155
24	10	19.0241
24	10	19.03586
24	10	19.05305
24	10	19.06471
24	10	19.07727
24	10	19.0894
24	10	19.10251
24	10	19.11432
23	10	19.12605
23	10	19.13756
23	10	19.16061
23	10	19.17818
23	10	19.20098
23	10	19.22291
22	10	19.24687
22	10	19.269
22	10	19.29196
22	10	19.31905
22	10	19.33566
22	10	19.35762
22	11	19.37939
22	11	19.40296
22	11	19.42893
22	11	19.45074
22	11	19.4804
22	12	19.49611
22	12	19.51493
22	12	19.53889
22	12	19.5615
22	12	19.58131
22	12	19.60344
22	13	19.63492
22	13	19.65348
22	13	19.66923
22	13	19.6808
22	13	19.69373
22	13	19.70666
22	13	19.71928
22	14	19.73172
22	14	19.74504
22	14	19.7604
22	14	19.78393
22	14	19.80118
22	14	19.81473
22	14	19.82844
22	14	19.84138
22	15	19.85416
22	15	19.86503
22	15	19.87839
22	15	19.89308
22	15	19.90907
22	15	19.92263
22	15	19.94506
22	15	19.9634
22	17	19.97648
22	17	19.98872
22	17	20.00501
22	17	20.02999
22	17	20.05334
22	17	20.0722
22	18	20.09461
22	18	20.12585
22	18	20.14351
22	18	20.16408
22	18	20.18504
22	18	20.20631
22	19	20.22875
22	19	20.25174
22	19	20.28192
22	19	20.29968
22	19	20.31868
22	20	20.34037
22	20	20.36271
22	20	20.38622
22	20	20.41309
22	20	20.44127
22	21	20.46011
22	21	20.47587
22	21	20.4892
22	21	20.50668
22	21	20.52457
22	21	20.53718
22	21	20.55091
22	21	20.56437
22	22	20.5906
22	22	20.60858
22	22	20.62325
22	22	20.64026
22	22	20.65779
22	22	20.68581
22	22	20.69836
22	23	20.71079
22	23	20.72304
22	23	20.74692
22	23	20.76355
22	23	20.77667
22	23	20.78938
22	23	20.80275
22	23	20.81588
23	23	20.82744
23	23	20.8384
23	23	20.85338
23	23	20.86812
23	23	20.88451
23	23	20.90675
23	23	20.9214
23	23	20.93304
23	23	20.94423
24	23	20.96534
24	23	20.99055
24	23	21.01447
24	23	21.03756
24	23	21.06617
25	23	21.08336
25	23	21.10104
25	23	21.12548
25	23	21.14785
25	23	21.16715
25	23	21.19007
26	23	21.22057
26	23	21.23992
26	23	21.25951
26	23	21.27916
26	23	21.30124
27	23	21.32362
27	23	21.34586
27	23	21.37842
27	23	21.39509
27	23	21.40802
27	23	21.41966
27	23	21.43032
27	23	21.44467
27	23	21.45982
27	23	21.47324
27	23	21.48835
27	23	21.50235
27	23	21.52824
27	23	21.54583
27	23	21.55859
27	23	21.57348
27	23	21.59071
27	23	21.60517
27	23	21.62566
27	23	21.63917
27	23	21.6531
27	23	21.67174
27	23	21.68653
27	23	21.69898
27	23	21.71236
27	23	21.72559
27	23	21.73846
27	23	21.75142
27	23	21.76291
27	23	21.78252
27	23	21.80417
27	23	21.83238
27	23	21.84864
27	23	21.87115
27	24	21.89343
27	24	21.91592
27	24	21.93935
27	24	21.96537
27	24	21.99625
27	24	22.01423
27	25	22.02895
27	25	22.05071
27	25	22.07651
27	25	22.09881
27	25	22.11777
27	26	22.14885
27	26	22.16836
27	26	22.18617
27	26	22.20906
27	26	22.23319
27	26	22.2466
27	27	22.26068
27	27	22.27398
27	27	22.30012
27	27	22.31767
27	27	22.33107
27	27	22.34361
27	27	22.35812
27	27	22.37082
27	28	22.38363
27	28	22.39652
27	28	22.41011
27	28	22.42786
27	28	22.45299
27	28	22.47099
27	28	22.4842
27	28	22.49752
27	29	22.51047
27	29	22.52419
27	29	22.53882
27	29	22.55631
27	29	22.57366
27	29	22.5883
27	29	22.61168
27	30	22.62836
27	30	22.64139
27	30	22.65461
27	30	22.67867
27	30	22.70092
27	30	22.72299
27	30	22.74382
26	30	22.77557
26	30	22.79663
26	30	22.81366
26	30	22.8322
26	30	22.85439
25	30	22.87635
25	30	22.89924
25	30	22.93318
25	30	22.95238
25	30	22.96648
25	30	22.98901
24	30	23.01108
24	30	23.03409
24	30	23.05993
24	30	23.08802
24	30	23.10435
23	30	23.12354
23	30	23.13707
23	30	23.15057
23	30	23.16877
23	30	23.18721
23	30	23.20007
23	30	23.2134
22	30	23.2378
22	30	23.25429
22	30	23.26873
22	30	23.28773
22	30	23.30703
22	30	23.32213
22	30	23.33692
22	30	23.35094
21	30	23.36611
21	30	23.39063
21	30	23.40867
21	30	23.42647
21	30	23.43979
21	30	23.45374
21	30	23.46766
21	30	23.48076
20	30	23.4954
20	30	23.50997
20	30	23.52692
20	30	23.55076
20	30	23.56976
20	30	23.58247
20	30	23.60189
19	30	23.62471
19	30	23.64764
19	30	23.67367
19	30	23.69589
19	30	23.72456
18	30	23.74188
18	30	23.75996
18	30	23.78595
18	30	23.80833
18	30	23.8268
17	30	23.84894
17	30	23.88135
17	30	23.89965
17	30	23.92134
17	30	23.93957
17	30	23.96074
16	30	23.98291
16	30	24.00572
16	30	24.03623
16	30	24.05356
16	30	24.0664
16	30	24.08022
16	29	24.09368
16	29	24.10761
16	29	24.12193
16	29	24.13968
16	29	24.15745
16	29	24.18171
16	29	24.19895
16	28	24.21856
16	28	24.23215
16	28	24.24752
16	28	24.26416
16	28	24.28186
16	28	24.29573
16	28	24.31024
16	28	24.33465
16	27	24.35196
16	27	24.36654
16	27	24.3836
16	27	24.40043
16	27	24.41301
16	27	24.42621
16	27	24.44069
16	26	24.46447
16	26	24.49619
16	26	24.51712
16	26	24.53574
16	26	24.55309
16	26	24.57494
17	26	24.59799
17	26	24.62071
17	26	24.65377
17	26	24.67524
17	26	24.69152
18	26	24.70859
18	26	24.73045
18	26	24.75329
18	26	24.77963
18	26	24.80765
18	26	24.82578
19	26	24.84299
19	26	24.86449
19	26	24.88962
19	26	24.91352
19	26	24.93274
20	26	24.95908
20	26	24.97679
20	26	24.99142
20	26	25.00851
20	26	25.02527
20	26	25.03984
20	26	25.05457
20	26	25.06771
21	26	25.08201
21	26	25.09627
21	26	25.12293
21	26	25.13966
21	26	25.15299
21	26	25.16677
21	26	25.17976
22	26	25.1936
22	26	25.20741
22	26	25.22001
22	26	25.23699
22	26	25.25546
22	26	25.28039
22	26	25.29878
22	26	25.31161
23	26	25.32402
23	26	25.33588
23	26	25.3574
23	26	25.38194
23	26	25.40438
23	26	25.42388
24	26	25.45718
24	26	25.47834
24	26	25.49721
24	26	25.51312
24	26	25.53531
24	26	25.55783
25	26	25.58162
25	26	25.61557
25	26	25.63611
25	26	25.65105
25	26	25.67114
26	26	25.69395
26	26	25.71369
26	26	25.73954
26	26	25.76715
26	26	25.78503
26	26	25.80275
27	26	25.8146
27	26	25.82759
27	26	25.84217
27	26	25.85588
27	26	25.86809
27	26	25.88113
27	26	25.89504
27	26	25.91474
26	26	25.92813
26	26	25.94105
26	26	25.95463
26	26	25.96722
26	26	25.97921
26	26	25.99298
26	26	26.0055
26	26	26.01922
26	26	26.03297
26	26	26.04639
25	26	26.07096
25	26	26.0839
25	26	26.09737
25	26	26.11087
25	26	26.124
25	26	26.1366
25	26	26.14827
25	26	26.16227
24	26	26.18293
24	26	26.20555
24	26	26.23621
24	26	26.25113
24	26	26.2726
23	26	26.29536
23	26	26.31748
23	26	26.33917
23	26	26.3618
23	26	26.3911
23	26	26.40663
22	26	26.42946
22	26	26.45165
22	26	26.47416
22	26	26.49616
22	26	26.51801
22	25	26.54663
22	25	26.56291
22	25	26.58589
22	25	26.61069
22	25	26.6281
22	25	26.64222
22	25	26.65609
22	24	26.66966
22	24	26.69352
22	24	26.71074
22	24	26.72687
22	24	26.73991
22	24	26.7531
22	24	26.76688
22	24	26.77996
22	23	26.79478
22	23	26.81282
22	23	26.82686
22	23	26.85263
22	23	26.86881
22	23	26.88047
22	23	26.89388
22	22	26.90779
22	22	26.92143
22	22	26.93369
22	22	26.94594
22	22	26.95846
22	22	26.97234
22	22	26.98676
22	22	27.00684
22	22	27.01922
22	21	27.03182
22	21	27.05354
22	21	27.0765
22	21	27.09809
22	21	27.12054
22	21	27.14331
22	22	27.17176
22	22	27.18809
22	22	27.21055
22	22	27.23359
22	22	27.25469
22	23	27.27727
22	23	27.30026
22	23	27.32827
22	23	27.34437
22	23	27.36665
22	23	27.3893
22	24	27.41289
22	24	27.43407
22	24	27.45751
22	24	27.48035
22	24	27.49448
22	24	27.50877
22	25	27.52269
22	25	27.53606
22	25	27.5496
22	25	27.56389
22	25	27.57713
22	25	27.59219
22	25	27.60504
22	25	27.61945
22	26	27.64061
22	26	27.65457
22	26	27.66992
22	26	27.68353
22	26	27.69885
22	26	27.71225
22	26	27.72639
22	26	27.74135
22	26	27.75396
22	27	27.76661
22	27	27.77917
22	27	27.79965
22	27	27.81701
22	27	27.83376
22	27	27.84593
22	27	27.85985
22	27	27.88033
22	28	27.90325
22	28	27.92763
22	28	27.95217
22	28	27.98204
22	28	27.9996
22	29	28.01535
22	29	28.03745
22	29	28.06046
22	29	28.08932
22	29	28.10885
22	30	28.1385
22	30	28.15736
22	30	28.17127
22	30	28.19366
22	30	28.21555
22	30	28.23806
23	30	28.26092
23	30	28.28929
23	30	28.30503
23	30	28.31784
23	30	28.33128
23	30	28.34385
23	30	28.35628
23	30	28.36907
24	30	28.38254
24	30	28.39574
24	30	28.40861
24	30	28.42135
24	30	28.4419
24	30	28.45435
24	30	28.46801
24	30	28.48148
25	30	28.49479
25	30	28.50781
25	30	28.52047
25	30	28.53306
25	30	28.54517
25	30	28.55964
25	30	28.57438
25	30	28.59798
25	30	28.61202
26	30	28.62601
26	30	28.63907
26	30	28.65237
26	30	28.66683
26	30	28.6846
26	30	28.70695
26	30	28.72964
27	30	28.75867
27	30	28.77382
27	30	28.79723
27	30	28.81881
27	30	28.84134
27	30	28.86335
27	30	28.88616
27	30	28.91382
27	30	28.93061
27	30	28.95245
27	30	28.97539
27	30	28.99716
27	30	29.01965
27	30	29.04233
27	30	29.07323
27	30	29.08826
27	29	29.10972
27	29	29.13185
27	29	29.15398
27	29	29.17612
27	29	29.18829
27	29	29.20123
27	28	29.22081
27	28	29.23394
27	28	29.24708
27	28	29.26037
27	28	29.27349
27	28	29.28596
27	28	29.29986
27	28	29.31265
27	28	29.32529
27	27	29.33835
27	27	29.35171
27	27	29.37703
27	27	29.39041
27	27	29.40229
27	27	29.41587
27	27	29.42954
27	27	29.44236
27	27	29.45488
27	26	29.46835
27	26	29.48183
27	26	29.49481
27	26	29.50851
27	26	29.52689
27	26	29.53938
27	26	29.55177
27	26	29.56738
27	25	29.59063
27	25	29.61187
27	25	29.63423
27	25	29.65651
27	25	29.6798
27	24	29.70957
27	24	29.72461
27	24	29.74617
27	24	29.76784
27	24	29.79036
27	24	29.81253
27	23	29.83455
27	23	29.86218
27	23	29.87981
27	23	29.90137
27	23	29.92376
27	23	29.94609
26	23	29.96867
26	23	29.99154
26	23	30.00832
26	23	30.02073
26	23	30.03234
26	23	30.04474
26	23	30.05672
26	23	30.0682
25	23	30.0799
25	23	30.09152
25	23	30.10712
25	23	30.12031
25	23	30.1318
25	23	30.14351
25	23	30.16133
25	23	30.17463
25	23	30.18794
24	23	30.20154
24	23	30.21447
24	23	30.22613
24	23	30.23802
24	23	30.25045
24	23	30.26207
24	23	30.27304
24	23	30.2851
24	23	30.29713
24	23	30.3145
23	23	30.32587
23	23	30.33677
23	23	30.34843
23	23	30.36048
23	23	30.37249
23	23	30.38387
23	23	30.40369
23	23	30.42637
22	23	30.44903
22	23	30.47652
22	23	30.49395
22	23	30.5154
22	23	30.53842
22	22	30.56069
22	22	30.58302
22	22	30.6051
22	22	30.6335
22	22	30.64976
22	22	30.67235
22	21	30.6947
22	21	30.71852
22	21	30.74063
22	21	30.76323
22	21	30.79234
22	20	30.80873
22	20	30.83045
22	20	30.85172
22	20	30.87423
22	20	30.88649
22	20	30.89972
22	20	30.91171
22	20	30.92393
22	19	30.94244
22	19	30.9556
22	19	30.96826
22	19	30.98159
22	19	30.99462
22	19	31.00722
22	19	31.01881
22	19	31.03072
22	19	31.04299
22	18	31.05408
22	18	31.06548
22	18	31.07778
22	18	31.09563
22	18	31.10722
22	18	31.11897
22	18	31.13079
22	18	31.14245
22	18	31.15381
22	18	31.16569
22	17	31.17702
22	17	31.18839
22	17	31.19997
22	17	31.21242
22	17	31.22404
22	17	31.23773
22	17	31.25485
22	17	31.26682
22	17	31.27836
22	17	31.29008
23	17	31.3021
23	17	31.3138
23	17	31.32857
23	17	31.34687
23	17	31.36381
23	17	31.37681
23	17	31.38836
24	17	31.41791
24	17	31.43555
24	17	31.4543
24	17	31.47895
24	17	31.50112
24	17	31.52127
25	17	31.5432
25	17	31.57445
25	17	31.59534
25	17	31.61408
25	17	31.63302
25	17	31.6551
26	17	31.67803
26	17	31.70035
26	17	31.73059
26	17	31.7489
26	17	31.76653
27	17	31.79048
27	17	31.81252
27	17	31.83446
27	17	31.85957
27	17	31.88869
27	18	31.90604
27	18	31.92018
27	18	31.93237
27	18	31.94805
27	18	31.96294
27	18	31.9747
27	18	31.9865
27	18	31.99843
27	18	32.01101
27	19	32.03326
27	19	32.04833
27	19	32.06113
27	19	32.07831
27	19	32.09322
27	19	32.10463
27	19	32.11819
27	19	32.13503
27	19	32.14766
27	20	32.16055
27	20	32.17368
27	20	32.19569
27	20	32.21076
27	20	32.22157
27	20	32.2342
27	20	32.24566
27	20	32.25876
27	20	32.28044
27	20	32.30302
26	20	32.32551
26	20	32.35313
26	20	32.37037
26	20	32.39576
26	20	32.41724
26	20	32.43679
25	20	32.46029
25	20	32.48281
25	20	32.51612
25	20	32.53404
25	20	32.54919
25	20	32.5707
25	20	32.59357
25	20	32.61554
25	20	32.63855
25	20	32.66582
25	20	32.68292
25	21	32.70476
25	21	32.7272
25	21	32.73856
25	21	32.75342
25	21	32.76862
25	21	32.77935
25	21	32.7924
25	21	32.81356
25	22	32.82907
25	22	32.84159
25	22	32.85608
25	22	32.87155
25	22	32.88658
25	22	32.89863
25	22	32.91011
25	22	32.9241
25	22	32.93595
25	23	32.95042
25	23	32.976
25	23	32.99306
25	23	33.00573
25	23	33.0185
25	23	33.03632
25	23	33.04924
25	23	33.06188
25	23	33.0738
25	23	33.08618
25	23	33.0978
25	22	33.11905
25	22	33.14637
25	22	33.16296
25	22	33.18509
25	22	33.20694
25	22	33.22977
25	21	33.252
25	21	33.27445
25	21	33.30244
25	21	33.31997
25	21	33.34133
25	20	33.3638
25	20	33.38683
25	20	33.40804
25	20	33.43173
25	20	33.45893
25	20	33.47593
25	20	33.49813
25	20	33.5205
25	20	33.54263
25	20	33.56575
25	20	33.57663
26	20	33.59182
26	20	33.61378
26	20	33.62851
26	20	33.64169
26	20	33.65491
26	20	33.66681
26	20	33.67777
26	20	33.68889
26	20	33.70038
27	20	33.71172
27	20	33.72274
27	20	33.73504
27	20	33.74718
27	20	33.76512
27	20	33.7768
27	20	33.78894
27	20	33.80064
27	20	33.81234
27	20	33.824
27	20	33.83559
27	20	33.84742
27	20	33.85886
27	20	33.8708
27	20	33.88348
27	20	33.8956
27	20	33.90759
27	20	33.92533
27	20	33.93859
27	20	33.95106
27	20	33.96264
27	20	33.97326
27	20	33.98555
27	19	33.99779
27	19	34.00906
27	19	34.02087
27	19	34.03279
27	19	34.04348
27	19	34.05656
27	19	34.07948
27	19	34.10618
27	18	34.12374
27	18	34.14946
27	18	34.16959
27	18	34.19156
27	18	34.22097
27	18	34.23558
27	17	34.26281
27	17	34.28006
27	17	34.30195
27	17	34.3241
27	17	34.34667
27	16	34.36907
27	16	34.39157
27	16	34.42039
27	16	34.44013
27	16	34.4627
27	16	34.48217
27	15	34.50363
27	15	34.52611
27	15	34.54111
27	15	34.55764
27	15	34.58084
27	15	34.59857
27	14	34.61265
27	14	34.62637
27	14	34.63997
27	14	34.65744
27	14	34.67374
27	14	34.68578
27	14	34.69774
27	14	34.70972
27	14	34.73083
27	14	34.74681
27	14	34.75897
27	14	34.77023
27	14	34.78193
27	14	34.79303
27	14	34.8056
27	14	34.81846
27	14	34.83007
27	14	34.84094
27	14	34.85294
26	14	34.86575
26	14	34.88247
26	14	34.89451
26	14	34.90878
26	14	34.93111
26	14	34.95131
26	14	34.97223
25	14	34.99479
25	14	35.01796
25	14	35.04827
25	14	35.0662
25	14	35.08469
25	14	35.10635
25	14	35.12865
25	14	35.15142
25	14	35.17408
25	14	35.20194
25	14	35.2186
25	14	35.24071
25	14	35.2627
25	14	35.28711
25	14	35.30864
25	14	35.33109
25	14	35.35857
25	14	35.3746
25	14	35.387
25	14	35.40107
25	14	35.41265
25	14	35.42565
25	14	35.43755
25	14	35.45009
25	14	35.46375
25	14	35.47635
25	14	35.49092
25	14	35.51701
25	14	35.531
25	14	35.5425
25	14	35.55442
25	14	35.56636
25	14	35.57798
25	14	35.59158
25	14	35.60372
25	14	35.61626
25	14	35.62843
25	14	35.63959
25	14	35.65151
25	14	35.66916
25	14	35.68059
25	14	35.69482
25	14	35.70719
25	14	35.71944
25	14	35.73196
25	14	35.74514
25	14	35.76021
25	14	35.77709
25	14	35.79972
25	14	35.82184
25	14	35.84989
25	14	35.86522
25	14	35.88821
25	14	35.91008
25	14	35.93327
25	14	35.95596
25	14	35.9779
25	14	36.00597
25	14	36.02234
25	14	36.0443
25	14	36.06684
25	14	36.08956
25	14	36.11148
25	14	36.13463
25	14	36.16403
25	14	36.18197
25	14	36.20328
25	14	36.22446
25	14	36.24576
25	14	36.25785
25	14	36.26969
25	14	36.28101
25	14	36.29311
25	13	36.30999
25	13	36.32427
25	13	36.33928
25	13	36.35665
25	13	36.37138
25	13	36.38389
25	13	36.39521
25	13	36.40654
25	13	36.41876
25	12	36.4305
25	12	36.44251
25	12	36.45602
25	12	36.47889
25	12	36.4943
25	12	36.50661
25	12	36.5188
25	12	36.5294
25	12	36.54116
25	11	36.55253
25	11	36.5636
25	11	36.57487
25	11	36.58767
25	11	36.60282
25	11	36.62525
25	11	36.65357
25	11	36.67013
25	11	36.6921
25	11	36.71942
25	11	36.73709
25	11	36.75991
25	11	36.78255
25	11	36.81016
25	11	36.82854
25	11	36.84919
25	11	36.87123
25	11	36.89349
25	11	36.91606
25	11	36.93994
25	11	36.96948
25	11	36.98442
25	11	37.00488
25	11	37.02703
25	11	37.05002
25	11	37.06123
25	11	37.07304
25	11	37.08443
25	11	37.09549
26	11	37.11298
26	11	37.12412
26	11	37.13546
26	11	37.14623
26	11	37.1576
26	11	37.16839
26	11	37.17997
26	11	37.1918
26	11	37.20321
26	11	37.2149
26	11	37.22635
27	11	37.23831
27	11	37.25202
27	11	37.26915
27	11	37.28105
27	11	37.29231
27	11	37.30378
27	11	37.31544
27	11	37.32764
27	11	37.33971
27	11	37.35127
27	11	37.36252
27	11	37.37431
27	10	37.38654
27	10	37.40121
27	10	37.41655
27	10	37.43745
27	10	37.45108
27	10	37.46367
27	10	37.47545
27	10	37.48757
27	10	37.49898
27	9	37.51013
27	9	37.52213
27	9	37.53293
27	9	37.54376
27	9	37.56371
27	9	37.58768
27	9	37.6136
27	8	37.63095
27	8	37.65282
27	8	37.67474
27	8	37.69757
27	8	37.72027
27	8	37.74289
27	8	37.77115
27	8	37.78774
27	8	37.80944
27	8	37.83169
27	8	37.85471
27	8	37.87601
27	8	37.89894
26	8	37.92664
26	8	37.94416
26	8	37.9675
26	8	37.98919
26	8	38.01068
26	8	38.03394
25	8	38.04542
25	8	38.05829
25	8	38.07787
25	8	38.09174
25	8	38.10501
25	8	38.11866
25	8	38.13092
25	8	38.14282
25	8	38.15577
25	8	38.16732
25	8	38.17848
25	8	38.19192
25	8	38.2056
25	8	38.222
25	8	38.23992
25	8	38.25207
25	8	38.26448
25	8	38.27547
25	8	38.28718
25	8	38.29878
25	8	38.31018
25	8	38.32173
25	8	38.33355
25	8	38.34448
25	8	38.35615
25	8	38.37976
25	8	38.4075
25	8	38.42398
25	8	38.44591
25	8	38.46905
25	8	38.4907
25	8	38.51348
25	8	38.53583
25	8	38.56641
25	8	38.58253
25	8	38.60301
25	8	38.62562
25	8	38.64709
25	8	38.66956
25	8	38.69186
25	7	38.72029
25	7	38.73728
25	7	38.7593
25	7	38.78173
25	7	38.8039
25	7	38.8261
25	6	38.8483
25	6	38.86633
25	6	38.87832
25	6	38.89062
25	6	38.90155
25	6	38.91292
25	6	38.92522
25	6	38.93758
25	5	38.95016
25	5	38.96215
25	5	38.97397
25	5	38.9868
25	5	38.99918
25	5	39.01671
25	5	39.02937
25	5	39.04133
25	5	39.05397
25	5	39.06765
25	5	39.08121
25	5	39.09452
25	5	39.10866
25	5	39.12278
25	5	39.1396
25	5	39.1521
25	5	39.17036
25	5	39.18145
25	5	39.19303
25	5	39.20453
25	5	39.2161
25	5	39.2276
25	5	39.25019
24	5	39.2729
24	5	39.295
24	5	39.31914
24	5	39.34927
24	5	39.36506
24	5	39.38493
23	5	39.40655
23	5	39.42954
23	5	39.45484
23	5	39.47715
23	5	39.50546
22	5	39.52419
22	5	39.54157
22	5	39.56317
22	5	39.58743
22	5	39.60827
22	5	39.63031
22	5	39.65831
22	5	39.67625
22	5	39.69825
22	5	39.72062
22	5	39.73282
22	5	39.74464
22	5	39.75766
22	5	39.77035
22	5	39.78268
22	5	39.80363
22	5	39.81656
22	5	39.82948
22	5	39.84172
22	5	39.85379
22	5	39.86631
22	5	39.87918
22	5	39.8937
22	5	39.90637
22	5	39.91853
22	5	39.93084
22	5	39.94294
22	5	39.9613
22	5	39.97386
22	5	39.98579
22	5	39.99835
22	5	40.0102
22	5	40.02214
22	5	40.03444
22	5	40.04613
22	5	40.05925
22	5	40.07175
22	5	40.08391
22	5	40.09494
22	5	40.11541
22	5	40.13327
22	5	40.15535
22	5	40.17737
22	5	40.20018
22	5	40.22259
22	5	40.24578
22	5	40.27283
22	5	40.29063
22	5	40.31278
22	5	40.33552
22	5	40.35673
22	5	40.37879
22	5	40.40106
22	5	40.42879
22	5	40.44609
22	6	40.46833
22	6	40.49059
22	6	40.51225
22	6	40.53551
22	6	40.55796
22	7	40.5871
22	7	40.60144
22	7	40.61302
22	7	40.62492
22	7	40.63642
22	7	40.64841
22	7	40.66035
22	7	40.67273
22	7	40.68491
22	7	40.69778
22	8	40.71199
22	8	40.73187
22	8	40.7466
22	8	40.76052
22	8	40.77372
22	8	40.7858
22	8	40.79824
22	8	40.81151
22	8	40.8237
22	6	40.83582
22	6	40.84689
22	6	40.85858
22	6	40.87085
22	6	40.89015
22	6	40.90189
22	6	40.91316
22	6	40.92482
22	6	40.93755
22	6	40.95906
22	6	40.98168
22	6	41.00455
22	6	41.02705
22	6	41.05555
22	5	41.07195
22	5	41.094
22	5	41.11639
22	5	41.13892
22	5	41.16612
22	5	41.1838
22	4	41.21164
22	4	41.22857
22	4	41.25048
22	4	41.27272
22	4	41.29485
22	3	41.31814
22	3	41.33976
22	3	41.36792
22	3	41.38574
22	3	41.40688
22	3	41.42004
22	3	41.43231
22	2	41.44388
22	2	41.4561
22	2	41.4693
22	2	41.48056
22	2	41.49363
22	2	41.51156
22	2	41.52385
22	2	41.53596
22	2	41.54739
22	2	41.55892
22	2	41.57167
22	2	41.58466
22	2	41.59734
22	2	41.60913
22	2	41.62095
22	2	41.63819
22	2	41.65078
22	2	41.66944
22	2	41.68109
21	2	41.69377
21	2	41.70556
21	2	41.7172
21	2	41.73023
21	2	41.74227
21	2	41.75369
21	2	41.76501
21	2	41.78638
20	2	41.80883
20	2	41.83673
20	2	41.85466
20	2	41.87697
20	2	41.89906
20	2	41.92129
19	2	41.94282
19	2	41.96489
19	2	41.9925
19	2	42.00948
19	2	42.03144
18	2	42.05424
18	2	42.07656
18	2	42.09842
18	2	42.12204
18	2	42.14974
18	2	42.16586
17	2	42.18877
17	2	42.21106
17	2	42.23296
17	2	42.2578
17	2	42.27058
17	2	42.28312
16	2	42.30098
16	2	42.31256
16	2	42.32503
16	2	42.33685
16	2	42.34842
16	2	42.36038
16	2	42.37276
16	2	42.38498
16	2	42.39695
16	2	42.40971
15	2	42.42348
15	2	42.43843
15	2	42.45831
15	2	42.50081
15	2	42.51514
15	2	42.52788
14	2	42.53996
14	2	42.55233
14	2	42.56459
14	2	42.57659
14	2	42.59156
14	2	42.60888
14	2	42.62174
14	2	42.63507
14	2	42.65767
13	2	42.67983
13	2	42.7027
13	2	42.72459
13	2	42.74715
13	2	42.77457
13	3	42.79126
13	3	42.81384
13	3	42.83683
13	3	42.86167
13	3	42.88461
13	3	42.90396
13	4	42.93421
13	4	42.95572
13	4	42.974
13	4	42.99329
13	4	43.01684
13	5	43.03877
13	5	43.06132
13	5	43.09293
13	5	43.10958
13	5	43.12781
13	5	43.14142
13	5	43.15456
13	5	43.16733
13	5	43.18084
13	5	43.19417
13	5	43.20723
13	5	43.22095
13	5	43.24316
13	5	43.25703
13	5	43.27012
13	5	43.2826
13	5	43.29528
13	5	43.30838
13	5	43.32001
13	5	43.33223
13	5	43.34427
13	5	43.35667
13	5	43.36833
13	5	43.38046
13	5	43.39841
13	5	43.41051
13	5	43.42325
13	5	43.43609
13	5	43.44828
13	5	43.46047
13	5	43.47494
12	5	43.48765
12	5	43.5
12	5	43.51798
12	5	43.54355
12	5	43.57146
12	5	43.59021
11	5	43.60796
11	5	43.62938
11	5	43.65295
11	5	43.67775
11	5	43.70198
10	5	43.72835
10	5	43.74693
10	5	43.76364
10	5	43.78839
10	5	43.81173
10	5	43.83037
10	5	43.85361
10	5	43.88461
10	5	43.9007
10	5	43.92099
10	6	43.94252
10	6	43.96427
10	6	43.98822
10	6	44.00412
10	6	44.02676
10	6	44.04462
10	6	44.05753
10	7	44.07001
10	7	44.08281
10	7	44.0956
10	7	44.11349
10	7	44.12969
10	7	44.14552
10	7	44.16003
10	8	44.18942
10	8	44.20472
10	8	44.21669
10	8	44.22911
10	8	44.24136
10	8	44.25359
10	8	44.26548
10	8	44.27906
10	8	44.29652
11	8	44.30902
11	8	44.32146
11	8	44.34084
11	8	44.35331
11	8	44.36437
11	8	44.37799
11	8	44.39958
11	8	44.42151
12	8	44.4443
12	8	44.46664
12	8	44.48958
12	8	44.517
12	8	44.53411
13	8	44.55703
13	8	44.57866
13	8	44.60085
13	8	44.62358
13	8	44.64562
13	8	44.6736
13	8	44.69012
13	9	44.71212
13	9	44.73444
13	9	44.75788
13	9	44.78161
13	9	44.8041
13	10	44.83191
13	10	44.8475
13	10	44.86071
13	10	44.87324
13	10	44.88573
13	10	44.89936
13	10	44.91302
13	10	44.92669
13	11	44.93993
13	11	44.95338
13	11	44.96703
13	11	44.98764
13	11	45.00097
13	11	45.01321
13	11	45.02532
13	11	45.03819
13	11	45.05173
13	11	45.06442
13	11	45.07735
13	11	45.08902
13	11	45.10146
13	11	45.11372
13	11	45.12599
13	11	45.14435
13	11	45.15709
13	11	45.16925
13	11	45.18066
13	11	45.19419
13	11	45.21563
13	11	45.23781
13	11	45.26016
13	11	45.28218
13	11	45.31004
13	11	45.328
14	11	45.3494
14	11	45.37192
14	11	45.39437
14	11	45.41637
14	11	45.4395
14	11	45.46639
15	11	45.48362
15	11	45.50595
15	11	45.52823
15	11	45.55066
15	11	45.57357
16	11	45.59602
16	11	45.62377
16	11	45.64026
16	11	45.6624
16	11	45.68468
16	11	45.70735
17	11	45.72009
17	11	45.73309
17	11	45.7473
17	11	45.76703
17	11	45.77956
17	11	45.7934
17	11	45.8059
17	11	45.81836
17	11	45.8318
18	11	45.84597
18	11	45.86115
18	11	45.87591
18	11	45.89044
18	11	45.90531
18	11	45.92667
18	11	45.93959
18	11	45.95364
19	11	45.96608
19	11	45.97888
19	11	45.99088
19	11	46.00311
19	11	46.01587
19	11	46.0292
19	11	46.04128
19	11	46.05339
19	11	46.0666
20	11	46.08394
20	11	46.09798
20	11	46.11989
20	11	46.14183
20	11	46.1642
20	11	46.1873
21	11	46.20953
21	11	46.23167
21	11	46.25913
21	11	46.27628
21	11	46.29853
21	11	46.32447
22	11	46.3433
22	11	46.36606
22	11	46.38758
22	11	46.41507
22	11	46.43273
22	10	46.45697
22	10	46.47837
22	10	46.50096
22	10	46.52239
22	10	46.54463
22	10	46.56462
22	9	46.57711
22	9	46.59116
22	9	46.60308
22	9	46.61574
22	9	46.62812
22	9	46.64129
22	9	46.65382
22	9	46.66584
22	9	46.67736
22	9	46.68964
22	8	46.70178
22	8	46.72525
22	8	46.73726
22	8	46.74908
22	8	46.76131
22	8	46.77339
22	8	46.78571
22	8	46.79847
22	8	46.81014
22	7	46.82232
22	7	46.83402
22	7	46.84618
22	7	46.85793
22	7	46.87401
22	7	46.89084
22	7	46.91253
22	7	46.93537
22	6	46.95838
22	6	46.98003
22	6	47.00369
22	6	47.02612
22	6	47.05504
22	5	47.07101
22	5	47.09307
22	5	47.11473
22	5	47.13644
22	5	47.15918
22	4	47.18233
22	4	47.21121
22	4	47.22675
22	4	47.24878
22	4	47.27063
22	4	47.29327
22	3	47.31532
22	3	47.33807
22	3	47.36588
22	3	47.37744
22	3	47.38963
22	3	47.40257
22	3	47.417
22	2	47.43043
22	2	47.44233
22	2	47.45393
22	2	47.46727
22	2	47.47869
22	2	47.49105
22	2	47.5093
22	2	47.52288
22	2	47.53593
22	2	47.54821
21	2	47.56012
21	2	47.57238
21	2	47.58595
21	2	47.59872
21	2	47.61051
21	2	47.6231
21	2	47.63418
21	2	47.64627
21	2	47.66427
20	2	47.67595
20	2	47.6877
20	2	47.69933
20	2	47.71775
20	2	47.74061
20	2	47.76192
20	2	47.78373
19	2	47.80679
19	2	47.8345
19	2	47.85183
19	2	47.8737
19	2	47.89609
18	2	47.91943
18	2	47.94156
18	2	47.96375
18	2	47.99087
18	2	48.00833
18	2	48.03002
17	2	48.05195
17	2	48.07491
17	2	48.09678
17	2	48.12007
17	2	48.14773
16	2	48.16565
16	2	48.1879
16	2	48.20957
16	2	48.22206
16	2	48.23527
16	2	48.24791
16	2	48.26082
16	2	48.27503
16	3	48.29601
16	3	48.3104
16	3	48.32867
16	3	48.35047
16	3	48.36517
16	3	48.3787
16	3	48.39283
16	4	48.40667
16	4	48.42062
16	4	48.43772
16	4	48.46464
16	4	48.48196
16	4	48.49483
16	4	48.50939
16	4	48.52223
16	5	48.53371
16	5	48.54573
16	5	48.55799
16	5	48.5732
16	5	48.59092
16	5	48.61206
16	5	48.62719
16	5	48.6395
16	5	48.65543
16	5	48.67767
17	5	48.70112
17	5	48.72248
17	5	48.74595
17	5	48.77627
17	5	48.79432
17	5	48.81236
18	5	48.83354
18	5	48.85644
18	5	48.88274
18	5	48.90453
18	5	48.93167
19	5	48.94897
19	5	48.9688
19	5	48.99366
19	5	49.01544
19	5	49.03542
19	5	49.0584
19	5	49.09079
19	5	49.10803
19	5	49.1221
19	5	49.13541
19	5	49.14716
19	6	49.1599
19	6	49.17112
19	6	49.18405
19	6	49.19904
19	6	49.21402
19	6	49.23575
19	6	49.25137
19	6	49.27013
19	7	49.2852
19	7	49.30032
19	7	49.31768
19	7	49.33572
19	7	49.34824
19	7	49.36035
19	7	49.37295
19	8	49.39519
19	8	49.41071
19	8	49.42284
19	8	49.4376
19	8	49.4531
19	8	49.46614
19	8	49.47779
19	8	49.49318
20	8	49.51606
20	8	49.53867
20	8	49.56931
20	8	49.5882
20	8	49.60517
20	8	49.62737
21	8	49.64931
21	8	49.67196
21	8	49.69797
21	8	49.72605
21	8	49.74306
22	8	49.762
22	8	49.78454
22	8	49.80654
22	8	49.82895
22	8	49.85167
22	8	49.88174
22	8	49.89724
21	8	49.91806
21	8	49.9302
21	8	49.94205
21	8	49.95454
21	8	49.96767
21	8	49.97899
21	8	49.99108
21	8	50.00221
21	8	50.01995
21	8	50.03208
20	8	50.04343
20	8	50.05538
20	8	50.06699
20	8	50.08003
20	8	50.09233
20	8	50.10364
20	8	50.11681
20	8	50.12915
20	8	50.14047
20	8	50.15392
19	8	50.17166
19	8	50.18393
19	8	50.19562
19	8	50.20681
19	8	50.21933
19	8	50.23162
19	8	50.24384
19	8	50.25631
19	8	50.26804
19	8	50.27967
18	8	50.29294
18	8	50.30505
18	8	50.32326
18	8	50.33972
18	8	50.35519
18	8	50.36869
18	8	50.38464
18	8	50.39673
17	8	50.41479
17	8	50.43145
17	8	50.4557
17	8	50.489
17	8	50.50731
17	8	50.52241
16	8	50.54356
16	8	50.56552
16	8	50.59169
16	8	50.61422
16	8	50.64151
16	8	50.65844
16	8	50.67797
16	9	50.69977
16	9	50.72195
16	9	50.7445
16	9	50.76953
16	9	50.79983
16	10	50.81589
16	10	50.83322
16	10	50.85625
16	10	50.87091
16	10	50.88835
16	10	50.90169
16	10	50.91475
16	10	50.92756
16	11	50.9503
16	11	50.96552
16	11	50.97774
16	11	50.98991
16	11	51.0018
16	11	51.01328
16	11	51.02573
16	11	51.03733
16	11	51.04926
17	11	51.06131
17	11	51.07384
17	11	51.08615
17	11	51.10352
17	11	51.11615
17	11	51.12888
17	11	51.14072
17	11	51.15331
17	11	51.16503
17	11	51.17688
18	11	51.18883
18	11	51.20095
18	11	51.21407
18	11	51.23552
18	11	51.25863
18	11	51.28656
18	11	51.30344
19	11	51.32534
19	11	51.34735
19	11	51.37013
19	11	51.39197
19	11	51.41518
19	12	51.44245
19	12	51.46054
19	12	51.4848
19	12	51.5066
19	12	51.52708
19	12	51.54873
19	13	51.57135
19	13	51.60331
19	13	51.62061
19	13	51.63973
19	13	51.6618
19	14	51.68385
19	14	51.69785
19	14	51.71359
19	14	51.73532
19	14	51.75804
19	14	51.77371
19	14	51.78577
19	15	51.79914
19	15	51.81092
19	15	51.82354
19	15	51.83896
19	15	51.85464
19	15	51.86686
19	15	51.87867
19	15	51.89108
19	15	51.91394
19	16	51.92913
19	16	51.94224
19	16	51.95937
19	16	51.9742
19	16	51.98664
19	16	51.99934
19	16	52.01157
19	16	52.0232
19	16	52.03525
19	17	52.05061
19	17	52.07909
19	17	52.09578
19	17	52.10873
19	17	52.12227
19	17	52.13657
19	17	52.15236
19	18	52.17435
19	18	52.19778
19	18	52.22421
19	18	52.25286
19	18	52.271
19	19	52.28655
19	19	52.30777
19	19	52.33044
19	19	52.35464
19	19	52.37783
19	20	52.40908
19	20	52.42545
19	20	52.44217
19	20	52.46676
19	20	52.48948
19	20	52.50916
20	20	52.53178
20	20	52.56269
20	20	52.57984
20	20	52.59763
20	20	52.60954
20	20	52.62214
20	20	52.6339
20	20	52.64769
19	20	52.66322
19	20	52.67775
19	20	52.69205
19	20	52.71881
19	20	52.73676
19	20	52.74954
19	20	52.76163
18	20	52.77278
18	20	52.78474
18	20	52.79827
18	20	52.81378
18	20	52.82894
18	20	52.84062
18	20	52.85294
18	20	52.87572
18	20	52.89104
17	20	52.90315
17	20	52.92012
17	20	52.9327
17	20	52.94798
17	20	52.96874
17	20	52.98918
17	20	53.01133
18	20	53.04254
18	20	53.05967
18	20	53.07887
18	20	53.10092
18	20	53.1231
19	20	53.1469
19	20	53.1683
19	20	53.19606
19	20	53.21348
19	20	53.23455
19	20	53.25886
20	20	53.28043
20	20	53.30275
20	20	53.32549
20	20	53.35394
20	20	53.37037
21	20	53.39216
21	20	53.4149
21	20	53.42968
21	20	53.44806
21	20	53.46434
21	20	53.4776
21	20	53.49865
22	20	53.51481
22	20	53.52736
22	20	53.53892
22	20	53.55165
22	20	53.56309
22	20	53.57441
22	20	53.58904
22	20	53.60102
22	20	53.61295
22	20	53.625
22	20	53.63763
22	20	53.65559
22	20	53.66788
22	20	53.6796
22	20	53.69168
22	20	53.70322
22	20	53.71595
22	20	53.72831
22	20	53.74015
22	20	53.75154
22	20	53.76276
22	20	53.78245
21	20	53.8046
21	20	53.83254
21	20	53.85051
21	20	53.87233
21	20	53.89605
21	20	53.9178
20	20	53.9399
20	20	53.967
20	20	53.99331
20	20	54.00984
20	20	54.03039
19	20	54.05238
19	20	54.07557
19	20	54.09744
19	20	54.11456
19	20	54.13674
19	20	54.16455
18	20	54.18106
18	20	54.20329
18	20	54.22536
18	20	54.25249
18	20	54.26494
18	20	54.27832
18	20	54.29078
17	20	54.3085
17	20	54.32144
17	20	54.33366
17	20	54.34737
17	20	54.3614
17	20	54.37463
17	20	54.389
17	20	54.40395
16	20	54.41745
16	20	54.43568
16	20	54.44872
16	20	54.47378
16	20	54.48978
16	20	54.50267
16	20	54.51507
16	20	54.5268
16	21	54.5389
16	21	54.55071
16	21	54.56319
16	21	54.57987
16	21	54.59599
16	21	54.60818
16	21	54.62956
16	21	54.64379
16	21	54.65602
16	22	54.67515
16	22	54.69896
16	22	54.72277
16	22	54.7459
16	22	54.76629
16	23	54.79838
16	23	54.81544
16	23	54.83551
16	23	54.85538
16	23	54.87729
16	23	54.89982
17	23	54.92196
17	23	54.95397
17	23	54.97113
17	23	54.98883
17	23	55.01176
18	23	55.03382
18	23	55.05628
18	23	55.07907
18	23	55.11051
18	23	55.12666
18	23	55.13899
19	23	55.15184
19	23	55.16463
19	23	55.17738
19	23	55.19239
19	23	55.20798
19	23	55.22045
19	23	55.23267
19	23	55.25389
19	23	55.26971
19	24	55.28147
19	24	55.29301
19	24	55.30555
19	24	55.32093
19	24	55.33651
19	24	55.34784
19	24	55.35984
19	24	55.37231
19	24	55.38437
19	25	55.40712
19	25	55.42759
19	25	55.44175
19	25	55.45333
19	25	55.46971
19	25	55.49195
19	26	55.51605
19	26	55.53759
19	26	55.56809
19	26	55.58635
19	26	55.6036
19	26	55.62555
19	25	55.64797
19	25	55.67002
19	25	55.69276
19	25	55.72029
19	25	55.73777
19	25	55.75972
19	24	55.7821
19	24	55.8059
19	24	55.82673
19	24	55.84986
19	24	55.87579
19	23	55.89338
19	23	55.9161
19	23	55.93843
19	23	55.94949
19	23	55.96181
19	23	55.97365
19	23	55.98697
19	23	56.00114
19	23	56.02275
19	23	56.03593
19	23	56.0489
19	23	56.0638
19	23	56.07857
19	23	56.09512
19	23	56.10928
19	23	56.12246
19	23	56.13483
19	23	56.14882
18	23	56.16273
18	23	56.18243
18	23	56.19541
18	23	56.20647
18	23	56.21856
18	23	56.23023
18	23	56.24162
18	23	56.2533
18	23	56.2651
17	23	56.27615
17	23	56.28766
17	23	56.30651
17	23	56.32855
17	23	56.35743
17	23	56.37355
16	23	56.39629
16	23	56.4192
16	23	56.44205
16	23	56.46299
16	23	56.48618
16	23	56.51352
16	22	56.53041
16	22	56.55326
16	22	56.57515
16	22	56.59748
16	22	56.61972
16	21	56.64226
16	21	56.67057
16	21	56.68678
16	21	56.70977
16	21	56.7323
16	21	56.75429
16	20	56.7766
16	20	56.78975
16	20	56.80301
16	20	56.82314
16	20	56.83651
16	20	56.8506
16	20	56.86452
16	20	56.87736
16	20	56.89009
16	20	56.90347
16	20	56.91737
16	20	56.93008
16	20	56.94324
16	20	56.95603
16	20	56.97397
16	20	56.98632
16	20	56.99815
15	20	57.00983
15	20	57.02178
15	20	57.03426
15	20	57.05061
15	20	57.06686
15	20	57.07867
15	20	57.09089
15	20	57.1021
15	20	57.1135
14	20	57.1422
14	20	57.1593
14	20	57.18038
14	20	57.20084
14	20	57.22301
14	20	57.24505
13	20	57.26818
13	20	57.29934
13	20	57.31596
13	20	57.33507
13	20	57.35719
12	20	57.38039
12	20	57.40206
12	20	57.42468
12	20	57.4548
12	20	57.47292
12	20	57.49057
11	20	57.51245
11	20	57.53564
11	20	57.56054
11	20	57.58447
11	20	57.6126
10	20	57.62861
10	20	57.64128
10	20	57.65752
10	20	57.67132
10	20	57.68309
10	20	57.69539
10	20	57.70787
10	20	57.71991
10	20	57.73138
9	20	57.74388
9	20	57.76603
9	20	57.78472
9	20	57.80194
9	20	57.81466
9	20	57.82761
9	20	57.84079
9	20	57.85277
8	20	57.86416
8	20	57.87648
8	20	57.88939
8	20	57.90444
8	20	57.92999
8	20	57.94487
8	20	57.9614
8	20	57.97325
7	20	57.98405
7	20	58.00441
7	20	58.02743
7	20	58.05228
7	20	58.07422
7	20	58.1022
7	21	58.11996
7	21	58.13871
7	21	58.16329
7	21	58.18641
7	21	58.20589
7	22	58.22879
7	22	58.26061
7	22	58.27755
7	22	58.29841
7	22	58.3181
7	22	58.33999
7	23	58.3626
7	23	58.38526
7	23	58.41597
7	23	58.43554
7	23	58.45306
7	23	58.46674
7	24	58.48781
7	24	58.50234
7	24	58.51886
7	24	58.53754
7	24	58.5614
7	24	58.57784
7	24	58.59194
7	25	58.60479
7	25	58.61846
7	25	58.6356
7	25	58.65358
7	25	58.66697
7	25	58.67907
7	25	58.69174
7	25	58.71292
7	26	58.72794
7	26	58.74059
7	26	58.75607
7	26	58.77114
7	26	58.78333
7	26	58.7948
7	26	58.80741
7	26	58.82041
7	26	58.83212
7	27	58.84329
7	27	58.86382
7	27	58.88054
7	27	58.90257
7	27	58.92155
7	27	58.94208
7	28	58.96428
7	28	58.9878
7	28	59.01065
7	28	59.04075
7	28	59.05851
7	28	59.07734
7	29	59.09959
7	29	59.12234
7	29	59.14651
7	29	59.16945
7	29	59.19811
7	30	59.21583
7	30	59.23404
7	30	59.2584
7	30	59.28587
7	30	59.30067
7	30	59.32299
8	30	59.34409
8	30	59.36027
8	30	59.37601
8	30	59.38841
8	30	59.40056
8	30	59.41198
8	30	59.42433
8	30	59.43633
8	30	59.44865
9	30	59.46192
9	30	59.47739
9	30	59.50506
9	30	59.52269
9	30	59.53526
9	30	59.54789
9	30	59.56155
10	30	59.57409
10	30	59.58685
10	30	59.59901
10	30	59.61419
10	30	59.63074
10	30	59.6532
10	30	59.66868
10	30	59.68046
10	30	59.69272
11	30	59.70404
11	30	59.71534
11	30	59.73577
11	30	59.76071
11	30	59.78467
11	30	59.81179
12	30	59.83135
12	30	59.84828
12	30	59.87347
12	30	59.89528
12	30	59.91483
13	30	59.9381
13	30	59.96802
13	30	59.98513
13	30	60.00609
13	30	60.0262
13	30	60.04842
13	29	60.07072
13	29	60.09462
13	29	60.12727
13	29	60.14519
13	29	60.16114
13	29	60.17362
13	28	60.18536
13	28	60.19673
13	28	60.22525
13	28	60.24138
13	28	60.2581
13	28	60.27965
13	28	60.2948
13	27	60.30703
13	27	60.3192
13	27	60.33134
13	27	60.34714
13	27	60.36278
13	27	60.3749
13	27	60.38702
13	27	60.39896
13	27	60.41227
13	26	60.43434
13	26	60.44979
13	26	60.46244
13	26	60.48426
13	26	60.50206
13	26	60.51691
13	26	60.52941
13	26	60.54162
13	26	60.55298
13	26	60.56446
13	26	60.59555
13	26	60.61027
13	26	60.63054
13	26	60.65285
12	26	60.67455
12	26	60.69651
12	26	60.72157
12	26	60.75239
12	26	60.76961
12	26	60.78774
11	26	60.80849
11	26	60.83126
11	26	60.85645
11	26	60.87838
11	26	60.90678
10	26	60.92352
10	26	60.94234
10	26	60.96478
10	26	60.98975
10	26	61.01202
10	26	61.02485
10	26	61.03654
9	26	61.05852
9	26	61.07444
9	26	61.08971
9	26	61.10156
9	26	61.11308
9	26	61.12488
9	26	61.1363
9	26	61.14743
9	26	61.15963
8	26	61.1712
8	26	61.18557
8	26	61.20021
8	26	61.22568
8	26	61.24368
8	26	61.25727
8	26	61.26966
8	26	61.28174
7	26	61.29353
7	26	61.30529
7	26	61.31736
7	26	61.32911
7	26	61.34111
7	26	61.35282
7	26	61.37036
7	26	61.38118
7	26	61.39172
6	26	61.41035
6	26	61.43305
6	26	61.45581
6	26	61.48117
6	26	61.5034
5	26	61.53224
5	26	61.54895
5	26	61.56787
5	26	61.59341
5	26	61.61465
5	26	61.63558
4	26	61.65764
4	26	61.68843
4	26	61.70584
4	26	61.72707
4	26	61.74713
4	26	61.76834
5	26	61.7916
5	26	61.81417
5	26	61.84722
5	26	61.86449
5	26	61.8781
5	26	61.89022
6	26	61.90165
6	26	61.91271
6	26	61.92473
6	26	61.93679
6	26	61.94891
6	26	61.96112
6	26	61.97326
6	26	61.9914
6	26	62.00337
6	26	62.01457
7	26	62.02782
7	26	62.03948
7	26	62.05168
7	26	62.06547
7	26	62.07705
7	26	62.08811
7	26	62.09941
7	26	62.11057
7	26	62.12277
7	26	62.13455
7	27	62.15279
7	27	62.16476
7	27	62.17601
7	27	62.18803
7	27	62.19887
7	27	62.21046
7	27	62.22242
7	27	62.23413
7	27	62.24712
7	28	62.26031
7	28	62.2823
7	28	62.30504
7	28	62.33198
7	28	62.35055
7	28	62.37337
7	29	62.39457
7	29	62.4174
7	29	62.4395
7	29	62.46191
7	29	62.4909
7	30	62.50702
7	30	62.53048
7	30	62.55256
7	30	62.57273
7	30	62.59524
7	30	62.61808
7	30	62.64436
7	30	62.66177
6	30	62.6844
6	30	62.70679
6	30	62.7296
6	30	62.74538
6	30	62.76155
6	30	62.77409
6	30	62.79486
5	30	62.81028
5	30	62.82386
5	30	62.83606
5	30	62.85258
5	30	62.86752
5	30	62.88028
5	30	62.89222
5	30	62.90364
5	30	62.91594
4	30	62.93243
4	30	62.95527
4	30	62.97033
4	30	62.98555
4	30	62.99764
4	30	63.00938
4	30	63.02189
4	30	63.0329
4	30	63.04537
3	30	63.05737
3	30	63.06844
3	30	63.08028
3	30	63.09674
3	30	63.11802
3	30	63.13287
3	30	63.14419
3	30	63.16437
2	30	63.1879
2	30	63.21026
2	30	63.23647
2	30	63.26183
2	30	63.28854
2	30	63.30724
2	30	63.32126
2	30	63.343
2	30	63.3657
2	30	63.38902
2	30	63.41051
2	30	63.43326
2	30	63.46218
2	30	63.47805
3	30	63.50011
3	30	63.52338
3	30	63.54586
3	30	63.56704
3	30	63.59071
3	30	63.61062
4	30	63.62371
4	30	63.63586
4	30	63.64783
4	30	63.66099
4	30	63.6742
4	30	63.68672
4	30	63.69947
4	30	63.71233
4	30	63.72623
5	30	63.73777
5	30	63.74994
5	30	63.76778
5	30	63.7788
5	30	63.79067
5	30	63.80338
5	30	63.81528
5	30	63.82759
5	30	63.83944
5	30	63.85207
6	30	63.86434
6	30	63.87616
6	30	63.88788
6	30	63.89912
6	30	63.91137
6	30	63.92839
6	30	63.93989
6	30	63.95036
6	30	63.97029
7	30	63.99241
7	30	64.01503
7	30	64.03604
7	30	64.05872
7	30	64.0811
6	29	64.10862
6	29	64.13055
6	29	64.14774
6	29	64.17045
6	29	64.19169
6	29	64.21451
6	28	64.23842
6	28	64.2664
6	28	64.2821
6	28	64.3044
6	28	64.32673
6	28	64.34869
6	27	64.37177
6	27	64.39373
6	27	64.42255
6	27	64.43391
6	27	64.44583
6	27	64.45841
6	26	64.47173
6	26	64.48386
6	26	64.49581
6	26	64.50742
6	26	64.51899
6	26	64.53006
6	26	64.54179
6	26	64.55566
6	26	64.58115
6	25	64.59493
6	25	64.60806
6	25	64.62102
6	25	64.6332
6	25	64.64444
6	25	64.65601
6	25	64.66737
6	25	64.67846
6	25	64.6906
6	25	64.70164
6	25	64.7128
6	24	64.73074
6	24	64.74222
6	24	64.75372
6	24	64.76558
6	24	64.77747
6	24	64.79581
6	24	64.81795
6	23	64.84051
6	23	64.86308
6	23	64.89118
6	23	64.90742
6	23	64.9296
6	23	64.9519
5	23	64.9739
5	23	64.99756
5	23	65.02296
5	23	65.05056
5	23	65.06711
5	23	65.08601
5	23	65.1087
5	23	65.13065
5	23	65.15785
5	23	65.18006
4	23	65.20752
4	23	65.22703
4	23	65.24348
4	23	65.26816
4	23	65.28614
4	23	65.29918
4	23	65.3127
4	23	65.32635
3	23	65.34017
3	23	65.36513
3	23	65.38097
3	23	65.39212
3	23	65.40881
3	23	65.42086
3	23	65.43289
3	23	65.44477
2	23	65.45673
2	23	65.46806
2	23	65.48153
2	23	65.4976
2	23	65.51949
2	23	65.53417
2	23	65.54583
2	23	65.55811
2	23	65.56988
2	23	65.58161
2	23	65.59501
2	23	65.60646
2	24	65.61769
2	24	65.6292
2	24	65.64507
2	24	65.67525
2	24	65.69919
2	24	65.71555
2	24	65.73376
2	25	65.75665
2	25	65.7785
2	25	65.80361
2	25	65.8279
2	25	65.85489
2	26	65.87094
2	26	65.89099
2	26	65.91307
2	26	65.93833
2	26	65.96093
2	26	65.98055
2	27	66.01111
2	27	66.02974
2	27	66.04947
2	27	66.06879
2	27	66.092
2	27	66.104
2	28	66.11761
2	28	66.13374
2	28	66.15877
2	28	66.17632
2	28	66.19048
2	28	66.20305
2	28	66.21599
2	29	66.23156
2	29	66.24667
2	29	66.26245
2	29	66.27963
2	29	66.29688
2	29	66.31924
2	29	66.33459
2	29	66.34702
2	30	66.35857
2	30	66.37
2	30	66.38113
2	30	66.39327
2	30	66.40498
2	30	66.41653
2	30	66.42933
2	30	66.44128
2	30	66.45277
2	30	66.46951
2	29	66.48324
2	29	66.50478
2	29	66.52696
2	29	66.54948
2	29	66.57152
2	28	66.59507
2	28	66.61692
2	28	66.64384
2	28	66.66115
2	28	66.68362
2	28	66.7056
2	27	66.72812
2	27	66.75063
2	27	66.77346
2	27	66.80022
2	27	66.818
2	26	66.83983
2	26	66.86195
2	26	66.8853
2	26	66.90819
2	26	66.93055
2	26	66.95717
2	25	66.96706
2	25	66.97832
2	25	66.98995
2	25	67.00117
2	25	67.01248
2	25	67.02441
2	25	67.03539
2	25	67.04758
2	25	67.06001
2	25	67.07177
2	24	67.08363
2	24	67.10145
2	24	67.11373
2	24	67.12513
2	24	67.13692
2	24	67.14821
2	24	67.15958
2	24	67.17133
2	24	67.1837
2	24	67.19601
2	23	67.20743
2	23	67.21853
2	23	67.23045
2	23	67.24272
2	23	67.26033
2	23	67.2723
2	23	67.28455
2	23	67.29632
2	23	67.30931
2	23	67.32121
2	23	67.33218
2	23	67.34393
2	23	67.35513
2	23	67.36693
2	23	67.378
2	23	67.38989
2	23	67.40265
3	23	67.42912
3	23	67.44466
3	23	67.46637
3	23	67.4885
3	23	67.50977
3	23	67.53154
4	23	67.55507
4	23	67.5822
4	23	67.5996
4	23	67.6217
4	23	67.64396
5	23	67.66596
5	23	67.68821
5	23	67.71124
5	23	67.73796
5	23	67.75561
5	23	67.77793
5	23	67.80051
5	23	67.82331
5	23	67.84505
5	23	67.87464
5	23	67.89916
6	23	67.91202
6	23	67.92505
6	23	67.93822
6	23	67.95107
6	23	67.96402
6	23	67.97604
6	23	67.98844
6	23	68.0006
6	23	68.01288
6	23	68.02541
6	24	68.04577
6	24	68.06049
6	24	68.07439
6	24	68.08817
6	24	68.101
6	24	68.11256
6	24	68.12453
6	24	68.13564
6	24	68.14768
6	25	68.15964
6	25	68.17112
6	25	68.18341
6	25	68.20096
6	25	68.21204
6	25	68.22434
6	25	68.23527
6	25	68.24738
6	25	68.2697
6	26	68.29223
6	26	68.31487
6	26	68.33582
6	26	68.36419
6	26	68.38107
6	27	68.40292
6	27	68.42595
6	27	68.44727
6	27	68.47034
6	27	68.49255
6	28	68.52032
6	28	68.5374
6	28	68.56056
6	28	68.58473
6	28	68.60643
6	28	68.62992
6	29	68.65018
6	29	68.67728
6	29	68.69366
6	29	68.71626
6	29	68.72768
6	29	68.73915
6	29	68.75056
6	30	68.7626
6	30	68.77404
6	30	68.78536
6	30	68.79671
6	30	68.80997
6	30	68.82843
6	30	68.84007
6	30	68.85306
6	30	68.86473
6	30	68.87629
7	30	68.8884
7	30	68.90028
7	30	68.91174
7	30	68.92371
7	30	68.93495
7	30	68.94681
7	30	68.95854
7	30	68.97052
7	30	68.98741
7	30	68.99982
8	30	69.01732
8	30	69.03007
8	30	69.04156
8	30	69.05353
8	30	69.06544
8	30	69.07709
8	30	69.08872
8	30	69.09978
8	30	69.11037
9	30	69.12962
9	30	69.15817
9	30	69.17431
9	30	69.19611
9	30	69.21858
9	30	69.24112
10	30	69.26304
10	30	69.28623
10	30	69.31446
10	30	69.33098
10	30	69.35285
11	30	69.37518
11	30	69.39738
11	30	69.4209
11	30	69.44277
11	30	69.47165
11	30	69.48743
12	30	69.5098
12	30	69.53143
12	30	69.55424
12	30	69.576
12	30	69.59988
12	29	69.61921
12	29	69.63254
12	29	69.64488
12	29	69.65807
12	29	69.67062
12	29	69.68324
12	29	69.69626
12	29	69.70853
12	29	69.72063
12	29	69.73416
12	28	69.74664
12	28	69.75978
12	28	69.77982
12	28	69.79418
12	28	69.80874
12	28	69.82159
12	28	69.83452
12	28	69.84733
12	28	69.85986
12	27	69.87116
12	27	69.88435
12	27	69.89728
12	27	69.90845
12	27	69.9201
12	27	69.93788
12	27	69.94917
12	27	69.96139
12	27	69.97876
12	26	70.00054
12	26	70.02254
12	26	70.04536
12	26	70.0675
12	26	70.09052
12	26	70.11877
12	26	70.1347
12	26	70.15714
11	26	70.18008
11	26	70.20298
11	26	70.22626
11	26	70.24818
11	26	70.27506
11	26	70.29161
10	26	70.31973
10	26	70.3371
10	26	70.35896
10	26	70.38098
10	26	70.40257
9	26	70.43073
9	26	70.44189
9	26	70.45461
9	26	70.46667
9	26	70.48005
9	26	70.49187
9	26	70.50373
9	26	70.51552
9	26	70.52798
9	25	70.53949
9	25	70.55183
9	25	70.56538
9	25	70.58811
9	25	70.60322
9	25	70.61459
9	25	70.62654
9	25	70.6378
9	25	70.65057
9	24	70.66645
9	24	70.68214
9	24	70.69601
9	24	70.71168
9	24	70.72762
9	24	70.74939
9	24	70.76449
9	24	70.77565
9	23	70.7869
9	23	70.79939
9	23	70.81236
9	23	70.82777
9	23	70.84208
9	23	70.85316
9	23	70.86475
9	23	70.88381
9	23	70.91377
9	23	70.9314
9	23	70.9501
10	23	70.97256
10	23	70.99518
10	23	71.0178
10	23	71.04279
10	23	71.0723
10	23	71.08909
11	23	71.10667
11	23	71.1293
11	23	71.15372
11	23	71.17567
11	23	71.19699
12	23	71.22736
12	23	71.24569
12	23	71.26666
12	23	71.2868
12	23	71.30842
12	23	71.3203
12	23	71.33369
12	22	71.34682
12	22	71.36016
12	22	71.38602
12	22	71.4031
12	22	71.41557
12	22	71.42961
12	22	71.44105
12	22	71.45377
12	21	71.46816
12	21	71.48129
12	21	71.49564
12	21	71.52186
12	21	71.54809
12	21	71.56535
12	21	71.57826
12	20	71.59081
12	20	71.60331
12	20	71.61469
12	20	71.62606
12	20	71.63792
12	20	71.65051
12	20	71.66219
12	20	71.67359
12	20	71.69101
12	20	71.70198
12	20	71.7128
12	20	71.73136
12	20	71.75314
12	20	71.77579
12	20	71.79859
12	20	71.82085
12	20	71.84441
11	20	71.87071
11	20	71.88878
11	20	71.91057
11	20	71.93286
11	20	71.95518
11	20	71.97794
10	20	72
10	20	72.02812
10	20	72.04448
10	20	72.06629
10	20	72.08969
9	20	72.11221
9	20	72.1335
9	20	72.15717
9	20	72.18362
9	20	72.19556
9	20	72.2066
9	20	72.21795
8	20	72.22894
8	20	72.24084
8	20	72.25349
8	20	72.26642
8	20	72.27884
8	20	72.29221
8	20	72.30389
8	20	72.3159
8	20	72.33408
8	20	72.34597
7	20	72.35798
7	20	72.37154
7	20	72.38542
7	20	72.39887
7	20	72.41217
7	20	72.42495
7	20	72.43837
7	20	72.4511
7	20	72.46278
6	20	72.47525
6	20	72.49436
6	20	72.50698
6	20	72.51895
6	20	72.53092
6	20	72.54194
6	20	72.55423
6	20	72.56558
6	20	72.57633
6	20	72.58801
6	19	72.59854
6	19	72.61465
6	19	72.63744
6	19	72.66846
6	19	72.6916
6	19	72.70699
6	18	72.72583
6	18	72.74797
6	18	72.77056
6	18	72.79507
6	18	72.82439
6	17	72.84103
6	17	72.86012
6	17	72.88266
6	17	72.9075
6	17	72.93086
6	17	72.95045
6	16	72.98542
6	16	73.00438
6	16	73.02052
6	16	73.03969
6	16	73.06157
6	15	73.08411
6	15	73.09648
6	15	73.10899
6	15	73.13351
6	15	73.15182
6	15	73.16719
6	15	73.18063
6	15	73.19291
6	15	73.20412
6	14	73.21712
6	14	73.22996
6	14	73.2458
6	14	73.26156
6	14	73.28338
6	14	73.2988
6	14	73.31005
6	14	73.3223
6	13	73.33323
6	13	73.34521
6	13	73.35703
6	13	73.37341
6	13	73.38885
6	13	73.40031
6	13	73.41278
6	13	73.43418
6	12	73.44909
6	12	73.46082
6	12	73.47504
6	12	73.5006
6	12	73.52306
6	12	73.5411
6	12	73.56427
6	11	73.59586
6	11	73.61313
6	11	73.63334
6	11	73.65379
6	11	73.67571
7	11	73.69814
7	11	73.72083
7	11	73.75314
7	11	73.76961
7	11	73.78747
7	11	73.80923
8	11	73.83212
8	11	73.85388
8	11	73.87953
8	11	73.90791
8	11	73.92448
8	11	73.93673
9	11	73.94842
9	11	73.95999
9	11	73.97327
9	11	73.98893
9	11	74.0091
9	11	74.02127
9	11	74.03313
9	11	74.05597
10	11	74.0728
10	11	74.08699
10	11	74.10226
10	11	74.11684
10	11	74.12895
10	11	74.14029
10	11	74.15228
10	11	74.16381
10	11	74.17652
11	11	74.18893
11	11	74.2101
11	11	74.22558
11	11	74.24108
11	11	74.25375
11	11	74.26505
11	11	74.27586
11	11	74.28959
12	11	74.31135
12	11	74.33429
12	11	74.35708
12	11	74.39057
12	11	74.40554
12	11	74.42405
13	11	74.44667
13	11	74.46878
13	11	74.49138
13	11	74.51345
13	11	74.54034
14	11	74.55795
14	11	74.58011
14	11	74.60193
14	11	74.6249
14	11	74.64747
15	11	74.67155
15	11	74.69991
15	11	74.71771
15	11	74.73784
15	11	74.7597
15	11	74.77085
15	11	74.78368
16	11	74.79751
16	11	74.80932
16	11	74.8235
16	11	74.84312
16	11	74.8566
16	11	74.86935
16	11	74.88197
16	11	74.8934
16	11	74.90531
17	11	74.91719
17	11	74.92894
17	11	74.94051
17	11	74.9518
17	11	74.96363
17	11	74.97559
17	11	74.99383
17	11	75.00559
17	11	75.01688
17	11	75.02943
16	11	75.04128
16	11	75.05296
16	11	75.0646
16	11	75.07616
16	11	75.08839
16	11	75.10074
16	11	75.11208
16	11	75.12328
16	11	75.13547
16	11	75.15903
15	11	75.1708
15	11	75.18211
15	11	75.19476
15	11	75.21694
15	11	75.23925
15	11	75.26122
14	11	75.28359
14	11	75.30656
14	11	75.33418
14	11	75.35062
14	11	75.37344
14	11	75.39634
13	11	75.41837
13	11	75.44009
13	11	75.46399
13	11	75.49148
13	11	75.50688
12	11	75.52958
12	11	75.5519
12	11	75.57388
12	11	75.59708
12	11	75.61893
11	11	75.64951
11	11	75.66373
11	11	75.67748
11	11	75.69138
11	11	75.70511
11	11	75.71748
11	11	75.72987
11	11	75.74176
11	11	75.75414
11	11	75.76579
10	11	75.7772
10	11	75.79461
10	11	75.80734
10	11	75.81934
10	11	75.83122
10	11	75.84362
10	11	75.85525
10	11	75.86652
10	11	75.87914
10	11	75.89053
9	11	75.90196
9	11	75.91334
9	11	75.9259
9	11	75.93849
9	11	75.95687
9	11	75.96814
9	11	75.97919
9	11	75.99139
9	11	76.00352
9	11	76.01431
9	12	76.02514
9	12	76.04332
9	12	76.06584
9	12	76.09165
9	12	76.11917
9	12	76.1362
9	13	76.15511
9	13	76.17696
9	13	76.20262
9	13	76.22447
9	13	76.24475
9	14	76.27758
9	14	76.29585
9	14	76.31622
9	14	76.33459
9	14	76.35675
9	14	76.37753
10	14	76.40356
10	14	76.43392
10	14	76.44985
10	14	76.46899
10	14	76.49019
11	14	76.51328
11	14	76.52541
11	14	76.53899
11	14	76.55679
11	14	76.58297
11	14	76.60154
11	14	76.61471
12	14	76.6272
12	14	76.63913
12	14	76.65108
12	14	76.66622
12	14	76.6803
12	14	76.6924
12	14	76.70428
12	14	76.71619
12	14	76.74022
13	14	76.75937
13	14	76.77161
13	14	76.7838
13	14	76.80006
13	14	76.81718
13	14	76.83014
13	14	76.84349
13	14	76.85608
13	14	76.86839
14	14	76.88949
14	14	76.90414
14	14	76.91974
14	14	76.93053
14	14	76.94178
14	14	76.95916
14	14	76.98129
15	14	77.00322
15	14	77.02653
15	14	77.05846
15	14	77.07425
15	14	77.09351
16	14	77.11613
16	14	77.13813
16	14	77.16035
16	14	77.18664
16	14	77.21316
16	14	77.23061
17	14	77.24999
17	14	77.27193
17	14	77.29724
17	14	77.31995
17	14	77.33959
16	14	77.37106
16	14	77.38786
16	14	77.40642
16	14	77.41837
16	14	77.42961
16	14	77.44074
16	14	77.45264
16	14	77.46399
16	14	77.47591
15	14	77.48906
15	14	77.50074
15	14	77.52207
15	14	77.53546
15	14	77.54929
15	14	77.56135
15	14	77.57315
15	14	77.58708
15	14	77.6001
14	14	77.61863
14	14	77.63121
14	14	77.6431
14	14	77.65688
14	14	77.67594
14	14	77.68883
14	14	77.70154
14	14	77.71384
13	14	77.72707
13	14	77.74078
13	14	77.7539
13	14	77.76653
13	14	77.77895
13	14	77.79156
13	14	77.80265
13	14	77.81944
13	14	77.84677
12	14	77.86341
12	14	77.88647
12	14	77.90831
12	14	77.93075
12	14	77.95307
11	14	77.977
11	14	78.00639
11	14	78.02122
11	14	78.04292
11	14	78.06517
11	14	78.08772
10	14	78.11014
10	14	78.13198
10	14	78.15955
10	14	78.17629
10	14	78.19864
11	14	78.22089
11	14	78.24353
11	14	78.26621
11	14	78.28819
11	14	78.30763
11	14	78.31911
11	14	78.3299
12	14	78.34082
12	14	78.3513
12	14	78.36306
12	14	78.37428
12	14	78.38573
12	14	78.39792
12	14	78.40901
12	14	78.42136
12	14	78.43389
12	14	78.44557
13	14	78.46408
13	14	78.47662
13	14	78.48838
13	14	78.5005
13	14	78.51237
13	14	78.52406
13	14	78.53571
13	14	78.54947
13	14	78.56293
13	14	78.5759
14	14	78.59035
14	14	78.60435
14	14	78.62392
14	14	78.63496
14	14	78.64596
14	14	78.6579
14	14	78.66947
14	14	78.68048
14	14	78.69209
14	14	78.70428
15	14	78.71565
15	14	78.72775
15	14	78.73862
15	14	78.75044
15	14	78.77166
15	14	78.79192
15	14	78.80358
15	14	78.81458
16	14	78.82666
16	14	78.84
16	14	78.85147
16	14	78.86966
16	14	78.89143
16	14	78.91429
16	14	78.93674
15	14	78.9631
15	14	78.98136
15	14	79.00327
15	14	79.02547
15	14	79.04755
15	14	79.07061
14	14	79.09441
14	14	79.12328
14	14	79.13819
14	14	79.16026
14	14	79.18225
13	14	79.20457
13	14	79.22704
13	14	79.25024
13	14	79.27709
13	14	79.2938
12	14	79.31641
12	14	79.33871
12	14	79.35061
12	14	79.36234
12	14	79.37392
12	14	79.38554
12	14	79.39655
12	14	79.40793
12	14	79.42662
11	14	79.43868
11	14	79.45151
11	14	79.4631
11	14	79.47685
11	14	79.48897
11	14	79.50013
11	14	79.51172
11	14	79.52352
11	14	79.53558
11	14	79.54688
11	14	79.55872
10	14	79.57542
10	14	79.59074
10	14	79.602
10	14	79.61382
10	14	79.62573
10	14	79.63687
10	14	79.64902
10	14	79.66133
10	14	79.67578
9	14	79.68934
9	14	79.70081
9	14	79.71877
9	14	79.74544
9	14	79.76255
9	14	79.78667
9	14	79.8075
9	14	79.82982
9	14	79.85304
9	14	79.87481
9	14	79.90256
9	14	79.91965
9	14	79.94128
9	14	79.963
9	15	79.98602
9	15	80.00805
9	15	80.03694
9	15	80.06233
9	15	80.08009
9	15	80.09798
9	16	80.12067
9	16	80.14256
9	16	80.16936
9	16	80.19294
9	16	80.21735
9	17	80.23425
9	17	80.24642
9	17	80.26076
9	17	80.27737
9	17	80.2938
9	17	80.30666
9	17	80.31977
9	17	80.33175
9	17	80.34471
9	18	80.3679
9	18	80.38507
9	18	80.40118
9	18	80.41289
9	18	80.42435
9	18	80.43541
9	18	80.44721
9	18	80.46162
9	19	80.4734
9	19	80.48544
9	19	80.49812
9	19	80.52036
9	19	80.53573
9	19	80.5469
9	19	80.55815
9	19	80.56998
9	19	80.59017
9	20	80.61102
9	20	80.63393
9	20	80.65679
9	20	80.68365
9	20	80.70078
9	20	80.72321
9	20	80.74532
9	20	80.76817
9	20	80.79387
9	20	80.813
9	20	80.84126
9	20	80.86024
9	20	80.88084
9	20	80.90279
9	20	80.92407
9	20	80.94617
9	20	80.96927
8	20	80.99648
8	20	81.01377
8	20	81.0362
8	20	81.04787
8	20	81.05956
8	20	81.07133
8	20	81.08353
8	20	81.09421
7	20	81.10583
7	20	81.11703
7	20	81.12848
7	20	81.14682
7	20	81.15881
7	20	81.17042
7	20	81.18166
7	20	81.19305
7	20	81.20533
7	20	81.2186
6	20	81.2308
6	20	81.24236
6	20	81.25881
6	20	81.27006
6	20	81.28188
6	20	81.29987
6	20	81.31238
6	20	81.32599
6	20	81.33893
6	20	81.35277
6	20	81.36434
6	20	81.37521
6	20	81.38676
6	20	81.39815
6	20	81.41019
6	20	81.42278
6	20	81.43443
6	20	81.45209
6	20	81.46402
6	19	81.47699
6	19	81.48975
6	19	81.50038
6	19	81.51057
6	19	81.52711
6	19	81.54931
6	19	81.5719
6	18	81.59499
6	18	81.62314
6	18	81.64059
6	18	81.66131
6	18	81.68385
6	18	81.70608
6	17	81.72882
6	17	81.75188
6	17	81.77937
6	17	81.79615
6	17	81.81771
6	16	81.84041
6	16	81.86258
6	16	81.885
6	16	81.90679
6	16	81.93629
6	16	81.95357
6	15	81.97433
6	15	81.99664
6	15	82.00877
6	15	82.02047
6	15	82.0315
6	15	82.04336
6	15	82.05527
6	15	82.06664
6	14	82.08445
6	14	82.0964
6	14	82.10831
6	14	82.12025
6	14	82.13287
6	14	82.14417
6	14	82.1558
6	14	82.1679
6	14	82.17915
6	14	82.19099
6	14	82.20242
6	13	82.21325
6	13	82.22607
6	13	82.2445
6	13	82.25697
6	13	82.26831
6	13	82.28025
6	13	82.29275
6	13	82.30389
6	13	82.31467
6	12	82.32673
6	12	82.33904
6	12	82.35106
6	12	82.36309
6	12	82.37977
6	12	82.39822
6	12	82.40977
6	12	82.42094
6	12	82.4324
6	11	82.455
6	11	82.47862
6	11	82.50038
6	11	82.52284
6	11	82.54391
5	11	82.5727
5	11	82.59106
5	11	82.61201
5	11	82.63718
5	11	82.66012
5	11	82.67841
4	11	82.70084
4	11	82.73183
4	11	82.74899
4	11	82.76993
4	11	82.79003
4	11	82.81342
3	11	82.83447
3	11	82.8578
3	11	82.88898
3	11	82.90572
3	11	82.91756
3	11	82.92974
2	11	82.94168
2	11	82.95467
2	11	82.9666
2	11	82.98208
2	11	82.9973
2	11	83.00973
2	11	83.03149
2	11	83.0473
1	11	83.06043
1	11	83.0748
1	11	83.08996
1	11	83.10577
1	11	83.12105
1	11	83.13306
1	11	83.14474
1	11	83.1572
1	11	83.16884
1	11	83.1912
1	11	83.20591
1	11	83.21719
1	11	83.22983
1	11	83.24144
1	11	83.25282
1	11	83.26331
1	11	83.28078
1	10	83.30336
1	10	83.32634
1	10	83.35796
1	10	83.37601
1	10	83.39325
1	9	83.41521
1	9	83.43755
1	9	83.46058
1	9	83.48501
1	9	83.51423
1	8	83.53166
1	8	83.54993
1	8	83.57238
1	8	83.59726
1	8	83.61913
1	8	83.64104
1	8	83.6792
2	8	83.69732
2	8	83.70985
2	8	83.72893
2	8	83.75383
2	8	83.76952
2	8	83.78214
2	8	83.79614
3	8	83.8206
3	8	83.83804
3	8	83.85106
3	8	83.8669
3	8	83.8821
3	8	83.895
3	8	83.90703
3	8	83.91914
3	8	83.93142
3	7	83.94344
3	7	83.9567
3	7	83.97877
3	7	83.99454
3	7	84.00639
3	7	84.01757
3	7	84.02898
3	7	84.04117
3	7	84.05289
3	6	84.06414
3	6	84.07609
3	6	84.09108
3	6	84.10919
3	6	84.13349
3	6	84.15012
3	6	84.16238
3	6	84.17495
3	5	84.1966
3	5	84.21941
3	5	84.24468
3	5	84.26657
3	5	84.29507
3	5	84.31297
3	5	84.33043
3	5	84.35326
3	5	84.37609
3	5	84.39795
3	5	84.42113
3	5	84.44758
3	5	84.46519
3	5	84.48766
3	5	84.50982
3	5	84.53197
3	5	84.55509
3	5	84.57793
3	5	84.6083
3	5	84.62276
3	5	84.63544
3	5	84.6467
3	5	84.65851
3	5	84.67046
3	5	84.6823
3	5	84.69469
3	5	84.70735
3	5	84.71989
3	5	84.73299
3	5	84.75055
3	5	84.76305
3	5	84.77489
3	5	84.78566
3	5	84.79876
3	5	84.81087
3	5	84.82249
3	5	84.83432
3	5	84.84924
3	5	84.86918
3	5	84.88064
3	5	84.89313
3	5	84.91059
3	5	84.92258
3	5	84.93352
3	5	84.94554
3	5	84.96704
3	5	84.98988
3	5	85.0126
3	5	85.0351
2	5	85.05827
2	5	85.08556
2	5	85.10244
2	5	85.12839
2	5	85.14953
2	5	85.16926
1	5	85.19195
1	5	85.2144
1	5	85.24422
1	5	85.26427
1	5	85.28162
1	5	85.30345
1	5	85.32623
1	5	85.34682
1	5	85.36988
1	5	85.39779
1	5	85.41452
1	5	85.4269
1	5	85.438
1	5	85.44995
1	5	85.46088
1	5	85.47304
1	5	85.48431
1	5	85.49697
1	5	85.50828
1	5	85.52092
1	5	85.5382
1	5	85.55023
1	5	85.56398
1	5	85.57677
1	5	85.59131
1	5	85.60264
1	5	85.6143
1	5	85.62636
1	5	85.63773
1	5	85.64955
1	5	85.66239
1	5	85.67465
1	5	85.69323
1	5	85.70533
1	5	85.71677
1	5	85.72959
1	5	85.7411
1	5	85.75246
1	5	85.76397
1	5	85.77563
1	5	85.78652
1	5	85.7992
1	4	85.81227
1	4	85.82433
1	4	85.83759
1	4	85.86301
1	4	85.87981
1	4	85.89397
1	4	85.90631
1	4	85.91887
1	3	85.9389
1	3	85.96169
1	3	85.98771
1	3	86.01616
1	3	86.03346
1	2	86.05196
1	2	86.07417
1	2	86.09655
1	2	86.12204
1	2	86.14378
1	2	86.17168
1	2	86.18877
1	2	86.20731
2	2	86.22987
2	2	86.25275
2	2	86.27498
2	2	86.30223
2	2	86.33115
2	2	86.34725
3	2	86.3652
3	2	86.38837
3	2	86.40639
3	2	86.42586
3	2	86.44006
3	2	86.45464
4	2	86.48175
4	2	86.49919
4	2	86.51295
4	2	86.5288
4	2	86.54369
4	2	86.55605
4	2	86.56779
4	2	86.58131
5	2	86.59509
5	2	86.60696
5	2	86.6288
5	2	86.6444
5	2	86.65619
5	2	86.66792
5	2	86.67949
5	2	86.69118
5	2	86.70262
5	2	86.71436
6	2	86.72561
6	2	86.7371
6	2	86.74956
6	2	86.7624
6	2	86.78316
6	2	86.79859
6	2	86.80976
6	2	86.82204
6	3	86.84412
6	3	86.86631
6	3	86.8913
6	3	86.91155
6	3	86.93388
6	4	86.96413
6	4	86.98017
6	4	87.00238
6	4	87.02397
6	4	87.04645
6	4	87.06801
6	5	87.09066
6	5	87.11764
6	5	87.13476
6	5	87.15755
6	5	87.17934
6	5	87.20207
6	6	87.2244
6	6	87.24625
6	6	87.27475
6	6	87.28553
6	6	87.29762
6	6	87.30864
6	6	87.3198
6	7	87.33747
6	7	87.34927
6	7	87.36137
6	7	87.37312
6	7	87.38456
6	7	87.39697
6	7	87.41416
6	7	87.42667
6	7	87.43846
6	7	87.45195
6	7	87.49825
6	7	87.51268
6	7	87.5247
6	7	87.53606
6	7	87.54816
6	7	87.5659
6	8	87.57827
6	8	87.59233
6	8	87.6042
6	8	87.61847
6	8	87.63286
6	8	87.64872
6	8	87.67055
6	8	87.69322
6	9	87.71645
6	9	87.74747
6	9	87.76449
6	9	87.78342
6	9	87.80525
6	10	87.82808
6	10	87.84955
6	10	87.87262
6	10	87.90348
6	10	87.92085
5	10	87.9394
5	10	87.96143
5	10	87.98381
5	10	88.00572
5	10	88.02881
5	10	88.05551
4	10	88.07323
4	10	88.09516
4	10	88.11877
4	10	88.13251
4	10	88.14507
4	10	88.15754
4	10	88.17005
4	10	88.18145
3	10	88.19942
3	10	88.21092
3	10	88.2235
3	10	88.23484
3	10	88.24668
3	10	88.25894
3	10	88.26974
3	10	88.2804
3	10	88.29259
3	10	88.30373
2	10	88.31501
2	10	88.32632
2	10	88.33768
2	10	88.35516
2	10	88.36739
2	10	88.37864
2	10	88.3899
2	10	88.40156
2	10	88.41362
2	10	88.42549
1	10	88.43698
1	10	88.44823
1	10	88.45936
1	10	88.47002
1	10	88.48212
1	10	88.49805
1	10	88.5146
1	10	88.53084
1	10	88.55332
1	10	88.57523
1	10	88.59785
1	10	88.62009
1	10	88.64243
1	10	88.66628
1	10	88.69568
1	10	88.71123
1	10	88.7318
1	10	88.75478
1	10	88.77687
1	10	88.79884
1	10	88.82246
1	10	88.84939
1	10	88.86661
2	10	88.8886
2	10	88.91277
2	10	88.93308
2	10	88.95546
2	10	88.97831
2	10	88.9948
3	10	89.00629
3	10	89.0172
3	10	89.02918
3	10	89.03989
3	10	89.0517
3	10	89.06299
3	10	89.07397
3	10	89.08615
3	10	89.09721
3	10	89.10883
3	10	89.11998
4	10	89.13234
4	10	89.1539
4	10	89.16716
4	10	89.17899
4	10	89.19231
4	10	89.20345
4	10	89.21494
4	10	89.22683
4	10	89.23805
5	10	89.25028
5	10	89.26166
5	10	89.27251
5	10	89.28395
5	10	89.30304
5	10	89.31438
5	10	89.3258
5	10	89.33717
5	10	89.34835
5	10	89.35979
5	10	89.37098
6	10	89.38289
6	10	89.39465
6	10	89.40569
6	10	89.41736
6	10	89.42989
6	10	89.44126
6	10	89.4586
6	10	89.46918
6	10	89.48037
6	11	89.49334
6	11	89.51382
6	11	89.53579
6	11	89.55882
6	11	89.58124
6	11	89.6038
6	12	89.63135
6	12	89.64801
6	12	89.67008
6	12	89.69263
6	12	89.71487
6	12	89.73727
6	13	89.76049
6	13	89.79032
6	13	89.80585
6	13	89.82855
6	13	89.84866
6	14	89.8711
6	14	89.89317
6	14	89.91566
6	14	89.94347
6	14	89.96082
6	14	89.97213
6	15	89.98411
6	15	89.99503
6	15	90.00539
6	15	90.01687
6	15	90.02875
6	15	90.03953
6	15	90.05091
6	15	90.06302
6	15	90.0739
6	15	90.09345
6	17	90.1049
6	17	90.11667
6	17	90.12841
6	17	90.14021
6	17	90.15157
6	17	90.16351
6	17	90.17516
6	17	90.18698
6	17	90.1985
6	17	90.20965
6	17	90.22142
5	17	90.23835
5	17	90.25902
5	17	90.27522
5	17	90.29082
5	17	90.30251
5	17	90.31421
5	17	90.32596
5	17	90.33929
4	17	90.35139
4	17	90.3632
4	17	90.37505
4	17	90.39101
4	17	90.41262
4	17	90.42771
4	17	90.4398
4	17	90.45119
4	17	90.46248
3	17	90.47489
3	17	90.4963
3	17	90.5191
3	17	90.54462
3	17	90.57282
3	17	90.59029
2	17	90.60912
2	17	90.63167
2	17	90.65634
2	17	90.67902
2	17	90.69926
1	17	90.72958
1	17	90.74874
1	17	90.76714
1	17	90.78786
1	17	90.81107
1	17	90.83347
1	17	90.85551
1	17	90.88547
1	17	90.90167
1	17	90.92236
1	17	90.93795
1	17	90.95163
1	18	90.96356
1	18	90.97569
1	18	90.9883
1	18	91.00284
1	18	91.01845
1	18	91.04122
1	18	91.05624
1	18	91.06796
1	18	91.07958
1	19	91.09089
1	19	91.10252
1	19	91.11452
1	19	91.13004
1	19	91.14449
1	19	91.1561
1	19	91.16898
1	19	91.19024
1	20	91.20543
1	20	91.21725
1	20	91.22988
1	20	91.24461
1	20	91.25947
1	20	91.27107
1	20	91.28262
1	20	91.29416
1	20	91.30553
1	20	91.32362
2	20	91.35559
2	20	91.37373
2	20	91.3955
2	20	91.41283
2	20	91.43491
3	20	91.45715
3	20	91.48112
3	20	91.511
3	20	91.52868
3	20	91.54752
3	20	91.56911
3	20	91.59145
3	20	91.6142
3	20	91.63734
3	20	91.66851
3	20	91.68642
3	20	91.70346
3	20	91.72554
3	21	91.74847
3	21	91.77082
3	21	91.79426
3	21	91.81697
3	21	91.83253
3	21	91.84307
3	21	91.8555
3	22	91.86663
3	22	91.87806
3	22	91.89108
3	22	91.90818
3	22	91.92602
3	22	91.93767
3	22	91.94994
3	22	91.97317
3	23	91.98936
3	23	92.00031
3	23	92.01173
3	23	92.0237
3	23	92.03624
3	23	92.04723
3	23	92.05898
3	23	92.07472
3	23	92.0871
3	23	92.0986
3	23	92.10999
3	23	92.12787
3	23	92.13945
3	23	92.15067
3	23	92.16183
3	23	92.17273
3	23	92.19455
3	22	92.2172
3	22	92.24001
3	22	92.26193
3	22	92.29035
3	22	92.30661
3	22	92.32889
3	21	92.35072
3	21	92.37321
3	21	92.39611
3	21	92.41939
3	21	92.44629
3	20	92.46359
3	20	92.48582
3	20	92.50741
3	20	92.52959
3	20	92.55347
3	20	92.575
3	20	92.60331
3	20	92.62038
3	20	92.64197
3	20	92.65443
3	20	92.66618
3	20	92.67782
3	20	92.69138
3	20	92.70275
3	20	92.71578
3	20	92.73053
3	20	92.75095
3	20	92.76487
3	20	92.77593
3	20	92.78728
3	20	92.79925
3	20	92.81049
3	20	92.82222
3	20	92.83354
3	20	92.8448
3	20	92.85762
3	20	92.86957
3	20	92.8815
3	20	92.89935
3	20	92.91018
2	20	92.92197
2	20	92.93319
2	20	92.94536
2	20	92.96177
2	20	92.97444
2	20	92.98626
2	20	92.9975
2	20	93.00897
2	20	93.02063
2	20	93.03227
1	20	93.0519
1	20	93.06354
1	20	93.07441
1	20	93.08853
1	20	93.11165
1	20	93.13283
1	20	93.1551
1	20	93.17785
1	20	93.19976
1	20	93.22922
1	20	93.24473
1	19	93.27172
1	19	93.28951
1	19	93.31191
1	19	93.33324
1	19	93.35632
1	18	93.38374
1	18	93.40103
1	18	93.42317
1	18	93.44678
1	18	93.46938
1	18	93.49139
1	17	93.51411
1	17	93.54099
1	17	93.55777
1	17	93.57091
1	17	93.58456
1	17	93.59708
1	17	93.60824
1	17	93.62071
2	17	93.63367
2	17	93.64734
2	17	93.66174
2	17	93.67606
2	17	93.6953
2	17	93.70696
2	17	93.7194
2	17	93.73071
2	17	93.74171
3	17	93.7529
3	17	93.76401
3	17	93.77527
3	17	93.78674
3	17	93.7987
3	17	93.80994
3	17	93.82101
3	17	93.83207
3	17	93.84999
3	17	93.86165
4	17	93.87605
4	17	93.88931
4	17	93.90092
4	17	93.91282
4	17	93.92426
4	17	93.93571
4	17	93.9464
4	17	93.95945
4	17	93.98181
5	17	94.00426
5	17	94.03271
5	17	94.0492
5	17	94.07214
5	17	94.09324
6	17	94.11631
6	17	94.13816
6	17	94.16001
6	17	94.18864
6	17	94.2056
6	17	94.22903
6	17	94.2512
6	16	94.27342
6	16	94.2959
6	16	94.31783
6	16	94.34718
6	16	94.36287
6	16	94.38464
6	15	94.40649
6	15	94.42826
6	15	94.43947
6	15	94.45145
6	15	94.464
6	15	94.47514
6	15	94.49428
6	15	94.51078
6	14	94.5229
6	14	94.53481
6	14	94.54617
6	14	94.55751
6	14	94.56892
6	14	94.58088
6	14	94.59348
6	14	94.60555
6	14	94.61816
6	14	94.63027
6	13	94.65522
6	13	94.66909
6	13	94.68185
6	13	94.69394
6	13	94.70454
6	13	94.71664
6	13	94.72791
6	13	94.73959
6	13	94.75083
6	12	94.7624
6	12	94.77361
6	12	94.78681
6	12	94.81376
6	12	94.83108
6	12	94.85254
6	12	94.87474
6	11	94.89735
6	11	94.91949
6	11	94.94241
6	11	94.97077
6	11	94.98945
5	11	95.00899
5	11	95.03216
5	11	95.05396
5	11	95.07571
5	11	95.09983
4	11	95.12691
4	11	95.14342
4	11	95.16581
4	11	95.18826
4	11	95.21045
4	11	95.2328
3	11	95.25626
3	11	95.27437
3	11	95.28716
3	11	95.29903
3	11	95.31245
3	11	95.32568
3	11	95.33768
3	11	95.34943
3	11	95.36186
2	11	95.37312
2	11	95.38451
2	11	95.39624
2	11	95.40746
2	11	95.42686
2	11	95.43831
2	11	95.44964
2	11	95.46114
2	11	95.47279
2	11	95.48555
1	11	95.49731
1	11	95.50822
1	11	95.51945
1	11	95.53117
1	11	95.54252
1	11	95.55451
1	11	95.56595
1	11	95.58215
1	11	95.59496
1	11	95.61183
1	11	95.63466
1	11	95.6573
1	11	95.68475
1	11	95.7014
1	11	95.72401
1	11	95.75206
1	11	95.76903
1	11	95.79193
1	11	95.81354
1	11	95.83729
1	11	95.8587
1	11	95.88155
2	11	95.90839
2	11	95.92593
2	11	95.94839
2	11	95.97057
2	11	95.9937
3	11	96.0163
3	11	96.03728
3	11	96.06561
3	11	96.07761
3	11	96.08936
3	11	96.0999
3	11	96.11089
3	11	96.12304
3	11	96.13574
3	12	96.14754
3	12	96.15905
3	12	96.17101
3	12	96.18676
3	12	96.20277
3	12	96.22472
3	12	96.2399
3	12	96.2519
3	13	96.26434
3	13	96.27552
3	13	96.28833
3	13	96.30379
3	13	96.31817
3	13	96.32986
3	13	96.34106
3	13	96.35466
3	13	96.37766
3	14	96.39347
3	14	96.40637
3	14	96.42072
3	14	96.436
3	14	96.44633
3	14	96.45728
3	14	96.46748
3	14	96.48503
3	14	96.50791
3	14	96.53934
3	14	96.55895
3	14	96.57405
3	14	96.59605
3	14	96.61774
3	14	96.63993
3	14	96.66299
3	14	96.69022
3	14	96.70752
3	14	96.72984
2	14	96.75255
2	14	96.77539
2	14	96.79807
2	14	96.82364
2	14	96.85225
2	14	96.86803
1	14	96.8874
1	14	96.9082
1	14	96.93397
1	14	96.9573
1	14	96.96964
1	14	96.99007
1	14	97.01894
1	14	97.03627
1	14	97.04887
1	14	97.06087
1	14	97.07376
1	14	97.08681
1	14	97.09878
1	14	97.11061
1	14	97.12312
1	14	97.13519
1	14	97.14703
1	14	97.16575
1	14	97.17728
1	14	97.18887
1	15	97.2009
1	15	97.21414
1	15	97.22683
1	15	97.24276
1	15	97.25836
1	15	97.27058
1	15	97.28172
1	15	97.29243
1	15	97.30403
1	16	97.33036
1	16	97.34746
1	16	97.36918
1	16	97.38892
1	16	97.41058
1	16	97.43364
1	17	97.45608
1	17	97.4872
1	17	97.50484
1	17	97.52307
1	17	97.54595
1	18	97.56785
1	18	97.59086
1	18	97.61155
1	18	97.63976
1	18	97.65639
1	18	97.67796
1	17	97.70129
1	17	97.72391
1	17	97.74586
1	17	97.76888
1	17	97.7989
1	16	97.81026
1	16	97.82329
1	16	97.83523
1	16	97.84623
1	16	97.858
1	16	97.87008
1	16	97.88078
1	16	97.89259
1	16	97.9038
1	16	97.91498
1	15	97.92702
1	15	97.9453
1	15	97.9571
1	15	97.96828
1	15	97.97897
1	15	97.99034
1	15	98.00226
1	15	98.0157
1	15	98.02901
1	15	98.04155
1	14	98.05511
1	14	98.06803
1	14	98.08015
1	14	98.09753
1	14	98.11021
1	14	98.12659
1	14	98.1388
1	14	98.15048
1	14	98.16196
1	14	98.17265
1	14	98.18399
1	14	98.19505
1	14	98.20633
1	14	98.21716
1	14	98.22837
1	14	98.23997
1	14	98.25782
1	14	98.26927
1	14	98.27986
1	14	98.29069
1	14	98.30174
1	14	98.31309
1	14	98.32378
1	14	98.33424
1	14	98.34436
1	14	98.36055
1	14	98.40078
1	14	98.41752
1	14	98.42828
1	14	98.44989
1	14	98.47193
1	14	98.49427
1	14	98.51682
1	14	98.53966
1	14	98.56139
1	14	98.59045
1	14	98.60566
1	14	98.62907
1	14	98.6517
1	14	98.67366
1	14	98.69635
1	14	98.71811
1	14	98.74526
1	14	98.76294
1	14	98.78572
1	14	98.80836
1	14	98.82883
1	14	98.83989
1	14	98.85242
1	14	98.8633
1	14	98.87498
1	14	98.8913
1	14	98.90254
1	14	98.91284
1	14	98.92388
1	14	98.93444
1	14	98.94509
1	14	98.95598
1	14	98.96606
1	14	98.97678
1	14	98.9879
1	14	98.99794
1	14	99.00854
1	14	99.02007
1	14	99.03484
1	14	99.05315
1	14	99.06454
1	14	99.07547
1	14	99.08642
1	14	99.09818
1	14	99.10998
1	14	99.12286
1	14	99.13515
1	14	99.14657
1	14	99.15805
1	14	99.1703
1	14	99.18188
1	14	99.19497
1	14	99.21308
1	14	99.23096
1	14	99.24313
1	14	99.2559
1	14	99.26812
1	14	99.27982
1	14	99.29237
1	14	99.30424
1	14	99.31639
1	14	99.32939
1	14	99.34103
1	14	99.35438
1	14	99.37379
1	14	99.38583
1	14	99.39653
1	14	99.40868
1	14	99.42173
1	14	99.43289
1	14	99.44572
1	14	99.46705
1	14	99.49034
1	14	99.51351
1	14	99.54079
1	14	99.55832
1	14	99.57797
1	14	99.60078
1	14	99.62286
1	14	99.64445
1	14	99.66769
1	14	99.69746
1	14	99.7156
1	14	99.73592
1	14	99.75776
1	14	99.78027
1	14	99.80264
1	14	99.82466
1	14	99.8521
1	14	99.86918
1	14	99.89271
