x	y	time
15	11	0.0632278
15	11	0.0776489
15	11	0.0931894
15	11	0.1201899
15	11	0.1377157
15	11	0.1503773
15	11	0.1643074
15	11	0.1783284
15	11	0.1913453
15	11	0.2073188
15	11	0.2259294
15	11	0.2486315
15	11	0.2765742
15	11	0.2931354
15	11	0.3155885
15	11	0.3373376
15	11	0.3620152
15	11	0.381969
15	11	0.4051598
15	11	0.4323274
15	11	0.4496256
15	11	0.4719054
15	11	0.4941207
15	11	0.5161296
15	11	0.5384377
15	11	0.5622475
15	11	0.588213
15	11	0.6056029
15	11	0.6283653
15	11	0.6502741
15	11	0.6624674
15	11	0.6747593
15	11	0.6865048
15	11	0.6988232
15	11	0.7106093
15	11	0.723222
15	11	0.7420806
15	11	0.7551782
15	11	0.767575
15	11	0.7844955
15	11	0.7982002
15	11	0.8103543
15	11	0.823216
15	11	0.8349239
15	11	0.8471813
15	11	0.8607199
15	11	0.8743984
15	11	0.8931038
15	11	0.9057825
15	11	0.9177412
15	11	0.9304863
15	11	0.9429135
15	11	0.9550075
15	11	0.9669435
15	11	0.979116
15	11	0.991079
15	11	1.00303
15	11	1.019382
15	11	1.042988
15	11	1.072928
15	11	1.087463
15	11	1.10974
15	11	1.131759
15	11	1.153952
15	11	1.175916
15	11	1.198111
15	11	1.227185
15	11	1.242794
15	11	1.265476
15	11	1.286864
15	11	1.310528
15	11	1.332791
15	11	1.354742
15	11	1.381556
15	11	1.398857
15	11	1.420793
15	11	1.44287
15	11	1.467061
15	11	1.487905
15	11	1.500072
15	11	1.512799
15	11	1.531338
15	11	1.54433
15	11	1.556309
15	11	1.568914
15	11	1.580582
15	11	1.593166
15	11	1.605354
15	11	1.617539
15	11	1.630059
15	11	1.642439
15	11	1.654451
15	11	1.666985
15	11	1.685111
15	11	1.697636
15	11	1.710414
15	11	1.723315
15	11	1.737824
15	11	1.750607
15	11	1.762629
15	11	1.774035
15	11	1.78593
15	11	1.79886
15	11	1.811338
15	11	1.823804
15	11	1.840719
15	11	1.856751
15	11	1.878949
15	11	1.90127
15	11	1.923624
15	11	1.945657
15	11	1.968614
15	11	1.991196
15	11	2.023292
15	11	2.036028
15	11	2.058126
15	11	2.081871
15	11	2.103815
15	11	2.126902
15	11	2.147794
15	11	2.175507
15	11	2.192548
15	11	2.215971
15	11	2.237157
15	11	2.259514
15	11	2.282239
15	11	2.304197
15	11	2.331726
15	11	2.348094
15	11	2.367143
15	11	2.381044
15	11	2.394883
15	11	2.408135
15	11	2.421538
15	11	2.433856
15	11	2.446548
15	11	2.459012
15	11	2.480142
15	11	2.492455
15	11	2.504379
15	11	2.516741
15	11	2.530827
15	11	2.543283
15	11	2.55614
15	11	2.56907
15	11	2.581847
15	11	2.594143
15	11	2.606686
15	11	2.618991
15	11	2.638558
15	11	2.65143
15	11	2.664648
15	11	2.67685
15	11	2.688654
15	11	2.705445
15	11	2.727923
15	11	2.750316
15	11	2.773211
15	11	2.801262
15	11	2.81803
15	11	2.839457
15	11	2.861774
15	11	2.884741
15	11	2.906669
15	11	2.92953
15	11	2.957127
15	11	2.973671
15	11	2.99635
15	11	3.018291
15	11	3.041177
15	11	3.063654
15	11	3.085771
15	11	3.113742
15	11	3.130786
15	11	3.15296
15	11	3.174995
15	11	3.187223
15	11	3.202881
15	11	3.217361
15	11	3.232454
15	11	3.245567
15	11	3.267364
15	11	3.281482
15	11	3.294844
15	11	3.307624
15	11	3.324499
15	11	3.336536
15	11	3.349072
15	11	3.363429
15	11	3.375573
15	11	3.388276
15	11	3.401133
15	11	3.419124
15	11	3.431569
15	11	3.442984
15	11	3.455214
15	11	3.46853
15	11	3.482298
15	11	3.496184
15	11	3.507799
15	11	3.519763
15	11	3.531657
15	11	3.544666
15	11	3.566083
15	11	3.593431
15	11	3.610282
15	11	3.632713
15	11	3.655355
15	11	3.677506
15	11	3.700298
15	11	3.722136
15	11	3.750485
15	11	3.767126
14	11	3.789157
14	11	3.811522
14	11	3.83379
14	11	3.856073
14	11	3.879513
13	11	3.906382
13	11	3.923569
13	11	3.946518
13	11	3.972816
13	11	3.997084
13	11	4.014833
12	11	4.027211
12	11	4.041672
12	11	4.064511
12	11	4.079944
12	11	4.092024
12	11	4.103702
12	11	4.118298
12	11	4.131593
12	11	4.14399
11	11	4.15651
11	11	4.169434
11	11	4.183291
11	11	4.201967
11	11	4.226996
11	11	4.244894
11	11	4.261322
10	11	4.274203
10	11	4.286449
10	11	4.301025
10	11	4.316853
10	11	4.333751
10	11	4.34627
10	11	4.359385
10	11	4.380377
9	11	4.395857
9	11	4.41537
9	11	4.437349
9	11	4.462335
9	11	4.484724
9	11	4.50444
8	11	4.526862
8	11	4.558986
8	11	4.580912
8	11	4.593829
8	11	4.615651
7	11	4.638221
7	11	4.660765
7	11	4.684473
7	11	4.714953
7	11	4.732612
7	11	4.75157
7	10	4.773253
7	10	4.795743
7	10	4.820758
7	10	4.843855
7	10	4.871222
7	9	4.888965
7	9	4.903755
7	9	4.918606
7	9	4.93644
7	9	4.951097
7	9	4.963812
7	9	4.976473
7	9	4.989445
7	9	5.00175
7	8	5.023646
7	8	5.040039
7	8	5.056255
7	8	5.068388
7	8	5.080874
7	8	5.093559
7	8	5.107072
7	8	5.120089
7	7	5.133208
7	7	5.145595
7	7	5.159088
7	7	5.181744
7	7	5.197942
7	7	5.210069
7	7	5.222539
7	7	5.235503
7	7	5.247511
7	6	5.259207
7	6	5.271018
7	6	5.286738
7	6	5.310793
7	6	5.339472
7	6	5.359929
7	5	5.376
7	5	5.40027
7	5	5.421465
7	5	5.446257
7	5	5.469687
7	4	5.49673
7	4	5.51464
7	4	5.532483
7	4	5.555982
7	4	5.57856
7	4	5.599138
7	3	5.621115
7	3	5.651678
7	3	5.670822
7	3	5.690593
7	3	5.709824
7	3	5.734342
7	2	5.746716
7	2	5.759418
7	2	5.773776
7	2	5.796546
7	2	5.812438
7	2	5.824682
7	2	5.84175
7	2	5.853641
8	2	5.866931
8	2	5.880988
8	2	5.895408
8	2	5.912829
8	2	5.932797
8	2	5.955002
8	2	5.970672
9	2	5.983459
9	2	5.996373
9	2	6.009894
9	2	6.025907
9	2	6.041065
9	2	6.05385
9	2	6.066372
9	2	6.078566
9	2	6.090896
8	2	6.113935
8	2	6.129989
8	2	6.145715
8	2	6.168131
8	2	6.190565
8	2	6.212192
7	2	6.235066
7	2	6.257137
7	2	6.287835
7	2	6.303091
7	2	6.324426
7	2	6.346182
6	2	6.369177
6	2	6.392509
6	2	6.418204
6	2	6.444786
6	2	6.46336
5	2	6.481411
5	2	6.503329
5	2	6.527313
5	2	6.552649
5	2	6.574637
4	2	6.603109
4	2	6.62096
4	2	6.635252
4	2	6.652108
4	2	6.670276
4	2	6.684145
4	2	6.697556
4	2	6.710608
3	2	6.725601
3	2	6.752093
3	2	6.770014
3	2	6.785262
3	2	6.79777
3	2	6.80949
3	2	6.821716
3	2	6.834394
2	2	6.846233
2	2	6.858826
2	2	6.871549
2	2	6.888816
2	2	6.91074
2	2	6.926772
2	2	6.938615
2	2	6.949803
2	2	6.961657
2	2	6.983647
2	2	7.005291
2	2	7.028144
2	2	7.050611
2	2	7.084781
2	2	7.097028
2	2	7.117555
2	3	7.140291
2	3	7.161765
2	3	7.185308
2	3	7.210694
2	3	7.238238
2	3	7.256387
2	4	7.274317
2	4	7.296532
2	4	7.321852
2	4	7.34397
2	4	7.363982
2	5	7.394837
2	5	7.413657
2	5	7.433208
2	5	7.453174
2	5	7.475548
2	5	7.489387
2	5	7.504599
2	5	7.519878
2	5	7.544806
2	5	7.562024
2	5	7.574419
2	5	7.586788
2	5	7.599036
2	5	7.611407
2	5	7.623931
2	5	7.63659
3	5	7.649594
3	5	7.664398
3	5	7.68105
3	5	7.708239
3	5	7.725058
3	5	7.736667
3	5	7.74939
3	5	7.762748
4	5	7.775486
4	5	7.787505
4	5	7.800595
4	5	7.816638
4	5	7.832696
4	5	7.853816
4	5	7.869887
4	5	7.881625
5	5	7.899121
5	5	7.922098
5	5	7.944417
5	5	7.969466
5	5	7.993412
6	5	8.019371
6	5	8.037028
6	5	8.056491
6	5	8.080396
6	5	8.103574
6	5	8.12422
7	5	8.145472
7	5	8.176791
7	5	8.193145
7	5	8.213068
7	5	8.235823
7	5	8.256862
7	6	8.279856
7	6	8.304853
7	6	8.330969
7	6	8.344542
7	6	8.358291
7	6	8.37083
7	7	8.388304
7	7	8.401585
7	7	8.414245
7	7	8.426246
7	7	8.439999
7	7	8.452643
7	7	8.46481
7	7	8.483109
7	7	8.495755
7	8	8.507559
7	8	8.519765
7	8	8.533716
7	8	8.547787
7	8	8.560626
7	8	8.573074
7	8	8.585301
7	8	8.597815
7	8	8.609894
7	8	8.623037
8	8	8.64075
8	8	8.653288
8	8	8.668542
8	8	8.684343
8	8	8.704805
8	8	8.726269
8	8	8.748058
8	8	8.770691
8	8	8.794371
8	8	8.827356
8	8	8.84702
8	8	8.861995
9	8	8.882647
9	8	8.905869
9	8	8.93094
9	8	8.953812
9	8	8.98438
10	8	9.002654
10	8	9.017556
10	8	9.039097
10	8	9.064518
10	8	9.08637
10	8	9.107326
11	8	9.139688
11	8	9.157851
11	8	9.178995
11	8	9.19227
11	8	9.206842
11	8	9.222139
11	8	9.23667
12	8	9.249061
12	8	9.263267
12	8	9.286181
12	8	9.302249
12	8	9.314301
12	8	9.329524
12	8	9.342512
12	8	9.35695
12	9	9.370549
12	9	9.382236
12	9	9.395822
12	9	9.411177
12	9	9.428519
12	9	9.45098
12	9	9.46749
12	9	9.478805
12	10	9.491459
12	10	9.503942
12	10	9.516665
12	10	9.532298
12	10	9.549047
12	10	9.562251
12	10	9.578906
12	10	9.600628
12	11	9.616701
12	11	9.630925
12	11	9.653409
12	11	9.675572
12	11	9.697808
12	11	9.720231
12	11	9.742296
12	11	9.770185
12	11	9.787567
12	11	9.809471
12	11	9.831693
12	11	9.854879
12	11	9.876449
13	11	9.899015
13	11	9.926693
13	11	9.943679
13	11	9.965871
13	11	9.990207
13	11	10.01218
14	11	10.03359
14	11	10.04585
14	11	10.0583
14	11	10.07703
14	11	10.08968
14	11	10.10206
14	11	10.1152
14	11	10.12872
15	11	10.14196
15	11	10.15457
15	11	10.16725
15	11	10.18363
15	11	10.19911
15	11	10.2124
15	11	10.23529
15	11	10.25018
17	11	10.26323
17	11	10.27598
17	11	10.28895
17	11	10.30431
17	11	10.32294
17	11	10.33946
17	11	10.35276
17	11	10.3682
18	11	10.39045
18	11	10.40575
18	11	10.41934
18	11	10.43403
18	11	10.44899
18	11	10.46796
18	11	10.49142
19	11	10.51369
19	11	10.53622
19	11	10.56871
19	11	10.58472
19	11	10.60274
19	11	10.62441
20	11	10.64658
20	11	10.66998
20	11	10.69443
20	11	10.7229
20	11	10.73949
21	11	10.7591
21	11	10.7806
21	11	10.8041
21	11	10.82944
21	11	10.85139
22	11	10.87375
22	11	10.89363
22	11	10.90709
22	11	10.92351
22	11	10.93877
22	11	10.9505
22	11	10.96304
22	11	10.97499
22	11	10.9872
23	11	10.99876
23	11	11.01248
23	11	11.03541
23	11	11.05121
23	11	11.064
23	11	11.07947
23	11	11.09333
23	11	11.10635
24	11	11.12217
24	11	11.1335
24	11	11.14631
24	11	11.16269
24	11	11.18536
24	11	11.20065
24	11	11.21226
24	11	11.22412
24	11	11.23543
25	11	11.25051
25	11	11.27354
25	11	11.29759
25	11	11.32178
25	11	11.34991
26	11	11.36676
26	11	11.38444
26	11	11.40697
26	11	11.43169
26	11	11.45449
26	11	11.47387
27	11	11.50461
27	11	11.52388
27	11	11.54423
27	11	11.56347
27	11	11.58465
27	10	11.60776
27	10	11.62997
27	10	11.6621
27	10	11.68084
27	10	11.69779
27	10	11.72096
27	9	11.73351
27	9	11.74506
27	9	11.75765
27	9	11.77326
27	9	11.78911
27	9	11.81043
27	9	11.82575
27	9	11.8377
27	8	11.84906
27	8	11.86074
27	8	11.87373
27	8	11.88864
27	8	11.90328
27	8	11.91535
27	8	11.92735
27	8	11.9404
27	8	11.9622
27	8	11.97804
27	8	11.98955
27	8	12.00138
27	8	12.01329
27	8	12.02581
27	8	12.0377
27	8	12.05479
27	8	12.06671
27	8	12.07795
27	8	12.08869
27	8	12.11012
27	8	12.13842
27	8	12.155
27	8	12.17702
26	8	12.19921
26	8	12.22184
26	8	12.24711
26	8	12.27258
26	8	12.29998
25	8	12.3173
25	8	12.33427
25	8	12.35967
25	8	12.38124
25	8	12.40382
25	8	12.42473
25	8	12.45892
25	8	12.47805
25	8	12.49086
25	8	12.51209
25	8	12.53479
25	8	12.54592
25	8	12.55846
25	8	12.57015
25	8	12.58319
25	8	12.60254
25	8	12.61473
25	8	12.62656
25	8	12.63878
25	8	12.65061
25	8	12.66275
25	8	12.67516
25	8	12.68755
25	8	12.69925
25	8	12.71106
25	8	12.72301
25	8	12.73453
25	8	12.75242
25	8	12.76526
25	8	12.77812
25	8	12.79
25	8	12.80129
25	8	12.81373
25	8	12.82545
25	8	12.83786
25	8	12.84967
25	8	12.86256
25	8	12.87395
25	8	12.88547
25	8	12.90927
25	8	12.92579
25	8	12.94789
25	7	12.97092
25	7	12.99228
25	7	13.01585
25	7	13.0403
25	7	13.06918
25	6	13.08585
25	6	13.10451
25	6	13.12729
25	6	13.15223
25	6	13.17489
25	6	13.19516
25	5	13.22756
25	5	13.24648
25	5	13.26409
25	5	13.2874
25	5	13.30526
25	5	13.32731
25	5	13.35192
25	5	13.38496
25	5	13.40336
25	5	13.41559
25	5	13.42907
25	5	13.44201
25	5	13.45479
25	5	13.46754
25	5	13.48064
25	5	13.49218
25	5	13.50555
25	5	13.52524
25	5	13.53808
25	5	13.55057
25	5	13.56301
25	5	13.57502
25	5	13.58656
26	5	13.60003
26	5	13.61272
26	5	13.62564
26	5	13.64011
26	5	13.6552
26	5	13.66696
26	5	13.68971
26	5	13.70568
27	5	13.71744
27	5	13.72884
27	5	13.7408
27	5	13.75442
27	5	13.77786
27	5	13.7972
27	5	13.81924
27	5	13.85037
27	5	13.86881
27	5	13.88582
27	5	13.90936
27	5	13.93297
27	5	13.9531
27	5	13.97709
27	5	14.00327
27	5	14.02023
27	5	14.04241
27	5	14.06457
27	5	14.08662
27	4	14.11039
27	4	14.13246
27	4	14.16005
27	4	14.18007
27	4	14.20179
27	4	14.2138
27	3	14.22733
27	3	14.24038
27	3	14.25235
27	3	14.26781
27	3	14.28321
27	3	14.30506
27	3	14.32096
27	3	14.33313
27	3	14.34559
27	2	14.35883
27	2	14.37457
27	2	14.3893
27	2	14.40396
27	2	14.42002
27	2	14.43181
27	2	14.44594
27	2	14.47233
27	2	14.49623
27	2	14.50908
27	2	14.52211
27	2	14.53491
27	2	14.54765
27	2	14.56051
27	2	14.57301
27	2	14.58462
27	2	14.60205
27	2	14.6294
27	2	14.64651
27	2	14.66938
27	2	14.69109
27	2	14.71309
27	2	14.73517
27	2	14.75723
26	2	14.78493
26	2	14.80223
26	2	14.82721
26	2	14.84943
26	2	14.86948
26	2	14.89131
25	2	14.91408
25	2	14.94531
25	2	14.96249
25	2	14.9813
25	2	15.00239
24	2	15.02564
24	2	15.04846
24	2	15.07094
24	2	15.09289
24	2	15.10895
24	2	15.12315
24	2	15.13556
23	2	15.14835
23	2	15.1609
23	2	15.17538
23	2	15.19036
23	2	15.20715
23	2	15.22007
23	2	15.23461
23	2	15.25626
22	2	15.27217
22	2	15.28571
22	2	15.30141
22	2	15.31623
22	2	15.32823
22	2	15.34046
22	2	15.3525
22	2	15.36633
22	2	15.37929
21	2	15.39115
21	2	15.41228
21	2	15.42812
21	2	15.44503
21	2	15.45703
21	2	15.4689
21	2	15.48123
21	2	15.50156
20	2	15.52427
20	2	15.54805
20	2	15.57731
20	2	15.59585
20	2	15.6148
19	2	15.63631
19	2	15.66093
19	2	15.68271
19	2	15.70822
19	2	15.73763
18	2	15.75634
18	2	15.77343
18	2	15.79636
18	2	15.82131
18	2	15.84371
18	2	15.8635
17	2	15.89439
17	2	15.91415
17	2	15.93355
17	2	15.94568
17	2	15.95791
17	2	15.97016
17	2	15.98208
16	2	15.99518
16	2	16.00738
16	2	16.0198
16	2	16.04288
16	2	16.05804
16	2	16.06979
16	2	16.08181
16	2	16.09311
16	2	16.10474
15	2	16.11729
15	2	16.13033
15	2	16.14476
15	2	16.16163
15	2	16.17774
15	2	16.19892
15	2	16.21407
15	2	16.2262
14	2	16.23916
14	2	16.25208
14	2	16.26476
14	2	16.28036
14	2	16.2963
14	2	16.30838
14	2	16.31926
14	2	16.33284
13	2	16.36406
13	2	16.38246
13	2	16.4038
13	2	16.42469
13	2	16.44686
13	2	16.46613
13	3	16.48937
13	3	16.51939
13	3	16.53824
13	3	16.55887
13	3	16.57828
13	3	16.60029
13	4	16.62283
13	4	16.64625
13	4	16.67663
13	4	16.69425
13	4	16.71253
13	5	16.73433
13	5	16.75684
13	5	16.77904
13	5	16.79947
13	5	16.82502
13	5	16.84335
13	5	16.85747
13	5	16.87128
13	5	16.88386
13	5	16.89563
13	5	16.90794
13	5	16.92028
13	5	16.93227
13	5	16.94423
13	5	16.95657
13	5	16.97937
13	5	16.99195
13	5	17.00372
13	5	17.01587
13	5	17.02925
13	5	17.0416
13	5	17.05329
13	5	17.06563
13	5	17.07757
13	5	17.09051
13	5	17.10255
13	5	17.11453
13	5	17.13302
13	5	17.14802
12	5	17.16973
12	5	17.19342
12	5	17.21737
12	5	17.24019
12	5	17.2606
11	5	17.28322
11	5	17.31605
11	5	17.33298
11	5	17.34893
11	5	17.37115
10	5	17.39347
10	5	17.41573
10	5	17.43842
10	5	17.46897
10	5	17.48694
10	5	17.50546
10	5	17.52712
10	5	17.54911
10	5	17.57172
10	5	17.59454
10	5	17.62163
10	5	17.63959
10	5	17.65139
10	5	17.6634
10	5	17.67551
10	5	17.68634
10	5	17.69913
10	6	17.71159
10	6	17.72351
10	6	17.73643
10	6	17.75239
10	6	17.77611
10	6	17.79186
10	6	17.80423
10	6	17.81628
10	7	17.82893
10	7	17.84127
10	7	17.85522
10	7	17.87311
10	7	17.89158
10	7	17.90594
10	7	17.9298
10	7	17.9457
10	8	17.95793
10	8	17.97018
10	8	17.98246
10	8	17.99515
10	8	18.00705
10	8	18.0187
10	8	18.03052
10	8	18.04253
10	8	18.06424
10	8	18.09204
10	8	18.10852
10	8	18.13115
10	8	18.15333
10	8	18.17539
10	8	18.19761
11	8	18.21988
11	8	18.24858
11	8	18.26523
11	8	18.28738
11	8	18.30991
11	8	18.33184
12	8	18.35507
12	8	18.37721
12	8	18.40436
12	8	18.424
12	8	18.44406
13	8	18.4673
13	8	18.48916
13	8	18.51109
13	8	18.52397
13	8	18.5371
13	8	18.55935
13	8	18.57304
13	8	18.58603
13	8	18.5996
13	8	18.6128
13	8	18.62737
13	8	18.6402
13	8	18.65359
13	8	18.66745
13	8	18.68088
13	8	18.69434
13	8	18.7127
13	8	18.72474
13	8	18.73617
13	8	18.74836
13	9	18.76056
13	9	18.77423
13	9	18.78666
13	9	18.79916
13	9	18.8105
13	9	18.82275
13	9	18.83423
13	9	18.84633
13	9	18.87341
13	10	18.89034
13	10	18.91287
13	10	18.9352
13	10	18.95734
13	10	18.97971
13	10	19.00224
13	11	19.03218
13	11	19.04677
13	11	19.06915
13	11	19.09186
13	11	19.11414
13	11	19.13599
13	11	19.15902
13	11	19.18697
13	11	19.20304
14	11	19.22564
14	11	19.24745
14	11	19.27017
14	11	19.29417
14	11	19.31609
15	11	19.34516
15	11	19.35884
15	11	19.37131
15	11	19.38362
15	11	19.39681
15	11	19.40853
15	11	19.42191
15	11	19.43421
15	11	19.44784
16	11	19.46151
16	11	19.47556
16	11	19.50132
16	11	19.51451
16	11	19.52727
16	11	19.53954
16	11	19.55419
16	11	19.56848
16	11	19.5822
17	11	19.59531
17	11	19.60891
17	11	19.62144
17	11	19.63334
17	11	19.651
17	11	19.66425
17	11	19.677
17	11	19.68967
18	11	19.70543
18	11	19.728
18	11	19.75084
18	11	19.77194
18	11	19.79526
18	11	19.8226
19	11	19.84008
19	11	19.86334
19	11	19.88415
19	11	19.90677
19	11	19.92901
20	11	19.95156
20	11	19.97962
20	11	19.99652
20	11	20.01841
20	11	20.04033
20	11	20.06336
21	11	20.08514
21	11	20.10792
21	11	20.13611
21	11	20.15291
21	11	20.1756
22	11	20.1972
22	11	20.20905
22	11	20.22093
22	11	20.23373
22	11	20.24676
22	11	20.25944
22	11	20.27779
22	11	20.28995
22	11	20.30347
22	10	20.31682
22	10	20.32794
22	10	20.34068
22	10	20.35748
22	10	20.37363
22	10	20.38656
22	10	20.39923
22	10	20.4123
22	10	20.43353
22	9	20.45387
22	9	20.46744
22	9	20.48349
22	9	20.49884
22	9	20.5111
22	9	20.52299
22	9	20.53516
22	9	20.54766
22	9	20.55937
22	8	20.57662
22	8	20.60814
22	8	20.62563
22	8	20.64429
22	8	20.66626
22	7	20.68844
22	7	20.71067
22	7	20.73404
22	7	20.7669
22	7	20.78264
22	7	20.80066
22	6	20.82218
22	6	20.84549
22	6	20.87012
22	6	20.89388
22	6	20.9206
22	5	20.93786
22	5	20.9575
22	5	20.98152
22	5	21.00474
22	5	21.02352
22	5	21.04656
22	4	21.06814
22	4	21.0854
22	4	21.10212
22	4	21.11429
22	4	21.12649
22	4	21.13919
22	4	21.15182
22	4	21.16427
22	3	21.17591
22	3	21.18753
22	3	21.20041
22	3	21.22191
22	3	21.23765
22	3	21.24937
22	3	21.26129
22	3	21.27682
22	3	21.29028
22	2	21.30226
22	2	21.31501
22	2	21.32753
22	2	21.34009
22	2	21.35252
22	2	21.37206
22	2	21.38416
22	2	21.39615
22	2	21.40748
22	2	21.41924
22	2	21.43747
22	2	21.4588
22	2	21.48159
22	2	21.504
22	2	21.53141
22	2	21.54885
22	2	21.57035
22	2	21.59287
22	2	21.6153
22	2	21.63754
22	2	21.6603
22	2	21.69034
22	2	21.70458
22	2	21.7271
22	2	21.7492
22	2	21.77173
23	2	21.79426
23	2	21.8166
23	2	21.8444
23	2	21.86184
23	2	21.87431
23	2	21.8859
23	2	21.89904
23	2	21.9132
24	2	21.92678
24	2	21.94029
24	2	21.95263
24	2	21.96466
24	2	21.97682
24	2	22.00112
24	2	22.01284
24	2	22.02469
24	2	22.03762
25	2	22.04914
25	2	22.06237
25	2	22.07386
25	2	22.0856
25	2	22.09774
25	2	22.10904
25	2	22.12118
25	2	22.13367
25	2	22.15189
26	2	22.16389
26	2	22.17599
26	2	22.18809
26	2	22.20006
26	2	22.21109
26	2	22.22333
26	2	22.23467
26	2	22.24625
26	2	22.26365
27	2	22.28574
27	2	22.31402
27	2	22.33089
27	2	22.35284
27	2	22.3745
27	2	22.39742
27	2	22.41992
27	2	22.44308
27	2	22.47654
27	2	22.49117
27	3	22.50944
27	3	22.53202
27	3	22.55463
27	3	22.57619
27	3	22.59928
27	4	22.62793
27	4	22.6429
27	4	22.66549
27	4	22.68758
27	4	22.70948
27	4	22.73267
27	5	22.74443
27	5	22.75608
27	5	22.77384
27	5	22.78601
27	5	22.79795
27	5	22.8096
27	5	22.82195
27	5	22.83393
27	5	22.84604
27	5	22.85764
27	5	22.86991
27	5	22.882
27	5	22.89365
27	5	22.90696
26	5	22.92716
26	5	22.94164
26	5	22.95641
26	5	22.96927
26	5	22.98296
26	5	22.99545
26	5	23.00696
26	5	23.01908
26	5	23.03178
26	5	23.04322
25	5	23.05484
25	5	23.0665
25	5	23.08497
25	5	23.09679
25	5	23.10776
25	5	23.12028
25	5	23.1376
25	5	23.14959
25	5	23.16175
24	5	23.17214
24	5	23.19065
24	5	23.21276
24	5	23.23797
24	5	23.26608
24	5	23.28331
23	5	23.30157
23	5	23.32418
23	5	23.34731
23	5	23.37147
23	5	23.39411
22	5	23.42371
22	5	23.43995
22	5	23.45834
22	5	23.48086
22	5	23.503
22	5	23.52551
22	4	23.54879
22	4	23.57759
22	4	23.59303
22	4	23.61514
22	4	23.63783
22	4	23.65044
22	3	23.66319
22	3	23.67613
22	3	23.68894
22	3	23.70186
22	3	23.72243
22	3	23.73545
22	3	23.74973
22	3	23.76313
22	3	23.77671
22	2	23.79001
22	2	23.80193
22	2	23.81348
22	2	23.82476
22	2	23.83619
22	2	23.84869
22	2	23.86033
22	2	23.87934
22	2	23.89022
22	2	23.90158
22	2	23.91311
22	2	23.92442
22	2	23.93603
22	2	23.94759
22	2	23.95955
22	2	23.97304
22	2	23.98503
22	2	23.99654
22	2	24.00761
22	2	24.02814
22	2	24.05557
22	2	24.07371
22	2	24.09533
22	2	24.11734
22	2	24.13954
22	2	24.16303
22	2	24.18475
22	2	24.21257
22	2	24.22977
22	2	24.2512
22	2	24.27383
22	2	24.29639
22	2	24.31815
22	2	24.34104
21	2	24.36917
21	2	24.38584
21	2	24.4129
21	2	24.43029
21	2	24.45295
21	2	24.47469
20	2	24.48761
20	2	24.50558
20	2	24.52649
20	2	24.53989
20	2	24.5527
20	2	24.56459
20	2	24.57537
20	2	24.58932
20	2	24.60278
19	2	24.6158
19	2	24.62893
19	2	24.64178
19	2	24.65315
19	2	24.66595
19	2	24.68435
19	2	24.69694
19	2	24.70817
19	2	24.72116
18	2	24.73413
18	2	24.74613
18	2	24.75794
18	2	24.77031
18	2	24.78255
18	2	24.79472
18	2	24.80605
18	2	24.81788
18	2	24.83568
18	2	24.84758
17	2	24.85896
17	2	24.87028
17	2	24.8882
17	2	24.91021
17	2	24.9336
17	2	24.95543
16	2	24.97818
16	2	25.00617
16	2	25.02279
16	2	25.04497
16	2	25.06704
16	2	25.08958
16	3	25.11189
16	3	25.13516
16	3	25.16581
16	3	25.18271
16	3	25.20184
16	4	25.24065
16	4	25.25725
16	4	25.27371
16	4	25.29425
16	4	25.32097
16	5	25.34027
16	5	25.35283
16	5	25.36699
16	5	25.3815
16	5	25.39743
16	5	25.40986
16	5	25.42142
16	5	25.43404
16	5	25.44634
16	5	25.4684
16	5	25.48324
16	5	25.49584
16	5	25.50821
16	5	25.52002
16	5	25.53229
16	5	25.54428
16	5	25.55708
16	5	25.5698
16	5	25.58178
16	5	25.59883
16	5	25.61697
16	5	25.62886
16	5	25.64059
17	5	25.65232
17	5	25.66525
17	5	25.67634
17	5	25.69509
17	5	25.7174
17	5	25.7388
17	5	25.76101
18	5	25.79472
18	5	25.81384
18	5	25.83121
18	5	25.84903
18	5	25.87139
19	5	25.89367
19	5	25.91676
19	5	25.94686
19	5	25.9639
19	5	25.98347
19	5	26.00513
19	5	26.02719
19	5	26.04982
19	5	26.0728
19	5	26.10396
19	5	26.12381
19	5	26.13927
19	5	26.16177
19	5	26.17389
19	5	26.18571
19	6	26.19819
19	6	26.20938
19	6	26.22314
19	6	26.24527
19	6	26.26131
19	6	26.27403
19	6	26.28733
19	6	26.3019
19	6	26.31527
19	7	26.32753
19	7	26.34049
19	7	26.35846
19	7	26.37589
19	7	26.39835
19	7	26.41389
19	7	26.42542
19	7	26.43689
19	8	26.44838
19	8	26.46051
19	8	26.47439
19	8	26.49051
19	8	26.50571
19	8	26.51722
19	8	26.5336
19	8	26.56214
19	8	26.57846
19	8	26.59693
19	8	26.61932
20	8	26.64172
20	8	26.6641
20	8	26.68726
20	8	26.71767
20	8	26.73469
20	8	26.75363
21	8	26.7754
21	8	26.7993
21	8	26.8232
21	8	26.85124
21	8	26.87499
22	8	26.89142
22	8	26.90944
22	8	26.93391
22	8	26.95573
22	8	26.97782
22	8	27.00013
22	8	27.01235
22	8	27.03238
22	8	27.0455
22	8	27.05834
22	8	27.07206
22	8	27.08508
22	8	27.09886
22	8	27.11136
22	8	27.12503
22	8	27.13751
21	8	27.14983
21	8	27.16131
21	8	27.17402
21	8	27.19134
21	8	27.20317
21	8	27.21517
21	8	27.22765
21	8	27.23918
21	8	27.25177
20	8	27.26425
20	8	27.27609
20	8	27.28805
20	8	27.30008
20	8	27.31165
20	8	27.32397
20	8	27.35127
20	8	27.36792
19	8	27.39028
19	8	27.41262
19	8	27.43468
19	8	27.4572
19	8	27.48094
18	8	27.50968
18	8	27.52456
18	8	27.54715
18	8	27.57224
18	8	27.59442
18	8	27.61394
17	8	27.63648
17	8	27.66712
17	8	27.68616
17	8	27.70592
17	8	27.72584
17	8	27.74782
16	8	27.77025
16	8	27.79329
16	8	27.82504
16	8	27.84113
16	8	27.85357
16	8	27.8657
16	8	27.87748
16	8	27.88915
16	8	27.90129
16	8	27.91295
16	8	27.92539
16	8	27.93782
16	8	27.94969
16	8	27.96799
16	8	27.98009
16	8	27.99196
16	8	28.00563
16	8	28.01956
16	9	28.03352
16	9	28.04716
16	9	28.06764
16	9	28.08398
16	9	28.10093
16	9	28.12207
16	9	28.1379
16	10	28.15035
16	10	28.16202
16	10	28.17457
16	10	28.19691
16	10	28.21947
16	10	28.2388
16	10	28.26158
16	11	28.29326
16	11	28.30952
16	11	28.32852
16	11	28.35059
16	11	28.37316
16	11	28.39558
16	11	28.41802
16	11	28.44565
16	11	28.46304
16	11	28.48492
17	11	28.507
17	11	28.52994
17	11	28.55449
17	11	28.57417
17	11	28.60184
17	11	28.62002
18	11	28.6424
18	11	28.65514
18	11	28.66802
18	11	28.67921
18	11	28.6905
18	11	28.70147
18	11	28.71278
18	11	28.72507
18	11	28.74254
19	11	28.75447
19	11	28.76718
19	11	28.77992
19	11	28.79256
19	11	28.80496
19	11	28.81688
19	11	28.82849
19	11	28.84065
19	11	28.85264
19	11	28.86445
20	11	28.87696
20	11	28.89616
20	11	28.90842
20	11	28.92007
20	11	28.93188
20	11	28.943
20	11	28.95529
20	11	28.96786
20	11	28.97947
20	11	28.99155
21	11	29.00297
21	11	29.01456
21	11	29.02637
21	11	29.03776
21	11	29.05589
21	11	29.06766
21	11	29.0792
21	11	29.09097
21	11	29.10148
22	11	29.12251
22	11	29.14397
22	11	29.16625
22	11	29.18869
22	11	29.21853
22	11	29.23727
23	11	29.25578
23	11	29.2776
23	11	29.30056
23	11	29.32247
23	11	29.34509
24	11	29.37574
24	11	29.39054
24	11	29.41256
24	11	29.43503
24	11	29.45672
24	11	29.47876
25	11	29.50237
25	11	29.52897
25	11	29.54613
25	11	29.56796
25	11	29.57912
25	11	29.59133
25	11	29.60337
25	12	29.61502
25	12	29.62592
25	12	29.63977
25	12	29.65794
25	12	29.68173
25	12	29.69616
25	12	29.70805
25	12	29.72047
25	13	29.73265
25	13	29.74396
25	13	29.75705
25	13	29.77202
25	13	29.78845
25	13	29.80105
25	13	29.81321
25	13	29.83465
25	14	29.84926
25	14	29.8612
25	14	29.87375
25	14	29.88882
25	14	29.90402
25	14	29.91601
25	14	29.92802
25	14	29.93911
25	14	29.95902
25	14	29.9823
25	14	30.01327
25	14	30.02996
25	14	30.04881
25	14	30.07095
25	14	30.09303
25	14	30.11542
25	14	30.13791
25	14	30.16531
25	14	30.18234
25	14	30.20471
25	14	30.22697
25	14	30.24968
25	14	30.27273
25	14	30.29438
25	14	30.32173
25	14	30.33927
25	14	30.36242
25	14	30.38444
26	14	30.40726
26	14	30.42834
26	14	30.4514
26	14	30.47316
26	14	30.4899
26	14	30.5023
26	14	30.51441
26	14	30.52612
27	14	30.54313
27	14	30.55628
27	14	30.57238
27	14	30.59259
27	14	30.6049
27	14	30.62596
27	14	30.64025
27	14	30.6527
27	14	30.6644
27	14	30.67666
27	14	30.68808
27	14	30.69986
27	14	30.7113
27	14	30.7229
27	14	30.73432
27	14	30.74713
27	14	30.75936
27	14	30.77663
27	14	30.78875
27	14	30.80125
27	14	30.81395
27	14	30.83096
27	14	30.85369
27	14	30.8749
27	14	30.91589
27	14	30.93379
27	14	30.94549
27	14	30.96498
27	14	30.98683
27	15	31.00899
27	15	31.03138
27	15	31.05455
27	15	31.07967
27	15	31.10805
27	15	31.12436
27	16	31.1433
27	16	31.16712
27	16	31.19134
27	16	31.21272
27	16	31.23344
27	17	31.26376
27	17	31.28229
27	17	31.30234
27	17	31.3224
27	17	31.33403
27	17	31.34544
27	17	31.35795
27	17	31.36983
27	18	31.3815
27	18	31.39461
27	18	31.42405
27	18	31.44245
27	18	31.45591
27	18	31.46727
27	18	31.4797
27	18	31.49151
27	19	31.50331
27	19	31.51418
27	19	31.52669
27	19	31.54196
27	19	31.5574
27	19	31.57877
27	19	31.59413
27	19	31.60586
27	20	31.61706
27	20	31.62826
27	20	31.64004
27	20	31.65487
27	20	31.66979
27	20	31.68134
27	20	31.69786
27	20	31.70905
27	20	31.72863
27	20	31.74382
27	20	31.75756
27	20	31.77948
26	20	31.80247
26	20	31.82439
26	20	31.84711
26	20	31.8721
26	20	31.90119
25	20	31.91849
25	20	31.93603
25	20	31.96009
25	20	31.98535
25	20	32.00805
25	20	32.02724
25	20	32.05855
25	20	32.07568
25	20	32.09321
25	20	32.11613
25	20	32.13801
25	20	32.16061
25	20	32.18229
25	20	32.20099
25	20	32.213
25	20	32.22497
25	20	32.23725
25	20	32.24899
25	20	32.26144
25	20	32.27335
25	20	32.28493
25	20	32.29835
25	20	32.31007
25	20	32.3222
25	20	32.33393
25	21	32.35194
25	21	32.36585
25	21	32.37799
25	21	32.39501
25	21	32.41061
25	21	32.42265
25	21	32.43443
25	21	32.44693
25	21	32.45888
25	21	32.47097
25	22	32.48265
25	22	32.49616
25	22	32.51856
25	22	32.53422
25	22	32.54623
25	22	32.56176
25	22	32.58426
25	23	32.60925
25	23	32.62943
25	23	32.65403
25	23	32.68217
25	23	32.6995
24	23	32.71806
24	23	32.74059
24	23	32.76339
24	23	32.78835
24	23	32.81171
23	23	32.83879
23	23	32.85593
23	23	32.87532
23	23	32.90028
23	23	32.92423
23	23	32.94289
24	23	32.96619
24	23	32.99749
24	23	33.01477
24	23	33.02711
24	23	33.04052
24	23	33.05286
24	23	33.06553
24	23	33.07796
25	23	33.09003
25	23	33.10289
25	23	33.11531
25	23	33.12753
25	23	33.14795
25	23	33.16064
25	23	33.17431
25	23	33.18633
25	23	33.19918
26	23	33.21302
26	23	33.22515
26	23	33.23986
26	23	33.25714
26	23	33.27316
26	23	33.28562
26	23	33.30839
26	23	33.32355
27	23	33.33424
27	23	33.34535
27	23	33.36614
27	23	33.39079
27	23	33.41332
27	23	33.43282
27	23	33.45544
27	23	33.48597
27	23	33.50401
27	23	33.52222
27	23	33.54462
27	23	33.56676
27	23	33.58913
27	24	33.61246
27	24	33.63986
27	24	33.6572
27	24	33.68326
27	24	33.7065
27	24	33.72452
27	25	33.74639
27	25	33.76979
27	25	33.80108
27	25	33.81798
27	25	33.83579
27	25	33.84801
27	26	33.86119
27	26	33.87408
27	26	33.88911
27	26	33.90321
27	26	33.91526
27	26	33.92732
27	26	33.94849
27	26	33.96405
27	27	33.97636
27	27	33.98841
27	27	34.00103
27	27	34.01556
27	27	34.031
27	27	34.04397
27	27	34.05622
27	27	34.06779
27	27	34.07979
27	28	34.10102
27	28	34.11575
27	28	34.12794
27	28	34.14991
27	28	34.16584
27	28	34.17778
27	28	34.18897
27	28	34.20137
27	29	34.21564
27	29	34.23863
27	29	34.27064
27	29	34.2865
27	29	34.30504
27	29	34.32644
27	30	34.34864
27	30	34.37112
27	30	34.39438
27	30	34.42456
27	30	34.44187
27	30	34.4608
27	30	34.48246
27	30	34.50474
27	30	34.52765
27	30	34.55013
27	30	34.57715
27	30	34.59478
26	30	34.61674
26	30	34.64046
26	30	34.6622
26	30	34.68691
26	30	34.70358
26	30	34.72441
25	30	34.73968
25	30	34.75275
25	30	34.76883
25	30	34.7862
25	30	34.80258
25	30	34.81503
25	30	34.82664
25	30	34.83954
25	30	34.8516
24	30	34.86495
24	30	34.88688
24	30	34.90311
24	30	34.91806
24	30	34.93035
24	30	34.9431
24	30	34.95451
24	30	34.96737
24	30	34.97893
23	30	34.99133
23	30	35.00263
23	30	35.01497
23	30	35.03629
23	30	35.05206
23	30	35.06412
23	30	35.07506
23	30	35.08634
22	30	35.10919
22	30	35.13088
22	30	35.15366
22	30	35.17937
22	30	35.20685
22	30	35.22587
21	30	35.24312
21	30	35.26515
21	30	35.28986
21	30	35.31361
21	30	35.33255
20	30	35.36459
20	30	35.38137
20	30	35.40432
20	30	35.4234
20	30	35.44856
20	30	35.46585
19	30	35.48927
19	30	35.5204
19	30	35.53676
19	30	35.55084
19	30	35.56345
19	30	35.57519
19	30	35.58646
18	30	35.59882
18	30	35.61055
18	30	35.62374
18	30	35.63853
18	30	35.65495
18	30	35.67664
18	30	35.69132
18	30	35.70309
18	30	35.71497
17	30	35.72672
17	30	35.73939
17	30	35.75462
17	30	35.76952
17	30	35.78143
17	30	35.79402
17	30	35.80747
17	30	35.82786
16	30	35.84262
16	30	35.85677
16	30	35.8685
16	30	35.88556
16	30	35.90546
16	30	35.92535
16	30	35.94737
16	29	35.96954
16	29	36.00103
16	29	36.01848
16	29	36.03873
16	29	36.05845
16	29	36.0802
16	28	36.10298
16	28	36.12709
16	28	36.15731
16	28	36.17334
16	28	36.19251
16	27	36.21459
16	27	36.23647
16	27	36.26016
16	27	36.28492
16	27	36.3133
16	26	36.33005
16	26	36.34881
16	26	36.37138
16	26	36.39577
16	26	36.41067
16	26	36.42369
16	26	36.43643
16	26	36.46264
16	26	36.48069
16	26	36.49374
16	26	36.50703
16	26	36.51905
17	26	36.53146
17	26	36.54394
17	26	36.55695
17	26	36.57239
17	26	36.58868
17	26	36.61026
17	26	36.62615
17	26	36.63823
18	26	36.65811
18	26	36.67316
18	26	36.68555
18	26	36.70154
18	26	36.71701
18	26	36.72956
18	26	36.74154
18	26	36.76477
19	26	36.78049
19	26	36.79268
19	26	36.80661
19	26	36.83205
19	26	36.85431
19	26	36.87373
20	26	36.897
20	26	36.92692
20	26	36.94491
20	26	36.96532
20	26	36.98531
20	26	37.00711
21	26	37.03
21	26	37.05279
21	26	37.08759
21	26	37.10552
21	26	37.1211
22	26	37.1418
22	26	37.16379
22	26	37.18636
22	26	37.21236
22	26	37.23935
22	26	37.25608
23	26	37.26847
23	26	37.28059
23	26	37.29268
23	26	37.30767
23	26	37.32306
23	26	37.33591
23	26	37.34851
23	26	37.3627
24	26	37.38438
24	26	37.39942
24	26	37.41264
24	26	37.42748
24	26	37.44284
24	26	37.45449
24	26	37.46665
24	26	37.48387
24	26	37.49656
25	26	37.50874
25	26	37.52031
25	26	37.54538
25	26	37.56462
25	26	37.5783
25	26	37.59073
25	26	37.60279
25	26	37.62157
26	26	37.64415
26	26	37.66711
26	26	37.69163
26	26	37.72055
26	26	37.73833
27	26	37.75569
27	26	37.77816
27	26	37.8006
27	26	37.82269
27	26	37.84524
26	26	37.87394
26	26	37.89053
26	26	37.91232
26	26	37.93428
26	26	37.95667
26	26	37.97895
25	26	38.00158
25	26	38.03008
25	26	38.04717
25	26	38.06831
25	26	38.09154
25	26	38.10324
25	26	38.11473
24	26	38.12614
24	26	38.13765
24	26	38.14891
24	26	38.16092
24	26	38.18305
24	26	38.19674
24	26	38.20968
24	26	38.2244
23	26	38.23887
23	26	38.25275
23	26	38.26691
23	26	38.27911
23	26	38.29074
23	26	38.30214
23	26	38.31384
23	26	38.33425
23	26	38.3466
23	26	38.35925
22	26	38.37189
22	26	38.38409
22	26	38.39584
22	26	38.40782
22	26	38.41938
22	26	38.43299
22	26	38.44447
22	26	38.45599
22	26	38.4688
21	26	38.48645
21	26	38.49866
21	26	38.50997
21	26	38.52252
21	26	38.53728
21	26	38.55972
21	26	38.58224
21	26	38.60439
20	26	38.62823
20	26	38.65439
20	26	38.67166
20	26	38.69603
20	26	38.71635
19	26	38.73993
19	26	38.76241
19	26	38.78379
19	26	38.81184
19	26	38.82888
18	26	38.85156
18	26	38.87366
18	26	38.89616
18	26	38.91776
18	26	38.93947
18	26	38.96783
17	26	38.98458
17	26	38.99712
17	26	39.0084
17	26	39.01971
17	26	39.0321
17	26	39.04389
17	26	39.0554
17	26	39.06708
17	26	39.07872
17	26	39.09029
16	26	39.10937
16	26	39.12829
16	26	39.14019
16	26	39.15199
16	26	39.1638
16	26	39.17581
16	26	39.18811
16	26	39.20007
16	26	39.21222
16	26	39.22435
16	26	39.23798
16	26	39.25084
16	26	39.26889
16	26	39.28113
16	27	39.29389
16	27	39.30607
16	27	39.31826
16	27	39.33072
16	27	39.34376
16	27	39.35733
16	27	39.37053
16	27	39.38242
16	27	39.39485
16	28	39.40579
16	28	39.42567
16	28	39.44246
16	28	39.46525
16	28	39.48782
16	28	39.51009
16	29	39.5325
16	29	39.55621
16	29	39.58285
16	29	39.59949
16	29	39.62143
16	29	39.64436
16	30	39.66636
16	30	39.68923
16	30	39.71119
16	30	39.73853
16	30	39.75573
17	30	39.77758
17	30	39.80019
17	30	39.82428
17	30	39.84645
17	30	39.86817
17	30	39.88657
18	30	39.90007
18	30	39.91211
18	30	39.92444
18	30	39.9362
18	30	39.948
18	30	39.96111
18	30	39.97315
18	30	39.98501
18	30	39.9978
18	30	40.00912
19	30	40.02173
19	30	40.03931
19	30	40.0518
19	30	40.06419
19	30	40.07623
19	30	40.08752
19	30	40.09962
19	30	40.11214
19	30	40.12481
19	30	40.13684
20	30	40.14922
20	30	40.16139
20	30	40.17347
20	30	40.19098
20	30	40.2025
20	30	40.21436
20	30	40.23528
20	30	40.25779
21	30	40.28062
21	30	40.3022
21	30	40.32546
21	30	40.35304
21	30	40.3696
22	30	40.3925
22	30	40.41481
22	30	40.43678
22	30	40.45926
22	30	40.48222
22	29	40.5103
22	29	40.52729
22	29	40.55025
22	29	40.57523
22	29	40.59719
22	29	40.61554
22	28	40.63823
22	28	40.66956
22	28	40.686
22	28	40.69834
22	28	40.71274
22	28	40.72852
22	28	40.74048
22	27	40.75223
22	27	40.76385
22	27	40.77703
22	27	40.79425
22	27	40.81614
22	27	40.83118
22	27	40.84268
22	27	40.85459
22	27	40.86633
22	26	40.87828
22	26	40.8905
22	26	40.90432
22	26	40.91774
22	26	40.92998
22	26	40.94213
22	26	40.95404
22	26	40.97195
22	26	40.98408
23	26	40.996
23	26	41.00732
23	26	41.01837
23	26	41.03936
23	26	41.0627
23	26	41.08406
23	26	41.10682
24	26	41.13513
24	26	41.15126
24	26	41.17402
24	26	41.19588
24	26	41.21767
25	26	41.24035
25	26	41.26367
25	26	41.29087
25	26	41.30747
25	26	41.32997
25	26	41.35363
26	26	41.37513
26	26	41.39734
26	26	41.42093
26	26	41.44744
26	26	41.46517
27	26	41.48634
27	26	41.50942
27	26	41.52212
27	26	41.55704
27	26	41.57113
27	26	41.58958
27	26	41.6067
27	26	41.61892
27	26	41.6305
27	26	41.64241
27	26	41.65406
27	26	41.66613
27	26	41.67846
27	26	41.68967
27	26	41.70132
27	26	41.71227
27	26	41.72394
27	26	41.74224
27	26	41.75386
27	26	41.7655
27	26	41.77664
27	26	41.78845
27	26	41.80061
27	26	41.81181
27	26	41.82261
27	26	41.83417
27	26	41.84618
27	26	41.85723
27	26	41.86909
27	26	41.88134
27	25	41.89861
27	25	41.91012
27	25	41.92225
27	25	41.93454
27	25	41.94627
27	25	41.95795
27	25	41.96959
27	25	41.98117
27	25	41.99258
27	24	42.00494
27	24	42.01638
27	24	42.02808
27	24	42.04098
27	24	42.05806
27	24	42.07248
27	24	42.08628
27	24	42.09989
27	24	42.11244
27	24	42.1258
27	23	42.13788
27	23	42.14889
27	23	42.16727
27	23	42.18953
27	23	42.21257
27	23	42.23977
27	23	42.25665
27	23	42.2797
27	23	42.30164
27	23	42.32399
27	23	42.34629
27	23	42.36927
26	23	42.39663
26	23	42.41375
26	23	42.43512
26	23	42.45798
26	23	42.48058
26	23	42.50375
25	23	42.52678
25	23	42.55368
25	23	42.56998
25	23	42.59187
25	23	42.61452
24	23	42.63675
24	23	42.64828
24	23	42.66045
24	23	42.67234
24	23	42.68329
24	23	42.70072
24	23	42.71217
24	23	42.72892
24	23	42.74109
23	23	42.75917
23	23	42.77121
23	23	42.78318
23	23	42.79511
23	23	42.80643
23	23	42.81806
23	23	42.82972
23	23	42.84103
23	23	42.85881
22	23	42.8713
22	23	42.88276
22	23	42.89523
22	23	42.90974
22	23	42.92643
22	23	42.93874
22	23	42.95087
22	23	42.96243
22	23	42.97348
22	23	42.98603
22	23	42.99847
22	23	43.02041
22	23	43.03535
22	23	43.04679
22	23	43.05744
22	23	43.07224
22	23	43.09447
22	23	43.11675
22	23	43.13887
22	23	43.16198
22	23	43.18966
22	23	43.20782
22	23	43.22985
22	23	43.25121
22	23	43.27419
22	23	43.29636
22	23	43.31868
22	23	43.34793
22	23	43.3654
22	23	43.3857
22	23	43.40723
22	23	43.43022
22	23	43.45166
22	23	43.47474
22	24	43.50201
22	24	43.51889
22	24	43.53101
22	24	43.54548
22	24	43.56227
22	24	43.57408
22	24	43.58551
22	24	43.59802
22	24	43.60956
22	25	43.62218
22	25	43.63479
22	25	43.65626
22	25	43.67181
22	25	43.68394
22	25	43.69652
22	25	43.70787
22	25	43.71939
22	25	43.73096
22	26	43.74258
22	26	43.75383
22	26	43.76582
22	26	43.77754
22	26	43.78935
22	26	43.8112
22	26	43.82539
22	26	43.83719
22	26	43.84861
22	27	43.8652
22	27	43.8764
22	27	43.88774
22	27	43.89943
22	27	43.91118
22	27	43.92232
22	27	43.93406
22	27	43.9467
22	27	43.96323
22	27	43.97721
22	26	43.99933
22	26	44.02322
22	26	44.04531
22	26	44.06718
22	26	44.08871
22	25	44.11129
22	25	44.13882
22	25	44.15593
22	25	44.17793
22	25	44.20034
22	25	44.22259
22	24	44.245
22	24	44.26763
22	24	44.2975
22	24	44.31383
22	24	44.33554
22	23	44.35914
22	23	44.37942
22	23	44.40239
22	23	44.42464
22	23	44.45372
22	23	44.46838
22	22	44.48074
22	22	44.49301
22	22	44.50622
22	22	44.52212
22	22	44.53739
22	22	44.54862
22	22	44.56117
22	22	44.57393
22	22	44.58681
22	21	44.60823
22	21	44.62423
22	21	44.63906
22	21	44.65113
22	21	44.66416
22	21	44.67551
22	21	44.68756
22	21	44.69888
22	21	44.71004
22	20	44.72274
22	20	44.73784
22	20	44.76387
22	20	44.78438
22	20	44.79737
22	20	44.80919
22	20	44.81945
22	20	44.83096
22	19	44.84849
22	19	44.87059
22	19	44.89346
22	19	44.92471
22	19	44.94086
22	18	44.96057
22	18	44.98212
22	18	45.00457
22	18	45.02931
22	18	45.05343
22	18	45.08095
22	17	45.09825
22	17	45.11684
22	17	45.14189
22	17	45.1642
22	17	45.18382
23	17	45.20627
23	17	45.23692
23	17	45.25491
23	17	45.27592
23	17	45.29576
23	17	45.30748
23	17	45.3183
24	17	45.32936
24	17	45.3403
24	17	45.35332
24	17	45.37132
24	17	45.39808
24	17	45.41561
24	17	45.42783
24	17	45.43921
25	17	45.45037
25	17	45.46215
25	17	45.47411
25	17	45.48874
25	17	45.50352
25	17	45.51488
25	17	45.52727
25	17	45.55056
25	17	45.56547
26	17	45.57754
26	17	45.58909
26	17	45.60154
26	17	45.61635
26	17	45.63099
26	17	45.64238
26	17	45.65376
26	17	45.66553
26	17	45.67611
27	17	45.69715
27	17	45.7278
27	17	45.74499
27	17	45.76474
27	17	45.78638
27	17	45.80867
27	16	45.83126
27	16	45.8541
27	16	45.88128
27	16	45.8984
27	16	45.92184
27	15	45.94436
27	15	45.9669
27	15	45.98802
27	15	46.01057
27	15	46.03791
27	15	46.05466
27	14	46.07706
27	14	46.0998
27	14	46.12124
27	14	46.14436
27	14	46.16702
26	14	46.18315
26	14	46.19523
26	14	46.20611
26	14	46.21774
26	14	46.22878
26	14	46.2405
26	14	46.25084
26	14	46.26106
26	14	46.27259
26	14	46.28384
26	14	46.29605
25	14	46.30758
25	14	46.31944
25	14	46.34229
25	14	46.35416
25	14	46.3668
25	14	46.3785
25	14	46.38965
25	14	46.40107
25	14	46.41304
25	14	46.42456
25	14	46.43594
25	14	46.44704
25	14	46.45825
25	14	46.47176
25	14	46.49293
25	14	46.50474
25	14	46.5171
25	14	46.52825
25	14	46.53938
25	14	46.55181
25	14	46.56317
25	14	46.57474
25	14	46.58723
25	14	46.59806
25	14	46.60912
25	14	46.62052
25	14	46.63181
25	14	46.64824
25	14	46.65936
25	14	46.67061
25	14	46.69113
25	14	46.71363
25	14	46.73607
25	14	46.75841
25	14	46.7813
25	14	46.80497
25	14	46.83107
25	14	46.84755
25	14	46.86976
25	14	46.89233
25	13	46.91459
25	13	46.93647
25	13	46.95938
25	13	46.98925
25	13	47.00503
25	13	47.02644
25	12	47.04887
25	12	47.07149
25	12	47.09359
25	12	47.11635
25	12	47.14402
25	11	47.15575
25	11	47.16736
25	11	47.17883
25	11	47.19035
25	11	47.20144
25	11	47.21241
25	11	47.22394
25	11	47.23569
25	11	47.24704
25	11	47.25833
25	11	47.27135
25	11	47.28909
25	11	47.30098
25	11	47.312
25	11	47.32336
25	11	47.33512
25	11	47.34747
25	11	47.35961
25	11	47.37136
25	11	47.38337
25	11	47.39434
25	11	47.40653
25	11	47.41803
25	11	47.42962
25	11	47.45147
25	11	47.46276
25	11	47.47428
25	11	47.48554
25	11	47.49715
24	11	47.50888
24	11	47.52044
24	11	47.53202
24	11	47.54441
24	11	47.55601
24	11	47.56711
24	11	47.5811
24	11	47.60187
24	11	47.6151
23	11	47.62682
23	11	47.63865
23	11	47.65266
23	11	47.6749
23	11	47.69695
23	11	47.72008
23	11	47.74224
22	11	47.77384
22	11	47.78793
22	11	47.80813
22	11	47.83056
22	11	47.85271
21	11	47.87508
21	11	47.89822
21	11	47.92546
21	11	47.94258
21	11	47.96521
21	11	47.98736
20	11	48.00888
20	11	48.0317
20	11	48.05423
20	11	48.08132
20	11	48.0942
20	11	48.10685
19	11	48.11892
19	11	48.13019
19	11	48.14244
19	11	48.15348
19	11	48.1651
19	11	48.17696
19	11	48.18851
19	11	48.19962
19	11	48.21096
19	11	48.22797
18	11	48.23963
18	11	48.25042
18	11	48.26171
18	11	48.27354
18	11	48.28504
18	11	48.2968
18	11	48.30959
18	11	48.32102
18	11	48.33242
18	11	48.34335
18	11	48.35598
17	11	48.36879
17	11	48.39814
17	11	48.41129
17	11	48.42416
17	11	48.43636
17	11	48.44757
17	11	48.45907
17	11	48.47149
16	11	48.48266
16	11	48.49319
16	11	48.50362
16	11	48.52307
16	11	48.5517
16	11	48.56882
16	11	48.58979
15	11	48.61217
15	11	48.6348
15	11	48.65699
15	11	48.67966
15	11	48.70739
15	11	48.72598
14	11	48.74799
14	11	48.76991
14	11	48.79256
14	11	48.81316
14	11	48.83667
13	11	48.86425
13	11	48.88089
13	11	48.90344
13	11	48.92561
13	11	48.94769
13	11	48.97054
12	11	48.99299
12	11	49.0121
12	11	49.02465
12	11	49.03642
12	11	49.04858
12	11	49.06015
12	11	49.07232
12	11	49.08495
13	11	49.09872
13	11	49.11214
13	11	49.1265
13	11	49.14151
13	11	49.15551
13	11	49.17596
13	11	49.1876
13	11	49.20057
13	11	49.21222
14	11	49.22458
14	11	49.23648
14	11	49.24842
14	11	49.26049
14	11	49.27254
14	11	49.2841
14	11	49.2965
14	11	49.30834
14	11	49.32696
15	11	49.33848
15	11	49.35054
15	11	49.3728
15	11	49.395
15	11	49.41715
15	11	49.43929
16	11	49.46207
16	11	49.4907
16	11	49.50669
16	11	49.52903
16	11	49.55082
16	11	49.57399
17	11	49.59689
17	11	49.61963
17	11	49.64788
17	11	49.66352
17	11	49.68627
18	11	49.70688
18	11	49.73033
18	11	49.75191
18	11	49.77496
18	11	49.80295
18	11	49.81902
19	11	49.83212
19	11	49.84588
19	11	49.86004
19	11	49.87418
19	11	49.88734
19	11	49.9051
19	11	49.91752
19	11	49.93014
19	11	49.94757
20	11	49.95884
20	11	49.97173
20	11	49.98376
20	11	49.99572
20	11	50.00779
20	11	50.02116
20	11	50.03377
20	11	50.04585
20	11	50.05798
20	11	50.07051
21	11	50.0821
21	11	50.10088
21	11	50.11345
21	11	50.12603
21	11	50.13771
21	11	50.14945
21	11	50.16541
21	11	50.18793
22	11	50.20982
22	11	50.23319
22	11	50.2608
22	11	50.27861
22	11	50.30066
22	12	50.32262
22	12	50.34421
22	12	50.36727
22	12	50.39211
22	12	50.41991
22	13	50.43775
22	13	50.45631
22	13	50.47822
22	13	50.50323
22	13	50.52594
22	13	50.54657
22	14	50.57671
22	14	50.59416
22	14	50.61443
22	14	50.63486
22	14	50.64617
22	14	50.65799
22	14	50.67003
22	14	50.68164
22	15	50.69378
22	15	50.70672
22	15	50.72719
22	15	50.74395
22	15	50.75553
22	15	50.76748
22	15	50.77915
22	15	50.7903
22	15	50.80171
22	16	50.81289
22	16	50.82507
22	16	50.83936
22	16	50.86014
22	16	50.8854
22	16	50.90202
22	16	50.9144
22	16	50.92596
22	17	50.93775
22	17	50.94918
22	17	50.96085
22	17	50.97273
22	17	50.98438
22	17	50.99589
22	17	51.00739
22	17	51.01984
22	17	51.04273
22	18	51.05401
22	18	51.06537
22	18	51.08139
22	18	51.10318
22	18	51.1263
22	18	51.14761
22	18	51.17024
22	19	51.19775
22	19	51.21502
22	19	51.23739
22	19	51.25928
22	19	51.28152
22	20	51.30424
22	20	51.32671
22	20	51.3545
22	20	51.37111
22	20	51.39415
21	20	51.41756
21	20	51.43872
21	20	51.46181
21	20	51.48751
21	20	51.5167
21	20	51.53329
20	20	51.55045
20	20	51.56559
20	20	51.584
20	20	51.60218
20	20	51.61473
20	20	51.62669
20	20	51.6385
19	20	51.66043
19	20	51.67554
19	20	51.68707
19	20	51.7024
19	20	51.71687
19	20	51.72958
19	20	51.74141
19	20	51.75286
19	20	51.76451
19	20	51.77629
18	20	51.78877
18	20	51.81112
18	20	51.8261
18	20	51.84016
18	20	51.85183
18	20	51.86341
18	20	51.87599
18	20	51.88565
18	20	51.89556
17	20	51.91844
17	20	51.94164
17	20	51.97314
17	20	51.99011
17	20	52.00835
16	20	52.03067
16	20	52.05289
16	20	52.07564
16	20	52.10052
16	20	52.12886
16	20	52.14684
15	20	52.16469
15	20	52.18741
15	20	52.21213
15	20	52.23397
15	20	52.25516
14	20	52.28472
14	20	52.30302
14	20	52.32426
14	20	52.3437
14	20	52.36602
14	20	52.38857
13	20	52.39994
13	20	52.41262
13	20	52.43869
13	20	52.45634
13	20	52.4692
13	20	52.48282
13	20	52.49703
13	20	52.51062
12	20	52.5235
12	20	52.53709
12	20	52.55089
12	20	52.56823
12	20	52.59172
12	20	52.60764
12	20	52.62067
12	20	52.63305
11	20	52.64469
11	20	52.65755
11	20	52.67009
11	20	52.68613
11	20	52.70232
11	20	52.71461
11	20	52.72874
11	20	52.75042
10	20	52.76856
10	20	52.77967
10	20	52.79236
10	20	52.81598
10	20	52.83762
10	20	52.85746
10	20	52.88209
10	19	52.911
10	19	52.9297
10	19	52.94909
10	19	52.96925
10	19	52.99239
10	18	53.01372
10	18	53.03732
10	18	53.06855
10	18	53.08614
10	18	53.10375
10	17	53.12681
10	17	53.14756
10	17	53.17247
10	17	53.19756
10	17	53.22685
10	17	53.24731
10	16	53.26015
10	16	53.27397
10	16	53.28973
10	16	53.30479
10	16	53.31771
10	16	53.32979
10	16	53.34246
10	16	53.35608
10	15	53.37939
10	15	53.39431
10	15	53.40751
10	15	53.42324
10	15	53.43803
10	15	53.45004
10	15	53.46228
10	15	53.4748
10	15	53.48709
10	14	53.49941
10	14	53.51151
10	14	53.53825
10	14	53.55418
10	14	53.56586
10	14	53.57911
10	14	53.58983
10	14	53.60608
10	13	53.62778
10	13	53.65218
10	13	53.67874
10	13	53.7067
10	13	53.72337
10	12	53.7405
10	12	53.76255
10	12	53.78532
10	12	53.81249
10	12	53.83345
10	11	53.86132
10	11	53.87926
10	11	53.89659
10	11	53.91837
10	11	53.94101
10	11	53.96357
10	12	53.98585
10	12	54.0132
10	12	54.03026
10	12	54.05274
10	12	54.07555
10	12	54.0872
10	12	54.09924
10	13	54.11094
10	13	54.12331
10	13	54.13679
10	13	54.15506
10	13	54.16751
10	13	54.17963
10	13	54.19205
10	13	54.20426
10	13	54.21601
10	14	54.22875
10	14	54.24099
10	14	54.25647
10	14	54.27236
10	14	54.28621
10	14	54.29984
10	14	54.31945
10	14	54.33213
10	14	54.34573
11	14	54.3591
11	14	54.37207
11	14	54.38376
11	14	54.39923
11	14	54.41468
11	14	54.42588
11	14	54.43793
11	14	54.45489
12	14	54.48611
12	14	54.50515
12	14	54.52496
12	14	54.54419
12	14	54.56678
12	14	54.58876
13	14	54.61105
13	14	54.64261
13	14	54.66007
13	14	54.67837
13	14	54.69999
14	14	54.72295
14	14	54.74502
14	14	54.76791
14	14	54.7991
14	14	54.82108
14	14	54.8368
15	14	54.85865
15	14	54.88073
15	14	54.90568
15	14	54.92742
15	14	54.95552
16	14	54.97091
16	14	54.98323
16	14	54.99694
16	14	55.01319
16	14	55.028
16	14	55.04053
16	14	55.05297
16	14	55.06613
16	14	55.07953
17	14	55.10083
17	14	55.11637
17	14	55.13299
17	14	55.14447
17	14	55.15639
17	14	55.1685
17	14	55.18045
17	14	55.19279
18	14	55.20445
18	14	55.21621
18	14	55.22998
18	14	55.25279
18	14	55.26909
18	14	55.28098
18	14	55.29301
18	14	55.30421
18	14	55.31532
19	14	55.33725
19	14	55.36003
19	14	55.38218
19	14	55.41589
19	14	55.43386
19	14	55.44981
19	15	55.47164
19	15	55.49363
19	15	55.51577
19	15	55.54248
19	15	55.5697
19	15	55.58708
19	16	55.60529
19	16	55.62778
19	16	55.65239
19	16	55.67512
19	16	55.69501
19	17	55.72615
19	17	55.74374
19	17	55.76185
19	17	55.77591
19	17	55.79113
19	17	55.80265
19	17	55.81419
19	17	55.8261
19	18	55.83787
19	18	55.8505
19	18	55.87279
19	18	55.88746
19	18	55.89921
19	18	55.91221
19	18	55.92627
19	18	55.93789
19	18	55.95016
19	19	55.96262
19	19	55.97478
19	19	55.9874
19	19	56.00866
19	19	56.03106
19	19	56.04661
19	19	56.0577
19	19	56.06978
19	20	56.08336
19	20	56.09564
19	20	56.10719
19	20	56.11839
19	20	56.13094
19	20	56.1516
19	20	56.17474
19	20	56.20238
19	20	56.21906
19	19	56.24206
19	19	56.26378
19	19	56.28606
19	19	56.30886
19	19	56.33164
19	18	56.36139
19	18	56.37587
19	18	56.39851
19	18	56.41985
19	18	56.44278
19	18	56.46535
19	17	56.48777
19	17	56.51553
19	17	56.53261
19	17	56.55577
19	17	56.57793
19	17	56.6003
19	16	56.62172
19	16	56.63401
19	16	56.64615
19	16	56.66529
19	16	56.67876
19	16	56.69075
19	16	56.70385
19	16	56.7165
19	15	56.72883
19	15	56.74151
19	15	56.75297
19	15	56.76683
19	15	56.77853
19	15	56.79043
19	15	56.80241
19	15	56.81956
19	15	56.8319
19	15	56.84324
19	14	56.85471
19	14	56.86605
19	14	56.87756
19	14	56.88877
19	14	56.90067
19	14	56.91218
19	14	56.92697
19	14	56.94149
19	14	56.95321
19	14	56.97087
19	13	56.98269
19	13	56.99468
19	13	57.00883
19	13	57.02221
19	13	57.03513
19	13	57.0569
19	13	57.0797
19	12	57.1014
19	12	57.12505
19	12	57.15574
19	12	57.1724
19	12	57.19094
19	12	57.21334
19	11	57.23516
19	11	57.25835
19	11	57.28098
19	11	57.31165
19	11	57.32906
20	11	57.34744
20	11	57.3693
20	11	57.39232
20	11	57.41447
20	11	57.43682
21	11	57.4643
21	11	57.48177
21	11	57.50487
21	11	57.51698
21	11	57.52983
21	11	57.54193
21	11	57.5568
21	11	57.5704
22	11	57.58379
22	11	57.59968
22	11	57.61872
22	11	57.6323
22	11	57.64365
22	11	57.65625
22	11	57.66898
22	11	57.67992
22	11	57.69265
22	11	57.7039
22	12	57.71515
22	12	57.72743
22	12	57.73895
22	12	57.75111
22	12	57.76959
22	12	57.78114
22	12	57.79404
22	12	57.80568
22	12	57.81704
22	13	57.8283
22	13	57.83996
22	13	57.85141
22	13	57.86385
22	13	57.87475
22	13	57.88549
22	13	57.90613
22	13	57.93343
22	14	57.95025
22	14	57.97235
22	14	57.99531
22	14	58.01655
22	14	58.03927
22	14	58.06308
22	15	58.08959
22	15	58.10714
22	15	58.12988
22	15	58.15107
22	15	58.17381
22	16	58.19629
22	16	58.21833
22	16	58.24625
22	16	58.26627
22	16	58.28705
22	16	58.30798
22	17	58.33106
22	17	58.35292
22	17	58.37618
22	17	58.39491
22	17	58.40792
22	17	58.41971
22	17	58.43293
22	18	58.44429
22	18	58.46182
22	18	58.47355
22	18	58.48513
22	18	58.49669
22	18	58.50846
22	18	58.52025
22	18	58.53253
22	18	58.55057
22	19	58.56315
22	19	58.5747
22	19	58.58541
22	19	58.59735
22	19	58.60858
22	19	58.62009
22	19	58.63213
22	19	58.64372
22	19	58.65506
22	19	58.66664
22	19	58.67829
22	20	58.69041
22	20	58.70883
22	20	58.72115
22	20	58.73676
22	20	58.75006
22	20	58.76319
22	20	58.77547
22	20	58.78802
22	20	58.79927
21	20	58.81042
21	20	58.82138
21	20	58.83259
21	20	58.84416
21	20	58.87292
21	20	58.889
21	20	58.9108
20	20	58.93353
20	20	58.95799
20	20	58.97802
20	20	59.00055
20	20	59.02829
20	20	59.0456
19	20	59.06765
19	20	59.08993
19	20	59.11311
19	20	59.13462
19	20	59.1572
18	20	59.18499
18	20	59.2021
18	20	59.22379
18	20	59.24651
18	20	59.2685
18	20	59.29247
17	20	59.31552
17	20	59.34424
17	20	59.35762
17	20	59.36962
17	20	59.38147
17	20	59.39298
17	20	59.40463
16	20	59.41672
16	20	59.42861
16	20	59.4404
16	20	59.45216
16	20	59.465
16	20	59.47728
16	20	59.49532
16	20	59.5076
16	20	59.51893
16	20	59.5309
16	21	59.54382
16	21	59.55672
16	21	59.56915
16	21	59.58425
16	21	59.60516
16	21	59.61756
16	21	59.62991
16	21	59.65127
16	22	59.66668
16	22	59.67743
16	22	59.69013
16	22	59.70779
16	22	59.73217
16	22	59.75033
16	22	59.77289
16	23	59.79592
16	23	59.82616
16	23	59.84175
16	23	59.86178
16	23	59.88437
16	23	59.90667
16	23	59.9288
16	23	59.95077
16	23	59.98402
16	23	60.0016
16	23	60.01733
16	23	60.04018
17	23	60.06182
17	23	60.08398
17	23	60.1073
17	23	60.13812
17	23	60.15427
17	23	60.16725
17	23	60.17968
18	23	60.19165
18	23	60.20411
18	23	60.21655
18	23	60.23187
18	23	60.24812
18	23	60.26033
18	23	60.28209
18	23	60.2975
19	23	60.30885
19	23	60.32013
19	23	60.33366
19	23	60.34821
19	23	60.36468
19	23	60.37906
19	23	60.3915
19	23	60.40411
19	23	60.41635
19	23	60.43868
19	23	60.45337
19	23	60.46576
19	23	60.47782
19	23	60.48899
19	23	60.50101
19	23	60.51326
19	23	60.52433
19	23	60.53547
19	23	60.54664
19	23	60.56437
19	23	60.58707
19	23	60.61398
19	23	60.63158
19	23	60.65391
19	23	60.67577
19	23	60.69862
19	23	60.72029
19	23	60.74342
19	23	60.77128
19	23	60.78984
19	23	60.81132
19	23	60.83363
19	23	60.85948
19	23	60.87724
19	23	60.89989
19	23	60.92744
19	23	60.94429
19	23	60.96629
19	23	60.9908
19	23	61.01254
19	23	61.03511
19	23	61.04803
19	23	61.06203
19	23	61.08235
19	23	61.09415
19	23	61.10712
19	23	61.11851
19	23	61.13097
19	23	61.14388
19	23	61.15571
19	23	61.16842
19	23	61.18034
19	23	61.19189
19	23	61.20362
19	23	61.21543
19	23	61.23345
19	23	61.24499
19	23	61.25624
19	23	61.26895
19	23	61.2805
19	23	61.29331
19	23	61.30556
19	23	61.31735
19	23	61.32912
19	23	61.33969
19	23	61.35124
19	23	61.36438
19	23	61.37639
19	23	61.39303
19	23	61.40456
19	23	61.4249
19	23	61.44679
19	23	61.46888
19	23	61.49153
19	23	61.51403
19	23	61.53598
19	23	61.5668
19	23	61.58205
19	23	61.603
19	23	61.62514
19	23	61.64841
19	23	61.67039
19	23	61.69269
19	23	61.7204
19	23	61.73701
19	23	61.75945
19	23	61.78216
19	23	61.80412
19	23	61.82618
19	23	61.84951
19	23	61.87609
19	23	61.88742
19	23	61.89937
19	23	61.91173
19	23	61.92314
19	23	61.93388
19	23	61.94505
19	23	61.95597
19	23	61.96759
19	23	61.97871
19	23	61.98961
19	23	62.00121
19	24	62.01892
19	24	62.03077
19	24	62.04284
19	24	62.06619
19	24	62.08266
19	24	62.09747
19	24	62.11007
19	24	62.12344
19	24	62.13719
19	25	62.15018
19	25	62.16427
19	25	62.18894
19	25	62.20415
19	25	62.21582
19	25	62.22828
19	25	62.24036
19	25	62.25225
19	26	62.26348
19	26	62.27531
19	26	62.29621
19	26	62.31777
19	26	62.34511
19	26	62.36415
19	26	62.38501
19	26	62.40797
19	26	62.42962
19	26	62.45192
19	26	62.47385
19	26	62.50236
19	26	62.51932
19	26	62.54129
19	26	62.56342
19	26	62.58596
19	26	62.60798
19	25	62.63113
19	25	62.65911
19	25	62.67702
19	25	62.69892
19	25	62.72082
19	25	62.74257
19	24	62.76603
19	24	62.77851
19	24	62.79123
19	24	62.81089
19	24	62.82412
19	24	62.83643
19	24	62.85015
19	24	62.86358
19	23	62.87598
19	23	62.88775
19	23	62.89939
19	23	62.91205
19	23	62.9238
19	23	62.93555
19	23	62.94764
19	23	62.96492
19	23	62.97657
19	23	62.98807
19	23	63.0007
19	23	63.01605
19	23	63.02961
19	23	63.04036
19	23	63.05232
19	23	63.06403
19	23	63.07716
19	23	63.08999
19	23	63.10297
19	23	63.12002
19	23	63.1346
18	23	63.15534
18	23	63.17903
18	23	63.20064
18	23	63.22377
18	23	63.24645
18	23	63.26882
17	23	63.29676
17	23	63.31225
17	23	63.33456
17	23	63.35759
17	23	63.37957
16	23	63.40144
16	23	63.42431
16	23	63.45102
16	23	63.47475
16	23	63.48618
16	23	63.5134
16	23	63.53765
16	23	63.56058
16	23	63.58276
16	23	63.61028
16	23	63.62964
16	23	63.64346
16	23	63.65435
16	23	63.66652
16	23	63.67807
16	22	63.69089
16	22	63.70242
16	22	63.71422
16	22	63.72644
16	22	63.7397
16	22	63.76185
16	22	63.77518
16	22	63.78819
16	22	63.80093
16	21	63.81271
16	21	63.82404
16	21	63.83565
16	21	63.84677
16	21	63.85863
16	21	63.87163
16	21	63.88314
16	21	63.89544
16	21	63.91239
16	21	63.92384
16	20	63.93474
16	20	63.94607
16	20	63.95751
16	20	63.96967
16	20	63.98114
16	20	63.99242
16	20	64.00447
16	20	64.01657
16	20	64.02616
16	20	64.03677
16	20	64.05561
16	20	64.08311
16	20	64.10056
16	20	64.12247
16	20	64.14605
16	20	64.1687
16	20	64.19068
16	20	64.21413
16	20	64.24127
16	20	64.25828
16	20	64.28111
16	20	64.3028
16	20	64.32519
15	20	64.34752
15	20	64.37149
15	20	64.40253
15	20	64.41683
15	20	64.43751
15	20	64.45956
14	20	64.48219
14	20	64.50468
14	20	64.52655
14	20	64.55036
14	20	64.56307
14	20	64.57447
13	20	64.58617
13	20	64.59854
13	20	64.61008
13	20	64.62201
13	20	64.63365
13	20	64.64618
13	20	64.65752
13	20	64.67035
13	20	64.68188
13	20	64.70051
12	20	64.71169
12	20	64.72359
12	20	64.73479
12	20	64.74586
12	20	64.7579
12	20	64.76913
12	20	64.78098
12	20	64.79336
12	20	64.80524
12	20	64.81654
11	20	64.82822
11	20	64.84178
11	20	64.86111
11	20	64.87426
11	20	64.89494
11	20	64.91699
11	20	64.93953
10	20	64.9622
10	20	64.98431
10	20	65.0069
10	20	65.03629
10	20	65.05396
9	20	65.07374
9	20	65.09657
9	20	65.11863
9	20	65.14388
9	20	65.16738
8	20	65.19511
8	20	65.21229
8	20	65.23179
8	20	65.25576
8	20	65.27818
8	20	65.29748
7	20	65.32135
7	20	65.35181
7	20	65.36895
7	20	65.38362
7	20	65.39706
7	20	65.41173
7	20	65.42503
7	21	65.43822
7	21	65.45139
7	21	65.46429
7	21	65.48109
7	21	65.50267
7	21	65.51778
7	21	65.52973
7	21	65.54174
7	21	65.55398
7	22	65.566
7	22	65.57755
7	22	65.58985
7	22	65.60496
7	22	65.62021
7	22	65.63267
7	22	65.65361
7	22	65.6684
7	22	65.67942
7	23	65.69659
7	23	65.71121
7	23	65.73608
7	23	65.75912
7	23	65.77795
7	23	65.80164
7	24	65.83273
7	24	65.8503
7	24	65.87012
7	24	65.89046
7	24	65.91212
7	25	65.93465
7	25	65.95773
7	25	65.98885
7	25	66.00842
7	25	66.02467
7	25	66.04818
7	26	66.06982
7	26	66.09113
7	26	66.11707
7	26	66.14414
7	26	66.16091
7	27	66.18015
7	27	66.19167
7	27	66.20374
7	27	66.21806
7	27	66.23614
7	27	66.24796
7	27	66.26
7	27	66.2722
7	28	66.29353
7	28	66.30856
7	28	66.32059
7	28	66.33783
7	28	66.35474
7	28	66.36623
7	28	66.37725
7	28	66.38883
7	28	66.40028
7	28	66.41263
7	29	66.42454
7	29	66.44677
7	29	66.46307
7	29	66.47845
7	29	66.4896
7	29	66.5021
7	29	66.51278
7	29	66.52331
7	29	66.5375
7	30	66.56146
7	30	66.58364
7	30	66.6141
7	30	66.63192
7	30	66.64968
7	30	66.67159
8	30	66.69464
8	30	66.71741
8	30	66.73983
8	30	66.76954
8	30	66.78753
8	30	66.80559
9	30	66.82818
9	30	66.85073
9	30	66.87568
9	30	66.89835
9	30	66.92715
10	30	66.94399
10	30	66.96251
10	30	66.98502
10	30	66.99924
10	30	67.02007
10	30	67.03217
10	30	67.04314
10	30	67.05448
11	30	67.08116
11	30	67.0979
11	30	67.11458
11	30	67.12865
11	30	67.14296
11	30	67.15485
11	30	67.16599
11	30	67.17699
12	30	67.18855
12	30	67.2005
12	30	67.21322
12	30	67.23763
12	30	67.25346
12	30	67.2653
12	30	67.27696
12	30	67.28862
12	30	67.30034
13	30	67.31227
13	30	67.32439
13	30	67.3364
13	30	67.35258
13	30	67.36918
13	30	67.38975
13	30	67.40587
13	30	67.4174
13	30	67.43086
13	30	67.45274
13	30	67.47531
13	30	67.49776
13	30	67.52106
13	29	67.54867
13	29	67.56598
13	29	67.5881
13	29	67.61272
13	29	67.6368
13	29	67.65562
13	28	67.67703
13	28	67.70856
13	28	67.72592
13	28	67.744
13	28	67.76769
13	27	67.78901
13	27	67.81155
13	27	67.83462
13	27	67.85628
13	27	67.87196
13	27	67.88426
13	27	67.89584
13	26	67.90761
13	26	67.91947
13	26	67.93165
13	26	67.94612
13	26	67.96066
13	26	67.97328
13	26	67.98508
13	26	68.00634
13	26	68.02142
13	26	68.03407
13	26	68.04565
13	26	68.0575
13	26	68.06908
13	26	68.08075
13	26	68.09259
13	26	68.1044
13	26	68.11548
13	26	68.12825
13	26	68.14513
13	26	68.16251
13	26	68.17441
13	26	68.18496
13	26	68.19601
13	26	68.21236
13	26	68.23524
12	26	68.25895
12	26	68.28065
12	26	68.30403
12	26	68.33312
12	26	68.35194
12	26	68.37005
11	26	68.39233
11	26	68.41444
11	26	68.43941
11	26	68.46164
11	26	68.49104
10	26	68.50809
10	26	68.52695
10	26	68.55061
10	26	68.57336
10	26	68.59333
10	26	68.61527
9	26	68.64558
9	26	68.66396
9	26	68.67977
9	26	68.69147
9	26	68.70367
9	26	68.71512
9	26	68.72704
8	26	68.73874
8	26	68.75052
8	26	68.76264
8	26	68.77817
8	26	68.80003
8	26	68.81789
8	26	68.8326
8	26	68.84644
7	26	68.86024
7	26	68.87284
7	26	68.88445
7	26	68.8964
7	26	68.90842
7	26	68.91969
7	26	68.93131
7	26	68.94921
7	26	68.96135
7	26	68.97307
6	26	68.98499
6	26	68.99671
6	26	69.00886
6	26	69.02437
6	26	69.03939
6	26	69.052
6	26	69.06329
6	26	69.07497
6	26	69.09077
5	26	69.1115
5	26	69.12778
5	26	69.14086
5	26	69.16479
5	26	69.18785
5	26	69.2067
4	26	69.22938
4	26	69.25282
4	26	69.28405
4	26	69.30027
4	26	69.31904
4	26	69.34126
3	26	69.36797
3	26	69.38647
3	26	69.4118
3	26	69.44254
3	26	69.4603
2	26	69.47486
2	26	69.49693
2	26	69.52016
2	26	69.5445
2	26	69.56725
2	27	69.59765
2	27	69.614
2	27	69.62682
2	27	69.64206
2	27	69.65659
2	27	69.66817
2	27	69.68029
2	27	69.69185
2	27	69.7046
2	28	69.71784
2	28	69.73877
2	28	69.75462
2	28	69.76945
2	28	69.78029
2	28	69.79293
2	28	69.80451
2	28	69.81618
2	28	69.82923
2	29	69.84319
2	29	69.85548
2	29	69.86926
2	29	69.895
2	29	69.91374
2	29	69.92841
2	29	69.94268
2	29	69.95586
2	30	69.96712
2	30	69.98945
2	30	70.01189
2	30	70.03772
2	30	70.06543
2	30	70.08204
3	30	70.10052
3	30	70.12403
3	30	70.14831
3	30	70.17062
3	30	70.19108
4	30	70.22199
4	30	70.24018
4	30	70.26127
4	30	70.27937
4	30	70.30252
4	30	70.3239
5	30	70.34657
5	30	70.37815
5	30	70.39474
5	30	70.41353
5	30	70.43616
6	30	70.45821
6	30	70.47009
6	30	70.4814
6	30	70.49628
6	30	70.51255
6	30	70.53939
6	30	70.55695
6	30	70.5691
7	30	70.57995
7	30	70.5917
7	30	70.60326
7	30	70.61479
7	30	70.63134
7	30	70.6435
7	30	70.65502
7	30	70.66644
7	30	70.68423
8	30	70.69625
8	30	70.70786
8	30	70.71977
8	30	70.73228
8	30	70.74453
8	30	70.75524
8	30	70.76691
8	30	70.77872
8	30	70.79053
8	30	70.80257
8	30	70.81412
9	30	70.82568
9	30	70.84428
9	30	70.86009
9	30	70.88217
9	30	70.90536
9	30	70.9269
10	30	70.94941
10	30	70.97261
10	30	70.99468
10	30	71.02166
10	30	71.0388
11	30	71.06133
11	30	71.0836
11	30	71.10793
11	30	71.13041
11	30	71.15182
11	30	71.18031
12	30	71.19555
12	30	71.217
12	30	71.23999
12	30	71.26357
12	30	71.28468
13	30	71.30721
13	30	71.32441
13	30	71.33656
13	30	71.34695
13	30	71.36016
13	30	71.37267
13	30	71.38472
13	30	71.39648
13	30	71.40765
13	30	71.41942
13	29	71.43113
13	29	71.44321
13	29	71.45523
13	29	71.46678
13	29	71.48527
13	29	71.49747
13	29	71.509
13	29	71.52013
13	29	71.53242
13	29	71.54425
13	28	71.55601
13	28	71.56732
13	28	71.57919
13	28	71.59094
13	28	71.60208
13	28	71.61717
13	28	71.6385
13	28	71.65136
13	28	71.66439
13	27	71.67626
13	27	71.68813
13	27	71.69961
13	27	71.71048
13	27	71.72094
13	27	71.7473
13	27	71.76511
13	27	71.78801
13	26	71.81536
13	26	71.8322
13	26	71.85432
13	26	71.87653
13	26	71.89888
13	26	71.92137
13	26	71.9437
13	26	71.97021
13	26	71.98838
13	26	72.00986
13	26	72.03277
13	26	72.05598
13	26	72.07832
13	26	72.10035
13	26	72.12945
13	26	72.14561
13	26	72.16742
13	26	72.1907
13	26	72.21262
13	26	72.22507
13	26	72.23778
13	26	72.24986
13	26	72.26488
13	26	72.28482
13	26	72.29815
13	26	72.30964
13	26	72.32102
13	26	72.33273
13	26	72.3446
13	26	72.35926
13	26	72.37182
13	26	72.38333
13	26	72.39513
13	26	72.40668
13	26	72.41971
13	26	72.43686
13	26	72.44828
13	26	72.45973
13	26	72.47136
13	26	72.48297
13	26	72.49477
13	26	72.5061
13	26	72.51727
13	26	72.52927
13	26	72.54088
13	26	72.55308
13	26	72.56327
13	26	72.57484
12	26	72.59683
12	26	72.61353
12	26	72.63583
12	26	72.65954
12	26	72.68091
12	26	72.70336
11	26	72.72652
11	26	72.75283
11	26	72.76968
11	26	72.7928
11	26	72.81535
10	26	72.8383
10	26	72.85987
10	26	72.88177
10	26	72.91122
10	26	72.92699
10	26	72.9493
9	26	72.97159
9	26	72.9936
9	26	73.01572
9	26	73.03873
9	26	73.07137
8	26	73.08306
8	26	73.095
8	26	73.10633
8	26	73.11841
8	26	73.13784
8	26	73.15031
8	26	73.16169
8	26	73.17394
8	26	73.18492
8	26	73.19672
7	26	73.21511
7	26	73.22714
7	26	73.23853
7	26	73.24987
7	26	73.26225
7	26	73.27478
7	26	73.28634
7	26	73.29932
7	26	73.31252
7	26	73.32407
7	25	73.33542
7	25	73.34828
7	25	73.36855
7	25	73.37968
7	25	73.39166
7	25	73.40224
7	25	73.41364
7	25	73.42593
7	25	73.43771
7	25	73.4481
7	24	73.45924
7	24	73.47413
7	24	73.49641
7	24	73.51826
7	24	73.54722
7	24	73.56343
7	23	73.58527
7	23	73.60793
7	23	73.63017
7	23	73.65345
7	23	73.67577
7	22	73.70559
7	22	73.72096
7	22	73.74177
7	22	73.76361
7	22	73.78656
7	22	73.80883
7	21	73.83144
7	21	73.85891
7	21	73.87611
7	21	73.89887
7	21	73.92134
7	20	73.94358
7	20	73.95538
7	20	73.96817
7	20	73.98083
7	20	73.99262
7	20	74.01073
7	20	74.02403
7	20	74.03671
7	20	74.04985
7	19	74.06217
7	19	74.07498
7	19	74.08829
7	19	74.10536
7	19	74.12336
7	19	74.13715
7	19	74.14966
7	19	74.17218
7	18	74.18701
7	18	74.19868
7	18	74.21121
7	18	74.2309
7	18	74.24599
7	18	74.25803
7	18	74.26995
7	18	74.28301
7	18	74.2943
7	17	74.31252
7	17	74.34265
7	17	74.36269
7	17	74.38111
7	17	74.40093
7	17	74.42429
7	16	74.4469
7	16	74.46849
7	16	74.49953
7	16	74.51535
7	16	74.53485
7	15	74.55771
7	15	74.57968
7	15	74.60258
7	15	74.62764
7	15	74.65564
7	14	74.67277
7	14	74.69214
7	14	74.71445
7	14	74.73924
7	14	74.76196
7	14	74.78178
7	13	74.80309
7	13	74.81815
7	13	74.83083
7	13	74.84618
7	13	74.86019
7	13	74.87116
7	13	74.88266
7	13	74.89505
7	13	74.9067
7	12	74.91819
7	12	74.93002
7	12	74.94343
7	12	74.96553
7	12	74.98224
7	12	74.99528
7	12	75.00848
7	12	75.02089
7	12	75.03373
7	11	75.04588
7	11	75.05748
7	11	75.06874
7	11	75.08073
7	11	75.09293
7	11	75.1048
7	11	75.12363
7	11	75.1348
7	11	75.14887
7	10	75.17218
7	10	75.19363
7	10	75.21608
7	10	75.23778
7	10	75.26119
7	9	75.28819
7	9	75.3058
7	9	75.32838
7	9	75.35004
7	9	75.37282
7	9	75.39509
7	8	75.4175
7	8	75.44432
7	8	75.46227
7	8	75.48403
7	8	75.50642
7	7	75.52886
7	7	75.55089
7	7	75.575
7	7	75.60448
7	7	75.61931
7	7	75.63047
7	7	75.64187
7	6	75.6531
7	6	75.66473
7	6	75.67569
7	6	75.68633
7	6	75.69714
7	6	75.70865
7	6	75.71996
7	6	75.73185
7	6	75.74969
7	6	75.76166
7	5	75.77351
7	5	75.78467
7	5	75.79636
7	5	75.80817
7	5	75.82017
7	5	75.8319
7	5	75.84457
7	5	75.85725
7	5	75.8712
7	5	75.88389
7	4	75.90105
7	4	75.91293
7	4	75.92445
7	4	75.93544
7	4	75.94686
7	4	75.9585
7	4	75.97022
7	4	75.9827
7	4	75.99509
7	4	76.00657
7	3	76.01854
7	3	76.03127
7	3	76.04249
7	3	76.05997
7	3	76.0708
7	3	76.08199
7	3	76.09279
7	3	76.10936
7	3	76.13225
7	2	76.15495
7	2	76.17798
7	2	76.19991
7	2	76.22981
7	2	76.24489
8	2	76.26599
8	2	76.28813
8	2	76.31115
8	2	76.33419
8	2	76.35661
9	2	76.38321
9	2	76.4008
9	2	76.42316
9	2	76.44521
9	2	76.46723
9	2	76.48907
10	2	76.51178
10	2	76.53902
10	2	76.55704
10	2	76.58194
10	2	76.59605
10	2	76.60809
10	2	76.61816
11	2	76.62921
11	2	76.64136
11	2	76.65408
11	2	76.67507
11	2	76.69647
11	2	76.71186
11	2	76.72321
11	2	76.73556
11	2	76.74749
12	2	76.75866
12	2	76.76981
12	2	76.78323
12	2	76.79835
12	2	76.81341
12	2	76.82571
12	2	76.84668
12	2	76.86338
13	2	76.87554
13	2	76.88641
13	2	76.89779
13	2	76.90944
13	2	76.9202
13	2	76.93206
13	2	76.94349
13	2	76.95353
13	2	76.97124
14	2	76.99412
14	2	77.02027
14	2	77.03736
14	2	77.05952
14	2	77.0817
14	2	77.10376
15	2	77.12776
15	2	77.14866
15	2	77.1765
15	2	77.19714
15	2	77.21566
16	2	77.23793
16	2	77.26044
16	2	77.28278
16	2	77.30726
16	2	77.33549
16	2	77.35171
17	2	77.37173
17	2	77.39421
17	2	77.41685
17	2	77.43861
17	2	77.44961
17	2	77.46242
17	2	77.47998
18	2	77.49239
18	2	77.50382
18	2	77.51518
18	2	77.52704
18	2	77.53846
18	2	77.55041
18	2	77.56235
18	2	77.57424
18	2	77.58571
18	2	77.59751
19	2	77.60905
19	2	77.62064
19	2	77.63885
19	2	77.65086
19	2	77.66283
19	2	77.67399
19	2	77.68738
19	2	77.70107
19	2	77.71351
19	2	77.7252
18	2	77.73638
18	2	77.74791
18	2	77.75971
18	2	77.77184
18	2	77.79513
18	2	77.80665
18	2	77.81879
18	2	77.83082
18	2	77.84284
17	2	77.85432
17	2	77.86544
17	2	77.87715
17	2	77.89711
17	2	77.91924
17	2	77.94142
17	2	77.96969
16	2	77.98636
16	2	78.00851
16	2	78.03111
16	2	78.05309
16	2	78.07497
15	2	78.09839
15	2	78.12544
15	2	78.14254
15	2	78.16479
15	2	78.1868
15	2	78.2094
14	2	78.23195
14	2	78.25412
14	2	78.28206
14	2	78.29891
14	2	78.32111
13	2	78.34397
13	2	78.36749
13	2	78.38145
13	2	78.39512
13	2	78.40855
13	2	78.42838
13	2	78.44188
13	2	78.45311
12	2	78.4647
12	2	78.47661
12	2	78.48773
12	2	78.49966
12	2	78.51138
12	2	78.52312
12	2	78.53518
12	2	78.54797
12	2	78.56007
12	2	78.57789
11	2	78.58895
11	2	78.60014
11	2	78.61147
11	2	78.62272
11	2	78.63464
11	2	78.6459
11	2	78.65746
11	2	78.66945
11	2	78.68108
11	2	78.69279
11	2	78.70435
10	2	78.71638
10	2	78.73457
10	2	78.74656
10	2	78.75862
10	2	78.77061
10	2	78.78223
10	2	78.7943
10	2	78.80576
10	2	78.81747
9	2	78.8301
9	2	78.84303
9	2	78.85767
9	2	78.87059
9	2	78.88805
9	2	78.90095
9	2	78.91284
9	2	78.92916
9	2	78.94059
8	2	78.95272
8	2	78.96459
8	2	78.97623
8	2	78.99184
8	2	79.01409
8	2	79.03638
8	2	79.06427
7	2	79.08109
7	2	79.1031
7	2	79.12703
7	2	79.14833
7	2	79.17017
7	2	79.19285
6	2	79.22263
6	2	79.23748
6	2	79.25948
6	2	79.28214
6	2	79.30413
5	2	79.32755
5	2	79.34974
5	2	79.37851
5	2	79.39447
5	2	79.41653
4	2	79.43894
4	2	79.46207
4	2	79.47491
4	2	79.48933
4	2	79.50399
4	2	79.52458
4	2	79.53741
4	2	79.54974
3	2	79.56227
3	2	79.57365
3	2	79.58499
3	2	79.59831
3	2	79.61002
3	2	79.62153
3	2	79.63357
3	2	79.64539
3	2	79.65697
3	2	79.67591
2	2	79.68882
2	2	79.70046
2	2	79.71249
2	2	79.72292
2	2	79.73576
2	2	79.7474
2	2	79.75854
2	2	79.76953
2	2	79.78107
2	2	79.79266
2	2	79.80295
2	3	79.81422
2	3	79.83469
2	3	79.85157
2	3	79.87366
2	3	79.89656
2	3	79.91857
2	4	79.94069
2	4	79.96582
2	4	79.99509
2	4	80.00962
2	4	80.03226
2	5	80.05298
2	5	80.07409
2	5	80.09681
2	5	80.1188
2	5	80.14726
2	5	80.16474
3	5	80.18627
3	5	80.20794
3	5	80.23112
3	5	80.25348
3	5	80.27574
4	5	80.30386
4	5	80.31502
4	5	80.32663
4	5	80.33841
4	5	80.34994
4	5	80.3638
4	5	80.37646
4	5	80.38814
4	5	80.4008
4	5	80.41319
4	6	80.4267
4	6	80.44579
4	6	80.46049
4	6	80.47619
4	6	80.48776
4	6	80.4996
4	6	80.51157
4	6	80.52341
4	6	80.53614
4	7	80.54832
4	7	80.5598
4	7	80.57373
4	7	80.58867
4	7	80.61033
4	7	80.62488
4	7	80.63687
4	7	80.64893
4	8	80.66061
4	8	80.6723
4	8	80.68478
4	8	80.69923
4	8	80.71286
4	8	80.72317
4	8	80.74517
4	8	80.7762
4	8	80.7938
4	8	80.8119
4	8	80.83511
4	8	80.85734
4	8	80.87935
4	8	80.90211
4	8	80.92992
4	8	80.94631
4	8	80.96839
4	8	80.99072
4	8	81.01299
4	8	81.03561
4	8	81.05772
4	8	81.08537
4	8	81.10759
4	8	81.12682
4	8	81.14784
4	8	81.1709
4	8	81.19152
4	8	81.20291
4	8	81.21517
4	8	81.23871
4	8	81.25024
4	8	81.26281
4	8	81.27391
4	8	81.2855
4	8	81.29755
4	8	81.30864
4	8	81.31948
4	8	81.33159
4	8	81.34532
4	8	81.35863
4	8	81.37025
4	8	81.39426
4	8	81.40559
4	8	81.41714
4	8	81.42902
4	8	81.43948
4	8	81.45011
4	8	81.46208
4	8	81.47366
4	8	81.48484
4	8	81.49672
4	8	81.50864
4	8	81.52032
4	8	81.53745
4	8	81.55
4	8	81.56196
3	8	81.58501
3	8	81.60677
3	8	81.63131
3	8	81.65397
3	8	81.67316
2	8	81.70494
2	8	81.72262
2	8	81.74352
2	8	81.76171
2	8	81.78406
2	8	81.80638
2	8	81.83009
2	8	81.86024
2	8	81.87663
2	8	81.89606
2	8	81.91741
2	8	81.93938
2	8	81.96275
2	8	81.98494
2	8	82.01212
2	8	82.02983
2	8	82.04159
2	8	82.05254
2	8	82.06413
2	8	82.07554
2	8	82.08665
2	8	82.09893
2	8	82.11015
2	8	82.1219
2	8	82.13573
2	8	82.15707
2	8	82.17197
2	8	82.18483
2	8	82.19736
2	8	82.20844
2	8	82.22073
2	8	82.23306
2	8	82.2443
2	8	82.25571
2	8	82.26757
2	8	82.27946
2	8	82.29076
2	8	82.3086
2	8	82.32024
2	8	82.33159
2	8	82.34399
2	8	82.35641
2	8	82.36922
2	8	82.38082
2	8	82.39228
2	8	82.40488
2	8	82.41682
2	8	82.42841
2	8	82.43999
2	8	82.45286
2	8	82.47038
2	8	82.48166
2	8	82.49795
2	8	82.51039
2	8	82.5319
2	8	82.55436
2	8	82.57709
2	8	82.5994
2	8	82.62173
2	8	82.64967
2	8	82.66622
2	8	82.68771
2	8	82.7106
2	8	82.73354
2	8	82.75742
2	9	82.77985
2	9	82.80689
2	9	82.8237
2	9	82.84916
2	9	82.87151
2	9	82.89048
2	10	82.91238
2	10	82.93474
2	10	82.96687
2	10	82.98289
2	10	82.99458
2	10	83.00591
2	11	83.01685
2	11	83.02868
2	11	83.04123
2	11	83.05676
2	11	83.07079
2	11	83.08264
2	11	83.09568
2	11	83.11664
2	11	83.1333
2	11	83.14449
2	11	83.15582
2	11	83.16757
2	11	83.17844
2	11	83.18974
2	11	83.20398
3	11	83.2178
3	11	83.23203
3	11	83.2449
3	11	83.26468
3	11	83.28772
3	11	83.30395
3	11	83.31572
3	11	83.32737
4	11	83.33837
4	11	83.35955
4	11	83.38183
4	11	83.40783
4	11	83.42967
4	11	83.45734
5	11	83.47499
5	11	83.49322
5	11	83.51775
5	11	83.53943
5	11	83.55979
6	11	83.58276
6	11	83.61359
6	11	83.6312
6	11	83.65176
6	11	83.67176
6	11	83.69431
5	11	83.71602
5	11	83.73834
5	11	83.7696
5	11	83.78713
5	11	83.80558
5	11	83.82127
4	11	83.83315
4	11	83.84386
4	11	83.85761
4	11	83.87067
4	11	83.88293
4	11	83.89447
4	11	83.91312
4	11	83.92499
4	11	83.93762
3	11	83.94975
3	11	83.96153
3	11	83.97316
3	11	83.98461
3	11	83.99609
3	11	84.00751
3	11	84.01901
3	11	84.03115
3	11	84.04266
3	11	84.05524
2	11	84.07339
2	11	84.08527
2	11	84.09768
2	11	84.10905
2	11	84.12077
2	11	84.13398
2	11	84.145
2	11	84.15646
2	11	84.16861
2	11	84.1801
2	11	84.19102
2	11	84.20295
2	11	84.21419
2	11	84.23167
2	11	84.24284
2	11	84.25549
2	11	84.26748
2	11	84.27834
2	11	84.28936
2	11	84.30125
2	11	84.31226
2	11	84.32362
3	11	84.3422
3	11	84.36429
3	11	84.39375
3	11	84.40976
3	11	84.43294
3	11	84.45486
4	11	84.47532
4	11	84.49856
4	11	84.52086
4	11	84.54944
4	11	84.56587
4	12	84.5873
4	12	84.60993
4	12	84.63288
4	12	84.65752
4	12	84.68039
4	13	84.70877
4	13	84.7261
4	13	84.74395
4	13	84.7684
4	13	84.79125
4	13	84.81113
4	13	84.82298
4	14	84.8353
4	14	84.85636
4	14	84.87201
4	14	84.88808
4	14	84.89999
4	14	84.91113
4	14	84.92786
4	14	84.94012
4	14	84.95209
4	14	84.96465
4	14	84.97598
4	14	84.98894
4	14	85.01088
4	14	85.02634
4	14	85.03748
4	14	85.04968
4	14	85.06169
4	14	85.07317
4	14	85.08488
4	14	85.09717
4	14	85.10889
4	14	85.11979
4	14	85.13248
4	14	85.14459
4	14	85.16046
4	14	85.17229
4	14	85.19042
4	14	85.21243
4	14	85.23499
4	14	85.25796
4	14	85.28013
4	14	85.3049
4	14	85.33067
4	14	85.34711
4	14	85.36926
3	14	85.39167
3	14	85.41429
3	14	85.43755
3	14	85.46262
3	14	85.49076
2	14	85.50716
2	14	85.52579
2	14	85.54865
2	14	85.57372
2	14	85.59599
2	14	85.6169
2	14	85.64713
2	14	85.66187
2	14	85.67326
2	14	85.68436
2	14	85.69589
2	14	85.70764
2	14	85.71903
2	14	85.73056
2	14	85.74221
2	14	85.75383
2	14	85.7652
2	15	85.77703
2	15	85.79457
2	15	85.80695
2	15	85.82233
2	15	85.8372
2	15	85.84932
2	15	85.86112
2	15	85.8729
2	15	85.88461
2	16	85.89671
2	16	85.90861
2	16	85.92089
2	16	85.93653
2	16	85.95699
2	16	85.97175
2	16	85.98495
2	16	85.99844
2	16	86.01006
2	17	86.02923
2	17	86.05242
2	17	86.07567
2	17	86.09942
2	17	86.1275
3	17	86.14439
3	17	86.16345
3	17	86.18514
3	17	86.20999
3	17	86.23259
3	17	86.25217
4	17	86.28295
4	17	86.30011
4	17	86.32114
4	17	86.34148
4	17	86.3642
5	17	86.38609
5	17	86.40893
5	17	86.44111
5	17	86.45749
5	17	86.47573
5	17	86.48676
5	17	86.49883
6	17	86.51015
6	17	86.52157
6	17	86.53354
6	17	86.54843
6	17	86.56304
6	17	86.58415
6	17	86.59858
6	17	86.61111
6	17	86.62402
7	17	86.63688
7	17	86.64897
7	17	86.66184
7	17	86.67432
7	17	86.68563
7	17	86.6974
7	17	86.70827
7	17	86.72021
7	17	86.73711
7	17	86.7487
6	17	86.76023
6	17	86.77253
6	17	86.78323
6	17	86.79581
6	17	86.80651
6	17	86.81823
6	17	86.82887
6	17	86.83932
6	17	86.84937
6	17	86.86579
5	17	86.8885
5	17	86.91656
5	17	86.9328
5	17	86.9548
5	17	86.97744
4	17	87.00017
4	17	87.02287
4	17	87.0451
4	17	87.07278
4	17	87.08949
4	17	87.112
3	17	87.13463
3	17	87.1566
3	17	87.17995
3	17	87.20199
3	17	87.23049
2	17	87.24673
2	17	87.26946
2	17	87.29195
2	17	87.31637
2	17	87.33798
2	17	87.35007
2	17	87.37065
2	18	87.39128
2	18	87.40522
2	18	87.42063
2	18	87.43562
2	18	87.44788
2	18	87.46037
2	18	87.47319
2	18	87.48491
2	19	87.49649
2	19	87.50923
2	19	87.52154
2	19	87.5437
2	19	87.55907
2	19	87.57112
2	19	87.58218
2	19	87.59413
2	19	87.60619
2	20	87.61756
2	20	87.62959
2	20	87.64133
2	20	87.65747
2	20	87.67261
2	20	87.69441
2	20	87.71328
2	20	87.72617
2	20	87.73806
2	20	87.75021
3	20	87.76256
3	20	87.78164
3	20	87.80512
3	20	87.83021
3	20	87.85813
3	20	87.87506
4	20	87.89376
4	20	87.91623
4	20	87.94095
4	20	87.96422
4	20	87.98367
4	20	88.01495
4	20	88.03275
4	21	88.04999
4	21	88.07227
4	21	88.09547
4	21	88.1198
4	21	88.14352
4	21	88.17052
4	22	88.1871
4	22	88.20703
4	22	88.23139
4	22	88.2452
4	22	88.25779
4	22	88.27167
4	22	88.28574
4	23	88.29852
4	23	88.3202
4	23	88.3359
4	23	88.35098
4	23	88.3635
4	23	88.37488
4	23	88.38658
4	23	88.39845
4	23	88.41068
4	23	88.42175
4	23	88.43401
4	23	88.44527
4	23	88.45824
4	23	88.47973
4	23	88.49477
4	23	88.51025
4	23	88.52182
4	23	88.53339
4	23	88.54501
4	23	88.55709
4	23	88.56884
4	23	88.58015
4	23	88.59145
4	23	88.60839
4	23	88.63554
5	23	88.65407
5	23	88.67516
5	23	88.6988
5	23	88.72375
5	23	88.74598
5	23	88.76599
6	23	88.79754
6	23	88.81416
6	23	88.83478
6	23	88.85467
6	23	88.87666
7	23	88.89999
7	23	88.92337
7	23	88.95615
7	23	88.97221
7	23	88.98828
7	23	89.01033
7	23	89.03265
7	23	89.05522
7	23	89.07697
7	23	89.09454
7	23	89.10609
7	23	89.11618
7	23	89.12783
7	23	89.14066
7	23	89.15167
7	23	89.1634
7	23	89.17397
7	23	89.18562
7	23	89.19736
7	23	89.20862
7	23	89.21904
7	23	89.23056
7	23	89.24753
7	23	89.25895
6	23	89.27158
6	23	89.2825
6	23	89.29471
6	23	89.30642
6	23	89.31783
6	23	89.33025
6	23	89.34634
6	23	89.3598
6	23	89.37109
5	23	89.38667
5	23	89.40968
5	23	89.42344
5	23	89.43475
5	23	89.44619
5	23	89.4576
5	23	89.46973
5	23	89.48183
5	23	89.49347
4	23	89.50517
4	23	89.51558
4	23	89.52646
4	23	89.54711
4	23	89.57475
4	23	89.59203
4	23	89.61408
3	23	89.63646
3	23	89.65852
3	23	89.68105
3	23	89.70739
3	23	89.73521
2	23	89.75091
2	23	89.77073
2	23	89.79324
2	23	89.81738
2	23	89.83968
2	23	89.86027
2	24	89.88996
2	24	89.90854
2	24	89.93009
2	24	89.9502
2	24	89.97182
2	24	89.99335
2	25	90.01584
2	25	90.03865
2	25	90.05532
2	25	90.06947
2	25	90.08393
2	25	90.09872
2	25	90.11227
2	26	90.12688
2	26	90.13949
2	26	90.15247
2	26	90.16538
2	26	90.1789
2	26	90.20073
2	26	90.21713
2	26	90.22988
3	26	90.24141
3	26	90.25342
3	26	90.265
3	26	90.27724
3	26	90.28857
3	26	90.30056
3	26	90.31226
3	26	90.32439
3	26	90.33613
3	26	90.35267
4	26	90.36466
4	26	90.37626
4	26	90.38741
4	26	90.39832
4	26	90.41789
4	26	90.44022
4	26	90.46325
5	26	90.48647
5	26	90.51273
5	26	90.53094
5	26	90.55271
5	26	90.57405
5	26	90.59681
6	26	90.61903
6	26	90.64182
6	26	90.66975
6	26	90.68706
6	26	90.70828
7	26	90.73087
7	26	90.75261
7	26	90.77544
7	26	90.79816
7	26	90.8258
7	26	90.84277
8	26	90.86504
8	26	90.87614
8	26	90.88848
8	26	90.9001
8	26	90.91121
8	26	90.92221
8	26	90.93274
8	26	90.94869
8	26	90.96659
9	26	90.97797
9	26	90.98927
9	26	91.00285
9	26	91.01646
9	26	91.03175
9	26	91.04443
9	26	91.05616
9	26	91.0686
9	26	91.08009
9	26	91.09132
10	26	91.10416
10	26	91.12106
10	26	91.13325
10	26	91.14462
10	26	91.15664
10	26	91.16822
10	26	91.17987
10	26	91.19151
10	26	91.20444
10	25	91.21593
10	25	91.22816
10	25	91.24072
10	25	91.2566
10	25	91.28001
10	25	91.29503
10	25	91.30721
10	25	91.31847
10	25	91.3296
10	24	91.34161
10	24	91.35342
10	24	91.36977
10	24	91.38782
10	24	91.40275
10	24	91.41339
10	24	91.43344
10	24	91.44953
10	23	91.46859
10	23	91.48987
10	23	91.51316
10	23	91.53758
10	23	91.5611
10	23	91.58054
10	23	91.6113
10	23	91.62913
10	23	91.64703
10	23	91.67039
10	23	91.69227
10	23	91.71469
10	23	91.73747
10	23	91.7655
10	23	91.78184
10	23	91.80327
10	23	91.82537
10	23	91.8472
10	23	91.8696
10	23	91.8817
10	23	91.8944
10	23	91.91232
10	23	91.9239
10	23	91.93594
10	23	91.94696
10	23	91.96
10	23	91.97211
10	23	91.98412
10	24	92.02855
10	24	92.04036
10	24	92.05316
10	24	92.07063
10	24	92.08169
10	24	92.0978
10	24	92.11116
10	25	92.12302
10	25	92.13528
10	25	92.1459
10	25	92.15754
10	25	92.16902
10	25	92.18053
10	25	92.19273
10	25	92.20449
10	25	92.22475
10	26	92.23889
10	26	92.25083
10	26	92.26314
10	26	92.27489
10	26	92.29484
10	26	92.31696
10	26	92.33955
10	26	92.36192
10	26	92.38894
10	26	92.40681
10	26	92.4283
10	26	92.45069
10	26	92.47347
10	26	92.49583
10	26	92.51833
10	26	92.54665
10	25	92.56267
10	25	92.58474
10	25	92.60717
10	25	92.63007
10	25	92.65219
10	25	92.67499
10	24	92.70235
10	24	92.71893
10	24	92.74204
10	24	92.75303
10	24	92.76634
10	24	92.77929
10	24	92.79054
10	24	92.8021
10	23	92.81345
10	23	92.82498
10	23	92.84237
10	23	92.85439
10	23	92.86643
10	23	92.8779
10	23	92.88945
10	23	92.90102
10	23	92.91264
10	23	92.92428
10	23	92.93592
10	23	92.94754
10	23	92.95965
10	23	92.97161
10	23	92.98346
10	23	93.00056
10	23	93.01222
10	23	93.02343
10	23	93.03549
10	23	93.047
10	23	93.05885
10	23	93.06978
10	23	93.08089
10	23	93.09242
10	23	93.10355
10	23	93.115
10	23	93.12634
10	23	93.13947
10	23	93.15643
10	23	93.16736
10	23	93.1795
10	23	93.19065
10	23	93.21114
10	23	93.23305
10	23	93.25586
10	23	93.2788
10	23	93.30123
10	23	93.32967
10	23	93.34534
10	23	93.36745
10	23	93.39153
10	23	93.41302
10	23	93.43444
10	23	93.45678
10	23	93.48417
10	23	93.50095
11	23	93.52345
11	23	93.54614
11	23	93.57165
11	23	93.59369
11	23	93.6137
12	23	93.64542
12	23	93.66252
12	23	93.67808
12	23	93.69006
12	23	93.70221
12	23	93.71345
12	23	93.72498
12	23	93.73793
13	23	93.75199
13	23	93.76679
13	23	93.79205
13	23	93.80774
13	23	93.81988
13	23	93.83186
13	23	93.84414
13	23	93.85567
13	23	93.86768
13	23	93.87896
13	23	93.89152
13	23	93.9028
13	23	93.91454
13	23	93.92664
13	23	93.94774
13	23	93.96281
13	23	93.97478
13	23	93.9864
13	23	94.00288
13	23	94.02539
13	23	94.04748
13	23	94.07008
13	23	94.09278
13	23	94.12017
13	23	94.13728
13	23	94.15961
13	23	94.18217
13	23	94.20428
13	23	94.22824
13	23	94.25058
13	23	94.27899
13	23	94.29463
13	23	94.3169
13	23	94.3388
13	22	94.36166
13	22	94.38359
13	22	94.40709
13	22	94.44012
13	22	94.45811
13	22	94.47308
13	21	94.4841
13	21	94.49653
13	21	94.50874
13	21	94.53008
13	21	94.54533
13	21	94.55756
13	21	94.57884
13	21	94.59398
13	20	94.60573
13	20	94.6168
13	20	94.62938
13	20	94.64085
13	20	94.65243
13	20	94.66424
13	20	94.67539
13	20	94.68668
13	20	94.69835
13	20	94.71002
13	20	94.72769
13	20	94.74017
13	20	94.75095
13	20	94.76203
13	20	94.77328
13	20	94.78442
13	20	94.79578
13	20	94.80765
13	20	94.81895
13	20	94.83105
13	20	94.84224
13	20	94.85363
13	20	94.86504
13	20	94.88268
13	20	94.89482
13	20	94.90577
13	20	94.91691
13	20	94.93147
13	20	94.94459
13	20	94.95711
13	20	94.96937
13	20	94.98155
13	20	94.99254
13	20	95.0034
13	20	95.01437
13	20	95.02534
13	20	95.04233
13	20	95.05344
13	20	95.06514
13	20	95.07587
13	20	95.08646
13	20	95.09744
13	20	95.10852
13	20	95.11875
13	20	95.13188
13	20	95.1534
13	20	95.17641
13	20	95.20377
13	20	95.22169
13	20	95.24339
13	20	95.26583
13	20	95.28797
13	20	95.31054
13	20	95.33315
13	20	95.36176
13	20	95.37744
13	20	95.40015
13	20	95.42493
13	20	95.44453
13	20	95.46602
13	20	95.48854
13	20	95.51662
13	20	95.53542
13	20	95.55655
13	20	95.57872
13	20	95.6017
13	20	95.62402
13	20	95.63545
13	20	95.64702
13	20	95.66924
13	20	95.68069
13	20	95.6918
13	20	95.70289
13	20	95.71451
13	20	95.72591
13	20	95.73644
13	20	95.74763
13	20	95.75891
13	20	95.77013
13	20	95.78151
13	20	95.79288
13	20	95.80437
13	20	95.82204
13	20	95.83366
13	20	95.84568
13	20	95.85685
13	20	95.86774
13	20	95.8787
13	20	95.88948
13	20	95.89999
13	20	95.91084
13	20	95.92123
13	20	95.93227
13	20	95.9442
13	20	95.95657
13	20	95.97477
13	20	95.98714
13	20	96.00002
13	20	96.0125
13	20	96.0267
13	20	96.04015
13	20	96.05344
13	20	96.06773
13	20	96.08397
13	20	96.10445
13	20	96.12815
13	20	96.1554
13	20	96.17146
13	20	96.19379
13	20	96.21597
13	20	96.23756
13	20	96.26088
13	20	96.28314
13	20	96.31124
13	20	96.32813
13	20	96.35019
13	20	96.3728
13	20	96.39478
13	20	96.41664
13	20	96.43919
13	20	96.46856
13	20	96.48544
13	20	96.50668
13	20	96.52888
13	20	96.55112
13	20	96.57378
13	20	96.5862
13	20	96.5993
13	20	96.61826
13	20	96.63247
13	20	96.64487
13	20	96.65632
13	20	96.66859
13	20	96.68064
13	20	96.69175
13	20	96.70198
13	20	96.71375
13	20	96.72534
13	20	96.7381
13	20	96.74958
13	20	96.76682
13	20	96.7817
13	20	96.79379
13	20	96.80612
13	20	96.81765
13	20	96.82935
13	20	96.842
13	20	96.85308
13	20	96.86481
13	20	96.87616
13	20	96.8895
13	20	96.90282
13	20	96.92046
13	20	96.93296
13	20	96.94444
13	20	96.95422
13	20	96.96783
