x	y	time
15	11	0.144877
15	11	0.1901267
15	11	0.2114898
15	11	0.2232729
15	11	0.2346556
15	11	0.2466621
15	11	0.2582256
15	11	0.2692929
15	11	0.2807598
15	11	0.2963513
15	11	0.3239931
15	11	0.3407674
15	11	0.3629285
15	11	0.3845555
15	11	0.4072144
15	11	0.4296449
15	11	0.4532404
15	11	0.4808811
15	11	0.4980689
15	11	0.5200701
15	11	0.5421972
15	11	0.5644934
15	11	0.5868838
15	11	0.609162
15	11	0.6361896
15	11	0.7230039
15	11	0.7377987
15	11	0.7496807
15	11	0.7655117
15	11	0.7933235
15	11	0.8098316
15	11	0.822751
15	11	0.8345665
15	11	0.8462514
15	11	0.8578579
15	11	0.8702727
15	11	0.8817944
15	11	1.215128
15	11	1.2466
15	11	1.26309
15	11	1.277528
15	11	1.290194
15	11	1.304005
15	11	1.316692
15	11	1.331244
15	11	1.343626
15	11	1.355364
15	11	1.36926
15	11	1.388961
15	11	1.402935
15	11	1.415838
15	11	1.430547
15	11	1.445021
15	11	1.458083
15	11	1.47159
15	11	1.613244
15	11	1.648011
15	11	1.665077
15	11	1.682063
15	11	1.697969
15	11	1.715425
15	11	1.72926
15	11	1.744363
15	11	1.759995
15	11	1.775287
15	11	1.800453
15	11	1.816328
15	11	1.831693
15	11	1.846108
15	11	1.860929
15	11	1.873511
15	11	1.890369
15	11	1.903352
15	11	1.916418
15	11	1.930044
15	11	1.951944
15	11	1.970193
15	11	1.998689
15	11	2.016305
15	11	2.030351
15	11	2.045121
15	11	2.058213
15	11	2.069819
15	11	2.082113
15	11	2.1021
15	11	2.129665
15	11	2.142618
15	11	2.154715
15	11	2.175735
15	11	2.19965
15	11	2.221076
15	11	2.245844
15	11	2.272451
15	11	2.288156
15	11	2.316972
15	11	2.332365
15	11	2.354482
15	11	2.378218
15	11	2.400615
15	11	2.42907
15	11	2.445413
15	11	2.467133
15	11	2.489894
15	11	2.512314
15	11	2.534613
15	11	2.557429
15	11	2.586123
15	11	2.603366
15	11	2.636795
15	11	2.651933
15	11	2.665511
15	11	2.681301
15	11	2.696519
15	11	2.712665
15	11	2.735401
15	11	2.750393
15	11	2.771208
15	11	2.785092
15	11	2.800225
15	11	2.81547
15	11	2.829143
15	11	2.844714
15	11	2.859389
15	11	2.873696
15	11	2.894571
15	11	2.908053
15	11	2.922498
15	11	2.939792
15	11	2.954684
15	11	2.970306
15	11	2.98352
15	11	2.997443
15	11	3.010642
15	11	3.02448
15	11	3.044494
15	11	3.061002
15	11	3.074651
15	11	3.092715
15	11	3.115681
15	11	3.137317
15	11	3.159667
15	11	3.1824
15	11	3.211744
15	11	3.22733
15	11	3.25014
15	11	3.272226
15	11	3.29428
15	11	3.316438
15	11	3.339377
15	11	3.367052
15	11	3.383847
15	11	3.405876
15	11	3.429467
15	11	3.450931
15	11	3.472572
15	11	3.496295
15	11	3.522686
15	11	3.540267
15	11	3.562238
15	11	3.573987
15	11	3.584769
15	11	3.598199
15	11	3.630728
15	11	3.643447
15	11	3.658704
15	11	3.679736
15	11	3.692343
15	11	3.707885
15	11	3.724032
15	11	3.739453
15	11	3.753327
15	11	3.769661
15	11	3.784986
15	11	3.798416
15	11	3.813166
15	11	3.834968
15	11	3.849499
15	11	3.864044
15	11	3.877894
15	11	3.893149
15	11	3.907704
15	11	3.922195
15	11	3.936989
15	11	3.950775
15	11	3.965564
15	11	3.99312
15	11	4.008868
18	11	4.342202
18	11	4.380108
19	11	4.399459
19	11	4.417523
19	11	4.432271
19	11	4.450175
19	11	4.468941
19	11	4.486712
19	11	4.508894
20	11	4.537662
20	11	4.553388
20	11	4.575512
20	11	4.597586
20	11	4.620944
21	11	4.644018
21	11	4.66664
21	11	4.693737
21	11	4.710727
21	11	4.733757
21	11	4.755395
22	11	4.770865
22	11	4.787047
22	11	4.8027
22	11	4.821117
22	11	4.843889
22	11	4.86051
22	11	4.875029
23	11	4.892057
23	11	4.907629
23	11	4.924711
23	11	4.94087
23	11	4.956718
23	11	4.970119
23	11	4.983747
24	11	5.00701
24	11	5.026209
24	11	5.041059
24	11	5.05965
24	11	5.077556
24	11	5.093742
24	11	5.120446
25	11	5.134341
25	11	5.159604
25	11	5.175941
25	11	5.192113
25	11	5.20652
25	11	5.22584
25	11	5.241234
26	11	5.257191
26	11	5.278966
26	11	5.302301
26	11	5.331898
26	11	5.348071
26	11	5.368505
27	11	5.390737
27	11	5.41384
27	11	5.435264
27	11	5.458598
27	11	5.486237
27	10	5.502295
27	10	5.525053
27	10	5.547155
27	10	5.569874
27	10	5.592299
27	10	5.615818
27	9	5.642272
27	9	5.659562
27	9	5.680861
27	9	5.692285
27	9	5.704266
27	9	5.714446
27	9	5.725437
27	9	5.736731
27	8	5.766708
27	8	5.790666
27	8	5.805877
27	8	5.820888
27	8	5.845578
27	8	5.860781
27	8	5.875981
27	8	5.890794
27	8	5.907942
27	8	5.922534
27	8	5.944686
27	8	5.959864
27	8	5.972638
27	8	5.98564
27	8	5.998653
27	8	6.0125
27	8	6.02946
27	8	6.045602
26	8	6.069735
26	8	6.085663
26	8	6.108253
26	8	6.127213
26	8	6.143225
26	8	6.161206
25	8	6.184916
25	8	6.207201
25	8	6.22924
25	8	6.258906
25	8	6.284231
25	8	6.301376
25	8	6.320981
25	8	6.3515
25	8	6.365778
25	8	6.385736
25	8	6.407849
25	8	6.431457
25	7	6.460166
25	7	6.479267
25	7	6.497223
25	7	6.519347
25	7	6.541376
25	7	6.563608
25	6	6.577164
25	6	6.597063
25	6	6.624849
25	6	6.64512
25	6	6.659572
25	6	6.672856
25	6	6.689662
25	5	6.705106
25	5	6.720944
25	5	6.738978
25	5	6.757633
25	5	6.784131
25	5	6.803854
25	5	6.818978
25	5	6.831742
25	5	6.847528
25	5	6.86329
25	5	6.877151
25	5	6.89493
26	5	6.910957
26	5	6.932191
26	5	6.947392
26	5	6.96395
26	5	6.980987
26	5	6.997081
26	5	7.011122
27	5	7.03737
27	5	7.055953
27	5	7.078465
27	5	7.106867
27	5	7.125775
27	5	7.144339
27	5	7.166797
27	5	7.189176
27	5	7.211493
27	5	7.23386
27	5	7.263608
27	5	7.278354
27	4	7.301048
27	4	7.323661
27	4	7.346203
27	4	7.368842
27	4	7.392064
27	3	7.41971
27	3	7.451037
27	3	7.46883
27	3	7.485128
27	3	7.509887
27	3	7.523143
27	2	7.537559
27	2	7.552747
27	2	7.579404
27	2	7.59785
27	2	7.612012
27	2	7.624221
27	2	7.636212
27	2	7.649456
27	2	7.66266
27	2	7.680303
27	2	7.696389
27	2	7.710725
27	2	7.734994
27	2	7.752489
27	2	7.767109
27	2	7.782212
26	2	7.794986
26	2	7.80632
26	2	7.820837
26	2	7.83829
26	2	7.853422
26	2	7.872228
26	2	7.904462
25	2	7.921541
25	2	7.934791
25	2	7.948775
25	2	7.965996
25	2	7.978005
25	2	7.994098
25	2	8.027838
24	2	8.066195
24	2	8.094421
24	2	8.127318
23	2	8.161605
23	2	8.194989
23	2	8.234991
23	2	8.261844
22	2	8.295488
22	2	8.329
22	2	8.36305
21	2	8.402569
21	2	8.4295
21	2	8.462446
21	2	8.495687
20	2	8.530337
20	2	8.571299
20	2	8.596979
20	2	8.630103
19	2	8.664122
19	2	8.697388
19	2	8.735868
18	2	8.7644
18	2	8.787065
18	2	8.8081
18	2	8.830877
18	2	8.85401
18	2	8.881279
17	2	8.897599
17	2	8.92036
17	2	8.942331
17	2	8.964805
17	2	8.987162
16	2	9.009719
16	2	9.037344
16	2	9.054219
16	2	9.07646
16	2	9.098627
16	2	9.121627
16	3	9.143462
16	3	9.166603
16	3	9.196594
16	3	9.215305
16	3	9.238871
16	4	9.255559
16	4	9.277478
16	4	9.300929
16	4	9.322719
16	5	9.456248
16	5	9.480037
17	5	9.515166
17	5	9.533127
17	5	9.550946
17	5	9.56471
17	5	9.580837
17	5	9.603545
17	5	9.617341
18	5	9.635764
18	5	9.664334
18	5	9.684911
18	5	9.709902
18	5	9.724881
19	5	9.74732
19	5	9.770203
19	5	9.793051
19	5	9.820531
19	5	9.837583
19	5	9.858808
19	5	9.880857
19	5	9.90616
19	5	9.925707
19	6	9.948533
19	6	9.976892
19	6	9.992762
19	6	10.02581
19	6	10.04073
19	6	10.05959
19	6	10.08236
19	6	10.11348
19	6	10.14272
19	6	10.16075
19	6	10.17767
19	7	10.19337
19	7	10.21603
19	7	10.23766
19	7	10.26072
19	7	10.28412
19	7	10.31244
19	7	10.32992
19	7	10.35091
19	7	10.37304
19	7	10.39595
19	7	10.41787
19	7	10.44124
19	7	10.46945
19	7	10.48501
19	7	10.50721
19	7	10.52943
19	7	10.55163
19	7	10.57407
19	7	10.59648
19	7	10.62411
19	7	10.64122
19	7	10.66337
19	7	10.68573
19	7	10.70862
19	7	10.73062
19	7	10.75342
19	7	10.78374
19	7	10.79976
19	7	10.81469
19	7	10.82761
19	7	10.84208
19	7	10.85962
19	7	10.89667
19	7	10.91357
18	7	10.93616
18	7	10.95177
18	7	10.97067
18	7	10.98638
18	7	10.99939
18	7	11.01205
18	7	11.02814
17	7	11.04409
17	7	11.05769
17	7	11.07145
17	7	11.09151
17	7	11.10634
17	7	11.11809
17	7	11.13163
17	7	11.14468
17	7	11.16045
16	7	11.17193
16	7	11.18292
16	7	11.19913
16	7	11.22265
16	7	11.2498
16	7	11.26587
16	7	11.28856
16	7	11.31149
16	7	11.33351
16	7	11.35572
16	7	11.37878
16	7	11.44718
16	7	11.462
16	8	11.47518
16	8	11.48832
16	8	11.50356
16	8	11.51708
16	8	11.53468
16	8	11.57231
16	9	11.60075
16	9	11.63474
16	9	11.66818
16	9	11.70243
16	10	11.74132
16	10	11.7688
17	10	11.92762
18	10	11.96327
18	10	11.98158
18	10	11.99316
18	10	12.00399
18	10	12.03699
18	10	12.06997
19	10	12.10433
19	10	12.1426
19	10	12.17074
20	10	12.20408
20	10	12.23742
20	10	12.27188
20	10	12.31083
21	10	12.33855
21	10	12.37237
21	10	12.40528
21	10	12.4283
22	10	12.45551
22	10	12.4719
22	10	12.49487
22	10	12.51654
22	10	12.53902
22	10	12.56149
23	10	12.58421
23	10	12.61112
23	10	12.62824
23	10	12.65059
23	10	12.67281
24	10	12.69543
24	10	12.71802
24	10	12.74061
24	10	12.76848
26	10	13.03349
27	10	13.06654
27	10	13.12549
27	10	13.13878
27	10	13.15588
27	10	13.16974
27	9	13.19278
27	9	13.21602
27	9	13.23192
27	9	13.25484
27	9	13.27686
27	8	13.29814
27	8	13.32076
27	8	13.34368
27	8	13.37436
27	8	13.38947
27	8	13.41041
27	7	13.43347
27	7	13.45829
27	7	13.47766
27	7	13.50047
27	7	13.5298
26	7	13.54472
26	7	13.567
26	7	13.58952
26	7	13.61143
26	7	13.63326
26	7	13.65657
25	7	13.68535
25	7	13.70077
25	7	13.72338
25	7	13.74566
25	7	13.76784
25	6	13.79066
25	6	13.81294
25	6	13.84184
25	6	13.85775
25	6	13.8799
25	6	13.90334
25	6	13.92471
25	6	13.9498
25	6	13.96958
25	6	13.99844
25	6	14.01427
25	5	14.03634
25	5	14.05863
25	5	14.0814
25	5	14.10313
25	5	14.12711
24	5	14.15399
24	5	14.17076
24	5	14.19279
24	5	14.21544
24	5	14.23792
24	5	14.25979
23	5	14.2827
23	5	14.31096
23	5	14.33102
23	5	14.35233
23	5	14.37184
23	5	14.38585
22	5	14.4037
22	5	14.41966
22	5	14.43534
22	5	14.46133
22	5	14.48017
22	5	14.49559
22	5	14.51163
22	5	14.52518
22	5	14.53786
22	5	14.55361
22	5	14.56639
22	5	14.57947
22	5	14.59441
22	5	14.61348
22	5	14.6271
22	5	14.64008
22	5	14.65261
22	5	14.66625
22	5	14.67861
22	5	14.69108
22	5	14.71187
22	5	14.72677
22	5	14.7452
22	5	14.76632
22	5	14.77918
22	5	14.79613
22	5	14.819
22	5	14.8407
22	5	14.86384
22	5	14.88647
22	5	14.90887
22	5	14.93669
22	5	14.9579
22	5	14.97573
22	4	14.99823
22	4	15.01945
22	4	15.04232
22	4	15.06457
22	4	15.09406
22	4	15.10984
22	3	15.13126
22	3	15.15407
22	3	15.17703
22	3	15.19828
22	3	15.2218
22	2	15.2506
22	2	15.26605
22	2	15.28097
22	2	15.29562
22	2	15.30887
22	2	15.32073
22	2	15.33333
22	2	15.34539
22	2	15.35828
22	2	15.37216
22	2	15.39336
22	2	15.40648
22	2	15.42027
22	2	15.43472
22	2	15.44903
22	2	15.46489
22	2	15.48045
22	2	15.49237
22	2	15.5083
22	2	15.5196
22	2	15.53256
22	2	15.55056
22	2	15.5621
22	2	15.57336
22	2	15.58526
22	2	15.59736
22	2	15.6094
22	2	15.62133
22	2	15.63407
22	2	15.65623
22	2	15.67851
22	2	15.70157
22	2	15.72875
22	2	15.74488
22	2	15.76729
22	2	15.79016
22	2	15.81208
22	2	15.83441
22	2	15.85803
22	2	15.88558
22	2	15.90161
22	2	15.9246
22	2	15.9465
22	2	15.96888
22	2	15.99281
22	2	16.0142
22	2	16.04246
22	2	16.06434
22	2	16.08099
22	2	16.10254
22	2	16.11617
22	3	16.13146
22	3	16.14431
22	3	16.1575
22	3	16.17153
22	3	16.19014
22	3	16.20367
22	3	16.21813
22	3	16.23569
22	4	16.25336
22	4	16.27465
22	4	16.28805
22	4	16.31364
22	4	16.33519
22	4	16.35926
22	5	16.37572
22	5	16.38984
22	5	16.40243
22	5	16.41549
22	5	16.43009
22	5	16.44581
22	5	16.4601
22	5	16.47509
22	6	16.48862
22	6	16.50909
22	6	16.52702
22	6	16.5443
22	6	16.56151
22	6	16.58343
22	6	16.60603
22	7	16.6271
22	7	16.65091
22	7	16.67876
22	8	16.92331
22	8	16.95125
22	8	16.97024
22	9	16.99135
22	9	17.01138
22	9	17.02869
22	9	17.04624
22	9	17.06278
22	9	17.07815
22	10	17.10702
22	10	17.12746
22	10	17.14165
22	10	17.16392
22	10	17.18664
22	10	17.2093
22	11	17.23265
22	11	17.25515
22	11	17.29845
22	11	17.31825
22	10	17.34006
22	10	17.3577
22	10	17.37717
22	10	17.39231
22	10	17.42028
22	10	17.43768
22	10	17.45127
22	9	17.46725
22	9	17.47995
22	9	17.4929
22	9	17.50736
22	9	17.52227
22	9	17.53676
22	9	17.55047
22	9	17.5733
22	8	17.58941
22	8	17.60407
22	8	17.62421
22	8	17.63769
22	8	17.65194
22	8	17.66944
22	8	17.68262
22	8	17.70067
22	7	17.72861
22	7	17.74523
22	7	17.7673
22	7	17.78991
22	7	17.81209
22	6	17.83428
22	6	17.85725
22	6	17.88874
22	6	17.90234
22	6	17.9231
22	6	17.94659
22	6	17.97687
22	6	17.99347
22	6	18.01734
22	6	18.04287
22	6	18.05817
22	5	18.08023
22	5	18.10179
22	5	18.1252
22	5	18.1469
22	5	18.16985
22	4	18.19971
22	4	18.21372
22	4	18.22855
22	4	18.24348
22	4	18.25889
22	4	18.2714
22	4	18.28692
22	4	18.30299
22	5	18.31912
22	5	18.33656
22	5	18.35579
22	5	18.37125
22	5	18.38595
22	5	18.40113
22	5	18.42724
22	6	18.44246
22	6	18.45828
22	6	18.47255
22	6	18.4883
22	6	18.50762
22	6	18.52292
22	6	18.53705
22	6	18.55019
22	7	18.56259
22	7	18.57658
22	7	18.58988
22	7	18.60734
22	7	18.61932
22	7	18.63866
22	7	18.66603
22	7	18.68349
22	7	18.70496
22	7	18.72855
22	7	18.74973
22	7	18.77215
22	7	18.79567
21	7	18.82269
21	7	18.83933
21	7	18.86267
21	7	18.88591
21	7	18.90658
20	7	18.93118
20	7	18.95268
20	7	18.981
20	7	18.99904
20	7	19.03363
20	7	19.04961
19	7	19.06409
19	7	19.08598
19	7	19.09891
19	7	19.11495
19	7	19.14226
19	7	19.16079
19	6	19.17475
19	6	19.19084
19	6	19.20508
19	6	19.2185
19	6	19.23231
19	6	19.24588
19	6	19.25969
19	6	19.28105
19	6	19.29994
19	6	19.31434
19	6	19.3301
19	6	19.34468
19	6	19.35899
19	6	19.37419
19	6	19.40225
19	5	19.41857
19	5	19.43682
19	5	19.46307
19	5	19.47809
19	5	19.50515
19	5	19.52073
19	5	19.53637
19	5	19.55187
19	5	19.56862
19	5	19.90195
19	5	19.93785
19	5	19.95468
19	5	19.97069
19	5	19.98325
19	5	19.99458
19	5	20.01336
19	5	20.03566
19	5	20.05876
19	5	20.08842
19	5	20.10437
19	5	20.12545
19	5	20.1478
19	5	20.17055
19	5	20.19312
19	5	20.21553
19	5	20.24313
19	5	20.25999
19	5	20.28226
19	5	20.30459
19	5	20.33337
19	5	20.34894
19	5	20.37196
19	5	20.39292
19	5	20.40945
19	5	20.42508
19	5	20.43767
19	5	20.45065
19	5	20.46517
19	5	20.4771
19	5	20.49009
19	5	20.50393
19	5	20.51776
19	6	20.5319
19	6	20.55148
19	6	20.56198
19	6	20.57576
19	6	20.58915
19	6	20.60244
19	6	20.61604
19	6	20.63074
19	6	20.646
19	6	20.66496
19	6	20.67986
19	6	20.69479
19	6	20.71292
19	6	20.7255
19	6	20.73936
19	6	20.7621
19	7	20.78506
19	7	20.80728
19	7	20.82939
19	7	20.85227
19	7	20.88103
19	7	20.89611
19	7	20.91913
19	7	20.94132
19	7	20.9637
19	7	20.98532
19	7	21.00891
19	7	21.03742
19	7	21.05224
19	7	21.07508
19	7	21.09774
19	7	21.11932
18	7	21.14207
18	7	21.16464
18	7	21.19133
18	7	21.20944
18	7	21.23149
18	7	21.24874
17	7	21.2652
17	7	21.2806
17	7	21.29622
17	7	21.30887
17	7	21.32481
17	7	21.34829
17	7	21.3609
17	7	21.37321
16	7	21.38926
16	7	21.40343
16	7	21.41945
16	7	21.43188
16	7	21.44608
16	7	21.46034
16	7	21.47866
16	10	21.79575
16	10	21.84802
16	10	21.86312
16	10	21.87521
16	10	21.8989
16	10	21.9131
16	10	21.92618
16	10	21.95863
16	10	21.98153
16	10	21.99516
16	10	22.01012
16	10	22.03633
16	10	22.04818
16	10	22.06915
16	10	22.09083
16	10	22.1135
17	10	22.14046
17	10	22.15894
17	10	22.18046
17	10	22.20293
17	10	22.22544
17	10	22.24783
18	10	22.27007
18	10	22.29797
18	10	22.31447
18	10	22.33669
18	10	22.35857
19	10	22.38141
19	10	22.42171
19	10	22.44301
19	10	22.45451
19	10	22.47107
19	10	22.48313
19	10	22.49456
20	10	22.50695
20	10	22.51963
20	10	22.53216
20	10	22.54377
20	10	22.55539
20	10	22.56845
20	10	22.58183
20	10	22.5989
20	10	22.61033
21	10	22.62131
21	10	22.63442
21	10	22.64705
21	10	22.65825
21	10	22.66995
21	10	22.68209
21	10	22.69419
21	10	22.70675
21	10	22.71886
21	10	22.73186
22	10	22.74855
22	10	22.75946
22	10	22.77276
22	10	22.78477
22	10	22.7973
22	10	22.80964
22	10	22.82166
22	10	22.83536
24	10	23.01715
24	10	23.04482
24	10	23.06137
24	10	23.07549
24	10	23.08817
25	10	23.10808
25	10	23.13043
25	10	23.15231
25	10	23.17509
25	10	23.2036
25	10	23.21904
26	10	23.24134
26	10	23.27037
26	10	23.28978
26	10	23.31117
26	10	23.33523
27	10	23.36275
27	10	23.37775
27	10	23.40145
27	10	23.42397
27	10	23.43875
27	10	23.46157
27	10	23.48357
27	10	23.50662
27	10	23.5345
27	10	23.5476
27	10	23.55985
27	10	23.57254
27	10	23.58521
27	10	23.59755
27	10	23.60911
27	10	23.62112
27	10	23.63364
27	10	23.64631
27	10	23.6585
27	10	23.67798
27	10	23.69031
27	10	23.70323
27	10	23.71497
27	10	23.72762
27	10	23.74409
27	10	23.75699
27	10	23.76972
27	10	23.78173
27	10	23.79381
27	10	23.80543
27	10	23.81785
27	10	23.83763
27	10	23.84933
27	10	23.86046
26	10	23.87643
26	10	23.8989
26	10	23.92139
26	10	23.94516
26	10	23.96796
25	10	23.99993
25	10	24.01445
25	10	24.0354
25	10	24.05799
25	10	24.07994
25	10	24.10175
24	10	24.12452
24	10	24.15257
24	10	24.16928
24	10	24.19212
24	10	24.21412
24	10	24.23583
23	10	24.25775
23	10	24.28076
23	10	24.30995
23	10	24.32545
23	10	24.34834
22	10	24.36263
22	10	24.37905
22	10	24.41198
22	10	24.4268
22	10	24.4413
22	10	24.46439
22	10	24.47915
22	11	24.49779
22	11	24.51491
22	11	24.52954
22	11	24.54301
22	11	24.55743
22	11	24.57473
22	11	24.58891
22	11	24.60463
22	12	24.62753
22	12	24.64465
22	12	24.66373
22	12	24.68031
22	12	24.69506
22	12	24.70895
22	13	24.73947
22	13	24.75572
22	13	24.78555
22	13	24.8035
22	13	24.82158
22	13	24.83636
22	13	24.85086
22	14	24.87265
22	14	24.89518
22	14	24.92491
22	14	24.95011
22	14	24.96672
22	15	24.98408
22	15	25.00668
22	15	25.02957
22	15	25.05188
22	15	25.07373
22	17	25.09681
22	17	25.12592
22	17	25.1524
22	17	25.17209
22	17	25.1852
22	17	25.20747
23	17	25.2308
23	17	25.25337
23	17	25.2816
23	17	25.29837
23	17	25.31387
23	17	25.3261
24	17	25.34201
24	17	25.35641
24	17	25.37295
24	17	25.3942
24	17	25.41235
24	17	25.437
24	17	25.45483
25	17	25.46824
25	17	25.48191
25	17	25.49698
25	17	25.51513
25	17	25.53296
25	17	25.55673
25	17	25.5726
26	17	25.59677
26	17	25.61625
26	17	25.63454
26	17	25.64857
26	17	25.66338
26	17	25.67854
26	17	25.69205
26	17	25.70579
27	17	25.71933
27	17	25.7569
27	17	25.78466
27	17	25.8035
27	17	25.81599
27	17	25.82904
27	17	25.84363
27	17	25.85563
27	17	25.88854
27	16	25.92214
27	16	25.96118
27	16	25.98937
27	16	26.02316
27	15	26.05574
27	15	26.08982
27	15	26.13066
27	14	26.1563
27	14	26.18946
27	14	26.22318
27	14	26.25728
27	14	26.29525
27	14	26.32366
26	14	26.35716
26	14	26.39163
26	14	26.42513
25	14	26.47466
25	14	26.49167
25	14	26.52524
25	14	26.55845
25	14	26.59306
25	14	26.63199
25	14	26.64873
25	14	26.67007
25	14	26.69215
25	14	26.71441
25	14	26.73667
25	13	26.75944
25	13	26.78692
25	13	26.80396
25	13	26.82656
25	13	26.84861
25	13	26.87073
25	12	26.89321
25	12	26.91641
25	12	26.94374
25	12	26.95981
25	12	26.98245
25	11	27.0053
25	11	27.02726
25	11	27.04993
25	11	27.07281
25	11	27.10211
25	11	27.11713
25	11	27.13899
25	11	27.16192
25	11	27.18378
25	11	27.20589
25	13	27.35854
25	13	27.3888
25	13	27.40417
25	13	27.42065
25	13	27.44282
25	13	27.45964
25	14	27.47385
25	14	27.49071
25	14	27.51141
25	14	27.53085
25	14	27.54168
25	14	27.56376
25	14	27.58566
25	14	27.60803
25	14	27.63075
25	14	27.65287
25	14	27.67541
26	14	27.70429
26	14	27.72003
26	14	27.74231
26	14	27.76537
26	14	27.78658
26	14	27.8089
27	14	27.83157
27	14	27.85928
27	14	27.87533
27	14	27.89812
27	14	27.92061
27	14	27.9429
27	14	27.96564
27	14	27.98812
27	14	28.01594
27	14	28.03438
27	14	28.05492
27	15	28.07694
27	15	28.10914
27	15	28.12179
27	15	28.14429
27	15	28.17187
27	15	28.18817
27	16	28.21174
27	16	28.23393
27	16	28.25609
27	16	28.2785
27	16	28.30145
27	17	28.32881
27	17	28.34551
27	17	28.36848
27	17	28.39071
27	17	28.41365
27	17	28.43556
27	18	28.45824
27	18	28.48593
27	18	28.50258
27	18	28.52481
27	18	28.54692
27	19	28.56912
27	19	28.59196
27	19	28.61489
27	19	28.64205
27	19	28.66503
27	19	28.68156
27	20	28.70361
27	20	28.86242
27	20	28.89657
26	20	28.91923
26	20	28.93362
26	20	28.94852
26	20	28.96527
26	20	28.98265
26	20	28.99561
26	20	29.00845
26	20	29.02292
25	20	29.04793
25	20	29.06697
25	20	29.08174
25	20	29.09895
25	20	29.11973
25	20	29.13395
25	20	29.14804
25	20	29.16342
25	20	29.17814
25	20	29.20497
25	20	29.22209
25	20	29.23875
25	20	29.25217
25	20	29.2655
25	20	29.27846
25	20	29.29099
25	20	29.30673
25	20	29.32111
25	20	29.34069
25	20	29.36958
25	20	29.3856
25	20	29.40814
25	20	29.42959
25	21	29.45228
25	21	29.47518
25	21	29.49912
25	21	29.52561
25	21	29.54412
25	21	29.56446
25	22	29.58673
25	22	29.60869
25	22	29.63129
25	22	29.65376
25	22	29.68198
25	23	29.69828
25	23	29.7195
25	23	29.74255
25	23	29.76528
25	23	29.78723
25	23	29.80008
25	23	29.81167
26	23	29.83593
26	23	29.8528
26	23	29.86803
26	23	29.87984
26	23	29.89243
26	23	29.90429
26	23	29.91568
26	23	29.93361
27	23	29.9455
27	23	29.95854
27	23	29.97149
27	23	29.99296
27	23	30.00794
27	23	30.02091
27	23	30.03249
27	23	30.04459
27	23	30.06226
27	23	30.07632
27	23	30.08755
27	23	30.10148
27	23	30.11373
27	23	30.12634
27	23	30.14371
27	23	30.15613
27	24	30.17825
27	24	30.20086
27	24	30.22264
27	24	30.24558
27	24	30.27166
27	24	30.29027
27	25	30.31831
27	25	30.33609
27	25	30.35718
27	25	30.37904
27	25	30.40166
27	26	30.42467
27	26	30.44771
27	26	30.47549
27	26	30.49162
27	26	30.51369
27	26	30.53578
27	27	30.55808
27	27	30.5801
27	27	30.60329
27	27	30.6308
27	27	30.64934
27	28	30.66222
27	28	30.67488
27	28	30.69093
27	28	30.7077
27	28	30.72726
27	28	30.74079
27	28	30.75552
27	28	30.78165
27	29	30.79801
27	29	30.81357
27	29	30.83043
27	29	30.84717
27	29	30.86079
27	29	30.87529
27	29	30.88894
27	29	30.90136
27	30	30.91783
27	30	30.94221
27	30	30.95839
27	30	30.9776
27	30	30.98828
27	30	31.00045
27	30	31.01295
27	30	31.0248
27	30	31.03827
27	30	31.06062
27	30	31.08345
27	30	31.11022
27	30	31.12758
27	30	31.14985
27	30	31.17211
27	30	31.19506
27	30	31.21698
27	30	31.23946
27	30	31.2664
27	30	31.28331
26	30	31.30551
26	30	31.32829
26	30	31.35108
26	30	31.3736
26	30	31.39614
25	30	31.42461
25	30	31.44046
25	30	31.46275
25	30	31.48608
25	30	31.50742
25	30	31.52128
24	30	31.53732
24	30	31.55073
24	30	31.5736
24	30	31.58879
24	30	31.60245
24	30	31.62768
24	30	31.64043
23	30	31.65403
23	30	31.66649
23	30	31.67999
23	30	31.69604
23	30	31.71126
23	30	31.73272
23	30	31.75116
23	30	31.76793
22	30	31.78239
22	30	31.79692
22	30	31.81396
22	30	31.83338
22	30	31.8578
22	30	31.87335
21	30	31.90096
21	30	31.91797
21	30	31.94657
21	30	31.96507
21	30	31.98197
21	30	32.00805
20	30	32.02142
20	30	32.03505
20	30	32.06545
20	30	32.0892
20	30	32.12231
19	30	32.15478
19	30	32.18937
19	30	32.22713
19	30	32.2551
18	30	32.28885
18	30	32.32235
18	30	32.35581
17	30	32.39454
17	30	32.42307
17	30	32.45615
17	30	32.49061
16	30	32.52462
16	30	32.56291
16	30	32.59074
16	30	32.62445
16	30	32.65908
16	30	32.69152
16	30	32.73043
16	30	32.75882
16	30	32.78148
17	30	32.8026
17	30	32.82529
17	30	32.8476
17	30	32.8748
17	30	32.89196
17	30	32.91414
18	30	32.93673
18	30	32.95881
18	30	32.99006
18	30	33.00344
18	30	33.03042
19	30	33.04736
19	30	33.07014
19	30	33.09287
19	30	33.11478
19	30	33.13719
19	30	33.16025
20	30	33.18916
20	30	33.205
20	30	33.22704
20	30	33.24893
20	30	33.27186
21	30	33.29465
21	30	33.32837
21	30	33.34685
21	30	33.36108
21	30	33.38308
21	30	33.40549
22	30	33.42797
22	30	33.45027
22	30	33.47288
22	30	33.4958
22	30	33.52331
22	29	33.54024
22	29	33.56266
22	29	33.58518
22	29	33.60679
22	29	33.62916
22	28	33.65269
22	28	33.67907
22	28	33.69646
22	28	33.71902
22	27	33.78076
22	27	33.79411
22	27	33.80821
22	27	33.82853
22	27	33.8438
22	27	33.85533
22	27	33.87482
22	26	33.89795
22	26	33.91978
22	26	33.94231
22	26	33.96543
22	26	33.99371
22	26	34.00935
23	26	34.03119
23	26	34.04544
23	26	34.06004
23	26	34.07556
23	26	34.08944
23	26	34.10346
23	26	34.12239
24	26	34.1471
24	26	34.16289
24	26	34.17619
24	26	34.192
24	26	34.20755
24	26	34.22033
24	26	34.23314
24	26	34.24598
24	26	34.2585
27	26	34.51023
27	26	34.55825
27	26	34.57491
27	26	34.58871
27	26	34.60119
27	26	34.61329
27	26	34.62526
27	25	34.63771
27	25	34.64969
27	25	34.66226
27	25	34.68293
27	25	34.69743
27	25	34.70948
27	24	34.75304
27	24	34.76947
26	23	35.00391
26	23	35.04475
26	23	35.06278
26	23	35.07816
26	23	35.10461
25	23	35.13702
25	23	35.17092
25	23	35.21128
25	23	35.23805
24	23	35.27204
24	23	35.30536
24	23	35.33952
23	23	35.37863
23	23	35.41687
23	23	35.44342
23	23	35.47243
22	23	35.50699
22	23	35.54497
22	23	35.5731
22	23	35.6062
22	23	35.64019
22	23	35.67403
22	23	35.71201
22	23	35.74111
22	23	35.77402
22	23	35.79718
22	23	35.81783
22	23	35.84095
22	23	35.88303
22	23	35.90494
22	23	35.91888
22	23	35.93524
22	23	35.95239
22	23	35.97528
22	23	35.99785
22	23	36.02439
22	23	36.04172
22	23	36.06397
22	23	36.08641
22	23	36.10884
22	23	36.13046
22	23	36.15513
22	23	36.18308
22	23	36.20023
22	23	36.221
22	23	36.24316
22	23	36.26617
22	23	36.28797
22	23	36.31018
22	23	36.33883
22	23	36.35509
22	24	36.37666
22	24	36.39892
22	24	36.4217
22	24	36.44446
22	24	36.47019
22	24	36.49498
22	27	36.82831
22	27	36.86075
22	28	36.88228
22	28	36.90133
22	28	36.91567
22	28	36.9299
22	28	36.94545
22	28	36.95919
22	29	36.98751
22	29	37.02644
22	29	37.0534
22	29	37.08657
22	30	37.12057
22	30	37.15358
22	30	37.19418
22	30	37.22093
22	30	37.25448
22	30	37.28859
22	30	37.32288
22	30	37.3622
22	30	37.38986
22	30	37.42258
22	30	37.4564
21	30	37.49036
21	30	37.53118
21	30	37.55663
21	30	37.5901
20	30	37.62385
20	30	37.65769
20	30	37.6977
19	30	37.72398
19	30	37.74673
19	30	37.76824
19	30	37.79144
19	30	37.81319
18	30	37.84124
18	30	37.85737
18	30	37.87983
18	30	37.90266
18	30	37.92472
18	30	37.94662
17	30	37.96926
17	30	37.99763
17	30	38.01374
17	30	38.03593
17	30	38.05874
17	30	38.0807
16	30	38.10366
16	30	38.12577
16	30	38.15247
16	30	38.16967
16	30	38.19203
16	30	38.21481
16	30	38.23704
16	30	38.25984
16	30	38.28233
16	30	38.31043
16	30	38.32685
16	30	38.34881
16	30	38.37163
16	30	38.39379
16	29	38.41529
16	29	38.43824
16	29	38.46785
16	29	38.50216
16	29	38.52195
16	28	38.53733
16	28	38.5538
16	28	38.57675
16	28	38.60007
16	28	38.62943
16	28	38.64698
16	27	38.67464
16	27	38.68783
16	27	38.7073
16	27	38.72928
16	27	38.75158
16	26	38.78027
16	26	38.79817
16	26	38.81908
16	26	38.84134
16	26	38.86353
16	26	38.88585
16	26	38.90905
16	26	38.93679
16	26	38.95378
16	26	38.97522
16	26	38.9895
16	26	39.00257
17	26	39.02102
17	26	39.03717
17	26	39.05407
17	26	39.07349
18	26	39.13826
18	26	39.16164
18	26	39.17792
18	26	39.19461
18	26	39.2112
18	26	39.22566
18	26	39.24839
19	26	39.26825
19	26	39.30496
19	26	39.32437
19	26	39.34199
19	26	39.35617
20	26	39.38583
20	26	39.40974
20	26	39.43825
20	26	39.45088
20	26	39.46476
20	26	39.47629
20	26	39.48841
21	26	39.50078
21	26	39.51224
21	26	39.5248
21	26	39.54415
21	26	39.57304
21	26	39.58892
21	26	39.61218
22	26	39.63346
22	26	39.65626
22	26	39.67824
22	26	39.7005
22	26	39.72912
22	25	39.74554
22	25	39.76891
22	25	39.79066
22	25	39.81286
22	25	39.83508
22	25	39.85828
22	24	39.88807
22	24	39.90213
22	24	39.92494
22	24	39.9472
22	24	39.96967
22	23	39.99227
22	23	40.01396
22	23	40.03862
22	23	40.05181
22	23	40.06583
22	23	40.09581
23	23	40.10995
23	23	40.12487
23	23	40.13852
23	23	40.15261
23	23	40.16648
23	23	40.18689
23	23	40.19889
23	23	40.2127
23	23	40.22638
24	23	40.2391
24	23	40.25143
24	23	40.27252
24	23	40.28504
24	23	40.29866
24	23	40.31096
24	23	40.32448
24	23	40.34571
25	23	40.35758
25	23	40.36967
25	23	40.3835
25	23	40.40467
25	23	40.42714
25	23	40.45007
25	23	40.47308
26	23	40.49489
26	23	40.52232
26	23	40.53888
26	23	40.56071
26	23	40.58312
27	23	40.60591
27	23	40.62822
27	23	40.65129
27	23	40.67976
27	23	40.69525
27	23	40.71749
26	23	40.73973
26	23	40.76201
26	23	40.78426
26	23	40.80662
26	23	40.83593
26	23	40.85099
25	23	40.87376
25	23	40.88816
25	23	40.89961
25	23	40.9122
25	23	40.92431
25	23	40.93998
25	23	40.9544
25	23	40.96928
24	23	40.98918
24	23	41.0029
24	23	41.01758
24	23	41.03058
24	23	41.04338
24	23	41.0559
24	23	41.0701
24	23	41.08301
24	23	41.09557
23	23	41.10887
23	23	41.12435
23	23	41.14749
23	23	41.16167
23	23	41.18022
23	23	41.19822
23	23	41.21443
22	23	41.22971
22	23	41.24552
22	23	41.27201
22	23	41.28749
22	23	41.32217
22	23	41.33648
22	22	41.34893
22	22	41.36269
22	22	41.39124
22	22	41.40993
22	22	41.42725
22	22	41.44365
22	21	41.47306
22	21	41.48908
22	21	41.51082
22	21	41.53299
22	21	41.55534
22	21	41.57793
22	20	41.60106
22	20	41.63005
22	20	41.64656
22	20	41.66796
22	20	41.69798
22	19	41.71244
22	19	41.7352
22	19	41.75473
22	19	41.78214
22	19	41.79882
22	19	41.81382
22	19	41.82772
22	18	41.84125
22	18	41.85674
22	18	41.87568
22	18	41.90853
22	18	41.9365
22	17	41.96896
22	17	41.98256
22	17	41.99775
22	17	42.01155
22	17	42.02454
22	17	42.03775
22	17	42.05042
22	17	42.06467
22	16	42.08704
22	16	42.10236
22	16	42.11732
22	16	42.1324
22	16	42.14568
22	16	42.19022
22	15	42.20494
22	15	42.21913
22	15	42.24434
22	15	42.26056
22	15	42.27277
22	15	42.29338
22	15	42.3143
22	14	42.33682
22	14	42.35958
22	14	42.38209
22	14	42.41009
22	14	42.42735
22	13	42.44896
22	13	42.47092
22	13	42.4936
22	13	42.51599
22	13	42.53799
22	12	42.56864
22	12	42.58319
22	12	42.60519
22	12	42.62788
22	12	42.65025
22	12	42.67244
22	11	42.69561
22	11	42.71538
22	11	42.72895
22	11	42.74436
22	11	42.76479
22	11	42.7782
22	11	42.79175
22	11	42.80598
22	12	42.82214
22	12	42.83642
22	12	42.85228
22	12	42.87447
22	12	42.88703
22	12	42.90041
22	12	42.91982
22	13	42.94651
22	13	42.95952
22	13	42.97471
22	13	42.98854
22	13	43.00299
22	13	43.02379
22	13	43.04065
22	14	43.05507
22	14	43.07055
22	14	43.08456
22	14	43.09879
22	14	43.11868
22	14	43.14081
22	14	43.16341
22	15	43.19344
22	15	43.20994
22	15	43.23028
22	15	43.25304
22	15	43.27491
22	16	43.29793
22	16	43.32102
22	16	43.35047
22	16	43.36472
22	16	43.3866
22	16	43.40874
22	17	43.43116
22	17	43.45358
22	17	43.47657
22	17	43.50507
22	17	43.52045
22	18	43.54296
22	18	43.56518
22	18	43.58755
22	18	43.60106
22	18	43.61562
22	18	43.62879
22	18	43.64986
22	19	43.66455
22	19	43.67925
22	19	43.69176
22	19	43.70588
22	19	43.72009
22	19	43.73394
22	19	43.7477
22	19	43.76167
22	19	43.77364
22	20	43.78719
22	20	43.80712
22	20	43.82139
22	20	43.83403
22	20	43.84738
22	20	43.86188
22	20	43.87453
22	20	43.88742
22	20	43.90112
21	20	43.91358
21	20	43.92518
21	20	43.93784
21	20	43.96149
21	20	43.97817
21	20	44.00049
21	20	44.02312
20	20	44.0946
20	20	44.12163
20	20	44.13719
19	20	44.15161
19	20	44.16419
19	20	44.17996
19	20	44.20251
19	20	44.22429
19	20	44.24727
18	20	44.27499
18	20	44.29192
18	20	44.31425
18	20	44.33644
18	20	44.35879
18	20	44.38109
17	20	44.40404
17	20	44.43179
17	20	44.44785
17	20	44.4645
17	20	44.47722
17	20	44.48962
17	20	44.50278
17	20	44.51421
16	20	44.52682
16	20	44.53947
16	20	44.55299
16	20	44.56875
16	20	44.58967
16	20	44.6071
16	20	44.61954
16	20	44.63314
15	20	44.64567
15	20	44.65757
15	20	44.67162
15	20	44.68691
15	20	44.70155
15	20	44.71146
15	20	44.72216
15	20	44.74533
15	20	44.76031
14	20	44.77254
14	20	44.78413
14	20	44.80573
14	20	44.82775
14	20	44.84983
14	20	44.87253
13	20	44.90022
13	20	44.91703
13	20	44.93937
13	20	44.96229
13	20	44.98432
13	20	45.00645
13	21	45.03024
13	21	45.05742
13	21	45.07352
13	21	45.09634
13	21	45.11827
13	22	45.14098
13	22	45.16323
13	22	45.1855
13	22	45.21281
13	22	45.23216
13	23	45.25219
13	23	45.27404
13	23	45.28655
13	23	45.30139
13	23	45.31632
13	23	45.32929
13	23	45.34259
13	23	45.36474
13	23	45.37928
13	23	45.39581
13	23	45.4078
13	23	45.42038
13	23	45.43283
13	23	45.44549
13	23	45.45714
13	23	45.46925
13	23	45.48176
13	23	45.49448
13	23	45.51292
13	23	45.52512
13	23	45.53722
13	23	45.54926
13	23	45.56067
13	23	45.57365
13	23	45.58633
13	23	45.59925
13	23	45.61113
13	22	45.72148
13	21	45.74174
13	21	45.75529
13	21	45.76804
13	21	45.7878
13	21	45.81013
13	21	45.83253
13	21	45.85526
13	20	45.87841
13	20	45.90718
13	20	45.92286
13	20	45.94982
13	20	45.96775
13	20	45.9902
13	20	46.01205
13	20	46.03452
13	20	46.07113
13	20	46.09089
13	20	46.10344
13	20	46.12355
13	20	46.14669
13	20	46.16888
13	20	46.18478
13	20	46.20533
13	20	46.21814
13	20	46.232
13	20	46.24502
13	20	46.25994
13	20	46.27315
13	20	46.28696
13	20	46.30143
13	20	46.31472
13	20	46.35632
13	20	46.37775
13	20	46.39998
13	20	46.41269
13	20	46.42611
13	20	46.44101
13	20	46.45381
13	20	46.46851
13	20	46.48299
13	20	46.49712
13	20	46.51379
13	20	46.5359
13	20	46.55052
13	20	46.56418
13	20	46.57633
13	20	46.59095
13	20	46.60508
13	20	46.62626
13	20	46.64941
13	20	46.67125
13	20	46.69989
13	20	46.71539
13	20	46.73822
13	20	46.76197
13	20	46.78883
13	20	46.80574
13	20	46.8283
13	20	46.85704
13	20	46.87201
13	20	46.89444
13	20	46.91683
13	20	46.93927
13	20	46.96113
13	20	46.98397
13	20	47.01341
13	20	47.02862
13	20	47.05099
13	20	47.06492
13	20	47.07945
13	20	47.09288
13	20	47.10755
13	20	47.12248
13	20	47.13675
13	20	47.15855
13	20	47.1728
13	20	47.18832
13	20	47.20382
13	20	47.21716
13	20	47.22994
13	20	47.24475
13	20	47.26134
13	20	47.2805
13	20	47.29536
13	20	47.31728
13	20	47.33049
13	20	47.34634
13	20	47.361
13	20	47.37831
13	20	47.3939
13	20	47.4081
13	20	47.42476
13	20	47.44231
13	20	47.46463
14	20	47.49423
14	20	47.50924
14	20	47.5318
14	20	47.55445
14	20	47.57605
14	20	47.59842
15	20	47.62158
15	20	47.64948
15	20	47.66842
15	20	47.6876
15	20	47.70951
16	20	47.73309
16	20	47.7542
16	20	47.77707
16	20	47.80602
16	20	47.82174
16	20	47.84356
17	20	47.86714
17	20	47.88868
17	20	47.91136
17	20	47.93459
17	20	47.96845
18	20	47.98167
18	20	47.99453
18	20	48.0095
18	20	48.02457
18	20	48.04054
18	20	48.05586
18	20	48.07074
18	20	48.08851
19	20	48.12003
19	20	48.13626
19	20	48.14958
19	20	48.16856
19	20	48.18316
19	20	48.20151
19	20	48.21495
20	20	48.22831
20	20	48.24358
20	20	48.26832
20	20	48.28179
20	20	48.29374
20	20	48.30485
20	20	48.31774
20	20	48.33208
21	20	48.34749
21	20	48.36131
21	20	48.38024
21	20	48.40322
21	20	48.4315
21	20	48.4472
22	20	48.46976
22	20	48.4917
22	20	48.51357
22	20	48.53602
22	20	48.55977
22	21	48.58863
22	21	48.60398
22	21	48.62645
22	21	48.64856
22	21	48.67107
22	21	48.69499
22	22	48.71518
22	22	48.7458
22	22	48.77047
22	22	48.78592
22	22	48.80465
22	22	48.82675
22	23	48.84106
22	23	48.85873
22	23	48.87383
22	23	48.89656
22	23	48.92042
22	23	48.93357
22	23	48.94714
22	24	48.96199
22	24	48.98039
22	24	48.99593
22	24	49.01132
22	24	49.02707
22	24	49.04909
22	24	49.06309
22	25	49.07823
22	25	49.09351
22	25	49.12061
22	25	49.13536
21	26	49.42734
20	26	49.46539
20	26	49.48508
20	26	49.49833
20	26	49.51066
20	26	49.52521
20	26	49.5396
20	26	49.55364
19	26	49.56633
19	26	49.58085
19	26	49.61194
19	26	49.62593
19	26	49.6421
19	26	49.66457
18	26	49.6865
18	26	49.70914
18	26	49.73256
18	26	49.76165
18	26	49.77876
18	26	49.80081
17	26	49.82116
17	26	49.84372
17	26	49.86575
17	26	49.88821
17	26	49.91643
16	26	49.93295
16	26	49.95507
16	26	49.97681
16	26	49.99922
16	26	50.02174
16	26	50.03538
16	26	50.05017
16	26	50.07505
16	26	50.09153
16	26	50.10545
16	26	50.11996
16	26	50.13758
16	26	50.15116
16	26	50.16614
16	26	50.17968
16	26	50.19283
16	26	50.20723
16	26	50.22864
16	26	50.24245
16	26	50.26221
16	26	50.27731
16	26	50.2934
16	26	50.31154
16	26	50.32536
16	26	50.3383
16	26	50.35114
16	26	50.36388
16	26	50.38338
17	26	50.40113
17	26	50.42544
17	26	50.44019
17	26	50.45715
17	26	50.47089
17	26	50.48814
17	26	50.50239
18	26	50.52517
18	26	50.55487
18	26	50.57166
18	26	50.59209
18	26	50.61377
18	26	50.63634
19	26	50.65923
19	26	50.68191
19	26	50.71144
19	26	50.72596
19	26	50.74831
19	25	50.77837
19	25	50.79329
19	25	50.81607
19	25	50.83776
19	25	50.86816
19	24	50.88764
19	24	50.90441
19	24	50.92636
19	24	50.94303
19	24	50.95966
19	24	50.97395
19	24	50.98904
19	23	51.01588
19	23	51.04343
19	23	51.06793
19	23	51.08842
19	23	51.10675
19	23	51.12025
19	23	51.13373
19	23	51.14807
19	23	51.1818
19	23	51.19897
18	23	51.23602
18	23	51.25218
18	23	51.26973
18	23	51.28687
18	23	51.30332
18	23	51.33556
17	23	51.35389
17	23	51.37179
17	23	51.39039
17	23	51.41241
17	23	51.42512
17	23	51.43895
17	23	51.4535
16	23	51.4798
16	23	51.49583
16	23	51.51869
16	23	51.54096
16	23	51.56326
16	22	51.5912
16	22	51.60916
16	22	51.63868
16	22	51.65743
16	22	51.67554
16	22	51.69742
16	21	51.7199
16	21	51.7421
16	21	51.7656
16	21	51.79467
16	21	51.82592
16	20	51.84155
16	20	51.85657
16	20	51.87607
16	20	51.89833
16	20	51.93496
16	20	51.95691
16	20	51.97385
16	20	51.98668
16	20	52.00176
16	20	52.016
16	20	52.02934
16	20	52.04381
17	20	52.05671
17	20	52.07076
17	20	52.08425
17	20	52.09999
17	20	52.12437
17	20	52.1377
17	20	52.15098
17	20	52.16687
18	20	52.18108
18	20	52.1939
18	20	52.20673
18	20	52.21951
18	20	52.2323
18	20	52.24469
18	20	52.25846
18	20	52.28089
19	20	52.29592
19	20	52.3129
19	20	52.3257
19	20	52.33836
19	20	52.35637
19	20	52.37855
19	20	52.40044
19	19	52.42352
19	19	52.45164
19	19	52.4706
19	19	52.49009
19	19	52.5133
19	19	52.53598
19	18	52.55765
19	18	52.58066
19	18	52.61021
19	18	52.62571
19	18	52.64638
19	17	52.66915
19	17	52.69136
19	17	52.71344
19	17	52.73745
19	17	52.7655
19	17	52.78346
19	16	52.8032
19	16	52.81811
19	16	52.83427
19	16	52.84975
19	16	52.86283
19	16	52.87611
19	16	52.88933
19	15	52.91294
19	15	52.93042
19	15	52.94446
19	15	52.96051
19	15	52.97649
19	15	52.99054
19	15	53.00546
19	15	53.01905
19	14	53.03305
19	14	53.04635
19	14	53.0727
19	14	53.08842
19	14	53.10268
19	14	53.1157
19	14	53.12905
19	14	53.14382
19	13	53.15714
19	13	53.17197
19	13	53.2159
19	13	53.24147
19	13	53.26039
19	12	53.27431
19	12	53.28713
19	12	53.30537
19	12	53.32824
19	12	53.35184
19	12	53.37312
19	11	53.40158
19	11	53.41715
19	11	53.43916
19	11	53.46177
19	11	53.48404
19	11	53.50613
21	11	53.6641
21	11	53.695
21	11	53.71286
21	11	53.72679
21	11	53.7445
21	11	53.75777
22	11	53.7747
22	11	53.79739
22	11	53.82013
22	11	53.84906
22	11	53.86416
23	11	53.88646
23	11	53.89931
23	11	53.91186
23	11	53.92435
23	11	53.94118
24	11	54.04071
24	11	54.07777
24	11	54.11739
25	11	54.14046
25	11	54.15659
25	11	54.17107
25	11	54.18371
25	11	54.1987
25	11	54.21868
25	11	54.23336
25	11	54.2462
26	11	54.25893
26	11	54.27408
26	11	54.28735
26	11	54.30113
26	11	54.31455
26	11	54.32832
26	11	54.34096
26	11	54.35849
27	11	54.38051
27	11	54.395
27	11	54.41174
27	11	54.42561
27	11	54.43782
27	11	54.45553
27	11	54.4778
27	10	54.50083
27	10	54.52317
27	10	54.55074
26	8	54.88408
26	8	54.9156
26	8	54.93464
26	8	54.95036
26	8	54.96326
25	8	54.99356
25	8	55.01919
25	8	55.03246
25	8	55.04604
25	8	55.0685
25	8	55.08259
25	8	55.10508
25	8	55.12745
25	8	55.14966
25	8	55.17218
25	8	55.19431
25	8	55.21883
25	8	55.24713
25	8	55.2603
25	8	55.2762
25	8	55.28998
25	8	55.30838
25	8	55.32568
25	8	55.3406
25	8	55.35505
25	8	55.36769
25	8	55.38115
25	8	55.4055
25	8	55.41941
25	8	55.43449
25	8	55.45084
25	8	55.46622
25	8	55.48312
25	7	55.4973
25	7	55.51175
25	7	55.52525
25	7	55.54121
25	7	55.56219
25	7	55.57844
25	7	55.59282
25	7	55.60839
25	6	55.62345
25	6	55.63607
25	6	55.64887
25	6	55.66556
25	6	55.68653
25	6	55.7121
25	6	55.7394
25	5	55.76477
25	5	55.77805
25	5	55.79802
25	5	55.81983
25	5	55.84277
25	5	55.86518
25	5	55.89381
25	5	55.90932
25	5	55.93122
25	5	55.95439
24	5	55.97628
24	5	55.99897
24	5	56.02139
24	5	56.04987
24	5	56.06571
24	5	56.08778
23	5	56.11021
23	5	56.12444
23	5	56.14202
23	5	56.16462
23	5	56.18044
23	5	56.20211
23	5	56.21639
22	5	56.22995
22	5	56.25004
22	5	56.26437
22	5	56.27942
22	5	56.29197
22	5	56.30606
22	5	56.32926
22	5	56.34383
22	5	56.36614
22	5	56.38639
22	5	56.39854
22	5	56.41494
22	5	56.42697
22	5	56.44129
22	5	56.45444
22	5	56.46819
22	5	56.53135
22	5	56.55357
22	5	56.56893
22	5	56.58225
22	5	56.59697
22	5	56.61142
22	5	56.62492
22	5	56.64633
22	5	56.66951
22	5	56.69102
22	5	56.71931
22	5	56.73563
22	5	56.75819
22	5	56.78076
22	5	56.80308
22	5	56.82581
22	5	56.8512
22	5	56.87673
22	5	56.89221
22	5	56.91446
22	5	56.93706
22	5	56.9595
22	5	56.98149
22	5	57.00486
22	5	57.03345
22	5	57.04841
22	5	57.07102
22	5	57.09341
22	5	57.10706
22	5	57.11971
22	5	57.13297
22	5	57.14611
22	5	57.16574
22	5	57.18729
22	5	57.20164
22	5	57.2176
22	5	57.23048
22	5	57.24468
22	5	57.25781
22	5	57.27165
22	5	57.28535
22	5	57.3
22	5	57.31264
22	5	57.32947
22	5	57.35411
22	5	57.36928
22	4	57.3825
22	4	57.39539
22	4	57.40833
22	4	57.42432
22	4	57.43832
22	4	57.46073
22	4	57.47519
22	4	57.49319
22	3	57.51363
22	3	57.52942
22	3	57.55127
22	3	57.57384
22	3	57.5961
22	2	57.61787
20	2	57.9512
19	2	57.98604
19	2	58.00061
19	2	58.0175
19	2	58.03309
19	2	58.05466
19	2	58.0696
19	2	58.08408
19	2	58.10427
18	2	58.13222
18	2	58.1487
18	2	58.17091
18	2	58.19329
18	2	58.21587
17	2	58.2381
17	2	58.26102
17	2	58.28928
17	2	58.30521
17	2	58.31948
17	2	58.33221
17	2	58.34454
16	2	58.36015
16	2	58.37273
16	2	58.38641
16	2	58.39997
16	2	58.41389
16	2	58.43474
16	2	58.44788
16	2	58.46189
15	2	58.4762
15	2	58.49124
15	2	58.50681
15	2	58.5265
15	2	58.54426
15	2	58.55945
15	2	58.57503
14	2	58.6044
14	2	58.62575
14	2	58.64217
14	2	58.68343
14	2	58.70388
13	2	58.7216
13	2	58.73554
13	2	58.75914
13	2	58.79098
13	2	58.80568
13	2	58.82026
13	2	58.83419
12	2	58.8524
12	2	58.87505
12	2	58.89877
12	2	58.92659
12	2	58.94147
11	2	58.96388
11	2	58.98667
11	2	59.00843
11	2	59.03076
11	2	59.05393
11	2	59.08246
10	2	59.09824
10	2	59.12045
10	2	59.14288
10	2	59.16552
10	2	59.18801
9	2	59.21159
9	2	59.24582
9	2	59.26398
9	2	59.2814
9	2	59.30209
9	2	59.31654
8	2	59.33228
6	2	59.66561
5	2	59.70491
5	2	59.72433
5	2	59.73938
5	2	59.75592
5	2	59.78558
5	2	59.79907
5	2	59.81239
4	2	59.82528
4	2	59.84702
4	2	59.86338
4	2	59.87886
4	2	59.89138
4	2	59.90365
4	2	59.91567
4	2	59.92751
3	2	59.94069
3	2	59.95283
3	2	59.96561
3	2	59.98087
3	2	60.00087
3	2	60.01696
3	2	60.02784
3	2	60.05031
2	2	60.07229
2	2	60.09441
2	2	60.11696
2	2	60.14019
2	2	60.16896
2	2	60.18586
2	2	60.20693
2	2	60.22945
2	2	60.2516
2	2	60.27361
2	2	60.29689
2	2	60.33282
2	2	60.34435
2	2	60.36342
2	2	60.38499
2	2	60.40765
2	2	60.43005
2	2	60.45324
2	2	60.48232
2	2	60.49366
2	2	60.51095
2	2	60.52304
2	2	60.53465
2	2	60.54525
2	2	60.55709
2	2	60.56842
2	2	60.57988
2	2	60.59081
2	2	60.60176
2	2	60.61392
2	2	60.6345
2	2	60.64833
2	2	60.66431
2	2	60.68417
2	2	60.69865
2	2	60.71311
2	2	60.72706
2	2	60.73956
2	2	60.75395
2	2	60.76928
2	2	60.7914
2	2	60.80394
2	2	60.81583
2	2	60.83073
2	2	60.84496
2	2	60.85797
2	2	60.87692
2	2	60.89924
2	2	60.92239
2	2	60.9505
2	2	60.96643
2	2	60.99009
2	2	61.01095
2	3	61.03325
2	3	61.0565
2	3	61.07875
2	3	61.10734
2	3	61.12356
2	3	61.14544
2	4	61.16766
2	4	61.19104
2	4	61.21315
2	4	61.23551
2	4	61.26453
2	5	61.27946
2	5	61.30179
2	5	61.3237
2	5	61.33826
2	5	61.35434
2	5	61.36777
2	5	61.38103
2	5	61.39612
2	5	61.42149
2	5	61.43874
2	5	61.45206
2	5	61.46409
2	5	61.47931
2	5	61.49267
3	5	61.50585
3	5	61.51754
3	5	61.56322
3	5	61.58679
3	5	61.61195
4	5	61.62687
4	5	61.64393
4	5	61.65786
4	5	61.67372
4	5	61.69036
4	5	61.7247
5	5	61.7561
5	5	61.77144
5	5	61.79184
5	5	61.80894
5	5	61.8232
5	5	61.83426
5	5	61.84821
6	5	61.88208
6	5	61.92091
6	5	61.94878
6	5	61.98241
7	5	62.01635
7	5	62.05005
7	5	62.08942
7	4	62.11635
7	4	62.14946
7	4	62.18284
7	4	62.21767
7	3	62.25581
7	3	62.28406
7	3	62.31766
7	3	62.35077
7	2	62.38488
7	2	62.42451
7	2	62.4509
8	2	62.48452
8	2	62.51824
8	2	62.5526
8	2	62.59123
8	2	62.61911
8	2	62.64143
8	2	62.66353
8	2	62.68632
8	2	62.70899
9	2	62.73646
9	2	62.75332
9	2	62.77512
9	2	62.79746
9	2	62.81941
10	2	62.84168
10	2	62.86448
10	2	62.89249
10	2	62.90917
10	2	62.93087
10	2	62.95367
11	2	62.97646
11	2	62.99819
11	2	63.02143
11	2	63.04845
11	2	63.06515
12	2	63.08777
12	2	63.10994
12	2	63.13208
12	2	63.15435
12	2	63.17721
12	2	63.20414
12	3	63.22202
12	3	63.24405
12	3	63.26665
12	3	63.2893
12	3	63.31115
12	4	63.33448
12	4	63.36215
12	4	63.37922
12	4	63.40119
12	4	63.42404
12	4	63.44605
12	5	63.46834
12	5	63.4914
12	5	63.51994
12	5	63.53539
12	5	63.55818
12	5	63.57985
12	5	63.60229
12	5	63.62419
12	5	63.64687
12	5	63.67398
12	5	63.69192
12	5	63.71357
12	5	63.73618
12	5	63.75952
12	5	63.78125
11	5	63.80436
11	5	63.83229
11	5	63.84835
11	5	63.87067
11	5	63.8885
11	5	63.90261
11	5	63.9155
10	5	63.92887
10	5	63.94126
10	5	63.95639
10	5	63.97805
10	5	63.9933
10	5	64.00661
10	5	64.01928
10	5	64.03062
9	5	64.04174
9	5	64.05367
9	5	64.06539
9	5	64.08044
9	5	64.09863
9	5	64.12963
9	5	64.15141
9	5	64.16537
9	5	64.17725
9	5	64.18791
9	5	64.19971
9	5	64.2112
9	5	64.22258
9	5	64.23349
9	5	64.24486
9	5	64.26093
9	5	64.28332
9	5	64.31123
9	5	64.32813
9	6	64.35043
9	6	64.37384
9	6	64.39685
9	6	64.41837
9	6	64.44163
9	7	64.47021
9	7	64.48473
9	7	64.50761
9	7	64.53053
9	7	64.55171
9	8	64.57384
9	8	64.59697
9	8	64.62438
9	8	64.64142
9	8	64.66366
9	8	64.68607
10	8	64.70868
10	8	64.73103
10	8	64.74615
10	8	64.76411
10	8	64.78714
10	8	64.80197
10	8	64.81377
10	8	64.82547
11	8	64.83629
11	8	64.84815
11	8	64.86099
11	8	64.87981
11	8	64.8958
11	8	64.91016
11	8	64.92266
11	8	64.94373
12	8	64.95803
12	8	64.96914
12	8	64.98109
12	8	64.99615
12	8	65.01052
12	8	65.02269
12	8	65.03502
12	8	65.04684
12	8	65.05836
12	8	65.06899
12	8	65.08052
12	8	65.10062
12	8	65.11549
12	8	65.13233
12	9	65.15424
12	9	65.17779
12	9	65.19955
12	9	65.22237
12	9	65.24519
12	10	65.28017
12	10	65.29607
12	10	65.31158
12	10	65.33324
12	10	65.35624
12	10	65.37831
12	11	65.40127
12	11	65.42912
12	11	65.44566
12	11	65.4677
12	11	65.4902
12	11	65.51223
12	11	65.53486
12	11	65.55759
12	11	65.58495
12	11	65.5999
12	11	65.61219
12	11	65.62282
12	11	65.63486
12	11	65.64584
12	11	65.65723
12	11	65.66876
12	11	65.68075
12	11	65.69161
12	11	65.70333
12	11	65.71488
12	11	65.73207
12	11	65.74309
11	11	65.755
11	11	65.76772
11	11	65.77985
11	11	65.79439
11	11	65.80869
11	11	65.82076
11	11	65.83257
11	11	65.84411
11	11	65.85734
10	11	65.88644
10	11	65.91472
10	11	65.94105
10	11	65.95661
10	11	65.97352
10	11	65.98707
9	11	66.0042
9	11	66.02625
9	11	66.0486
9	11	66.08111
9	11	66.09761
9	11	66.1153
8	11	66.13745
8	11	66.1599
8	11	66.18277
8	11	66.20477
8	11	66.23271
7	11	66.24892
7	11	66.27174
7	11	66.29495
7	11	66.31683
7	11	66.33892
6	11	66.36244
6	11	66.3904
6	11	66.4082
6	11	66.42843
6	11	66.45068
6	11	66.4627
6	11	66.47467
7	10	66.48621
7	10	66.49842
7	10	66.55418
7	10	66.58483
7	10	66.60087
7	9	66.61313
7	9	66.62492
7	9	66.63747
7	9	66.6539
7	9	66.69208
7	9	66.70622
7	8	66.72942
7	8	66.74722
7	8	66.76159
7	8	66.77686
7	8	66.79408
7	8	66.80899
7	8	66.82497
8	8	66.8517
8	8	66.86755
8	8	66.90365
8	8	66.91839
8	8	66.93108
8	8	66.94267
8	8	66.95418
8	8	66.9763
8	8	66.99772
8	8	67.02097
8	8	67.04824
8	8	67.06517
8	8	67.08707
9	8	67.10947
9	8	67.13194
9	8	67.15387
9	8	67.17699
9	8	67.20421
10	8	67.22102
10	8	67.24383
10	8	67.26608
10	8	67.28875
10	8	67.31078
10	8	67.33329
11	8	67.36135
11	8	67.37746
11	8	67.40037
11	8	67.42368
11	8	67.44065
11	8	67.46056
12	8	67.4744
12	8	67.49107
12	8	67.521
12	8	67.53893
12	8	67.55187
12	8	67.56718
12	8	67.59698
12	8	67.61246
12	8	67.62855
12	8	67.65307
12	8	67.67778
12	8	67.69336
12	8	67.70763
12	8	67.72018
12	8	67.73411
12	8	67.76173
12	8	67.77657
12	8	67.79118
12	8	67.80633
12	8	67.83768
12	8	67.85155
12	8	67.87334
12	8	67.88613
12	8	67.89964
12	8	67.91167
12	8	67.92588
12	8	67.95262
12	8	67.96997
12	8	68.005
12	8	68.01967
12	8	68.0374
12	8	68.05917
12	8	68.08224
12	8	68.10432
12	8	68.12735
12	8	68.15742
12	8	68.17146
12	8	68.19405
12	8	68.21544
11	8	68.23765
11	8	68.26076
11	8	68.28343
11	8	68.31342
11	8	68.32975
11	8	68.35003
10	8	68.37209
10	8	68.38522
10	8	68.39988
10	8	68.43412
10	8	68.45509
10	8	68.46918
9	8	68.48326
9	8	68.49863
9	8	68.51301
9	8	68.52788
9	8	68.54083
9	8	68.57079
9	8	68.58801
9	7	68.61414
9	7	68.6311
9	7	68.64553
9	7	68.66158
9	7	68.67461
9	7	68.68838
9	7	68.70251
9	7	68.71558
9	6	68.73005
9	6	68.74501
9	6	68.76634
9	6	68.78038
9	6	68.79353
9	6	68.80851
9	6	68.82275
9	6	68.83833
9	5	68.85223
9	5	68.87711
9	5	68.92225
9	5	68.94435
9	5	68.95912
9	5	68.9982
9	5	69.01931
9	5	69.03423
9	5	69.04827
9	5	69.06192
9	5	69.07698
9	5	69.10795
9	5	69.12176
9	5	69.14223
9	5	69.16531
9	5	69.18717
9	5	69.20885
9	5	69.23227
9	6	69.26083
9	6	69.2761
9	6	69.29881
9	6	69.32162
9	6	69.3377
9	6	69.35199
9	7	69.3741
9	7	69.38969
9	7	69.41142
9	7	69.4238
9	7	69.43871
9	7	69.46406
9	7	69.47852
9	8	69.49911
9	8	69.51443
9	8	69.52917
9	8	69.54215
9	8	69.56383
9	8	69.57816
9	8	69.59395
9	8	69.60864
9	8	69.6272
9	8	69.64619
8	8	69.66936
8	8	69.68687
8	8	69.70451
8	8	69.72991
8	8	69.74639
8	8	69.76257
8	8	69.77888
7	8	69.7926
7	8	69.81161
7	8	69.83088
7	8	69.85233
7	8	69.87592
7	8	69.90593
6	8	69.92075
6	8	69.94245
6	8	69.96506
6	8	69.98701
6	8	70.00928
7	7	70.06181
7	7	70.08313
7	7	70.10194
7	7	70.11875
7	7	70.13193
7	7	70.14417
7	6	70.16665
7	6	70.18946
7	6	70.21281
7	6	70.23997
7	6	70.26701
7	5	70.28049
7	5	70.30037
7	5	70.31412
7	5	70.33
7	5	70.34793
7	5	70.36086
7	5	70.38708
7	4	70.41028
7	4	70.43522
7	4	70.44736
7	4	70.4618
7	4	70.47511
7	4	70.48814
7	4	70.50029
7	4	70.51238
7	3	70.52573
7	3	70.54032
7	3	70.56042
7	3	70.57235
7	3	70.58577
7	3	70.59969
7	3	70.61877
7	3	70.6347
7	2	70.64864
7	2	70.663
7	2	70.6894
7	2	70.70331
7	2	70.72377
7	2	70.73966
7	3	70.76284
7	3	70.78429
7	3	70.80711
7	3	70.82943
7	3	70.85197
7	3	70.87476
7	4	70.90364
7	4	70.91946
7	4	70.9411
7	4	70.96352
7	4	70.98572
7	5	71.00784
7	5	71.03107
7	5	71.0596
7	5	71.07474
7	5	71.09729
7	5	71.1194
7	6	71.14223
7	6	71.15559
7	6	71.1677
7	6	71.18174
7	6	71.20164
7	6	71.21581
7	6	71.22856
7	6	71.24094
7	7	71.25406
7	7	71.26723
7	7	71.27945
7	7	71.29175
7	7	71.30373
7	7	71.31602
7	7	71.32942
7	7	71.34167
7	7	71.36223
7	8	71.37524
7	8	71.3886
7	8	71.40083
7	8	71.41447
7	8	71.42712
7	8	71.43905
7	8	71.45168
7	8	71.48933
7	9	71.50462
7	9	71.52535
7	9	71.53777
7	9	71.54996
7	9	71.56595
7	9	71.58804
7	9	71.61101
7	10	71.63303
7	10	71.65616
7	10	71.6852
7	10	71.7007
7	10	71.72269
7	11	71.74551
7	11	71.76764
7	11	71.79026
7	11	71.81416
7	11	71.84061
7	11	71.85655
6	11	71.87926
6	11	71.90152
6	11	71.92439
6	11	71.94625
6	11	71.96951
5	11	71.99857
5	11	72.0176
5	11	72.03336
5	11	72.04528
5	11	72.05762
5	11	72.07163
5	11	72.08833
5	11	72.10233
4	11	72.11526
4	11	72.12781
4	11	72.15235
4	11	72.17048
4	11	72.18309
4	11	72.19584
4	11	72.20803
4	11	72.21906
3	11	72.22996
3	11	72.24102
3	11	72.25281
3	11	72.2664
3	11	72.28175
3	11	72.30661
3	11	72.33051
3	11	72.34302
2	11	72.35829
2	11	72.39635
2	11	72.41306
2	11	72.43354
2	11	72.47162
2	10	72.49149
2	10	72.51373
2	10	72.5348
2	10	72.56058
2	10	72.59442
2	8	72.81253
2	8	72.85435
2	8	72.87299
2	8	72.88609
2	8	72.90066
2	8	72.92947
2	8	72.96342
2	8	73.00578
3	8	73.02957
3	8	73.0633
3	8	73.09689
3	8	73.13059
4	8	73.16973
4	8	73.19685
4	8	73.23058
4	7	73.26427
4	7	73.29833
4	7	73.33823
4	7	73.36526
4	6	73.39816
4	6	73.43134
4	6	73.45554
4	6	73.48692
4	6	73.5041
4	5	73.5209
4	5	73.54312
4	5	73.56522
4	5	73.58761
4	5	73.61008
4	5	73.63987
4	5	73.6549
4	5	73.6763
4	5	73.69907
4	5	73.72114
4	5	73.74414
4	5	73.76684
4	5	73.79607
4	5	73.81073
4	5	73.83314
4	5	73.85528
4	5	73.87766
4	5	73.90862
4	5	73.92567
4	6	73.95262
4	6	73.96841
4	6	73.99039
4	6	74.01219
4	6	74.03525
4	7	74.05659
4	7	74.07938
4	7	74.10775
4	7	74.12342
4	7	74.14587
4	7	74.168
4	8	74.19096
4	8	74.21417
4	8	74.23689
4	8	74.26457
4	8	74.28133
4	8	74.30313
4	8	74.3252
4	8	74.34736
3	8	74.36977
3	8	74.39264
3	8	74.42104
3	8	74.43684
3	8	74.45913
3	8	74.48182
2	8	74.50463
2	8	74.52642
2	8	74.55151
2	8	74.57891
2	8	74.59377
2	8	74.61662
2	8	74.64153
2	8	74.662
2	8	74.68316
2	8	74.69662
2	8	74.71281
2	8	74.73776
2	8	74.77264
2	8	74.78671
2	8	74.80038
2	9	74.82948
2	9	74.85984
2	9	74.87421
2	9	74.89584
2	9	74.91016
2	9	74.92404
2	10	74.94437
2	10	74.97247
2	10	74.98499
2	10	75.01504
2	10	75.02802
2	10	75.05131
2	11	75.06547
2	11	75.07915
2	11	75.09344
2	11	75.11172
2	11	75.1413
2	11	75.15633
2	11	75.17048
3	11	75.18604
3	11	75.21365
3	11	75.23011
3	11	75.25327
3	11	75.27901
3	11	75.297
4	11	75.31917
4	11	75.34206
4	11	75.3705
4	11	75.38647
4	11	75.40912
5	11	75.43133
5	11	75.45335
5	11	75.47589
5	11	75.49866
5	11	75.52693
5	11	75.54282
6	11	75.56594
6	11	75.59084
6	11	75.61822
6	11	75.65086
6	11	75.67091
7	11	75.68333
7	11	75.69631
7	11	75.71253
7	11	75.72993
7	11	75.74352
7	11	75.7574
7	11	75.77071
8	11	75.79662
8	11	75.81039
8	11	75.83058
8	11	75.8464
8	11	75.86724
8	11	75.88094
8	11	75.89525
8	11	75.90813
9	11	75.92263
9	11	75.93787
9	11	75.95287
9	11	75.96782
9	11	75.9883
9	11	76.00172
9	11	76.01433
9	11	76.02811
10	11	76.04035
10	11	76.05701
10	11	76.0789
10	11	76.10201
10	11	76.12439
10	11	76.15356
10	12	76.16876
10	12	76.1908
10	12	76.21325
10	12	76.23537
10	12	76.25822
10	13	76.28719
10	13	76.32809
10	13	76.36901
10	13	76.39333
10	14	76.40862
10	14	76.42439
10	14	76.43652
10	14	76.45995
10	14	76.48785
10	14	76.50535
10	14	76.52557
10	15	76.54775
10	15	76.56125
10	15	76.57686
10	15	76.59255
10	15	76.60645
10	15	76.62011
10	15	76.64304
10	16	76.66026
10	16	76.67401
10	16	76.69344
10	16	76.71157
10	16	76.72874
10	16	76.74192
10	16	76.75616
10	16	76.77279
10	17	76.79681
10	17	76.81337
10	17	76.83068
10	17	76.84343
10	17	76.85725
10	17	76.86987
10	17	76.88383
10	18	76.89856
10	18	76.9128
10	18	76.92777
10	18	76.95053
10	18	76.96664
10	18	76.98051
10	18	76.99559
10	18	77.0173
10	19	77.03932
10	19	77.06231
10	19	77.08543
10	19	77.11416
10	19	77.13034
10	20	77.15941
10	20	77.17323
10	20	77.19556
10	20	77.21874
10	20	77.24082
10	20	77.26891
10	19	77.28558
10	19	77.30759
10	19	77.33026
10	19	77.35301
10	19	77.37473
10	19	77.39746
10	18	77.43378
10	18	77.45377
10	18	77.46951
10	18	77.48387
10	18	77.5
10	18	77.51287
10	18	77.52705
10	17	77.54072
10	17	77.55392
10	17	77.57539
10	17	77.58907
10	17	77.60139
10	17	77.61426
10	17	77.62821
10	17	77.6423
10	16	77.65615
10	14	77.98949
10	13	78.02178
10	13	78.03832
10	13	78.05701
10	13	78.07258
10	13	78.08842
10	13	78.10511
10	13	78.12555
10	12	78.14169
10	12	78.16578
10	12	78.17943
10	12	78.19369
10	12	78.21252
10	12	78.23244
10	12	78.25497
10	11	78.27738
10	11	78.30027
10	11	78.32894
10	11	78.34417
10	11	78.36702
11	11	78.38882
11	11	78.41203
11	11	78.43333
11	11	78.45705
11	11	78.48608
11	11	78.50061
12	11	78.5239
12	11	78.54565
12	11	78.56789
12	11	78.62421
13	11	78.64991
13	11	78.66363
13	11	78.67705
13	11	78.69204
13	11	78.71093
13	11	78.72845
13	11	78.74207
14	11	78.75655
14	11	78.76997
14	11	78.80074
14	11	78.8231
14	11	78.83778
14	11	78.85017
14	11	78.86513
15	11	78.88078
15	11	78.90984
15	11	78.92513
15	11	78.94216
15	11	78.96072
15	11	78.98145
16	11	78.99625
16	11	79.00953
16	11	79.02384
16	11	79.03731
16	11	79.05029
16	11	79.06312
16	11	79.07921
16	11	79.09416
16	11	79.10753
17	11	79.12659
17	11	79.15584
17	11	79.17086
17	11	79.19326
17	11	79.21552
17	11	79.23757
18	11	79.25935
18	11	79.28342
18	11	79.31159
18	11	79.32697
18	11	79.34998
19	11	79.37238
19	11	79.39433
19	11	79.41709
19	11	79.43987
19	11	79.46761
19	12	79.4866
19	12	79.50691
19	12	79.52847
19	12	79.55067
19	12	79.5729
19	12	79.58769
19	12	79.60036
19	13	79.62199
19	13	79.63846
19	13	79.65469
19	13	79.66738
19	13	79.68037
19	13	79.69433
19	13	79.70906
19	13	79.72234
19	14	79.73544
19	14	79.75349
19	14	79.77479
19	14	79.78804
19	14	79.79978
19	14	79.81374
19	14	79.82743
19	14	79.84021
19	15	79.85533
19	15	79.86855
19	15	79.88226
19	15	79.89508
19	15	79.90916
19	15	79.92976
19	15	79.94253
19	15	79.95444
19	16	79.97771
19	16	79.99729
19	16	80.0199
19	16	80.04164
19	16	80.06436
19	16	80.09387
19	15	80.10968
19	15	80.14552
19	15	80.15807
19	15	80.17653
19	15	80.19947
19	14	80.22455
19	14	80.24965
19	14	80.2657
19	14	80.28738
19	14	80.31023
19	14	80.33227
19	13	80.35446
19	13	80.3777
19	13	80.40636
19	13	80.42233
19	13	80.43851
19	13	80.45441
19	12	80.47259
19	12	80.48551
19	12	80.4995
19	12	80.51257
19	12	80.52459
19	12	80.53822
19	12	80.55743
19	12	80.56976
19	12	80.58295
19	11	80.59799
19	11	80.61233
19	11	80.6256
19	11	80.63835
19	11	80.6517
19	11	80.66618
19	11	80.6789
19	11	80.69926
19	11	80.71848
19	11	80.73572
19	11	80.75198
19	11	80.7694
19	11	80.78291
19	11	80.79575
19	11	80.81071
19	11	80.82379
19	11	80.8465
19	11	80.86954
19	11	80.89821
19	11	80.91363
19	11	80.93646
19	11	80.95808
19	11	80.98041
19	11	81.00223
19	11	81.02516
19	11	81.05345
19	11	81.06942
19	11	81.09205
19	11	81.11519
19	11	81.13696
19	11	81.15956
19	11	81.18199
19	11	81.21025
19	11	81.22603
19	11	81.24885
19	11	81.26204
19	11	81.27444
19	11	81.28752
19	11	81.30263
19	11	81.31589
19	11	81.33059
19	11	81.34453
19	11	81.36448
19	11	81.37955
19	11	81.39213
19	11	81.40707
19	11	81.41929
19	11	81.43246
19	11	81.44586
19	11	81.45866
19	11	81.4705
19	11	81.48428
19	11	81.49876
19	11	81.5185
19	11	81.53072
19	11	81.54234
19	11	81.55403
19	11	81.56624
19	11	81.57764
19	11	81.589
19	11	81.59995
19	11	81.6115
19	11	81.62788
19	11	81.65062
19	11	81.67798
19	11	81.69541
19	11	81.72541
19	11	81.74435
19	11	81.76257
19	11	81.78456
19	14	82.1179
19	14	82.15506
19	14	82.16917
19	15	82.18089
19	15	82.19241
19	15	82.20359
19	15	82.21983
19	15	82.24187
19	15	82.26434
19	15	82.28686
19	16	82.31992
19	16	82.33257
19	16	82.3538
19	16	82.37586
19	16	82.39851
19	17	82.42059
19	17	82.43232
19	17	82.44407
19	17	82.46007
19	17	82.47408
19	17	82.48642
19	17	82.49848
19	17	82.50974
19	17	82.52131
19	17	82.5339
19	18	82.54568
19	18	82.55637
19	18	82.56887
19	18	82.58013
19	18	82.59439
19	18	82.65526
19	17	82.67019
19	17	82.68522
19	17	82.69971
19	17	82.7131
19	17	82.72783
19	17	82.74584
19	17	82.76518
19	17	82.77894
19	16	82.79027
19	16	82.80186
19	16	82.81178
19	16	82.83381
19	16	82.85579
19	16	82.87915
19	16	82.9015
19	15	82.93058
19	15	82.94633
19	15	82.96868
19	15	82.99056
19	14	83.03412
19	14	83.07116
19	14	83.1328
19	14	83.14648
18	14	83.15727
18	14	83.16944
18	14	83.19185
18	14	83.22496
18	14	83.26338
17	14	83.29156
17	14	83.32504
17	14	83.35895
17	14	83.39311
16	14	83.43143
16	14	83.45934
16	14	83.49301
15	14	83.5264
15	14	83.56019
15	14	83.59908
15	14	83.62668
14	14	83.66003
14	14	83.69321
14	14	83.72756
13	14	83.76627
13	14	83.79455
13	14	83.82832
13	14	83.86172
12	14	83.89594
11	14	84.12748
10	14	84.15888
10	14	84.18739
10	14	84.20007
10	14	84.21072
10	14	84.22926
10	14	84.25177
10	14	84.27393
10	14	84.29696
10	14	84.32418
10	15	84.34082
10	15	84.36298
10	15	84.38557
10	15	84.40779
10	15	84.4305
10	15	84.45255
10	16	84.48032
10	16	84.49776
10	17	84.68342
10	18	84.71575
10	18	84.73206
10	18	84.75005
10	18	84.76446
10	18	84.77953
10	18	84.79294
10	18	84.81039
10	19	84.83274
10	19	84.85582
10	19	84.88301
10	19	84.90005
10	19	84.92244
10	19	84.94449
10	20	84.96732
10	20	84.98901
10	20	85.01214
10	20	85.04157
10	20	85.06641
11	20	85.07877
11	20	85.101
11	20	85.12321
11	20	85.146
11	20	85.16911
12	20	85.1963
12	20	85.2142
12	20	85.23544
12	20	85.25756
12	20	85.28026
12	20	85.30289
13	20	85.32574
13	20	85.3541
13	20	85.37733
13	20	85.39326
13	20	85.41404
13	20	85.43657
14	20	85.45867
14	20	85.48185
14	20	85.51218
14	20	85.52598
14	20	85.55087
15	20	85.57021
15	20	85.59269
15	20	85.6199
15	20	85.64038
15	20	85.66647
15	20	85.68307
14	20	85.70514
14	20	85.72725
14	20	85.7495
14	20	85.77227
14	20	85.79501
13	20	85.8247
13	20	85.83867
13	20	85.86162
13	20	85.88368
13	20	85.90634
12	20	85.92892
12	20	85.95137
12	20	85.97913
12	20	85.99287
12	20	86.00765
12	20	86.02148
12	20	86.03659
12	20	86.049
11	20	86.0612
11	20	86.07539
11	20	86.08882
11	20	86.10183
11	20	86.12078
11	20	86.13318
11	20	86.14646
11	20	86.15939
10	20	86.17339
10	20	86.18674
10	20	86.19962
10	20	86.21183
10	20	86.2242
10	20	86.23647
10	20	86.2486
10	20	86.26167
10	20	86.28168
10	20	86.29494
9	20	86.30831
9	20	86.3219
9	20	86.33765
9	20	86.35308
9	20	86.37516
9	20	86.39739
8	20	86.41999
8	20	86.44749
8	20	86.46393
8	20	86.48715
8	20	86.50906
8	20	86.53111
7	20	86.55357
7	20	86.57626
7	20	86.60579
7	20	86.62134
7	20	86.64275
7	20	86.6669
7	20	86.68764
7	20	86.71072
7	20	86.73337
7	20	86.76123
7	20	86.77676
7	20	86.79887
7	20	86.81107
7	20	86.82253
7	19	86.83542
7	19	86.8484
7	19	86.86147
7	19	86.87872
7	19	86.89513
7	19	86.92094
7	19	86.93759
7	19	86.9499
7	18	86.9628
7	18	86.97709
7	18	86.99431
7	18	87.01076
7	18	87.02491
7	18	87.03847
7	18	87.0516
7	17	87.07518
7	17	87.09142
7	17	87.11012
7	17	87.12679
7	17	87.14487
7	17	87.15894
7	17	87.17134
7	17	87.19054
7	16	87.21369
7	16	87.24186
7	16	87.25745
7	16	87.27944
7	16	87.3018
7	15	87.32375
7	15	87.34621
7	15	87.36937
7	15	87.39794
7	15	87.41378
7	15	87.43608
7	14	87.45849
7	14	87.48091
7	14	87.50318
7	14	87.5261
7	14	87.55376
7	13	87.56992
7	13	87.59208
7	13	87.61445
7	13	87.63753
7	13	87.66019
7	13	87.67471
7	12	87.69267
7	12	87.71767
7	12	87.73466
7	12	87.75154
7	12	87.76453
7	12	87.77817
7	12	87.79234
7	12	87.80544
7	11	87.81974
7	11	87.83214
7	11	87.8465
7	11	87.86968
7	11	87.88537
7	11	87.89845
7	11	87.91204
7	11	87.92451
8	11	87.94265
8	11	87.9552
8	11	87.96777
8	11	87.98109
8	11	87.99316
8	11	88.00575
8	11	88.02538
8	11	88.03908
8	11	88.0519
8	11	88.06452
8	11	88.10164
8	11	88.11909
8	11	88.13609
8	11	88.15121
9	11	88.17385
9	11	88.20393
9	11	88.21887
9	11	88.2401
9	11	88.26189
9	11	88.28436
10	11	88.30697
10	11	88.32969
10	11	88.35789
10	11	88.37402
10	11	88.39667
11	11	88.4193
11	11	88.44211
11	11	88.46329
11	11	88.4866
11	11	88.51437
11	11	88.5307
12	11	88.5442
12	11	88.55728
12	11	88.57006
12	11	88.58225
12	11	88.5943
12	11	88.60704
12	11	88.6203
12	11	88.63382
12	11	88.6507
13	11	88.67448
13	11	88.69604
13	11	88.71351
13	11	88.72933
14	11	88.8
14	11	88.81845
14	11	88.85102
14	11	88.86469
14	11	88.88017
14	11	88.8931
15	11	88.90728
15	11	88.9204
15	11	88.93417
15	11	88.94914
15	11	88.96165
15	11	88.97404
15	11	88.99194
15	11	89.00639
15	11	89.0224
17	11	89.04459
17	11	89.06652
17	11	89.08884
17	11	89.11102
18	11	89.21334
18	11	89.23381
18	11	89.2454
18	11	89.25629
18	11	89.26861
19	11	89.29034
19	11	89.31242
19	11	89.33517
19	11	89.3569
19	11	89.37962
19	12	89.40806
19	12	89.4239
19	12	89.44661
19	12	89.46874
19	12	89.49103
19	12	89.51303
19	13	89.52671
19	13	89.53997
19	13	89.56211
19	15	89.83815
19	16	89.89088
19	16	89.90607
19	16	89.91827
19	19	90.2516
19	19	90.29528
19	19	90.31644
19	19	90.33764
19	19	90.35114
19	19	90.36606
19	20	90.37894
19	20	90.39162
19	20	90.40781
19	20	90.43002
19	20	90.44446
19	20	90.45914
19	20	90.47675
19	20	90.49441
19	20	90.51862
19	20	90.5432
19	20	90.55707
19	20	90.57065
19	20	90.59246
18	20	90.61043
18	20	90.6234
18	20	90.64764
18	20	90.66276
18	20	90.67992
18	20	90.70197
18	20	90.72501
17	20	90.75404
17	20	90.78053
17	20	90.7951
17	20	90.82378
17	20	90.83606
16	20	90.85876
16	20	90.88984
16	20	90.91026
16	20	90.9257
16	20	90.94804
16	20	90.97069
15	20	90.99274
15	20	91.01508
15	20	91.04062
15	20	91.06662
15	20	91.08262
14	20	91.0979
14	20	91.11243
14	20	91.13416
14	20	91.15022
14	20	91.16509
14	20	91.17964
14	20	91.19512
13	20	91.21857
13	20	91.23225
13	20	91.24793
13	20	91.2822
13	20	91.2961
13	20	91.31128
13	20	91.32461
13	20	91.33873
12	20	91.35392
12	20	91.3797
12	20	91.40459
12	20	91.41874
12	20	91.43291
12	20	91.44548
11	20	91.49387
11	20	91.51161
11	20	91.53582
11	20	91.54955
11	20	91.57312
10	20	91.58771
10	20	91.59985
10	20	91.6188
10	20	91.6406
10	20	91.6634
10	20	91.69138
10	19	91.70731
10	19	91.72986
10	19	91.75246
10	19	91.7752
10	19	91.79688
10	19	91.82693
10	18	91.85275
10	18	91.86618
10	18	91.88684
10	18	91.90891
10	18	91.93741
10	17	91.95348
10	17	91.97592
10	17	91.99883
10	17	92.02094
10	17	92.03429
10	17	92.04689
10	17	92.06171
10	16	92.07573
10	16	92.08954
10	16	92.10231
10	16	92.11517
10	16	92.12705
10	16	92.14281
10	16	92.15884
10	16	92.1808
10	17	92.19977
10	17	92.21394
10	17	92.22765
10	17	92.24164
10	17	92.2585
10	17	92.27244
10	17	92.29202
10	17	92.30714
10	18	92.32581
10	18	92.349
10	18	92.37238
10	18	92.38727
10	18	92.40043
10	18	92.41402
10	18	92.43305
10	19	92.45628
10	19	92.47906
10	19	92.50944
10	19	92.5397
10	19	92.55212
10	20	92.56785
10	20	92.59004
10	20	92.61228
10	20	92.6348
10	20	92.663
10	20	92.67928
9	20	92.70179
9	20	92.72388
9	20	92.7459
9	20	92.7688
9	20	92.79121
8	20	92.81995
8	20	92.83562
8	20	92.85783
8	20	92.88031
8	20	92.89347
8	20	92.90526
8	20	92.91944
7	20	92.93166
7	20	92.94469
7	20	92.96464
7	20	92.97793
7	20	92.99081
7	20	93.00334
7	20	93.01677
7	20	93.02943
7	20	93.04232
7	20	93.05383
7	20	93.06709
7	21	93.08035
7	21	93.09306
7	21	93.10683
7	21	93.13037
7	21	93.14868
7	21	93.16301
7	21	93.17627
7	21	93.18975
7	22	93.2029
7	22	93.2151
7	22	93.23382
7	22	93.24916
7	22	93.27186
7	22	93.30004
7	22	93.31611
7	23	93.34333
7	23	93.3604
7	23	93.3829
7	23	93.40543
7	23	93.42886
7	24	93.45622
7	24	93.47264
7	24	93.49487
7	24	93.51727
7	24	93.5397
7	24	93.56178
7	25	93.5844
7	25	93.6121
7	25	93.62849
7	25	93.65117
7	25	93.67355
7	26	93.68649
7	26	93.69811
7	26	93.71169
7	26	93.7311
7	26	93.74739
7	26	93.77054
7	26	93.78806
7	26	93.79971
7	27	93.81188
7	27	93.82415
7	27	93.83756
7	27	93.85379
7	27	93.86941
7	27	93.8826
7	27	93.89529
7	27	93.90956
7	28	93.93334
7	28	93.9501
7	28	93.96445
7	28	93.97983
7	28	93.99694
7	28	94.01073
7	28	94.02523
7	28	94.03775
7	29	94.05133
7	29	94.06648
7	29	94.08984
7	29	94.11207
7	29	94.12489
7	29	94.14297
7	29	94.16513
7	30	94.18704
7	30	94.20921
7	30	94.23222
7	30	94.26088
7	30	94.27686
7	30	94.29924
8	30	94.32196
8	30	94.34547
8	30	94.36633
8	30	94.38919
8	30	94.41689
8	30	94.43507
8	30	94.45507
8	30	94.47794
8	30	94.49966
8	30	94.52242
8	30	94.53743
8	30	94.55293
9	30	94.58383
9	30	94.60693
9	30	94.63179
9	30	94.66024
9	30	94.6742
10	30	94.69054
10	30	94.70363
10	30	94.7296
10	30	94.75025
10	30	94.76427
10	30	94.78122
10	30	94.80331
11	30	94.81714
11	30	94.83144
11	30	94.84657
11	30	94.86498
11	30	94.89005
11	30	94.90672
12	30	94.93688
12	30	94.95127
12	30	94.96585
12	30	94.98283
12	30	95.0023
12	30	95.02557
12	30	95.05425
12	30	95.07053
12	29	95.09212
12	29	95.11362
12	29	95.13634
12	29	95.15947
12	29	95.18205
12	28	95.21143
12	28	95.2292
12	28	95.24848
12	28	95.271
12	28	95.29282
12	28	95.31577
12	27	95.3381
12	27	95.36707
12	27	95.38473
12	27	95.40524
12	27	95.42728
12	27	95.45021
12	26	95.46334
12	26	95.47701
12	26	95.49888
12	26	95.52957
12	26	95.55566
12	26	95.56916
12	26	95.59459
12	26	95.60762
12	26	95.61977
12	26	95.63338
11	26	95.65254
11	26	95.67252
11	26	95.6892
11	26	95.70864
11	26	95.72237
11	26	95.73512
11	26	95.74889
10	26	95.76515
10	26	95.77911
10	26	95.79447
10	26	95.81145
10	26	95.83434
10	26	95.8512
10	26	95.86508
10	26	95.87836
9	26	95.89627
9	26	95.91846
9	26	95.94357
9	26	95.96383
9	26	95.99256
8	26	96.00837
8	26	96.02967
8	26	96.05276
8	26	96.07458
8	26	96.09708
8	26	96.11982
7	26	96.1489
7	26	96.16621
7	26	96.18694
7	26	96.20911
7	26	96.23161
6	26	96.25359
6	26	96.27645
6	26	96.30479
6	26	96.32022
6	26	96.34311
6	26	96.36013
6	26	96.37538
6	26	96.38922
6	26	96.40346
6	26	96.41864
6	26	96.43337
6	26	96.45527
6	26	96.47233
6	26	96.48701
5	26	96.50202
5	26	96.51732
5	26	96.5317
5	26	96.5496
5	26	96.5668
5	26	96.57874
5	26	96.59348
4	26	96.62302
4	26	96.63923
4	26	96.65266
4	26	96.67176
4	26	96.69025
4	26	96.70969
4	26	96.72463
4	26	96.73738
3	26	96.74876
3	26	96.7738
3	26	96.7906
3	26	96.81284
3	26	96.83485
3	26	96.8569
2	26	96.8789
2	26	96.90205
2	26	96.93103
2	26	96.95093
2	26	96.96898
2	26	96.99116
2	27	97.01318
2	27	97.03555
2	27	97.0584
2	27	97.0861
2	27	97.1025
2	27	97.12505
2	28	97.1474
2	28	97.17002
2	28	97.19214
2	28	97.21492
2	28	97.24855
2	29	97.26498
2	29	97.28011
2	29	97.29708
2	29	97.32514
2	29	97.33813
2	29	97.35204
2	29	97.36538
2	30	97.38866
2	30	97.40631
2	30	97.42223
2	30	97.43645
2	30	97.45049
2	30	97.47484
2	30	97.49619
2	30	97.50912
2	30	97.52344
3	30	97.55172
3	30	97.57606
3	30	97.59389
3	30	97.60742
3	30	97.62486
3	30	97.63925
4	30	97.65126
4	30	97.66434
4	30	97.68109
4	30	97.72033
4	30	97.73877
4	30	97.75095
4	30	97.762
5	30	97.78424
5	30	97.8065
5	30	97.82915
5	30	97.85207
5	30	97.88044
6	30	97.89693
6	30	97.91791
6	30	97.94057
6	30	97.96426
6	30	97.98473
6	30	98.00806
7	30	98.03672
7	30	98.05352
7	30	98.07414
7	30	98.09631
7	30	98.11877
7	30	98.14131
7	30	98.16385
7	30	98.1851
7	30	98.1981
7	30	98.21205
7	30	98.2257
7	30	98.2398
7	30	98.25346
8	30	98.26846
8	30	98.28277
8	30	98.29817
8	30	98.31192
8	30	98.32604
8	30	98.34891
8	30	98.36256
8	30	98.37849
9	30	98.39731
9	30	98.4108
9	30	98.42458
9	30	98.43846
9	30	98.45347
9	30	98.46786
9	30	98.4814
9	30	98.50136
10	30	98.51374
10	30	98.52685
10	30	98.53934
10	30	98.55443
10	30	98.57652
10	30	98.59883
10	30	98.62132
11	30	98.64392
11	30	98.67221
11	30	98.68832
11	30	98.71063
11	30	98.73279
12	30	98.78241
12	30	98.80002
12	30	98.81879
12	30	98.83255
12	30	98.84547
12	30	98.86708
12	29	98.89005
12	29	98.91213
12	29	98.93427
12	29	98.95728
12	29	98.98612
12	28	99.00126
12	28	99.02393
12	28	99.03697
12	28	99.04913
12	28	99.06122
12	28	99.07239
12	28	99.08478
12	28	99.09878
12	28	99.11171
12	27	99.13111
12	27	99.14363
12	27	99.15587
12	27	99.16965
12	27	99.1818
12	27	99.19313
12	27	99.20527
12	27	99.21871
12	27	99.23109
12	26	99.24313
12	26	99.25727
12	26	99.27013
12	26	99.29016
12	26	99.30242
12	26	99.31501
12	26	99.32698
12	26	99.33968
12	26	99.35178
12	26	99.36608
12	26	99.37862
12	26	99.39214
12	26	99.40451
12	26	99.4166
12	26	99.42811
12	26	99.45361
12	26	99.47016
12	26	99.49258
12	26	99.51557
12	26	99.53748
12	26	99.55976
12	26	99.58279
12	26	99.61092
12	26	99.62695
12	26	99.64971
12	26	99.67159
12	26	99.69401
12	26	99.71632
12	26	99.73879
12	26	99.76675
12	26	99.78337
12	26	99.80576
12	26	99.82783
12	26	99.85052
12	26	99.87225
12	26	99.89516
12	26	99.92968
12	26	99.94225
12	26	99.95921
12	26	99.97324
12	26	99.98643
12	27	99.99801
12	27	100.0104
12	27	100.0223
12	27	100.0346
12	27	100.046
12	27	100.0657
12	27	100.0785
12	27	100.0928
12	27	100.1074
12	28	100.1208
12	28	100.1332
12	28	100.1501
12	28	100.1728
12	28	100.188
12	28	100.2186
12	28	100.237
12	29	100.2489
12	29	100.2599
12	29	100.2708
12	29	100.2835
12	28	100.427
12	28	100.467
12	27	100.4851
12	27	100.5046
12	27	100.518
12	27	100.533
12	27	100.5544
12	27	100.5875
12	26	100.629
12	26	100.6538
12	26	100.6876
12	26	100.7211
12	26	100.7553
12	26	100.7956
12	26	100.8217
12	26	100.8551
12	26	100.8886
12	26	100.9232
12	26	100.9619
12	26	100.9889
12	26	101.023
12	27	101.0569
12	27	101.0913
12	27	101.1304
12	27	101.1571
12	28	101.1899
12	28	101.2238
12	28	101.2575
13	28	101.2969
13	28	101.3249
13	28	101.3472
13	28	101.3755
13	28	101.3914
14	28	101.4137
14	28	101.4439
14	28	101.4633
14	28	101.484
14	28	101.5239
15	28	101.5396
15	28	101.5528
15	28	101.5697
15	28	101.5978
15	28	101.6142
15	28	101.6365
15	27	101.6593
15	27	101.6813
15	27	101.7038
15	27	101.7275
15	27	101.7551
15	27	101.7701
15	26	101.7935
15	26	101.816
15	26	101.8382
15	26	101.8754
15	26	101.892
15	26	101.9165
15	26	101.9366
15	26	101.9555
15	26	101.9722
15	26	101.995
15	26	102.0273
15	26	102.0397
15	26	102.0619
15	26	102.0898
15	26	102.4231
15	26	102.4698
15	26	102.485
15	26	102.498
15	26	102.5108
15	26	102.5249
15	26	102.5393
15	26	102.561
15	26	102.5838
15	26	102.6124
15	26	102.6279
15	26	102.6499
15	26	102.6728
15	26	102.6952
15	26	102.7175
15	26	102.7402
15	26	102.7684
15	26	102.7845
15	26	102.8074
15	26	102.8291
15	26	102.8512
15	26	102.8735
15	26	102.8967
15	26	102.924
15	26	102.9362
15	26	102.948
15	26	102.9593
15	26	102.9704
15	26	102.9813
15	26	102.9926
15	26	103.0048
15	26	103.0174
15	26	103.0285
15	26	103.0404
15	26	103.056
15	26	103.0865
15	26	103.1025
15	26	103.1174
15	26	103.1358
15	26	103.1512
15	26	103.1643
15	26	103.1812
15	26	103.1983
15	26	103.2136
15	26	103.2385
15	26	103.2557
15	26	103.2713
15	27	103.2857
15	27	103.3185
15	27	103.3317
15	27	103.3443
15	27	103.3643
15	27	103.3924
15	28	103.409
15	28	103.4315
15	28	103.4539
15	28	103.4761
15	28	103.4983
15	28	103.5209
15	29	103.5482
15	29	103.5654
15	29	103.5873
15	29	103.6098
15	29	103.6324
15	28	103.655
15	28	103.6784
15	28	103.7073
15	28	103.7344
15	28	103.749
15	28	103.7684
15	27	103.7901
15	27	103.8125
15	27	103.8353
15	27	103.8554
15	27	103.8737
15	27	103.8892
15	26	103.9025
15	26	103.915
15	26	103.9267
15	26	103.9399
15	26	103.9541
15	26	103.9676
15	26	103.9803
15	26	103.9927
15	26	104.0138
15	26	104.0261
15	26	104.0382
15	26	104.0512
15	26	104.0638
15	26	104.0756
15	26	104.0878
15	26	104.1003
15	26	104.1589
15	26	104.179
15	26	104.1905
15	26	104.2014
15	26	104.2119
15	26	104.2247
15	26	104.2477
15	27	104.2699
15	27	104.2919
15	27	104.3159
15	27	104.3428
15	27	104.3595
15	27	104.3818
15	28	104.4043
15	28	104.4266
15	28	104.4489
15	28	104.4715
15	28	104.4988
15	29	104.516
15	29	104.5381
15	29	104.5603
15	29	104.5829
15	29	104.6053
15	29	104.6282
15	30	104.6556
15	30	104.6718
15	30	104.6943
15	30	104.7174
15	30	104.727
15	30	104.7391
15	30	104.7503
15	29	104.7614
15	29	104.7721
15	29	104.7842
15	29	104.8003
15	29	104.8161
15	29	104.8246
15	29	104.8342
15	29	104.8443
15	29	104.8542
15	29	104.8635
15	28	104.8738
15	28	104.8847
15	28	104.8958
15	28	104.9069
15	28	104.9182
15	28	104.9311
15	28	104.9446
15	28	104.964
15	28	104.9779
15	28	104.9902
15	27	105.0056
15	27	105.0187
15	27	105.0349
15	27	105.0626
15	27	105.0748
15	27	105.0873
15	27	105.0993
15	27	105.117
15	26	105.128
15	26	105.1396
15	26	105.15
15	26	105.1616
15	26	105.1734
15	26	105.1849
15	26	105.1956
15	26	105.2062
15	26	105.2176
15	26	105.2298
15	26	105.2413
15	26	105.2524
15	26	105.2692
15	26	105.2811
15	26	105.2921
15	26	105.3037
15	26	105.3145
15	26	105.3261
15	26	105.345
15	26	105.3574
15	26	105.3692
15	26	105.3806
15	26	105.3915
15	26	105.4036
15	26	105.422
15	26	105.4336
15	26	105.4448
15	26	105.456
15	26	105.4683
15	26	105.4792
15	26	105.4911
15	26	105.5035
15	26	105.5149
15	26	105.5257
15	26	105.5434
15	26	105.5665
15	26	105.5932
15	26	105.6101
15	26	105.6325
15	26	105.6546
15	26	105.6778
15	26	105.6997
15	26	105.7221
15	26	105.7506
15	26	105.767
15	26	105.7888
15	26	105.8113
15	26	105.8342
15	26	105.8562
15	26	105.8792
15	26	105.9118
15	26	105.9241
15	26	105.9457
15	26	105.9679
15	26	105.9903
15	26	106.0125
15	26	106.0238
15	26	106.0354
15	26	106.0531
15	26	106.0668
15	26	106.0809
15	26	106.0954
15	26	106.1085
15	26	106.1211
15	26	106.1336
15	26	106.1452
15	26	106.1572
15	26	106.171
15	26	106.1829
15	26	106.1941
15	26	106.2124
15	26	106.2255
15	26	106.2362
15	26	106.2468
15	26	106.2596
15	26	106.2716
15	26	106.2837
15	26	106.2946
15	26	106.3064
15	26	106.3182
15	26	106.332
15	26	106.3512
15	26	106.3762
15	26	106.3901
15	26	106.4041
15	26	106.4178
15	26	106.4315
15	26	106.4489
15	26	106.4711
15	26	106.4931
15	26	106.5163
15	26	106.5467
15	26	106.5605
15	26	106.5827
15	26	106.6045
15	26	106.6271
15	26	106.6498
15	26	106.6729
15	26	106.7025
15	26	106.7173
15	26	106.7392
15	26	106.7618
15	27	106.7838
15	27	106.8061
15	27	106.8298
15	27	106.8585
15	27	106.8734
15	27	106.8952
15	28	106.9078
15	28	106.9207
15	28	106.9329
15	28	106.9448
15	28	106.9577
15	28	106.9731
15	28	106.9852
15	28	107.0084
15	29	107.0211
15	29	107.0338
15	29	107.0467
15	29	107.0594
15	29	107.0736
15	29	107.0875
15	29	107.0997
15	29	107.1123
15	29	107.1242
15	28	107.1426
15	28	107.1619
15	28	107.1746
15	28	107.1873
15	28	107.2008
15	28	107.2139
15	28	107.2258
15	28	107.2385
15	28	107.2526
14	28	107.2746
14	28	107.2976
14	28	107.327
14	28	107.3421
14	28	107.3641
13	28	107.3865
13	28	107.409
13	28	107.4313
13	28	107.4654
13	28	107.4886
13	28	107.5049
12	28	107.5321
12	28	107.5447
12	28	107.5654
12	28	107.5881
12	28	107.6108
12	28	107.6333
12	28	107.6629
12	28	107.6779
12	28	107.6999
12	28	107.7227
12	28	107.737
12	28	107.7511
12	28	107.7649
12	28	107.7793
12	28	107.8052
12	28	107.8304
12	28	107.8478
12	28	107.8623
12	28	107.8782
12	28	107.8975
12	28	107.9125
12	28	107.9279
12	28	107.9421
12	28	107.9567
12	28	107.9786
12	28	107.9928
12	28	108.0078
12	28	108.0211
12	28	108.0348
12	28	108.0491
12	28	108.0623
12	28	108.0767
12	28	108.0904
12	27	108.1048
12	27	108.1162
12	27	108.1435
12	27	108.1588
12	27	108.1794
12	27	108.2021
12	26	108.2242
10	26	108.5576
9	26	108.5962
9	26	108.6184
9	26	108.6321
9	26	108.6448
9	26	108.6597
9	26	108.6819
8	26	108.7155
8	26	108.7543
8	26	108.7817
8	26	108.8148
7	26	108.8492
7	26	108.8831
7	26	108.9213
7	26	108.9501
6	26	108.9831
6	26	109.0169
6	26	109.0506
7	25	109.089
7	25	109.1165
7	25	109.1505
7	25	109.1838
7	24	109.2175
7	24	109.257
7	24	109.299
7	23	109.318
7	23	109.3517
7	23	109.3854
7	23	109.4248
7	22	109.452
7	22	109.4743
7	22	109.4962
7	22	109.5186
7	22	109.5412
7	21	109.5697
7	21	109.5856
7	21	109.6081
7	21	109.6306
7	21	109.6529
7	21	109.6755
7	20	109.6981
7	20	109.7257
7	20	109.742
7	20	109.7641
7	20	109.7863
8	20	109.8083
8	20	109.8312
8	20	109.8534
8	20	109.8806
8	20	109.898
8	20	109.9204
8	20	109.9431
8	20	109.9651
8	20	109.9877
8	20	110.0104
8	20	110.038
9	20	110.0546
9	20	110.0765
9	20	110.0989
9	20	110.1212
9	20	110.1433
9	20	110.1666
10	20	110.1944
10	20	110.212
10	20	110.234
10	20	110.2566
10	20	110.2786
11	20	110.3008
11	20	110.3234
11	20	110.3506
11	20	110.3683
11	20	110.3912
11	20	110.414
12	20	110.437
12	20	110.4596
12	20	110.4828
12	20	110.511
12	20	110.5273
13	20	110.5501
13	20	110.5731
14	20	110.7208
14	20	110.757
14	20	110.7711
14	20	110.7833
15	20	110.7962
15	20	110.816
15	20	110.8395
15	20	110.8711
17	20	110.911
17	20	110.9374
17	20	110.9712
17	20	111.005
18	20	111.0413
18	20	111.0804
18	20	111.1053
18	20	111.1386
19	20	111.1724
19	20	111.2063
19	20	111.2484
19	20	111.2724
19	19	111.3069
19	19	111.3398
19	19	111.3739
19	18	111.4127
19	18	111.4406
19	18	111.4737
19	18	111.5071
19	17	111.5408
19	17	111.5805
19	17	111.6078
19	17	111.6305
19	16	111.6522
19	16	111.6746
19	16	111.6975
19	16	111.727
19	16	111.742
19	15	111.7641
19	15	111.7866
19	15	111.8088
19	15	111.8313
19	15	111.8536
19	15	111.8814
19	14	111.8978
19	14	111.9196
19	14	111.9422
19	14	111.9641
19	14	111.9868
18	14	112.0097
18	14	112.039
18	14	112.0543
18	14	112.0765
18	14	112.0993
18	14	112.1215
17	14	112.1436
17	14	112.1823
17	14	112.2034
17	14	112.2188
17	14	112.2335
16	14	112.2566
16	14	112.277
16	14	112.299
16	14	112.3217
16	14	112.3444
15	14	112.3732
15	14	112.3898
15	14	112.4119
15	14	112.4346
15	14	112.4569
15	14	112.4791
14	14	112.5024
14	14	112.5302
14	14	112.5518
14	14	112.5689
14	14	112.591
14	14	112.6131
13	14	112.6358
13	14	112.6581
13	14	112.6866
13	14	112.7026
13	14	112.7245
12	14	112.7469
12	14	112.7695
12	14	112.7918
12	14	112.8143
12	14	112.8439
12	14	112.8587
11	14	112.8742
11	14	112.8866
11	14	112.9128
11	14	112.9266
11	14	112.9411
11	14	112.954
11	14	112.9672
10	14	112.9861
10	14	112.9998
10	14	113.0127
10	14	113.0258
10	14	113.0387
10	14	113.0503
10	14	113.064
10	14	113.0777
10	14	113.0921
10	15	113.1075
10	15	113.1215
10	15	113.1421
10	15	113.1563
10	15	113.1707
10	15	113.1829
10	15	113.1957
10	15	113.2107
10	15	113.2239
10	16	113.2364
10	16	113.2491
10	16	113.2619
10	16	113.274
10	16	113.31
10	16	113.3228
10	16	113.3403
10	17	113.3618
10	17	113.3839
10	17	113.4059
10	17	113.4404
10	17	113.4605
10	17	113.473
10	18	113.4955
10	18	113.5178
10	18	113.5403
10	18	113.5628
10	18	113.5856
10	19	113.6076
10	19	113.6359
10	19	113.6523
10	19	113.6747
10	19	113.6969
10	20	113.7194
10	20	113.7415
10	20	113.7545
10	20	113.7688
10	20	113.8148
10	20	113.8287
11	20	113.8466
11	20	113.8601
11	20	113.874
11	20	113.888
11	20	113.9025
11	20	113.9241
11	20	113.9448
11	20	113.958
12	20	113.9703
12	20	113.9833
12	20	113.9949
12	20	114.007
12	20	114.0208
12	20	114.0361
12	20	114.0505
12	20	114.0641
12	20	114.077
13	20	114.0987
13	20	114.1117
13	20	114.1227
13	20	114.1356
13	20	114.1497
13	20	114.1661
13	20	114.2048
13	21	114.2211
13	21	114.2377
13	21	114.2631
13	21	114.2934
13	23	114.6267
13	23	114.6703
13	23	114.6882
13	23	114.702
13	23	114.7172
13	23	114.7302
13	23	114.7511
13	23	114.7736
13	23	114.7969
13	23	114.8263
13	23	114.8409
13	23	114.8637
13	23	114.8858
13	23	114.9075
13	23	114.9304
13	23	114.9526
13	23	114.9792
13	23	114.9934
12	23	115.0079
12	23	115.0236
12	23	115.0419
12	23	115.0604
12	23	115.0793
12	23	115.0962
12	23	115.1242
11	23	115.1663
11	23	115.1841
11	23	115.199
11	23	115.2109
11	23	115.2214
11	23	115.2333
11	23	115.2439
10	23	115.2572
10	23	115.2706
10	23	115.2908
10	23	115.3184
10	23	115.3377
10	23	115.3522
10	23	115.3682
10	23	115.3814
10	23	115.395
10	23	115.4107
10	23	115.4331
10	23	115.4557
10	23	115.495
10	23	115.5108
10	23	115.5276
10	23	115.5443
10	23	115.5669
10	24	115.5889
10	24	115.6117
10	24	115.6434
10	24	115.6614
10	24	115.6842
10	24	115.7013
10	25	115.7235
10	25	115.7458
10	25	115.7689
10	25	115.7967
10	25	115.8134
10	26	115.8348
10	26	115.8572
10	26	115.8792
10	26	115.9019
10	26	115.9152
10	26	115.929
10	26	115.9571
10	26	115.9719
10	26	115.9862
10	26	116.0016
10	26	116.0135
10	26	116.0269
10	26	116.0407
10	26	116.0541
10	26	116.0882
10	26	116.1173
10	26	116.1298
10	26	116.1442
10	26	116.1599
9	26	116.1744
9	26	116.1881
9	26	116.2117
9	26	116.2345
9	26	116.2516
9	26	116.2732
8	26	116.2859
8	26	116.2977
8	26	116.3133
8	26	116.3318
8	26	116.3492
8	26	116.3647
8	26	116.3781
8	26	116.399
7	26	116.4159
7	26	116.446
7	26	116.4742
7	26	116.491
7	26	116.525
6	26	116.5412
6	26	116.5562
6	26	116.5728
6	26	116.6023
6	26	116.6191
6	26	116.639
5	26	116.6613
5	26	116.6833
5	26	116.7058
5	26	116.7284
5	26	116.757
5	26	116.7728
4	26	116.7953
4	26	116.8176
4	26	116.8288
4	26	116.8423
4	26	116.854
4	26	116.8648
4	26	116.8746
4	26	116.886
3	26	116.9055
3	26	116.9185
3	26	116.9369
3	26	116.9505
3	26	116.9628
3	26	116.9754
3	26	116.9879
3	26	117.0011
3	26	117.0164
2	26	117.0388
2	26	117.0618
2	26	117.0769
2	26	117.0898
2	26	117.1029
2	26	117.1193
2	26	117.1335
2	26	117.1494
2	26	117.1614
2	26	117.1743
2	26	117.1866
2	26	117.2097
2	26	117.24
2	26	117.2531
2	25	117.2764
2	25	117.2976
2	25	117.3206
2	25	117.3429
2	25	117.3665
2	24	117.3959
2	24	117.4137
2	24	117.4363
2	24	117.4554
2	24	117.4773
2	24	117.5
2	23	117.5232
2	23	117.5576
2	23	117.5796
2	23	117.5989
2	23	117.6144
2	23	117.6376
2	23	117.6558
2	23	117.6691
2	23	117.6831
2	23	117.7099
2	23	117.7463
2	23	117.7596
2	23	117.7716
2	23	117.785
2	23	117.7983
2	23	117.8116
3	23	117.8238
3	23	117.8416
3	23	117.8694
3	23	117.8881
3	23	117.9058
3	23	117.9195
3	23	117.9334
4	23	117.9518
4	23	117.9642
4	23	117.9829
4	23	118.0039
4	23	118.0409
4	23	118.0618
5	23	118.0778
5	23	118.0918
5	23	118.1076
5	23	118.1249
5	23	118.1468
5	23	118.1701
6	23	118.1983
6	23	118.2145
6	23	118.2378
6	23	118.2583
6	23	118.2877
7	23	118.3088
7	23	118.3261
7	23	118.3556
7	23	118.3734
7	23	118.3929
7	23	118.4155
7	23	118.4378
7	23	118.46
7	23	118.4819
7	23	118.5099
7	23	118.5263
7	23	118.5482
7	23	118.56
7	23	118.5781
7	23	118.5924
6	23	118.6102
6	23	118.6242
6	23	118.6389
6	23	118.6628
6	23	118.6789
6	23	118.694
6	23	118.7062
6	23	118.7211
5	23	118.736
5	23	118.7494
5	23	118.7606
5	23	118.7721
5	23	118.7837
5	23	118.7975
5	23	118.8172
5	23	118.8295
5	23	118.8415
4	23	118.8536
4	23	118.8666
4	23	118.8789
4	23	118.8913
4	23	118.9033
4	23	118.9149
4	23	118.9253
4	23	118.9469
4	23	118.9697
4	22	118.9976
4	22	119.0704
4	22	119.0895
4	21	119.1085
4	21	119.1232
4	21	119.1494
4	21	119.165
4	21	119.1766
4	21	119.1949
4	20	119.2178
4	20	119.2405
4	20	119.2633
4	20	119.2866
4	20	119.3149
4	20	119.3331
4	20	119.3535
4	20	119.3758
4	20	119.3971
4	20	119.4199
4	20	119.4426
4	20	119.4706
4	20	119.4841
4	20	119.4976
4	20	119.5101
4	20	119.5246
4	20	119.5372
4	20	119.5518
4	20	119.5644
3	20	119.5773
3	20	119.5904
3	20	119.6112
3	20	119.6487
3	20	119.6668
3	20	119.6818
3	20	119.6945
2	20	119.7069
2	20	119.7206
2	20	119.7371
2	20	119.7564
2	20	119.7834
2	19	119.8678
2	19	119.8871
2	19	119.9051
2	19	119.9215
2	19	119.9373
2	18	119.9589
2	18	119.9703
2	18	119.99
2	18	120.0119
2	18	120.0345
2	18	120.0573
2	17	120.0798
2	17	120.1022
2	17	120.1306
2	16	120.2214
2	16	120.2495
2	16	120.2745
2	16	120.3007
2	15	120.315
2	15	120.3294
2	15	120.3459
2	15	120.3638
2	15	120.3912
2	15	120.4263
2	14	120.4664
2	14	120.4922
2	14	120.5267
2	14	120.5599
2	14	120.5938
2	14	120.6339
2	14	120.6597
2	14	120.6925
3	14	120.7265
3	14	120.7615
3	14	120.7999
3	14	120.8271
4	14	120.8608
4	14	120.8941
4	14	120.9284
4	13	120.9693
4	13	120.9956
4	13	121.028
4	13	121.0616
4	12	121.0857
4	12	121.1129
4	12	121.1312
4	12	121.1513
4	12	121.1749
4	11	121.1957
4	11	121.2178
4	11	121.24
4	11	121.2681
4	11	121.2842
4	11	121.3065
4	11	121.3571
4	11	121.3701
4	11	121.3812
4	11	121.3966
4	11	121.425
4	11	121.4417
4	11	121.463
4	11	121.4855
4	11	121.5084
4	11	121.5305
4	11	121.5538
4	11	121.5834
4	11	121.6103
4	11	121.6264
4	12	121.6474
4	12	121.6646
4	12	121.6867
4	12	121.71
4	12	121.738
4	13	121.7542
4	13	121.7766
4	13	121.7984
4	13	121.8216
4	13	121.8434
4	13	121.8669
4	14	121.9057
4	14	121.9458
4	14	121.9585
4	14	121.9703
4	14	121.9975
4	14	122.0108
4	14	122.0234
4	14	122.0512
4	14	122.0677
3	14	122.0903
3	14	122.1122
3	14	122.134
3	14	122.1564
3	14	122.1797
2	14	122.2087
2	14	122.2236
2	14	122.2459
2	14	122.2683
2	14	122.2915
2	14	122.3133
2	14	122.3388
2	14	122.3609
2	14	122.3739
2	14	122.3861
2	14	122.3992
2	14	122.4133
2	14	122.4281
2	14	122.4407
2	14	122.4545
2	14	122.5008
2	14	122.5251
2	14	122.5393
2	14	122.5538
2	14	122.5682
2	14	122.5808
2	14	122.5921
2	14	122.6047
2	14	122.6171
2	14	122.6286
2	14	122.6404
2	14	122.6542
2	14	122.6743
2	14	122.7282
2	14	122.7442
2	14	122.7577
2	14	122.7715
2	14	122.7936
2	14	122.8163
2	14	122.8448
2	14	122.8604
2	14	122.8962
2	14	122.9169
2	14	122.9296
2	14	122.9498
2	14	122.9732
2	14	123.0008
2	14	123.017
2	14	123.0394
2	14	123.061
2	14	123.0839
2	14	123.1059
2	15	123.1293
2	15	123.1582
2	15	123.1738
2	15	123.1964
2	15	123.2172
2	16	123.24
2	16	123.2535
2	16	123.2648
2	16	123.2775
2	16	123.2892
2	16	123.3092
2	16	123.3614
2	17	123.374
2	17	123.3869
2	17	123.3994
2	17	123.4118
2	17	123.4255
2	17	123.4708
3	17	123.4948
3	17	123.507
3	17	123.5221
3	17	123.5437
3	17	123.5604
3	17	123.5727
3	17	123.5855
3	17	123.5997
4	17	123.649
4	17	123.6728
4	17	123.6886
4	17	123.7007
4	17	123.715
5	17	123.7311
5	17	123.7537
5	17	123.776
5	17	123.7982
5	17	123.834
6	17	123.8579
6	17	123.8745
