x	y	time
15	11	0.0643371
15	11	0.07158291
15	11	0.0793886
15	11	0.08752991
15	11	0.09468661
15	11	0.1051839
15	11	0.1168399
15	11	0.1279317
15	11	0.139166
15	11	0.1534843
15	11	0.1629435
15	11	0.1720872
15	11	0.183303
15	11	0.1943019
15	11	0.2055055
15	11	0.2164179
15	11	0.2274214
15	11	0.238599
15	11	0.2497013
15	11	0.2607975
15	11	0.2721736
15	11	0.2832384
15	11	0.2945755
15	11	0.3081641
15	11	0.3171577
15	11	0.328317
15	11	0.3396224
15	11	0.3508382
15	11	0.3617868
15	11	0.3733943
15	11	0.3845432
15	11	0.3957388
15	11	0.4071639
15	11	0.4181339
15	11	0.4295945
15	11	0.4406596
15	11	0.4520292
15	11	0.4641582
15	11	0.474876
15	11	0.4854577
15	11	0.496452
15	11	0.5079629
15	11	0.51902
15	11	0.5299309
15	11	0.5416873
15	11	0.5525283
15	11	0.5639485
15	11	0.5750666
15	11	0.585944
15	11	0.597114
15	11	0.6090634
15	11	0.6213082
15	11	0.6305173
15	11	0.6419407
15	11	0.652851
15	11	0.6640575
15	11	0.6750917
15	11	0.6868882
15	11	0.6988925
15	11	0.7110274
15	11	0.7232508
15	11	0.7354229
15	11	0.7476971
15	11	0.7593907
15	11	0.7714812
15	11	0.7812185
15	11	0.792632
15	11	0.8033801
15	11	0.8148232
15	11	0.8259415
15	11	0.8370649
15	11	0.8478558
15	11	0.859347
15	11	0.8707703
15	11	0.882897
15	11	0.8926753
15	11	0.9038404
15	11	0.9157994
15	11	0.9285468
15	11	0.9372367
15	11	0.9484615
15	11	0.9595512
15	11	0.9704499
15	11	0.9818361
15	11	0.9929784
15	11	1.004133
15	11	1.01556
15	11	1.026675
15	11	1.03817
15	11	1.079681
15	11	1.095447
15	11	1.104371
15	11	1.112199
15	11	1.11954
15	11	1.128001
15	11	1.13564
15	11	1.144744
15	11	1.155867
15	11	1.166779
15	11	1.178198
15	11	1.188988
15	11	1.199988
15	11	1.211279
15	11	1.222312
15	11	1.233739
15	11	1.248049
15	11	1.255771
15	11	1.266626
15	11	1.277679
15	11	1.28868
15	11	1.300556
15	11	1.311717
15	11	1.322535
15	11	1.333351
15	11	1.344295
15	11	1.355874
15	11	1.367133
15	11	1.37882
15	11	1.390336
15	11	1.403089
15	11	1.412291
15	11	1.42329
15	11	1.434617
15	11	1.445446
15	11	1.456595
15	11	1.467567
15	11	1.479297
15	11	1.490404
15	11	1.501096
15	11	1.512582
15	11	1.523791
15	11	1.534741
15	11	1.546393
15	11	1.559676
15	11	1.568462
15	11	1.579853
15	11	1.591523
15	11	1.602281
15	11	1.613767
15	11	1.624797
15	11	1.636395
15	11	1.647207
15	11	1.658851
15	11	1.669393
15	11	1.680805
15	11	1.692759
15	11	1.704381
15	11	1.717906
15	11	1.728446
15	11	1.740239
15	11	1.752493
15	11	1.763579
15	11	1.775265
15	11	1.786188
15	11	1.797048
15	11	1.807856
15	11	1.81916
15	11	1.83017
15	11	1.841689
15	11	1.852793
15	11	1.864643
15	11	1.876793
15	11	1.886645
15	11	1.897946
15	11	1.909319
15	11	1.92011
15	11	1.931859
15	11	1.943081
15	11	1.954327
15	11	1.965371
15	11	1.977011
15	11	1.987547
15	11	1.999024
15	11	2.010164
15	11	2.021771
15	11	2.035233
15	11	2.043568
15	11	2.053159
15	11	2.064201
15	11	2.075465
15	11	2.086527
15	11	2.097895
15	11	2.109405
15	11	2.120791
15	11	2.132206
15	11	2.143554
15	11	2.154296
15	11	2.165721
15	11	2.1769
15	11	2.189828
15	11	2.201454
15	11	2.210395
15	11	2.221556
15	11	2.232791
15	11	2.243822
15	11	2.255013
15	11	2.266114
15	11	2.277226
15	11	2.288123
15	11	2.299231
15	11	2.310352
15	11	2.321152
15	11	2.332812
15	11	2.345509
15	11	2.354882
15	11	2.366236
15	11	2.377743
15	11	2.38868
15	11	2.399946
15	11	2.410999
15	11	2.422323
15	11	2.433743
15	11	2.445042
15	11	2.456037
15	11	2.467748
15	11	2.478811
15	11	2.489962
15	11	2.502984
15	11	2.512213
15	11	2.523242
15	11	2.534757
15	11	2.546047
15	11	2.55678
15	11	2.567936
15	11	2.57937
15	11	2.590443
15	11	2.601578
15	11	2.613094
15	11	2.62425
15	11	2.635432
15	11	2.646718
15	11	2.659071
15	11	2.668636
15	11	2.679602
15	11	2.691206
15	11	2.701937
15	11	2.713144
15	11	2.724401
15	11	2.735781
15	11	2.747008
15	11	2.758044
15	11	2.769172
15	11	2.78074
15	11	2.79176
15	11	2.803137
15	11	2.816528
15	11	2.825402
15	11	2.836143
15	11	2.84728
15	11	2.858405
15	11	2.869683
15	11	2.880666
15	11	2.892951
15	11	2.904842
15	11	2.915717
15	11	2.925712
15	11	2.936748
15	11	2.947628
15	11	2.9589
15	11	2.971968
15	11	2.981161
15	11	2.992466
15	11	3.00369
15	11	3.01517
15	11	3.026057
15	11	3.037514
15	11	3.049701
15	11	3.059791
15	11	3.070573
15	11	3.081773
15	11	3.09304
15	11	3.103778
15	11	3.115355
15	11	3.128338
15	11	3.137285
15	11	3.14896
15	11	3.159895
15	11	3.171133
15	11	3.182523
15	11	3.193486
15	11	3.204638
15	11	3.216319
15	11	3.227243
15	11	3.238389
15	11	3.249729
15	11	3.261051
15	11	3.272279
15	11	3.28511
15	11	3.294299
15	11	3.305473
15	11	3.316483
15	11	3.327633
15	11	3.338472
15	11	3.349711
15	11	3.361263
15	11	3.372034
15	11	3.383216
15	11	3.394363
15	11	3.405352
15	11	3.416419
15	11	3.427914
15	11	3.446949
15	11	3.453803
15	11	3.460901
15	11	3.468056
15	11	3.4789
16	11	3.490005
16	11	3.50127
16	11	3.512279
16	11	3.523541
16	11	3.53489
16	11	3.546155
16	11	3.557135
16	11	3.568403
16	11	3.579836
16	11	3.594923
17	11	3.604972
17	11	3.613155
17	11	3.624383
17	11	3.635663
17	11	3.646542
17	11	3.657391
17	11	3.669023
17	11	3.67981
17	11	3.691232
17	11	3.702268
17	11	3.713217
17	11	3.724477
18	11	3.73608
18	11	3.751094
18	11	3.761592
18	11	3.771924
18	11	3.780626
18	11	3.791486
18	11	3.802935
18	11	3.814696
18	11	3.825939
18	11	3.837389
19	11	3.848983
19	11	3.860609
19	11	3.871944
19	11	3.883312
19	11	3.894865
19	11	3.909814
19	11	3.921026
19	11	3.929038
19	11	3.940124
19	11	3.951131
19	11	3.962255
20	11	3.97327
20	11	3.984488
20	11	3.995758
20	11	4.006714
20	11	4.018183
20	11	4.029122
20	11	4.040139
20	11	4.052044
20	11	4.070562
20	11	4.081938
20	11	4.089079
21	11	4.097301
21	11	4.104316
21	11	4.115408
21	11	4.126885
21	11	4.137764
21	11	4.149028
21	11	4.160371
21	11	4.171441
21	11	4.182627
21	11	4.193866
21	11	4.205504
22	11	4.221329
22	11	4.230999
22	11	4.238709
22	11	4.249581
22	11	4.260964
22	11	4.271377
22	11	4.282695
22	11	4.293979
22	11	4.304972
22	11	4.316313
22	11	4.327491
23	11	4.338423
23	11	4.349784
23	11	4.36139
23	11	4.376249
23	11	4.385448
23	11	4.394736
23	11	4.405873
23	11	4.417111
23	11	4.428262
23	11	4.439321
23	11	4.450958
24	11	4.462438
24	11	4.47334
24	11	4.485405
24	11	4.496865
24	11	4.508075
24	11	4.519859
24	11	4.53589
24	11	4.545832
24	11	4.553329
24	11	4.564101
24	11	4.575421
25	11	4.58674
25	11	4.597984
25	11	4.609389
25	11	4.620479
25	11	4.631475
25	11	4.643414
25	11	4.653714
25	11	4.665345
25	11	4.676672
25	11	4.693985
26	11	4.704543
26	11	4.712064
26	11	4.720202
26	11	4.731424
26	11	4.742644
26	11	4.753825
26	11	4.765109
26	11	4.77635
26	11	4.787125
26	11	4.798258
26	11	4.80944
26	11	4.820611
27	11	4.831792
27	11	4.847311
27	11	4.857777
27	11	4.869289
27	11	4.877203
27	11	4.888199
27	11	4.899415
27	11	4.910575
27	11	4.922233
27	11	4.933233
27	11	4.943793
27	10	4.954984
27	10	4.965992
27	10	4.977323
27	10	4.988773
27	10	5.003982
27	10	5.013681
27	10	5.021721
27	10	5.032687
27	10	5.043826
27	10	5.055316
27	10	5.066738
27	9	5.078524
27	9	5.089458
27	9	5.101011
27	9	5.112415
27	9	5.123267
27	9	5.134125
27	9	5.145772
27	9	5.160714
27	9	5.170365
27	9	5.179122
27	9	5.189773
27	8	5.200913
27	8	5.212645
27	8	5.223793
27	8	5.234817
27	8	5.24638
27	8	5.257464
27	8	5.268786
27	8	5.279925
27	8	5.290691
27	8	5.30208
26	8	5.318217
26	8	5.327484
26	8	5.335205
26	8	5.346437
26	8	5.357442
26	8	5.368431
26	8	5.379876
26	8	5.39097
26	8	5.402085
26	8	5.413716
26	8	5.424611
26	8	5.435951
25	8	5.446987
25	8	5.458537
25	8	5.474215
25	8	5.484779
25	8	5.492113
25	8	5.503039
25	8	5.51447
25	8	5.525483
25	8	5.536445
25	8	5.547733
25	8	5.55898
25	7	5.570026
25	7	5.581283
25	7	5.592249
25	7	5.60351
25	7	5.615255
25	7	5.629772
25	7	5.639297
25	7	5.648149
25	7	5.659292
25	7	5.670582
25	7	5.682121
25	6	5.693638
25	6	5.704804
25	6	5.715765
25	6	5.726593
25	6	5.73732
25	6	5.748491
25	6	5.759595
25	6	5.771672
25	6	5.791487
25	6	5.803597
25	5	5.81125
25	5	5.819488
25	5	5.834203
25	5	5.841358
25	5	5.849103
25	5	5.858323
25	5	5.869083
25	5	5.880789
25	5	5.89156
25	5	5.902867
25	5	5.913948
25	5	5.9253
26	5	5.941173
26	5	5.95368
26	5	5.963629
26	5	5.969951
26	5	5.980674
26	5	5.991617
26	5	6.002618
26	5	6.014128
26	5	6.024924
26	5	6.036168
26	5	6.047513
27	5	6.058689
27	5	6.070114
27	5	6.081762
27	5	6.096651
27	5	6.106614
27	5	6.115252
27	5	6.125912
27	5	6.137175
27	5	6.148693
27	5	6.159546
27	5	6.170462
27	5	6.181614
27	5	6.193054
27	5	6.204464
27	5	6.215435
27	5	6.226168
27	5	6.237699
27	5	6.25006
27	5	6.26047
27	5	6.272016
27	5	6.283277
27	5	6.29448
27	5	6.305901
27	5	6.316944
27	5	6.328335
27	5	6.340199
27	5	6.351057
27	5	6.362264
27	5	6.373611
27	5	6.385216
27	5	6.397097
27	5	6.409108
27	5	6.41924
27	5	6.430673
27	5	6.441762
27	5	6.453317
27	5	6.464718
27	5	6.47651
27	5	6.487554
27	5	6.498922
27	5	6.510279
27	5	6.521442
27	5	6.532879
27	5	6.544109
27	5	6.555239
27	5	6.568126
27	5	6.577301
27	5	6.588953
27	5	6.600042
27	5	6.611476
27	5	6.622516
27	5	6.634085
27	5	6.645322
27	5	6.656523
27	5	6.66788
27	4	6.679037
27	4	6.690353
27	4	6.70188
27	4	6.713727
27	4	6.734231
27	4	6.747541
27	4	6.755236
27	4	6.761627
27	4	6.76875
27	4	6.775494
27	4	6.784371
27	3	6.794981
27	3	6.806906
27	3	6.818111
27	3	6.829114
27	3	6.839947
27	3	6.851421
27	3	6.862185
27	3	6.873862
27	3	6.889013
27	3	6.898021
27	3	6.907397
27	2	6.918701
27	2	6.929615
27	2	6.941017
27	2	6.953219
27	2	6.964894
27	2	6.97442
27	2	6.9856
27	2	6.996886
27	2	7.007436
27	2	7.018433
27	2	7.030133
27	2	7.050118
27	2	7.05975
27	2	7.066145
27	2	7.075225
26	2	7.085803
26	2	7.097197
26	2	7.108199
26	2	7.11936
26	2	7.130805
26	2	7.141815
26	2	7.153325
26	2	7.165101
26	2	7.175628
26	2	7.187483
26	2	7.203906
25	2	7.213851
25	2	7.220746
25	2	7.231856
25	2	7.242685
25	2	7.253707
25	2	7.265044
25	2	7.276088
25	2	7.287233
25	2	7.298976
25	2	7.309953
25	2	7.321092
24	2	7.332435
24	2	7.343657
24	2	7.358783
24	2	7.369007
24	2	7.377301
24	2	7.387809
24	2	7.39894
24	2	7.410185
24	2	7.420999
24	2	7.432579
24	2	7.443645
23	2	7.455209
23	2	7.467086
23	2	7.478472
23	2	7.489858
23	2	7.501684
23	2	7.518486
23	2	7.528614
23	2	7.53523
23	2	7.545701
23	2	7.557148
23	2	7.568467
22	2	7.579534
22	2	7.590812
22	2	7.602336
22	2	7.613521
22	2	7.624425
22	2	7.635606
22	2	7.646987
22	2	7.658214
22	2	7.672452
22	2	7.682742
22	2	7.691833
22	3	7.702693
22	3	7.713906
22	3	7.725259
22	3	7.736391
22	3	7.747694
22	3	7.758893
22	3	7.769988
22	3	7.781323
22	3	7.792295
22	3	7.803308
22	3	7.814948
22	4	7.830542
22	4	7.840714
22	4	7.850404
22	4	7.85959
22	4	7.894194
22	4	7.901589
22	4	7.907722
22	4	7.915184
22	4	7.923843
22	4	7.935285
22	5	7.945979
22	5	7.957779
22	5	7.969011
22	5	7.985938
22	5	7.995969
22	5	8.002825
22	5	8.013858
22	5	8.024851
22	5	8.035996
22	5	8.046958
22	5	8.058278
22	4	8.069155
22	4	8.080903
22	4	8.091728
22	4	8.102636
22	4	8.114002
22	4	8.125245
22	4	8.136945
22	4	8.147239
22	4	8.158084
22	4	8.169661
22	4	8.181315
22	3	8.191815
22	3	8.202957
22	3	8.213824
22	3	8.224961
22	3	8.236701
22	3	8.247932
22	3	8.258861
22	3	8.26978
22	3	8.281825
22	3	8.295301
22	3	8.30377
22	2	8.315069
22	2	8.326263
22	2	8.337188
22	2	8.348805
22	2	8.359754
22	2	8.370517
22	2	8.382049
22	2	8.393355
22	2	8.404315
22	2	8.415572
22	2	8.426966
22	2	8.43875
22	2	8.453517
22	2	8.460992
22	2	8.471707
22	2	8.483474
22	2	8.495531
22	2	8.50735
22	2	8.519698
22	2	8.531664
22	2	8.542536
22	2	8.553618
22	2	8.564546
22	2	8.575778
22	2	8.586393
22	3	8.597895
22	3	8.609206
22	3	8.619852
22	3	8.631605
22	3	8.642529
22	3	8.653676
22	3	8.664883
22	3	8.676124
22	3	8.687461
22	3	8.698489
22	3	8.709195
22	4	8.720453
22	4	8.731861
22	4	8.74266
22	4	8.75422
22	4	8.766357
22	4	8.776957
22	4	8.787758
22	4	8.798967
22	4	8.810007
22	4	8.821255
22	4	8.832513
22	5	8.843686
22	5	8.85491
22	5	8.866528
22	5	8.877862
22	5	8.889297
22	5	8.900324
22	5	8.912223
22	5	8.924229
22	5	8.934355
22	5	8.945963
22	5	8.957044
23	5	8.96896
23	5	8.981159
23	5	8.991622
23	5	9.00209
23	5	9.013525
23	5	9.024499
23	5	9.035792
23	5	9.047193
23	5	9.058139
23	5	9.069793
24	5	9.086508
24	5	9.097386
24	5	9.104141
24	5	9.110948
24	5	9.121306
24	5	9.132981
24	5	9.143749
24	5	9.154799
24	5	9.16634
24	5	9.177133
24	5	9.188297
24	5	9.199694
25	5	9.210896
25	5	9.222365
25	5	9.237643
25	5	9.247198
25	5	9.255747
25	5	9.266999
25	5	9.27818
25	5	9.289132
25	5	9.300491
25	5	9.311393
25	5	9.322283
26	5	9.333487
26	5	9.344966
26	5	9.356079
26	5	9.367177
26	5	9.378399
26	5	9.391244
26	5	9.400492
26	5	9.411444
26	5	9.422627
26	5	9.433729
26	5	9.445087
25	5	9.456449
25	5	9.468179
25	5	9.479639
25	5	9.49113
25	5	9.502593
25	5	9.513776
25	5	9.525071
25	5	9.536694
25	5	9.550681
25	5	9.558793
25	5	9.569379
24	5	9.580916
24	5	9.591845
24	5	9.60291
24	5	9.614356
24	5	9.625681
24	5	9.636805
24	5	9.648716
24	5	9.659272
24	5	9.670664
24	5	9.68237
23	5	9.693457
23	5	9.706434
23	5	9.715734
23	5	9.726315
23	5	9.737499
23	5	9.748886
23	5	9.759912
23	5	9.771199
23	5	9.782495
23	5	9.793388
23	5	9.804861
22	5	9.81615
22	5	9.827019
22	5	9.838406
22	5	9.849724
22	5	9.861831
22	5	9.872452
22	5	9.882734
22	5	9.893876
22	5	9.905096
22	5	9.91651
22	5	9.927621
22	6	9.939248
22	6	9.950455
22	6	9.961823
22	6	9.973282
22	6	9.9846
22	6	9.996327
22	6	10.00742
22	6	10.0237
22	6	10.03313
22	6	10.0412
22	6	10.04938
22	6	10.05994
22	7	10.07097
22	7	10.08262
22	7	10.09344
22	7	10.10477
22	7	10.11623
22	7	10.12712
22	7	10.13835
22	7	10.14991
22	7	10.16116
22	7	10.17641
22	8	10.18642
22	8	10.19484
22	8	10.20567
22	8	10.21722
22	8	10.2282
22	8	10.23936
22	8	10.25072
22	8	10.26164
22	8	10.273
22	8	10.28417
22	8	10.29495
22	8	10.3062
22	8	10.31789
22	8	10.33291
22	8	10.34258
22	8	10.35131
22	8	10.36225
22	8	10.37334
22	8	10.38462
22	8	10.39608
22	8	10.40704
22	8	10.41821
22	9	10.42928
22	9	10.44031
22	9	10.45141
22	9	10.46262
22	9	10.47458
22	9	10.49052
22	9	10.50056
22	9	10.5074
22	9	10.51846
22	9	10.52946
22	9	10.54069
22	10	10.5519
22	10	10.56312
22	10	10.57402
22	10	10.58532
22	10	10.59644
22	10	10.60775
22	10	10.61897
22	10	10.63026
22	10	10.64168
22	10	10.654
22	10	10.66321
22	11	10.67427
22	11	10.6859
22	11	10.69688
22	11	10.70787
22	11	10.71921
22	11	10.73021
22	11	10.74141
22	11	10.75257
22	11	10.76374
22	11	10.77468
22	11	10.78615
22	12	10.80114
22	12	10.81123
22	12	10.81961
22	12	10.83103
22	12	10.84248
22	12	10.85338
22	12	10.86483
22	12	10.87666
22	12	10.88768
22	12	10.89927
22	12	10.91005
22	13	10.92088
22	13	10.93205
22	13	10.94355
22	13	10.95865
22	13	10.96827
22	13	10.9767
22	13	10.98839
22	13	11.00016
22	13	11.01024
22	13	11.02108
22	13	11.03223
22	14	11.0433
22	14	11.05459
22	14	11.06588
22	14	11.07705
22	14	11.08836
22	14	11.10023
22	14	11.11543
22	14	11.12574
22	14	11.13336
22	14	11.14432
22	14	11.15545
22	15	11.16681
22	15	11.178
22	15	11.1889
22	15	11.20041
22	15	11.21121
22	15	11.22255
22	15	11.23423
22	15	11.24496
22	15	11.25643
22	15	11.27157
22	15	11.28177
22	17	11.28975
22	17	11.30065
22	17	11.31192
22	17	11.32379
22	17	11.33514
22	17	11.34591
22	17	11.35717
22	17	11.36821
22	17	11.3789
22	17	11.38995
22	17	11.40117
23	17	11.41259
23	17	11.43049
23	17	11.44388
23	17	11.45501
23	17	11.46138
23	17	11.46911
23	17	11.47699
23	17	11.48709
23	17	11.4984
23	17	11.50951
23	17	11.521
24	17	11.53205
24	17	11.54313
24	17	11.55412
24	17	11.56583
24	17	11.58037
24	17	11.58999
24	17	11.59924
24	17	11.61042
24	17	11.62143
24	17	11.63244
24	17	11.64384
25	17	11.65502
25	17	11.66588
25	17	11.6776
25	17	11.68883
25	17	11.69995
25	17	11.7113
25	17	11.7226
25	17	11.73805
25	17	11.74831
25	17	11.75588
25	17	11.76655
26	17	11.77775
26	17	11.78875
26	17	11.8001
26	17	11.81122
26	17	11.82231
26	17	11.8333
26	17	11.84455
26	17	11.85666
26	17	11.8673
26	17	11.87848
26	17	11.89322
27	17	11.90283
27	17	11.91159
27	17	11.92313
27	17	11.93505
27	17	11.94642
27	17	11.95811
27	17	11.96959
27	17	11.98114
27	17	11.99279
27	17	12.00403
27	16	12.01583
27	16	12.0264
27	16	12.03794
27	16	12.05412
27	16	12.06358
27	16	12.07117
27	16	12.0821
27	16	12.09338
27	16	12.10435
27	16	12.1158
27	16	12.12681
27	15	12.13795
27	15	12.14928
27	15	12.16017
27	15	12.1714
27	15	12.1826
27	15	12.19472
27	15	12.21374
27	15	12.22639
27	15	12.23442
27	15	12.2415
27	15	12.24912
27	15	12.25798
27	14	12.26912
27	14	12.28009
27	14	12.29134
27	14	12.3028
27	14	12.31431
27	14	12.32565
27	14	12.33651
27	14	12.34804
27	14	12.36359
27	14	12.37405
27	14	12.38146
27	14	12.39204
26	14	12.40326
26	14	12.4146
26	14	12.42593
26	14	12.43709
26	14	12.44784
26	14	12.45893
26	14	12.47067
26	14	12.48145
26	14	12.49261
26	14	12.50389
25	14	12.52018
25	14	12.52997
25	14	12.53763
25	14	12.54856
25	14	12.5598
25	14	12.57053
25	14	12.58174
25	14	12.59315
25	14	12.60423
25	14	12.61547
25	14	12.62663
25	13	12.63792
25	13	12.64933
25	13	12.66101
25	13	12.67539
25	13	12.686
25	13	12.69519
25	13	12.7068
25	13	12.71841
25	13	12.72951
25	13	12.741
25	13	12.75211
25	12	12.7629
25	12	12.77416
25	12	12.78571
25	12	12.79645
25	12	12.80763
25	12	12.81936
25	12	12.83413
25	12	12.84425
25	12	12.85283
25	12	12.8633
25	12	12.87465
25	11	12.88624
25	11	12.89779
25	11	12.90873
25	11	12.92017
25	11	12.93146
25	11	12.94276
25	11	12.95366
25	11	12.96486
25	11	12.97641
25	11	12.98891
25	11	12.99854
25	11	13.01033
25	11	13.02166
25	11	13.0325
25	11	13.04422
25	11	13.05448
25	11	13.06571
25	11	13.07748
25	11	13.08812
25	12	13.09937
25	12	13.11025
25	12	13.12133
25	12	13.13268
25	12	13.14446
25	12	13.15459
25	12	13.16577
25	12	13.17741
25	12	13.18885
25	12	13.20006
25	12	13.21116
25	13	13.22271
25	13	13.23364
25	13	13.24503
25	13	13.25624
25	13	13.26757
25	13	13.27892
25	13	13.29113
25	13	13.30576
25	13	13.31332
25	13	13.32318
25	13	13.33442
25	14	13.3457
25	14	13.35704
25	14	13.368
25	14	13.37888
25	14	13.39022
25	14	13.40149
25	14	13.41272
25	14	13.42382
25	14	13.43501
25	14	13.44626
25	14	13.45827
25	13	13.46875
25	13	13.47975
25	13	13.49071
25	13	13.50188
25	13	13.51301
25	13	13.52425
25	13	13.53551
25	13	13.54658
25	13	13.55769
25	13	13.56926
25	13	13.58012
25	12	13.59127
25	12	13.60284
25	12	13.61418
25	12	13.625
25	12	13.63623
25	12	13.64724
25	12	13.65831
25	12	13.66994
25	12	13.68106
25	12	13.69267
25	12	13.70378
25	11	13.71505
25	11	13.72618
25	11	13.73743
25	11	13.74841
25	11	13.76009
25	11	13.77379
25	11	13.78228
25	11	13.79322
25	11	13.80455
25	11	13.81557
25	11	13.82706
25	11	13.83815
25	11	13.84968
25	11	13.86076
25	11	13.8718
25	11	13.88312
25	11	13.89445
25	11	13.9055
25	12	13.91689
25	12	13.92907
25	12	13.93883
25	12	13.95006
25	12	13.961
25	12	13.97205
25	12	13.9831
25	12	13.99424
25	12	14.0056
25	12	14.01639
25	12	14.02792
25	13	14.03955
25	13	14.05052
25	13	14.06143
25	13	14.07287
25	13	14.08591
25	13	14.095
25	13	14.10604
25	13	14.11757
25	13	14.12876
25	13	14.14038
25	13	14.15148
25	14	14.16284
25	14	14.17407
25	14	14.18486
25	14	14.19618
25	14	14.20734
25	14	14.21837
25	14	14.22964
25	14	14.2414
25	14	14.25182
25	14	14.26371
25	14	14.27431
25	14	14.28503
25	14	14.29629
26	14	14.30773
26	14	14.31866
26	14	14.32983
26	14	14.34114
26	14	14.35223
26	14	14.36344
26	14	14.37455
26	14	14.38609
26	14	14.3983
26	14	14.40816
26	14	14.41949
27	14	14.43063
27	14	14.44199
27	14	14.45343
27	14	14.46457
27	14	14.4763
27	14	14.48716
27	14	14.49813
27	14	14.50932
27	14	14.5205
27	14	14.53138
27	14	14.54268
27	14	14.55501
27	14	14.56465
27	14	14.57578
27	14	14.58721
27	14	14.59797
27	14	14.60917
27	14	14.62052
27	14	14.63178
27	14	14.64289
27	14	14.65404
27	14	14.66549
27	14	14.67651
27	14	14.68809
27	14	14.69928
27	14	14.71165
27	14	14.72143
27	14	14.73235
27	15	14.74393
27	15	14.7549
27	15	14.76621
27	15	14.77734
27	15	14.78827
27	15	14.79928
27	15	14.81043
27	15	14.82151
27	15	14.83275
27	15	14.84379
27	15	14.8554
27	16	14.86718
27	16	14.87747
27	16	14.88871
27	16	14.8999
27	16	14.91111
27	16	14.9222
27	16	14.93349
27	16	14.94474
27	16	14.95547
27	16	14.96664
27	16	14.9781
27	17	14.98909
27	17	15.0002
27	17	15.01188
27	17	15.02746
27	17	15.03636
27	17	15.04456
27	17	15.05529
27	17	15.06575
27	17	15.07637
27	17	15.08795
27	17	15.09891
27	18	15.11
27	18	15.12177
27	18	15.13305
27	18	15.14384
27	18	15.15528
27	18	15.1667
27	18	15.18693
27	18	15.19742
27	18	15.20374
27	18	15.21014
27	18	15.2182
27	19	15.22898
27	19	15.24027
27	19	15.25148
27	19	15.26248
27	19	15.27349
27	19	15.28513
27	19	15.29583
27	19	15.30747
27	19	15.31877
27	19	15.33445
27	19	15.34432
27	20	15.35214
27	20	15.36286
27	20	15.37386
27	20	15.3854
27	20	15.39668
27	20	15.40778
27	20	15.41916
27	20	15.43029
27	20	15.44163
27	20	15.45256
27	20	15.46398
27	20	15.47582
26	20	15.49817
26	20	15.50839
26	20	15.51759
26	20	15.52492
26	20	15.53095
26	20	15.54198
26	20	15.55379
26	20	15.56424
26	20	15.57544
26	20	15.5863
26	20	15.59775
25	20	15.60888
25	20	15.62046
25	20	15.63208
25	20	15.64646
25	20	15.65535
25	20	15.66532
25	20	15.67662
25	20	15.6878
25	20	15.69887
25	20	15.7095
25	20	15.72101
25	20	15.732
25	20	15.74281
25	20	15.75447
25	21	15.76525
25	21	15.77646
25	21	15.78824
25	21	15.80317
25	21	15.81304
25	21	15.82098
25	21	15.83184
25	21	15.84352
25	21	15.85505
25	21	15.86589
25	21	15.87716
25	22	15.88843
25	22	15.8994
25	22	15.9111
25	22	15.92237
25	22	15.93337
25	22	15.94514
25	22	15.96071
25	22	15.97073
25	22	15.97855
25	22	15.99006
25	22	16.00153
25	23	16.01308
25	23	16.02456
25	23	16.03605
25	23	16.04724
25	23	16.05832
25	23	16.06964
25	23	16.08076
25	23	16.0917
25	23	16.10339
25	23	16.1186
25	23	16.12817
25	23	16.13636
25	23	16.14759
25	23	16.15858
26	23	16.16989
26	23	16.18112
26	23	16.19233
26	23	16.20361
26	23	16.21469
26	23	16.22583
26	23	16.23717
26	23	16.24808
26	23	16.25955
26	23	16.27427
27	23	16.28348
27	23	16.29255
27	23	16.30403
27	23	16.31544
27	23	16.3266
27	23	16.33859
27	23	16.3496
27	23	16.3606
27	23	16.37227
27	23	16.38312
27	23	16.39449
27	23	16.40624
27	23	16.41706
27	23	16.43226
27	23	16.44227
27	23	16.45032
27	23	16.46103
27	23	16.47252
27	23	16.48359
27	24	16.49469
27	24	16.50616
27	24	16.51711
27	24	16.52808
27	24	16.5393
27	24	16.55042
27	24	16.5619
27	24	16.57411
27	24	16.59236
27	24	16.60247
27	24	16.61044
27	25	16.61833
27	25	16.62652
27	25	16.63774
27	25	16.64871
27	25	16.66221
27	25	16.67107
27	25	16.68197
27	25	16.69344
27	25	16.70465
27	25	16.71604
27	25	16.72714
27	26	16.74308
27	26	16.75232
27	26	16.76018
27	26	16.7715
27	26	16.78259
27	26	16.79378
27	26	16.80529
27	26	16.81621
27	26	16.82766
27	26	16.83911
27	26	16.85007
27	27	16.861
27	27	16.87237
27	27	16.88351
27	27	16.89919
27	27	16.90932
27	27	16.91647
27	27	16.92783
27	27	16.93905
27	27	16.94991
27	27	16.96118
27	27	16.97298
27	28	16.98438
27	28	16.99595
27	28	17.00763
27	28	17.01869
27	28	17.03021
27	28	17.0418
27	28	17.05727
27	28	17.06669
27	28	17.07662
27	28	17.08766
27	28	17.09689
27	29	17.10789
27	29	17.11904
27	29	17.13045
27	29	17.14135
27	29	17.15259
27	29	17.16364
27	29	17.17515
27	29	17.18611
27	29	17.19798
27	29	17.21332
27	29	17.22349
27	30	17.23169
27	30	17.24225
27	30	17.25396
27	30	17.26506
27	30	17.27626
27	30	17.28725
27	30	17.29891
27	30	17.30977
27	30	17.3208
27	30	17.33188
27	30	17.34304
26	30	17.35432
26	30	17.36934
26	30	17.37976
26	30	17.38938
26	30	17.39867
26	30	17.40996
26	30	17.42138
26	30	17.43278
26	30	17.44365
26	30	17.45546
26	30	17.46633
25	30	17.47748
25	30	17.48901
25	30	17.49987
25	30	17.51163
25	30	17.52719
25	30	17.53667
25	30	17.54467
25	30	17.55604
25	30	17.56677
25	30	17.57806
25	30	17.5894
24	30	17.60035
24	30	17.61133
24	30	17.62317
24	30	17.63422
24	30	17.64598
24	30	17.65724
24	30	17.66825
24	30	17.68698
24	30	17.7001
24	30	17.70691
24	30	17.71406
23	30	17.72105
23	30	17.73124
23	30	17.74247
23	30	17.7538
23	30	17.76506
23	30	17.77593
23	30	17.78703
23	30	17.79827
23	30	17.80945
23	30	17.82077
23	30	17.83508
22	30	17.84899
22	30	17.85752
22	30	17.86586
22	30	17.87701
22	30	17.88804
22	30	17.89902
22	30	17.91005
22	30	17.92098
22	30	17.93248
22	30	17.94365
22	30	17.95503
21	30	17.96613
21	30	17.97742
21	30	17.99337
21	30	18.00329
21	30	18.01106
21	30	18.02159
21	30	18.03285
21	30	18.04411
21	30	18.05563
21	30	18.06656
21	30	18.07775
20	30	18.08919
20	30	18.10053
20	30	18.11128
20	30	18.12333
20	30	18.13462
20	30	18.14856
20	30	18.15836
20	30	18.16908
20	30	18.18069
20	30	18.19197
20	30	18.2037
19	30	18.21489
19	30	18.22577
19	30	18.23695
19	30	18.24853
19	30	18.25951
19	30	18.27026
19	30	18.28126
19	30	18.29251
19	30	18.30796
19	30	18.31825
19	30	18.32618
18	30	18.33745
18	30	18.34866
18	30	18.35987
18	30	18.3711
18	30	18.38245
18	30	18.39342
18	30	18.4048
18	30	18.41583
18	30	18.42698
18	30	18.43823
17	30	18.44954
17	30	18.46491
17	30	18.4747
17	30	18.48614
17	30	18.49426
17	30	18.50539
17	30	18.51627
17	30	18.52739
17	30	18.53851
17	30	18.5497
17	30	18.56073
16	30	18.57179
16	30	18.58323
16	30	18.5942
16	30	18.60619
16	30	18.62312
16	30	18.63471
16	30	18.64224
16	30	18.64989
16	30	18.65977
16	30	18.67059
16	30	18.682
16	29	18.69352
16	29	18.70431
16	29	18.71592
16	29	18.72755
16	29	18.73873
16	29	18.74995
16	29	18.7612
16	29	18.77994
16	29	18.78985
16	29	18.7968
16	29	18.80385
16	29	18.81499
16	28	18.82613
16	28	18.83748
16	28	18.84857
16	28	18.85978
16	28	18.87075
16	28	18.88181
16	28	18.89294
16	28	18.90413
16	28	18.91577
16	28	18.93104
16	27	18.94045
16	27	18.94952
16	27	18.96015
16	27	18.9712
16	27	18.98264
16	27	18.99385
16	27	19.00492
16	27	19.0163
16	27	19.02765
16	27	19.03873
16	27	19.05029
16	26	19.06083
16	26	19.07209
16	26	19.08763
16	26	19.09727
16	26	19.10756
16	26	19.11856
16	26	19.12758
16	26	19.13871
16	26	19.15004
16	26	19.16137
16	26	19.17299
17	26	19.18449
17	26	19.19627
17	26	19.20784
17	26	19.21884
17	26	19.23082
17	26	19.2465
17	26	19.25613
17	26	19.2648
17	26	19.27559
17	26	19.28681
17	26	19.29786
18	26	19.30932
18	26	19.32003
18	26	19.33142
18	26	19.34248
18	26	19.35349
18	26	19.36476
18	26	19.37588
18	26	19.38735
18	26	19.40205
18	26	19.41135
18	26	19.42056
19	26	19.43224
19	26	19.44324
19	26	19.45524
19	26	19.46619
19	26	19.47773
19	26	19.48832
19	26	19.49954
19	26	19.51049
19	26	19.5215
19	26	19.53267
19	26	19.54403
20	26	19.56028
20	26	19.57145
20	26	19.58197
20	26	19.58851
20	26	19.59944
20	26	19.61058
20	26	19.62171
20	26	19.63298
20	26	19.64422
20	26	19.6552
20	26	19.66623
21	26	19.67757
21	26	19.6888
21	26	19.70024
21	26	19.71559
21	26	19.72616
21	26	19.73359
21	26	19.74472
21	26	19.75599
21	26	19.76689
21	26	19.77798
21	26	19.78921
22	26	19.80027
22	26	19.81156
22	26	19.82257
22	26	19.834
22	26	19.84525
22	26	19.85705
22	26	19.87116
22	26	19.88138
22	26	19.88989
22	26	19.90086
22	26	19.91212
23	26	19.92357
23	26	19.93494
23	26	19.94608
23	26	19.95761
23	26	19.96859
23	26	19.97988
23	26	19.99113
23	26	20.0021
23	26	20.01388
23	26	20.02932
24	26	20.03866
24	26	20.04667
24	26	20.058
24	26	20.06903
24	26	20.08019
24	26	20.09207
24	26	20.10256
24	26	20.11364
24	26	20.12528
24	26	20.13604
24	26	20.14699
24	26	20.15814
25	26	20.16963
25	26	20.186
25	26	20.19566
25	26	20.20483
25	26	20.21401
25	26	20.22533
25	26	20.23644
25	26	20.24767
25	26	20.25894
25	26	20.27024
25	26	20.28111
26	26	20.29233
26	26	20.30318
26	26	20.31425
26	26	20.326
26	26	20.34096
26	26	20.35043
26	26	20.35951
26	26	20.37039
26	26	20.38166
26	26	20.39254
26	26	20.40351
27	26	20.41563
27	26	20.42644
27	26	20.43742
27	26	20.44868
27	26	20.45961
27	26	20.47094
27	26	20.48226
27	26	20.4951
27	26	20.50437
27	26	20.51555
27	25	20.52676
27	25	20.5383
27	25	20.54934
27	25	20.56091
27	25	20.57214
27	25	20.58322
27	25	20.59455
27	25	20.60591
27	25	20.61705
27	25	20.62826
27	25	20.63959
27	24	20.65224
27	24	20.66178
27	24	20.67267
27	24	20.68399
27	24	20.69498
27	24	20.70639
27	24	20.71755
27	24	20.72904
27	24	20.74008
27	24	20.75137
27	24	20.76252
27	23	20.77389
27	23	20.78534
27	23	20.79696
27	23	20.8097
27	23	20.81921
27	23	20.83085
27	23	20.84209
27	23	20.85342
27	23	20.86478
27	23	20.87599
27	23	20.88691
26	23	20.89812
26	23	20.90954
26	23	20.9203
26	23	20.93162
26	23	20.94275
26	23	20.95407
26	23	20.967
26	23	20.9765
26	23	20.98746
26	23	20.99829
26	23	21.00945
25	23	21.02067
25	23	21.03187
25	23	21.04312
25	23	21.05437
25	23	21.06584
25	23	21.07671
25	23	21.08779
25	23	21.09915
25	23	21.11031
25	23	21.1219
25	23	21.13317
24	23	21.14493
24	23	21.1552
24	23	21.16629
24	23	21.1777
24	23	21.18868
24	23	21.2
24	23	21.21132
24	23	21.22286
24	23	21.23351
24	23	21.24469
24	23	21.25633
23	23	21.268
23	23	21.28853
23	23	21.30061
23	23	21.31304
23	23	21.32019
23	23	21.32827
23	23	21.33582
23	23	21.34262
23	23	21.35032
23	23	21.36136
23	23	21.37255
22	23	21.38315
22	23	21.39447
22	23	21.40551
22	23	21.41673
22	23	21.42836
22	23	21.44838
22	23	21.45819
22	23	21.46491
22	23	21.47344
22	23	21.48398
22	23	21.49509
22	24	21.53315
22	24	21.54053
22	24	21.54775
22	24	21.55441
22	24	21.56223
22	24	21.57326
22	24	21.58508
22	24	21.60026
22	24	21.61007
22	24	21.61829
22	25	21.62903
22	25	21.64003
22	25	21.65148
22	25	21.66246
22	25	21.67354
22	25	21.68594
22	25	21.69645
22	25	21.70745
22	25	21.7191
22	25	21.73001
22	25	21.74176
22	26	21.75831
22	26	21.76812
22	26	21.77547
22	26	21.78613
22	26	21.79701
22	26	21.80832
22	26	21.81944
22	26	21.83037
22	26	21.84135
22	26	21.85276
22	26	21.86387
22	27	21.87463
22	27	21.88601
22	27	21.89786
22	27	21.91306
22	27	21.92257
22	27	21.93156
22	27	21.94302
22	27	21.95385
22	27	21.96503
22	27	21.97581
22	27	21.98711
22	28	21.99813
22	28	22.00933
22	28	22.02058
22	28	22.03178
22	28	22.04302
22	28	22.05411
22	28	22.07069
22	28	22.08097
22	28	22.0878
22	28	22.09881
22	28	22.11043
22	29	22.12115
22	29	22.13279
22	29	22.14519
22	29	22.15747
22	29	22.16818
22	29	22.17949
22	29	22.19063
22	29	22.2015
22	29	22.21297
22	29	22.22984
22	30	22.24329
22	30	22.25184
22	30	22.25914
22	30	22.26623
22	30	22.2772
22	30	22.28834
22	30	22.29936
22	30	22.31057
22	30	22.32188
22	30	22.33336
22	30	22.34519
22	30	22.35598
21	30	22.36737
21	30	22.3798
21	30	22.38931
21	30	22.40009
21	30	22.41158
21	30	22.42247
21	30	22.43398
21	30	22.44526
21	30	22.45598
21	30	22.46752
21	30	22.47905
20	30	22.48988
20	30	22.50105
20	30	22.51197
20	30	22.52339
20	30	22.53654
20	30	22.54537
20	30	22.55676
20	30	22.56781
20	30	22.57903
20	30	22.59019
20	30	22.60112
19	30	22.61271
19	30	22.62387
19	30	22.63528
19	30	22.64687
19	30	22.65839
19	30	22.67012
19	30	22.68161
19	30	22.69414
19	30	22.7043
19	30	22.71624
18	30	22.72778
18	30	22.73865
18	30	22.75016
18	30	22.76165
18	30	22.77312
18	30	22.78448
18	30	22.79579
18	30	22.80763
18	30	22.81904
18	30	22.83006
18	30	22.84205
17	30	22.8554
17	30	22.86395
17	30	22.87458
17	30	22.88583
17	30	22.8967
17	30	22.90807
17	30	22.91906
17	30	22.93047
17	30	22.94155
17	30	22.95263
17	30	22.96396
16	30	22.97524
16	30	22.98614
16	30	22.99763
16	30	23.00989
16	30	23.01947
16	30	23.03068
16	30	23.04195
16	30	23.05297
16	30	23.06404
16	30	23.07534
16	30	23.08689
16	29	23.09804
16	29	23.1094
16	29	23.12043
16	29	23.13157
16	29	23.14286
16	29	23.15415
16	29	23.17322
16	29	23.18229
16	29	23.18915
16	29	23.1965
16	29	23.20504
16	28	23.21585
16	28	23.22705
16	28	23.23787
16	28	23.24927
16	28	23.2606
16	28	23.27135
16	28	23.28262
16	28	23.29453
16	28	23.30553
16	28	23.31826
16	28	23.3279
15	28	23.3388
15	28	23.35021
15	28	23.36177
15	28	23.37287
15	28	23.38376
15	28	23.39515
15	28	23.40649
15	28	23.41717
15	28	23.42887
15	28	23.43968
15	28	23.4509
16	28	23.46209
16	28	23.4779
16	28	23.48751
16	28	23.49549
16	28	23.50663
16	28	23.51755
16	28	23.52892
16	28	23.54017
16	28	23.55193
16	28	23.56323
16	28	23.57486
16	27	23.58643
16	27	23.59804
16	27	23.60921
16	27	23.62072
16	27	23.63299
16	27	23.64338
16	27	23.6541
16	27	23.66554
16	27	23.67663
16	27	23.68776
16	27	23.69887
16	26	23.70984
16	26	23.72118
16	26	23.73227
16	26	23.74347
16	26	23.75463
16	26	23.76605
16	26	23.77787
16	26	23.78995
16	26	23.79969
16	26	23.81094
16	26	23.82189
16	26	23.83287
16	26	23.84484
16	26	23.85567
16	26	23.86691
16	26	23.87849
16	26	23.88997
16	26	23.90087
16	26	23.91237
16	26	23.92384
16	26	23.9354
16	26	23.9486
16	26	23.95751
16	26	23.96921
16	26	23.98046
16	26	23.99191
16	26	24.00289
16	26	24.01414
16	26	24.02529
16	26	24.03651
16	26	24.04771
16	26	24.05874
16	26	24.07028
16	26	24.08155
16	26	24.09306
16	26	24.10695
16	26	24.11509
16	26	24.12477
16	26	24.13614
16	26	24.14711
16	26	24.15833
16	26	24.16962
16	26	24.18129
17	26	24.1927
17	26	24.20326
17	26	24.21434
17	26	24.22588
17	26	24.23684
17	26	24.24809
17	26	24.26101
17	26	24.27031
17	26	24.28135
17	26	24.29231
17	26	24.30364
18	26	24.31461
18	26	24.32559
18	26	24.33667
18	26	24.34793
18	26	24.35909
18	26	24.37042
18	26	24.38189
18	26	24.39307
18	26	24.40445
18	26	24.41664
18	26	24.42663
19	26	24.43771
19	26	24.4487
19	26	24.45981
19	26	24.47125
19	26	24.48228
19	26	24.49353
19	26	24.50477
19	26	24.51604
19	26	24.52736
19	26	24.53851
19	25	24.54997
19	25	24.56171
19	25	24.57424
19	25	24.58419
19	25	24.59558
19	25	24.6067
19	25	24.61774
19	25	24.62915
19	25	24.64027
19	25	24.65157
19	25	24.66278
19	24	24.67391
19	24	24.68516
19	24	24.69627
19	24	24.70708
19	24	24.71875
19	24	24.73481
19	24	24.74474
19	24	24.75155
19	24	24.75915
19	24	24.77061
19	24	24.78182
19	24	24.79296
19	23	24.80404
19	23	24.81548
19	23	24.82669
19	23	24.83784
19	23	24.84904
19	23	24.8602
19	23	24.87153
19	23	24.8868
19	23	24.89654
19	23	24.90537
19	23	24.91678
19	23	24.92771
19	23	24.93881
19	23	24.9502
19	23	24.96114
19	23	24.97204
19	23	24.98325
18	23	24.99442
18	23	25.00553
18	23	25.01692
18	23	25.029
18	23	25.04478
18	23	25.05491
18	23	25.06162
18	23	25.0714
18	23	25.08287
18	23	25.09394
18	23	25.10522
17	23	25.11661
17	23	25.12797
17	23	25.13891
17	23	25.15011
17	23	25.16161
17	23	25.17256
17	23	25.18392
17	23	25.20658
17	23	25.21786
17	23	25.22384
17	23	25.23026
17	23	25.23758
16	23	25.24903
16	23	25.25965
16	23	25.27071
16	23	25.28246
16	23	25.29295
16	23	25.30389
16	23	25.31525
16	23	25.32625
16	23	25.33787
16	23	25.35367
16	23	25.36308
16	23	25.37105
16	23	25.38233
16	23	25.39349
16	23	25.40503
17	23	25.41641
17	23	25.42727
17	23	25.43858
17	23	25.45002
17	23	25.4611
17	23	25.47232
17	23	25.48339
17	23	25.4953
17	23	25.5087
17	23	25.517
17	23	25.52807
18	23	25.53917
18	23	25.55054
18	23	25.56151
18	23	25.57266
18	23	25.5839
18	23	25.59508
18	23	25.60639
18	23	25.61764
18	23	25.62888
18	23	25.63991
18	23	25.65115
19	23	25.66351
19	23	25.67366
19	23	25.68496
19	23	25.69655
19	23	25.70785
19	23	25.71966
19	23	25.73105
19	23	25.7425
19	23	25.75406
19	23	25.7656
19	23	25.77701
19	23	25.78825
19	23	25.79959
19	23	25.81124
19	23	25.82367
19	23	25.83326
19	24	25.84459
19	24	25.85585
19	24	25.86702
19	24	25.87863
19	24	25.89017
19	24	25.90159
19	24	25.91276
19	24	25.92369
19	24	25.93482
19	24	25.94644
19	24	25.95747
19	25	25.96911
19	25	25.98129
19	25	25.99169
19	25	26.00304
19	25	26.01436
19	25	26.02512
19	25	26.03645
19	25	26.04761
19	25	26.05886
19	25	26.06999
19	25	26.08136
19	26	26.09224
19	26	26.10325
19	26	26.11452
19	26	26.12593
19	26	26.13816
19	26	26.14794
19	26	26.15892
19	26	26.17007
19	26	26.18107
19	26	26.19231
19	26	26.20342
18	26	26.21544
18	26	26.22609
18	26	26.2374
18	26	26.24861
18	26	26.25965
18	26	26.27094
18	26	26.28238
18	26	26.3006
18	26	26.30687
18	26	26.31462
18	26	26.32181
17	26	26.33277
17	26	26.344
17	26	26.35511
17	26	26.36621
17	26	26.3774
17	26	26.38853
17	26	26.4
17	26	26.41124
17	26	26.42233
17	26	26.43402
17	26	26.44628
16	26	26.45595
16	26	26.46732
16	26	26.47819
16	26	26.48911
16	26	26.50037
16	26	26.5115
16	26	26.52245
16	26	26.53353
16	26	26.54466
16	26	26.556
16	26	26.5668
16	27	26.57823
16	27	26.58983
16	27	26.60198
16	27	26.61188
16	27	26.6231
16	27	26.63419
16	27	26.64581
16	27	26.65695
16	27	26.66868
16	27	26.68081
16	27	26.69214
16	28	26.70312
16	28	26.71502
16	28	26.72615
16	28	26.73759
16	28	26.74923
16	28	26.76589
16	28	26.77461
16	28	26.78285
16	28	26.79227
16	28	26.80304
16	28	26.81467
15	28	26.82539
15	28	26.83676
15	28	26.84794
15	28	26.85906
15	28	26.87047
15	28	26.88195
15	28	26.89262
15	28	26.90414
15	28	26.91697
15	28	26.92638
15	28	26.93736
14	28	26.94859
14	28	26.95955
14	28	26.9711
14	28	26.98197
14	28	26.99291
14	28	27.00433
14	28	27.01564
14	28	27.02683
14	28	27.03806
14	28	27.04952
13	28	27.06089
13	28	27.07631
13	28	27.0865
13	28	27.09587
13	28	27.10501
13	28	27.1162
13	28	27.12736
13	28	27.13863
13	28	27.1499
13	28	27.16128
13	28	27.17247
13	29	27.18391
13	29	27.19471
13	29	27.2059
13	29	27.21906
13	29	27.24178
13	29	27.25184
13	29	27.25828
13	29	27.2644
13	29	27.27077
13	29	27.28131
13	29	27.29248
13	29	27.30383
13	30	27.31538
13	30	27.32648
13	30	27.33774
13	30	27.34911
13	30	27.35995
13	30	27.37166
13	30	27.38766
13	30	27.39803
13	30	27.40473
13	30	27.41586
13	30	27.42715
13	30	27.43797
13	30	27.44909
13	30	27.46035
13	30	27.47132
13	30	27.48293
12	30	27.4937
12	30	27.50567
12	30	27.51644
12	30	27.52766
12	30	27.54305
12	30	27.55311
12	30	27.56077
12	30	27.57183
12	30	27.58294
12	30	27.59418
12	30	27.60495
11	30	27.61678
11	30	27.62774
11	30	27.6391
11	30	27.65049
11	30	27.66146
11	30	27.67261
11	30	27.6845
11	30	27.7019
11	30	27.71341
11	30	27.72236
11	30	27.73006
10	30	27.74008
10	30	27.75107
10	30	27.76233
10	30	27.77277
10	30	27.78389
10	30	27.79536
10	30	27.80645
10	30	27.81781
10	30	27.82907
10	30	27.84065
10	30	27.8571
9	30	27.86915
9	30	27.87669
9	30	27.88499
9	30	27.89592
9	30	27.90706
9	30	27.91798
9	30	27.92936
9	30	27.94047
9	30	27.95152
9	30	27.96245
9	30	27.97365
8	30	27.98496
8	30	27.99692
8	30	28.01269
8	30	28.02327
8	30	28.02993
8	30	28.04064
8	30	28.0519
8	30	28.06284
8	30	28.07413
8	30	28.0857
8	30	28.09668
7	30	28.10817
7	30	28.11955
7	30	28.13019
7	30	28.14161
7	30	28.15358
7	30	28.16836
7	30	28.17838
7	30	28.1868
7	30	28.19749
7	30	28.20859
7	30	28.22025
7	29	28.23229
7	29	28.24393
7	29	28.25568
7	29	28.26666
7	29	28.27842
7	29	28.28937
7	29	28.30042
7	29	28.31186
7	29	28.34375
7	28	28.35461
7	28	28.36115
7	28	28.36799
7	28	28.37548
7	28	28.38662
7	28	28.39816
7	28	28.40886
7	28	28.42016
7	28	28.43147
7	28	28.44256
7	28	28.45381
7	28	28.4659
7	27	28.48278
7	27	28.49336
7	27	28.50306
7	27	28.51053
7	27	28.52149
7	27	28.53268
7	27	28.54375
7	27	28.55532
7	27	28.56724
7	27	28.57799
7	27	28.58895
7	26	28.60028
7	26	28.61105
7	26	28.62227
7	26	28.63757
7	26	28.64738
7	26	28.65479
7	26	28.66629
7	26	28.67689
7	26	28.6883
7	26	28.70022
7	26	28.71095
7	25	28.72232
7	25	28.73343
7	25	28.74472
7	25	28.75599
7	25	28.76726
7	25	28.77865
7	25	28.79489
7	25	28.80524
7	25	28.8123
7	25	28.82327
7	25	28.83458
7	24	28.84555
7	24	28.85677
7	24	28.86786
7	24	28.87931
7	24	28.89009
7	24	28.90112
7	24	28.91261
7	24	28.9246
7	24	28.93659
7	24	28.95111
7	23	28.96076
7	23	28.97048
7	23	28.98178
7	23	28.99242
7	23	29.00354
7	23	29.01515
7	23	29.02598
7	23	29.03703
7	23	29.04836
7	23	29.05954
7	23	29.07077
7	24	29.08235
7	24	29.09359
7	24	29.10868
7	24	29.11907
7	24	29.12729
7	24	29.13791
7	24	29.14928
7	24	29.1601
7	24	29.17145
7	24	29.18296
7	24	29.19386
7	25	29.20541
7	25	29.2168
7	25	29.22779
7	25	29.23953
7	25	29.25161
7	25	29.26572
7	25	29.27302
7	25	29.28382
7	25	29.29504
7	25	29.3065
7	25	29.31757
7	26	29.32869
7	26	29.34018
7	26	29.35113
7	26	29.36227
7	26	29.3737
7	26	29.38477
7	26	29.39585
7	26	29.40726
7	26	29.41991
7	26	29.42967
7	26	29.44081
6	26	29.45194
6	26	29.46311
6	26	29.47482
6	26	29.48627
6	26	29.49734
6	26	29.50856
6	26	29.52003
6	26	29.53146
6	26	29.54254
6	26	29.55347
6	26	29.56567
5	26	29.5816
5	26	29.59102
5	26	29.59818
5	26	29.60671
5	26	29.61736
5	26	29.62901
5	26	29.64026
5	26	29.6513
5	26	29.66216
5	26	29.67324
5	26	29.68483
4	26	29.69567
4	26	29.70693
4	26	29.71865
4	26	29.73422
4	26	29.74476
4	26	29.75221
4	26	29.76313
4	26	29.77424
4	26	29.78544
4	26	29.79642
4	26	29.80757
3	26	29.81832
3	26	29.82979
3	26	29.84113
3	26	29.85217
3	26	29.86323
3	26	29.87493
3	26	29.89442
3	26	29.90451
3	26	29.91104
3	26	29.91749
3	26	29.92849
2	26	29.93985
2	26	29.95087
2	26	29.96194
2	26	29.97338
2	26	29.98486
2	26	29.99608
2	26	30.00698
2	26	30.01815
2	26	30.02991
2	26	30.04593
2	26	30.05565
2	27	30.06315
2	27	30.07406
2	27	30.08559
2	27	30.09711
2	27	30.1078
2	27	30.11894
2	27	30.13006
2	27	30.14161
2	27	30.15274
2	27	30.16341
2	27	30.17445
2	28	30.18665
2	28	30.20188
2	28	30.21159
2	28	30.2213
2	28	30.23068
2	28	30.24165
2	28	30.25281
2	28	30.26374
2	28	30.27513
2	28	30.28667
2	28	30.29817
2	29	30.3096
2	29	30.32069
2	29	30.33237
2	29	30.34387
2	29	30.35852
2	29	30.36788
2	29	30.37795
2	29	30.38971
2	29	30.40116
2	29	30.41208
2	29	30.42295
2	30	30.43441
2	30	30.44497
2	30	30.45617
2	30	30.46734
2	30	30.47862
2	30	30.48934
2	30	30.50091
2	30	30.51907
2	30	30.5299
2	30	30.53743
2	30	30.54453
3	30	30.55554
3	30	30.56674
3	30	30.57795
3	30	30.58904
3	30	30.60027
3	30	30.61132
3	30	30.62246
3	30	30.6338
3	30	30.6448
3	30	30.65607
3	30	30.67109
4	30	30.68118
4	30	30.6899
4	30	30.7007
4	30	30.71159
4	30	30.72323
4	30	30.73414
4	30	30.74533
4	30	30.75654
4	30	30.76803
4	30	30.77898
4	30	30.78998
5	30	30.80133
5	30	30.81322
5	30	30.82977
5	30	30.84004
5	30	30.84646
5	30	30.8569
5	30	30.86822
5	30	30.87917
5	30	30.89071
5	30	30.90156
5	30	30.91289
6	30	30.92434
6	30	30.93549
6	30	30.94726
6	30	30.9605
6	30	30.9707
6	30	30.98629
6	30	30.99673
6	30	31.00384
6	30	31.01492
6	30	31.02585
6	30	31.03726
7	30	31.04827
7	30	31.05919
7	30	31.07057
7	30	31.08133
7	30	31.09308
7	30	31.10352
7	30	31.11482
7	30	31.12563
7	30	31.13804
7	30	31.14754
7	30	31.15868
8	30	31.16978
8	30	31.18068
8	30	31.19225
8	30	31.20343
8	30	31.21451
8	30	31.22588
8	30	31.23711
8	30	31.24851
8	30	31.2599
8	30	31.27132
9	30	31.28245
9	30	31.29559
9	30	31.30486
9	30	31.31586
9	30	31.32691
9	30	31.3382
9	30	31.34978
9	30	31.36133
9	30	31.37276
9	30	31.38385
9	30	31.39545
10	30	31.40656
10	30	31.41776
10	30	31.4288
10	30	31.44069
10	30	31.45289
10	30	31.46309
10	30	31.47461
10	30	31.48606
10	30	31.49697
10	30	31.50847
10	30	31.51975
11	30	31.53109
11	30	31.5423
11	30	31.55361
11	30	31.56497
11	30	31.57626
11	30	31.58726
11	30	31.59873
11	30	31.61051
11	30	31.62099
11	30	31.63218
11	30	31.64345
12	30	31.65453
12	30	31.6656
12	30	31.67668
12	30	31.68797
12	30	31.699
12	30	31.7102
12	30	31.72136
12	30	31.73246
12	30	31.74376
12	30	31.75505
12	30	31.76689
13	30	31.77733
13	30	31.78856
13	30	31.7998
13	30	31.81104
13	30	31.82263
13	30	31.83346
13	30	31.84482
13	30	31.85605
13	30	31.86739
13	30	31.87813
13	30	31.88915
13	29	31.90031
13	29	31.91159
13	29	31.92395
13	29	31.93351
13	29	31.94477
13	29	31.9559
13	29	31.9669
13	29	31.97828
13	29	31.98929
13	29	32.0005
13	29	32.01171
13	28	32.02312
13	28	32.03455
13	28	32.04539
13	28	32.05671
13	28	32.06843
13	28	32.0805
13	28	32.09013
13	28	32.10129
13	28	32.1132
13	28	32.12363
13	28	32.13512
13	27	32.14636
13	27	32.15755
13	27	32.16886
13	27	32.17983
13	27	32.1911
13	27	32.20237
13	27	32.21338
13	27	32.22583
13	27	32.2476
13	27	32.25933
13	26	32.26677
13	26	32.2741
13	26	32.28118
13	26	32.28834
13	26	32.29615
13	26	32.30713
13	26	32.31915
13	26	32.32988
13	26	32.34091
13	26	32.35225
13	26	32.36336
13	26	32.37466
12	26	32.38614
12	26	32.40022
12	26	32.4098
12	26	32.41975
12	26	32.43084
12	26	32.44186
12	26	32.45283
12	26	32.4638
12	26	32.47558
12	26	32.48649
12	26	32.49745
11	26	32.50805
11	26	32.52007
11	26	32.5308
11	26	32.54229
11	26	32.55769
11	26	32.56698
11	26	32.57562
11	26	32.58646
11	26	32.59782
11	26	32.60892
11	26	32.62035
10	26	32.63144
10	26	32.64287
10	26	32.65427
10	26	32.6654
10	26	32.67701
10	26	32.68837
10	26	32.69938
10	26	32.71468
10	26	32.72533
10	26	32.73265
10	26	32.74444
9	26	32.75565
9	26	32.76741
9	26	32.77883
9	26	32.79021
9	26	32.80166
9	26	32.81326
9	26	32.82409
9	26	32.83557
9	26	32.84655
9	26	32.85819
8	26	32.87248
8	26	32.88223
8	26	32.89175
8	26	32.90289
8	26	32.91418
8	26	32.92524
8	26	32.93655
8	26	32.94771
8	26	32.95873
8	26	32.96988
8	26	32.98125
8	26	32.99241
7	26	33.00367
7	26	33.01487
7	26	33.03034
7	26	33.04093
7	26	33.04853
7	26	33.05903
7	26	33.07038
7	26	33.08173
7	26	33.09287
7	26	33.10403
7	26	33.11547
6	26	33.12629
6	26	33.13758
6	26	33.14883
6	26	33.15972
6	26	33.17107
6	26	33.18343
6	26	33.19306
6	26	33.20466
6	26	33.2159
6	26	33.22679
5	26	33.23809
5	26	33.24908
5	26	33.26098
5	26	33.27199
5	26	33.28275
5	26	33.2946
5	26	33.30631
5	26	33.31673
5	26	33.32797
5	26	33.34262
5	26	33.35012
4	26	33.3611
4	26	33.37243
4	26	33.38365
4	26	33.39496
4	26	33.40636
4	26	33.41758
4	26	33.42892
4	26	33.44002
4	26	33.45093
4	26	33.46234
4	26	33.47361
3	26	33.48529
3	26	33.49734
3	26	33.50693
3	26	33.51822
3	26	33.52934
3	26	33.54036
3	26	33.55141
3	26	33.5626
3	26	33.57369
3	26	33.58485
3	26	33.59615
2	26	33.60736
2	26	33.6188
2	26	33.62964
2	26	33.64095
2	26	33.65301
2	26	33.66334
2	26	33.67447
2	26	33.68635
2	26	33.69688
2	26	33.70824
2	26	33.71946
2	26	33.73078
2	26	33.74192
2	26	33.75337
2	25	33.76451
2	25	33.77571
2	25	33.7871
2	25	33.7987
2	25	33.81462
2	25	33.82355
2	25	33.83048
2	25	33.84088
2	25	33.85201
2	25	33.86349
2	25	33.8747
2	24	33.88588
2	24	33.89688
2	24	33.90812
2	24	33.91948
2	24	33.93033
2	24	33.94169
2	24	33.9531
2	24	33.96914
2	24	33.97851
2	24	33.98639
2	24	33.99689
2	23	34.00809
2	23	34.01946
2	23	34.03043
2	23	34.04248
2	23	34.0537
2	23	34.06484
2	23	34.07548
2	23	34.08708
2	23	34.09773
2	23	34.10906
2	23	34.12407
2	23	34.1331
2	23	34.14246
2	23	34.15386
2	23	34.16507
3	23	34.17615
3	23	34.18733
3	23	34.19818
3	23	34.20924
3	23	34.2205
3	23	34.23146
3	23	34.24268
3	23	34.2541
3	23	34.26545
3	23	34.28195
3	23	34.29259
4	23	34.29917
4	23	34.30954
4	23	34.32121
4	23	34.33191
4	23	34.34303
4	23	34.35448
4	23	34.36561
4	23	34.37652
4	23	34.38803
4	23	34.39874
4	23	34.40994
5	23	34.42133
5	23	34.43738
5	23	34.44753
5	23	34.45696
5	23	34.46572
5	23	34.47671
5	23	34.48825
5	23	34.4992
5	23	34.51064
5	23	34.52167
5	23	34.53295
6	23	34.544
6	23	34.55557
6	23	34.56638
6	23	34.57809
6	23	34.59314
6	23	34.60294
6	23	34.61131
6	23	34.62218
6	23	34.63341
6	23	34.64472
6	23	34.65641
7	23	34.6672
7	23	34.67845
7	23	34.68977
7	23	34.70065
7	23	34.71185
7	23	34.72382
7	23	34.73485
7	23	34.74783
7	23	34.75683
7	23	34.76749
7	23	34.77885
7	22	34.78976
7	22	34.80104
7	22	34.81258
7	22	34.82398
7	22	34.83525
7	22	34.84667
7	22	34.85768
7	22	34.86876
7	22	34.87996
7	22	34.89156
7	21	34.90628
7	21	34.91566
7	21	34.92495
7	21	34.93609
7	21	34.94714
7	21	34.95848
7	21	34.96972
7	21	34.9812
7	21	34.9926
7	21	35.00446
7	21	35.01598
7	21	35.02632
7	20	35.03737
7	20	35.04875
7	20	35.06568
7	20	35.076
7	20	35.08265
7	20	35.09109
7	20	35.10246
7	20	35.11393
7	20	35.12553
7	20	35.13703
7	20	35.14781
8	20	35.15878
8	20	35.16963
8	20	35.18083
8	20	35.19181
8	20	35.20311
8	20	35.21848
8	20	35.22873
8	20	35.23637
8	20	35.24778
8	20	35.25854
8	20	35.26972
9	20	35.28125
9	20	35.29224
9	20	35.30366
9	20	35.3151
9	20	35.32679
9	20	35.3386
9	20	35.34808
9	20	35.35971
9	20	35.37397
9	20	35.38364
9	20	35.39259
10	20	35.40379
10	20	35.41466
10	20	35.42621
10	20	35.43787
10	20	35.44901
10	20	35.46024
10	20	35.47158
10	20	35.48309
10	20	35.49412
10	20	35.5054
11	20	35.51713
11	20	35.53138
11	20	35.54181
11	20	35.55091
11	20	35.56131
11	20	35.57236
11	20	35.58362
11	20	35.59493
11	20	35.60684
11	20	35.61797
11	20	35.62922
12	20	35.64039
12	20	35.65132
12	20	35.66247
12	20	35.67401
12	20	35.69073
12	20	35.70064
12	20	35.7071
12	20	35.71673
12	20	35.72793
12	20	35.73908
12	20	35.75022
13	20	35.7613
13	20	35.77268
13	20	35.78366
13	20	35.79465
13	20	35.80599
13	20	35.81722
13	20	35.82865
13	20	35.84378
13	20	35.85359
13	20	35.86252
13	20	35.87386
14	20	35.88482
14	20	35.89614
14	20	35.90758
14	20	35.92057
14	20	35.92968
14	20	35.94081
14	20	35.95176
14	20	35.96346
14	20	35.97456
14	20	35.98591
14	20	36.0003
15	20	36.00976
15	20	36.01872
15	20	36.02996
15	20	36.04089
15	20	36.05218
15	20	36.06344
15	20	36.07491
15	20	36.08644
15	20	36.09778
15	20	36.10915
15	20	36.12098
16	20	36.13158
16	20	36.14328
16	20	36.15742
16	20	36.16731
16	20	36.17624
16	20	36.18781
16	20	36.19868
16	20	36.20986
16	20	36.22161
16	20	36.2322
16	20	36.24311
16	21	36.25417
16	21	36.26526
16	21	36.27621
16	21	36.28756
16	21	36.29873
16	21	36.31471
16	21	36.32413
16	21	36.33137
16	21	36.34217
16	21	36.35385
16	21	36.36515
16	22	36.37613
16	22	36.38743
16	22	36.39867
16	22	36.40972
16	22	36.42096
16	22	36.4323
16	22	36.44368
16	22	36.45514
16	22	36.4696
16	22	36.47944
16	22	36.48841
16	23	36.49925
16	23	36.51044
16	23	36.522
16	23	36.53257
16	23	36.54375
16	23	36.55494
16	23	36.56623
16	23	36.57714
16	23	36.58844
16	23	36.5993
16	23	36.61081
16	22	36.62327
16	22	36.63309
16	22	36.64433
16	22	36.65562
16	22	36.66662
16	22	36.67795
16	22	36.68962
16	22	36.70092
16	22	36.71206
16	22	36.72378
16	22	36.73477
16	21	36.74612
16	21	36.7572
16	21	36.7687
16	21	36.78161
16	21	36.79116
16	21	36.8023
16	21	36.8135
16	21	36.82511
16	21	36.8363
16	21	36.8477
16	21	36.85876
16	20	36.86979
16	20	36.88092
16	20	36.8923
16	20	36.90321
16	20	36.91467
16	20	36.9262
16	20	36.93847
16	20	36.94884
16	20	36.96019
16	20	36.97134
15	20	36.9825
15	20	36.9937
15	20	37.00507
15	20	37.01622
15	20	37.02741
15	20	37.03877
15	20	37.04966
15	20	37.06073
15	20	37.07195
15	20	37.08299
15	20	37.09476
14	20	37.10517
14	20	37.11655
14	20	37.12738
14	20	37.13859
14	20	37.14987
14	20	37.16108
14	20	37.17254
14	20	37.18355
14	20	37.19507
14	20	37.20625
14	20	37.21722
13	20	37.22856
13	20	37.24001
13	20	37.2524
13	20	37.26201
13	20	37.27336
13	20	37.28406
13	20	37.29538
13	20	37.30663
13	20	37.31762
13	20	37.32866
13	20	37.33995
13	21	37.35094
13	21	37.36316
13	21	37.37529
13	21	37.38441
13	21	37.39614
13	21	37.41109
13	21	37.4202
13	21	37.42749
13	21	37.43808
13	21	37.44945
13	21	37.46043
13	22	37.4719
13	22	37.4826
13	22	37.49411
13	22	37.5056
13	22	37.51645
13	22	37.52758
13	22	37.5391
13	22	37.55039
13	22	37.56578
13	22	37.57536
13	22	37.58348
13	23	37.59473
13	23	37.60611
13	23	37.61727
13	23	37.62843
13	23	37.6398
13	23	37.65069
13	23	37.66218
13	23	37.67327
13	23	37.68483
13	23	37.69602
13	23	37.70756
12	23	37.72802
12	23	37.73938
12	23	37.74983
12	23	37.75597
12	23	37.76258
12	23	37.76995
12	23	37.7808
12	23	37.79235
12	23	37.80349
12	23	37.8145
12	23	37.82531
12	23	37.83658
11	23	37.8476
11	23	37.85953
11	23	37.87613
11	23	37.88745
11	23	37.89446
11	23	37.90383
11	23	37.91493
11	23	37.92624
11	23	37.93757
11	23	37.94875
11	23	37.95987
10	23	37.97108
10	23	37.9824
10	23	37.99334
10	23	38.00468
10	23	38.0162
10	23	38.03139
10	23	38.04149
10	23	38.04927
10	23	38.06028
10	23	38.0711
10	24	38.08273
10	24	38.09386
10	24	38.10495
10	24	38.11594
10	24	38.12744
10	24	38.13844
10	24	38.14978
10	24	38.161
10	24	38.17299
10	24	38.188
10	24	38.19781
10	25	38.20614
10	25	38.21696
10	25	38.22813
10	25	38.23957
10	25	38.25118
10	25	38.26292
10	25	38.27454
10	25	38.28577
10	25	38.2975
10	25	38.30908
10	25	38.32015
10	24	38.3313
10	24	38.34657
10	24	38.35589
10	24	38.36445
10	24	38.37604
10	24	38.38683
10	24	38.39795
10	24	38.40895
10	24	38.42007
10	24	38.43157
10	24	38.44258
10	23	38.45351
10	23	38.46484
10	23	38.47622
10	23	38.48756
10	23	38.50035
10	23	38.50989
10	23	38.52074
10	23	38.53209
10	23	38.5433
10	23	38.55475
10	23	38.56632
10	23	38.5776
10	23	38.58911
10	23	38.59993
10	23	38.61115
10	23	38.62237
10	23	38.63369
10	23	38.64513
10	23	38.66034
10	23	38.66846
10	23	38.67879
10	23	38.69013
10	23	38.70048
10	23	38.71181
10	23	38.72314
11	23	38.73345
11	23	38.74469
11	23	38.75597
11	23	38.76704
11	23	38.77808
11	23	38.78941
11	23	38.80066
11	23	38.81256
11	23	38.82287
11	23	38.83389
11	23	38.84563
12	23	38.85684
12	23	38.86763
12	23	38.8787
12	23	38.89013
12	23	38.90113
12	23	38.9124
12	23	38.92385
12	23	38.9347
12	23	38.94611
12	23	38.95759
12	23	38.96878
13	23	38.97962
13	23	38.99096
13	23	39.0019
13	23	39.0131
13	23	39.0244
13	23	39.03555
13	23	39.04682
13	23	39.05818
13	23	39.06936
13	23	39.08069
13	23	39.09221
13	22	39.1037
13	22	39.11527
13	22	39.1281
13	22	39.13808
13	22	39.14939
13	22	39.16056
13	22	39.1721
13	22	39.18338
13	22	39.19454
13	22	39.20577
13	21	39.21698
13	21	39.22801
13	21	39.23913
13	21	39.25031
13	21	39.26116
13	21	39.27256
13	21	39.28539
13	21	39.29473
13	21	39.30587
13	21	39.31691
13	21	39.32774
13	20	39.33869
13	20	39.35003
13	20	39.36132
13	20	39.37265
13	20	39.38462
13	20	39.39616
13	20	39.40638
13	20	39.41732
13	20	39.4287
13	20	39.44079
13	20	39.45098
14	20	39.46203
14	20	39.47359
14	20	39.48438
14	20	39.49571
14	20	39.50754
14	20	39.52157
14	20	39.53031
14	20	39.54001
14	20	39.55123
14	20	39.5621
14	20	39.57342
15	20	39.58485
15	20	39.59741
15	20	39.60651
15	20	39.61781
15	20	39.6289
15	20	39.64003
15	20	39.65066
15	20	39.66188
15	20	39.67309
15	20	39.68449
15	20	39.6956
16	20	39.70674
16	20	39.71782
16	20	39.72888
16	20	39.74044
16	20	39.75225
16	20	39.7624
16	20	39.77393
16	20	39.78471
16	20	39.79608
16	20	39.80746
16	20	39.81852
17	20	39.82987
17	20	39.84109
17	20	39.85201
17	20	39.86337
17	20	39.87477
17	20	39.88583
17	20	39.89758
17	20	39.91254
17	20	39.92163
17	20	39.92973
17	20	39.94076
18	20	39.9516
18	20	39.96266
18	20	39.97429
18	20	39.98519
18	20	39.99627
18	20	40.00767
18	20	40.01853
18	20	40.02957
18	20	40.04113
18	20	40.05238
18	20	40.06794
19	20	40.0774
19	20	40.08546
19	20	40.09647
19	20	40.10771
19	20	40.1189
19	20	40.13002
19	20	40.14157
19	20	40.15261
19	20	40.16387
19	20	40.17499
19	20	40.18586
20	20	40.19697
20	20	40.20887
20	20	40.22488
20	20	40.23479
20	20	40.24172
20	20	40.25154
20	20	40.26245
20	20	40.27401
20	20	40.28513
20	20	40.29663
20	20	40.3078
21	20	40.31926
21	20	40.33012
21	20	40.34153
21	20	40.35257
21	20	40.36404
21	20	40.37843
21	20	40.38755
21	20	40.39702
21	20	40.40848
21	20	40.41912
21	20	40.43026
22	20	40.44183
22	20	40.45241
22	20	40.46365
22	20	40.4752
22	20	40.48613
22	20	40.4978
22	20	40.50922
22	20	40.52064
22	20	40.53925
22	20	40.55163
22	20	40.55861
22	21	40.56528
22	21	40.57298
22	21	40.59148
22	21	40.59834
22	21	40.60746
22	21	40.61821
22	21	40.62907
22	21	40.6403
22	21	40.65177
22	21	40.66268
22	21	40.67417
22	22	40.69081
22	22	40.70155
22	22	40.70852
22	22	40.71953
22	22	40.73038
22	22	40.74083
22	22	40.75217
22	22	40.76302
22	22	40.77426
22	22	40.78556
22	22	40.79697
22	21	40.8082
22	21	40.81925
22	21	40.83014
22	21	40.84551
22	21	40.85471
22	21	40.86367
22	21	40.87497
22	21	40.88568
22	21	40.89701
22	21	40.90803
22	21	40.9191
22	20	40.93061
22	20	40.94231
22	20	40.95307
22	20	40.96487
22	20	40.97658
22	20	40.98837
22	20	41.00007
22	20	41.01093
22	20	41.02257
22	20	41.0336
22	20	41.04495
22	19	41.05616
22	19	41.06743
22	19	41.07869
22	19	41.09002
22	19	41.10117
22	19	41.11246
22	19	41.12386
22	19	41.13549
22	19	41.14706
22	19	41.16148
22	19	41.17092
22	18	41.17968
22	18	41.19082
22	18	41.20205
22	18	41.21367
22	18	41.22504
22	18	41.2364
22	18	41.24771
22	18	41.25882
22	18	41.26994
22	18	41.28115
22	18	41.29272
22	17	41.30397
22	17	41.31913
22	17	41.33005
22	17	41.33701
22	17	41.34833
22	17	41.35903
22	17	41.36994
22	17	41.38098
22	17	41.39275
22	17	41.40341
22	17	41.41547
22	16	41.42665
22	16	41.43708
22	16	41.44781
22	16	41.45928
22	16	41.47049
22	16	41.48119
22	16	41.49282
22	16	41.50365
22	16	41.51514
22	16	41.52631
22	16	41.53731
22	17	41.54866
22	17	41.55995
22	17	41.57119
22	17	41.58227
22	17	41.59349
22	17	41.60439
22	17	41.61612
22	17	41.62838
22	17	41.63812
22	17	41.64939
22	18	41.66067
22	18	41.67175
22	18	41.68304
22	18	41.69447
22	18	41.70581
22	18	41.71692
22	18	41.72839
22	18	41.73969
22	18	41.7513
22	18	41.76205
22	18	41.77351
22	19	41.78561
22	19	41.79555
22	19	41.80703
22	19	41.81832
22	19	41.82975
22	19	41.84109
22	19	41.85237
22	19	41.8635
22	19	41.87459
22	19	41.88591
22	19	41.89718
22	20	41.90823
22	20	41.91949
22	20	41.93124
22	20	41.94427
22	20	41.95309
22	20	41.96402
22	20	41.9751
22	20	41.98622
22	20	41.99768
22	20	42.00875
22	20	42.02001
21	20	42.03104
21	20	42.04245
21	20	42.05338
21	20	42.0648
21	20	42.07602
21	20	42.087
21	20	42.09876
21	20	42.10931
21	20	42.12024
21	20	42.13155
21	20	42.14267
20	20	42.15369
20	20	42.1647
20	20	42.17602
20	20	42.18716
20	20	42.19856
20	20	42.20988
20	20	42.2208
20	20	42.2319
20	20	42.24355
20	20	42.25538
20	20	42.26526
19	20	42.27671
19	20	42.28734
19	20	42.29852
19	20	42.3105
19	20	42.32177
19	20	42.33308
19	20	42.34407
19	20	42.35537
19	20	42.3666
19	20	42.37774
19	20	42.38877
18	20	42.39988
18	20	42.41259
18	20	42.42187
18	20	42.43292
18	20	42.44469
18	20	42.45567
18	20	42.46692
18	20	42.478
18	20	42.48893
18	20	42.50011
18	20	42.51114
17	20	42.52222
17	20	42.53349
17	20	42.54488
17	20	42.55649
17	20	42.56997
17	20	42.57859
17	20	42.58919
17	20	42.60034
17	20	42.61142
17	20	42.62257
17	20	42.63385
16	20	42.64502
16	20	42.65595
16	20	42.667
16	20	42.67822
16	20	42.68972
16	20	42.70073
16	20	42.71199
16	20	42.72392
16	20	42.73442
16	20	42.74555
16	20	42.75691
15	20	42.76781
15	20	42.77918
15	20	42.7902
15	20	42.80129
15	20	42.81236
15	20	42.82351
15	20	42.83469
15	20	42.84595
15	20	42.8569
15	20	42.86838
15	20	42.88063
14	20	42.89043
14	20	42.90169
14	20	42.91308
14	20	42.92415
14	20	42.93548
14	20	42.94671
14	20	42.95791
14	20	42.96915
14	20	42.98042
14	20	42.99141
14	20	43.00279
15	20	43.01363
15	20	43.02502
15	20	43.03747
15	20	43.04723
15	20	43.05829
15	20	43.0698
15	20	43.08099
15	20	43.09211
15	20	43.10342
15	20	43.11479
15	20	43.12612
16	20	43.13769
16	20	43.14885
16	20	43.16263
16	20	43.1713
16	20	43.18188
16	20	43.19421
16	20	43.20336
16	20	43.21455
16	20	43.22572
16	20	43.23686
16	20	43.24815
17	20	43.25937
17	20	43.27015
17	20	43.28111
17	20	43.29222
17	20	43.30368
17	20	43.31476
17	20	43.32585
17	20	43.33725
17	20	43.34991
17	20	43.35921
17	20	43.37093
18	20	43.38178
18	20	43.393
18	20	43.40407
18	20	43.41556
18	20	43.42654
18	20	43.43794
18	20	43.44946
18	20	43.46016
18	20	43.4711
18	20	43.48244
19	20	43.49432
19	20	43.50686
19	20	43.51603
19	20	43.52737
19	20	43.5387
19	20	43.5499
19	20	43.5612
19	20	43.57225
19	20	43.58349
19	20	43.59506
19	20	43.6062
19	19	43.61757
19	19	43.62844
19	19	43.63973
19	19	43.65093
19	19	43.66627
19	19	43.67564
19	19	43.68246
19	19	43.69356
19	19	43.7042
19	19	43.71553
19	19	43.72694
19	19	43.73773
19	18	43.74888
19	18	43.76007
19	18	43.77119
19	18	43.78239
19	18	43.79352
19	18	43.80532
19	18	43.81998
19	18	43.82984
19	18	43.83838
19	18	43.84948
19	17	43.86095
19	17	43.87197
19	17	43.88305
19	17	43.89435
19	17	43.90527
19	17	43.91665
19	17	43.92806
19	17	43.93893
19	17	43.95012
19	17	43.96162
19	17	43.97744
19	16	43.98679
19	16	43.99506
19	16	44.00571
19	16	44.01646
19	16	44.02782
19	16	44.03877
19	16	44.04994
19	16	44.06142
19	16	44.07252
19	16	44.08367
19	16	44.09507
19	15	44.10666
19	15	44.11821
19	15	44.13851
19	15	44.14998
19	15	44.15607
19	15	44.16247
19	15	44.17012
19	15	44.18082
19	15	44.19264
19	15	44.20338
19	15	44.21512
19	15	44.22609
19	14	44.23734
19	14	44.24825
19	14	44.2592
19	14	44.27057
19	14	44.28552
19	14	44.29582
19	14	44.304
19	14	44.3148
19	14	44.3261
19	14	44.33746
19	14	44.34823
19	13	44.36005
19	13	44.37116
19	13	44.38236
19	13	44.39325
19	13	44.40469
19	13	44.41616
19	13	44.42841
19	13	44.44399
19	13	44.45441
19	13	44.46077
19	12	44.47141
19	12	44.48258
19	12	44.49398
19	12	44.50494
19	12	44.51625
19	12	44.52722
19	12	44.53798
19	12	44.54943
19	12	44.56038
19	12	44.57239
19	12	44.58375
19	11	44.59928
19	11	44.60917
19	11	44.61848
19	11	44.63008
19	11	44.64136
19	11	44.6525
19	11	44.66369
19	11	44.67479
19	11	44.68636
19	11	44.6976
19	11	44.70845
19	11	44.71992
19	11	44.73099
19	11	44.74218
19	11	44.75402
19	11	44.76446
19	11	44.77565
19	11	44.78675
19	11	44.79778
19	11	44.80913
19	11	44.82032
19	11	44.83184
19	11	44.84323
19	11	44.85462
19	11	44.86613
19	12	44.87744
19	12	44.88845
19	12	44.89997
19	12	44.91117
19	12	44.92194
19	12	44.9335
19	12	44.94495
19	12	44.95586
19	12	44.96718
19	12	44.978
19	12	44.98951
19	13	45.00074
19	13	45.01183
19	13	45.02306
19	13	45.03432
19	13	45.04621
19	13	45.05744
19	13	45.06983
19	13	45.07973
19	13	45.09055
19	13	45.10218
19	13	45.11314
19	14	45.12436
19	14	45.13576
19	14	45.14734
19	14	45.15839
19	14	45.16962
19	14	45.18118
19	14	45.19218
19	14	45.20341
19	14	45.21511
19	14	45.2281
19	14	45.23724
18	14	45.24852
18	14	45.2593
18	14	45.2704
18	14	45.28169
18	14	45.29283
18	14	45.30395
18	14	45.31508
18	14	45.32618
18	14	45.3373
18	14	45.3483
18	14	45.35926
17	14	45.3709
17	14	45.38743
17	14	45.39749
17	14	45.40681
17	14	45.41431
17	14	45.42281
17	14	45.4336
17	14	45.44557
17	14	45.45644
17	14	45.46758
17	14	45.48008
16	14	45.49105
16	14	45.50103
16	14	45.51272
16	14	45.52372
16	14	45.539
16	14	45.5501
16	14	45.56104
16	14	45.56837
16	14	45.57919
16	14	45.59037
16	14	45.60124
15	14	45.61282
15	14	45.62364
15	14	45.63494
15	14	45.64644
15	14	45.65746
15	14	45.66867
15	14	45.6804
15	14	45.69679
15	14	45.7071
15	14	45.71373
15	14	45.72398
14	14	45.73531
14	14	45.74674
14	14	45.75774
14	14	45.76896
14	14	45.78056
14	14	45.79139
14	14	45.80265
14	14	45.81409
14	14	45.82515
14	14	45.83662
13	14	45.8512
13	14	45.86115
13	14	45.87008
13	14	45.88125
13	14	45.89234
13	14	45.90384
13	14	45.91535
13	14	45.92606
13	14	45.93725
13	14	45.9483
13	14	45.95937
13	14	45.97012
12	14	45.98151
12	14	45.993
12	14	46.00849
12	14	46.02207
12	14	46.03381
12	14	46.04117
12	14	46.04898
12	14	46.05798
12	14	46.06884
12	14	46.08008
12	14	46.09122
11	14	46.10241
11	14	46.11401
11	14	46.12482
11	14	46.13618
11	14	46.14808
11	14	46.16278
11	14	46.17306
11	14	46.18138
11	14	46.19213
11	14	46.2036
11	14	46.21454
10	14	46.22562
10	14	46.23713
10	14	46.24824
10	14	46.2592
10	14	46.27057
10	14	46.2816
10	14	46.29244
10	14	46.3041
10	14	46.31945
10	14	46.32874
10	14	46.33734
10	15	46.34843
10	15	46.35932
10	15	46.37091
10	15	46.38205
10	15	46.39358
10	15	46.40506
10	15	46.41654
10	15	46.42802
10	15	46.43961
10	15	46.4508
10	16	46.46297
10	16	46.47944
10	16	46.49008
10	16	46.5005
10	16	46.50746
10	16	46.51713
10	16	46.52847
10	16	46.53952
10	16	46.55079
10	16	46.56212
10	16	46.57336
10	17	46.58442
10	17	46.59545
10	17	46.60659
10	17	46.6181
10	17	46.6323
10	17	46.64207
10	17	46.65146
10	17	46.66216
10	17	46.67372
10	17	46.68539
10	17	46.69619
10	18	46.70733
10	18	46.71875
10	18	46.73048
10	18	46.74115
10	18	46.75262
10	18	46.76664
10	18	46.77554
10	18	46.79403
10	18	46.8049
10	18	46.81232
10	18	46.81886
10	19	46.82829
10	19	46.83931
10	19	46.85077
10	19	46.8619
10	19	46.87309
10	19	46.88419
10	19	46.89524
10	19	46.90664
10	19	46.91786
10	19	46.93027
10	18	46.95094
10	18	46.96614
10	18	46.97467
10	18	46.98271
10	18	46.99172
10	18	46.99921
10	18	47.00728
10	18	47.01881
10	18	47.02911
10	18	47.03984
10	18	47.05094
10	18	47.06224
10	17	47.07361
10	17	47.08498
10	17	47.09725
10	17	47.10707
10	17	47.11856
10	17	47.13004
10	17	47.14104
10	17	47.15226
10	17	47.16383
10	17	47.17456
10	17	47.18589
10	16	47.19736
10	16	47.20835
10	16	47.21943
10	16	47.23072
10	16	47.24187
10	16	47.25437
10	16	47.2645
10	16	47.27531
10	16	47.28651
10	16	47.29798
10	16	47.30862
10	15	47.3199
10	15	47.33118
10	15	47.3422
10	15	47.35345
10	15	47.36486
10	15	47.37616
10	15	47.38737
10	15	47.39866
10	15	47.4104
10	15	47.42079
10	15	47.43224
10	14	47.44297
10	14	47.45409
10	14	47.46565
10	14	47.47686
10	14	47.48825
10	14	47.501
10	14	47.51218
10	14	47.523
10	14	47.53448
10	14	47.54603
10	14	47.55788
10	13	47.57037
10	13	47.581
10	13	47.59289
10	13	47.60473
10	13	47.61583
10	13	47.62731
10	13	47.63903
10	13	47.64975
10	13	47.66081
10	13	47.67223
10	12	47.68346
10	12	47.69468
10	12	47.70576
10	12	47.71728
10	12	47.73678
10	12	47.74924
10	12	47.75681
10	12	47.76266
10	12	47.7696
10	12	47.77777
10	12	47.78882
10	12	47.79993
10	11	47.81102
10	11	47.82242
10	11	47.83329
10	11	47.84458
10	11	47.85583
10	11	47.8677
10	11	47.88345
10	11	47.8943
10	11	47.90111
10	11	47.91203
10	11	47.92305
9	11	47.93449
9	11	47.94554
9	11	47.95711
9	11	47.96808
9	11	47.97947
9	11	47.99072
9	11	48.002
9	11	48.01324
9	11	48.02448
9	11	48.04013
8	11	48.05035
8	11	48.05767
8	11	48.0683
8	11	48.0796
8	11	48.09074
8	11	48.10177
8	11	48.11302
8	11	48.124
8	11	48.13506
8	11	48.14635
8	11	48.15776
8	11	48.16941
7	11	48.18024
7	11	48.19655
7	11	48.20667
7	11	48.2172
7	11	48.22463
7	11	48.23668
7	11	48.24827
7	11	48.25962
7	11	48.27153
7	11	48.28332
7	12	48.29408
7	12	48.30548
7	12	48.31674
7	12	48.32748
7	12	48.33888
7	12	48.35395
7	12	48.3637
7	12	48.37237
7	12	48.38338
7	12	48.39411
7	12	48.4053
7	13	48.41669
7	13	48.42784
7	13	48.43875
7	13	48.45016
7	13	48.46144
7	13	48.47264
7	13	48.48378
7	13	48.49512
7	13	48.51176
7	13	48.52138
7	13	48.52936
7	14	48.54001
7	14	48.55134
7	14	48.56247
7	14	48.5738
7	14	48.58475
7	14	48.59557
7	14	48.60647
7	14	48.61768
7	14	48.62876
7	14	48.64012
7	14	48.65156
7	15	48.66959
7	15	48.68109
7	15	48.68874
7	15	48.69563
7	15	48.70536
7	15	48.71689
7	15	48.72795
7	15	48.7389
7	15	48.75043
7	15	48.76104
7	15	48.77252
7	16	48.78385
7	16	48.79462
7	16	48.80628
7	16	48.82169
7	16	48.83074
7	16	48.83939
7	16	48.85046
7	16	48.86163
7	16	48.87309
7	16	48.88394
7	16	48.89531
7	17	48.90664
7	17	48.91763
7	17	48.92923
7	17	48.94026
7	17	48.95156
7	17	48.96288
7	17	48.97835
7	17	48.98785
7	17	48.99603
7	17	49.00697
7	17	49.01778
7	18	49.02928
7	18	49.04046
7	18	49.05188
7	18	49.06335
7	18	49.07491
7	18	49.08611
7	18	49.09774
7	18	49.10876
7	18	49.12082
7	18	49.13577
7	19	49.15028
7	19	49.1573
7	19	49.16323
7	19	49.17457
7	19	49.18599
7	19	49.1971
7	19	49.20818
7	19	49.21945
7	19	49.23067
7	19	49.24157
7	19	49.25296
7	19	49.26403
7	20	49.27561
7	20	49.29213
7	20	49.30178
7	20	49.30913
7	20	49.32014
7	20	49.33119
7	20	49.34227
7	20	49.35338
7	20	49.36446
7	20	49.37536
7	20	49.38702
7	19	49.39826
7	19	49.40913
7	19	49.42025
7	19	49.43209
7	19	49.4437
7	19	49.45389
7	19	49.46486
7	19	49.47615
7	19	49.48777
7	19	49.49979
7	19	49.5108
7	18	49.52206
7	18	49.53451
7	18	49.54557
7	18	49.55607
7	18	49.56742
7	18	49.57863
7	18	49.58985
7	18	49.60248
7	18	49.61171
7	18	49.62273
7	18	49.63398
7	17	49.64504
7	17	49.6566
7	17	49.66774
7	17	49.67921
7	17	49.69057
7	17	49.7021
7	17	49.71327
7	17	49.72475
7	17	49.73634
7	17	49.74771
7	16	49.76006
7	16	49.77
7	16	49.78151
7	16	49.79296
7	16	49.80433
7	16	49.81572
7	16	49.82714
7	16	49.8385
7	16	49.85003
7	16	49.86127
7	16	49.8722
7	15	49.8835
7	15	49.89449
7	15	49.906
7	15	49.91821
7	15	49.9281
7	15	49.93882
7	15	49.9502
7	15	49.96122
7	15	49.97255
7	15	49.98368
7	15	49.99506
7	14	50.00627
7	14	50.01772
7	14	50.02855
7	14	50.03977
7	14	50.05094
7	14	50.06215
7	14	50.07413
7	14	50.08466
7	14	50.09581
7	14	50.10708
7	14	50.1181
7	13	50.12936
7	13	50.14037
7	13	50.15157
7	13	50.16274
7	13	50.17395
7	13	50.1852
7	13	50.19638
7	13	50.2074
7	13	50.21891
7	13	50.23085
7	13	50.24082
7	12	50.252
7	12	50.26332
7	12	50.27435
7	12	50.28556
7	12	50.29693
7	12	50.30821
7	12	50.31921
7	12	50.33037
7	12	50.34139
7	12	50.35305
7	12	50.3641
7	13	50.37938
7	13	50.39697
7	13	50.40532
7	13	50.41189
7	13	50.41931
7	13	50.42683
7	13	50.4361
7	13	50.44778
7	13	50.45868
7	13	50.47033
7	13	50.48124
7	13	50.49254
7	14	50.50308
7	14	50.51469
7	14	50.52547
7	14	50.53709
7	14	50.54929
7	14	50.55897
7	14	50.57027
7	14	50.58151
7	14	50.59281
7	14	50.60373
7	14	50.61501
7	15	50.62613
7	15	50.63754
7	15	50.64848
7	15	50.65946
7	15	50.67115
7	15	50.68209
7	15	50.69402
7	15	50.70672
7	15	50.71563
7	15	50.72697
7	16	50.73824
7	16	50.7491
7	16	50.75997
7	16	50.77138
7	16	50.78278
7	16	50.79394
7	16	50.80499
7	16	50.81607
7	16	50.82726
7	16	50.83877
7	16	50.85073
7	17	50.86166
7	17	50.87317
7	17	50.88509
7	17	50.89629
7	17	50.90796
7	17	50.91927
7	17	50.93085
7	17	50.94225
7	17	50.95391
7	17	50.96544
7	17	50.97678
6	17	50.98861
6	17	50.99973
6	17	51.0117
6	17	51.02824
6	17	51.03809
6	17	51.04441
6	17	51.05366
6	17	51.06454
6	17	51.07577
6	17	51.08733
6	17	51.09814
5	17	51.1093
5	17	51.12048
5	17	51.13178
5	17	51.14265
5	17	51.15371
5	17	51.16521
5	17	51.18013
5	17	51.19004
5	17	51.19824
5	17	51.20944
5	17	51.22046
4	17	51.23147
4	17	51.24265
4	17	51.25401
4	17	51.26526
4	17	51.27666
4	17	51.28808
4	17	51.29901
4	17	51.31013
4	17	51.3222
4	17	51.34267
3	17	51.35405
3	17	51.36047
3	17	51.36802
3	17	51.37504
3	17	51.38622
3	17	51.39711
3	17	51.40815
3	17	51.41929
3	17	51.43129
3	17	51.4421
3	17	51.45318
3	17	51.46414
2	17	51.47545
2	17	51.49218
2	17	51.50307
2	17	51.51315
2	17	51.5201
2	17	51.53065
2	17	51.5418
2	17	51.5531
2	17	51.57032
2	17	51.57728
2	17	51.58649
2	18	51.59795
2	18	51.60876
2	18	51.62041
2	18	51.63172
2	18	51.64651
2	18	51.6565
2	18	51.66499
2	18	51.67653
2	18	51.6875
2	18	51.69844
2	18	51.70951
2	19	51.72058
2	19	51.73148
2	19	51.74303
2	19	51.75399
2	19	51.76517
2	19	51.77686
2	19	51.78895
2	19	51.80325
2	19	51.81247
2	19	51.823
2	19	51.83477
2	20	51.84574
2	20	51.85702
2	20	51.86859
2	20	51.88006
2	20	51.89114
2	20	51.90229
2	20	51.91323
2	20	51.92445
2	20	51.93595
2	20	51.9477
2	20	51.96289
2	20	51.97252
2	20	51.98116
2	20	51.99248
2	20	52.0037
2	20	52.01509
2	20	52.02613
2	20	52.03708
2	20	52.04821
2	20	52.0593
2	20	52.0703
2	20	52.08139
2	20	52.09304
2	20	52.10413
2	20	52.11646
2	20	52.12604
2	20	52.13706
2	20	52.14836
2	20	52.15997
2	20	52.17148
2	20	52.18234
2	20	52.19365
2	20	52.20462
2	20	52.21615
2	20	52.22709
2	20	52.23816
2	20	52.24926
2	20	52.26054
2	20	52.27264
2	20	52.28311
2	20	52.2943
2	20	52.30529
2	20	52.31639
2	20	52.32771
2	20	52.33897
2	20	52.35018
2	20	52.36148
2	20	52.37281
2	20	52.3843
2	20	52.39541
2	20	52.40678
2	20	52.41854
2	20	52.43076
2	20	52.44065
2	20	52.4523
2	20	52.46336
2	20	52.4748
2	20	52.48736
2	20	52.49751
2	20	52.50869
2	20	52.51969
2	20	52.53122
2	20	52.5422
2	20	52.55344
2	20	52.56442
2	20	52.5759
2	20	52.58838
3	20	52.59772
3	20	52.60897
3	20	52.62035
3	20	52.63159
3	20	52.64271
3	20	52.6539
3	20	52.66489
3	20	52.67603
3	20	52.68721
3	20	52.69828
3	20	52.70936
4	20	52.72039
4	20	52.73192
4	20	52.74828
4	20	52.75787
4	20	52.76912
4	20	52.77577
4	20	52.78241
4	20	52.79337
4	20	52.80496
4	20	52.81622
4	20	52.82755
4	20	52.83862
4	20	52.84959
4	20	52.86092
4	20	52.8723
4	20	52.88376
4	20	52.89753
4	21	52.90751
4	21	52.9168
4	21	52.92809
4	21	52.93915
4	21	52.95034
4	21	52.96134
4	21	52.97253
4	21	52.98358
4	21	52.99475
4	21	53.00607
4	21	53.01731
4	22	53.02847
4	22	53.04015
4	22	53.05495
4	22	53.06432
4	22	53.07311
4	22	53.08425
4	22	53.09556
4	22	53.10674
4	22	53.11774
4	22	53.12897
4	22	53.14106
4	23	53.15258
4	23	53.16362
4	23	53.17484
4	23	53.18672
4	23	53.19824
4	23	53.21468
4	23	53.22435
4	23	53.23159
4	23	53.24234
4	23	53.25353
4	23	53.2646
4	23	53.27591
4	23	53.28729
4	23	53.29843
4	23	53.30951
4	23	53.32045
4	23	53.33199
4	23	53.34298
4	22	53.35433
4	22	53.36598
4	22	53.37645
4	22	53.38754
4	22	53.39865
4	22	53.40955
4	22	53.4207
4	22	53.43202
4	22	53.44319
4	22	53.4542
4	22	53.46553
4	21	53.47668
4	21	53.48788
4	21	53.49917
4	21	53.51063
4	21	53.52263
4	21	53.53274
4	21	53.54428
4	21	53.55531
4	21	53.56636
4	21	53.57743
4	21	53.5897
4	20	53.60044
4	20	53.6114
4	20	53.62269
4	20	53.63393
4	20	53.64597
4	20	53.65709
4	20	53.66865
4	20	53.68303
4	20	53.69407
4	20	53.70163
4	20	53.71261
3	20	53.72384
3	20	53.73552
3	20	53.74651
3	20	53.75766
3	20	53.76913
3	20	53.78051
3	20	53.79148
3	20	53.80275
3	20	53.81391
3	20	53.82536
3	20	53.83662
2	20	53.8474
2	20	53.85849
2	20	53.86964
2	20	53.88075
2	20	53.89178
2	20	53.90319
2	20	53.91401
2	20	53.92511
2	20	53.93671
2	20	53.94744
2	20	53.95837
2	20	53.96968
2	20	53.98126
2	20	53.99398
2	20	54.00362
2	20	54.01472
2	20	54.02624
2	20	54.03741
2	19	54.04877
2	19	54.05974
2	19	54.07117
2	19	54.08235
2	19	54.09349
2	19	54.10487
2	19	54.11626
2	19	54.12746
2	19	54.13882
2	19	54.1511
2	18	54.16105
2	18	54.1723
2	18	54.18349
2	18	54.19493
2	18	54.20618
2	18	54.21746
2	18	54.2281
2	18	54.23905
2	18	54.25048
2	18	54.26167
2	18	54.27287
2	17	54.28415
2	17	54.2955
2	17	54.30807
2	17	54.31767
2	17	54.32888
2	17	54.34006
2	17	54.35128
2	17	54.36259
2	17	54.37376
2	17	54.38476
2	17	54.39616
2	16	54.40727
2	16	54.41832
2	16	54.42966
2	16	54.44107
2	16	54.45263
2	16	54.46821
2	16	54.47702
2	16	54.48308
2	16	54.49444
2	16	54.50518
2	16	54.51611
2	15	54.52712
2	15	54.53859
2	15	54.54983
2	15	54.56098
2	15	54.57178
2	15	54.58282
2	15	54.59422
2	15	54.60564
2	15	54.62053
2	15	54.6297
2	15	54.63892
2	14	54.65006
2	14	54.66133
2	14	54.67295
2	14	54.68408
2	14	54.69523
2	14	54.70623
2	14	54.71795
2	14	54.72864
2	14	54.73992
2	14	54.75091
2	14	54.76262
2	14	54.7776
2	14	54.78761
2	14	54.79596
2	14	54.8068
2	14	54.81813
2	14	54.82918
2	14	54.84039
2	14	54.85154
2	14	54.86285
2	14	54.87408
2	14	54.88519
2	14	54.89638
2	14	54.90759
2	14	54.91916
2	14	54.93122
2	14	54.9411
2	14	54.95205
2	14	54.9633
2	14	54.97454
2	14	54.98559
2	14	54.99745
2	14	55.00867
2	14	55.02013
2	14	55.03099
2	14	55.04182
2	14	55.05325
2	14	55.0644
2	14	55.07532
2	14	55.08743
2	14	55.09762
2	14	55.10863
2	14	55.11955
2	14	55.13065
2	14	55.14225
2	14	55.15365
2	14	55.16514
2	14	55.17642
2	14	55.18791
2	14	55.199
2	14	55.2099
2	14	55.22133
2	14	55.23293
2	14	55.24511
2	14	55.25545
2	14	55.26705
2	14	55.27836
2	14	55.28951
2	14	55.30063
2	14	55.31217
2	14	55.32351
2	14	55.33455
2	14	55.34611
2	14	55.35696
2	14	55.36844
2	14	55.37943
2	14	55.39045
2	14	55.40311
2	14	55.41237
2	14	55.42354
3	14	55.43472
3	14	55.44598
3	14	55.45691
3	14	55.46812
3	14	55.47945
3	14	55.49125
3	14	55.50182
3	14	55.51316
3	14	55.52432
3	14	55.53555
3	14	55.54698
4	14	55.56396
4	14	55.57507
4	14	55.58426
4	14	55.59128
4	14	55.59705
4	14	55.60867
4	14	55.62008
4	14	55.63044
4	14	55.64155
4	14	55.65275
4	14	55.66407
4	14	55.67533
4	14	55.6865
4	14	55.69821
4	14	55.71398
4	14	55.72377
4	14	55.73136
4	14	55.74207
4	14	55.75322
4	14	55.76422
4	14	55.77545
4	14	55.78724
4	14	55.79812
4	14	55.80969
4	14	55.82101
4	14	55.83168
4	14	55.84267
4	14	55.85462
4	14	55.86863
4	14	55.87611
4	14	55.88728
4	14	55.89839
4	14	55.90933
4	14	55.92109
4	14	55.93188
4	14	55.94318
4	14	55.95529
4	14	55.96645
4	14	55.97777
4	14	55.9896
4	14	56.00084
4	14	56.01249
4	14	56.02509
4	14	56.03471
4	14	56.04593
4	14	56.05696
4	14	56.06806
4	14	56.07938
4	14	56.0908
4	14	56.10214
4	14	56.11339
4	14	56.1249
4	14	56.13636
4	14	56.14784
4	14	56.15895
4	14	56.1704
4	14	56.18266
4	14	56.19253
4	14	56.20365
4	14	56.21458
4	14	56.22567
4	14	56.23695
4	14	56.24808
4	14	56.25933
4	14	56.27063
4	14	56.2819
4	14	56.29334
4	13	56.30505
4	13	56.31613
4	13	56.32808
4	13	56.34377
4	13	56.35333
4	13	56.36049
4	13	56.37047
4	13	56.38163
4	13	56.39351
4	13	56.40415
4	13	56.41547
4	12	56.42654
4	12	56.43779
4	12	56.44876
4	12	56.45986
4	12	56.47127
4	12	56.48246
4	12	56.49876
4	12	56.50813
4	12	56.51549
4	12	56.52605
4	12	56.53722
4	11	56.54847
4	11	56.55938
4	11	56.57096
4	11	56.58221
4	11	56.59327
4	11	56.6044
4	11	56.6156
4	11	56.62664
4	11	56.63836
4	11	56.65282
4	11	56.66265
4	11	56.67166
4	11	56.68258
4	11	56.69384
5	11	56.70483
5	11	56.71605
5	11	56.7272
5	11	56.73854
5	11	56.74973
5	11	56.76065
5	11	56.7723
5	11	56.78341
5	11	56.79527
5	11	56.81513
6	11	56.82788
6	11	56.83596
6	11	56.84246
6	11	56.85064
6	11	56.85897
6	11	56.86985
6	11	56.88136
6	11	56.89231
6	11	56.90351
6	11	56.91402
6	11	56.92549
6	11	56.93668
6	11	56.94852
7	11	56.96419
7	11	56.97365
7	11	56.9821
7	11	56.9931
7	11	57.00424
7	11	57.0153
7	11	57.02694
7	11	57.03806
7	11	57.04916
7	11	57.0604
8	11	57.07122
8	11	57.08239
8	11	57.09386
8	11	57.10535
8	11	57.11977
8	11	57.12725
8	11	57.13789
8	11	57.14921
8	11	57.16024
8	11	57.17126
8	11	57.18267
7	11	57.19378
7	11	57.20482
7	11	57.21625
7	11	57.22737
7	11	57.23902
7	11	57.2497
7	11	57.26092
7	11	57.27263
7	11	57.28381
7	11	57.29515
7	11	57.30685
6	11	57.31825
6	11	57.32966
6	11	57.34123
6	11	57.35244
6	11	57.36395
6	11	57.37528
6	11	57.38683
6	11	57.39806
6	11	57.40923
6	11	57.42107
6	11	57.43364
5	11	57.44321
5	11	57.45413
5	11	57.46531
5	11	57.47668
5	11	57.48816
5	11	57.49929
5	11	57.51057
5	11	57.52214
5	11	57.53341
5	11	57.54468
5	11	57.55635
4	11	57.56713
4	11	57.57885
4	11	57.59803
4	11	57.60537
4	11	57.61338
4	11	57.62014
4	11	57.63158
4	11	57.64275
4	11	57.65323
4	11	57.66295
4	11	57.67398
3	11	57.68534
3	11	57.69669
3	11	57.70768
3	11	57.71907
3	11	57.73092
3	11	57.74702
3	11	57.75727
3	11	57.76352
3	11	57.77448
3	11	57.78569
3	11	57.7971
2	11	57.808
2	11	57.81934
2	11	57.83069
2	11	57.84176
2	11	57.85305
2	11	57.86453
2	11	57.87547
2	11	57.88735
2	11	57.90268
2	11	57.91218
2	11	57.92025
2	10	57.93122
2	10	57.9423
2	10	57.95397
2	10	57.96519
2	10	57.97656
2	10	57.98809
2	10	57.99933
2	10	58.01113
2	10	58.02275
2	10	58.0336
2	10	58.04498
2	9	58.06055
2	9	58.07024
2	9	58.07995
2	9	58.09011
2	9	58.10088
2	9	58.11217
2	9	58.12368
2	9	58.13478
2	9	58.14608
2	9	58.15759
2	9	58.16833
2	8	58.17958
2	8	58.19128
2	8	58.20205
2	8	58.21738
2	8	58.22771
2	8	58.23538
2	8	58.24646
2	8	58.25786
2	8	58.26871
2	8	58.28016
2	8	58.2911
2	8	58.30285
2	8	58.31378
2	8	58.32491
2	8	58.33584
2	8	58.34732
2	8	58.35878
3	8	58.37066
3	8	58.38135
3	8	58.39207
3	8	58.40317
3	8	58.41445
3	8	58.42565
3	8	58.43699
3	8	58.4485
3	8	58.45945
3	8	58.47044
3	8	58.48191
4	8	58.49329
4	8	58.50405
4	8	58.51551
4	8	58.53064
4	8	58.53996
4	8	58.54865
4	8	58.55948
4	8	58.57072
4	8	58.58227
4	8	58.5939
4	8	58.60524
4	8	58.61605
4	8	58.62692
4	8	58.63818
4	7	58.64946
4	7	58.66036
4	7	58.67169
4	7	58.68929
4	7	58.70197
4	7	58.71074
4	7	58.71886
4	7	58.72666
4	7	58.73568
4	7	58.74705
4	7	58.75788
4	7	58.7691
4	6	58.78032
4	6	58.79185
4	6	58.80282
4	6	58.81425
4	6	58.82547
4	6	58.83946
4	6	58.84857
4	6	58.8586
4	6	58.86974
4	6	58.88072
4	6	58.89215
4	5	58.90302
4	5	58.91423
4	5	58.9257
4	5	58.93659
4	5	58.94779
4	5	58.95892
4	5	58.97012
4	5	58.98193
4	5	58.99718
4	5	59.0078
4	5	59.0154
4	5	59.02645
4	5	59.03735
4	5	59.0484
4	5	59.05972
3	5	59.07099
3	5	59.08253
3	5	59.09386
3	5	59.105
3	5	59.1166
3	5	59.12794
3	5	59.13953
3	5	59.15469
3	5	59.1645
3	5	59.17418
2	5	59.18534
2	5	59.1965
2	5	59.20792
2	5	59.21885
2	5	59.23004
2	5	59.2417
2	5	59.25238
2	5	59.26368
2	5	59.27526
2	5	59.2863
2	5	59.29784
2	4	59.31372
2	4	59.32359
2	4	59.33137
2	4	59.33937
2	4	59.35018
2	4	59.36132
2	4	59.37268
2	4	59.38387
2	4	59.39487
2	4	59.40593
2	4	59.41751
2	3	59.42892
2	3	59.44007
2	3	59.45159
2	3	59.47019
2	3	59.48114
2	3	59.48939
2	3	59.49617
2	3	59.50632
2	3	59.51759
2	3	59.52854
2	3	59.53999
2	2	59.55104
2	2	59.56205
2	2	59.57327
2	2	59.58448
2	2	59.59589
2	2	59.60804
2	2	59.62311
2	2	59.63265
2	2	59.64066
2	2	59.65132
2	2	59.66257
2	2	59.67457
2	2	59.68607
2	2	59.69605
2	2	59.70719
2	2	59.71796
2	2	59.72947
2	2	59.74064
2	2	59.75135
2	2	59.76307
2	2	59.77543
2	2	59.78523
2	2	59.79649
2	2	59.80773
2	2	59.8189
2	2	59.83018
2	2	59.84197
3	2	59.85314
3	2	59.86463
3	2	59.8764
3	2	59.88777
3	2	59.89896
3	2	59.91029
3	2	59.92192
3	2	59.9368
3	2	59.94661
3	2	59.95579
3	2	59.9668
4	2	59.97836
4	2	59.98924
4	2	60.00063
4	2	60.01221
4	2	60.02344
4	2	60.03506
4	2	60.0462
4	2	60.05741
4	2	60.06843
4	2	60.08003
5	2	60.09457
5	2	60.10463
5	2	60.11295
5	2	60.1235
5	2	60.13475
5	2	60.14604
5	2	60.15726
5	2	60.16813
5	2	60.17956
5	2	60.19067
5	2	60.20181
5	2	60.21318
6	2	60.22431
6	2	60.23588
6	2	60.2516
6	2	60.26255
6	2	60.26911
6	2	60.27995
6	2	60.29113
6	2	60.30249
6	2	60.31368
6	2	60.32503
6	2	60.33626
7	2	60.34705
7	2	60.35832
7	2	60.36912
7	2	60.38107
7	2	60.39256
7	2	60.41121
7	2	60.42281
7	2	60.43072
7	2	60.43866
7	2	60.44544
7	2	60.45453
8	2	60.46589
8	2	60.47724
8	2	60.48905
8	2	60.50006
8	2	60.51151
8	2	60.52198
8	2	60.53366
8	2	60.54512
8	2	60.56047
8	2	60.56978
8	2	60.57839
9	2	60.58962
9	2	60.6006
9	2	60.61219
9	2	60.62321
9	2	60.6342
9	2	60.64569
9	2	60.65712
9	2	60.66804
9	2	60.67916
9	2	60.69031
9	2	60.70153
10	2	60.71748
10	2	60.72802
10	2	60.73727
10	2	60.74578
10	2	60.75677
10	2	60.76781
10	2	60.77909
10	2	60.79035
10	2	60.80153
10	2	60.81297
10	2	60.82442
11	2	60.83593
11	2	60.84748
11	2	60.85928
11	2	60.87358
11	2	60.88379
11	2	60.89327
11	2	60.90462
11	2	60.916
11	2	60.92714
11	2	60.93833
12	2	60.9494
12	2	60.96046
12	2	60.97178
12	2	60.98283
12	2	60.99406
12	2	61.00511
12	2	61.01668
12	2	61.0326
12	2	61.04252
12	2	61.04968
12	2	61.06061
13	2	61.07183
13	2	61.08287
13	2	61.094
13	2	61.10532
13	2	61.11655
13	2	61.1278
13	2	61.13895
13	2	61.15014
13	2	61.16145
13	2	61.17293
14	2	61.19423
14	2	61.20337
14	2	61.20924
14	2	61.21604
14	2	61.22671
14	2	61.23734
14	2	61.24837
14	2	61.26031
14	2	61.27132
14	2	61.28245
14	2	61.29338
14	2	61.30455
15	2	61.31566
15	2	61.32737
15	2	61.34161
15	2	61.35032
15	2	61.36045
15	2	61.37154
15	2	61.38293
15	2	61.39438
15	2	61.40491
15	2	61.4159
15	2	61.42733
16	2	61.43813
16	2	61.44936
16	2	61.46088
16	2	61.47153
16	2	61.48348
16	2	61.49952
16	2	61.50859
16	2	61.51682
16	2	61.52787
16	2	61.53901
16	2	61.5502
17	2	61.56108
17	2	61.57224
17	2	61.58307
17	2	61.59423
17	2	61.60532
17	2	61.61668
17	2	61.62853
17	2	61.64017
17	2	61.65555
17	2	61.66494
17	2	61.67469
18	2	61.68648
18	2	61.69848
18	2	61.71049
18	2	61.72062
18	2	61.7317
18	2	61.74295
18	2	61.75378
18	2	61.76492
18	2	61.77612
18	2	61.7873
18	2	61.79862
19	2	61.81344
19	2	61.82294
19	2	61.83217
19	2	61.84318
19	2	61.85396
19	2	61.86532
19	2	61.87687
19	2	61.88802
19	2	61.89928
19	2	61.91091
19	2	61.92238
20	2	61.93328
20	2	61.94437
20	2	61.95576
20	2	61.9711
20	2	61.98075
20	2	61.98934
20	2	62.00026
20	2	62.01163
20	2	62.02251
20	2	62.03385
20	2	62.04531
21	2	62.05639
21	2	62.06745
21	2	62.07875
21	2	62.08952
21	2	62.10076
21	2	62.11224
21	2	62.12667
21	2	62.13542
21	2	62.14523
21	2	62.15639
21	2	62.16745
20	2	62.17909
20	2	62.18989
20	2	62.20087
20	2	62.21187
20	2	62.22382
20	2	62.23465
20	2	62.24579
20	2	62.25683
20	2	62.26834
20	2	62.28131
20	2	62.29063
19	2	62.30167
19	2	62.31297
19	2	62.3242
19	2	62.3358
19	2	62.34721
19	2	62.35863
19	2	62.36934
19	2	62.38102
19	2	62.39191
19	2	62.40792
19	2	62.41521
18	2	62.42461
18	2	62.43661
18	2	62.44649
18	2	62.45759
18	2	62.46844
18	2	62.47972
18	2	62.49101
18	2	62.50225
18	2	62.51337
18	2	62.52452
18	2	62.53581
17	2	62.54707
17	2	62.55842
17	2	62.56963
17	2	62.58111
17	2	62.59335
17	2	62.60329
17	2	62.61449
17	2	62.62564
17	2	62.63681
17	2	62.64793
17	2	62.6592
16	2	62.67064
16	2	62.68127
16	2	62.69249
16	2	62.70353
16	2	62.71461
16	2	62.72585
16	2	62.73708
16	2	62.74934
16	2	62.75933
16	2	62.7707
16	2	62.78212
16	3	62.79386
16	3	62.80495
16	3	62.81645
16	3	62.8278
16	3	62.83881
16	3	62.85001
16	3	62.86153
16	3	62.8725
16	3	62.88407
16	3	62.89574
16	4	62.91122
16	4	62.92067
16	4	62.9279
16	4	62.93869
16	4	62.94975
16	4	62.96118
16	4	62.97229
16	4	62.98344
16	4	62.99475
16	4	63.00594
16	4	63.01724
16	5	63.02838
16	5	63.03946
16	5	63.05083
16	5	63.06546
16	5	63.07511
16	5	63.08404
16	5	63.09535
16	5	63.10646
16	5	63.11771
16	5	63.12867
16	5	63.1401
17	5	63.151
17	5	63.16193
17	5	63.17327
17	5	63.18446
17	5	63.19572
17	5	63.20713
17	5	63.22448
17	5	63.23492
17	5	63.2424
17	5	63.2497
17	5	63.26082
18	5	63.27214
18	5	63.28347
18	5	63.29497
18	5	63.30569
18	5	63.31698
18	5	63.32835
18	5	63.33923
18	5	63.35029
18	5	63.36222
18	5	63.37749
18	5	63.38758
19	5	63.39539
19	5	63.40608
19	5	63.41769
19	5	63.42873
19	5	63.43948
19	5	63.4506
19	5	63.46185
19	5	63.47297
19	5	63.48418
19	5	63.49587
19	5	63.50672
19	5	63.51844
19	5	63.53284
19	5	63.54293
19	5	63.55163
19	5	63.56308
19	5	63.57365
19	5	63.58498
19	5	63.59612
19	5	63.60741
19	5	63.61895
19	5	63.63023
19	5	63.64148
19	5	63.65265
19	5	63.66382
19	5	63.67595
19	5	63.69023
19	5	63.6979
19	5	63.70838
19	5	63.72038
19	5	63.73213
19	5	63.74201
19	5	63.75327
19	5	63.76477
19	5	63.77634
19	5	63.78749
19	5	63.79866
19	5	63.80996
19	5	63.82119
19	5	63.83252
19	5	63.84425
19	5	63.85473
19	5	63.86585
19	5	63.87707
19	5	63.88815
19	5	63.89931
19	5	63.91039
19	5	63.9217
19	5	63.93282
19	5	63.94397
19	5	63.95503
19	5	63.96619
19	5	63.97745
19	5	63.98879
19	5	64.00163
19	5	64.01099
19	5	64.02211
19	5	64.03339
19	5	64.04475
19	5	64.05609
19	5	64.06744
19	5	64.07916
19	5	64.09031
19	5	64.10146
19	5	64.11308
19	5	64.12453
19	5	64.1357
19	5	64.14745
19	5	64.15913
19	5	64.16925
19	5	64.18082
19	5	64.19204
19	5	64.20309
19	5	64.21436
19	5	64.22552
19	5	64.23635
19	5	64.24763
19	5	64.25846
19	5	64.26959
19	5	64.2811
19	5	64.29215
19	5	64.3036
19	5	64.31536
19	5	64.32554
19	5	64.33675
19	5	64.34807
19	5	64.35892
19	5	64.37027
19	5	64.3816
19	5	64.39281
19	5	64.40402
19	5	64.41514
19	5	64.42632
19	5	64.43761
19	5	64.44857
19	5	64.45998
19	5	64.47232
19	5	64.48206
19	5	64.49306
19	5	64.50426
19	5	64.51552
19	5	64.52655
19	5	64.53762
19	5	64.54896
19	5	64.55992
19	5	64.57144
19	5	64.58275
19	5	64.59403
19	5	64.60506
19	5	64.61659
19	5	64.62782
19	5	64.63884
19	5	64.64994
19	5	64.66111
19	5	64.67205
19	5	64.68318
19	5	64.69458
19	5	64.70547
19	5	64.71697
19	5	64.72781
19	5	64.73919
19	5	64.75059
19	5	64.76189
19	5	64.77322
19	5	64.79038
19	5	64.79663
19	5	64.80345
19	6	64.81399
19	6	64.82453
19	6	64.83545
19	6	64.84686
19	6	64.85778
19	6	64.86893
19	6	64.88035
19	6	64.89119
19	6	64.90245
19	6	64.91379
19	6	64.92518
19	6	64.94503
19	6	64.95775
19	6	64.96786
19	6	64.97406
19	6	64.98164
19	6	64.99007
19	6	65.00124
19	6	65.01293
19	6	65.02364
19	6	65.03484
19	6	65.04693
19	7	65.05782
19	7	65.06913
19	7	65.08076
19	7	65.09668
19	7	65.10667
19	7	65.11379
19	7	65.12389
19	7	65.13511
19	7	65.14691
19	7	65.15723
19	7	65.16862
19	7	65.18007
19	7	65.1907
19	7	65.20209
19	7	65.21367
19	7	65.22403
19	7	65.23608
19	7	65.24911
19	7	65.25818
19	7	65.2692
20	7	65.28077
20	7	65.29139
20	7	65.30245
20	7	65.31386
20	7	65.32499
20	7	65.33589
20	7	65.34727
20	7	65.35847
20	7	65.36931
20	7	65.38078
20	7	65.39214
21	7	65.40701
21	7	65.41741
21	7	65.42628
21	7	65.4379
21	7	65.44942
21	7	65.46066
21	7	65.47215
21	7	65.48409
21	7	65.49512
21	7	65.5069
22	7	65.5182
22	7	65.52979
22	7	65.54088
22	7	65.55235
22	7	65.56721
22	7	65.57629
22	7	65.58562
22	7	65.5971
22	7	65.60828
22	7	65.61939
22	7	65.63055
22	7	65.64215
22	7	65.65312
22	7	65.66432
21	7	65.67539
21	7	65.68697
21	7	65.69839
21	7	65.7092
21	7	65.72248
21	7	65.7313
21	7	65.74298
21	7	65.75416
21	7	65.76457
21	7	65.77589
21	7	65.78697
20	7	65.79823
20	7	65.80916
20	7	65.82042
20	7	65.83145
20	7	65.84274
20	7	65.85367
20	7	65.86516
20	7	65.87671
20	7	65.8875
20	7	65.89878
20	7	65.91034
19	7	65.92134
19	7	65.93272
19	7	65.94406
19	7	65.9556
19	7	65.96663
19	7	65.97807
19	7	65.98906
19	7	66.00084
19	7	66.01237
19	7	66.02337
19	7	66.03648
18	7	66.04573
18	7	66.05685
18	7	66.06818
18	7	66.07961
18	7	66.09064
18	7	66.10181
18	7	66.11343
18	7	66.12432
18	7	66.13565
18	7	66.14693
18	7	66.15742
17	7	66.16867
17	7	66.18058
17	7	66.19698
17	7	66.20731
17	7	66.21405
17	7	66.22181
17	7	66.23269
17	7	66.24374
17	7	66.25495
17	7	66.2662
17	7	66.27731
16	7	66.28857
16	7	66.29956
16	7	66.31074
16	7	66.32189
16	7	66.33326
16	7	66.34885
16	7	66.35781
16	7	66.36653
16	7	66.37743
16	7	66.38877
16	7	66.39974
16	8	66.41085
16	8	66.42211
16	8	66.43348
16	8	66.44463
16	8	66.45599
16	8	66.46745
16	8	66.47828
16	8	66.49048
16	8	66.50587
16	8	66.51596
16	8	66.52325
16	9	66.53428
16	9	66.54549
16	9	66.55676
16	9	66.568
16	9	66.57891
16	9	66.59026
16	9	66.60137
16	9	66.61291
16	9	66.62401
16	9	66.63519
16	9	66.64714
16	10	66.66161
16	10	66.67204
16	10	66.68049
16	10	66.69165
16	10	66.70236
16	10	66.71413
16	10	66.7245
16	10	66.73562
16	10	66.74699
16	10	66.75758
16	10	66.76906
15	10	66.78032
15	10	66.79166
15	10	66.85848
15	10	66.87626
15	10	66.88478
15	10	66.89314
14	10	66.9002
14	10	66.91112
14	10	66.92193
14	10	66.93333
14	10	66.9443
14	10	66.95626
14	10	66.96697
14	10	66.97831
14	10	66.98925
14	10	67.00059
14	10	67.01165
13	10	67.02418
13	10	67.03378
13	10	67.04484
13	10	67.05621
13	10	67.06779
13	10	67.07845
13	10	67.08958
13	10	67.10094
13	10	67.11208
13	10	67.12331
13	10	67.13434
12	10	67.14584
12	10	67.15655
12	10	67.16842
12	10	67.18801
12	10	67.19977
12	10	67.20748
12	10	67.21461
12	10	67.22411
12	10	67.23515
12	10	67.24694
12	10	67.25733
11	10	67.26854
11	10	67.27956
11	10	67.29046
11	10	67.30212
11	10	67.31321
11	10	67.3251
11	10	67.34119
11	10	67.35163
11	10	67.3586
11	10	67.36864
11	10	67.3803
10	10	67.39113
10	10	67.40202
10	10	67.41341
10	10	67.42458
10	10	67.43579
10	10	67.44756
10	10	67.45847
10	10	67.46954
10	10	67.48135
10	10	67.4943
10	10	67.50317
9	10	67.51462
9	10	67.52585
9	10	67.53671
9	10	67.54823
9	10	67.55918
9	10	67.57035
9	10	67.58169
9	10	67.59288
9	10	67.60427
9	10	67.61588
10	10	67.62731
10	10	67.63902
10	10	67.65152
10	10	67.66171
10	10	67.67348
10	10	67.68429
10	10	67.69552
10	10	67.70684
10	10	67.71815
10	10	67.72928
10	10	67.7405
11	10	67.75209
11	10	67.76414
11	10	67.77508
11	10	67.78574
11	10	67.79744
11	10	67.80884
11	10	67.82056
11	10	67.83194
11	10	67.84304
11	10	67.85461
11	10	67.86591
12	10	67.87713
12	10	67.8885
12	10	67.89956
12	10	67.91092
12	10	67.92234
12	10	67.93382
12	10	67.94494
12	10	67.95634
12	10	67.96858
12	10	67.97797
12	10	67.98921
13	10	68.00031
13	10	68.01135
13	10	68.02258
13	10	68.03361
13	10	68.04498
13	10	68.05605
13	10	68.06802
13	10	68.07829
13	10	68.08928
13	10	68.10075
13	10	68.11182
13	9	68.12312
13	9	68.13426
13	9	68.14563
13	9	68.15681
13	9	68.1679
13	9	68.1791
13	9	68.19042
13	9	68.20151
13	9	68.21294
13	9	68.22398
13	9	68.23507
13	8	68.24624
13	8	68.2574
13	8	68.26901
13	8	68.28511
13	8	68.29443
13	8	68.30141
13	8	68.31024
13	8	68.3216
13	8	68.33276
13	8	68.34343
13	8	68.35482
13	7	68.36619
13	7	68.37728
13	7	68.3886
13	7	68.39977
13	7	68.41096
13	7	68.42245
13	7	68.4376
13	7	68.44826
13	7	68.45867
13	7	68.46692
13	7	68.478
13	7	68.48936
12	7	68.50041
12	7	68.5114
12	7	68.52248
12	7	68.53355
12	7	68.54491
12	7	68.5559
12	7	68.56723
12	7	68.57954
12	7	68.60118
12	7	68.61153
11	7	68.61906
11	7	68.62616
11	7	68.63248
11	7	68.64239
11	7	68.65362
11	7	68.66451
11	7	68.676
11	7	68.68764
11	7	68.69882
11	7	68.70993
11	7	68.72079
11	7	68.73316
10	7	68.75043
10	7	68.76133
10	7	68.77222
10	7	68.7793
10	7	68.78809
10	7	68.79959
10	7	68.81015
10	7	68.8213
10	7	68.83272
10	7	68.8436
10	7	68.85473
9	7	68.86636
9	7	68.87679
9	7	68.88837
9	7	68.90288
9	7	68.91254
9	7	68.92173
9	7	68.93321
9	7	68.94433
9	7	68.9549
9	7	68.96677
9	7	68.9778
8	7	68.98904
8	7	69.00043
8	7	69.01144
8	7	69.02254
8	7	69.03369
8	7	69.0453
8	7	69.06012
8	7	69.06994
8	7	69.079
8	7	69.09032
8	7	69.10126
7	7	69.11279
7	7	69.12405
7	7	69.13549
7	7	69.14689
7	7	69.15816
7	7	69.16972
7	7	69.1816
7	7	69.19289
7	7	69.20414
7	7	69.22261
7	8	69.23324
7	8	69.23964
7	8	69.24677
7	8	69.25765
7	8	69.26858
7	8	69.27998
7	8	69.29108
7	8	69.30212
7	8	69.31351
7	8	69.32481
7	8	69.33574
7	8	69.34709
7	9	69.35849
7	9	69.37386
7	9	69.38437
7	9	69.39378
7	9	69.40356
7	9	69.41446
7	9	69.42553
7	9	69.43681
7	9	69.44809
7	9	69.45913
7	9	69.47054
7	10	69.4817
7	10	69.49276
7	10	69.50376
7	10	69.51612
7	10	69.53752
7	10	69.54782
7	10	69.55511
7	10	69.562
7	10	69.56988
7	10	69.5803
7	10	69.59142
7	9	69.60263
7	9	69.6143
7	9	69.6254
7	9	69.63832
7	9	69.64812
7	9	69.65912
7	9	69.67037
7	9	69.68349
7	9	69.6927
7	9	69.70396
7	9	69.71504
7	8	69.72633
7	8	69.73767
7	8	69.74882
7	8	69.75951
7	8	69.77061
7	8	69.78233
7	8	69.79417
7	8	69.80434
7	8	69.81522
7	8	69.82671
7	7	69.83948
7	7	69.84827
7	7	69.8597
7	7	69.8711
7	7	69.88205
7	7	69.89321
7	7	69.9045
7	7	69.91573
7	7	69.92706
7	7	69.93823
7	7	69.94973
7	6	69.96068
7	6	69.97161
7	6	69.98375
7	6	69.99845
7	6	70.00775
7	6	70.0181
7	6	70.02956
7	6	70.04101
7	6	70.05242
7	6	70.06395
7	6	70.07546
7	6	70.0869
7	6	70.09832
7	6	70.1097
7	6	70.12109
7	6	70.13214
7	6	70.14365
7	6	70.15957
7	6	70.16882
7	6	70.17605
7	6	70.18681
7	6	70.19799
7	5	70.20887
7	5	70.22025
7	5	70.23123
7	5	70.24258
7	5	70.25393
7	5	70.2651
7	5	70.27647
7	5	70.28771
7	5	70.29932
7	5	70.31473
7	5	70.32451
7	4	70.33298
7	4	70.34347
7	4	70.35477
7	4	70.36594
7	4	70.37697
7	4	70.38806
7	4	70.39906
7	4	70.41018
7	4	70.4217
7	4	70.43279
7	4	70.44378
7	3	70.45539
7	3	70.47011
7	3	70.47977
7	3	70.4895
7	3	70.501
7	3	70.51147
7	3	70.52254
7	3	70.53388
7	3	70.54501
7	3	70.55595
7	3	70.56727
7	2	70.5783
7	2	70.58947
7	2	70.60132
7	2	70.61246
7	2	70.63023
7	2	70.64024
7	2	70.64669
7	2	70.65393
7	2	70.66499
7	2	70.67607
7	2	70.6881
7	3	70.69872
7	3	70.70979
7	3	70.72138
7	3	70.73238
7	3	70.74369
7	3	70.75508
7	3	70.76669
7	3	70.77906
7	3	70.78838
7	3	70.79922
7	3	70.81032
7	4	70.82169
7	4	70.83279
7	4	70.84421
7	4	70.85519
7	4	70.8662
7	4	70.87731
7	4	70.88857
7	4	70.89937
7	4	70.91062
7	4	70.92195
7	4	70.93451
7	5	70.94405
7	5	70.95545
7	5	70.96658
7	5	70.97762
7	5	70.98926
7	5	71.00111
7	5	71.01225
7	5	71.02386
7	5	71.03484
7	5	71.04657
7	5	71.05782
6	5	71.06906
6	5	71.08081
6	5	71.09342
6	5	71.10299
6	5	71.11447
6	5	71.12599
6	5	71.13776
6	5	71.14896
6	5	71.16028
6	5	71.1718
5	5	71.18323
5	5	71.19459
5	5	71.20604
5	5	71.21849
5	5	71.22875
5	5	71.2403
5	5	71.25566
5	5	71.265
5	5	71.27159
5	5	71.2824
5	5	71.29361
4	5	71.30464
4	5	71.31579
4	5	71.32713
4	5	71.33861
4	5	71.34962
4	5	71.36064
4	5	71.37179
4	5	71.38277
4	5	71.39425
4	5	71.40605
4	5	71.41634
3	5	71.4273
3	5	71.43848
3	5	71.4497
3	5	71.46125
3	5	71.47242
3	5	71.48379
3	5	71.49454
3	5	71.50578
3	5	71.51687
3	5	71.52811
3	5	71.53932
2	5	71.55069
2	5	71.56178
2	5	71.57298
2	5	71.58428
2	5	71.59528
2	5	71.60647
2	5	71.6181
2	5	71.65803
2	5	71.66505
2	4	71.67171
2	4	71.67831
2	4	71.68759
2	4	71.741
2	4	71.75745
2	4	71.76489
2	4	71.77188
2	4	71.77995
2	4	71.7916
2	3	71.80303
2	3	71.81509
2	3	71.82648
2	3	71.83688
2	3	71.84782
2	3	71.85904
2	3	71.8699
2	3	71.88126
2	3	71.89281
2	3	71.90424
2	3	71.91516
2	2	71.92621
2	2	71.93726
2	2	71.94859
2	2	71.95966
2	2	71.97089
2	2	71.98206
2	2	71.99313
2	2	72.00385
2	2	72.01558
2	2	72.02648
2	2	72.03761
3	2	72.04901
3	2	72.06128
3	2	72.07111
3	2	72.08226
3	2	72.09334
3	2	72.10501
3	2	72.11536
3	2	72.12676
3	2	72.13811
3	2	72.14928
3	2	72.16022
4	2	72.17179
4	2	72.18321
4	2	72.19444
4	2	72.20603
4	2	72.21839
4	2	72.22802
4	2	72.23971
4	2	72.2504
4	2	72.26167
4	2	72.27316
4	2	72.28425
5	2	72.29521
5	2	72.30657
5	2	72.32714
5	2	72.33574
5	2	72.34238
5	2	72.35152
5	2	72.36263
5	2	72.37738
5	2	72.38506
5	2	72.39556
5	2	72.40679
6	2	72.41772
6	2	72.42902
6	2	72.44044
6	2	72.45145
6	2	72.46214
6	2	72.47362
6	2	72.48502
6	2	72.49606
6	2	72.50718
6	2	72.51891
6	2	72.53008
7	2	72.54064
7	2	72.55223
7	2	72.56308
7	2	72.57418
7	2	72.5857
7	2	72.59644
7	2	72.6077
7	2	72.61861
7	2	72.63004
7	2	72.64092
7	2	72.65245
8	2	72.6634
8	2	72.675
8	2	72.68919
8	2	72.69755
8	2	72.70833
8	2	72.71967
8	2	72.73096
8	2	72.74252
8	2	72.75434
8	2	72.76535
8	2	72.77711
9	2	72.78867
9	2	72.7998
9	2	72.81126
9	2	72.82272
9	2	72.83443
9	2	72.84615
9	2	72.85687
9	2	72.8683
9	2	72.88007
9	2	72.89137
9	2	72.903
10	2	72.91416
10	2	72.92525
10	2	72.93646
10	2	72.94749
10	2	72.95869
10	2	72.97003
10	2	72.98102
10	2	72.99255
10	2	73.00475
10	2	73.01482
10	2	73.02592
11	2	73.03718
11	2	73.04847
11	2	73.05981
11	2	73.07104
11	2	73.08262
11	2	73.09369
11	2	73.10519
11	2	73.11635
11	2	73.1275
11	2	73.13895
12	2	73.15028
12	2	73.16196
12	2	73.17234
12	2	73.18334
12	2	73.1946
12	2	73.20573
12	2	73.2169
12	2	73.22807
12	2	73.2396
12	2	73.25095
12	2	73.26176
13	2	73.2728
13	2	73.28396
13	2	73.2948
13	2	73.30646
13	2	73.31886
13	2	73.32957
13	2	73.33968
13	2	73.3511
13	2	73.36254
13	2	73.37374
13	2	73.38457
13	3	73.39583
13	3	73.4071
13	3	73.41804
13	3	73.42908
13	3	73.44024
13	3	73.45144
13	3	73.46298
13	3	73.47763
13	3	73.48796
13	3	73.49503
13	3	73.50529
13	4	73.51645
13	4	73.52731
13	4	73.53866
13	4	73.55004
13	4	73.56121
13	4	73.57243
13	4	73.58372
13	4	73.59502
13	4	73.60618
13	4	73.61757
13	4	73.63235
13	5	73.64151
13	5	73.65079
13	5	73.66205
13	5	73.67287
13	5	73.6842
13	5	73.69538
13	5	73.70679
13	5	73.71763
13	5	73.72881
13	5	73.73982
13	5	73.75115
12	4	73.76206
12	4	73.77359
12	4	73.78895
12	4	73.79827
12	4	73.80627
12	4	73.8172
12	4	73.82833
12	4	73.83965
12	4	73.85182
12	4	73.8624
12	4	73.87331
11	4	73.88466
11	4	73.89577
11	4	73.90686
11	4	73.91805
11	4	73.92958
11	4	73.94552
11	4	73.95563
11	4	73.96268
11	4	73.97339
11	4	73.9846
11	4	73.99557
10	4	74.00677
10	4	74.01772
10	4	74.02918
10	4	74.04034
10	4	74.05147
10	4	74.06269
10	4	74.07388
10	4	74.08576
10	4	74.10031
10	4	74.10999
10	4	74.11868
10	5	74.12994
10	5	74.14082
10	5	74.15216
10	5	74.16345
10	5	74.17484
10	5	74.18588
10	5	74.19692
10	5	74.20785
10	5	74.21929
10	5	74.23009
10	5	74.24165
10	6	74.25716
10	6	74.26682
