x	y	time
15	11	0.1030459
15	11	0.1176118
15	11	0.1292412
15	11	0.140955
15	11	0.1614135
15	11	0.1750634
15	11	0.1863977
15	11	0.1973172
15	11	0.2092679
15	11	0.2203954
15	11	0.2319494
15	11	0.2436787
15	11	0.255086
15	11	0.2663438
15	11	0.2771382
15	11	0.2881694
15	11	0.300607
15	11	0.3195254
15	11	0.3310932
15	11	0.3429242
15	11	0.3541683
15	11	0.3655845
15	11	0.3782058
15	11	0.3909001
15	11	0.4018048
15	11	0.4136943
15	11	0.4256939
15	11	0.4383716
15	11	0.4507325
15	11	0.467963
15	11	0.4850046
15	11	0.496443
15	11	0.5169538
15	11	0.5406354
15	11	0.5630597
15	11	0.5843617
15	11	0.6072504
15	11	0.6354395
15	11	0.6516533
15	11	0.6744197
15	11	0.6968617
15	11	0.7178225
15	11	0.7412464
15	11	0.763381
15	11	0.7909921
15	11	0.8081384
15	11	0.8305539
15	11	0.8525987
15	11	0.8754899
15	11	0.8979807
15	11	0.919946
15	11	0.9523911
15	11	0.9657209
15	11	0.9874637
15	11	0.9992143
15	11	1.012679
15	11	1.025222
15	11	1.040587
15	11	1.055028
15	11	1.068408
15	11	1.083073
15	11	1.101255
15	11	1.114269
15	11	1.127782
15	11	1.141645
15	11	1.158901
15	11	1.173476
15	11	1.186691
15	11	1.198801
15	11	1.211744
15	11	1.224828
15	11	1.237108
15	11	1.25699
15	11	1.269528
15	11	1.28188
15	11	1.294323
15	11	1.307292
15	11	1.321016
15	11	1.33344
15	11	1.348358
15	11	1.367057
15	11	1.390263
15	11	1.419138
15	11	1.43358
15	11	1.456225
15	11	1.479843
15	11	1.501787
15	11	1.524561
15	11	1.545794
15	11	1.573912
15	11	1.590429
15	11	1.612497
15	11	1.634084
15	11	1.657395
15	11	1.679744
15	11	1.703138
15	11	1.729285
15	11	1.747566
15	11	1.769589
15	11	1.791279
15	11	1.814725
15	11	1.828151
15	11	1.841738
15	11	1.854616
15	11	1.87894
15	11	1.891747
15	11	1.904986
15	11	1.918732
15	11	1.93098
15	11	1.947622
15	11	1.962557
15	11	1.976709
15	11	1.990643
15	11	2.004591
15	11	2.023639
15	11	2.035607
15	11	2.04876
15	11	2.062077
15	11	2.075466
15	11	2.08842
15	11	2.100821
15	11	2.114117
15	11	2.126344
15	11	2.139841
15	11	2.151736
15	11	2.164692
15	11	2.187574
15	11	2.208647
15	11	2.228387
15	11	2.268524
15	11	2.282944
15	11	2.295671
15	11	2.316105
15	11	2.343812
15	11	2.361537
15	11	2.3834
15	11	2.405871
15	11	2.428163
15	11	2.450533
15	11	2.473502
15	11	2.500277
15	11	2.517169
15	11	2.540595
15	11	2.561388
15	11	2.583597
15	11	2.607367
15	11	2.630204
15	11	2.6591
15	11	2.674145
15	11	2.687157
15	11	2.70106
15	11	2.715822
15	11	2.729652
15	11	2.743157
15	11	2.757398
15	11	2.771954
15	11	2.784799
15	11	2.805313
15	11	2.820711
15	11	2.834347
15	11	2.849162
15	11	2.864724
15	11	2.878569
15	11	2.892616
15	11	2.906142
15	11	2.920444
15	11	2.932722
15	11	2.947562
15	11	2.967005
15	11	2.984563
15	11	2.997765
15	11	3.011038
15	11	3.022613
15	11	3.035424
15	11	3.053232
15	11	3.075371
15	11	3.098382
15	11	3.125193
15	11	3.143342
15	11	3.165478
15	11	3.187467
15	11	3.209688
15	11	3.231278
15	11	3.253862
15	11	3.281872
15	11	3.299397
15	11	3.321652
15	11	3.344264
15	11	3.366352
15	11	3.390192
15	11	3.412738
15	11	3.439879
15	11	3.457024
15	11	3.478379
15	11	3.492697
15	11	3.506656
15	11	3.519955
15	11	3.533092
15	11	3.546859
15	11	3.559603
15	11	3.573928
16	11	3.593723
16	11	3.60798
16	11	3.623421
16	11	3.639207
16	11	3.652558
16	11	3.665089
16	11	3.678646
16	11	3.691348
17	11	3.705185
17	11	3.717315
17	11	3.730833
17	11	3.754491
17	11	3.769361
17	11	3.781959
17	11	3.79798
17	11	3.812824
18	11	3.827368
18	11	3.841206
18	11	3.858192
18	11	3.883003
18	11	3.910587
18	11	3.927805
19	11	3.947253
19	11	3.969431
19	11	3.992195
19	11	4.015894
19	11	4.039376
20	11	4.067414
20	11	4.084146
20	11	4.103125
20	11	4.12895
20	11	4.150538
20	11	4.170374
21	11	4.193677
21	11	4.223997
21	11	4.241193
21	11	4.262156
21	11	4.282146
21	11	4.304143
22	11	4.326172
22	11	4.349519
22	11	4.372426
22	11	4.389192
22	11	4.401863
22	11	4.414316
22	11	4.427528
23	11	4.440032
23	11	4.453845
23	11	4.469522
23	11	4.48646
23	11	4.509531
23	11	4.53262
23	11	4.548387
24	11	4.561714
24	11	4.574388
24	11	4.587612
24	11	4.603138
24	11	4.618982
24	11	4.631465
24	11	4.644568
24	11	4.657557
24	11	4.671052
25	11	4.693443
25	11	4.711027
25	11	4.726007
25	11	4.738455
25	11	4.751244
25	11	4.773636
25	11	4.795619
26	11	4.818745
26	11	4.841145
26	11	4.870862
26	11	4.888576
26	11	4.907641
27	11	4.929856
27	11	4.952054
27	11	4.974471
27	11	5.003609
27	11	5.030609
27	11	5.049694
27	11	5.064097
27	11	5.085904
27	11	5.109139
27	11	5.13116
27	11	5.153812
27	11	5.182957
27	11	5.199234
27	11	5.221714
27	11	5.234767
27	11	5.247945
27	11	5.260232
27	11	5.272502
27	11	5.284642
27	11	5.29653
27	11	5.30966
27	11	5.328331
27	11	5.340519
27	11	5.352604
27	11	5.364756
27	11	5.377866
27	11	5.390353
27	11	5.402297
27	11	5.414697
27	11	5.426856
27	11	5.439166
27	11	5.451647
27	11	5.464075
27	11	5.48289
27	11	5.494908
27	11	5.506887
27	11	5.518612
27	11	5.530551
27	11	5.543324
27	11	5.554945
27	11	5.566501
27	11	5.578974
27	11	5.600149
27	11	5.622099
27	10	5.652638
27	10	5.670023
27	10	5.692312
27	10	5.714171
27	10	5.739289
27	9	5.75628
27	9	5.778983
27	9	5.810504
27	9	5.828805
27	9	5.845817
27	9	5.868525
27	8	5.89012
27	8	5.913253
27	8	5.937475
27	8	5.966049
27	8	5.983232
27	8	6.001653
27	8	6.02408
27	8	6.046635
27	8	6.069452
27	8	6.082355
27	8	6.098155
26	8	6.121198
26	8	6.136558
26	8	6.154032
26	8	6.170053
26	8	6.184157
26	8	6.19762
26	8	6.211371
25	8	6.223478
25	8	6.235604
25	8	6.249296
25	8	6.270922
25	8	6.28614
25	8	6.297655
25	8	6.311208
25	8	6.323824
25	8	6.336428
25	8	6.34953
25	8	6.36162
25	8	6.374268
25	8	6.386872
25	8	6.398761
25	7	6.41137
25	7	6.429964
25	7	6.445218
25	7	6.460029
25	7	6.472061
25	7	6.493597
25	7	6.51522
25	6	6.538323
25	6	6.563147
25	6	6.59308
25	6	6.609249
25	6	6.627808
25	5	6.649592
25	5	6.67206
25	5	6.695666
25	5	6.719862
25	5	6.748101
25	5	6.766212
25	5	6.785589
26	5	6.80719
26	5	6.829191
26	5	6.851366
26	5	6.875541
26	5	6.904461
26	5	6.921851
27	5	6.9353
27	5	6.949978
27	5	6.968989
27	5	6.988771
27	5	7.002215
27	5	7.01876
27	5	7.035885
27	5	7.064563
27	5	7.080595
27	5	7.092607
27	5	7.104424
27	5	7.116515
27	5	7.129792
27	5	7.142777
27	4	7.15519
27	4	7.168325
27	4	7.182138
27	4	7.197775
27	4	7.221598
27	4	7.240185
27	4	7.253405
27	4	7.265381
27	3	7.277737
27	3	7.289262
27	3	7.309146
27	3	7.33256
27	3	7.355894
27	3	7.384175
27	2	7.400398
27	2	7.420065
27	2	7.446383
27	2	7.467067
27	2	7.4872
27	2	7.510591
27	2	7.540452
27	2	7.557995
27	2	7.577704
26	2	7.59953
26	2	7.62242
26	2	7.646087
26	2	7.668624
26	2	7.697881
25	2	7.71436
25	2	7.733892
25	2	7.75866
25	2	7.780804
25	2	7.793484
25	2	7.806426
25	2	7.82124
24	2	7.842546
24	2	7.858627
24	2	7.874817
24	2	7.889889
24	2	7.903759
24	2	7.917786
24	2	7.93042
24	2	7.943624
23	2	7.956019
23	2	7.968963
23	2	7.987976
23	2	8.011192
23	2	8.026681
23	2	8.039179
23	2	8.051503
23	2	8.063784
22	2	8.076339
22	2	8.088727
22	2	8.101394
22	2	8.117395
22	2	8.131823
22	2	8.143703
22	2	8.166534
22	2	8.183967
22	3	8.202598
22	3	8.225274
22	3	8.249573
22	3	8.272559
22	3	8.291615
22	4	8.319884
22	4	8.345421
22	4	8.362325
22	4	8.383704
22	4	8.403289
22	4	8.426767
22	5	8.4488
22	5	8.471193
22	5	8.501533
22	5	8.519053
22	5	8.538164
23	5	8.560884
23	5	8.583664
23	5	8.607585
23	5	8.631093
23	5	8.653762
23	5	8.669442
24	5	8.682542
24	5	8.695088
24	5	8.709783
24	5	8.725036
24	5	8.740766
24	5	8.75398
24	5	8.766594
24	5	8.780156
24	5	8.792392
25	5	8.815255
25	5	8.831127
25	5	8.843472
25	5	8.855328
25	5	8.867093
25	5	8.880063
25	5	8.892463
25	5	8.904706
25	5	8.91732
24	5	8.930468
24	5	8.943565
24	5	8.962506
24	5	8.975611
24	5	8.987736
24	5	9.000784
24	5	9.014017
24	5	9.028249
23	5	9.053567
23	5	9.073135
23	5	9.096175
23	5	9.123998
23	5	9.141467
23	5	9.16307
22	5	9.184816
22	5	9.208038
22	5	9.229755
22	5	9.252808
22	5	9.280272
22	4	9.29705
22	4	9.318841
22	4	9.341768
22	4	9.363915
22	4	9.386343
22	4	9.409122
22	3	9.436936
22	3	9.454001
22	3	9.467358
22	3	9.480953
22	3	9.493313
22	3	9.506018
22	3	9.518715
22	3	9.532146
22	4	9.54791
22	4	9.563928
22	4	9.586057
22	4	9.599806
22	4	9.616663
22	4	9.629317
22	4	9.641736
22	4	9.653521
22	5	9.665582
22	5	9.677759
22	5	9.690431
22	5	9.703471
22	5	9.716032
22	5	9.733914
22	5	9.747681
22	5	9.759185
22	5	9.773048
22	6	9.785354
22	6	9.797625
22	6	9.810433
22	6	9.825902
22	6	9.847509
22	6	9.867149
22	6	9.897333
22	6	9.914168
22	6	9.934046
22	6	9.957649
22	6	9.979836
22	6	10.00069
22	7	10.02281
22	7	10.05327
22	7	10.07222
22	7	10.09266
22	7	10.11298
22	7	10.13534
22	8	10.15727
22	8	10.18172
22	8	10.21384
22	8	10.23253
22	8	10.2474
22	9	10.26856
22	9	10.29059
22	9	10.30328
22	9	10.31844
22	9	10.33396
22	9	10.35511
22	9	10.36959
22	9	10.38261
22	10	10.39549
22	10	10.40662
22	10	10.41942
22	10	10.43199
22	10	10.44379
22	10	10.45564
22	10	10.46837
22	10	10.4807
22	10	10.49373
22	11	10.51254
22	11	10.5249
22	11	10.53762
22	11	10.55377
22	11	10.56853
22	11	10.58219
22	11	10.59469
22	11	10.60697
22	11	10.61887
22	11	10.63057
22	12	10.64926
22	12	10.68075
22	12	10.70089
22	12	10.71789
22	12	10.73849
22	13	10.76051
22	13	10.78237
22	13	10.80558
22	13	10.83528
22	13	10.85483
22	13	10.87268
22	14	10.8939
22	14	10.91683
22	14	10.94173
22	14	10.96358
22	14	10.9923
22	15	11.01022
22	15	11.02897
22	15	11.05108
22	15	11.07779
22	15	11.09768
22	15	11.11851
22	16	11.1398
22	16	11.15702
22	16	11.17219
22	16	11.18381
22	16	11.19637
22	16	11.20865
22	16	11.22098
22	16	11.2334
23	16	11.24609
23	16	11.25963
23	16	11.27688
23	16	11.30226
23	16	11.31861
23	16	11.3311
23	16	11.34332
23	16	11.35618
24	16	11.36843
24	16	11.38067
24	16	11.39357
24	16	11.40752
24	16	11.42289
24	16	11.43712
24	16	11.46173
24	16	11.47702
25	16	11.49245
25	16	11.5072
25	16	11.52136
25	16	11.5442
25	16	11.56656
25	16	11.58587
25	16	11.609
26	16	11.63937
26	16	11.65796
26	16	11.67798
26	16	11.69831
26	16	11.71992
27	16	11.74291
27	16	11.76552
27	16	11.7964
27	16	11.81382
27	16	11.8329
27	15	11.85616
27	15	11.88021
27	15	11.90127
27	15	11.92644
27	15	11.95252
27	15	11.96903
27	14	11.98924
27	14	12.00246
27	14	12.01746
27	14	12.03279
27	14	12.04529
27	14	12.05827
27	14	12.07252
27	14	12.08545
27	13	12.1072
27	13	12.12299
27	13	12.13653
27	13	12.15599
27	13	12.17348
27	13	12.1855
27	13	12.19754
27	13	12.21037
27	13	12.22299
27	13	12.23651
27	13	12.25899
27	13	12.27378
26	13	12.28567
26	13	12.29787
26	13	12.3114
26	13	12.32677
26	13	12.34071
26	13	12.35269
26	13	12.36816
26	13	12.39124
25	13	12.42251
25	13	12.44302
25	13	12.46199
25	13	12.48243
25	13	12.50254
25	13	12.52435
25	13	12.54803
25	12	12.57873
25	12	12.5954
25	12	12.61684
25	12	12.63715
25	12	12.65928
25	12	12.6823
25	11	12.70562
25	11	12.73567
25	11	12.75213
25	11	12.77118
25	11	12.79257
25	10	12.81681
25	10	12.83827
25	10	12.8602
25	10	12.88322
25	10	12.89863
25	10	12.91162
25	10	12.92532
25	10	12.93748
25	10	12.94947
25	10	12.96164
25	10	12.97679
25	11	12.99153
25	11	13.00543
25	11	13.0191
25	11	13.03757
25	11	13.05088
25	11	13.06238
25	11	13.07631
25	11	13.08928
25	11	13.10664
25	12	13.11878
25	12	13.13122
25	12	13.14446
25	12	13.15659
25	12	13.16933
25	12	13.1869
25	12	13.19874
25	12	13.21055
25	12	13.22184
25	12	13.23331
25	13	13.25108
25	13	13.2737
25	13	13.29481
25	13	13.31874
25	13	13.34019
26	13	13.36849
26	13	13.39
26	13	13.40771
26	13	13.42951
26	13	13.45221
26	13	13.47389
27	13	13.49714
27	13	13.52424
27	13	13.54235
27	13	13.56316
27	13	13.58546
27	13	13.6093
27	14	13.63119
27	14	13.65427
27	14	13.68229
27	14	13.69958
27	14	13.71315
27	14	13.72805
27	14	13.74136
27	15	13.75378
27	15	13.76753
27	15	13.78038
27	15	13.79251
27	15	13.80613
27	15	13.82613
27	15	13.83783
27	15	13.85088
27	15	13.86276
27	16	13.87523
27	16	13.88695
27	16	13.8991
27	16	13.91174
27	16	13.92454
27	16	13.93749
27	16	13.94922
27	16	13.96193
27	16	13.98081
27	17	13.99388
27	17	14.0053
27	17	14.0188
27	17	14.03265
27	17	14.04926
27	17	14.06652
27	17	14.08803
27	17	14.11048
27	18	14.13292
27	18	14.16359
27	18	14.18059
27	18	14.19995
27	18	14.22361
27	19	14.24622
27	19	14.26813
27	19	14.29181
27	19	14.32062
27	19	14.33778
26	19	14.35692
26	19	14.379
26	19	14.40211
26	19	14.42654
26	19	14.44897
26	19	14.47713
25	19	14.49417
25	19	14.51789
25	19	14.53289
25	19	14.54745
25	19	14.55993
25	19	14.57341
25	19	14.58543
25	19	14.59768
25	19	14.61076
25	20	14.6333
25	20	14.64965
25	20	14.66545
25	20	14.68115
25	20	14.70263
25	20	14.71588
25	20	14.72794
25	20	14.74093
25	21	14.75318
25	21	14.76733
25	21	14.78989
25	21	14.80503
25	21	14.81805
25	21	14.83084
25	21	14.84521
25	21	14.85881
25	22	14.87122
25	22	14.88335
25	22	14.90438
25	22	14.92956
25	22	14.95743
25	22	14.97501
24	22	14.99392
24	22	15.0157
24	22	15.03877
24	22	15.06361
24	22	15.0856
25	22	15.11337
25	22	15.13412
25	22	15.15026
25	22	15.17191
25	22	15.19509
25	22	15.21749
26	22	15.23987
26	22	15.2664
26	22	15.28634
26	22	15.30989
26	22	15.33117
26	22	15.35156
27	22	15.37337
27	22	15.39709
27	22	15.42097
27	22	15.43703
27	22	15.45058
27	22	15.46383
27	22	15.47763
27	23	15.49124
27	23	15.50483
27	23	15.5199
27	23	15.5341
27	23	15.54802
27	23	15.56736
27	23	15.58368
27	23	15.59469
27	24	15.6071
27	24	15.61912
27	24	15.63151
27	24	15.64645
27	24	15.66108
27	24	15.67344
27	24	15.68522
27	24	15.69842
27	24	15.71925
27	25	15.7338
27	25	15.74683
27	25	15.76213
27	25	15.77868
27	25	15.79803
27	25	15.82115
27	25	15.84313
27	26	15.86528
27	26	15.89572
27	26	15.91336
27	26	15.93186
27	26	15.95444
27	27	15.97614
27	27	15.99832
27	27	16.0219
27	27	16.05182
27	27	16.06979
27	27	16.0881
27	28	16.11023
27	28	16.13315
27	28	16.15772
27	28	16.18027
27	28	16.20818
27	29	16.22513
27	29	16.2455
27	29	16.26059
27	29	16.27933
27	29	16.29253
27	29	16.30538
27	29	16.31802
27	29	16.32983
27	29	16.34221
26	29	16.36325
26	29	16.38256
26	29	16.39985
26	29	16.41464
26	29	16.42903
26	29	16.44283
26	29	16.45471
25	29	16.46668
25	29	16.47958
25	29	16.49328
25	29	16.51518
25	29	16.5297
25	29	16.54167
25	29	16.554
25	29	16.56583
25	29	16.57796
24	29	16.58965
24	29	16.60208
24	29	16.62416
24	29	16.65026
24	29	16.67785
24	29	16.69475
23	29	16.71366
23	29	16.73606
23	29	16.75938
23	29	16.78243
23	29	16.8061
22	29	16.83358
22	29	16.85124
22	29	16.87105
22	29	16.89498
22	29	16.91757
22	29	16.9381
21	29	16.96036
21	29	16.9903
21	29	17.00962
21	29	17.0305
21	29	17.05005
21	29	17.0712
20	29	17.09325
20	29	17.11642
20	29	17.13886
20	29	17.15954
20	29	17.17292
20	29	17.18487
20	29	17.19651
19	29	17.20967
19	29	17.22248
19	29	17.23602
19	29	17.25176
19	29	17.2682
19	29	17.2951
19	29	17.31074
18	29	17.32245
18	29	17.33541
18	29	17.34863
18	29	17.36369
18	29	17.38106
18	29	17.3941
18	29	17.40625
18	29	17.419
18	29	17.44086
17	29	17.45584
17	29	17.47037
17	29	17.48512
17	29	17.49961
17	29	17.51167
17	29	17.52858
17	29	17.55262
16	29	17.5747
16	29	17.60548
16	29	17.62348
16	29	17.64395
16	29	17.66366
16	29	17.68631
16	29	17.70961
16	28	17.73171
16	28	17.76201
16	28	17.78093
16	28	17.79986
16	28	17.82052
16	28	17.84129
16	27	17.86384
16	27	17.88795
16	27	17.91685
16	27	17.93358
16	27	17.9549
16	26	17.97557
16	26	17.98778
16	26	17.99996
16	26	18.01517
16	26	18.03019
16	26	18.04322
16	26	18.06446
16	26	18.08099
16	25	18.09471
16	25	18.10846
16	25	18.1245
16	25	18.14129
16	25	18.15668
16	25	18.16986
16	25	18.18303
16	25	18.19557
17	25	18.21766
17	25	18.23215
17	25	18.24607
17	25	18.26113
17	25	18.27565
17	25	18.28792
17	25	18.29987
17	25	18.31249
17	25	18.32469
18	25	18.33639
18	25	18.34886
18	25	18.37545
18	25	18.39308
18	25	18.41218
18	25	18.43381
19	25	18.45575
19	25	18.47839
19	25	18.50176
19	25	18.53122
19	25	18.5492
19	25	18.56826
20	25	18.59016
20	25	18.61292
20	25	18.6371
20	25	18.66005
20	25	18.6881
21	25	18.70527
21	25	18.72544
21	25	18.7482
21	25	18.7725
21	25	18.79439
21	25	18.81525
22	25	18.84616
22	25	18.86442
22	25	18.88087
22	25	18.89387
22	25	18.90828
22	25	18.92299
22	25	18.93695
22	26	18.94937
22	26	18.96244
22	26	18.97623
22	26	18.99771
22	26	19.01291
22	26	19.02535
22	26	19.03816
22	26	19.05036
22	26	19.06264
22	27	19.07481
22	27	19.08684
22	27	19.10058
22	27	19.11638
22	27	19.13086
22	27	19.15357
22	27	19.17073
22	27	19.1866
22	28	19.19717
22	28	19.20925
22	28	19.22729
22	28	19.25106
22	28	19.27496
22	28	19.29404
22	27	19.32467
22	27	19.34254
22	27	19.36049
22	27	19.38239
22	27	19.40603
22	27	19.42743
22	26	19.45037
22	26	19.47794
22	26	19.49502
22	26	19.51719
22	26	19.53999
22	25	19.56221
22	25	19.58414
22	25	19.6068
22	25	19.63473
22	25	19.65144
22	25	19.67465
23	25	19.69726
23	25	19.71246
23	25	19.72806
23	25	19.74329
23	25	19.7574
23	25	19.77908
23	25	19.79525
24	25	19.80734
24	25	19.82182
24	25	19.84442
24	25	19.86138
24	25	19.879
24	25	19.89303
24	25	19.90632
24	25	19.91862
25	25	19.94075
25	25	19.95619
25	25	19.9719
25	25	19.9843
25	25	19.99613
25	25	20.00783
25	25	20.01962
25	25	20.03151
25	25	20.04396
26	25	20.05561
26	25	20.069
26	25	20.08901
26	25	20.10505
26	25	20.12121
26	25	20.14235
26	25	20.16434
27	25	20.18716
27	25	20.20953
27	25	20.23209
27	25	20.26013
27	25	20.27725
26	25	20.2988
26	25	20.32126
26	25	20.34353
26	25	20.36559
26	25	20.38904
25	25	20.41679
25	25	20.43359
25	25	20.45563
25	25	20.47869
25	25	20.50044
25	25	20.52347
24	25	20.54577
24	25	20.57393
24	25	20.58657
24	25	20.60016
24	25	20.61384
24	25	20.62728
24	25	20.64058
24	25	20.65388
23	25	20.66574
23	25	20.6783
23	25	20.69108
23	25	20.70452
23	25	20.72224
23	25	20.73374
23	25	20.74612
23	25	20.75814
23	25	20.77102
22	25	20.78255
22	25	20.79511
22	25	20.80736
22	25	20.82067
22	25	20.83337
22	25	20.8455
22	25	20.85849
22	25	20.87699
22	25	20.88919
22	24	20.90079
22	24	20.91266
22	24	20.92515
22	24	20.94064
22	24	20.96093
22	24	20.98133
22	24	21.0045
22	23	21.02701
22	23	21.06071
22	23	21.07677
22	23	21.09463
22	23	21.11476
22	23	21.13773
22	22	21.15905
22	22	21.18246
22	22	21.21613
22	22	21.23276
22	22	21.24932
23	22	21.27135
23	22	21.29334
23	22	21.31618
23	22	21.34091
23	22	21.36832
23	22	21.38659
24	22	21.39983
24	22	21.41154
24	22	21.42373
24	22	21.43458
24	22	21.44653
24	22	21.45956
24	22	21.47205
24	22	21.48316
24	22	21.49657
25	22	21.51647
25	22	21.52951
25	22	21.54354
25	22	21.55807
25	22	21.57372
25	22	21.59081
25	22	21.60525
25	22	21.6186
25	22	21.63192
26	22	21.64468
26	22	21.65874
26	22	21.67622
26	22	21.68861
26	22	21.70068
26	22	21.7134
26	22	21.72467
26	22	21.73714
26	22	21.74907
27	22	21.7627
27	22	21.78465
27	22	21.80731
27	22	21.82957
27	22	21.85646
27	22	21.8747
26	22	21.89624
26	22	21.91819
26	22	21.94097
26	22	21.96395
26	22	21.98652
25	22	22.01413
25	22	22.03115
25	22	22.05303
25	22	22.07528
25	22	22.09821
25	22	22.11956
24	22	22.14485
24	22	22.17238
24	22	22.18701
24	22	22.20941
24	22	22.2311
24	22	22.24308
23	22	22.25487
23	22	22.26692
23	22	22.27883
23	22	22.29104
23	22	22.30288
23	22	22.32239
23	22	22.33533
23	22	22.34739
23	22	22.36386
22	22	22.37586
22	22	22.38838
22	22	22.39995
22	22	22.41372
22	22	22.42596
22	22	22.43815
22	22	22.4495
22	22	22.46233
22	22	22.48041
22	21	22.49329
22	21	22.50528
22	21	22.5181
22	21	22.53185
22	21	22.54779
22	21	22.56001
22	21	22.57269
22	21	22.58364
22	21	22.59477
22	20	22.61141
22	20	22.63409
22	20	22.66618
22	20	22.68261
22	20	22.70274
22	20	22.72427
22	19	22.74607
22	19	22.76788
22	19	22.79307
22	19	22.82283
22	19	22.84075
22	18	22.85849
22	18	22.88082
22	18	22.90364
22	18	22.92838
22	18	22.94941
22	18	22.97726
22	17	22.99423
22	17	23.01427
22	17	23.03801
22	17	23.06112
22	17	23.08101
22	17	23.09339
22	16	23.10547
22	16	23.12657
22	16	23.14438
22	16	23.15784
22	16	23.16985
22	16	23.18289
22	16	23.19509
22	16	23.20852
22	16	23.22156
22	17	23.23821
22	17	23.25053
22	17	23.2633
22	17	23.28269
22	17	23.29523
22	17	23.3069
22	17	23.32013
22	17	23.33306
22	18	23.3453
22	18	23.35818
22	18	23.36957
22	18	23.38207
22	18	23.39433
22	18	23.40553
22	18	23.41716
22	18	23.44238
22	18	23.46047
22	19	23.48271
22	19	23.50499
22	19	23.52732
22	19	23.54933
22	19	23.57248
22	18	23.60085
22	18	23.61783
22	18	23.64047
22	18	23.66149
22	18	23.68377
22	18	23.70693
22	17	23.72864
22	17	23.75607
22	17	23.77404
22	17	23.79534
22	17	23.8181
22	16	23.84003
22	16	23.86475
22	16	23.88542
22	16	23.91514
22	16	23.92946
22	16	23.94241
22	15	23.95741
22	15	23.97022
22	15	23.98243
22	15	23.99557
22	15	24.00762
22	15	24.02017
22	15	24.03202
22	15	24.04565
22	15	24.06504
22	14	24.07834
22	14	24.09087
22	14	24.10385
22	14	24.11668
22	14	24.1286
22	14	24.14061
22	14	24.15333
22	14	24.16651
22	14	24.18029
22	14	24.19167
22	15	24.20369
22	15	24.22257
22	15	24.23492
22	15	24.24697
22	15	24.25992
22	15	24.27184
22	15	24.28653
22	15	24.30916
22	16	24.33162
22	16	24.35403
22	16	24.38422
22	16	24.40036
22	16	24.42131
22	16	24.44308
22	17	24.46559
22	17	24.48732
22	17	24.51
22	17	24.5369
22	17	24.55416
22	18	24.57699
22	18	24.599
22	18	24.62156
22	18	24.64389
22	18	24.66642
22	19	24.69473
22	19	24.71165
22	19	24.73328
22	19	24.74548
22	19	24.75839
22	19	24.77093
22	19	24.78381
22	19	24.79508
22	19	24.80778
22	20	24.8209
22	20	24.84015
22	20	24.85258
22	20	24.8637
22	20	24.88104
22	20	24.89354
22	20	24.90594
22	20	24.91783
22	20	24.93176
22	21	24.94554
22	21	24.95827
22	21	24.9713
22	21	24.9908
22	21	25.00357
22	21	25.01564
22	21	25.02857
22	21	25.03976
22	21	25.05233
22	22	25.06432
22	22	25.07572
22	22	25.08743
22	22	25.09875
22	22	25.11414
22	22	25.13615
22	22	25.16425
22	21	25.18151
22	21	25.20319
22	21	25.22531
22	21	25.24986
22	21	25.26962
22	21	25.29282
22	20	25.31962
22	20	25.33709
22	20	25.35894
22	20	25.38102
22	20	25.40302
22	19	25.4257
22	19	25.44802
22	19	25.47607
22	19	25.49303
22	19	25.51501
22	19	25.53853
22	18	25.56067
22	18	25.58299
22	18	25.59592
22	18	25.60884
22	18	25.62893
22	18	25.64267
22	18	25.65565
22	17	25.66854
22	17	25.68168
22	17	25.69412
22	17	25.70737
22	17	25.72259
22	17	25.73729
22	17	25.75119
22	17	25.76494
22	17	25.78415
22	16	25.79691
22	16	25.80855
22	16	25.82424
22	16	25.83722
22	16	25.84892
22	16	25.86126
22	16	25.87418
22	16	25.88621
22	16	25.8982
22	17	25.91273
22	17	25.92612
22	17	25.94468
22	17	25.95802
22	17	25.97259
22	17	25.99586
22	17	26.01773
22	18	26.04053
22	18	26.06256
22	18	26.08428
22	18	26.11325
22	18	26.12997
22	18	26.15093
22	19	26.17425
22	19	26.19625
22	19	26.21906
22	19	26.24156
22	19	26.26904
22	20	26.28591
22	20	26.30889
22	20	26.33072
22	20	26.3527
22	20	26.37495
22	20	26.3981
22	19	26.42665
22	19	26.43981
22	19	26.45138
22	19	26.46394
22	19	26.47688
22	19	26.48997
22	19	26.50292
22	19	26.51529
22	18	26.52679
22	18	26.53827
22	18	26.55111
22	18	26.57061
22	18	26.58327
22	18	26.59535
22	18	26.60734
22	18	26.61982
22	18	26.63181
22	17	26.64686
22	17	26.66011
22	17	26.67367
22	17	26.68827
22	17	26.70233
22	17	26.72351
22	17	26.73617
22	17	26.74799
22	17	26.76011
22	16	26.77139
22	16	26.81166
22	16	26.8256
22	16	26.83676
22	16	26.85525
22	16	26.88307
22	15	26.90084
22	15	26.92259
22	15	26.94518
22	15	26.96722
22	15	26.98909
22	14	27.01343
22	14	27.03963
22	14	27.05766
22	14	27.07911
22	14	27.10185
22	14	27.1239
22	13	27.14662
22	13	27.16897
22	13	27.19854
22	13	27.21485
22	13	27.2292
22	13	27.24222
22	13	27.25364
22	12	27.26592
22	12	27.28031
22	12	27.29558
22	12	27.30899
22	12	27.32134
22	12	27.3408
22	12	27.35289
22	12	27.36604
22	11	27.3791
22	11	27.39094
22	11	27.40923
22	11	27.42147
22	11	27.43332
22	11	27.44626
22	11	27.459
22	11	27.47072
22	11	27.48317
22	10	27.50112
22	10	27.51389
22	10	27.52498
22	10	27.53703
22	10	27.54871
22	10	27.56968
22	10	27.59239
22	10	27.61489
22	11	27.63707
22	11	27.66476
22	11	27.68346
22	11	27.70415
22	11	27.7269
22	12	27.74895
22	12	27.77157
22	12	27.79437
22	12	27.82581
22	12	27.83969
22	12	27.86154
22	13	27.88324
22	13	27.90588
22	13	27.9291
22	13	27.95145
22	13	27.98174
22	14	27.99739
22	14	28.01867
22	14	28.04056
22	14	28.05352
22	14	28.06549
22	14	28.07765
22	14	28.09111
22	14	28.10394
22	15	28.12173
22	15	28.13517
22	15	28.14722
22	15	28.15841
22	15	28.17108
22	15	28.18307
22	15	28.19495
22	15	28.20941
22	15	28.2218
22	15	28.23326
22	16	28.24573
22	16	28.25771
22	16	28.2749
22	16	28.28676
22	16	28.30095
22	16	28.31661
22	16	28.33053
22	16	28.34529
22	17	28.35887
22	17	28.37104
22	17	28.38215
22	17	28.39775
22	17	28.41998
22	17	28.44808
22	17	28.46452
22	18	28.48617
22	18	28.50929
22	18	28.53166
22	18	28.5537
22	18	28.57641
22	17	28.60404
22	17	28.62081
22	17	28.6428
22	17	28.66465
22	17	28.68683
22	17	28.71456
22	16	28.73386
22	16	28.76095
22	16	28.77761
22	16	28.79859
22	16	28.82174
22	16	28.8439
22	15	28.86585
22	15	28.87814
22	15	28.89023
22	15	28.91127
22	15	28.92605
22	15	28.94211
22	15	28.95458
22	15	28.96634
22	14	28.97822
22	14	28.99021
22	14	29.00187
22	14	29.01409
22	14	29.02552
22	14	29.03776
22	14	29.05059
22	14	29.06847
22	14	29.08065
22	13	29.09193
22	13	29.1042
22	13	29.1165
22	13	29.12785
22	13	29.13993
22	13	29.15145
22	13	29.16348
22	13	29.17517
22	13	29.18724
22	13	29.19885
22	12	29.21158
22	12	29.22936
22	12	29.24668
22	12	29.26774
22	12	29.29084
22	12	29.31587
22	11	29.33479
22	11	29.35734
22	11	29.38046
22	11	29.40766
22	11	29.424
22	11	29.44675
22	10	29.46948
22	10	29.4929
22	10	29.51508
22	10	29.53839
22	10	29.56442
22	11	29.58227
22	11	29.60327
22	11	29.62571
22	11	29.64785
22	11	29.67013
22	11	29.69245
22	12	29.70993
22	12	29.72317
22	12	29.73625
22	12	29.74784
22	12	29.7599
22	12	29.77188
22	12	29.78428
22	12	29.79611
22	12	29.80802
22	12	29.82137
22	13	29.83319
22	13	29.84585
22	13	29.86428
22	13	29.87638
22	13	29.88848
22	13	29.90156
22	13	29.91348
22	13	29.93155
22	13	29.94384
22	14	29.95628
22	14	29.96847
22	14	29.98138
22	14	29.99654
22	14	30.01641
22	14	30.03022
22	14	30.04348
22	14	30.06182
22	15	30.08312
22	15	30.10523
22	15	30.1278
22	15	30.15068
22	15	30.17887
22	16	30.19593
22	16	30.21769
22	16	30.23989
22	16	30.2626
22	16	30.28448
22	16	30.30725
22	17	30.33413
22	17	30.35243
22	17	30.37432
22	17	30.39688
22	17	30.41981
22	18	30.44175
22	18	30.46453
22	18	30.49365
22	18	30.50816
22	18	30.53044
22	18	30.54199
22	18	30.55457
22	19	30.56955
22	19	30.58434
22	19	30.59798
22	19	30.61082
22	19	30.62331
22	19	30.64343
22	19	30.65599
22	19	30.66859
21	19	30.68158
21	19	30.69433
21	19	30.70775
21	19	30.72395
21	19	30.74142
21	19	30.75487
21	19	30.76826
21	19	30.78294
20	19	30.80485
20	19	30.82327
20	19	30.83733
20	19	30.85358
20	19	30.86952
20	19	30.88249
20	19	30.89549
20	19	30.91054
19	19	30.93328
19	19	30.96265
19	19	30.98377
19	19	31.0033
19	19	31.02226
18	19	31.04499
18	19	31.06742
18	19	31.09076
18	19	31.12183
18	19	31.13847
18	19	31.15575
17	19	31.18082
17	19	31.20273
17	19	31.22708
17	19	31.2485
17	19	31.28266
16	19	31.29983
16	19	31.31268
16	19	31.33852
16	19	31.3604
16	19	31.38285
16	19	31.40357
15	19	31.42864
15	19	31.44634
15	19	31.46376
15	19	31.47717
15	19	31.48958
15	19	31.50258
15	19	31.51739
15	19	31.53117
14	19	31.54426
14	19	31.55819
14	19	31.58321
14	19	31.59891
14	19	31.61139
14	19	31.62349
14	19	31.63593
14	19	31.64912
13	19	31.66167
13	19	31.67478
13	19	31.69058
13	19	31.71145
13	19	31.74048
13	19	31.76221
13	20	31.77777
13	20	31.79326
13	20	31.80733
13	20	31.82846
13	20	31.85131
13	20	31.87095
13	21	31.90059
13	21	31.91916
13	21	31.93891
13	21	31.96394
13	21	31.98569
13	21	32.00523
13	22	32.02721
13	22	32.05846
13	22	32.07759
13	22	32.09678
13	22	32.11687
13	22	32.13842
13	22	32.16059
13	22	32.18391
13	22	32.21538
13	22	32.23243
13	22	32.25192
13	22	32.27363
13	22	32.28629
13	22	32.29885
13	22	32.312
13	22	32.32597
13	22	32.3381
13	22	32.35748
13	22	32.37038
13	22	32.38293
13	22	32.39517
13	22	32.40667
13	22	32.41924
13	22	32.4319
13	22	32.44502
13	22	32.45662
13	22	32.46856
13	22	32.48185
13	22	32.49454
13	22	32.51199
13	22	32.52969
13	22	32.54225
13	22	32.55349
13	22	32.56544
13	22	32.5779
13	22	32.59098
13	21	32.60395
13	21	32.61632
13	21	32.6269
13	21	32.64194
13	21	32.66442
13	21	32.69102
13	21	32.71039
13	20	32.73304
13	20	32.75351
13	20	32.77579
13	20	32.7982
13	20	32.82093
13	19	32.84801
13	19	32.86669
13	19	32.88738
13	19	32.90968
13	19	32.9338
13	19	32.95567
13	19	32.97843
13	19	33.00634
13	20	33.02282
13	20	33.04439
13	20	33.06663
13	20	33.08955
13	20	33.1116
13	20	33.12525
13	20	33.13921
13	21	33.15784
13	21	33.17099
13	21	33.18377
13	21	33.19722
13	21	33.20984
13	21	33.22107
13	21	33.23352
13	21	33.24592
13	21	33.25966
13	22	33.27259
13	22	33.28471
13	22	33.29669
13	22	33.31539
13	22	33.32898
13	22	33.34071
13	22	33.35592
13	22	33.37152
13	22	33.38373
13	22	33.39591
13	22	33.41105
13	22	33.42299
13	22	33.43533
13	22	33.4474
13	22	33.47406
13	22	33.49135
13	22	33.51266
13	22	33.53595
13	21	33.55731
13	21	33.58018
13	21	33.6031
13	21	33.63102
13	21	33.64893
13	21	33.6702
13	20	33.69168
13	20	33.714
13	20	33.73695
13	20	33.75994
13	20	33.78656
13	19	33.80399
13	19	33.82602
13	19	33.84784
13	19	33.87114
13	19	33.89297
13	19	33.91568
13	19	33.94426
13	19	33.95687
13	19	33.96995
13	19	33.98325
13	19	33.99612
13	19	34.00957
13	19	34.02144
13	19	34.03617
13	19	34.05099
13	19	34.06505
13	19	34.07859
13	19	34.09644
13	19	34.10843
13	19	34.12121
13	19	34.13294
13	19	34.14519
13	19	34.15696
13	19	34.16955
13	19	34.18258
13	19	34.19448
13	19	34.20721
13	19	34.21884
13	19	34.2311
13	19	34.25121
13	19	34.26447
13	19	34.27719
13	19	34.28901
13	19	34.3012
13	19	34.31704
13	19	34.33904
13	19	34.36214
13	19	34.38444
13	19	34.41243
13	19	34.42889
13	19	34.4518
13	19	34.47412
13	19	34.49581
13	19	34.51862
13	19	34.54032
13	19	34.56968
13	19	34.58669
13	19	34.61036
13	19	34.63153
13	19	34.65336
13	19	34.67497
14	19	34.6971
14	19	34.72435
14	19	34.7419
14	19	34.75412
14	19	34.76643
14	19	34.77895
14	19	34.79373
14	19	34.80542
15	19	34.81868
15	19	34.83105
15	19	34.84389
15	19	34.85608
15	19	34.87544
15	19	34.88894
15	19	34.90082
15	19	34.91398
15	19	34.92662
16	19	34.93836
16	19	34.95121
16	19	34.96272
16	19	34.97518
16	19	34.98791
16	19	34.99997
16	19	35.01323
16	19	35.03105
16	19	35.04298
16	20	35.05966
16	20	35.07272
16	20	35.085
16	20	35.10059
16	20	35.11592
16	20	35.12783
16	20	35.14529
16	20	35.16751
16	21	35.19779
16	21	35.21861
16	21	35.23712
16	21	35.25594
16	21	35.27877
16	22	35.30127
16	22	35.32372
16	22	35.3534
16	22	35.37097
16	22	35.39284
16	22	35.41157
16	22	35.43382
16	22	35.45627
17	22	35.47898
17	22	35.50968
17	22	35.52816
17	22	35.54828
17	22	35.56837
17	22	35.59016
18	22	35.61323
18	22	35.63661
18	22	35.65833
18	22	35.67662
18	22	35.68928
18	22	35.7016
18	22	35.71349
19	22	35.72676
19	22	35.73975
19	22	35.75362
19	22	35.7686
19	22	35.78419
19	22	35.79681
19	22	35.81921
19	22	35.83379
19	22	35.84639
19	23	35.85767
19	23	35.86948
19	23	35.88254
19	23	35.89783
19	23	35.91341
19	23	35.92564
19	23	35.93678
19	23	35.94992
19	23	35.97212
19	24	35.98796
19	24	35.99937
19	24	36.01158
19	24	36.0292
19	24	36.0511
19	24	36.07068
19	24	36.09367
19	25	36.11624
19	25	36.14812
19	25	36.16573
19	25	36.18324
19	25	36.20491
19	24	36.22758
19	24	36.25081
19	24	36.27308
19	24	36.30217
19	24	36.31855
19	24	36.33945
19	23	36.36203
19	23	36.385
19	23	36.40556
19	23	36.42792
19	23	36.4563
19	22	36.47388
19	22	36.486
19	22	36.49768
19	22	36.50952
19	22	36.52251
19	22	36.53424
19	22	36.54605
19	22	36.55806
19	22	36.56929
19	22	36.58104
19	22	36.59927
19	22	36.61149
19	22	36.62317
19	22	36.63552
19	22	36.64739
19	22	36.65917
19	22	36.67136
19	22	36.68386
18	22	36.69613
18	22	36.70775
18	22	36.72016
18	22	36.7348
18	22	36.75249
18	22	36.7657
18	22	36.77776
18	22	36.78983
18	22	36.80277
17	22	36.81659
17	22	36.83141
17	22	36.84397
17	22	36.85603
17	22	36.86834
17	22	36.88641
17	22	36.91442
17	22	36.93108
16	22	36.95336
16	22	36.97587
16	22	36.99797
16	22	37.02082
16	22	37.04442
16	21	37.06947
16	21	37.08851
16	21	37.10983
16	21	37.13136
16	21	37.15382
16	21	37.17677
16	20	37.1997
16	20	37.22736
16	20	37.24591
16	20	37.27215
16	20	37.29169
16	19	37.31457
16	19	37.33615
16	19	37.35819
16	19	37.38033
16	19	37.39517
16	19	37.41436
16	19	37.43085
16	19	37.4444
17	19	37.45969
17	19	37.47329
17	19	37.48639
17	19	37.49886
17	19	37.51187
17	19	37.53146
17	19	37.54381
17	19	37.55619
18	19	37.56773
18	19	37.5805
18	19	37.59221
18	19	37.61011
18	19	37.62206
18	19	37.63354
18	19	37.6457
18	19	37.65775
18	19	37.66979
18	19	37.68809
19	19	37.7015
19	19	37.71437
19	19	37.72559
19	19	37.73861
19	19	37.75431
19	19	37.77736
19	19	37.79894
19	18	37.82279
19	18	37.85034
19	18	37.8701
19	18	37.89255
19	18	37.91301
19	17	37.93493
19	17	37.95756
19	17	37.98174
19	17	38.01491
19	17	38.03289
19	17	38.04919
19	16	38.07165
19	16	38.09258
19	16	38.11728
19	16	38.13994
19	16	38.16752
19	15	38.18509
19	15	38.20496
19	15	38.21836
19	15	38.23193
19	15	38.24817
19	15	38.26115
19	15	38.27431
19	15	38.28661
19	15	38.29972
19	14	38.32333
19	14	38.34005
19	14	38.35548
19	14	38.36743
19	14	38.38106
19	14	38.39307
19	14	38.40549
19	14	38.41756
19	13	38.43005
19	13	38.44201
19	13	38.45588
19	13	38.47938
19	13	38.49471
19	13	38.50694
19	13	38.5197
19	13	38.53205
19	13	38.54426
19	12	38.556
19	12	38.56966
19	12	38.58556
19	12	38.60035
19	12	38.6133
19	12	38.63696
19	12	38.65447
19	11	38.6738
19	11	38.6953
19	11	38.71901
19	11	38.74359
19	11	38.76814
19	10	38.79444
19	10	38.81199
19	10	38.83068
19	10	38.85751
19	10	38.875
19	10	38.89718
19	11	38.92063
19	11	38.94995
19	11	38.96633
19	11	38.9862
19	11	39.00859
19	11	39.03047
19	12	39.05302
19	12	39.07603
19	12	39.09433
19	12	39.10715
19	12	39.12005
19	12	39.13518
19	12	39.15097
19	13	39.16452
19	13	39.17752
19	13	39.18945
19	13	39.20213
19	13	39.21481
19	13	39.22799
19	13	39.24623
19	13	39.25988
19	13	39.27128
19	12	39.28322
19	12	39.2951
19	12	39.30786
19	12	39.31932
19	12	39.33261
19	12	39.34515
19	12	39.35796
19	12	39.37057
19	12	39.38374
19	11	39.40211
19	11	39.41473
19	11	39.4257
19	11	39.43752
19	11	39.45638
19	11	39.47699
19	11	39.49947
19	11	39.52218
19	10	39.54498
19	10	39.57283
19	10	39.58964
19	10	39.61158
19	10	39.634
18	10	39.6568
18	10	39.67998
18	10	39.70226
18	10	39.73055
18	10	39.74722
17	10	39.76796
17	10	39.79001
17	10	39.81357
17	10	39.83485
17	10	39.85727
17	10	39.88676
16	10	39.90264
16	10	39.91716
16	10	39.92984
16	10	39.94238
16	10	39.95398
16	10	39.96651
16	10	39.97934
16	10	39.99167
16	10	40.00413
15	10	40.01726
15	10	40.03782
15	10	40.0503
15	10	40.06209
15	10	40.07469
15	10	40.0874
15	10	40.09991
15	10	40.11684
15	10	40.12896
14	10	40.14106
14	10	40.15221
14	10	40.16451
14	10	40.17694
14	10	40.19742
14	10	40.21238
14	10	40.22619
14	10	40.23838
14	10	40.25047
13	10	40.26244
13	10	40.28124
13	10	40.30426
13	10	40.32935
13	10	40.35793
13	10	40.37463
12	10	40.39349
12	10	40.41587
12	10	40.4402
12	10	40.46332
12	10	40.48352
11	10	40.51442
11	10	40.53135
11	10	40.55259
11	10	40.5725
11	10	40.5943
11	10	40.6171
10	10	40.63962
10	10	40.67039
10	10	40.6877
10	10	40.70651
10	10	40.72851
10	10	40.74093
10	11	40.75551
10	11	40.77048
10	11	40.78579
10	11	40.80149
10	11	40.82623
10	11	40.8415
10	11	40.85382
10	11	40.86605
10	12	40.87811
10	12	40.89224
10	12	40.90696
10	12	40.92383
10	12	40.93642
10	12	40.9487
10	12	40.9624
10	12	40.98405
10	13	40.99956
10	13	41.01258
10	13	41.02732
10	13	41.04277
10	13	41.05792
10	13	41.07129
10	13	41.08346
10	13	41.0957
10	13	41.10807
11	13	41.12013
11	13	41.15006
11	13	41.16786
11	13	41.18908
11	13	41.20933
11	13	41.23088
12	13	41.25307
12	13	41.27672
12	13	41.30674
12	13	41.32443
12	13	41.34393
13	13	41.36487
13	13	41.38996
13	13	41.41168
13	13	41.43628
13	13	41.46705
14	13	41.4885
14	13	41.50061
14	13	41.52279
14	13	41.54699
14	13	41.56926
14	13	41.58212
14	13	41.59743
15	13	41.62151
15	13	41.63932
15	13	41.65664
15	13	41.66885
15	13	41.6817
15	13	41.69433
15	13	41.70597
15	13	41.71824
16	13	41.7315
16	13	41.74448
16	13	41.75869
16	13	41.78125
16	13	41.7965
16	13	41.80914
16	13	41.82332
16	13	41.83698
17	13	41.85123
17	13	41.86568
17	13	41.88199
17	13	41.8996
17	13	41.91676
17	13	41.94196
17	13	41.95763
18	13	41.96984
18	13	41.98134
18	13	41.99501
18	13	42.01462
18	13	42.03732
18	13	42.05746
18	13	42.08055
19	13	42.1106
19	13	42.12796
19	13	42.1475
19	13	42.16884
19	13	42.19135
18	13	42.21367
18	13	42.23634
18	13	42.26384
18	13	42.28342
18	13	42.30413
18	13	42.32617
17	13	42.34768
17	13	42.37001
17	13	42.3942
17	13	42.42022
17	13	42.43223
17	13	42.44458
16	13	42.45655
16	13	42.46856
16	13	42.48103
16	13	42.49324
16	13	42.50752
16	13	42.52046
16	13	42.53499
16	13	42.54964
16	13	42.5709
15	13	42.58495
15	13	42.59587
15	13	42.60852
15	13	42.62034
15	13	42.63216
15	13	42.64963
15	13	42.6621
15	13	42.67437
15	13	42.68752
14	13	42.70077
14	13	42.7206
14	13	42.73369
14	13	42.74588
14	13	42.75771
14	13	42.76898
14	13	42.78363
14	13	42.8055
13	13	42.82845
13	13	42.85023
13	13	42.87335
13	13	42.90042
13	13	42.91822
13	13	42.94006
12	13	42.96259
12	13	42.98446
12	13	43.0074
12	13	43.02969
12	13	43.05969
11	13	43.07656
11	13	43.096
11	13	43.11814
11	13	43.1424
11	13	43.16385
11	13	43.1858
12	13	43.21411
12	13	43.23077
12	13	43.24333
12	13	43.25551
12	13	43.26744
12	13	43.28051
12	13	43.29249
12	13	43.30427
13	13	43.3164
13	13	43.32948
13	13	43.34271
13	13	43.36211
13	13	43.37492
13	13	43.38639
13	13	43.39866
13	13	43.41228
13	13	43.42529
14	13	43.43699
14	13	43.44903
14	13	43.46058
14	13	43.47229
14	13	43.48408
14	13	43.50015
14	13	43.52254
14	13	43.53636
14	13	43.54892
15	13	43.56115
15	13	43.57251
15	13	43.58462
15	13	43.59699
15	13	43.61184
15	13	43.6248
15	13	43.63685
15	13	43.6547
16	13	43.68266
16	13	43.69962
16	13	43.72077
16	13	43.74448
16	13	43.76586
16	13	43.78842
17	13	43.8124
17	13	43.83879
17	13	43.85646
17	13	43.87824
17	13	43.90498
16	13	43.92285
16	13	43.94609
16	13	43.96782
16	13	43.99436
16	13	44.01235
16	13	44.035
15	13	44.05838
15	13	44.08132
15	13	44.1038
15	13	44.11721
15	13	44.13205
15	13	44.15497
14	13	44.17002
14	13	44.18507
14	13	44.19979
14	13	44.21502
14	13	44.23021
14	13	44.24652
14	13	44.26071
14	13	44.27589
13	13	44.29062
13	13	44.31543
13	13	44.32988
13	13	44.34285
13	13	44.359
13	13	44.37526
13	13	44.38977
13	13	44.40407
12	13	44.41782
12	13	44.43053
12	13	44.44396
12	13	44.46409
12	13	44.47588
12	13	44.48774
12	13	44.50354
12	13	44.52574
11	13	44.5484
11	13	44.57163
11	13	44.60298
11	13	44.62233
11	13	44.63857
10	13	44.66049
10	13	44.683
10	13	44.70407
10	13	44.7283
10	13	44.74907
10	13	44.77349
10	13	44.80195
10	13	44.81967
10	13	44.83883
10	13	44.86102
10	13	44.88372
10	14	44.90709
10	14	44.93061
10	14	44.96121
10	14	44.97979
10	14	45.00261
10	14	45.02035
10	15	45.04135
10	15	45.05672
10	15	45.07235
10	15	45.09115
10	15	45.11789
10	15	45.1358
10	16	45.15162
10	16	45.16491
10	16	45.18214
10	16	45.20156
10	16	45.22121
10	16	45.23771
10	16	45.25532
10	17	45.28262
10	17	45.30833
10	17	45.32547
10	17	45.33901
10	17	45.35149
10	17	45.36589
10	17	45.38212
10	18	45.39738
10	18	45.4112
10	18	45.44044
10	18	45.45757
10	18	45.47124
10	18	45.48539
10	18	45.49915
10	19	45.51995
10	19	45.54514
10	19	45.56684
10	19	45.5949
10	19	45.61288
10	19	45.63231
11	19	45.65395
11	19	45.67719
11	19	45.70057
11	19	45.72432
11	19	45.75512
12	19	45.77103
12	19	45.78928
12	19	45.81497
12	19	45.83649
12	19	45.85632
13	19	45.87978
13	19	45.9126
13	19	45.93023
13	19	45.94533
13	19	45.95972
13	19	45.97538
13	19	45.99017
14	19	46.00468
14	19	46.02028
14	19	46.03733
14	19	46.06183
14	19	46.07499
14	19	46.08786
14	19	46.10082
14	19	46.11388
15	19	46.1265
15	19	46.13933
15	19	46.15262
15	19	46.16739
15	19	46.18146
15	19	46.19631
15	19	46.21538
15	19	46.22771
15	19	46.23923
14	19	46.25114
14	19	46.26385
14	19	46.27578
14	19	46.28765
14	19	46.29937
14	19	46.31075
14	19	46.32375
14	19	46.34706
13	19	46.37466
13	19	46.39173
13	19	46.4135
13	19	46.43542
13	19	46.45774
13	19	46.48085
12	19	46.50321
12	19	46.53118
12	19	46.54852
12	19	46.57
12	19	46.59225
11	19	46.61483
11	19	46.63683
11	19	46.65984
11	19	46.68722
11	19	46.70452
11	19	46.72808
10	19	46.74877
10	19	46.77092
10	19	46.79394
10	19	46.80526
10	19	46.81762
10	19	46.83701
10	19	46.85007
9	19	46.86308
9	19	46.87551
9	19	46.88833
9	19	46.90332
9	19	46.9193
9	19	46.93264
9	19	46.94534
9	19	46.9579
9	19	46.97137
8	19	46.9966
8	19	47.01599
8	19	47.03307
8	19	47.04731
8	19	47.06049
8	19	47.07399
8	19	47.08674
8	19	47.09959
7	19	47.11395
7	19	47.12817
7	19	47.15061
7	19	47.16603
7	19	47.17953
7	19	47.19585
7	19	47.21731
7	19	47.24043
7	18	47.26319
7	18	47.28515
7	18	47.31342
7	18	47.33287
7	18	47.35523
7	18	47.37464
7	17	47.39654
7	17	47.41943
7	17	47.44466
7	17	47.47248
7	17	47.49199
7	16	47.50897
7	16	47.53069
7	16	47.55323
7	16	47.58157
7	16	47.60235
7	15	47.63095
7	15	47.64732
7	15	47.66568
7	15	47.68055
7	15	47.69612
7	15	47.70841
7	15	47.72051
7	15	47.73381
7	14	47.74644
7	14	47.75984
7	14	47.78147
7	14	47.79728
7	14	47.80957
7	14	47.82145
7	14	47.83407
7	14	47.84697
7	14	47.85998
7	13	47.87188
7	13	47.89028
7	13	47.90393
7	13	47.92165
7	13	47.94357
7	13	47.9586
7	13	47.97099
7	13	47.98475
7	12	47.9959
7	12	48.00876
7	12	48.02008
7	12	48.03607
7	12	48.05795
7	12	48.08024
7	12	48.10929
7	11	48.12664
7	11	48.14582
7	11	48.16936
7	11	48.19476
7	11	48.21337
7	10	48.23499
7	10	48.26555
7	10	48.28376
7	10	48.30527
7	10	48.32444
7	10	48.34859
8	10	48.36935
8	10	48.39084
8	10	48.42145
8	10	48.43877
8	10	48.45807
8	10	48.48049
8	10	48.50263
8	10	48.51545
8	10	48.52895
8	10	48.54517
8	10	48.56735
8	10	48.5829
8	10	48.59512
9	10	48.60694
9	10	48.61843
9	10	48.63143
9	10	48.64266
9	10	48.65392
9	10	48.66546
9	10	48.67777
9	10	48.69127
9	10	48.70359
9	10	48.72174
10	10	48.73333
10	10	48.74653
10	10	48.75879
10	10	48.77035
10	10	48.78289
10	10	48.79483
10	10	48.80609
10	10	48.81937
10	10	48.83154
10	10	48.84223
11	10	48.85959
11	10	48.88796
11	10	48.90418
11	10	48.92638
11	10	48.94861
12	10	48.97118
12	10	48.99333
12	10	49.01634
12	10	49.04456
12	10	49.06175
12	10	49.08346
13	10	49.10674
13	10	49.12967
13	10	49.15153
13	10	49.18004
13	10	49.20218
14	10	49.21728
14	10	49.23951
14	10	49.26197
14	10	49.28452
14	10	49.30688
14	10	49.33121
15	10	49.35282
15	10	49.36824
15	10	49.3821
15	10	49.39489
15	10	49.40851
15	10	49.42022
15	10	49.43281
15	10	49.44506
15	9	49.45744
15	9	49.46933
15	9	49.48394
15	9	49.50631
15	9	49.52178
15	9	49.53386
15	9	49.54684
15	9	49.55806
15	9	49.57035
15	8	49.58236
15	8	49.59875
15	8	49.6119
15	8	49.62753
15	8	49.64311
15	8	49.66523
15	8	49.68168
15	8	49.69419
15	7	49.70549
15	7	49.72044
15	7	49.74209
15	7	49.76653
15	7	49.78904
15	7	49.80931
15	7	49.83892
17	7	49.8564
17	7	49.87708
17	7	49.90012
17	7	49.92381
17	7	49.94683
17	7	49.96744
18	7	49.99788
18	7	50.01519
18	7	50.03625
18	7	50.05649
18	7	50.07875
19	7	50.10178
19	7	50.12302
19	7	50.15368
19	7	50.17041
19	7	50.18339
19	7	50.19493
19	7	50.20568
19	7	50.21677
20	7	50.22814
20	7	50.2381
20	7	50.25165
20	7	50.26621
20	7	50.28196
20	7	50.304
20	7	50.32049
20	7	50.33299
21	7	50.34504
21	7	50.35641
21	7	50.36893
21	7	50.38462
21	7	50.40063
21	7	50.41823
21	7	50.433
21	7	50.45718
22	7	50.47458
22	7	50.48911
22	7	50.50334
22	7	50.5162
22	7	50.52891
22	7	50.54232
22	7	50.55398
22	7	50.56997
22	7	50.59154
22	7	50.62002
22	7	50.63608
21	7	50.6577
21	7	50.68054
21	7	50.7028
21	7	50.72461
21	7	50.74782
21	7	50.77433
20	7	50.79218
20	7	50.81524
20	7	50.83691
20	7	50.85934
20	7	50.88208
19	7	50.90448
19	7	50.93157
19	7	50.94978
19	7	50.97149
19	7	50.99395
19	7	51.01581
18	7	51.03936
18	7	51.05238
18	7	51.06621
18	7	51.08689
18	7	51.10006
18	7	51.11113
18	7	51.12328
18	7	51.13473
17	7	51.1469
17	7	51.15871
17	7	51.17086
17	7	51.18335
17	7	51.19419
17	7	51.20551
17	7	51.21811
17	7	51.2364
17	7	51.24915
17	7	51.25993
16	7	51.27179
16	7	51.28484
16	7	51.29749
16	7	51.30966
16	7	51.3213
16	7	51.33315
16	7	51.34502
16	7	51.35705
16	7	51.36887
16	7	51.38723
16	7	51.39904
16	7	51.41071
16	7	51.42295
16	7	51.43484
16	7	51.44777
16	7	51.45947
16	7	51.47057
16	7	51.48233
16	7	51.49669
16	7	51.51778
17	7	51.54038
17	7	51.56783
17	7	51.58673
17	7	51.60865
17	7	51.63808
17	7	51.65324
18	7	51.67498
18	7	51.69716
18	7	51.72578
18	7	51.74278
18	7	51.76431
19	7	51.78741
19	7	51.80971
19	7	51.83229
19	7	51.85379
19	7	51.88107
19	7	51.89914
20	7	51.92023
20	7	51.9425
20	7	51.96614
20	7	51.98092
20	7	51.99305
20	7	52.00852
21	7	52.03201
21	7	52.04773
21	7	52.06308
21	7	52.07743
21	7	52.08961
21	7	52.10202
21	7	52.11337
21	7	52.12543
21	7	52.13763
22	7	52.14996
22	7	52.16155
22	7	52.17861
22	7	52.19054
22	7	52.202
22	7	52.21363
22	7	52.2238
22	7	52.23556
22	7	52.24812
22	7	52.25887
22	7	52.27132
22	7	52.28287
22	7	52.29291
22	7	52.304
22	7	52.32193
22	7	52.34924
22	7	52.36691
22	7	52.38864
22	7	52.41154
22	7	52.43336
22	7	52.45575
22	7	52.47878
22	7	52.50703
22	7	52.52473
22	7	52.54566
22	7	52.56831
22	6	52.59011
22	6	52.61282
22	6	52.63535
22	6	52.66231
22	6	52.68093
22	6	52.70232
22	5	52.72416
22	5	52.74844
22	5	52.77063
22	5	52.79318
22	5	52.81478
22	5	52.82811
22	4	52.84165
22	4	52.85311
22	4	52.86456
22	4	52.87599
22	4	52.88797
22	4	52.89925
22	4	52.91142
22	4	52.92264
22	4	52.93479
22	4	52.95201
22	4	52.97055
22	4	52.98203
22	4	52.9932
22	4	53.00557
22	4	53.01797
22	4	53.02974
22	4	53.04119
22	4	53.05299
22	4	53.06484
22	3	53.07828
22	3	53.0891
22	3	53.10099
22	3	53.11249
22	3	53.12909
22	3	53.14131
22	3	53.15989
22	3	53.18359
22	2	53.20483
22	2	53.22686
22	2	53.24947
22	2	53.27217
22	2	53.29961
22	2	53.3174
21	2	53.33865
21	2	53.36179
21	2	53.38591
21	2	53.40853
21	2	53.42886
20	2	53.45918
20	2	53.47699
20	2	53.49794
20	2	53.51806
20	2	53.5398
20	2	53.56194
19	2	53.58489
19	2	53.61733
19	2	53.63472
19	2	53.64767
19	2	53.66327
19	2	53.67583
19	2	53.68787
18	2	53.6997
18	2	53.71165
18	2	53.72507
18	2	53.74143
18	2	53.76805
18	2	53.78583
18	2	53.79942
17	2	53.81364
17	2	53.82616
17	2	53.83768
17	2	53.85242
17	2	53.86702
17	2	53.8793
17	2	53.89218
17	2	53.91257
17	2	53.92749
16	2	53.93907
16	2	53.95092
16	2	53.96337
16	2	53.97891
16	2	53.99482
16	2	54.00634
16	2	54.02007
16	2	54.04267
16	3	54.07309
16	3	54.09212
16	3	54.11222
16	3	54.1317
16	3	54.15513
16	3	54.17591
16	4	54.19838
16	4	54.22971
16	4	54.2471
16	4	54.2669
16	4	54.28797
16	5	54.31067
16	5	54.33316
16	5	54.35606
16	5	54.38862
16	5	54.40482
17	4	54.42353
17	4	54.44456
17	4	54.46772
17	4	54.49287
17	4	54.5085
17	4	54.53324
18	4	54.55109
18	4	54.56404
18	4	54.5783
18	4	54.59799
18	4	54.6151
18	4	54.62796
18	4	54.64159
18	4	54.65462
19	4	54.66861
19	4	54.69192
19	4	54.70728
19	4	54.72322
19	4	54.73578
19	4	54.74749
19	4	54.75975
19	4	54.772
19	4	54.78391
19	4	54.79613
19	5	54.80846
19	5	54.8215
19	5	54.84354
19	5	54.85892
19	5	54.8712
19	5	54.88282
19	5	54.89431
19	5	54.90966
19	6	54.92674
19	6	54.94715
19	6	54.97037
19	6	54.9949
19	6	55.02171
19	6	55.04042
19	7	55.05846
19	7	55.08087
19	7	55.10308
19	7	55.12627
19	7	55.14804
20	7	55.17628
20	7	55.19491
20	7	55.21504
20	7	55.23854
20	7	55.25999
20	7	55.28203
21	7	55.30461
21	7	55.33251
21	7	55.34919
21	7	55.37244
21	7	55.38415
21	7	55.39515
21	7	55.40656
22	7	55.41752
22	7	55.42908
22	7	55.44119
22	7	55.45248
22	7	55.4641
22	7	55.49426
22	7	55.50754
22	7	55.52061
22	7	55.53374
22	7	55.54836
22	7	55.56013
22	7	55.57308
22	7	55.58593
22	7	55.59816
22	7	55.611
22	7	55.62328
22	7	55.64189
22	7	55.654
22	7	55.6661
22	7	55.68447
22	7	55.70173
22	7	55.71499
22	7	55.72866
22	7	55.74052
22	7	55.75291
22	7	55.76287
22	7	55.77475
22	7	55.80182
22	7	55.82061
22	7	55.84065
22	7	55.86316
22	7	55.88536
22	7	55.90784
22	7	55.93122
22	7	55.95826
22	7	55.97558
22	7	55.99697
22	7	56.01982
22	7	56.04219
22	7	56.06373
22	7	56.08626
22	7	56.11462
22	7	56.13097
22	7	56.15325
22	7	56.1761
22	7	56.19828
22	7	56.22075
22	7	56.2432
22	7	56.27111
22	7	56.28231
22	7	56.29309
22	7	56.30368
22	7	56.31438
22	7	56.32545
22	7	56.33673
22	7	56.34885
22	7	56.36073
22	7	56.37166
22	7	56.38272
22	7	56.39462
22	7	56.41161
22	7	56.42337
22	7	56.43447
22	7	56.44741
22	7	56.46109
22	7	56.47189
22	7	56.4832
22	7	56.49407
22	7	56.506
22	7	56.51735
22	7	56.52893
22	7	56.53979
22	7	56.55278
22	7	56.57121
22	7	56.58237
22	7	56.59374
22	7	56.60591
22	6	56.62023
22	6	56.63282
22	6	56.65072
22	6	56.66251
22	6	56.67367
22	6	56.68565
22	6	56.69511
22	6	56.71225
22	5	56.73997
22	5	56.7583
22	5	56.77947
22	5	56.80175
22	5	56.82361
22	5	56.84625
22	4	56.86864
22	4	56.89605
22	4	56.91365
22	4	56.93488
22	4	56.95683
23	4	56.97955
23	4	57.00211
23	4	57.02536
23	4	57.0528
23	4	57.07029
23	4	57.09158
24	4	57.1152
24	4	57.13711
24	4	57.16015
24	4	57.18158
24	4	57.1984
24	4	57.21029
24	4	57.22131
25	4	57.23241
25	4	57.24332
25	4	57.25451
25	4	57.26566
25	4	57.27631
25	4	57.28723
25	4	57.29781
25	4	57.3094
25	4	57.32088
25	4	57.33166
26	4	57.34987
26	4	57.36204
26	4	57.3738
26	4	57.38575
26	4	57.39728
26	4	57.41051
26	4	57.42188
26	4	57.43353
26	4	57.44564
26	4	57.45645
27	4	57.46775
27	4	57.4798
27	4	57.49208
27	4	57.50933
27	4	57.52114
27	4	57.53178
27	4	57.54408
27	4	57.55614
27	4	57.56788
27	4	57.5804
27	4	57.59253
27	4	57.60391
26	4	57.61569
26	4	57.62676
26	4	57.63985
26	4	57.66127
26	4	57.68908
26	4	57.70749
26	4	57.72925
25	4	57.75174
25	4	57.77477
25	4	57.79649
25	4	57.81946
25	4	57.84544
24	4	57.8626
24	4	57.8845
24	4	57.90722
24	4	57.92952
24	4	57.95156
24	4	57.97449
23	4	58.00177
23	4	58.01976
23	4	58.04163
23	4	58.06355
23	4	58.08581
22	4	58.10846
22	4	58.12006
22	4	58.13115
22	4	58.15184
22	4	58.16509
22	4	58.17905
22	4	58.19096
22	4	58.2025
22	4	58.21427
22	4	58.22659
22	4	58.23825
22	4	58.2504
22	4	58.26146
22	4	58.27297
22	4	58.2846
22	4	58.3033
22	4	58.31506
22	4	58.32683
22	4	58.3385
22	4	58.34916
22	4	58.36093
22	4	58.37203
22	4	58.38351
22	4	58.39509
22	4	58.40625
22	3	58.41861
22	3	58.43059
22	3	58.44252
22	3	58.46154
22	3	58.47799
22	3	58.49869
22	3	58.52185
22	3	58.54401
22	3	58.56639
22	3	58.58888
22	3	58.61129
22	3	58.63793
22	2	58.65565
22	2	58.67702
22	2	58.69914
22	2	58.72292
22	2	58.74423
22	2	58.7668
22	2	58.79457
22	2	58.81274
22	2	58.83383
22	2	58.85698
22	2	58.87883
21	2	58.90299
21	2	58.92505
21	2	58.94816
21	2	58.96185
21	2	58.97269
21	2	58.98429
21	2	58.99551
21	2	59.0073
21	2	59.01848
20	2	59.02968
20	2	59.04134
20	2	59.05316
20	2	59.0649
20	2	59.0783
20	2	59.09724
20	2	59.11451
20	2	59.12668
20	2	59.13873
19	2	59.15064
19	2	59.16183
19	2	59.17375
19	2	59.1857
19	2	59.19774
19	2	59.20935
19	2	59.22052
19	2	59.23152
19	2	59.25023
19	2	59.26332
18	2	59.27622
18	2	59.28923
18	2	59.30405
18	2	59.32598
18	2	59.3471
18	2	59.37006
17	2	59.39264
17	2	59.42074
17	2	59.43777
17	2	59.45969
17	2	59.48249
17	2	59.50455
16	2	59.52636
16	2	59.54914
16	2	59.57742
16	2	59.59509
16	2	59.61629
15	2	59.63878
15	2	59.66103
15	2	59.68321
15	2	59.70826
15	2	59.74149
14	2	59.75924
14	2	59.77164
14	2	59.78302
14	2	59.79816
14	2	59.81343
14	2	59.8265
14	2	59.83773
14	2	59.84988
14	2	59.86127
13	2	59.88345
13	2	59.89946
13	2	59.91408
13	2	59.9318
13	2	59.94785
13	2	59.9622
13	2	59.97424
13	2	59.9859
13	2	59.99836
12	2	60.01081
12	2	60.02373
12	2	60.04557
12	2	60.06077
12	2	60.07231
12	2	60.08377
12	2	60.09638
12	2	60.10793
12	2	60.11937
11	2	60.14129
11	2	60.16322
11	2	60.18882
11	2	60.21614
11	2	60.23404
10	2	60.25296
10	2	60.2752
10	2	60.29737
10	2	60.32204
10	2	60.34512
9	2	60.37238
9	2	60.39086
9	2	60.40979
9	2	60.4338
9	2	60.45626
9	2	60.47766
8	2	60.50003
8	2	60.53057
8	2	60.54755
8	2	60.56634
8	2	60.58885
8	2	60.60223
7	2	60.61555
7	2	60.62808
7	2	60.64163
7	2	60.65857
7	2	60.68012
7	2	60.69532
7	2	60.70678
7	2	60.71972
7	2	60.73302
7	3	60.74535
7	3	60.75951
7	3	60.7746
7	3	60.78938
7	3	60.80146
7	3	60.81548
7	3	60.83799
7	3	60.86717
7	3	60.88038
7	3	60.89592
7	3	60.91099
7	3	60.92331
7	3	60.93553
7	3	60.94827
7	3	60.96024
7	3	60.97162
7	4	60.99881
7	4	61.01548
7	4	61.03772
7	4	61.05693
7	4	61.07942
7	5	61.10133
7	5	61.12466
7	5	61.15474
7	5	61.17344
7	5	61.19103
7	5	61.21352
7	6	61.23602
7	6	61.25879
7	6	61.28408
7	6	61.31089
7	6	61.32861
7	7	61.348
7	7	61.36959
7	7	61.39208
7	7	61.4164
7	7	61.44182
8	7	61.47097
8	7	61.48827
8	7	61.50179
8	7	61.5169
8	7	61.53102
8	7	61.54323
8	7	61.55552
8	7	61.56739
8	7	61.58016
9	7	61.59523
9	7	61.62044
9	7	61.63762
9	7	61.65361
9	7	61.67107
9	7	61.68396
9	7	61.69705
9	7	61.71087
10	7	61.7239
10	7	61.73854
10	7	61.75788
10	7	61.78434
10	7	61.79988
10	7	61.81428
10	7	61.82813
11	7	61.83987
11	7	61.85137
11	7	61.87254
11	7	61.89664
11	7	61.9198
11	7	61.94753
12	7	61.96536
12	7	61.9835
12	7	62.00635
12	7	62.03051
12	7	62.05384
12	7	62.07452
13	7	62.10481
13	7	62.12499
13	7	62.14553
13	7	62.16369
13	7	62.18679
13	8	62.2084
13	8	62.23255
13	8	62.26239
13	8	62.28076
13	8	62.29684
13	8	62.31861
13	9	62.34172
13	9	62.36353
13	9	62.37834
13	9	62.39333
13	9	62.41458
13	9	62.42917
13	9	62.441
13	10	62.45304
13	10	62.46489
13	10	62.47692
13	10	62.48854
13	10	62.50025
13	10	62.51259
13	10	62.52441
13	10	62.53564
13	10	62.54815
13	10	62.5661
13	9	62.57818
13	9	62.59037
13	9	62.60284
13	9	62.6144
13	9	62.62768
13	9	62.64005
13	9	62.65166
13	9	62.66288
13	9	62.67487
13	9	62.68672
13	8	62.69828
13	8	62.71606
13	8	62.7332
13	8	62.75453
13	8	62.77818
13	8	62.80096
13	7	62.82318
13	7	62.84461
13	7	62.86668
13	7	62.89352
13	7	62.91139
13	7	62.93822
13	7	62.95597
13	7	62.97847
13	7	63.00031
13	7	63.02239
13	7	63.05043
12	7	63.06767
12	7	63.08986
12	7	63.11293
12	7	63.13493
12	7	63.15667
12	7	63.17966
11	7	63.20656
11	7	63.22416
11	7	63.23576
11	7	63.24825
11	7	63.26022
11	7	63.27145
11	7	63.28273
11	7	63.29769
11	7	63.31067
10	7	63.32338
10	7	63.33526
10	7	63.3529
10	7	63.36417
10	7	63.37616
10	7	63.38722
10	7	63.40022
10	7	63.41256
10	7	63.42466
10	6	63.43691
10	6	63.44882
10	6	63.46123
10	6	63.47691
10	6	63.4921
10	6	63.51265
10	6	63.52719
10	6	63.53882
10	6	63.55076
10	5	63.56306
10	5	63.57464
10	5	63.58699
10	5	63.60268
10	5	63.61733
10	5	63.62898
10	5	63.64137
10	5	63.65306
10	4	63.67942
10	4	63.69681
10	4	63.71575
10	4	63.74026
10	4	63.76275
10	4	63.7841
10	4	63.8051
11	4	63.83474
11	4	63.85293
11	4	63.87388
11	4	63.89418
11	4	63.91577
11	4	63.9385
12	4	63.96332
12	4	63.99592
12	4	64.01295
12	4	64.02925
12	4	64.05164
13	4	64.07405
13	4	64.0959
13	4	64.10876
13	4	64.1274
13	4	64.1516
13	4	64.16787
13	4	64.18098
13	3	64.19781
13	3	64.20955
13	3	64.22194
13	3	64.23663
13	3	64.25114
13	3	64.26319
13	3	64.27554
13	3	64.28757
13	3	64.30881
13	2	64.32297
13	2	64.33585
13	2	64.35118
13	2	64.36531
13	2	64.37791
13	2	64.3896
13	2	64.40279
13	2	64.41603
13	2	64.42793
13	1	64.43949
13	1	64.45983
13	1	64.47344
13	1	64.48485
13	1	64.49699
13	1	64.51863
13	1	64.54119
13	1	64.56388
13	1	64.58656
13	1	64.60973
13	1	64.63663
13	1	64.65429
12	1	64.67612
12	1	64.69835
12	1	64.71996
12	1	64.74292
12	1	64.76506
11	1	64.79276
11	1	64.81068
11	1	64.8316
11	1	64.85395
11	1	64.87678
11	1	64.89915
10	1	64.92165
10	1	64.95036
10	1	64.96138
10	1	64.97694
10	1	64.98824
10	1	64.99969
10	1	65.01129
9	1	65.02322
9	1	65.03454
9	1	65.04655
9	1	65.05839
9	1	65.07102
9	1	65.08515
9	1	65.10618
9	1	65.11951
9	1	65.13172
8	1	65.14548
8	1	65.1572
8	1	65.16842
8	1	65.18002
8	1	65.1917
8	1	65.20343
8	1	65.21495
8	1	65.2276
8	1	65.23945
8	1	65.25747
7	1	65.26917
7	1	65.28117
7	1	65.29313
7	1	65.30494
7	1	65.31688
7	1	65.32822
7	1	65.33915
7	1	65.35519
7	1	65.36594
7	1	65.37992
6	1	65.40183
6	1	65.42943
6	1	65.44918
6	1	65.4716
6	1	65.49154
5	1	65.51366
5	1	65.53587
5	1	65.55873
5	1	65.58804
5	1	65.60582
5	1	65.6256
4	1	65.64761
4	1	65.67023
4	1	65.69447
4	1	65.7178
4	1	65.74647
3	1	65.7636
3	1	65.78195
3	1	65.80498
3	1	65.83121
3	1	65.85066
3	1	65.86205
3	1	65.87449
2	1	65.89471
2	1	65.9108
2	1	65.92617
2	1	65.93959
2	1	65.9521
2	1	65.96581
2	1	65.97945
2	1	65.99237
2	1	66.00523
2	1	66.01749
2	1	66.02995
2	1	66.05064
2	1	66.06602
2	2	66.07917
2	2	66.09215
2	2	66.10623
2	2	66.12508
2	2	66.13938
2	2	66.15386
2	2	66.16751
2	2	66.18068
2	3	66.19946
2	3	66.21268
2	3	66.22549
2	3	66.24177
2	3	66.26431
2	3	66.28439
2	3	66.30646
2	4	66.32909
2	4	66.35165
2	4	66.38273
2	4	66.39912
2	4	66.41834
3	4	66.44042
3	4	66.46288
3	4	66.48569
3	4	66.51051
3	4	66.53899
4	4	66.55659
4	4	66.57617
4	4	66.59846
4	4	66.62207
4	4	66.64462
4	4	66.66478
5	4	66.6969
5	4	66.71481
5	4	66.7318
5	4	66.74332
5	4	66.75537
5	4	66.76843
5	4	66.78088
5	4	66.7924
6	4	66.80434
6	4	66.81847
6	4	66.8408
6	4	66.85555
6	4	66.86662
6	4	66.88015
6	4	66.8917
6	4	66.90357
6	4	66.91556
7	4	66.9278
7	4	66.93966
7	4	66.95154
7	4	66.96272
7	4	66.97478
7	4	66.99671
7	4	67.01206
7	4	67.02333
7	4	67.03486
7	5	67.05447
7	5	67.0781
7	5	67.09891
7	5	67.12182
7	5	67.14518
7	6	67.17235
7	6	67.18938
7	6	67.21159
7	6	67.23338
7	6	67.25536
7	6	67.27834
7	7	67.30205
7	7	67.32859
7	7	67.34522
7	7	67.36757
7	7	67.39017
7	8	67.41283
7	8	67.43491
7	8	67.45853
7	8	67.49012
7	8	67.50697
7	8	67.52422
7	9	67.5356
7	9	67.54704
7	9	67.55951
7	9	67.57442
7	9	67.58902
7	9	67.60197
7	9	67.61472
7	9	67.63589
7	9	67.65121
7	10	67.66338
7	10	67.67543
7	10	67.68889
7	10	67.70043
7	10	67.71331
7	10	67.72506
7	10	67.7371
7	10	67.74905
7	10	67.76132
7	10	67.77275
6	10	67.79122
6	10	67.80434
6	10	67.82365
6	10	67.84357
6	10	67.85743
6	10	67.86978
6	10	67.88538
6	10	67.89697
5	10	67.9158
5	10	67.9368
5	10	67.96751
5	10	67.98534
5	10	68.00449
4	10	68.0265
4	10	68.04932
4	10	68.07251
4	10	68.09616
4	10	68.1246
4	10	68.14268
3	10	68.16116
3	10	68.18317
3	10	68.20806
3	10	68.22993
3	10	68.25054
2	10	68.28107
2	10	68.29832
2	10	68.31947
2	10	68.33997
2	10	68.36227
2	10	68.38506
2	9	68.40839
2	9	68.4337
2	9	68.45164
2	9	68.46368
2	9	68.47558
2	9	68.48742
2	9	68.49973
2	8	68.5119
2	8	68.52402
2	8	68.53614
2	8	68.55078
2	8	68.56565
2	8	68.58685
2	8	68.6011
2	8	68.6133
2	8	68.6246
2	7	68.63687
2	7	68.64977
2	7	68.66212
2	7	68.67735
2	7	68.69182
2	7	68.70558
2	7	68.71709
2	7	68.73883
2	7	68.75365
3	7	68.76525
3	7	68.77579
3	7	68.79737
3	7	68.82232
3	7	68.8443
3	7	68.86454
4	7	68.88699
4	7	68.91814
4	7	68.93481
4	7	68.95604
4	7	68.97633
4	7	68.99868
4	7	69.0216
4	7	69.04433
4	7	69.07483
4	6	69.09203
4	6	69.11067
4	6	69.13358
4	6	69.15748
4	6	69.18201
4	6	69.20095
4	5	69.23438
4	5	69.25138
4	5	69.26906
4	5	69.28134
4	5	69.29316
4	5	69.30527
4	5	69.31754
4	5	69.32868
4	4	69.341
4	4	69.35378
4	4	69.37473
4	4	69.38953
4	4	69.40237
4	4	69.41414
4	4	69.42568
4	4	69.43815
4	4	69.44938
4	4	69.4603
4	4	69.47177
4	4	69.48322
4	4	69.4938
4	4	69.50854
4	4	69.52786
4	4	69.54034
4	5	69.55176
4	5	69.56366
4	5	69.57525
4	5	69.58683
4	5	69.59833
4	5	69.60975
4	5	69.62126
4	5	69.63273
4	5	69.64339
4	5	69.65827
4	6	69.68582
4	6	69.70331
4	6	69.72441
4	6	69.74744
4	6	69.76869
4	7	69.79094
4	7	69.81483
4	7	69.84095
4	7	69.85976
4	7	69.88174
4	7	69.903
4	7	69.92597
3	7	69.94802
3	7	69.97208
3	7	69.9998
3	7	70.01529
3	7	70.0369
3	7	70.05975
2	7	70.08212
2	7	70.10508
2	7	70.12906
2	7	70.15022
2	7	70.16428
2	7	70.17594
2	7	70.18934
2	7	70.20216
2	7	70.21497
2	7	70.22722
2	7	70.23994
2	7	70.25275
2	7	70.26502
2	7	70.27733
2	7	70.28986
2	7	70.30898
2	7	70.32144
2	8	70.33501
2	8	70.34983
2	8	70.36384
2	8	70.37676
2	8	70.39381
2	8	70.40556
2	8	70.41717
2	8	70.4294
2	8	70.44157
2	9	70.45943
2	9	70.47014
2	9	70.48428
2	9	70.50655
2	9	70.52838
2	9	70.55198
2	10	70.57304
2	10	70.59575
2	10	70.62344
2	10	70.64027
2	10	70.66251
2	10	70.68659
3	10	70.70892
3	10	70.73119
3	10	70.75315
3	10	70.78164
3	10	70.79762
4	10	70.82039
4	10	70.84144
4	10	70.86396
4	10	70.88581
4	10	70.90919
5	10	70.93624
5	10	70.95323
5	10	70.96448
5	10	70.97631
5	10	70.98833
5	10	71.00014
5	10	71.01238
5	10	71.02364
5	10	71.03633
5	10	71.04861
6	10	71.06104
6	10	71.07832
6	10	71.09168
6	10	71.10332
6	10	71.11546
6	10	71.12702
6	10	71.13952
6	10	71.15209
6	10	71.1637
6	10	71.17518
7	10	71.18731
7	10	71.19958
7	10	71.21432
7	10	71.23461
7	10	71.24843
7	10	71.26064
7	10	71.27181
7	10	71.28502
7	10	71.29665
7	11	71.30871
7	11	71.32148
7	11	71.33299
7	11	71.34473
7	11	71.36637
7	11	71.39431
7	11	71.41198
7	12	71.43396
7	12	71.45584
7	12	71.4782
7	12	71.50082
7	12	71.5229
7	13	71.55054
7	13	71.56766
7	13	71.58926
7	13	71.61182
7	13	71.63451
7	13	71.65708
7	14	71.6869
7	14	71.7076
7	14	71.72481
7	14	71.74606
7	14	71.77119
7	15	71.79144
7	15	71.81519
7	15	71.83721
7	15	71.86288
7	15	71.87524
7	15	71.89159
7	15	71.90496
7	16	71.91738
7	16	71.92896
7	16	71.94188
7	16	71.95388
7	16	71.96477
7	16	71.9767
7	16	71.9886
7	16	72.00591
7	16	72.01876
7	16	72.03056
6	16	72.04263
6	16	72.05381
6	16	72.0655
6	16	72.08064
6	16	72.09513
6	16	72.10674
6	16	72.11879
6	16	72.13091
6	16	72.1441
5	16	72.16538
5	16	72.18088
5	16	72.19391
5	16	72.20801
5	16	72.22501
5	16	72.23883
5	16	72.26043
4	16	72.28324
4	16	72.30634
4	16	72.33569
4	16	72.35369
4	16	72.37286
4	16	72.39421
3	16	72.41686
3	16	72.43945
3	16	72.4649
3	16	72.49336
3	16	72.51094
2	16	72.52941
2	16	72.5518
2	16	72.57352
2	16	72.59702
2	16	72.61987
2	15	72.64947
2	15	72.66586
2	15	72.68455
2	15	72.69827
2	15	72.7123
2	15	72.72498
2	15	72.73763
2	15	72.75053
2	15	72.76188
2	14	72.77404
2	14	72.79524
2	14	72.81113
2	14	72.8279
2	14	72.84025
2	14	72.85214
2	14	72.86508
2	14	72.87787
2	13	72.8915
2	13	72.90893
2	13	72.92219
2	13	72.93897
2	13	72.96095
2	13	72.97514
2	13	72.98699
2	13	72.99857
2	13	73.0106
2	13	73.02244
2	13	73.03428
2	13	73.04498
3	13	73.0641
3	13	73.08623
3	13	73.10965
3	13	73.13892
3	13	73.15608
3	13	73.17593
4	13	73.19805
4	13	73.22064
4	13	73.24527
4	13	73.26734
4	13	73.29651
4	13	73.31375
4	13	73.33286
4	12	73.35444
4	12	73.37721
4	12	73.40205
4	12	73.4246
4	12	73.45339
4	11	73.47063
4	11	73.49012
4	11	73.51501
4	11	73.53719
4	11	73.55174
4	11	73.56351
4	11	73.57557
4	10	73.59738
4	10	73.61234
4	10	73.62385
4	10	73.63591
4	10	73.64741
4	10	73.6591
4	10	73.67031
4	10	73.68217
4	10	73.69378
4	10	73.70539
4	10	73.717
4	10	73.72948
4	11	73.74741
4	11	73.7617
4	11	73.77295
4	11	73.78441
4	11	73.79634
4	11	73.80775
4	11	73.82106
4	11	73.83276
4	11	73.84437
4	12	73.85609
4	12	73.867
4	12	73.88015
4	12	73.90952
4	12	73.92558
4	12	73.94697
4	12	73.96905
4	13	73.99109
4	13	74.01339
4	13	74.03625
4	13	74.06638
4	13	74.08199
4	13	74.10357
4	13	74.12506
4	13	74.14788
3	13	74.16994
3	13	74.1925
3	13	74.21946
3	13	74.23711
3	13	74.25911
3	13	74.28166
2	13	74.3047
2	13	74.32694
2	13	74.34976
2	13	74.37685
2	13	74.39417
2	13	74.40535
2	13	74.41685
2	13	74.42751
2	13	74.43919
2	13	74.45064
2	14	74.46174
2	14	74.47318
2	14	74.48473
2	14	74.49567
2	14	74.50755
2	14	74.52568
2	14	74.53752
2	14	74.5495
2	14	74.56375
2	14	74.5778
2	15	74.59032
2	15	74.60375
2	15	74.61681
2	15	74.62829
2	15	74.63934
2	15	74.65135
2	15	74.66339
2	15	74.68237
2	15	74.69392
2	16	74.70492
2	16	74.717
2	16	74.72941
2	16	74.74088
2	16	74.75275
2	16	74.76512
2	16	74.779
2	16	74.79066
2	16	74.8016
2	16	74.81401
2	17	74.83234
2	17	74.84442
2	17	74.85664
2	17	74.87235
2	17	74.8868
2	17	74.89796
2	17	74.90958
2	17	74.92069
2	17	74.94111
2	18	74.96284
2	18	74.98597
2	18	75.01558
2	18	75.03344
2	18	75.05302
2	19	75.07497
2	19	75.09695
2	19	75.12027
2	19	75.14529
2	19	75.17562
3	19	75.19295
3	19	75.21049
3	19	75.23235
3	19	75.25786
3	19	75.27934
3	19	75.29922
4	19	75.3301
4	19	75.34856
4	19	75.36909
4	19	75.38817
4	19	75.40989
4	19	75.42176
4	19	75.43321
4	20	75.44424
4	20	75.4559
4	20	75.47763
4	20	75.49294
4	20	75.50571
4	20	75.51669
4	20	75.5286
4	20	75.54022
4	20	75.55202
4	21	75.56334
4	21	75.5755
4	21	75.58808
4	21	75.60244
4	21	75.61859
4	21	75.63951
4	21	75.6539
4	21	75.66499
4	21	75.6768
4	22	75.6885
4	22	75.69975
4	22	75.71191
4	22	75.72538
4	22	75.74091
4	22	75.75646
4	22	75.77933
4	22	75.80899
4	22	75.82669
4	22	75.84582
4	22	75.86825
4	22	75.89013
4	22	75.91255
4	22	75.93752
4	22	75.96426
4	22	75.97976
4	22	76.00189
4	22	76.02568
5	22	76.04691
5	22	76.06942
5	22	76.09344
5	22	76.12422
5	22	76.14052
5	22	76.15909
6	22	76.18085
6	22	76.20452
6	22	76.22831
6	22	76.24488
6	22	76.27159
6	22	76.28719
7	22	76.29951
7	22	76.31339
7	22	76.32612
7	22	76.34017
7	22	76.35493
7	22	76.36704
7	22	76.37952
7	22	76.3913
7	22	76.40342
7	23	76.4244
7	23	76.43896
7	23	76.45368
7	23	76.46481
7	23	76.47618
7	23	76.48785
7	23	76.49989
7	23	76.51194
7	23	76.52357
7	24	76.5356
7	24	76.55224
7	24	76.56363
7	24	76.58377
7	24	76.59803
7	24	76.61554
7	24	76.63853
7	25	76.66062
7	25	76.68302
7	25	76.70633
7	25	76.73133
7	25	76.7596
7	25	76.77779
7	24	76.79574
7	24	76.82053
7	24	76.84171
7	24	76.86262
7	24	76.88597
7	23	76.91251
7	23	76.93011
7	23	76.95216
7	23	76.97568
7	23	76.99733
7	23	77.01908
7	22	77.04126
7	22	77.06889
7	22	77.08592
7	22	77.09662
7	22	77.10841
7	22	77.11955
7	22	77.13103
7	22	77.14203
7	21	77.1535
7	21	77.16511
7	21	77.17754
7	21	77.19302
7	21	77.214
7	21	77.2293
7	21	77.24091
7	21	77.25269
7	21	77.26405
7	20	77.27626
7	20	77.28798
7	20	77.29999
7	20	77.31464
7	20	77.32946
7	20	77.34129
7	20	77.35291
7	20	77.378
7	19	77.39288
7	19	77.40419
7	19	77.41679
7	19	77.42845
7	19	77.43958
7	19	77.45084
7	19	77.46236
7	19	77.47337
7	19	77.48502
7	19	77.49703
7	19	77.50869
7	18	77.52563
7	18	77.53625
7	18	77.54778
7	18	77.56505
7	18	77.5878
7	18	77.61014
7	18	77.63194
7	19	77.65461
7	19	77.67742
7	19	77.70619
7	19	77.72203
7	19	77.74429
7	20	77.76665
7	20	77.78944
7	20	77.81212
7	20	77.8353
7	20	77.86193
7	21	77.87891
7	21	77.90073
7	21	77.92414
7	21	77.94661
7	21	77.97123
7	21	77.99113
7	22	78.01835
7	22	78.02932
7	22	78.04
7	22	78.0514
7	22	78.06323
7	22	78.07466
7	22	78.08672
7	22	78.09718
7	22	78.10929
7	22	78.12045
6	22	78.13144
6	22	78.14334
6	22	78.16007
6	22	78.17226
6	22	78.18433
6	22	78.19579
6	22	78.20728
6	22	78.21842
6	22	78.22973
6	22	78.24183
5	22	78.25311
5	22	78.26418
5	22	78.27647
5	22	78.28788
5	22	78.30075
5	22	78.31815
5	22	78.33035
5	22	78.34232
5	22	78.35313
5	22	78.36539
4	22	78.37718
4	22	78.38808
4	22	78.39915
4	22	78.41047
4	22	78.42149
4	22	78.43239
4	22	78.44372
4	22	78.45372
4	22	78.47639
3	22	78.4937
3	22	78.51551
3	22	78.5395
3	22	78.5635
3	22	78.58421
3	22	78.60519
2	22	78.63547
2	22	78.65215
2	22	78.67458
2	22	78.69408
2	22	78.71603
2	23	78.73876
2	23	78.76138
2	23	78.79103
2	23	78.81017
2	23	78.82893
2	23	78.85026
2	24	78.87302
2	24	78.89539
2	24	78.9222
2	24	78.95166
2	24	78.96899
2	25	78.98191
2	25	79.00075
2	25	79.01405
2	25	79.02891
2	25	79.04405
2	25	79.05643
2	25	79.06973
2	25	79.0827
3	25	79.105
3	25	79.12043
3	25	79.13298
3	25	79.14749
3	25	79.16162
3	25	79.17339
3	25	79.18536
3	25	79.197
3	25	79.20909
3	25	79.22092
4	25	79.23215
4	25	79.24462
4	25	79.26621
4	25	79.28093
4	25	79.29173
4	25	79.30289
4	25	79.31902
4	25	79.34176
5	25	79.364
5	25	79.38667
5	25	79.41193
5	25	79.44052
5	25	79.45766
6	25	79.47577
6	25	79.49728
6	25	79.52026
6	25	79.54489
6	25	79.5686
7	25	79.59624
7	25	79.61258
7	25	79.632
7	25	79.6543
7	25	79.67763
7	25	79.69989
8	25	79.72361
8	25	79.74953
8	25	79.76897
8	25	79.79114
8	25	79.80271
8	25	79.81408
8	25	79.82844
9	25	79.83989
9	25	79.85114
9	25	79.86383
9	25	79.87856
9	25	79.89986
9	25	79.9137
9	25	79.92577
9	25	79.93699
9	25	79.94883
10	25	79.96021
10	25	79.97142
10	25	79.98671
10	25	80.00552
10	25	80.02186
10	25	80.03342
10	25	80.05511
10	25	80.06925
10	24	80.081
10	24	80.09406
10	24	80.1087
10	24	80.1229
10	24	80.13731
10	24	80.1488
10	24	80.16116
10	24	80.1791
10	23	80.20189
10	23	80.23212
10	23	80.24976
10	23	80.27151
10	23	80.29131
10	23	80.31339
10	22	80.33595
10	22	80.35846
10	22	80.3885
10	22	80.40546
10	22	80.42528
10	22	80.44773
10	22	80.46999
10	22	80.49287
10	22	80.51535
10	22	80.54269
10	22	80.55995
10	22	80.58302
10	22	80.60406
10	22	80.62611
10	22	80.64793
10	22	80.67139
10	22	80.68932
10	22	80.7008
10	22	80.71263
10	22	80.72416
10	22	80.73662
10	22	80.7494
10	22	80.76179
10	22	80.7744
10	22	80.78703
10	22	80.79893
10	22	80.81078
10	22	80.825
10	22	80.84337
10	22	80.85454
10	22	80.86579
10	22	80.87729
10	22	80.88857
10	22	80.90034
10	22	80.91273
10	22	80.92458
10	22	80.93477
10	22	80.94684
10	22	80.95747
10	22	80.9678
10	22	80.97936
10	22	80.99615
10	22	81.00742
10	22	81.01871
10	22	81.02956
10	22	81.04995
10	22	81.07278
10	22	81.09477
10	22	81.11803
10	22	81.14017
10	22	81.16849
10	22	81.18459
10	22	81.20667
10	22	81.229
10	22	81.25128
10	22	81.27515
10	22	81.29785
10	22	81.32371
10	22	81.34101
10	22	81.36333
10	22	81.38509
10	22	81.40816
10	22	81.43034
10	22	81.45341
10	22	81.48092
10	22	81.49767
10	22	81.51363
10	22	81.52508
10	22	81.53529
10	22	81.547
10	22	81.55874
10	22	81.57017
10	22	81.58161
10	22	81.59354
10	22	81.60402
10	22	81.62237
10	22	81.63383
10	22	81.64577
11	22	81.65769
11	22	81.66869
11	22	81.68158
11	22	81.69551
11	22	81.70964
11	22	81.72129
11	22	81.73238
11	22	81.74629
11	22	81.75844
12	22	81.78045
12	22	81.79452
12	22	81.80848
12	22	81.82624
12	22	81.84161
12	22	81.854
12	22	81.8656
12	22	81.87714
12	22	81.8885
12	22	81.89895
13	22	81.91109
13	22	81.94007
13	22	81.9583
13	22	81.97762
13	22	81.99938
13	22	82.02452
13	22	82.04474
13	22	82.06689
13	22	82.09476
13	22	82.11212
13	22	82.1345
13	22	82.15611
13	22	82.17852
13	22	82.20089
12	22	82.2235
12	22	82.2513
12	22	82.26801
12	22	82.29059
12	22	82.3124
12	22	82.33579
11	22	82.35954
11	22	82.38245
11	22	82.41235
11	22	82.42998
11	22	82.44143
11	22	82.45269
11	22	82.46396
10	22	82.47504
10	22	82.48602
10	22	82.49754
10	22	82.50905
10	22	82.52025
10	22	82.53254
10	22	82.55054
10	22	82.56219
10	22	82.57323
10	22	82.58459
10	22	82.59562
10	22	82.60616
10	22	82.61808
10	22	82.6292
10	22	82.64037
10	23	82.67687
10	23	82.68858
10	23	82.70601
10	23	82.71843
10	23	82.73027
10	23	82.74155
10	23	82.75947
10	24	82.7819
10	24	82.80377
10	24	82.82654
10	24	82.84936
10	24	82.87669
10	25	82.89382
10	25	82.91638
10	25	82.93841
10	25	82.96135
10	25	82.98512
10	25	83.00762
11	25	83.03403
11	25	83.05236
11	25	83.07601
11	25	83.09815
11	25	83.11818
12	25	83.14044
12	25	83.16241
12	25	83.1923
12	25	83.20943
12	25	83.22851
12	25	83.25049
13	25	83.26231
13	25	83.27383
13	25	83.28535
13	25	83.2987
13	25	83.31454
13	25	83.33688
13	25	83.35158
13	25	83.36332
13	25	83.37473
13	26	83.38628
13	26	83.39753
13	26	83.40978
13	26	83.42514
13	26	83.43986
13	26	83.45155
13	26	83.46497
13	26	83.48546
13	26	83.49979
13	27	83.51128
13	27	83.52315
13	27	83.53755
13	27	83.55178
13	27	83.5633
13	27	83.57492
13	27	83.58659
13	27	83.59822
13	27	83.60902
13	27	83.62025
13	28	83.65092
13	28	83.66695
13	28	83.68921
13	28	83.70985
13	28	83.73165
13	29	83.75414
13	29	83.77647
13	29	83.80651
13	29	83.82436
13	29	83.84399
12	29	83.86766
12	29	83.88934
12	29	83.91195
12	29	83.9365
12	29	83.96863
12	29	83.98329
11	29	83.99998
11	29	84.02139
11	29	84.04796
11	29	84.06866
11	29	84.09146
10	29	84.12315
10	29	84.14024
10	29	84.15568
10	29	84.16767
10	29	84.18072
10	29	84.19277
10	29	84.2053
10	29	84.21882
10	29	84.2312
9	29	84.24403
9	29	84.2662
9	29	84.28236
9	29	84.29744
9	29	84.31093
9	29	84.32359
9	29	84.33633
9	29	84.34946
8	29	84.3606
8	29	84.3728
8	29	84.38509
8	29	84.39952
8	29	84.41998
8	29	84.43427
8	29	84.44618
8	29	84.45733
8	29	84.46844
7	29	84.48021
7	29	84.50128
7	29	84.52474
7	29	84.54913
7	29	84.57268
7	29	84.59949
6	29	84.61459
6	29	84.63671
6	29	84.66077
6	29	84.68461
6	29	84.70476
5	29	84.73
5	29	84.75525
5	29	84.77143
5	29	84.79462
5	29	84.8178
5	29	84.83688
4	29	84.85978
4	29	84.88612
4	29	84.9125
4	29	84.92815
4	29	84.94038
4	29	84.95169
4	29	84.96338
3	29	84.97482
3	29	84.98572
3	29	84.99693
3	29	85.01321
3	29	85.02847
3	29	85.04372
3	29	85.06065
3	29	85.07211
3	29	85.08343
2	29	85.0948
2	29	85.10629
2	29	85.1188
2	29	85.13274
2	29	85.14686
2	29	85.15845
2	29	85.17377
2	29	85.18795
2	29	85.20561
2	29	85.22586
2	29	85.23885
2	29	85.25106
2	28	85.26231
2	28	85.27417
2	28	85.28584
2	28	85.30033
2	28	85.3163
2	28	85.32758
2	28	85.34154
2	28	85.35426
2	28	85.36576
2	27	85.38996
2	27	85.40703
2	27	85.43145
2	27	85.45379
2	27	85.47393
2	27	85.49654
2	26	85.52124
2	26	85.54913
2	26	85.56564
2	26	85.58562
2	26	85.60744
2	27	85.63139
2	27	85.65701
2	27	85.68138
2	27	85.70746
2	27	85.72449
2	28	85.74494
2	28	85.76801
2	28	85.79152
2	28	85.80959
2	28	85.82194
2	28	85.83463
2	28	85.85216
2	28	85.86356
2	29	85.87511
2	29	85.88629
2	29	85.89917
2	29	85.91037
2	29	85.92135
2	29	85.93288
2	29	85.94474
2	29	85.95618
2	29	85.96681
2	29	85.97796
3	29	85.98972
3	29	86.00674
3	29	86.01837
3	29	86.02995
3	29	86.04221
3	29	86.05325
3	29	86.0683
3	29	86.08083
3	29	86.09177
3	29	86.10276
4	29	86.11455
4	29	86.12469
4	29	86.13583
4	29	86.1474
4	29	86.1641
4	29	86.17538
4	29	86.18613
4	29	86.19782
4	29	86.21983
5	29	86.24278
5	29	86.26524
5	29	86.28735
5	29	86.31127
5	29	86.33858
6	29	86.35622
6	29	86.3797
6	29	86.40182
6	29	86.42268
6	29	86.4469
6	29	86.46803
7	29	86.4949
7	29	86.51281
7	29	86.53501
7	29	86.55757
7	29	86.5798
7	28	86.60178
7	28	86.62423
7	28	86.65314
7	28	86.67168
7	28	86.68679
7	28	86.69897
7	28	86.71053
7	28	86.72059
7	27	86.73267
7	27	86.74372
7	27	86.75597
7	27	86.77068
7	27	86.78487
7	27	86.8033
7	27	86.81499
7	27	86.82635
7	27	86.83718
7	26	86.84865
7	26	86.86012
7	26	86.87196
7	26	86.88697
7	26	86.90136
7	26	86.91446
7	26	86.92892
7	26	86.94511
7	26	86.96279
7	27	86.97399
7	27	86.98528
7	27	86.99614
7	27	87.00871
7	27	87.02032
7	27	87.03146
7	27	87.04385
7	27	87.05518
7	27	87.06589
7	27	87.07705
7	27	87.08826
7	28	87.09973
7	28	87.11528
7	28	87.12731
7	28	87.14899
7	28	87.17157
7	28	87.19378
7	29	87.2172
7	29	87.23997
7	29	87.26277
7	29	87.29018
7	29	87.30566
7	29	87.32816
7	29	87.3504
7	29	87.37221
7	29	87.39508
7	29	87.41788
7	29	87.44569
7	29	87.46271
7	29	87.48604
7	29	87.50844
7	29	87.53013
8	29	87.5518
8	29	87.57392
8	29	87.60725
8	29	87.61951
8	29	87.63059
8	29	87.64189
8	29	87.65334
8	29	87.66485
8	29	87.67592
8	29	87.68763
8	29	87.69845
8	29	87.70981
8	29	87.72078
8	29	87.73328
8	29	87.75079
8	29	87.76274
8	29	87.77381
8	29	87.78497
9	29	87.79613
9	29	87.8072
9	29	87.81967
9	29	87.83115
9	29	87.84409
9	29	87.85471
9	29	87.86659
9	29	87.87838
9	29	87.88956
9	29	87.90652
10	29	87.91913
10	29	87.93443
10	29	87.94706
10	29	87.95962
10	29	87.97069
10	29	87.98218
10	29	87.99254
10	29	88.00453
10	29	88.01592
10	29	88.02737
11	29	88.03779
11	29	88.0507
11	29	88.06715
11	29	88.08028
11	29	88.09529
11	29	88.1092
11	29	88.11985
11	29	88.13238
11	29	88.15411
12	29	88.17722
12	29	88.19886
12	29	88.22152
12	29	88.25001
12	29	88.26579
12	28	88.28806
12	28	88.31166
12	28	88.33309
12	28	88.35536
12	28	88.3781
12	27	88.40535
12	27	88.42245
12	27	88.44526
12	27	88.46684
12	27	88.48937
12	27	88.51421
12	26	88.53622
12	26	88.56358
12	26	88.5801
12	26	88.60162
12	26	88.62401
12	26	88.63526
12	25	88.64735
12	25	88.65901
12	25	88.67135
12	25	88.68431
12	25	88.69746
12	25	88.71818
12	25	88.73153
12	25	88.74879
12	25	88.76093
12	25	88.77237
12	25	88.78368
12	25	88.79498
12	25	88.80591
12	25	88.81763
12	25	88.8289
12	25	88.84018
12	25	88.85216
12	25	88.86993
12	25	88.8819
12	25	88.89263
12	25	88.90388
12	25	88.91566
12	25	88.92728
12	25	88.93929
12	25	88.95155
12	26	88.96352
12	26	88.97462
12	26	88.98576
12	26	88.99641
12	26	89.00793
12	26	89.02511
12	26	89.03678
12	26	89.04769
12	26	89.06046
12	27	89.08228
12	27	89.10366
12	27	89.12619
12	27	89.14988
12	27	89.17143
12	27	89.19866
12	28	89.21573
12	28	89.23779
12	28	89.26144
12	28	89.28291
12	28	89.30489
12	29	89.32737
12	29	89.35463
12	29	89.37222
12	29	89.39456
12	29	89.41654
12	29	89.43879
12	29	89.46172
12	29	89.48401
12	29	89.51134
12	29	89.52998
12	29	89.54254
12	29	89.55495
12	29	89.56712
12	29	89.57841
12	29	89.58956
12	29	89.60059
12	29	89.6113
12	29	89.6235
12	29	89.63498
12	29	89.65192
12	29	89.66438
12	29	89.67577
12	29	89.68684
12	29	89.69807
12	29	89.70969
12	29	89.72045
12	29	89.73294
12	29	89.74435
12	29	89.75617
12	29	89.76826
12	29	89.77871
12	29	89.78994
12	29	89.80737
12	29	89.81989
12	28	89.83123
12	28	89.8426
12	28	89.85962
12	28	89.87056
12	28	89.88231
12	28	89.89315
12	28	89.90404
12	28	89.91494
12	28	89.92572
12	28	89.93747
12	27	89.95101
12	27	89.96982
12	27	89.98195
12	27	89.99307
12	27	90.00381
12	27	90.01462
12	27	90.03112
12	27	90.05302
13	27	90.07562
13	27	90.09814
13	27	90.12115
13	27	90.15089
13	27	90.16805
13	27	90.18756
14	27	90.2092
