x	y	time
15	11	0.0714514
15	11	0.08392999
15	11	0.09609109
15	11	0.117491
15	11	0.1330473
15	11	0.1445154
15	11	0.1569155
15	11	0.1673649
15	11	0.1786183
15	11	0.1904619
15	11	0.2011365
15	11	0.213198
15	11	0.2361028
15	11	0.2587721
15	11	0.2864639
15	11	0.3031277
15	11	0.3251751
15	11	0.3472153
15	11	0.3695629
15	11	0.3925608
15	11	0.4146325
15	11	0.4424904
15	11	0.4596525
15	11	0.4815736
15	11	0.5041482
15	11	0.525925
15	11	0.5488913
15	11	0.5714837
15	11	0.5987346
15	11	0.6149279
15	11	0.6379482
15	11	0.6606357
15	11	0.6821286
15	11	0.7051144
15	11	0.7230052
15	11	0.740835
15	11	0.7534452
15	11	0.7643404
15	11	0.77603
15	11	0.7890465
15	11	0.8007345
15	11	0.8125965
15	11	0.8241382
15	11	0.8353716
15	11	0.8466024
15	11	0.8584473
15	11	0.8701369
15	11	0.8822011
15	11	0.9007549
15	11	0.912651
15	11	0.9247231
15	11	0.9371666
15	11	0.9484174
15	11	0.9602371
15	11	0.9718449
15	11	0.9828559
15	11	0.9946784
15	11	1.007328
15	11	1.018637
15	11	1.030438
15	11	1.052444
15	11	1.078277
15	11	1.095516
15	11	1.118501
15	11	1.143327
15	11	1.163498
15	11	1.186281
15	11	1.209306
15	11	1.235803
15	11	1.252386
15	11	1.274153
15	11	1.296283
15	11	1.319759
15	11	1.341796
15	11	1.363828
15	11	1.392237
15	11	1.410288
15	11	1.431435
15	11	1.454754
15	11	1.475706
15	11	1.497802
15	11	1.521381
15	11	1.538602
15	11	1.550192
15	11	1.562196
15	11	1.578418
15	11	1.590345
15	11	1.602296
15	11	1.614359
15	11	1.626511
15	11	1.637849
15	11	1.650519
15	11	1.66313
15	11	1.675588
15	11	1.693613
15	11	1.705392
15	11	1.720006
15	11	1.73406
15	11	1.747294
15	11	1.761167
15	11	1.775446
15	11	1.787568
15	11	1.798735
15	11	1.810679
15	11	1.822431
15	11	1.833924
15	11	1.849834
15	11	1.866855
15	11	1.888961
15	11	1.910993
15	11	1.933191
15	11	1.955884
15	11	1.978286
15	11	2.00114
15	11	2.028691
15	11	2.045269
15	11	2.067664
15	11	2.090438
15	11	2.112289
15	11	2.134909
15	11	2.157485
15	11	2.184641
15	11	2.201747
15	11	2.22431
15	11	2.246464
15	11	2.270099
15	11	2.292576
15	11	2.314703
15	11	2.342314
15	11	2.353317
15	11	2.365398
15	11	2.377146
15	11	2.390137
15	11	2.402845
15	11	2.414891
15	11	2.427211
15	11	2.440028
15	11	2.451746
15	11	2.463891
15	11	2.476175
15	11	2.492908
15	11	2.504355
15	11	2.516069
15	11	2.528193
15	11	2.539447
15	11	2.550652
15	11	2.562351
15	11	2.574666
15	11	2.585865
15	11	2.597035
15	11	2.608634
15	11	2.621137
15	11	2.633613
15	11	2.65096
15	11	2.664164
15	11	2.675934
15	11	2.688371
15	11	2.699641
15	11	2.714987
15	11	2.725853
15	11	2.741735
15	11	2.76013
15	11	2.782266
15	11	2.804649
15	11	2.83301
15	11	2.851403
15	11	2.874034
15	11	2.894915
15	11	2.916527
15	11	2.93944
15	11	2.961452
15	11	2.99022
15	11	3.00595
15	11	3.027946
15	11	3.050395
15	11	3.072967
15	11	3.095324
15	11	3.117833
15	11	3.146657
15	11	3.162378
15	11	3.184801
15	11	3.196077
15	11	3.208067
15	11	3.219753
15	11	3.231521
15	11	3.243355
15	11	3.25434
15	11	3.266496
15	11	3.278924
15	11	3.296488
15	11	3.308827
15	11	3.320684
15	11	3.332742
15	11	3.344293
15	11	3.356032
15	11	3.366918
15	11	3.378513
15	11	3.390091
15	11	3.403039
15	11	3.414828
15	11	3.426417
15	11	3.438342
15	11	3.455418
15	11	3.467073
15	11	3.477973
15	11	3.489622
15	11	3.500756
16	11	3.513695
16	11	3.526132
16	11	3.538899
16	11	3.553645
16	11	3.568075
16	11	3.579827
16	11	3.591942
16	11	3.610529
16	11	3.626142
17	11	3.642973
17	11	3.665594
17	11	3.693208
17	11	3.715228
17	11	3.735286
18	11	3.756756
18	11	3.787464
18	11	3.802964
18	11	3.824404
18	11	3.843967
18	11	3.865797
19	11	3.888246
19	11	3.911321
19	11	3.941355
19	11	3.966263
19	11	3.980024
20	11	4.00117
20	11	4.023791
20	11	4.044846
20	11	4.069725
20	11	4.099049
20	11	4.114277
21	11	4.126419
21	11	4.137547
21	11	4.15106
21	11	4.166213
21	11	4.180041
21	11	4.192334
21	11	4.203904
21	11	4.215424
21	11	4.228948
22	11	4.250009
22	11	4.26548
22	11	4.280257
22	11	4.292136
22	11	4.303439
22	11	4.315127
22	11	4.327195
22	11	4.340969
22	11	4.353972
23	11	4.367397
23	11	4.382091
23	11	4.407472
23	11	4.424353
23	11	4.436202
23	11	4.447909
23	11	4.45969
23	11	4.47042
24	11	4.491652
24	11	4.513945
24	11	4.536639
24	11	4.566923
24	11	4.584822
24	11	4.602723
25	11	4.625506
25	11	4.648266
25	11	4.672363
25	11	4.695495
25	11	4.723545
26	11	4.740112
26	11	4.7604
26	11	4.785685
26	11	4.80682
26	11	4.827183
26	11	4.848815
27	11	4.878578
27	11	4.897722
27	11	4.918097
27	11	4.938546
27	11	4.950054
27	11	4.962561
27	10	4.973964
27	10	4.985752
27	10	5.001072
27	10	5.025236
27	10	5.041385
27	10	5.053964
27	10	5.067083
27	10	5.079692
27	10	5.091537
27	9	5.103392
27	9	5.114877
27	9	5.127446
27	9	5.142121
27	9	5.156518
27	9	5.181744
27	9	5.196054
27	9	5.20785
27	8	5.21928
27	8	5.23118
27	8	5.244369
27	8	5.258652
27	8	5.272453
27	8	5.28464
27	8	5.296374
27	8	5.308481
27	8	5.326789
27	8	5.343174
27	8	5.362155
27	8	5.384493
27	8	5.408277
27	8	5.455387
27	8	5.468397
27	8	5.485197
27	8	5.499832
27	8	5.520725
27	8	5.542373
27	8	5.563236
27	8	5.585684
27	8	5.608592
27	8	5.630453
27	8	5.658501
27	8	5.675204
27	8	5.697606
27	8	5.719851
27	8	5.741885
27	8	5.764472
27	8	5.776309
27	8	5.788095
27	8	5.806132
27	8	5.818358
27	8	5.830318
27	8	5.841939
27	8	5.853559
27	8	5.86539
27	8	5.876743
27	8	5.888842
27	8	5.900798
27	8	5.912701
27	8	5.923911
27	8	5.935438
27	8	5.947393
27	8	5.965249
27	8	5.97711
26	8	5.988569
26	8	6.000575
26	8	6.012841
26	8	6.027986
26	8	6.045856
26	8	6.059075
26	8	6.072199
26	8	6.086031
26	8	6.099664
25	8	6.122137
25	8	6.136902
25	8	6.151826
25	8	6.164221
25	8	6.175155
25	8	6.186007
25	8	6.197068
25	8	6.211464
25	8	6.234025
25	8	6.25633
25	8	6.286465
25	8	6.304354
25	8	6.32346
25	8	6.345602
25	8	6.367417
25	8	6.39003
25	8	6.41292
25	8	6.439869
25	8	6.456968
25	8	6.479447
25	8	6.50168
25	8	6.524391
25	8	6.54757
25	8	6.570575
25	8	6.598254
25	8	6.614155
25	8	6.635986
25	8	6.659273
25	8	6.669839
25	8	6.681387
25	8	6.693167
25	8	6.704737
25	8	6.716579
25	8	6.728306
25	8	6.746411
25	8	6.758295
25	8	6.770794
25	8	6.782088
25	8	6.796074
25	8	6.811736
25	8	6.823082
25	8	6.834321
25	8	6.845736
25	8	6.857325
25	8	6.86972
25	8	6.881032
25	8	6.898985
25	8	6.910591
25	8	6.92184
25	8	6.933621
25	8	6.946264
25	8	6.95858
25	8	6.970198
25	8	6.981488
25	8	6.993198
25	7	7.004911
25	7	7.01777
25	7	7.033183
25	7	7.053427
25	7	7.067399
25	7	7.078013
25	7	7.094726
25	6	7.115926
25	6	7.13863
25	6	7.164182
25	6	7.188035
25	6	7.217229
25	6	7.234831
25	5	7.250941
25	5	7.272734
25	5	7.297465
25	5	7.32033
25	5	7.340663
25	5	7.370533
25	5	7.387589
25	5	7.40735
26	5	7.428836
26	5	7.451185
26	5	7.474392
26	5	7.49858
26	5	7.528267
26	5	7.54362
27	5	7.555981
27	5	7.568134
27	5	7.580589
27	5	7.595235
27	5	7.614414
27	5	7.626094
27	5	7.6379
27	5	7.650221
27	5	7.6699
27	5	7.683893
27	5	7.695802
27	4	7.70879
27	4	7.721
27	4	7.733361
27	4	7.748015
27	4	7.76312
27	4	7.774903
27	4	7.786657
27	4	7.799123
27	4	7.811076
27	3	7.832178
27	3	7.846926
27	3	7.85861
27	3	7.872262
27	3	7.886364
27	3	7.898626
27	3	7.920804
27	3	7.94299
27	2	7.965724
27	2	7.997607
27	2	8.015591
27	2	8.032345
27	2	8.054712
27	2	8.077869
27	2	8.099437
27	2	8.122664
27	2	8.153474
27	2	8.16998
27	2	8.188822
26	2	8.211391
26	2	8.233672
26	2	8.256631
26	2	8.280989
26	2	8.312449
25	2	8.329602
25	2	8.345699
25	2	8.367808
25	2	8.382041
25	2	8.397166
25	2	8.410106
25	2	8.42189
25	2	8.433533
24	2	8.455569
24	2	8.469569
24	2	8.482031
24	2	8.496823
24	2	8.510899
24	2	8.522113
24	2	8.533421
24	2	8.545129
24	2	8.556473
24	2	8.567984
23	2	8.579631
23	2	8.591296
23	2	8.612685
23	2	8.62731
23	2	8.639348
23	2	8.650657
23	2	8.66231
23	2	8.673956
23	2	8.685038
22	2	8.699359
22	2	8.713412
22	2	8.726675
22	2	8.741655
22	2	8.766024
22	2	8.780588
22	2	8.792739
22	2	8.814424
21	2	8.838868
21	2	8.85938
21	2	8.883388
21	2	8.905975
21	2	8.933566
20	2	8.95241
20	2	8.97164
20	2	8.995718
20	2	9.018278
20	2	9.037552
19	2	9.061376
19	2	9.091044
19	2	9.108822
19	2	9.129563
19	2	9.149391
19	2	9.171446
20	2	9.194544
20	2	9.216486
20	2	9.248387
20	2	9.263775
20	2	9.27573
20	2	9.287765
20	2	9.298926
21	2	9.311969
21	2	9.32552
21	2	9.339062
21	2	9.352252
21	2	9.365556
21	2	9.379333
21	2	9.396131
21	2	9.409711
21	2	9.420704
22	2	9.4324
22	2	9.44342
22	2	9.454796
22	2	9.466805
22	2	9.478528
22	2	9.489868
22	2	9.501363
22	2	9.51337
22	2	9.525537
22	2	9.537428
23	2	9.55494
23	2	9.566332
23	2	9.577567
23	2	9.588199
23	2	9.60699
23	2	9.62999
23	2	9.652209
24	2	9.674405
24	2	9.696912
24	2	9.725146
24	2	9.741434
24	2	9.763804
24	2	9.785814
25	2	9.807949
25	2	9.8314
25	2	9.855289
25	2	9.883227
25	2	9.898757
26	2	9.920916
26	2	9.94242
26	2	9.965061
26	2	9.987082
26	2	10.00946
26	2	10.03695
27	2	10.05432
27	2	10.06657
27	2	10.08349
27	2	10.09542
27	2	10.10721
27	2	10.11901
27	2	10.13135
27	2	10.14422
27	2	10.15572
27	3	10.16785
27	3	10.18609
27	3	10.19789
27	3	10.20903
27	3	10.22086
27	3	10.23385
27	3	10.24571
27	3	10.25784
27	3	10.26992
27	3	10.28088
27	4	10.29279
27	4	10.30369
27	4	10.31483
27	4	10.3278
27	4	10.34573
27	4	10.35826
27	4	10.37341
27	4	10.38726
27	4	10.40073
27	5	10.41614
27	5	10.42991
27	5	10.44119
27	5	10.45301
27	5	10.46467
27	5	10.47606
27	5	10.48707
27	5	10.50656
27	5	10.52335
27	5	10.54545
26	5	10.56762
26	5	10.59151
26	5	10.61294
26	5	10.63497
26	5	10.65796
25	5	10.68589
25	5	10.70193
25	5	10.72422
25	5	10.74621
25	5	10.76872
25	5	10.7907
24	5	10.81381
24	5	10.84238
24	5	10.86133
24	5	10.8838
24	5	10.90737
23	5	10.92682
23	5	10.94852
23	5	10.97162
23	5	10.99374
23	5	11.00858
23	5	11.02013
23	5	11.03191
23	5	11.04331
22	5	11.05454
22	5	11.06592
22	5	11.07805
22	5	11.09319
22	5	11.10693
22	5	11.11962
22	5	11.13236
22	5	11.15315
22	5	11.16741
22	4	11.17896
22	4	11.18938
22	4	11.20195
22	4	11.21709
22	4	11.23643
22	4	11.24848
22	4	11.2606
22	4	11.273
22	4	11.28539
22	3	11.30617
22	3	11.32115
22	3	11.33577
22	3	11.34694
22	3	11.35767
22	3	11.37217
22	3	11.39449
22	2	11.41691
22	2	11.43968
22	2	11.47001
22	2	11.48677
22	2	11.50593
22	2	11.52935
23	2	11.55183
23	2	11.57445
23	2	11.59591
23	2	11.62311
23	2	11.64078
24	2	11.66262
24	2	11.68509
24	2	11.70753
24	2	11.72989
24	2	11.7523
24	2	11.77961
25	2	11.79717
25	2	11.81924
25	2	11.83067
25	2	11.84256
25	2	11.85367
25	2	11.86474
25	2	11.87562
25	2	11.88763
25	2	11.89964
26	2	11.91141
26	2	11.92851
26	2	11.94106
26	2	11.95414
26	2	11.96845
26	2	11.98322
26	2	11.99728
26	2	12.00924
26	2	12.02163
27	2	12.033
27	2	12.04425
27	2	12.05635
27	2	12.06935
27	2	12.08726
27	2	12.09887
27	2	12.11003
27	2	12.12259
27	2	12.13429
27	2	12.14646
27	3	12.15831
27	3	12.16995
27	3	12.18147
27	3	12.19354
27	3	12.20537
27	3	12.21681
27	3	12.22933
27	3	12.24612
27	3	12.25806
27	3	12.26923
27	4	12.2806
27	4	12.29864
27	4	12.32091
27	4	12.34333
27	4	12.36553
27	4	12.38855
27	5	12.41626
27	5	12.43286
27	5	12.45579
27	5	12.4772
27	5	12.50024
27	5	12.52254
27	5	12.5446
27	5	12.57306
27	5	12.58963
26	5	12.6133
26	5	12.63548
26	5	12.65799
26	5	12.67854
26	5	12.70214
25	5	12.72851
25	5	12.74683
25	5	12.76872
25	5	12.79076
25	5	12.802
25	5	12.81403
25	5	12.82558
25	5	12.83727
24	5	12.84893
24	5	12.86193
24	5	12.88435
24	5	12.89741
24	5	12.90872
24	5	12.92004
24	5	12.93158
24	5	12.9424
24	5	12.95381
23	5	12.96595
23	5	12.977
23	5	12.99013
23	5	13.0023
23	5	13.0146
23	5	13.03207
23	5	13.04325
23	5	13.0546
23	5	13.06608
23	5	13.07701
22	5	13.08895
22	5	13.10035
22	5	13.1112
22	5	13.12353
22	5	13.13457
22	5	13.14622
22	5	13.15679
22	5	13.17105
22	5	13.19825
22	6	13.2152
22	6	13.23698
22	6	13.25985
22	6	13.28455
22	6	13.30682
22	7	13.32781
22	7	13.35818
22	7	13.3759
22	7	13.3971
22	7	13.41751
22	7	13.43972
22	8	13.46194
22	8	13.48475
22	8	13.51386
22	8	13.53215
22	8	13.55061
22	9	13.57253
22	9	13.59465
22	9	13.61808
22	9	13.64184
22	9	13.66584
22	9	13.68616
22	10	13.69808
22	10	13.71005
22	10	13.72297
22	10	13.73736
22	10	13.75216
22	10	13.76508
22	10	13.77645
22	10	13.78885
22	10	13.80033
22	11	13.82279
22	11	13.83995
22	11	13.85329
22	11	13.86655
22	11	13.87919
22	11	13.89325
22	11	13.90651
22	11	13.9196
22	11	13.93154
21	11	13.94266
21	11	13.9552
21	11	13.97376
21	11	13.98526
21	11	13.99803
21	11	14.00907
21	11	14.02072
21	11	14.04193
20	11	14.06322
20	11	14.08652
20	11	14.10887
20	11	14.13856
20	11	14.15519
20	11	14.17587
19	11	14.19787
19	11	14.22081
19	11	14.24296
19	11	14.26537
19	11	14.29242
18	11	14.31018
18	11	14.33231
18	11	14.3544
18	11	14.37676
18	11	14.39897
18	11	14.42165
17	11	14.44953
17	11	14.4661
17	11	14.48851
17	11	14.49987
17	11	14.51192
17	11	14.52404
17	11	14.53532
17	11	14.54676
16	11	14.55857
16	11	14.56991
16	11	14.58196
16	11	14.59979
16	11	14.61232
16	11	14.62407
16	11	14.63567
16	11	14.64879
16	11	14.66082
16	10	14.67353
16	10	14.68756
16	10	14.70026
16	10	14.71531
16	10	14.73106
16	10	14.74295
16	10	14.76446
16	10	14.77994
16	10	14.79186
16	9	14.80319
16	9	14.81508
16	9	14.82744
16	9	14.84707
16	9	14.86144
16	9	14.87374
16	9	14.88665
16	9	14.90242
16	8	14.92387
16	8	14.93887
16	8	14.95212
16	8	14.97871
16	8	14.99244
16	8	15.00433
16	8	15.02403
16	8	15.04569
16	8	15.06881
17	8	15.09964
17	8	15.11784
17	8	15.14058
17	8	15.15895
17	8	15.18071
17	8	15.20339
18	8	15.22703
18	8	15.25953
18	8	15.27556
18	8	15.29335
18	8	15.31457
19	8	15.33765
19	8	15.36015
19	8	15.38341
19	8	15.41351
19	8	15.43037
20	8	15.44954
20	8	15.46115
20	8	15.47397
20	8	15.4887
20	8	15.50297
20	8	15.51449
20	8	15.52685
20	8	15.53964
20	8	15.55976
21	8	15.57367
21	8	15.58726
21	8	15.59973
21	8	15.61361
21	8	15.62782
21	8	15.6403
21	8	15.6519
21	8	15.66362
21	8	15.67525
21	8	15.68717
22	8	15.69928
22	8	15.71975
22	8	15.73392
22	8	15.74543
22	8	15.75854
22	8	15.77328
22	8	15.78726
22	8	15.8004
22	8	15.81316
22	8	15.82865
22	8	15.85109
22	8	15.87844
22	8	15.89619
22	8	15.91817
21	8	15.94171
21	8	15.96297
21	8	15.98527
21	8	16.00857
21	8	16.03609
21	8	16.05264
20	8	16.07506
20	8	16.09637
20	8	16.11959
20	8	16.14277
20	8	16.1642
19	8	16.19135
19	8	16.20843
19	8	16.23057
19	8	16.25324
19	8	16.2751
19	8	16.29847
19	7	16.31108
19	7	16.32401
19	7	16.34559
19	7	16.36263
19	7	16.37873
19	7	16.39199
19	7	16.40442
19	7	16.41671
19	6	16.42872
19	6	16.44114
19	6	16.45353
19	6	16.46833
19	6	16.48322
19	6	16.5043
19	6	16.51986
19	6	16.532
19	6	16.54326
19	5	16.55543
19	5	16.56669
19	5	16.57871
19	5	16.59354
19	5	16.60863
19	5	16.62026
19	5	16.63271
19	5	16.6443
19	5	16.66558
19	5	16.67915
19	5	16.69117
19	5	16.71119
19	5	16.73339
19	5	16.75617
18	5	16.77831
18	5	16.80202
18	5	16.83058
18	5	16.84762
18	5	16.87004
18	5	16.89138
17	5	16.91499
17	5	16.93703
17	5	16.96188
17	5	16.98985
17	5	17.00529
16	5	17.02438
16	5	17.0458
16	5	17.06877
16	5	17.0928
16	5	17.11625
16	5	17.14534
16	5	17.16142
16	5	17.17316
16	5	17.18581
16	5	17.19689
16	5	17.20915
16	5	17.22108
16	5	17.23254
16	5	17.24441
16	5	17.25616
16	5	17.26832
16	5	17.28573
16	5	17.29834
16	5	17.30988
16	5	17.32135
16	5	17.33294
16	5	17.34937
16	5	17.36505
16	5	17.37808
16	5	17.39191
16	5	17.40589
16	5	17.42002
16	5	17.4377
16	5	17.449
16	5	17.46228
16	5	17.47433
16	5	17.48625
16	5	17.50413
16	5	17.52692
16	5	17.54872
16	5	17.57109
16	5	17.59816
16	5	17.61597
16	5	17.63821
16	5	17.66056
16	4	17.68289
16	4	17.70565
16	4	17.72879
16	4	17.75875
16	4	17.77695
16	4	17.79516
16	3	17.81752
16	3	17.84013
16	3	17.86444
16	3	17.88727
16	3	17.91417
16	2	17.93145
16	2	17.95128
16	2	17.974
16	2	17.98738
16	2	18.00508
16	2	18.01862
16	2	18.03234
16	2	18.0441
16	2	18.06482
16	2	18.08034
17	2	18.09251
17	2	18.10378
17	2	18.11594
17	2	18.13166
17	2	18.14624
17	2	18.15881
17	2	18.16991
17	2	18.1811
17	2	18.19313
18	2	18.20527
18	2	18.22639
18	2	18.24175
18	2	18.25746
18	2	18.26854
18	2	18.28017
18	2	18.29185
18	2	18.3028
18	2	18.3138
18	2	18.32562
19	2	18.33655
19	2	18.35285
19	2	18.37572
19	2	18.40758
19	2	18.42389
19	2	18.44283
20	2	18.46447
20	2	18.48739
20	2	18.50955
20	2	18.53283
20	2	18.56226
21	2	18.57798
21	2	18.60334
21	2	18.62114
21	2	18.64285
21	2	18.66524
21	2	18.68945
22	2	18.7159
22	2	18.7342
22	2	18.75563
22	2	18.77749
22	2	18.80006
23	2	18.82289
23	2	18.83401
23	2	18.84582
23	2	18.86428
23	2	18.8763
23	2	18.88813
23	2	18.89959
23	2	18.91105
23	2	18.92243
23	2	18.9333
24	2	18.94694
24	2	18.96193
24	2	18.97313
24	2	18.98425
24	2	18.9963
24	2	19.01342
24	2	19.03094
24	2	19.04478
25	2	19.06001
25	2	19.07276
25	2	19.08558
25	2	19.09815
25	2	19.11105
25	2	19.1244
25	2	19.1379
25	2	19.15028
25	2	19.16765
25	2	19.17828
26	2	19.18925
26	2	19.20268
26	2	19.22416
26	2	19.24623
26	2	19.269
26	2	19.29114
27	2	19.31359
27	2	19.34223
27	2	19.35888
27	2	19.38061
27	2	19.40315
27	2	19.42529
27	2	19.44762
27	2	19.47024
27	2	19.49723
27	2	19.51487
27	2	19.53728
27	2	19.55953
27	2	19.5814
27	2	19.60418
27	2	19.62733
27	2	19.65632
27	2	19.67277
27	2	19.6845
26	2	19.69659
26	2	19.70755
26	2	19.71927
26	2	19.73064
26	2	19.74205
26	2	19.75319
26	2	19.76458
26	2	19.77686
26	2	19.78808
26	2	19.80627
25	2	19.81756
25	2	19.8361
25	2	19.84711
25	2	19.85931
25	2	19.87085
25	2	19.88172
25	2	19.89406
25	2	19.90594
25	2	19.91702
25	2	19.92876
24	2	19.94079
24	2	19.95966
24	2	19.97085
24	2	19.98183
24	2	19.99362
24	2	20.00559
24	2	20.01651
24	2	20.02864
24	2	20.04066
24	2	20.05156
23	2	20.06304
23	2	20.07433
23	2	20.08606
23	2	20.09802
23	2	20.11597
23	2	20.12823
23	2	20.14118
23	2	20.15328
23	2	20.16553
23	2	20.18131
22	2	20.19553
22	2	20.20786
22	2	20.22078
22	2	20.23192
22	2	20.24361
22	2	20.25573
22	2	20.27402
22	2	20.28591
22	2	20.29745
21	2	20.30893
21	2	20.32053
21	2	20.33202
21	2	20.34382
21	2	20.3554
21	2	20.36605
21	2	20.37698
21	2	20.39734
21	2	20.41993
20	2	20.44645
20	2	20.46393
20	2	20.48659
20	2	20.50834
20	2	20.5313
19	2	20.554
19	2	20.57618
19	2	20.60356
19	2	20.62149
19	2	20.64392
19	2	20.66509
18	2	20.68836
18	2	20.71066
18	2	20.73252
18	2	20.75942
18	2	20.77668
19	2	20.79909
19	2	20.82194
19	2	20.84431
19	2	20.86607
19	2	20.87798
19	2	20.89083
19	2	20.90908
20	2	20.92125
20	2	20.93259
20	2	20.94425
20	2	20.95615
20	2	20.97651
20	2	20.98936
20	2	21.00026
20	2	21.01149
20	2	21.0234
20	2	21.0341
21	2	21.04725
21	2	21.06575
21	2	21.07738
21	2	21.09007
21	2	21.10141
21	2	21.11304
21	2	21.12476
21	2	21.13608
21	2	21.14937
22	2	21.16245
22	2	21.1741
22	2	21.18559
22	2	21.19884
22	2	21.21947
22	2	21.2321
22	2	21.24608
22	2	21.25938
22	2	21.27166
22	3	21.28428
22	3	21.29528
22	3	21.31232
22	3	21.33471
22	3	21.35739
22	3	21.38443
22	3	21.40309
22	4	21.42457
22	4	21.44702
22	4	21.46988
22	4	21.49217
22	4	21.51434
22	5	21.54198
22	5	21.55924
22	5	21.58089
22	5	21.60345
22	5	21.62721
22	6	21.64911
22	6	21.6714
22	6	21.69779
22	6	21.71507
22	6	21.73703
22	6	21.75949
22	7	21.78201
22	7	21.79356
22	7	21.80606
22	7	21.81703
22	7	21.82849
22	7	21.84802
22	7	21.85966
22	7	21.87152
22	7	21.88302
22	7	21.89438
22	7	21.90507
22	7	21.9159
22	7	21.92766
22	7	21.93924
22	7	21.95147
22	7	21.9629
22	7	21.97493
22	7	21.98645
22	7	22.00404
22	7	22.01501
22	8	22.02659
22	8	22.03818
22	8	22.04944
22	8	22.06101
22	8	22.07242
22	8	22.08388
22	8	22.09923
22	8	22.11082
22	8	22.12192
22	8	22.13274
22	9	22.14496
22	9	22.16355
22	9	22.17523
22	9	22.18626
22	9	22.19793
22	9	22.20983
22	9	22.22066
22	9	22.23173
22	9	22.24358
22	9	22.25431
22	10	22.27366
22	10	22.29654
22	10	22.32688
22	10	22.34264
22	10	22.36455
22	11	22.38646
22	11	22.40858
22	11	22.43066
22	11	22.45618
22	11	22.48332
22	11	22.50168
22	12	22.51928
22	12	22.54221
22	12	22.56632
22	12	22.58784
22	12	22.60921
22	13	22.6413
22	13	22.65911
22	13	22.67936
22	13	22.69874
22	13	22.72117
22	13	22.74266
22	14	22.75481
22	14	22.76712
22	14	22.7896
22	14	22.80523
22	14	22.81669
22	14	22.8295
22	14	22.84053
22	14	22.85262
22	14	22.86448
22	15	22.87563
22	15	22.88565
22	15	22.89845
22	15	22.91291
22	15	22.92805
22	15	22.94746
22	15	22.96264
22	15	22.97376
22	15	22.98435
22	17	22.99648
22	17	23.0121
22	17	23.02512
22	17	23.03955
22	17	23.05399
22	17	23.06536
22	17	23.07635
22	17	23.09033
23	17	23.11929
23	17	23.13702
23	17	23.15887
23	17	23.18024
23	17	23.20255
23	17	23.22376
24	17	23.24511
24	17	23.27516
24	17	23.294
24	17	23.32022
24	17	23.33482
24	17	23.35764
25	17	23.37994
25	17	23.40326
25	17	23.43251
25	17	23.45097
25	17	23.47008
26	17	23.49218
26	17	23.51448
26	17	23.53586
26	17	23.56094
26	17	23.59034
27	17	23.60549
27	17	23.61802
27	17	23.63088
27	17	23.64387
27	17	23.65886
27	17	23.67051
27	17	23.68189
27	17	23.69446
27	17	23.70683
27	17	23.71894
27	16	23.73947
27	16	23.75582
27	16	23.77031
27	16	23.78204
27	16	23.79396
27	16	23.8055
27	16	23.81673
27	16	23.82847
27	16	23.84027
27	15	23.8519
27	15	23.86485
27	15	23.87751
27	15	23.89815
27	15	23.91235
27	15	23.92438
27	15	23.93583
27	15	23.94884
27	15	23.96372
27	14	23.97778
27	14	23.98973
27	14	24.0065
27	14	24.03132
27	14	24.05892
27	14	24.07691
26	14	24.09418
26	14	24.11653
26	14	24.14063
26	14	24.16429
26	14	24.18871
25	14	24.21754
25	14	24.23382
25	14	24.25067
25	14	24.27469
25	14	24.29795
25	14	24.31761
25	14	24.34024
25	14	24.36992
25	14	24.38755
25	14	24.40804
25	14	24.42938
25	14	24.4518
25	14	24.47425
25	14	24.48536
25	14	24.49727
25	14	24.53189
25	14	24.54612
25	14	24.55947
25	14	24.57238
25	14	24.58749
25	14	24.5987
25	14	24.61034
25	14	24.6218
25	14	24.63345
25	14	24.64475
25	14	24.65693
25	14	24.67419
25	14	24.68549
25	14	24.69672
25	14	24.7084
25	14	24.71978
25	14	24.7311
25	14	24.74251
25	14	24.75361
25	14	24.76494
25	14	24.77654
25	14	24.7876
25	14	24.79869
25	14	24.81066
25	14	24.82742
25	14	24.8385
25	14	24.85337
25	14	24.87708
25	14	24.89864
25	14	24.92222
25	14	24.94488
25	13	24.96654
25	13	24.99353
25	13	25.01131
25	13	25.03763
25	13	25.05691
25	13	25.07792
25	12	25.09931
25	12	25.12366
25	12	25.15375
25	12	25.1701
25	12	25.18895
25	11	25.21123
25	11	25.23362
25	11	25.25563
25	11	25.27816
25	11	25.30552
25	11	25.32353
25	11	25.33519
25	11	25.34577
25	11	25.35686
25	11	25.36819
25	11	25.37899
25	11	25.39024
25	11	25.40202
25	11	25.41309
25	11	25.42432
25	11	25.43534
25	11	25.45228
25	11	25.46357
25	11	25.47435
25	11	25.48756
25	11	25.50095
25	12	25.51486
25	12	25.5269
25	12	25.53967
25	12	25.55243
25	12	25.56374
25	12	25.57448
25	12	25.58685
25	12	25.60354
25	12	25.6154
25	13	25.62713
25	13	25.63946
25	13	25.65129
25	13	25.66253
25	13	25.67373
25	13	25.68979
25	13	25.70105
25	13	25.7133
25	13	25.72459
25	13	25.73525
25	13	25.74704
25	14	25.76423
25	14	25.77653
25	14	25.78653
25	14	25.79749
25	14	25.81381
25	14	25.83618
25	14	25.85903
26	14	25.88216
26	14	25.90351
26	14	25.93177
26	14	25.94889
26	14	25.97122
27	14	25.99354
27	14	26.01571
27	14	26.03961
27	14	26.0626
27	14	26.08998
27	14	26.1053
27	14	26.12769
27	15	26.14999
27	15	26.17139
27	15	26.19433
27	15	26.21664
27	15	26.24457
27	15	26.26265
27	16	26.28403
27	16	26.29532
27	16	26.30684
27	16	26.31789
27	16	26.32946
27	16	26.34159
27	16	26.35285
27	16	26.36408
27	16	26.37548
27	17	26.39388
27	17	26.40646
27	17	26.41855
27	17	26.43053
27	17	26.4418
27	17	26.45325
27	17	26.46535
27	17	26.47638
27	17	26.48757
27	17	26.50066
27	17	26.51389
27	18	26.52728
27	18	26.54579
27	18	26.56051
27	18	26.57485
27	18	26.5865
27	18	26.5978
27	18	26.60908
27	18	26.62075
27	18	26.63237
27	19	26.64376
27	19	26.65514
27	19	26.66749
27	19	26.68263
27	19	26.70357
27	19	26.71731
27	19	26.72928
27	19	26.73962
27	19	26.75307
27	20	26.77518
27	20	26.79802
27	20	26.82169
27	20	26.84505
27	20	26.87292
26	20	26.89084
26	20	26.90921
26	20	26.93172
26	20	26.95631
26	20	26.97849
26	20	26.99875
25	20	27.02835
25	20	27.04783
25	20	27.06837
25	20	27.08857
25	20	27.11081
25	20	27.13333
25	20	27.15638
25	20	27.18565
25	20	27.20237
25	21	27.22218
25	21	27.23425
25	21	27.24572
25	21	27.25932
25	21	27.27298
25	21	27.28414
25	21	27.29527
25	21	27.30694
25	21	27.32664
25	22	27.34088
25	22	27.35287
25	22	27.36523
25	22	27.37968
25	22	27.39371
25	22	27.40615
25	22	27.41798
25	22	27.42925
25	22	27.44041
25	22	27.45251
25	23	27.46534
25	23	27.48528
25	23	27.50068
25	23	27.51531
25	23	27.52683
25	23	27.53914
25	23	27.55065
25	23	27.56302
25	23	27.5743
26	23	27.5856
26	23	27.59634
26	23	27.60867
26	23	27.62941
26	23	27.65659
26	23	27.67304
26	23	27.69107
27	23	27.71358
27	23	27.73572
27	23	27.75869
27	23	27.78308
27	23	27.81116
27	23	27.82861
27	23	27.8474
27	24	27.86973
27	24	27.89215
27	24	27.91507
27	24	27.93953
27	24	27.96799
27	25	27.98386
27	25	28.00372
27	25	28.02682
27	25	28.05036
27	25	28.07325
27	25	28.08518
27	25	28.09904
27	26	28.12511
27	26	28.14019
27	26	28.15492
27	26	28.1676
27	26	28.17861
27	26	28.19072
27	26	28.20166
27	26	28.21245
27	26	28.2233
27	27	28.23456
27	27	28.24663
27	27	28.259
27	27	28.27983
27	27	28.29455
27	27	28.30637
27	27	28.31742
27	27	28.32939
27	27	28.33999
27	28	28.35157
27	28	28.36346
27	28	28.37553
27	28	28.38982
27	28	28.40499
27	28	28.41702
27	28	28.43778
27	28	28.45141
27	28	28.46262
27	29	28.47381
27	29	28.49703
27	29	28.51969
27	29	28.54337
27	29	28.56616
27	29	28.58609
27	30	28.61488
27	30	28.63411
27	30	28.65392
27	30	28.6735
27	30	28.69659
27	30	28.71888
27	30	28.74111
27	30	28.77409
27	30	28.79128
27	30	28.80941
27	30	28.83138
26	30	28.8529
26	30	28.87458
26	30	28.89788
26	30	28.92056
26	30	28.93668
26	30	28.94782
26	30	28.95969
26	30	28.9708
25	30	28.98212
25	30	28.99484
25	30	29.00722
25	30	29.02174
25	30	29.03609
25	30	29.04839
25	30	29.06876
25	30	29.08773
24	30	29.09915
24	30	29.11046
24	30	29.12287
24	30	29.13705
24	30	29.15289
24	30	29.1657
24	30	29.17912
24	30	29.19169
24	30	29.20502
23	30	29.22882
23	30	29.2442
23	30	29.2583
23	30	29.27497
23	30	29.28576
23	30	29.29703
23	30	29.31112
23	30	29.33399
22	30	29.3673
22	30	29.40932
22	30	29.43573
22	29	29.46783
22	29	29.50035
22	29	29.53474
22	29	29.57569
22	28	29.60565
22	28	29.63699
22	28	29.67208
22	27	29.70883
22	27	29.74957
22	27	29.77623
22	27	29.80655
22	26	29.8379
22	26	29.87125
22	26	29.91335
22	26	29.94134
22	25	29.96908
22	25	30.00277
22	25	30.03905
22	24	30.07873
22	24	30.10886
22	24	30.12799
22	24	30.15177
22	24	30.17261
22	24	30.19264
22	23	30.22313
22	23	30.24071
22	23	30.26176
22	23	30.28269
22	23	30.30357
23	23	30.32615
23	23	30.34989
23	23	30.37904
23	23	30.39631
23	23	30.41611
24	23	30.43873
24	23	30.46162
24	23	30.48455
24	23	30.50937
24	23	30.53722
24	23	30.55312
25	23	30.57168
25	23	30.5944
25	23	30.61666
25	23	30.63893
25	23	30.66168
26	23	30.6891
26	23	30.70633
26	23	30.72887
26	23	30.75132
26	23	30.77266
26	23	30.7955
27	23	30.81819
27	23	30.84716
27	23	30.86417
27	23	30.88547
27	23	30.90759
27	24	30.93092
27	24	30.95237
27	24	30.97477
27	24	31.00571
27	24	31.02109
27	24	31.04833
27	25	31.06579
27	25	31.0874
27	25	31.11276
27	25	31.13218
27	25	31.16037
27	26	31.17591
27	26	31.19793
27	26	31.22046
27	26	31.24367
27	26	31.26541
27	26	31.28843
27	25	31.31486
27	25	31.33336
27	25	31.35524
27	25	31.36642
27	25	31.37814
27	25	31.38913
27	25	31.40034
27	25	31.41264
27	24	31.42467
27	24	31.4358
27	24	31.44737
27	24	31.46434
27	24	31.47579
27	24	31.48736
27	24	31.4987
27	24	31.51011
27	24	31.52259
27	24	31.53414
27	23	31.54587
27	23	31.55716
27	23	31.56832
27	23	31.58001
27	23	31.59097
27	23	31.60269
27	23	31.62051
27	23	31.63198
27	23	31.64425
27	23	31.6584
27	23	31.67134
27	23	31.6849
27	23	31.69829
27	23	31.71072
27	23	31.72215
27	23	31.73397
27	23	31.7452
27	23	31.75677
27	23	31.77493
27	23	31.78645
27	23	31.79779
27	23	31.80945
27	23	31.82273
27	23	31.83424
27	23	31.84491
27	23	31.85827
27	23	31.88003
27	23	31.90216
27	24	31.92451
27	24	31.95226
27	24	31.96921
27	24	31.99172
27	24	32.01435
27	24	32.0365
27	25	32.05852
27	25	32.08252
27	25	32.10859
27	25	32.12553
27	25	32.14909
27	26	32.17019
27	26	32.19289
27	26	32.21502
27	26	32.23841
27	26	32.26595
26	26	32.28236
26	26	32.30452
26	26	32.32686
26	26	32.35187
26	26	32.37408
26	26	32.38683
26	26	32.39906
25	26	32.42028
25	26	32.43603
25	26	32.45064
25	26	32.46293
25	26	32.47452
25	26	32.48634
25	26	32.4984
25	26	32.51035
25	26	32.52468
24	26	32.53757
24	26	32.55063
24	26	32.57243
24	26	32.58633
24	26	32.59821
24	26	32.60942
24	26	32.62155
24	26	32.6338
24	26	32.6464
23	26	32.65784
23	26	32.67099
23	26	32.68434
23	26	32.70178
23	26	32.72248
23	26	32.73763
23	26	32.74856
23	26	32.75892
22	26	32.77369
22	26	32.79568
22	26	32.81789
22	26	32.83998
22	26	32.86299
22	26	32.8908
22	25	32.90724
22	25	32.92964
22	25	32.95338
22	25	32.97371
22	25	32.99664
22	24	33.0192
22	24	33.04649
22	24	33.06331
22	24	33.08614
22	24	33.10835
22	24	33.13276
22	23	33.15353
22	23	33.17743
22	23	33.20576
22	23	33.22183
22	23	33.23438
22	23	33.24697
22	23	33.25875
22	22	33.27011
22	22	33.28123
22	22	33.29266
22	22	33.30693
22	22	33.3215
22	22	33.33341
22	22	33.35355
22	22	33.36728
22	22	33.37832
22	21	33.39119
22	21	33.40388
22	21	33.41702
22	21	33.43158
22	21	33.44559
22	21	33.46199
22	21	33.4738
22	21	33.48597
22	20	33.50516
22	20	33.52057
22	20	33.53253
22	20	33.54724
22	20	33.56211
22	20	33.57378
22	20	33.58488
22	20	33.59639
22	20	33.61118
22	21	33.63323
22	21	33.65688
22	21	33.68637
22	21	33.70452
22	21	33.72933
22	21	33.74821
22	22	33.77121
22	22	33.79339
22	22	33.81557
22	22	33.84441
22	22	33.86054
22	23	33.87634
22	23	33.89729
22	23	33.91961
22	23	33.94191
22	23	33.96554
22	23	33.99125
22	22	34.00864
22	22	34.03097
22	22	34.05402
22	22	34.07719
22	22	34.09043
22	22	34.10258
22	21	34.11691
22	21	34.1382
22	21	34.15139
22	21	34.16297
22	21	34.17427
22	21	34.18599
22	21	34.19749
22	21	34.20881
22	21	34.2211
22	21	34.23441
22	20	34.24693
22	20	34.26022
22	20	34.27338
22	20	34.29011
22	20	34.30133
22	20	34.31253
22	20	34.32379
22	20	34.33559
22	20	34.34723
22	20	34.35835
22	19	34.36997
22	19	34.38156
22	19	34.39336
22	19	34.40932
22	19	34.42885
22	19	34.45683
22	19	34.47457
22	18	34.49371
22	18	34.51624
22	18	34.54
22	18	34.56251
22	18	34.58428
22	17	34.61297
22	17	34.63028
22	17	34.65125
22	17	34.67242
22	17	34.69435
22	17	34.71736
23	17	34.73989
23	17	34.76696
23	17	34.78479
23	17	34.80632
23	17	34.8289
24	17	34.8515
24	17	34.8743
24	17	34.89655
24	17	34.91764
24	17	34.93097
24	17	34.94495
24	17	34.95879
25	17	34.97122
25	17	34.98294
25	17	34.99463
25	17	35.00591
25	17	35.01721
25	17	35.02874
25	17	35.0409
25	17	35.05309
25	17	35.07025
25	17	35.08185
25	17	35.09328
26	17	35.10514
26	17	35.11665
26	17	35.12802
26	17	35.13995
26	17	35.15286
26	17	35.16867
26	17	35.17994
26	17	35.19178
26	17	35.20375
27	17	35.22151
27	17	35.23355
27	17	35.24499
27	17	35.25564
27	17	35.26666
27	17	35.28649
27	17	35.30827
27	17	35.33107
27	18	35.35417
27	18	35.38339
27	18	35.40018
27	18	35.42263
27	18	35.4436
27	19	35.46563
27	19	35.48724
27	19	35.50965
27	19	35.5373
27	19	35.55455
27	19	35.57652
27	20	35.59887
27	20	35.62161
27	20	35.64397
27	20	35.66634
27	20	35.69395
26	20	35.7108
26	20	35.73333
26	20	35.74452
26	20	35.75606
26	20	35.76756
26	20	35.77789
26	20	35.78926
26	20	35.80077
26	20	35.81194
26	20	35.82391
25	20	35.84154
25	20	35.85262
25	20	35.86306
25	20	35.87547
25	20	35.88713
25	20	35.90303
25	20	35.91673
25	20	35.93075
25	20	35.94311
25	20	35.95451
25	20	35.96589
25	20	35.97845
25	20	35.99625
25	20	36.00758
25	20	36.01942
25	20	36.03081
25	20	36.0419
25	20	36.05424
25	20	36.06595
25	20	36.07801
25	20	36.08973
25	20	36.1013
25	20	36.11227
25	20	36.12387
25	20	36.1357
25	20	36.15507
25	20	36.1665
25	20	36.17722
25	20	36.19064
25	21	36.21297
25	21	36.2356
25	21	36.25827
25	21	36.28085
25	21	36.30323
25	22	36.33114
25	22	36.34834
25	22	36.36974
25	22	36.39212
25	22	36.41422
25	22	36.43671
25	23	36.45964
25	23	36.49002
25	23	36.50457
25	23	36.52795
25	23	36.5497
25	23	36.57061
25	23	36.59308
24	23	36.61559
24	23	36.64414
24	23	36.66011
24	23	36.67244
24	23	36.68378
24	23	36.69502
24	23	36.70607
24	23	36.71802
23	23	36.72937
23	23	36.74167
23	23	36.75294
23	23	36.7647
23	23	36.77606
23	23	36.79398
23	23	36.80589
23	23	36.81729
23	23	36.82961
23	23	36.8408
22	23	36.85225
22	23	36.86347
22	23	36.87479
22	23	36.8871
22	23	36.8983
22	23	36.90927
22	23	36.92135
22	23	36.93325
22	23	36.95066
22	23	36.96404
22	22	36.97503
22	22	36.98771
22	22	37.00068
22	22	37.01637
22	22	37.02868
22	22	37.03995
22	22	37.05223
22	22	37.06372
22	22	37.07542
22	22	37.08731
22	21	37.10456
22	21	37.11623
22	21	37.12757
22	21	37.1395
22	21	37.1518
22	21	37.16299
22	21	37.17406
22	21	37.18712
22	21	37.20323
22	21	37.21351
22	20	37.22992
22	20	37.25275
22	20	37.27966
22	20	37.29734
22	20	37.31978
21	20	37.3409
21	20	37.36348
21	20	37.3885
21	20	37.41216
21	20	37.43929
21	20	37.4582
20	20	37.47768
20	20	37.50042
20	20	37.52496
20	20	37.54505
20	20	37.56554
19	20	37.59582
19	20	37.61445
19	20	37.63489
19	20	37.65504
19	20	37.67638
19	20	37.69908
18	20	37.71072
18	20	37.72335
18	20	37.74485
18	20	37.76006
18	20	37.77235
18	20	37.78438
18	20	37.79639
18	20	37.8077
18	20	37.81966
17	20	37.83174
17	20	37.84357
17	20	37.85586
17	20	37.87025
17	20	37.88468
17	20	37.90549
17	20	37.91986
17	20	37.93032
17	20	37.94236
16	20	37.95378
16	20	37.96595
16	20	37.97943
16	20	37.99455
16	20	38.01292
16	20	38.02605
16	20	38.04119
16	20	38.06271
16	21	38.07887
16	21	38.09123
16	21	38.11296
16	21	38.13768
16	21	38.15968
16	21	38.1793
16	22	38.20649
16	22	38.2328
16	22	38.24889
16	22	38.26855
16	22	38.29148
16	22	38.31357
16	23	38.33614
16	23	38.35962
16	23	38.38928
16	23	38.40739
16	23	38.42534
16	23	38.44711
16	23	38.47036
16	23	38.49216
16	23	38.51463
16	23	38.53043
16	23	38.54474
16	23	38.55758
17	23	38.56934
17	23	38.58059
17	23	38.59292
17	23	38.60781
17	23	38.62339
17	23	38.63536
17	23	38.64664
17	23	38.65865
17	23	38.67097
18	23	38.69127
18	23	38.70563
18	23	38.71822
18	23	38.73201
18	23	38.74646
18	23	38.75767
18	23	38.76875
18	23	38.77993
18	23	38.79173
18	23	38.80286
19	23	38.81485
19	23	38.82711
19	23	38.84841
19	23	38.86231
19	23	38.87418
19	23	38.88567
19	23	38.90556
19	24	38.92769
19	24	38.95001
19	24	38.97349
19	24	38.99774
19	24	39.0273
19	24	39.04324
19	25	39.06214
19	25	39.08479
19	25	39.10875
19	25	39.13069
19	25	39.15169
19	26	39.1847
19	26	39.20273
19	26	39.22366
19	26	39.242
19	26	39.26343
19	26	39.28499
20	26	39.30809
20	26	39.33829
20	26	39.3558
20	26	39.36848
20	26	39.37983
20	26	39.39124
20	26	39.40415
21	26	39.41578
21	26	39.42772
21	26	39.4403
21	26	39.45905
21	26	39.47859
21	26	39.49405
21	26	39.50567
21	26	39.51653
21	26	39.52857
22	26	39.54048
22	26	39.55173
22	26	39.56357
22	26	39.57484
22	26	39.5861
22	26	39.59791
22	26	39.61056
22	26	39.63235
22	26	39.64573
22	26	39.65841
21	26	39.67145
21	26	39.68334
21	26	39.69523
21	26	39.70715
21	26	39.71854
21	26	39.73009
21	26	39.74106
21	26	39.75168
21	26	39.76553
20	26	39.79317
20	26	39.81038
20	26	39.83219
20	26	39.85555
20	26	39.87727
20	26	39.89971
19	26	39.92305
19	26	39.94961
19	26	39.96741
19	26	39.98911
19	26	40.01088
18	26	40.03301
18	26	40.05566
18	26	40.07896
18	26	40.10819
18	26	40.12617
18	26	40.14562
17	26	40.16771
17	26	40.19104
17	26	40.21653
17	26	40.23922
17	26	40.26427
16	26	40.28034
16	26	40.29308
16	26	40.30498
16	26	40.32081
16	26	40.33564
16	26	40.34717
16	26	40.35926
16	26	40.37094
16	26	40.38194
16	27	40.39513
16	27	40.4161
16	27	40.4318
16	27	40.44576
16	27	40.45779
16	27	40.46942
16	27	40.48084
16	27	40.4928
16	27	40.50459
16	28	40.51626
16	28	40.52822
16	28	40.54086
16	28	40.55684
16	28	40.57668
16	28	40.59172
16	28	40.6025
16	28	40.61785
16	28	40.62909
16	29	40.64727
16	29	40.66948
16	29	40.69277
16	29	40.71695
16	29	40.74879
16	30	40.7661
16	30	40.78233
16	30	40.80473
16	30	40.82932
16	30	40.85182
16	30	40.87162
17	30	40.9021
17	30	40.91921
17	30	40.94061
17	30	40.9602
17	30	40.9828
18	30	41.00536
18	30	41.02849
18	30	41.05912
18	30	41.07592
18	30	41.09576
18	30	41.10703
18	30	41.11833
19	30	41.12997
19	30	41.14067
19	30	41.15452
19	30	41.16864
19	30	41.18498
19	30	41.20621
19	30	41.2206
19	30	41.23145
19	30	41.24345
20	30	41.25968
20	30	41.27544
20	30	41.28894
20	30	41.30578
20	30	41.32124
20	30	41.33335
20	30	41.34688
20	30	41.36739
21	30	41.38174
21	30	41.39334
21	30	41.40668
21	30	41.42094
21	30	41.43519
21	30	41.44695
21	30	41.45687
21	30	41.46795
21	30	41.48483
22	30	41.50859
22	30	41.53791
22	30	41.55504
22	30	41.5759
22	30	41.59793
22	29	41.6204
22	29	41.64264
22	29	41.66537
22	29	41.69358
22	29	41.70956
22	29	41.73168
22	28	41.75416
22	28	41.7758
22	28	41.79829
22	28	41.82104
22	28	41.84787
22	27	41.86675
22	27	41.88987
22	27	41.91032
22	27	41.93237
22	27	41.95528
22	27	41.97009
22	27	41.98158
22	26	42.00076
22	26	42.01243
22	26	42.02385
22	26	42.03556
22	26	42.04839
22	26	42.06009
22	26	42.07216
22	26	42.08323
22	26	42.09562
22	24	42.23339
22	24	42.25605
22	24	42.26793
22	24	42.27944
22	24	42.29145
22	24	42.3031
22	24	42.31459
22	24	42.32601
22	24	42.34132
22	23	42.35678
22	23	42.36932
22	23	42.38036
22	23	42.39315
22	23	42.41487
22	23	42.42831
22	23	42.4416
22	23	42.45334
22	23	42.46429
22	22	42.47573
22	22	42.48785
22	22	42.49877
22	22	42.51024
22	22	42.52415
22	22	42.54665
22	22	42.57421
22	22	42.59194
22	21	42.61412
22	21	42.63603
22	21	42.65881
22	21	42.68148
22	21	42.70293
22	20	42.73122
22	20	42.74777
22	20	42.7693
22	20	42.79253
22	20	42.81439
22	20	42.83696
21	20	42.85943
21	20	42.88799
21	20	42.90438
21	20	42.92654
21	20	42.94901
20	20	42.97122
20	20	42.99411
20	20	43.00779
20	20	43.02013
20	20	43.04052
20	20	43.05398
20	20	43.06644
20	20	43.07779
19	20	43.08991
19	20	43.10184
19	20	43.11287
19	20	43.12448
19	20	43.13515
19	20	43.15089
19	20	43.1793
19	20	43.19633
18	20	43.20803
18	20	43.21848
18	20	43.23067
18	20	43.24784
18	20	43.25866
18	20	43.26994
18	20	43.28191
18	20	43.29755
18	20	43.3106
18	20	43.32255
17	20	43.33493
17	20	43.35163
17	20	43.36305
17	20	43.37374
17	20	43.39533
17	20	43.41749
17	20	43.44043
16	20	43.46248
16	20	43.48459
16	20	43.50738
16	20	43.53646
16	20	43.55354
15	20	43.57526
15	20	43.59779
15	20	43.61971
15	20	43.64511
15	20	43.66639
14	20	43.69489
14	20	43.71156
14	20	43.73119
14	20	43.75533
14	20	43.77731
14	20	43.7979
15	20	43.82056
15	20	43.85427
15	20	43.86986
15	20	43.88129
15	20	43.89377
15	20	43.90579
15	20	43.91831
15	20	43.92983
16	20	43.94206
16	20	43.95387
16	20	43.96554
16	20	43.97781
16	20	43.99999
16	20	44.014
16	20	44.02601
16	20	44.04029
16	20	44.05262
17	20	44.06568
17	20	44.07887
17	20	44.09182
17	20	44.10361
17	20	44.11483
17	20	44.12788
17	20	44.14518
17	20	44.15856
17	20	44.16985
18	20	44.18249
18	20	44.2005
18	20	44.22335
18	20	44.24557
18	20	44.26654
18	20	44.28949
19	20	44.31702
19	20	44.33432
19	20	44.35658
19	20	44.37807
19	20	44.40099
19	20	44.42377
19	19	44.44556
19	19	44.47347
19	19	44.49271
19	19	44.51527
19	19	44.5346
19	18	44.5573
19	18	44.57929
19	18	44.60247
19	18	44.63248
19	18	44.65105
19	18	44.66931
19	17	44.69226
19	17	44.70476
19	17	44.72273
19	17	44.7377
19	17	44.74953
19	17	44.76253
19	17	44.78427
19	16	44.79858
19	16	44.81003
19	16	44.82265
19	16	44.8364
19	16	44.85097
19	16	44.86312
19	16	44.87486
19	16	44.88615
19	16	44.89814
19	16	44.91032
19	15	44.92157
19	15	44.94246
19	15	44.95829
19	15	44.97214
19	15	44.98363
19	15	44.99525
19	15	45.00726
19	15	45.01995
19	15	45.03126
19	14	45.04867
19	14	45.07077
19	14	45.09435
19	14	45.12502
19	14	45.14201
19	13	45.16104
19	13	45.18308
19	13	45.20598
19	13	45.22967
19	13	45.25214
19	13	45.27989
19	12	45.29782
19	12	45.31974
19	12	45.34122
19	12	45.36378
19	12	45.38401
19	11	45.40749
19	11	45.4364
19	11	45.45362
19	11	45.47306
19	11	45.49526
19	11	45.51768
19	11	45.52957
19	11	45.54155
19	11	45.55262
19	11	45.5633
19	11	45.58394
19	11	45.59757
19	11	45.61088
19	12	45.62386
19	12	45.63726
19	12	45.64974
19	12	45.66138
19	12	45.67198
19	12	45.68399
19	12	45.69812
19	12	45.71073
19	12	45.72451
19	13	45.74186
19	13	45.75271
19	13	45.76862
19	13	45.78032
19	13	45.79179
19	13	45.8041
19	13	45.8159
19	13	45.8287
19	13	45.84035
19	13	45.8517
19	14	45.86283
19	14	45.874
19	14	45.89312
19	14	45.90868
19	14	45.93089
19	14	45.95364
19	14	45.97588
18	14	45.99813
18	14	46.0224
18	14	46.04644
18	14	46.07332
18	14	46.09252
17	14	46.10992
17	14	46.13211
17	14	46.1549
17	14	46.17934
17	14	46.20188
16	14	46.23034
16	14	46.24746
16	14	46.2667
16	14	46.29339
16	14	46.31488
16	14	46.33445
15	14	46.35622
15	14	46.37634
15	14	46.39303
15	14	46.40948
15	14	46.42179
15	14	46.43357
15	14	46.44484
15	14	46.45651
15	14	46.46786
14	14	46.47998
14	14	46.4926
14	14	46.50544
14	14	46.52147
14	14	46.54184
14	14	46.55662
14	14	46.56835
14	14	46.58028
14	14	46.59196
13	14	46.60338
13	14	46.61475
13	14	46.6279
13	14	46.64253
13	14	46.65713
13	14	46.6683
13	14	46.67992
13	14	46.70095
12	14	46.72559
12	14	46.73685
12	14	46.74852
12	14	46.76267
12	14	46.78205
12	14	46.80253
12	14	46.82594
11	14	46.84708
11	14	46.8769
11	14	46.8955
11	14	46.91613
11	14	46.93649
11	14	46.95873
10	14	46.98114
10	14	47.00883
10	14	47.03415
10	14	47.0513
10	14	47.07027
10	13	47.09274
10	13	47.11544
10	13	47.13824
10	13	47.16339
10	13	47.19
10	12	47.20699
10	12	47.22726
10	12	47.23969
10	12	47.25499
10	12	47.27077
10	12	47.28344
10	12	47.29592
10	12	47.30846
10	12	47.32242
10	11	47.35191
10	11	47.36859
10	11	47.38421
10	11	47.39602
10	11	47.40836
10	11	47.42032
10	11	47.43177
10	11	47.44363
11	11	47.45705
11	11	47.46891
11	11	47.48217
11	11	47.50331
11	11	47.51736
11	11	47.5302
11	11	47.54171
11	11	47.5524
11	11	47.56171
12	11	47.57331
12	11	47.59567
12	11	47.61848
12	11	47.64301
12	11	47.67022
12	11	47.68753
13	11	47.70728
13	11	47.73017
13	11	47.75434
13	11	47.77715
13	11	47.7971
13	10	47.82716
13	10	47.84486
13	10	47.86542
13	10	47.88584
13	10	47.90845
13	10	47.93077
13	9	47.95464
13	9	47.98638
13	9	48.00204
13	9	48.02136
13	9	48.04221
13	8	48.06432
13	8	48.07519
13	8	48.08823
13	8	48.10169
13	8	48.1181
13	8	48.14075
13	8	48.15513
13	8	48.16637
13	8	48.17838
13	8	48.1897
13	8	48.20152
13	8	48.21325
13	8	48.22451
13	8	48.2372
13	8	48.25268
13	8	48.26436
12	8	48.2769
12	8	48.29509
12	8	48.30759
12	8	48.32185
12	8	48.33597
12	8	48.34706
12	8	48.35859
12	8	48.37021
12	8	48.38228
11	8	48.39539
11	8	48.40804
11	8	48.42075
11	8	48.44007
11	8	48.46553
11	8	48.48165
11	8	48.49504
11	8	48.50733
10	8	48.51933
10	8	48.53345
10	8	48.55619
10	8	48.58067
10	8	48.60274
10	8	48.63158
9	8	48.64816
9	8	48.66806
9	8	48.69057
9	8	48.7151
9	8	48.73738
9	8	48.75768
8	8	48.78783
8	8	48.80464
8	8	48.82607
8	8	48.84638
8	8	48.86835
7	8	48.89039
7	8	48.91352
7	8	48.9432
7	8	48.96357
7	8	48.97837
7	8	48.99143
7	7	49.0052
7	7	49.0186
7	7	49.03112
7	7	49.04676
7	7	49.06104
7	7	49.07314
7	7	49.09451
7	7	49.10848
7	7	49.12025
7	6	49.13261
7	6	49.14447
7	6	49.15708
7	6	49.17105
7	6	49.18538
7	6	49.19703
7	6	49.20762
7	6	49.22018
7	6	49.23247
7	5	49.25231
7	5	49.26705
7	5	49.27981
7	5	49.29383
7	5	49.3082
7	5	49.31916
7	5	49.3317
7	5	49.3488
7	4	49.37291
7	4	49.39368
7	4	49.42442
7	4	49.44262
7	4	49.46039
7	4	49.48241
7	3	49.50422
7	3	49.52723
7	3	49.55089
7	3	49.58204
7	3	49.60029
7	2	49.61865
7	2	49.64076
7	2	49.66201
7	2	49.6856
7	2	49.70868
7	2	49.73653
8	2	49.75388
8	2	49.77353
8	2	49.78709
8	2	49.80146
8	2	49.81269
8	2	49.82445
8	2	49.83579
8	2	49.84681
8	2	49.8573
9	2	49.86983
9	2	49.88941
9	2	49.90541
9	2	49.91964
9	2	49.93212
9	2	49.94361
9	2	49.95671
9	2	49.96794
9	2	49.97899
10	2	49.99029
10	2	50.00176
10	2	50.01468
10	2	50.03198
10	2	50.05417
10	2	50.06909
10	2	50.07985
10	2	50.09106
10	2	50.10288
11	2	50.11348
11	2	50.12482
11	2	50.13861
11	2	50.15459
11	2	50.16845
11	2	50.17934
11	2	50.19043
11	2	50.21668
12	2	50.23431
12	2	50.25388
12	2	50.27632
12	2	50.30098
12	2	50.32322
12	2	50.34393
13	2	50.3746
13	2	50.39115
13	2	50.41224
13	2	50.43238
13	2	50.4548
14	2	50.47686
14	2	50.50002
14	2	50.53176
14	2	50.54786
14	2	50.56673
14	2	50.58894
15	2	50.61306
15	2	50.63547
15	2	50.65998
15	2	50.68197
15	2	50.69751
15	2	50.71315
16	2	50.72467
16	2	50.73587
16	2	50.74735
16	2	50.75922
16	2	50.7701
16	2	50.78162
16	2	50.79303
16	2	50.80439
16	2	50.81651
16	2	50.8333
15	2	50.84469
15	2	50.85553
15	2	50.8667
15	2	50.87752
15	2	50.88872
15	2	50.90127
15	2	50.91263
15	2	50.9246
15	2	50.93583
15	2	50.94671
15	2	50.95852
14	2	50.97021
14	2	50.98755
14	2	50.99895
14	2	51.01066
14	2	51.02214
14	2	51.03358
14	2	51.04524
14	2	51.05798
14	2	51.06985
14	2	51.0816
13	2	51.09297
13	2	51.10444
13	2	51.11579
13	2	51.12719
13	2	51.1465
13	2	51.15871
13	2	51.16964
13	2	51.18256
13	2	51.1965
12	2	51.2095
12	2	51.22289
12	2	51.23509
12	2	51.24739
12	2	51.25938
12	2	51.26994
12	2	51.28161
12	2	51.30781
12	2	51.32601
11	2	51.34784
11	2	51.37012
11	2	51.39413
11	2	51.41548
11	2	51.4385
10	2	51.46575
10	2	51.48285
10	2	51.50482
10	2	51.52706
10	2	51.54973
9	2	51.57328
9	2	51.59582
9	2	51.62208
9	2	51.63897
9	2	51.66082
9	2	51.68327
8	2	51.70604
8	2	51.72794
8	2	51.75084
8	2	51.77908
8	2	51.78984
8	2	51.80173
8	2	51.81238
7	2	51.82824
7	2	51.84008
7	2	51.85146
7	2	51.86386
7	2	51.8748
7	2	51.88655
7	2	51.89789
7	2	51.90933
7	2	51.92722
7	3	51.93851
7	3	51.94948
7	3	51.96075
7	3	51.97227
7	3	51.98345
7	3	51.99484
7	3	52.00636
7	3	52.0177
7	3	52.02951
7	3	52.04029
7	3	52.05123
7	4	52.0639
7	4	52.08311
7	4	52.09441
7	4	52.10534
7	4	52.11699
7	4	52.12769
7	4	52.13985
7	4	52.15165
7	4	52.16362
7	4	52.17466
7	5	52.18554
7	5	52.19667
7	5	52.20765
7	5	52.21943
7	5	52.23657
7	5	52.2487
7	5	52.26324
7	5	52.27663
7	5	52.28944
7	5	52.3029
7	6	52.31567
7	6	52.32717
7	6	52.33902
7	6	52.34939
7	6	52.36163
7	6	52.37237
7	6	52.38808
7	6	52.39954
7	6	52.42001
7	7	52.44236
7	7	52.46521
7	7	52.48693
7	7	52.50945
7	7	52.53284
7	8	52.56185
7	8	52.57828
7	8	52.59922
7	8	52.62173
7	8	52.64378
7	8	52.66658
8	8	52.68872
8	8	52.71685
8	8	52.733
8	8	52.7557
8	8	52.7776
9	8	52.80079
9	8	52.82292
9	8	52.84507
9	8	52.87307
9	8	52.88416
9	8	52.89508
9	8	52.90655
10	8	52.91755
10	8	52.93424
10	8	52.94549
10	8	52.95816
10	8	52.97005
10	8	52.98208
10	8	52.99345
10	8	53.00522
10	8	53.02273
10	8	53.03376
10	7	53.04426
10	7	53.05572
10	7	53.06893
10	7	53.08353
10	7	53.09905
10	7	53.11008
10	7	53.12274
10	7	53.13422
10	7	53.14672
10	7	53.15939
10	6	53.18155
10	6	53.19699
10	6	53.21107
10	6	53.22263
10	6	53.23476
10	6	53.24601
10	6	53.25765
10	6	53.26871
10	5	53.2829
10	5	53.30487
10	5	53.32689
10	5	53.35558
10	5	53.37301
10	5	53.3922
10	5	53.41591
10	5	53.43642
10	5	53.45934
10	5	53.48188
10	5	53.50938
10	5	53.52634
10	5	53.54939
10	5	53.57131
10	5	53.59344
10	5	53.61596
10	5	53.63823
10	5	53.66598
10	5	53.68297
10	5	53.70535
10	5	53.72749
10	5	53.7508
10	5	53.77249
10	5	53.78382
10	5	53.79584
10	5	53.81312
10	5	53.82398
10	5	53.83557
10	5	53.84594
10	5	53.85728
10	5	53.86745
10	5	53.87929
10	5	53.89114
10	5	53.90119
10	5	53.91142
10	5	53.92311
10	5	53.93326
10	5	53.94441
10	5	53.95712
10	5	53.97361
10	5	53.98587
10	5	53.99677
10	5	54.00872
10	5	54.02168
10	5	54.03342
10	5	54.04435
10	5	54.05699
10	5	54.07293
10	5	54.08435
10	5	54.09608
10	5	54.10754
10	5	54.12573
10	5	54.13698
10	5	54.14912
10	5	54.16087
10	5	54.17208
10	5	54.18437
10	5	54.19585
10	5	54.20666
10	5	54.2185
10	5	54.22967
10	5	54.24172
10	5	54.25359
10	5	54.26551
10	5	54.28608
10	5	54.29892
10	5	54.31145
10	5	54.32414
10	5	54.3381
10	5	54.35128
10	5	54.36467
10	5	54.37778
10	5	54.39021
10	5	54.40298
10	5	54.41701
10	5	54.43617
10	5	54.44941
10	5	54.46604
10	5	54.48814
10	5	54.50937
10	5	54.53199
10	5	54.55431
10	5	54.578
10	5	54.60596
10	5	54.62269
10	5	54.64465
10	5	54.66621
10	5	54.68779
10	5	54.71035
10	5	54.73288
10	5	54.76045
10	5	54.77777
10	5	54.7999
10	5	54.82256
10	5	54.84415
10	5	54.86734
10	5	54.88972
10	5	54.91701
10	5	54.92821
10	5	54.93944
10	5	54.95113
10	5	54.96243
10	5	54.97394
10	5	54.98437
10	5	54.9958
11	5	55.00738
11	5	55.01896
11	5	55.03022
11	5	55.04456
11	5	55.09579
11	5	55.11134
11	5	55.12269
12	5	55.13509
12	5	55.14599
12	5	55.15857
12	5	55.17302
12	5	55.19011
12	5	55.2022
12	5	55.22241
12	5	55.241
13	5	55.25196
13	5	55.26388
13	5	55.27626
13	5	55.29084
13	5	55.30446
13	5	55.31512
13	5	55.32563
13	5	55.34646
13	5	55.37014
13	5	55.39965
13	5	55.41767
13	5	55.43832
13	5	55.45975
13	5	55.48333
13	5	55.50464
13	4	55.52688
13	4	55.5537
13	4	55.5717
13	4	55.59507
13	4	55.61734
13	4	55.63765
13	3	55.65933
13	3	55.68235
13	3	55.71254
13	3	55.73122
13	3	55.75078
13	2	55.7727
13	2	55.79422
13	2	55.81643
13	2	55.83951
13	2	55.86058
13	2	55.87529
13	2	55.88646
14	2	55.89919
14	2	55.9104
14	2	55.9222
14	2	55.93398
14	2	55.94513
14	2	55.95745
14	2	55.96807
14	2	55.97845
14	2	55.99107
14	2	56.00867
15	2	56.02005
15	2	56.03123
15	2	56.04253
15	2	56.0537
15	2	56.06489
15	2	56.07678
15	2	56.08848
15	2	56.09961
15	2	56.11076
15	2	56.12247
15	2	56.13366
14	2	56.14491
14	2	56.16405
14	2	56.17556
14	2	56.18719
14	2	56.19991
14	2	56.21764
14	2	56.24104
13	2	56.26245
13	2	56.28537
13	2	56.30783
13	2	56.33508
13	2	56.35325
13	2	56.37515
12	2	56.39753
12	2	56.41915
12	2	56.44228
12	2	56.46405
12	2	56.49191
11	2	56.50964
11	2	56.5312
11	2	56.55367
11	2	56.57668
11	2	56.59816
11	2	56.62091
10	2	56.64765
10	2	56.66537
10	2	56.68771
10	2	56.69869
10	2	56.7107
10	2	56.72189
10	2	56.73262
10	2	56.74431
9	2	56.75526
9	2	56.76626
9	2	56.77773
9	2	56.79486
9	2	56.80593
9	2	56.81656
9	2	56.82982
9	2	56.84331
9	2	56.85856
9	2	56.87103
8	2	56.8831
8	2	56.89711
8	2	56.90829
8	2	56.91972
8	2	56.93127
8	2	56.94899
8	2	56.96087
8	2	56.97224
8	2	56.98391
7	2	56.99504
7	2	57.00692
7	2	57.0186
7	2	57.03003
7	2	57.04134
7	2	57.05256
7	2	57.06336
7	2	57.07433
7	2	57.08638
7	2	57.10372
7	2	57.11464
6	2	57.12674
6	2	57.13896
6	2	57.15303
6	2	57.16998
6	2	57.19017
6	2	57.21308
6	2	57.23476
5	2	57.25734
5	2	57.28815
5	2	57.30452
5	2	57.32415
5	2	57.34618
4	2	57.36918
4	2	57.3911
4	2	57.41362
4	2	57.44429
4	2	57.46398
4	2	57.48122
3	2	57.50296
3	2	57.52505
3	2	57.54975
3	2	57.5726
3	2	57.60305
2	2	57.62085
2	2	57.63362
2	2	57.64818
2	2	57.66283
2	2	57.67459
2	2	57.69181
2	2	57.70322
2	2	57.71405
2	2	57.72641
2	3	57.74777
2	3	57.76259
2	3	57.77707
2	3	57.78947
2	3	57.80149
2	3	57.81271
2	3	57.82534
2	3	57.83665
2	3	57.84824
2	4	57.8599
2	4	57.87165
2	4	57.88456
2	4	57.90507
2	4	57.92095
2	4	57.93303
2	4	57.94614
2	4	57.95803
2	5	57.97131
2	5	57.98355
2	5	57.99545
2	5	58.00969
2	5	58.02334
2	5	58.03939
2	5	58.06974
2	5	58.0873
3	5	58.10601
3	5	58.12864
3	5	58.15345
3	5	58.17535
3	5	58.19624
4	5	58.22804
4	5	58.24424
4	5	58.26524
4	5	58.28468
4	5	58.30753
4	5	58.32962
5	5	58.35217
5	5	58.3824
5	5	58.39882
5	5	58.41957
5	5	58.44099
6	5	58.46362
6	5	58.4859
6	5	58.49715
6	5	58.51157
6	5	58.53109
6	5	58.54688
6	5	58.5584
6	5	58.56963
7	5	58.58258
7	5	58.59597
7	5	58.60841
7	5	58.61972
7	5	58.6308
7	5	58.64244
7	5	58.65524
7	5	58.66701
7	5	58.68435
7	5	58.69601
7	6	58.70653
7	6	58.71878
7	6	58.72991
7	6	58.74158
7	6	58.75249
7	6	58.76376
7	6	58.77541
7	6	58.78743
7	6	58.79873
7	6	58.80984
7	6	58.8256
7	7	58.84235
7	7	58.85541
7	7	58.87651
7	7	58.8989
7	7	58.92159
7	7	58.94389
7	8	58.96603
7	8	58.98888
7	8	59.01746
7	8	59.03312
7	8	59.05532
7	8	59.07819
7	8	59.10073
7	8	59.12348
7	8	59.1482
7	8	59.17545
7	8	59.19285
7	9	59.21221
7	9	59.23494
7	9	59.2589
7	9	59.28083
7	9	59.30166
7	10	59.33142
7	10	59.34682
7	10	59.36147
7	10	59.37274
7	10	59.38356
7	10	59.39512
7	10	59.40704
7	10	59.41854
7	10	59.43013
7	11	59.44096
7	11	59.45274
7	11	59.47383
7	11	59.49162
7	11	59.50441
7	11	59.51622
7	11	59.52967
7	11	59.54115
7	11	59.55215
7	12	59.56389
7	12	59.57521
7	12	59.58706
7	12	59.60155
7	12	59.61959
7	12	59.64394
7	12	59.66022
7	12	59.67222
7	13	59.68257
7	13	59.6938
7	13	59.71424
7	13	59.73862
7	13	59.76084
7	13	59.78168
7	14	59.812
7	14	59.82862
7	14	59.84801
7	14	59.87272
7	14	59.89534
7	14	59.9149
7	15	59.93727
7	15	59.99151
7	15	60.00647
7	15	60.02024
7	15	60.03209
7	17	60.04903
7	17	60.07189
7	17	60.09461
7	17	60.12393
7	17	60.14279
7	17	60.16327
7	16	60.17696
7	16	60.19044
7	16	60.20271
7	16	60.21527
7	16	60.22802
7	16	60.24115
7	16	60.25346
7	16	60.27077
7	16	60.28202
7	16	60.29298
7	15	60.30434
7	15	60.31487
7	15	60.32679
7	15	60.33879
7	15	60.35054
7	15	60.36209
7	15	60.37411
7	15	60.38523
7	15	60.39679
7	15	60.40969
7	14	60.42737
7	14	60.439
7	14	60.4504
7	14	60.46239
7	14	60.47367
7	14	60.48529
7	14	60.49697
7	14	60.50869
7	14	60.52002
7	14	60.53202
7	13	60.54343
7	13	60.55528
7	13	60.56652
7	13	60.58401
7	13	60.59602
7	13	60.60675
7	13	60.61801
7	13	60.62978
7	13	60.64093
7	13	60.65264
7	12	60.66489
7	12	60.67678
7	12	60.68874
7	12	60.70009
7	12	60.71196
7	12	60.72406
7	12	60.74185
7	12	60.75282
7	12	60.76689
7	12	60.78172
7	11	60.79443
7	11	60.80649
7	11	60.81728
7	11	60.82955
7	11	60.84151
7	11	60.85364
7	11	60.86483
7	11	60.87676
7	11	60.89537
7	10	60.90688
7	10	60.91809
7	10	60.92992
7	10	60.94122
7	10	60.95253
7	10	60.96516
7	10	60.9768
7	10	60.98755
7	10	60.99895
7	10	61.02224
7	9	61.04379
7	9	61.07142
7	9	61.08837
7	9	61.10989
7	9	61.13231
7	8	61.15567
7	8	61.17719
7	8	61.20027
7	8	61.2294
7	8	61.24697
7	8	61.26706
8	8	61.28979
8	8	61.31164
8	8	61.33372
8	8	61.35728
8	8	61.38355
8	8	61.40108
8	8	61.42361
8	8	61.44561
8	8	61.46778
8	8	61.47941
8	8	61.49152
8	8	61.50261
8	8	61.51548
9	8	61.53883
9	8	61.55107
9	8	61.56327
9	8	61.57489
9	8	61.58598
9	8	61.59761
9	8	61.60903
9	8	61.62121
9	8	61.63181
10	8	61.64364
10	8	61.6549
10	8	61.66685
10	8	61.68488
10	8	61.69733
10	8	61.70813
10	8	61.71955
10	8	61.73072
10	8	61.74171
10	8	61.75504
11	8	61.76801
11	8	61.78084
11	8	61.79336
11	8	61.804
11	8	61.81513
11	8	61.83814
11	8	61.86432
11	8	61.88132
12	8	61.9033
12	8	61.92551
12	8	61.94786
12	8	61.97081
12	8	61.99314
12	9	62.02101
12	9	62.03864
12	9	62.05996
12	9	62.082
12	9	62.1044
12	10	62.1279
12	10	62.15137
12	10	62.17892
12	10	62.19378
12	10	62.21647
12	10	62.23849
12	11	62.26197
12	11	62.28365
12	11	62.2951
12	11	62.30711
12	11	62.32402
12	11	62.33551
12	11	62.34599
12	11	62.35707
12	11	62.3674
12	11	62.38354
12	11	62.39564
12	11	62.40886
12	11	62.42033
12	11	62.43229
12	11	62.44349
12	11	62.45495
12	11	62.46813
12	11	62.48504
12	11	62.49698
11	11	62.50863
11	11	62.52019
11	11	62.53157
11	11	62.54293
11	11	62.55508
11	11	62.56712
11	11	62.57837
11	11	62.59021
11	11	62.60247
11	11	62.61416
11	11	62.62606
10	11	62.64272
10	11	62.65421
10	11	62.66607
10	11	62.67799
10	11	62.68919
10	11	62.70051
10	11	62.71287
10	11	62.72407
10	11	62.73557
9	11	62.75247
9	11	62.77623
9	11	62.80309
9	11	62.81946
9	11	62.84199
9	11	62.8658
8	11	62.88759
8	11	62.91011
8	11	62.93396
8	11	62.96252
8	11	62.97889
7	11	62.99833
7	11	63.02124
7	11	63.04478
7	11	63.06797
7	11	63.09176
6	11	63.11802
6	11	63.13547
6	11	63.15623
6	11	63.17682
6	11	63.199
6	11	63.22139
6	11	63.23236
6	11	63.24517
6	11	63.26313
6	11	63.27695
6	11	63.29153
6	11	63.30637
6	11	63.31868
6	11	63.33031
6	11	63.34216
6	11	63.35308
5	11	63.36512
5	11	63.37666
5	11	63.38807
5	11	63.40341
5	11	63.42398
5	11	63.43779
5	11	63.44888
5	11	63.46144
5	11	63.47187
4	11	63.48262
4	11	63.494
4	11	63.51105
4	11	63.52542
4	11	63.53878
4	11	63.554
4	11	63.5763
4	11	63.59329
3	11	63.61253
3	11	63.63451
3	11	63.65754
3	11	63.6811
3	11	63.70522
2	11	63.73286
2	11	63.74877
2	11	63.76944
2	11	63.7939
2	11	63.81611
2	11	63.83586
2	10	63.85964
2	10	63.88907
2	10	63.90573
2	10	63.92753
2	10	63.94844
2	10	63.96936
2	9	63.99382
2	9	64.01615
2	9	64.04626
2	9	64.06083
2	9	64.07238
2	9	64.0838
2	8	64.09565
2	8	64.10725
2	8	64.12021
2	8	64.13519
2	8	64.15038
2	8	64.16323
2	8	64.17514
2	8	64.19656
2	8	64.21072
3	8	64.22121
3	8	64.23261
3	8	64.24548
3	8	64.26069
3	8	64.27734
3	8	64.29207
3	8	64.30459
3	8	64.31751
3	8	64.33084
4	8	64.35497
4	8	64.36967
4	8	64.38377
4	8	64.39615
4	8	64.4106
4	8	64.42281
4	8	64.44048
4	7	64.46262
4	7	64.48633
4	7	64.5151
4	7	64.53221
4	7	64.55107
4	7	64.57317
4	6	64.59525
4	6	64.61765
4	6	64.64346
4	6	64.67001
4	6	64.68722
4	5	64.70684
4	5	64.72883
4	5	64.75137
4	5	64.77526
4	5	64.79758
4	5	64.82474
4	5	64.84243
4	5	64.86393
4	5	64.88541
4	5	64.89736
4	5	64.90925
4	5	64.91992
4	5	64.93081
4	5	64.94215
4	5	64.9541
4	6	64.97205
4	6	64.98392
4	6	64.99539
4	6	65.00839
4	6	65.02116
4	6	65.03333
4	6	65.04568
4	6	65.05863
4	6	65.0708
4	6	65.08209
4	7	65.09393
4	7	65.10556
4	7	65.12205
4	7	65.13342
4	7	65.14622
4	7	65.15749
4	7	65.1683
4	7	65.17992
4	7	65.19182
4	7	65.20314
4	8	65.21435
4	8	65.22576
4	8	65.23737
4	8	65.24815
4	8	65.25974
4	8	65.27673
4	8	65.28835
4	8	65.30029
4	8	65.31236
4	8	65.32352
4	8	65.33432
3	8	65.35488
3	8	65.37719
3	8	65.39986
3	8	65.42377
3	8	65.45147
3	8	65.46772
2	8	65.49075
2	8	65.51265
2	8	65.53399
2	8	65.55631
2	8	65.58206
2	8	65.60587
2	8	65.62299
2	8	65.64484
2	8	65.6667
2	8	65.69025
2	8	65.71275
2	9	65.73529
2	9	65.76308
2	9	65.77991
2	9	65.80183
2	9	65.82439
2	9	65.83594
2	9	65.8474
2	10	65.85863
2	10	65.86928
2	10	65.88071
2	10	65.89197
2	10	65.909
2	10	65.9203
2	10	65.93216
2	10	65.94288
2	10	65.95357
2	10	65.97029
2	11	65.98512
2	11	65.99762
2	11	66.00928
2	11	66.02063
2	11	66.03194
2	11	66.0429
2	11	66.06025
2	11	66.07229
2	11	66.08363
3	11	66.09525
3	11	66.10618
3	11	66.11822
3	11	66.12993
3	11	66.14178
3	11	66.15315
3	11	66.16417
3	11	66.17529
3	11	66.18636
3	11	66.19858
3	11	66.21525
4	11	66.22672
4	11	66.23898
4	11	66.2549
4	11	66.26658
4	11	66.27708
4	11	66.28777
4	11	66.30381
4	11	66.32718
5	11	66.34945
5	11	66.37697
5	11	66.39451
5	11	66.41695
5	11	66.43892
6	11	66.4614
6	11	66.48391
6	11	66.5058
6	11	66.53347
6	11	66.55206
6	11	66.57415
7	11	66.5966
7	11	66.61791
7	11	66.6402
7	11	66.6623
7	11	66.69179
6	12	66.70679
6	12	66.72942
6	12	66.75136
6	12	66.77385
6	12	66.78501
6	12	66.79736
6	12	66.80745
6	12	66.81903
6	13	66.83775
6	13	66.84892
6	13	66.86032
6	13	66.87085
6	13	66.88157
6	13	66.89272
6	13	66.90457
6	13	66.91621
6	13	66.9264
6	13	66.93677
6	13	66.94795
6	14	66.95897
6	14	66.97021
6	14	66.98909
6	14	67.00126
6	14	67.01438
6	14	67.02731
6	14	67.04064
6	14	67.0528
6	14	67.06445
6	15	67.08099
6	15	67.09307
6	15	67.10351
6	15	67.1144
6	15	67.12641
6	15	67.14584
6	15	67.15784
6	15	67.16876
6	15	67.18095
6	15	67.19248
6	16	67.20387
6	16	67.21484
6	16	67.22697
6	16	67.2391
6	16	67.24856
6	16	67.25928
6	16	67.27679
6	16	67.30461
6	17	67.32239
6	17	67.34369
6	17	67.36528
6	17	67.38794
6	17	67.41081
6	17	67.4331
5	17	67.46172
5	17	67.47802
5	17	67.50211
5	17	67.52436
5	17	67.54493
5	17	67.56808
5	17	67.59052
5	17	67.62856
5	17	67.64508
5	17	67.65769
5	17	67.67877
4	17	67.70098
4	17	67.72397
4	17	67.7489
4	17	67.77048
4	17	67.78577
4	17	67.79803
3	17	67.8091
3	17	67.82035
3	17	67.83245
3	17	67.84698
3	17	67.8616
3	17	67.87309
3	17	67.8842
3	17	67.89568
3	17	67.90737
2	17	67.92803
2	17	67.94194
2	17	67.95311
2	17	67.96726
2	17	67.98089
2	17	67.99245
2	17	68.00395
2	17	68.01527
2	17	68.02747
2	17	68.03892
2	16	68.05094
2	16	68.06269
2	16	68.08622
2	16	68.1004
2	16	68.11194
2	16	68.12572
2	16	68.14761
2	16	68.16994
2	15	68.19278
2	15	68.21622
2	15	68.24491
2	15	68.26303
2	15	68.28179
2	14	68.30373
2	14	68.32621
2	14	68.34874
2	14	68.37371
2	14	68.40298
2	14	68.41914
2	14	68.43865
2	14	68.46051
3	14	68.48387
3	14	68.50542
3	14	68.52966
3	14	68.55993
3	14	68.57717
3	14	68.59037
3	14	68.6042
4	14	68.61789
4	14	68.6321
4	14	68.64865
4	14	68.66405
4	14	68.67722
4	14	68.68929
4	14	68.70963
4	14	68.72349
4	14	68.73467
4	14	68.74663
4	14	68.7569
4	14	68.76874
4	13	68.78017
4	13	68.79154
4	13	68.80328
4	13	68.81796
4	13	68.83293
4	13	68.84515
4	13	68.86526
4	13	68.88038
4	13	68.89126
4	12	68.90279
4	12	68.91365
4	12	68.92515
4	12	68.94292
4	12	68.96506
4	12	68.98551
4	12	69.0076
4	11	69.03833
4	11	69.05501
4	11	69.07401
4	11	69.09675
4	11	69.11887
4	11	69.14182
4	11	69.16473
4	11	69.1916
4	11	69.20882
4	11	69.23238
4	11	69.25394
4	11	69.27627
4	11	69.29839
4	11	69.32008
4	11	69.34953
4	11	69.36545
4	11	69.3873
4	11	69.41039
4	11	69.42117
4	11	69.43328
4	11	69.44444
4	11	69.45587
4	11	69.46763
4	11	69.47845
4	11	69.49564
4	11	69.50721
4	11	69.51842
4	11	69.53036
4	11	69.54606
4	11	69.55738
4	11	69.56852
4	11	69.58066
4	11	69.59274
4	11	69.60356
4	11	69.61472
4	11	69.62997
4	11	69.65043
4	11	69.66217
4	11	69.67513
4	11	69.68806
4	11	69.69997
4	11	69.71035
4	11	69.72169
4	11	69.73299
4	11	69.74421
4	11	69.75579
4	11	69.76717
4	11	69.77907
4	11	69.7911
4	11	69.80774
4	11	69.81892
4	11	69.83017
4	11	69.84163
4	11	69.85242
4	12	69.86469
4	12	69.87589
4	12	69.88719
4	12	69.89914
4	12	69.91068
4	12	69.92199
4	12	69.9335
4	12	69.94469
4	12	69.96156
4	12	69.97268
4	13	69.98361
4	13	70.00181
4	13	70.02392
4	13	70.04639
4	13	70.06868
4	13	70.09123
4	14	70.11375
4	14	70.14055
4	14	70.1579
4	14	70.18034
4	14	70.20251
4	14	70.22458
4	14	70.2467
4	14	70.27094
4	14	70.29824
4	14	70.31551
3	14	70.33693
3	14	70.35905
3	14	70.38146
3	14	70.40456
3	14	70.42645
2	14	70.45378
2	14	70.46462
2	14	70.47561
2	14	70.48694
2	14	70.49759
2	14	70.50754
2	14	70.51945
2	14	70.53077
2	14	70.54227
2	14	70.5532
2	14	70.56555
2	14	70.57549
2	14	70.58648
2	14	70.60427
2	14	70.61545
2	14	70.62696
2	14	70.64285
2	14	70.6541
2	14	70.66582
2	14	70.67667
2	14	70.68799
2	14	70.70152
2	14	70.71584
2	14	70.72848
2	15	70.74095
2	15	70.75921
2	15	70.7704
2	15	70.78201
2	15	70.79356
2	15	70.80491
2	15	70.81654
2	15	70.82801
2	16	70.86069
2	16	70.87294
2	16	70.88424
2	16	70.89642
2	16	70.91467
2	16	70.92575
2	16	70.93634
2	16	70.94736
2	16	70.96241
2	17	70.98428
2	17	71.00735
2	17	71.02972
2	17	71.05179
2	17	71.07888
2	17	71.09682
2	18	71.119
2	18	71.14223
2	18	71.16625
2	18	71.18796
2	18	71.20893
2	19	71.23874
2	19	71.25595
2	19	71.27718
2	19	71.29891
2	19	71.32151
2	19	71.34292
2	20	71.36534
2	20	71.39439
2	20	71.4129
2	20	71.43175
2	20	71.44274
2	20	71.45467
2	20	71.46564
3	20	71.47644
3	20	71.48795
3	20	71.49966
3	20	71.5126
3	20	71.5274
3	20	71.54714
3	20	71.56364
3	20	71.5751
3	20	71.58535
4	20	71.59634
4	20	71.60836
4	20	71.61969
4	20	71.63361
4	20	71.64854
4	20	71.6639
4	20	71.67598
4	20	71.68789
4	20	71.70805
4	20	71.72203
4	21	71.73387
4	21	71.74476
4	21	71.75682
4	21	71.77119
4	21	71.79017
4	21	71.80177
4	21	71.81432
4	21	71.82645
4	21	71.84574
4	22	71.87526
4	22	71.89371
4	22	71.91427
4	22	71.93433
4	22	71.95654
4	23	71.97871
4	23	72.00132
4	23	72.0324
4	23	72.04812
4	23	72.06853
4	23	72.09079
5	23	72.11348
5	23	72.13489
5	23	72.15849
5	23	72.18935
5	23	72.20554
5	23	72.22539
6	23	72.24761
6	23	72.26952
6	23	72.29405
6	23	72.31821
6	23	72.34647
7	23	72.36478
7	23	72.37865
7	23	72.39413
7	23	72.41117
7	23	72.42273
7	23	72.43417
7	23	72.44579
7	23	72.45785
7	23	72.47021
7	23	72.49014
7	23	72.50475
7	23	72.51645
7	23	72.52814
7	23	72.53902
7	23	72.55019
7	23	72.56142
7	23	72.57261
7	23	72.58426
7	23	72.59605
7	23	72.6069
7	23	72.61843
7	23	72.6301
7	23	72.6478
7	22	72.65912
7	22	72.6699
7	22	72.68112
7	22	72.69614
7	22	72.71886
7	22	72.73905
7	22	72.7616
7	21	72.78383
7	21	72.81492
7	21	72.83121
7	21	72.8516
7	21	72.87328
7	20	72.89519
7	20	72.91721
7	20	72.94025
7	20	72.97388
7	20	72.98915
7	20	73.00579
7	19	73.02845
7	19	73.05111
7	19	73.07589
7	19	73.09866
7	19	73.12673
7	18	73.14542
7	18	73.16353
7	18	73.17532
7	18	73.18906
7	18	73.20242
7	18	73.21368
7	18	73.22415
7	18	73.2358
7	18	73.2479
7	18	73.25915
7	19	73.27995
7	19	73.29541
7	19	73.30633
7	19	73.31686
7	19	73.32719
7	19	73.33825
7	19	73.34809
7	19	73.35847
7	19	73.36855
7	19	73.38023
7	20	73.3942
7	20	73.4062
7	20	73.41829
7	20	73.43547
7	20	73.44666
7	20	73.45922
7	20	73.47001
7	20	73.48164
7	20	73.49271
7	20	73.50431
7	21	73.51529
7	21	73.52637
7	21	73.53732
7	21	73.54837
7	21	73.56089
7	21	73.57281
7	21	73.58984
7	21	73.60157
7	21	73.61231
7	21	73.62365
7	22	73.63491
7	22	73.64614
7	22	73.65839
7	22	73.6693
7	22	73.68363
7	22	73.69746
7	22	73.70825
7	22	73.72006
7	22	73.73073
7	23	73.74911
7	23	73.76673
7	23	73.78986
7	23	73.81332
7	23	73.83421
7	23	73.85666
7	24	73.87769
7	24	73.90019
7	24	73.92827
7	24	73.94703
7	24	73.96904
7	24	73.98923
7	25	74.01337
7	25	74.03472
7	25	74.06169
7	25	74.08913
7	25	74.10469
7	26	74.1237
7	26	74.14616
7	26	74.16878
7	26	74.19254
7	26	74.20732
7	26	74.22473
7	27	74.24519
7	27	74.25912
7	27	74.27096
7	27	74.28553
7	27	74.29948
7	27	74.31113
7	27	74.32212
7	27	74.33349
7	27	74.3453
7	27	74.35699
7	28	74.36806
7	28	74.37958
7	28	74.40491
7	28	74.42178
7	28	74.43385
7	28	74.44514
7	28	74.45689
7	28	74.46828
7	28	74.47971
7	29	74.49124
7	29	74.50266
7	29	74.51484
7	29	74.53017
7	29	74.5579
7	29	74.57548
7	29	74.59268
7	30	74.61509
7	30	74.63659
7	30	74.66008
7	30	74.68455
7	30	74.71284
7	30	74.73063
7	30	74.74942
7	30	74.77161
7	30	74.7935
7	30	74.81622
7	30	74.83869
7	30	74.86637
7	30	74.88313
7	30	74.90512
7	30	74.928
7	30	74.95026
7	30	74.97198
7	30	74.99476
7	30	75.02283
7	30	75.03995
7	30	75.05079
7	30	75.06308
7	30	75.07529
7	30	75.09044
7	30	75.10348
7	30	75.11653
7	30	75.12885
7	30	75.14055
7	30	75.15229
7	30	75.16878
7	30	75.17982
7	30	75.19145
7	30	75.20314
7	30	75.21379
7	30	75.22448
7	30	75.2351
7	30	75.24609
7	30	75.257
7	30	75.26842
7	30	75.27895
7	30	75.28984
7	30	75.30105
7	30	75.31146
7	30	75.32919
7	30	75.34049
6	30	75.35575
6	30	75.36717
6	30	75.37882
6	30	75.39436
6	30	75.41017
6	30	75.42062
6	30	75.43145
6	30	75.45309
5	30	75.47545
5	30	75.50625
5	30	75.52303
5	30	75.54477
5	30	75.56503
5	30	75.58826
4	30	75.61033
4	30	75.63356
4	30	75.66287
4	30	75.68007
4	30	75.70085
3	30	75.72097
3	30	75.74252
3	30	75.76581
3	30	75.79037
3	30	75.81865
3	30	75.8363
2	30	75.85548
2	30	75.87782
2	30	75.90202
2	30	75.92502
2	30	75.93626
2	30	75.94708
2	30	75.96728
2	30	75.98193
2	30	75.9929
2	30	76.004
2	30	76.01466
2	29	76.02616
2	29	76.03751
2	29	76.04882
2	29	76.06632
2	29	76.08138
2	29	76.09412
2	29	76.10616
2	29	76.12581
2	28	76.13973
2	28	76.1515
2	28	76.16394
2	28	76.178
2	28	76.19225
2	28	76.2032
2	28	76.21473
2	28	76.22607
2	28	76.23791
2	28	76.24863
2	28	76.25951
2	27	76.27866
2	27	76.29382
2	27	76.31406
2	27	76.33467
2	27	76.35737
2	27	76.37902
2	26	76.40219
2	26	76.42494
2	26	76.45558
2	26	76.47194
2	26	76.49154
3	26	76.51326
3	26	76.53613
3	26	76.55892
3	26	76.58315
3	26	76.61116
4	26	76.63364
4	26	76.64771
4	26	76.67046
4	26	76.69869
4	26	76.72005
4	26	76.73872
5	26	76.76829
5	26	76.7831
5	26	76.79679
5	26	76.808
5	26	76.81886
5	26	76.83019
5	26	76.84116
5	26	76.85203
5	26	76.86334
6	26	76.87493
6	26	76.88628
6	26	76.89876
6	26	76.9194
6	26	76.93265
6	26	76.9436
6	26	76.95482
6	26	76.96559
6	26	76.97634
6	26	76.98708
7	26	76.99806
7	26	77.00893
7	26	77.02029
7	26	77.03143
7	26	77.04399
7	26	77.05642
7	26	77.07354
7	26	77.08518
7	26	77.096
7	26	77.10615
7	26	77.11756
7	26	77.13957
7	26	77.16258
7	26	77.18925
7	26	77.21113
8	26	77.24081
8	26	77.25892
8	26	77.27385
8	26	77.29789
8	26	77.3203
8	26	77.3405
9	26	77.36335
9	26	77.39344
9	26	77.41281
9	26	77.4337
9	26	77.46028
9	26	77.47422
9	25	77.49673
9	25	77.51957
9	25	77.54967
9	25	77.5658
9	25	77.58608
9	25	77.59689
9	24	77.60963
9	24	77.62032
9	24	77.63157
9	24	77.64462
9	24	77.65847
9	24	77.67048
9	24	77.69502
9	24	77.71115
9	23	77.72719
9	23	77.74
9	23	77.75191
9	23	77.76556
9	23	77.77962
9	23	77.79073
9	23	77.80208
9	23	77.81792
9	23	77.82902
9	23	77.84927
9	23	77.86315
9	23	77.87445
9	23	77.88561
9	23	77.89684
9	23	77.90823
9	23	77.9197
9	23	77.93026
9	23	77.94032
9	23	77.9553
9	23	77.97714
9	23	77.9995
9	23	78.02745
9	23	78.04447
9	23	78.06644
9	23	78.0891
9	23	78.1109
9	23	78.13324
9	23	78.1563
10	23	78.18376
10	23	78.20168
10	23	78.22567
10	23	78.24777
10	23	78.26834
10	23	78.29028
11	23	78.31313
11	23	78.34535
11	23	78.36214
11	23	78.37866
11	23	78.40179
12	23	78.42442
12	23	78.43705
12	23	78.44831
12	23	78.46204
12	23	78.47643
12	23	78.49802
12	23	78.51217
12	23	78.52327
12	23	78.53476
12	22	78.54599
12	22	78.55779
12	22	78.56913
12	22	78.58262
12	22	78.59753
12	22	78.60874
12	22	78.61966
12	22	78.63129
12	22	78.65118
12	21	78.66523
12	21	78.67651
12	21	78.68826
12	21	78.70241
12	21	78.716
12	21	78.72786
12	21	78.7416
12	21	78.75407
12	21	78.76588
12	21	78.77642
12	20	78.79395
12	20	78.82623
12	20	78.84317
12	20	78.85949
12	20	78.8821
13	20	78.90459
13	20	78.92719
13	20	78.94962
13	20	78.98008
13	20	78.99644
13	20	79.01563
12	20	79.03837
12	20	79.06022
12	20	79.08289
12	20	79.10526
12	20	79.13303
11	20	79.15101
11	20	79.17281
11	20	79.19521
11	20	79.21983
11	20	79.243
11	20	79.26283
10	20	79.28284
10	20	79.29859
10	20	79.3127
10	20	79.3246
10	20	79.33875
10	20	79.35098
10	20	79.36288
10	20	79.3745
10	20	79.38548
9	20	79.39735
9	20	79.40923
9	20	79.42153
9	20	79.44325
9	20	79.45827
9	20	79.46835
9	20	79.47988
9	20	79.49201
9	20	79.50246
9	20	79.51422
8	20	79.52489
8	20	79.53571
8	20	79.54745
8	20	79.56169
8	20	79.57601
8	20	79.59668
8	20	79.61025
8	20	79.62083
8	20	79.63123
7	20	79.65221
7	20	79.67519
7	20	79.69932
7	20	79.72171
7	20	79.74221
6	20	79.77348
6	20	79.79145
6	20	79.80921
6	20	79.8311
6	20	79.85435
6	20	79.87617
8	20	79.89925
8	20	79.92654
8	20	79.94312
8	20	79.96624
8	20	79.98804
8	20	80.01027
8	20	80.03277
8	20	80.05527
8	20	80.08226
8	20	80.09388
8	20	80.10529
8	20	80.11617
9	20	80.12726
9	20	80.13928
9	20	80.15132
9	20	80.16315
9	20	80.17401
9	20	80.18501
9	20	80.19593
9	20	80.20731
9	20	80.22527
9	20	80.2365
9	20	80.24799
10	20	80.26478
10	20	80.27635
10	20	80.28784
10	20	80.29935
10	20	80.31055
10	20	80.32191
10	20	80.33307
10	20	80.34468
10	20	80.35584
10	20	80.3671
11	20	80.38412
11	20	80.39608
11	20	80.40923
11	20	80.42158
11	20	80.43233
11	20	80.4436
11	20	80.45634
11	20	80.46819
11	20	80.47931
11	20	80.49069
12	20	80.50143
12	20	80.51248
12	20	80.52343
12	20	80.54109
12	20	80.55176
12	20	80.56304
12	20	80.57375
12	20	80.58463
12	20	80.59692
12	20	80.60737
13	20	80.61823
13	20	80.6296
13	20	80.64075
13	20	80.65272
13	20	80.66463
13	20	80.67551
13	20	80.69199
13	20	80.70222
13	20	80.7138
13	20	80.73635
14	20	80.75871
14	20	80.78075
14	20	80.80475
14	20	80.82667
14	20	80.85501
15	20	80.87132
15	20	80.89291
15	20	80.91434
15	20	80.93721
15	20	80.96162
16	20	80.98314
16	20	81.01113
16	20	81.0265
16	20	81.04822
16	20	81.07133
16	20	81.09332
17	20	81.11526
17	20	81.13814
17	20	81.16579
17	20	81.17624
17	20	81.18728
17	20	81.1978
17	20	81.20856
17	20	81.2196
18	20	81.23129
18	20	81.24303
18	20	81.25385
18	20	81.26501
18	20	81.2766
18	20	81.28867
18	20	81.30531
18	20	81.31664
18	20	81.33235
18	20	81.34348
18	19	81.3541
18	19	81.3652
18	19	81.37614
18	19	81.3874
18	19	81.39872
18	19	81.41319
18	19	81.42847
18	19	81.44146
18	19	81.4612
18	18	81.47462
18	18	81.48611
18	18	81.49785
18	18	81.50968
18	18	81.52084
18	18	81.53199
18	18	81.54391
18	18	81.55568
18	18	81.56702
18	18	81.57812
18	18	81.58982
18	17	81.60075
18	17	81.61774
18	17	81.62949
18	17	81.64049
18	17	81.6525
18	17	81.67471
18	17	81.6964
18	16	81.71867
18	16	81.74222
18	16	81.77714
18	16	81.79786
18	16	81.80942
18	16	81.8314
18	15	81.85258
18	15	81.87482
18	15	81.89736
18	15	81.91955
18	15	81.94267
18	14	81.97022
18	14	81.98859
18	14	82.01008
18	14	82.03242
18	14	82.05374
18	14	82.07606
17	14	82.09888
17	14	82.11617
17	14	82.12933
17	14	82.13987
17	14	82.15256
17	14	82.16418
17	14	82.17463
17	14	82.18592
17	14	82.19809
16	14	82.20927
16	14	82.22039
16	14	82.23193
16	14	82.24354
16	14	82.25537
16	14	82.27237
16	14	82.28355
16	14	82.29464
16	14	82.30498
16	14	82.31602
15	14	82.32771
15	14	82.33923
15	14	82.35038
15	14	82.36209
15	14	82.37307
15	14	82.38387
15	14	82.39596
15	14	82.40791
15	14	82.42972
15	14	82.44062
14	14	82.45213
14	14	82.46302
14	14	82.47369
14	14	82.48637
14	14	82.50078
14	14	82.51263
14	14	82.52378
14	14	82.53448
14	14	82.55625
13	14	82.5783
13	14	82.60649
13	14	82.62403
13	14	82.645
13	14	82.66734
13	14	82.69024
12	14	82.71274
12	14	82.73527
12	14	82.76281
12	14	82.77992
12	14	82.8016
11	14	82.82488
11	14	82.84678
11	14	82.86897
11	14	82.89235
11	14	82.91958
11	14	82.93577
10	14	82.95958
10	14	82.98244
10	14	83.00429
10	14	83.01594
10	14	83.03048
10	14	83.04128
10	14	83.05201
9	14	83.06921
9	14	83.08106
9	14	83.09373
9	14	83.10484
9	14	83.11604
9	14	83.12801
9	14	83.14052
9	14	83.15195
9	14	83.16405
9	14	83.17575
9	15	83.18787
9	15	83.19986
9	15	83.21111
9	15	83.23155
9	15	83.24643
9	15	83.25729
9	15	83.26828
9	15	83.2789
9	15	83.28934
9	15	83.3004
9	16	83.31118
9	16	83.32217
9	16	83.33359
9	16	83.34684
9	16	83.36123
9	16	83.38172
9	16	83.39542
9	16	83.40759
9	16	83.41756
9	17	83.43839
9	17	83.46169
9	17	83.48545
9	17	83.50848
9	17	83.5285
9	18	83.55889
9	18	83.57563
9	18	83.59563
9	18	83.6216
9	18	83.64386
9	18	83.66292
9	19	83.6847
9	19	83.71653
9	19	83.73281
9	19	83.7521
9	19	83.77489
9	20	83.79698
9	20	83.81976
9	20	83.84164
9	20	83.87178
9	20	83.88857
9	20	83.90807
8	20	83.91895
8	20	83.93114
8	20	83.942
8	20	83.95292
8	20	83.96436
8	20	83.97586
8	20	83.98992
8	20	84.00517
8	20	84.02609
7	20	84.03827
7	20	84.05125
7	20	84.0626
7	20	84.07391
7	20	84.08504
7	20	84.09632
7	20	84.10777
7	20	84.11868
7	20	84.1298
7	20	84.14052
7	20	84.15254
6	20	84.16389
6	20	84.18024
6	20	84.19222
6	20	84.20303
6	20	84.21384
6	20	84.22478
6	20	84.23679
6	20	84.24784
6	20	84.2587
6	20	84.26859
6	20	84.27885
6	21	84.29862
6	21	84.32114
6	21	84.34964
6	21	84.36657
6	21	84.38863
6	22	84.4112
6	22	84.43326
6	22	84.45665
6	22	84.47787
6	22	84.50694
6	22	84.5223
6	23	84.54472
6	23	84.56654
6	23	84.5898
6	23	84.61181
6	23	84.63467
5	23	84.66324
5	23	84.67982
5	23	84.70199
5	23	84.72549
5	23	84.74704
5	23	84.76911
5	23	84.78091
5	23	84.7924
5	23	84.81068
5	23	84.82175
5	23	84.83241
5	23	84.84762
5	23	84.86023
5	23	84.87148
5	23	84.88273
4	23	84.89388
4	23	84.90546
4	23	84.91682
4	23	84.92847
4	23	84.9401
4	23	84.95113
4	23	84.96918
4	23	84.98028
4	23	84.99229
4	23	85.0041
4	23	85.0154
3	23	85.02635
3	23	85.0376
3	23	85.04893
3	23	85.06329
3	23	85.07706
3	23	85.08701
3	23	85.09832
3	23	85.11098
3	23	85.13146
2	23	85.14719
2	23	85.15867
2	23	85.17057
2	23	85.18466
2	23	85.19955
2	23	85.21014
2	23	85.21975
2	23	85.23689
2	24	85.26013
2	24	85.28352
2	24	85.31371
2	24	85.32985
2	24	85.34881
2	24	85.37088
2	25	85.39377
2	25	85.41664
2	25	85.44115
2	25	85.46942
2	25	85.48753
2	26	85.50521
2	26	85.52827
2	26	85.55035
2	26	85.57172
2	26	85.59517
2	26	85.6222
3	26	85.63943
3	26	85.66164
3	26	85.68493
3	26	85.70704
3	26	85.71993
3	26	85.73312
3	26	85.74561
4	26	85.7651
4	26	85.77724
4	26	85.78793
4	26	85.80021
4	26	85.81117
4	26	85.822
4	26	85.8374
4	26	85.85114
4	26	85.86253
5	26	85.87348
5	26	85.88437
5	26	85.8969
5	26	85.91342
5	26	85.92433
5	26	85.93538
5	26	85.94592
5	26	85.96246
5	26	85.97335
5	26	85.98408
6	26	85.99462
6	26	86.00675
6	26	86.01714
6	26	86.02881
6	26	86.03957
6	26	86.05016
6	26	86.06754
6	26	86.07816
6	26	86.08893
6	26	86.10033
6	26	86.11143
7	26	86.12251
7	26	86.13325
7	26	86.14489
7	26	86.15566
7	26	86.16653
7	26	86.17754
7	26	86.18893
7	26	86.20048
7	26	86.21704
7	26	86.22787
7	26	86.23955
7	26	86.25237
7	26	86.26519
7	26	86.27831
7	26	86.29078
7	26	86.30213
7	26	86.31319
7	26	86.32504
7	26	86.33619
7	26	86.34653
7	26	86.35866
8	26	86.37513
8	26	86.38655
8	26	86.39727
8	26	86.40899
8	26	86.42032
8	26	86.43207
8	26	86.44302
8	26	86.45341
8	26	86.46548
9	26	86.48839
9	26	86.51122
9	26	86.53909
9	26	86.55591
9	26	86.57765
9	26	86.60075
10	26	86.62325
10	26	86.64536
10	26	86.66949
10	26	86.69683
10	26	86.71408
11	26	86.7336
11	26	86.75623
11	26	86.77938
11	26	86.80349
11	26	86.82615
12	26	86.85498
12	26	86.87144
12	26	86.89087
12	26	86.9157
12	26	86.93713
12	26	86.95779
12	26	86.97002
12	27	86.98142
12	27	87.00185
12	27	87.01802
12	27	87.03334
12	27	87.04401
12	27	87.05998
12	27	87.07131
12	27	87.0836
12	28	87.09533
12	28	87.10602
12	28	87.11733
12	28	87.13168
12	28	87.15363
12	28	87.16707
12	28	87.17777
12	28	87.1882
12	28	87.19925
12	28	87.21061
12	29	87.22122
12	29	87.23196
12	29	87.24406
12	29	87.26017
12	29	87.27594
12	29	87.29016
12	29	87.31087
12	29	87.32661
12	30	87.33784
12	30	87.35975
12	30	87.38179
12	30	87.40695
12	30	87.42879
12	30	87.44939
11	30	87.47899
11	30	87.4972
11	30	87.51836
11	30	87.53847
11	30	87.56144
10	30	87.58344
10	30	87.60643
10	30	87.63571
10	30	87.65275
10	30	87.6726
10	30	87.6953
9	30	87.7178
9	30	87.73976
9	30	87.76456
9	30	87.79203
9	30	87.8097
9	30	87.82175
8	30	87.8325
8	30	87.84303
8	30	87.85667
8	30	87.8745
8	30	87.88879
8	30	87.90034
8	30	87.91158
8	30	87.92434
8	30	87.94376
7	30	87.95768
7	30	87.96799
7	30	87.98019
7	30	87.99467
7	30	88.00851
7	30	88.02116
7	30	88.03296
7	30	88.04413
7	30	88.05528
7	30	88.06616
6	30	88.07725
6	30	88.12737
6	30	88.14245
6	30	88.15493
6	30	88.16692
6	30	88.17873
6	30	88.18978
8	30	88.20068
8	30	88.21117
8	30	88.23092
8	30	88.25765
8	30	88.27531
8	30	88.29725
8	30	88.31934
8	30	88.34177
8	30	88.36465
8	30	88.38931
8	30	88.41657
8	30	88.4332
9	30	88.45426
9	30	88.47598
9	30	88.49877
9	30	88.52103
9	30	88.54361
10	30	88.57072
10	30	88.58804
10	30	88.61037
10	30	88.63293
10	30	88.65518
10	30	88.67714
11	30	88.69968
11	30	88.71632
11	30	88.72746
11	30	88.7384
11	30	88.74884
11	30	88.75847
11	30	88.76952
11	30	88.78114
11	30	88.79404
12	30	88.81009
12	30	88.8231
12	30	88.83675
12	30	88.85043
12	30	88.86803
12	30	88.8798
12	30	88.89057
12	30	88.90237
12	30	88.9134
12	30	88.92465
12	29	88.93566
12	29	88.94745
12	29	88.95826
12	29	88.9696
12	29	88.98058
12	29	88.99133
12	29	89.00327
12	29	89.02091
12	29	89.03312
12	29	89.04404
12	28	89.05524
12	28	89.06547
12	28	89.07661
12	28	89.08744
12	28	89.09914
12	28	89.11079
12	28	89.121
12	28	89.13219
12	28	89.14244
12	28	89.15436
12	27	89.17189
12	27	89.1836
12	27	89.19476
12	27	89.20569
12	27	89.21652
12	27	89.22924
12	27	89.24021
12	27	89.25115
12	27	89.26208
12	27	89.28056
12	26	89.30308
12	26	89.32543
12	26	89.35294
12	26	89.37069
12	26	89.39217
12	26	89.4145
12	26	89.43689
12	26	89.45892
12	26	89.48179
12	26	89.51216
12	26	89.52741
12	26	89.54972
12	26	89.57236
12	26	89.59395
12	26	89.61532
12	26	89.63831
12	26	89.66756
12	26	89.6847
12	26	89.70551
12	26	89.72972
12	26	89.75073
12	26	89.7655
12	26	89.77908
12	26	89.79272
12	26	89.81152
12	26	89.82426
12	26	89.83739
12	26	89.84949
12	26	89.86321
12	26	89.87705
12	26	89.89365
12	26	89.90568
12	26	89.91776
12	26	89.93053
12	26	89.94318
12	26	89.96179
12	26	89.97444
12	26	89.9873
12	26	89.99939
12	26	90.01003
12	26	90.02064
12	26	90.03298
12	26	90.04496
12	26	90.05628
12	26	90.06847
12	26	90.07887
12	26	90.08944
12	26	90.10104
12	26	90.12358
12	26	90.14168
12	26	90.16298
12	26	90.18565
12	26	90.20734
12	26	90.23101
12	26	90.25267
12	26	90.28039
12	26	90.29737
12	26	90.31873
12	26	90.34119
12	27	90.36395
12	27	90.38583
12	27	90.40914
12	27	90.43634
12	27	90.45374
12	27	90.47581
12	28	90.4986
12	28	90.52044
12	28	90.54269
12	28	90.56531
12	28	90.58144
12	28	90.59558
12	29	90.60925
12	29	90.6208
12	29	90.63169
12	29	90.64248
12	29	90.65779
12	29	90.66943
12	29	90.68049
12	29	90.69144
12	29	90.70222
12	29	90.71327
12	29	90.72439
12	30	90.7422
12	30	90.75377
12	30	90.76466
12	30	90.77548
12	30	90.78626
12	30	90.79728
12	30	90.80811
12	30	90.82024
12	30	90.83196
12	30	90.84396
12	30	90.85587
12	30	90.86928
12	30	90.88242
12	30	90.90266
12	30	90.91402
12	30	90.92498
12	30	90.93655
12	30	90.94658
12	30	90.9573
12	30	90.97775
12	30	91.00014
12	30	91.02263
12	30	91.04539
12	30	91.07231
12	30	91.09048
12	30	91.11252
12	30	91.13446
12	30	91.15707
12	29	91.18011
12	29	91.20239
12	29	91.22957
12	29	91.24679
12	29	91.26852
12	29	91.29183
12	28	91.31489
12	28	91.33748
12	28	91.35999
12	28	91.38621
12	28	91.40445
13	28	91.42558
13	28	91.44815
13	28	91.45998
13	28	91.47461
13	28	91.48908
13	28	91.49968
13	28	91.50951
13	28	91.52229
14	28	91.54586
14	28	91.56361
