x	y	time
15	11	0.3533334
15	11	0.3984503
15	11	0.4190634
15	11	0.4341716
15	11	0.4492509
15	11	0.4818977
15	11	0.4977998
15	11	0.5197276
15	11	0.5421759
15	11	0.5578911
15	11	0.5967739
15	11	0.6115746
15	11	0.6272082
15	11	0.6419044
15	11	0.6569963
15	11	0.6742179
15	11	0.6961623
15	11	0.7345095
15	11	0.7480071
15	11	0.7604711
15	11	0.7729065
15	11	0.7853706
15	11	0.8023795
15	11	0.8155401
15	11	0.8280898
15	11	0.8499241
15	11	0.8647217
15	11	0.8793564
15	11	0.8934876
15	11	0.9129754
15	11	0.9315958
15	11	0.9479454
15	11	0.9666816
15	11	0.985466
15	11	1.008351
15	11	1.02256
15	11	1.039121
15	11	1.059362
15	11	1.074332
15	11	1.089284
15	11	1.104572
15	11	1.119119
15	11	1.133837
15	11	1.149867
15	11	1.171046
15	11	1.185738
15	11	1.203157
15	11	1.218336
15	11	1.234233
15	11	1.250008
15	11	1.265985
15	11	1.282702
15	11	1.301247
15	11	1.330286
15	11	1.345373
15	11	1.383777
15	11	1.399092
15	11	1.414209
15	11	1.434426
15	11	1.457445
15	11	1.487485
15	11	1.504323
15	11	1.524467
15	11	1.546809
15	11	1.569195
15	11	1.591694
15	11	1.614312
15	11	1.643967
15	11	1.65966
15	11	1.681078
15	11	1.703656
15	11	1.726212
15	11	1.747721
15	11	1.763236
15	11	1.77943
15	11	1.802165
15	11	1.816187
15	11	1.83169
15	11	1.84757
15	11	1.862558
15	11	1.876712
15	11	1.890112
15	11	1.902964
15	11	1.917552
15	11	1.931827
15	11	1.952902
15	11	1.96653
15	11	1.979354
15	11	1.992687
15	11	2.006107
15	11	2.020427
15	11	2.035449
15	11	2.049707
15	11	2.064139
15	11	2.077241
15	11	2.093512
15	11	2.116319
15	11	2.133452
15	11	2.150675
15	11	2.168074
15	11	2.183446
15	11	2.205773
15	11	2.228313
15	11	2.251167
15	11	2.286223
15	11	2.300805
15	11	2.317882
15	11	2.339929
15	11	2.361779
15	11	2.383911
15	11	2.408902
15	11	2.436031
15	11	2.451104
15	11	2.473337
15	11	2.495312
15	11	2.518275
15	11	2.540844
15	11	2.563972
15	11	2.593387
15	11	2.607748
15	11	2.630595
15	11	2.642828
15	11	2.655013
15	11	2.6674
15	11	2.679945
15	11	2.69279
15	11	2.706423
15	11	2.71983
15	11	2.741488
15	11	2.754133
15	11	2.771509
15	11	2.785294
15	11	2.800887
15	11	2.814921
15	11	2.832207
15	11	2.85006
15	11	2.866107
15	11	2.883833
15	11	2.908014
15	11	2.929389
15	11	2.945777
15	11	2.961202
15	11	2.979578
15	11	2.995861
15	11	3.014602
15	11	3.029634
16	11	3.044933
16	11	3.070228
16	11	3.086286
16	11	3.103277
16	11	3.127854
16	11	3.148567
17	11	3.167096
17	11	3.189426
17	11	3.211852
17	11	3.242309
17	11	3.262451
17	11	3.279221
18	11	3.301005
18	11	3.323933
18	11	3.346146
18	11	3.368117
18	11	3.396479
19	11	3.418463
19	11	3.442549
19	11	3.461236
19	11	3.479724
19	11	3.496716
19	11	3.510714
19	11	3.52837
20	11	3.556205
20	11	3.577872
20	11	3.597884
20	11	3.615561
20	11	3.630156
20	11	3.645837
21	11	3.661828
21	11	3.679284
21	11	3.714901
21	11	3.733435
21	11	3.749333
21	11	3.764058
22	11	3.781283
22	11	3.796799
22	11	3.814261
22	11	3.834441
22	11	3.862136
22	11	3.879137
23	11	3.897114
23	11	3.912881
23	11	3.930796
23	11	3.949713
23	11	3.966725
23	11	3.981362
23	11	4.003935
24	11	4.034185
24	11	4.050161
24	11	4.070718
24	11	4.093133
24	11	4.115534
24	11	4.137765
25	11	4.160622
25	11	4.189819
25	11	4.232352
25	11	4.24738
25	11	4.261806
26	11	4.275193
26	11	4.294584
26	11	4.317606
26	11	4.346776
26	11	4.363064
26	11	4.384224
27	11	4.40674
27	11	4.425271
27	11	4.44484
27	11	4.462701
27	11	4.477451
27	11	4.504973
27	10	4.525447
27	10	4.540904
27	10	4.557049
27	10	4.574103
27	10	4.587471
27	10	4.600918
27	10	4.615464
27	9	4.630732
27	9	4.655418
27	9	4.673095
27	9	4.690596
27	9	4.705328
27	9	4.721217
27	9	4.735069
27	9	4.750148
27	8	4.763518
27	8	4.781004
27	8	4.804774
27	8	4.822098
27	8	4.836154
27	8	4.849224
27	8	4.862249
27	8	4.875431
27	8	4.89733
27	8	4.920082
26	8	4.942908
26	8	4.970889
26	8	4.986911
26	8	5.009269
26	8	5.032145
26	8	5.053589
25	8	5.076416
25	8	5.099031
25	8	5.127249
25	8	5.142701
25	8	5.165769
25	7	5.187677
25	7	5.209855
25	7	5.232549
25	7	5.255764
25	7	5.28451
25	7	5.2993
25	6	5.315725
25	6	5.330968
25	6	5.346727
25	6	5.366006
25	6	5.382341
25	6	5.397009
25	6	5.411948
25	5	5.437921
25	5	5.454225
25	5	5.471481
25	5	5.4883
25	5	5.507417
25	5	5.520571
25	5	5.533485
25	5	5.54852
25	5	5.563844
25	5	5.587154
25	5	5.604738
25	5	5.618011
25	5	5.629797
25	5	5.642637
25	5	5.657082
25	5	5.671989
25	5	5.685106
25	5	5.700233
26	5	5.715045
26	5	5.740593
26	5	5.757369
26	5	5.779752
26	5	5.802197
26	5	5.824648
27	5	5.847121
27	5	5.869889
27	5	5.898307
27	5	5.915124
27	5	5.935862
27	5	5.958092
27	4	5.980258
27	4	6.002863
27	4	6.025609
27	4	6.055645
27	4	6.075386
27	4	6.093028
27	3	6.115519
27	3	6.139976
27	3	6.159747
27	3	6.182878
27	3	6.204832
27	2	6.221558
27	2	6.232643
27	2	6.247512
27	2	6.262053
27	2	6.277717
27	2	6.290123
27	2	6.301732
27	2	6.314195
27	2	6.326921
27	2	6.340671
27	2	6.363487
27	2	6.378261
27	2	6.390224
26	2	6.408003
26	2	6.420206
26	2	6.432638
26	2	6.449535
26	2	6.469338
26	2	6.490064
26	2	6.519385
25	2	6.547395
25	2	6.568038
25	2	6.586728
25	2	6.60185
25	2	6.615552
25	2	6.632403
25	2	6.648261
24	2	6.665687
24	2	6.69624
24	2	6.734601
24	2	6.762793
23	2	6.796422
23	2	6.829525
23	2	6.863842
22	2	6.905274
22	2	6.930825
22	2	6.963782
22	2	6.997373
21	2	7.031307
21	2	7.071098
21	2	7.097906
21	2	7.131367
20	2	7.164999
20	2	7.1991
20	2	7.238534
19	2	7.264935
19	2	7.298647
19	2	7.333941
19	2	7.36657
18	2	7.406925
18	2	7.432489
18	2	7.456367
18	2	7.477949
18	2	7.499952
17	2	7.523341
17	2	7.551943
17	2	7.569715
17	2	7.588647
17	2	7.611706
16	2	7.633595
16	2	7.655973
16	2	7.678588
16	2	7.709049
16	2	7.731302
16	2	7.747306
16	3	7.767757
16	3	7.789999
16	3	7.812366
16	3	7.835425
16	3	7.865598
16	4	7.883751
16	4	7.901739
16	4	7.923622
16	4	7.946718
16	4	7.968709
16	4	7.992798
16	5	8.030085
16	5	8.050234
16	5	8.066824
16	5	8.080464
16	5	8.102538
17	5	8.124697
17	5	8.148186
17	5	8.179409
17	5	8.202364
17	5	8.215482
17	5	8.23795
18	5	8.260127
18	5	8.281679
18	5	8.305126
18	5	8.334949
18	5	8.352234
19	5	8.371477
19	5	8.393862
19	5	8.416671
19	5	8.439231
19	5	8.46187
19	5	8.494018
19	5	8.513099
19	5	8.53274
19	6	8.567243
19	6	8.597219
19	6	8.616643
19	6	8.643579
19	6	8.662871
19	6	8.67921
19	6	8.697285
19	6	8.714597
19	6	8.732174
19	6	8.753012
19	6	8.767521
19	7	8.796088
19	7	8.813051
19	7	8.82897
19	7	8.847704
19	7	8.867237
19	7	8.884405
19	7	8.898437
19	7	8.91192
18	7	8.927841
18	7	8.953829
18	7	8.974348
18	7	8.995367
18	7	9.009315
18	7	9.027547
17	7	9.043458
17	7	9.058883
17	7	9.074604
17	7	9.09287
17	7	9.116924
17	7	9.133945
17	7	9.147453
17	7	9.161527
16	7	9.176148
16	7	9.198192
16	7	9.531525
16	7	9.593884
16	7	9.617224
16	7	9.632106
16	7	9.648691
16	7	9.664908
16	7	9.682323
16	7	9.700217
16	7	9.717186
16	7	9.738978
16	7	9.761785
16	7	9.784086
16	7	9.806643
16	7	9.828544
16	7	9.851544
16	7	9.881067
16	7	9.895475
16	7	9.917945
16	8	9.940224
16	8	9.962914
16	8	9.985029
16	8	10.00873
16	8	10.03549
16	8	10.05419
16	9	10.07306
16	9	10.08896
16	9	10.10622
16	9	10.12396
16	9	10.14329
16	9	10.16062
16	10	10.18991
16	10	10.20915
16	10	10.22515
16	10	10.24081
16	10	10.25558
16	10	10.27053
16	10	10.28788
16	10	10.30128
16	10	10.31672
16	10	10.34249
16	10	10.35947
16	10	10.38376
16	10	10.40169
16	10	10.41935
16	10	10.43564
17	10	10.45868
17	10	10.47633
17	10	10.50071
17	10	10.51528
17	10	10.53167
17	10	10.54709
18	10	10.56625
18	10	10.58841
18	10	10.61253
18	10	10.6331
18	10	10.66362
18	10	10.67752
19	10	10.69925
19	10	10.7215
19	10	10.74418
19	10	10.76665
19	10	10.78935
20	10	10.82036
20	10	10.83467
20	10	10.85663
20	10	10.87921
20	10	10.90079
20	10	10.92329
21	10	10.94585
21	10	10.97992
21	10	10.99642
21	10	11.01297
21	10	11.02754
21	10	11.04023
22	10	11.05559
22	10	11.07096
22	10	11.08546
22	10	11.10133
22	10	11.12909
22	10	11.14582
22	10	11.16185
23	10	11.17626
23	10	11.19371
23	10	11.2088
23	10	11.2281
23	10	11.24414
23	10	11.25963
23	10	11.28421
24	10	11.29917
24	10	11.31371
24	10	11.32743
24	10	11.34367
24	10	11.35834
24	10	11.37947
24	10	11.39661
24	10	11.41403
25	10	11.43777
25	10	11.45181
25	10	11.46688
25	10	11.48127
25	10	11.50453
25	10	11.52642
26	10	11.54832
26	10	11.57104
26	10	11.59986
26	10	11.61577
26	10	11.63801
26	10	11.65995
27	10	11.68221
27	10	11.70521
27	10	11.72819
27	10	11.75543
27	10	11.77149
26	10	11.79334
26	10	11.81831
26	10	11.84021
26	10	11.86096
26	10	11.88381
26	10	11.90423
25	10	11.92043
25	10	11.93395
25	10	11.94814
25	10	11.9614
25	10	11.97591
25	10	11.99009
25	10	12.00335
25	10	12.01924
24	10	12.03299
24	10	12.04653
24	10	12.0672
24	10	12.08004
24	10	12.093
24	10	12.10802
24	10	12.12255
24	10	12.13733
23	10	12.1538
23	10	12.17067
23	10	12.18448
23	10	12.19859
23	10	12.21955
23	10	12.2348
23	10	12.24861
23	10	12.26499
22	10	12.27958
22	10	12.297
22	10	12.31878
22	10	12.34293
22	10	12.36456
22	10	12.39257
22	9	12.40925
22	9	12.43107
22	9	12.45381
22	9	12.47561
22	9	12.49788
22	8	12.52082
22	8	12.55235
22	8	12.57082
22	8	12.58983
22	8	12.60968
22	8	12.63193
22	7	12.65406
22	7	12.67749
22	7	12.70603
22	7	12.72373
22	7	12.74335
22	7	12.75916
22	6	12.77326
22	6	12.79424
22	6	12.80855
22	6	12.86685
22	5	12.89242
22	5	12.90909
22	5	12.95224
22	5	12.96939
22	5	12.98562
22	5	13.00025
22	4	13.01636
22	4	13.03182
22	4	13.05752
22	4	13.09088
22	4	13.10532
22	4	13.11839
22	4	13.13219
22	4	13.15515
22	4	13.17415
22	4	13.19271
22	4	13.21585
22	4	13.23413
22	4	13.2473
22	3	13.26031
22	3	13.2748
22	3	13.29045
22	3	13.31326
22	3	13.33543
22	3	13.3578
22	2	13.38664
22	2	13.40255
22	2	13.42445
22	2	13.44653
22	2	13.46901
22	2	13.49157
22	2	13.51511
22	2	13.64102
22	2	13.66025
22	2	13.69311
22	2	13.71289
22	2	13.72597
22	2	13.73833
22	2	13.75941
22	2	13.79263
22	2	13.82626
22	2	13.86071
22	2	13.89999
22	2	13.92706
22	2	13.96101
23	2	13.99391
23	2	14.02817
23	2	14.06713
23	2	14.09427
24	2	14.12793
24	2	14.16174
24	2	14.19586
25	2	14.23504
25	2	14.26209
25	2	14.29564
25	2	14.32944
26	2	14.36275
26	2	14.40217
26	2	14.42999
27	2	14.46346
27	2	14.49718
27	2	14.53097
27	2	14.55994
27	2	14.57446
27	2	14.59679
27	2	14.61924
26	2	14.64146
26	2	14.66371
26	2	14.6867
26	2	14.71499
26	2	14.73221
26	2	14.75344
25	2	14.77606
25	2	14.79839
25	2	14.82017
25	2	14.84315
25	2	14.8711
24	2	14.88665
24	2	14.90953
24	2	14.93213
24	2	14.95444
24	2	14.97669
24	2	14.99963
23	2	15.02793
23	2	15.04352
23	2	15.06598
23	2	15.08807
23	2	15.11058
22	2	15.13308
22	2	15.15531
22	2	15.1879
22	2	15.20453
22	2	15.22209
22	2	15.24424
21	2	15.2674
21	2	15.2915
21	2	15.31487
21	2	15.34206
21	2	15.35953
20	2	15.38144
20	2	15.40354
20	2	15.4261
20	2	15.44858
20	2	15.47147
19	2	15.50041
19	2	15.51564
19	2	15.53759
19	2	15.55994
19	2	15.58277
19	2	15.60451
18	2	15.62734
18	2	15.65625
18	2	15.68983
18	2	15.70689
18	2	15.72385
18	2	15.73974
17	2	15.76
17	2	15.78329
17	2	15.80765
17	2	15.82513
17	2	15.8409
17	2	15.85641
16	2	15.87146
16	2	15.88608
16	2	15.90158
16	2	15.91621
16	2	15.93015
16	2	15.94391
16	2	15.96768
16	2	15.98332
16	3	15.99668
16	3	16.01154
16	3	16.0262
16	3	16.04163
16	3	16.06378
16	3	16.07881
16	3	16.09287
16	4	16.11103
16	4	16.13185
16	4	16.14857
16	4	16.16813
16	4	16.18421
16	4	16.20548
16	4	16.22128
16	5	16.24018
16	5	16.26284
16	5	16.29181
16	5	16.32136
16	5	16.33703
17	4	16.35233
17	4	16.3737
17	4	16.39631
17	4	16.41913
17	4	16.44902
17	4	16.46336
18	4	16.48511
18	4	16.5071
18	4	16.52983
18	4	16.55179
18	4	16.5755
19	4	16.60395
19	4	16.61957
19	4	16.64211
19	4	16.66487
19	4	16.6795
19	4	16.69357
19	4	16.70615
19	4	16.72238
19	4	16.73993
19	5	16.76082
19	5	16.77563
19	5	16.79119
19	5	16.80599
19	5	16.81969
19	5	16.83308
19	5	16.84864
19	5	16.86092
19	6	16.87531
19	6	16.88871
19	6	16.90272
19	6	16.92264
19	6	16.93606
19	6	16.94862
19	6	16.96135
19	6	16.97484
19	6	16.98824
19	7	17.00236
19	7	17.01466
19	7	17.02651
19	7	17.04342
19	7	17.06705
19	7	17.09467
19	7	17.11091
20	7	17.13329
20	7	17.15555
20	7	17.1781
20	7	17.20117
20	7	17.22695
21	7	17.25162
21	7	17.26841
21	7	17.28909
21	7	17.3122
21	7	17.33422
21	7	17.3567
22	7	17.37919
22	7	17.40734
22	7	17.42367
22	7	17.44561
22	7	17.46803
22	7	17.49068
22	7	17.5125
22	7	17.52619
22	7	17.53896
22	7	17.56176
22	7	17.5857
22	7	17.60085
22	6	17.62182
22	6	17.63794
22	6	17.65162
22	6	17.66502
22	6	17.67939
22	6	17.69459
22	6	17.71803
22	5	17.73532
22	5	17.75159
22	5	17.76701
22	5	17.78258
22	5	17.80684
22	5	17.82349
22	5	17.8413
22	4	17.85741
22	4	17.87912
22	4	17.89425
22	4	17.90815
22	4	17.9233
22	4	17.9383
22	4	17.95322
22	4	17.96706
22	4	17.98248
22	4	18.00431
22	4	18.02668
22	4	18.05594
22	4	18.07104
22	4	18.09356
22	3	18.11663
22	3	18.13895
22	3	18.16085
22	3	18.18419
22	3	18.21269
22	2	18.22855
22	2	18.25062
22	2	18.2722
22	2	18.29443
22	2	18.31709
23	2	18.34008
23	2	18.36801
23	2	18.38444
23	2	18.40645
23	2	18.41886
23	2	18.43227
23	2	18.44786
24	2	18.46253
24	2	18.47708
24	2	18.49294
24	2	18.5128
24	2	18.52861
24	2	18.54225
24	2	18.55645
24	2	18.57019
25	2	18.58513
25	2	18.60003
25	2	18.61312
25	2	18.62793
25	2	18.6434
25	2	18.66524
25	2	18.6792
25	2	18.69143
25	2	18.7036
26	2	18.71821
26	2	18.7313
26	2	18.74516
26	2	18.75817
26	2	18.77225
26	2	18.78651
26	2	18.80909
27	2	18.83937
25	2	19.16417
24	2	19.20142
24	2	19.2333
24	2	19.2582
24	2	19.27872
24	2	19.29336
24	2	19.30708
23	2	19.33374
23	2	19.37532
23	2	19.40188
23	2	19.43449
22	2	19.46761
22	2	19.50233
22	2	19.54158
21	2	19.56874
21	2	19.6014
21	2	19.63478
21	2	19.66896
20	2	19.71142
20	2	19.73635
20	2	19.77
20	2	19.80326
21	2	19.83761
21	2	19.87529
21	2	19.9026
24	2	20.23594
24	2	20.27294
24	2	20.29045
25	2	20.30527
25	2	20.32294
25	2	20.35746
25	2	20.38067
25	2	20.40225
26	2	20.43041
26	2	20.44814
26	2	20.47081
26	2	20.49157
26	2	20.51427
26	2	20.53591
27	2	20.55905
27	2	20.58814
27	2	20.60306
27	2	20.62496
27	2	20.64711
27	2	20.6697
27	2	20.69165
27	2	20.7152
27	2	20.74413
27	2	20.75952
27	2	20.78157
27	3	20.80455
27	3	20.82643
27	3	20.84856
27	3	20.87331
27	3	20.90063
27	3	20.91673
27	4	20.93881
27	4	20.96082
27	4	20.98308
27	4	21.00595
27	4	21.02758
27	5	21.05678
27	5	21.07338
27	5	21.09491
27	5	21.11809
27	5	21.13966
27	5	21.16195
27	5	21.18514
26	5	21.21362
26	5	21.23003
26	5	21.25131
26	5	21.27439
26	5	21.29627
26	5	21.31853
25	5	21.34176
25	5	21.37037
25	5	21.39086
25	5	21.40846
25	5	21.43129
24	5	21.45315
24	5	21.47589
24	5	21.49868
24	5	21.5267
24	5	21.54314
24	5	21.56483
23	5	21.58693
23	5	21.60972
23	5	21.62721
23	5	21.65122
23	5	21.67954
22	5	21.69877
22	5	21.71366
22	5	21.72822
22	5	21.74201
22	5	21.76026
22	5	21.77563
22	5	21.79062
22	5	21.80565
22	4	21.82679
22	4	21.84034
22	4	21.8555
22	4	21.86844
22	4	21.88802
22	4	21.90161
22	4	21.91651
22	4	21.93077
22	5	21.94449
22	5	21.95964
22	5	21.97992
22	5	22.01153
22	5	22.02712
22	5	22.04169
22	5	22.05615
22	5	22.07833
22	5	22.10061
22	5	22.12363
22	5	22.1509
22	5	22.17172
22	6	22.18979
22	6	22.21237
22	6	22.23549
22	6	22.25706
22	6	22.2797
22	7	22.30907
22	7	22.32485
22	7	22.34712
22	7	22.36793
22	7	22.39108
22	7	22.41347
21	7	22.43633
21	7	22.46638
21	7	22.4844
21	7	22.50334
21	7	22.52485
21	7	22.53951
20	7	22.55509
20	7	22.57042
20	7	22.58633
20	7	22.60778
20	7	22.62288
20	7	22.63924
20	7	22.65354
20	7	22.66733
19	7	22.68116
19	7	22.69609
19	7	22.71152
19	7	22.72609
19	7	22.74059
19	7	22.76326
19	7	22.77726
18	7	22.79651
18	7	22.80942
18	7	22.82298
18	7	22.83611
18	7	22.85142
18	7	22.86473
18	7	22.87793
18	7	22.89263
18	7	22.91229
17	7	22.92651
17	7	22.93873
17	7	22.96058
17	7	22.98299
17	7	23.00556
17	7	23.02764
16	7	23.05036
16	7	23.07928
16	7	23.09428
16	7	23.11734
16	7	23.1394
16	7	23.16187
16	7	23.18438
16	7	23.20761
16	7	23.23451
16	7	23.25102
16	8	23.27396
16	8	23.29535
16	8	23.31816
16	8	23.34072
16	8	23.36293
16	9	23.39176
16	9	23.40725
16	9	23.43003
16	9	23.44261
16	9	23.45651
16	9	23.47021
16	9	23.48482
16	9	23.49901
16	10	23.51341
16	10	23.53455
16	10	23.55087
16	10	23.56735
16	10	23.58114
16	10	23.59759
16	10	23.61297
16	10	23.62807
16	10	23.6416
16	10	23.65624
16	10	23.67304
16	10	23.6956
16	10	23.70871
16	10	23.72224
16	10	23.73456
16	10	23.75011
17	10	23.76368
17	10	23.77832
17	10	23.79123
17	10	23.80429
17	10	23.82088
17	10	23.84424
17	10	23.87222
18	10	23.88792
18	10	23.91074
18	10	23.9327
18	10	23.95508
18	10	23.97705
19	10	24.00006
19	10	24.02788
19	10	24.04414
19	10	24.06664
19	10	24.08933
19	10	24.11143
20	10	24.13402
20	10	24.15649
20	10	24.19216
20	10	24.20824
20	10	24.2239
21	10	24.2457
21	10	24.26729
21	10	24.29018
21	10	24.3023
21	10	24.31537
21	10	24.33552
21	10	24.34877
21	10	24.36148
22	10	24.37483
22	10	24.38882
22	10	24.40197
22	10	24.41611
22	10	24.42968
22	10	24.44286
22	10	24.45581
22	10	24.46902
22	11	24.48948
22	11	24.50321
22	11	24.51664
22	11	24.53371
22	11	24.5575
22	11	24.57454
22	11	24.59052
22	11	24.60621
22	12	24.6235
22	12	24.64978
22	12	24.66914
22	12	24.68438
22	12	24.71938
22	13	24.73566
22	13	24.7524
22	13	24.78049
22	13	24.80898
22	13	24.8323
22	13	24.85073
22	14	24.8654
22	14	24.88183
22	14	24.90153
22	14	24.92308
22	14	24.93833
22	14	24.9685
22	15	24.98673
22	15	25.00924
22	15	25.02709
22	15	25.05
22	15	25.07244
22	15	25.09527
22	16	25.1251
22	16	25.1452
22	16	25.16368
22	16	25.18457
22	16	25.20607
23	16	25.2195
23	16	25.23389
23	16	25.25172
23	16	25.2774
23	16	25.29625
23	16	25.31118
23	16	25.3274
24	16	25.34347
24	16	25.35916
24	16	25.37884
24	16	25.39678
24	16	25.41546
24	16	25.44198
24	16	25.45897
25	16	25.47499
25	16	25.49089
25	16	25.51241
25	16	25.53264
25	16	25.5552
25	16	25.56927
26	16	25.59776
26	16	25.61842
26	16	25.63743
26	16	25.65698
26	16	25.67071
26	16	25.6861
26	16	25.70571
27	16	25.71824
27	16	25.73458
27	16	25.76016
27	16	25.77599
27	16	25.79769
27	16	25.81997
26	16	25.84204
26	16	25.86469
26	16	25.90021
26	16	25.92317
26	16	25.94918
25	16	25.96299
25	16	25.97633
25	16	25.99877
25	16	26.0212
25	16	26.04363
25	16	26.06606
24	16	26.09516
24	16	26.11032
24	16	26.13288
24	16	26.15557
24	16	26.16987
24	16	26.18654
23	16	26.20223
23	16	26.21733
23	16	26.23885
23	16	26.25056
23	16	26.26387
22	16	26.35018
22	16	26.36654
22	16	26.38275
22	16	26.40268
22	16	26.41607
22	16	26.42987
22	16	26.44521
22	16	26.45872
22	16	26.47203
22	16	26.48714
22	16	26.4994
22	16	26.51271
22	16	26.52652
22	16	26.53984
23	16	26.5623
23	16	26.57663
23	16	26.59062
23	16	26.60318
23	16	26.61527
23	16	26.63617
23	16	26.65824
24	16	26.68011
24	16	26.7026
24	16	26.73129
24	16	26.74851
24	16	26.76932
24	16	26.79146
25	16	26.81374
25	16	26.83661
25	16	26.85898
25	16	26.88773
25	16	26.90347
26	16	26.92679
26	16	26.94904
26	16	26.97077
26	16	26.99289
26	16	27.01712
27	16	27.04505
27	16	27.06012
27	16	27.08178
27	16	27.09561
27	16	27.10837
27	16	27.12305
27	16	27.13796
27	16	27.15202
27	16	27.16839
27	15	27.19513
27	15	27.21249
27	15	27.23149
27	15	27.24997
27	15	27.26472
27	15	27.27944
27	15	27.29446
27	14	27.31131
27	14	27.3283
27	14	27.35523
27	14	27.37227
27	14	27.38643
27	14	27.40145
27	14	27.41652
27	13	27.43212
27	13	27.44861
27	13	27.46677
27	13	27.4858
27	13	27.51447
27	13	27.53348
27	13	27.54834
27	13	27.56447
27	13	27.57958
27	13	27.59417
26	13	27.60751
26	13	27.63996
26	13	27.67973
26	13	27.70672
25	13	27.74092
25	13	27.77443
25	13	27.80879
25	13	27.85027
25	13	27.87515
25	13	27.90758
25	13	27.94157
25	13	27.97618
25	13	28.01614
25	13	28.04328
25	13	28.07646
25	13	28.10937
25	13	28.1437
25	13	28.18263
25	13	28.21005
25	13	28.24389
25	13	28.27731
25	13	28.31115
25	13	28.35005
25	13	28.37727
25	13	28.39985
25	13	28.42156
25	13	28.4448
25	13	28.46707
25	13	28.49525
25	13	28.51117
25	13	28.53378
25	13	28.55563
25	13	28.57837
25	13	28.60034
25	13	28.62283
25	13	28.65139
25	13	28.66732
25	12	28.69024
25	12	28.71386
25	12	28.73507
25	12	28.75703
25	12	28.7805
25	11	28.80747
25	11	28.82791
25	11	28.84616
25	11	28.86842
25	11	28.89089
25	11	28.9132
25	10	28.93645
25	10	28.96522
25	10	28.9834
25	10	29.00283
22	10	29.33616
22	10	29.38021
22	10	29.39631
21	10	29.40995
21	10	29.42396
21	10	29.4367
21	10	29.45143
21	10	29.46587
21	10	29.48856
21	10	29.51606
20	10	29.53258
20	10	29.55517
20	10	29.57743
20	10	29.60028
20	10	29.62251
20	10	29.64541
19	10	29.67328
19	10	29.68944
19	10	29.71146
19	10	29.7337
19	10	29.75621
18	10	29.77816
18	10	29.80158
18	10	29.82905
18	10	29.84557
18	10	29.86807
18	10	29.89052
17	10	29.91244
17	10	29.93502
17	10	29.95745
17	10	29.98629
17	10	30.00201
16	10	30.02431
16	10	30.04705
16	10	30.06944
16	10	30.09252
16	10	30.11452
15	10	30.14297
15	10	30.15903
15	10	30.18224
15	10	30.20457
15	10	30.22582
15	10	30.2491
14	10	30.27101
14	10	30.29953
14	10	30.31605
14	10	30.33838
14	10	30.3612
14	10	30.38342
13	10	30.40487
13	10	30.42785
13	10	30.45876
13	10	30.47547
13	10	30.49472
12	10	30.51722
12	10	30.53921
12	10	30.56174
12	10	30.58506
12	10	30.61652
11	10	30.63275
11	10	30.65106
11	10	30.66603
11	10	30.68562
11	10	30.70336
11	10	30.71585
11	10	30.73001
11	10	30.74683
10	10	30.77001
10	10	30.78925
10	10	30.80957
10	10	30.82368
10	10	30.8374
10	10	30.85193
10	10	30.86664
10	11	30.88009
10	11	30.8946
10	11	30.91031
10	11	30.93449
10	11	30.95344
10	11	30.96973
10	11	30.98418
10	12	30.99967
10	12	31.01359
10	12	31.02982
10	12	31.04639
10	12	31.06423
10	12	31.09118
10	12	31.11276
10	13	31.12812
10	13	31.14288
10	13	31.15846
10	13	31.17631
10	13	31.19893
10	13	31.22155
10	14	31.25036
10	14	31.26503
10	14	31.28786
10	14	31.31007
10	14	31.33195
10	17	31.66059
10	17	31.72182
10	18	31.7438
10	18	31.76012
10	18	31.78104
10	18	31.80095
10	18	31.82049
10	19	31.85221
10	19	31.8712
10	19	31.88702
10	19	31.90782
10	19	31.92696
10	19	31.94289
10	19	31.95737
11	19	31.98086
11	19	32.0097
11	19	32.02685
11	19	32.05147
11	19	32.07013
11	19	32.09164
12	19	32.1144
12	19	32.13765
12	19	32.16482
12	19	32.18281
12	19	32.20331
13	19	32.22562
13	19	32.24806
13	19	32.27142
13	19	32.28871
13	19	32.31681
14	19	32.34328
14	19	32.35885
14	19	32.37575
14	19	32.3951
14	19	32.4139
17	19	32.74723
17	19	32.79398
17	19	32.81529
18	19	32.8312
18	19	32.84602
18	19	32.86028
18	19	32.88028
18	19	32.898
18	19	32.92375
18	19	32.94024
19	19	32.95252
19	19	32.96715
19	19	32.9803
19	19	32.99689
19	19	33.0153
19	19	33.03061
19	19	33.04669
19	19	33.06294
20	19	33.09237
20	19	33.11087
20	19	33.1315
20	19	33.14764
20	19	33.16162
20	19	33.18008
21	19	33.21362
21	19	33.25454
21	19	33.28164
21	19	33.31286
22	19	33.34699
22	19	33.38124
22	19	33.42181
22	20	33.44787
22	20	33.48128
22	20	33.51447
22	20	33.54928
22	21	33.5906
22	21	33.61489
22	21	33.64908
22	21	33.68281
22	22	33.71708
22	22	33.75826
22	22	33.78271
22	23	33.81636
22	23	33.84937
22	23	33.88312
22	23	33.92509
22	24	33.94997
22	24	33.97361
22	24	33.99513
22	24	34.01709
22	24	34.04012
22	25	34.06817
22	25	34.0852
22	25	34.10707
22	25	34.12835
22	25	34.15045
22	25	34.17291
22	26	34.19564
22	26	34.22306
22	26	34.23991
22	26	34.26221
22	26	34.28503
22	27	34.3078
22	27	34.32943
22	27	34.35313
22	27	34.382
22	27	34.39789
22	28	34.41845
22	28	34.44095
22	28	34.46388
22	28	34.48602
22	28	34.5094
22	28	34.53651
22	29	34.55288
22	29	34.57546
22	29	34.59811
22	29	34.6195
22	29	34.64269
23	29	34.66567
23	29	34.69442
23	29	34.71351
23	29	34.73583
23	29	34.75509
23	29	34.77739
24	29	34.79869
24	29	34.8221
24	29	34.85095
24	29	34.86763
24	29	34.8885
25	29	34.91029
25	29	34.93327
25	29	34.95562
25	29	34.9792
25	29	35.00766
25	29	35.02619
26	29	35.04539
26	29	35.06781
26	29	35.09016
26	29	35.11272
26	29	35.13545
27	29	35.163
27	29	35.18245
27	29	35.20218
27	29	35.21855
27	29	35.23478
27	29	35.24835
27	29	35.26233
27	29	35.27789
27	29	35.29121
27	29	35.32211
27	29	35.34026
27	29	35.35484
27	29	35.37169
27	29	35.38528
27	29	35.39927
27	28	35.41441
27	28	35.4293
27	28	35.44673
27	28	35.47382
27	28	35.48965
27	28	35.50315
27	28	35.51873
27	27	35.5335
27	27	35.54638
27	27	35.56112
27	27	35.57914
27	27	35.59707
27	27	35.62199
27	27	35.63803
27	26	35.65134
27	26	35.66338
27	26	35.68151
27	26	35.70428
27	26	35.72665
27	26	35.74944
27	25	35.78035
27	25	35.8046
27	25	35.82042
27	25	35.83825
27	25	35.86079
27	25	35.8825
27	24	35.90578
27	24	35.9361
27	24	35.9551
27	24	35.97686
27	24	35.99502
27	24	36.01679
27	23	36.03955
27	23	36.06469
27	23	36.09333
27	23	36.11111
27	23	36.12605
27	22	36.14154
27	22	36.15559
27	22	36.17008
27	22	36.19152
27	22	36.22078
27	22	36.24775
26	22	36.26616
26	22	36.28107
26	22	36.29566
26	22	36.31806
26	22	36.34652
26	22	36.36423
26	22	36.37997
25	22	36.40784
25	22	36.42872
25	22	36.4473
25	22	36.46141
25	22	36.47598
25	22	36.49051
25	22	36.50378
24	22	36.5191
24	22	36.53579
24	22	36.56212
24	22	36.58157
24	22	36.596
24	22	36.60982
23	22	36.63108
23	22	36.65299
23	22	36.67618
23	22	36.69947
23	22	36.73007
23	22	36.74904
22	22	36.76654
22	22	36.79574
22	22	36.80993
22	22	36.83182
22	22	36.85528
22	22	36.88544
22	22	36.89943
22	22	36.92199
22	22	36.94542
22	23	36.9668
22	23	36.98836
22	23	37.0121
22	23	37.04119
22	23	37.05653
22	23	37.0741
22	24	37.08875
22	24	37.10357
22	24	37.11809
22	24	37.13475
22	24	37.14954
22	24	37.16562
22	24	37.1885
22	24	37.20401
22	25	37.21727
22	25	37.23232
22	25	37.25196
22	25	37.26624
22	25	37.2804
22	25	37.29466
22	25	37.31455
22	26	37.32903
22	26	37.35263
22	26	37.36861
22	26	37.38487
22	26	37.40006
22	26	37.4139
22	26	37.42891
22	26	37.44379
22	27	37.45928
22	27	37.47295
22	27	37.4916
22	27	37.52132
22	27	37.54017
22	27	37.55725
22	28	37.58065
22	28	37.60249
22	28	37.62488
22	28	37.64808
22	28	37.67698
22	28	37.69234
22	29	37.71445
22	29	37.73769
22	29	37.75922
22	29	37.78225
22	29	37.80441
23	29	37.83447
23	29	37.8495
23	29	37.87106
23	29	37.89342
23	29	37.91556
23	29	37.93846
24	29	37.95322
24	29	37.9721
24	29	37.99692
24	29	38.01232
24	29	38.02728
24	29	38.04435
23	29	38.07371
23	29	38.08924
23	29	38.10371
23	29	38.12521
23	29	38.15492
23	29	38.16949
22	29	38.18768
22	29	38.20235
22	29	38.21778
22	29	38.23224
22	29	38.24986
22	29	38.26446
22	29	38.27878
22	29	38.29895
22	28	38.3115
22	28	38.32538
22	28	38.33931
22	28	38.35404
22	28	38.36964
22	28	38.39645
22	28	38.40967
22	27	38.42973
22	27	38.45765
22	27	38.4741
22	27	38.49648
22	27	38.51857
22	27	38.54212
22	26	38.56357
22	26	38.58598
22	26	38.61447
22	26	38.62988
22	26	38.65255
22	25	38.67537
22	25	38.69741
22	25	38.72011
22	25	38.74284
22	25	38.77085
22	25	38.79021
22	24	38.80924
22	24	38.85021
22	24	38.86444
22	24	38.87906
22	24	38.89062
22	24	38.90546
22	23	38.92484
22	23	38.93891
22	23	38.95239
22	23	38.96638
22	23	38.97982
22	23	38.99343
22	23	39.00634
22	23	39.01841
22	23	39.03225
22	22	39.0472
22	22	39.05968
22	22	39.08297
22	22	39.09691
22	22	39.11031
22	22	39.1236
22	22	39.13766
22	22	39.15202
22	21	39.16579
22	21	39.17973
22	21	39.19323
22	21	39.20636
22	21	39.21976
22	21	39.24163
22	21	39.25447
22	21	39.26668
22	21	39.28263
22	20	39.30036
22	20	39.32275
22	20	39.34552
22	20	39.36766
22	20	39.39054
22	21	39.41928
22	21	39.43489
22	21	39.45692
22	21	39.47935
22	21	39.5015
22	21	39.52452
22	22	39.54671
22	22	39.57468
22	22	39.5914
22	22	39.6138
22	22	39.63573
22	23	39.65862
22	23	39.68085
22	23	39.70293
22	23	39.73252
22	23	39.74865
22	23	39.76292
22	24	39.77562
22	24	39.78883
22	24	39.80191
22	24	39.81629
22	24	39.82839
22	24	39.84057
22	24	39.85451
22	24	39.87637
22	24	39.88841
22	25	39.90124
22	25	39.91678
22	25	39.93082
22	25	39.94386
22	25	39.95675
22	25	39.97626
22	28	40.30959
22	28	40.34755
22	28	40.36592
22	28	40.3787
22	29	40.39252
22	29	40.406
22	29	40.41822
22	29	40.43314
22	29	40.44485
22	29	40.46294
22	29	40.49213
21	29	40.50713
21	29	40.52978
21	29	40.55193
21	29	40.5744
21	29	40.59706
21	29	40.62046
20	29	40.64788
20	29	40.66486
20	29	40.68648
20	29	40.70876
20	29	40.73081
19	29	40.75336
19	29	40.77674
19	29	40.80466
19	29	40.82049
19	29	40.84332
19	29	40.86464
18	29	40.88737
18	29	40.98231
17	29	41.00838
17	29	41.02556
17	29	41.04295
17	29	41.05684
17	29	41.07106
17	29	41.08454
17	29	41.09991
17	29	41.1126
16	29	41.12723
16	29	41.14236
16	29	41.17138
16	29	41.18838
16	29	41.2026
16	29	41.21669
16	29	41.23193
16	29	41.24787
16	29	41.26163
16	29	41.27596
16	29	41.2902
16	29	41.30428
16	29	41.32985
16	29	41.34856
16	29	41.36183
16	29	41.37601
16	29	41.39031
16	28	41.43541
16	28	41.45581
16	28	41.48388
16	25	41.81721
16	25	41.86291
16	25	41.88392
16	25	41.90119
16	25	41.9171
16	25	41.93141
16	25	41.95755
16	25	41.99176
16	25	42.03316
16	25	42.0571
16	25	42.09089
16	25	42.12538
16	25	42.1644
16	25	42.20046
16	25	42.22617
16	25	42.25977
16	25	42.29352
16	25	42.32797
16	25	42.369
16	25	42.39266
16	25	42.42756
16	25	42.46003
16	25	42.49444
16	25	42.53555
16	25	42.56104
16	25	42.58335
16	25	42.6054
16	25	42.62745
16	25	42.65068
16	25	42.67866
16	25	42.694
16	25	42.71624
16	25	42.73885
16	25	42.77426
16	25	42.78886
16	25	42.8063
16	25	42.83576
16	25	42.85106
16	25	42.87291
16	25	42.89571
16	25	42.91782
16	25	42.94053
16	25	42.96378
16	25	42.99187
16	25	43.00848
16	25	43.03019
16	25	43.05307
16	25	43.07478
16	25	43.09692
16	25	43.11972
16	25	43.14661
16	25	43.16301
16	25	43.18535
16	25	43.20742
16	25	43.23039
16	25	43.25362
16	25	43.27554
16	25	43.30397
16	25	43.32087
16	25	43.34293
16	25	43.36554
16	25	43.38727
16	25	43.40944
16	25	43.43274
16	25	43.46074
16	25	43.47661
16	25	43.49927
16	25	43.52168
16	25	43.54362
16	25	43.56593
16	25	43.58878
16	25	43.61721
16	25	43.63383
16	25	43.65551
16	25	43.67829
16	25	43.70089
16	25	43.72333
16	25	43.74568
16	25	43.7747
16	25	43.79046
16	25	43.81345
16	25	43.82691
16	25	43.84048
16	25	43.85439
16	25	43.86898
16	25	43.88339
16	25	43.90204
16	25	43.92101
16	25	43.93547
16	25	43.94805
16	25	43.96039
16	25	43.9736
16	25	43.98691
16	25	44.00023
16	25	44.014
16	25	44.02689
16	25	44.03964
16	25	44.05333
16	25	44.0746
16	25	44.08733
16	25	44.10045
16	25	44.11433
16	25	44.12643
16	25	44.14103
16	25	44.15789
16	25	44.17389
16	25	44.18669
16	25	44.20283
16	25	44.22517
16	25	44.25428
16	25	44.26987
16	25	44.29261
16	25	44.31481
16	25	44.33677
16	25	44.35917
16	25	44.38195
16	25	44.41004
16	25	44.42614
16	25	44.44808
16	25	44.47029
16	25	44.49289
16	25	44.51517
16	25	44.53827
16	25	44.5665
16	25	44.58284
16	25	44.60467
16	25	44.62731
16	25	44.64988
16	25	44.66371
16	25	44.68081
17	25	44.69802
17	25	44.72372
17	25	44.74284
17	25	44.76192
17	25	44.77637
17	25	44.79043
17	25	44.80537
18	25	44.82286
18	25	44.83831
18	25	44.8558
18	25	44.91119
18	25	44.92774
19	25	44.94397
19	25	44.959
19	25	44.97771
19	25	44.99898
19	25	45.01449
19	25	45.04271
20	25	45.06132
20	25	45.10757
20	25	45.12306
20	25	45.13954
20	25	45.15665
21	25	45.17535
21	25	45.20337
21	25	45.22174
21	25	45.2429
21	25	45.26437
21	25	45.28711
22	25	45.30925
22	25	45.33198
22	25	45.35961
22	25	45.37993
22	25	45.39771
23	25	45.42074
23	25	45.44235
23	25	45.46478
23	25	45.48754
23	25	45.51767
23	25	45.53495
24	25	45.55453
24	25	45.5768
24	25	45.59949
24	25	45.64819
25	25	45.67505
25	25	45.69357
25	25	45.71057
25	25	45.72823
25	25	45.74382
25	25	45.76138
25	25	45.77538
26	25	45.79012
26	25	45.80404
26	25	45.83222
26	25	45.85034
26	25	45.86726
26	25	45.88088
26	25	45.89576
27	25	45.91027
27	25	45.92369
27	25	45.93745
27	25	45.95367
27	25	45.96886
27	25	45.99404
27	25	46.01394
27	25	46.02667
27	24	46.04139
27	24	46.05521
27	24	46.08054
27	24	46.09485
27	24	46.11258
27	24	46.13577
27	23	46.16658
27	23	46.18293
27	23	46.20303
27	23	46.22488
27	23	46.24677
27	23	46.2689
27	22	46.29132
27	22	46.3349
27	22	46.34988
27	22	46.36422
27	22	46.3811
27	22	46.40319
27	22	46.42505
26	22	46.44831
26	22	46.47818
26	22	46.49333
26	22	46.51554
26	22	46.53762
26	22	46.55175
25	22	46.56709
25	22	46.58339
25	22	46.5957
25	22	46.6099
25	22	46.63358
25	22	46.64708
25	22	46.6612
25	22	46.67503
24	22	46.68899
24	22	46.70304
24	22	46.71702
24	22	46.73418
24	22	46.74903
24	22	46.76337
24	22	46.78551
24	22	46.79839
23	22	46.81177
23	22	46.82514
23	22	46.83966
23	22	46.85257
23	22	46.88173
23	22	46.91146
23	22	46.92782
22	22	46.94888
22	22	46.96371
22	22	46.97676
22	22	46.99519
22	22	47.01725
22	22	47.03944
22	22	47.06206
22	22	47.08453
22	22	47.11298
22	22	47.12944
22	22	47.15202
22	22	47.17416
22	22	47.19613
22	22	47.21896
22	22	47.24201
22	22	47.27261
22	22	47.29174
22	22	47.30825
22	22	47.33034
22	22	47.35563
22	22	47.37759
22	22	47.40038
22	22	47.43248
22	22	47.45908
22	22	47.47392
22	22	47.48911
22	22	47.50361
22	22	47.51955
22	22	47.53227
22	22	47.54598
22	22	47.56053
22	22	47.58147
22	22	47.59511
22	22	47.60904
22	22	47.62247
22	22	47.63548
22	22	47.64846
22	22	47.66418
22	22	47.67871
22	22	47.69183
22	22	47.70478
22	22	47.72002
22	22	47.74323
22	22	47.75692
22	22	47.77494
22	22	47.78921
22	22	47.80296
22	22	47.81715
22	22	47.83037
22	22	47.85331
22	22	47.87601
22	22	47.9039
22	22	47.9202
22	22	47.94292
22	22	47.96651
22	22	47.98898
22	22	48.0106
22	22	48.03439
22	22	48.06177
22	22	48.07843
22	22	48.10094
22	22	48.12317
22	22	48.14538
22	22	48.16833
22	22	48.19125
22	22	48.22276
22	22	48.23693
22	22	48.25717
22	22	48.27937
22	21	48.30199
22	21	48.31571
22	21	48.3297
22	21	48.34604
22	21	48.36769
22	21	48.38286
22	21	48.41236
22	20	48.42521
22	20	48.43853
22	20	48.45222
22	20	48.46697
22	20	48.4799
22	20	48.49752
22	20	48.5219
22	20	48.53946
22	19	48.55236
22	19	48.57298
22	19	48.58781
22	19	48.60173
22	19	48.61774
22	19	48.64588
22	19	48.66144
22	18	48.68527
22	18	48.70183
22	18	48.72148
22	18	48.73875
22	18	48.7535
22	18	48.76627
22	17	48.78763
22	17	48.8048
22	17	48.82845
22	17	48.86088
22	17	48.87785
22	17	48.89399
22	16	48.91647
22	16	48.93894
22	16	48.96109
22	16	48.98379
22	16	49.01146
22	16	49.02772
23	16	49.05074
23	16	49.07273
23	16	49.09466
23	16	49.11731
23	16	49.14019
24	16	49.16822
24	16	49.18442
24	16	49.20616
24	16	49.22915
24	16	49.24295
24	16	49.25606
24	16	49.26868
25	16	49.28287
25	16	49.29698
25	16	49.3178
25	16	49.35133
25	16	49.36821
25	16	49.38038
25	16	49.39254
26	16	49.40517
26	16	49.41824
26	16	49.43071
26	16	49.44412
26	16	49.45675
26	16	49.47767
26	16	49.49054
26	16	49.50998
27	16	49.52325
27	16	49.5366
27	16	49.54895
27	16	49.5619
27	16	49.57508
27	16	49.58904
27	16	49.60106
27	16	49.61999
27	16	49.64752
27	16	49.66721
26	16	49.68684
26	16	49.70901
26	16	49.73123
26	16	49.75394
26	16	49.77639
26	16	49.80519
25	16	49.82106
25	16	49.84356
25	16	49.86567
25	16	49.88803
25	16	49.91021
24	16	49.93318
24	16	49.9607
24	16	49.977
24	16	49.99915
24	16	50.02219
24	16	50.04419
23	16	50.06723
23	16	50.08958
23	16	50.10847
23	16	50.12209
23	16	50.13444
23	16	50.14678
23	16	50.16031
22	16	50.17459
22	16	50.18945
22	16	50.20276
22	16	50.21545
22	16	50.22781
22	16	50.24546
22	16	50.26832
22	16	50.28216
22	16	50.29422
22	16	50.30683
22	16	50.31973
22	16	50.33172
22	16	50.34609
23	16	50.35952
23	16	50.37388
23	16	50.38656
23	16	50.39968
23	16	50.41933
23	16	50.43206
23	16	50.44447
23	16	50.45795
24	16	50.47971
24	16	50.50239
24	16	50.52425
24	16	50.54661
24	16	50.56934
25	16	50.59726
25	16	50.61358
25	16	50.63624
25	16	50.65901
25	16	50.68108
25	16	50.70356
26	16	50.72643
26	16	50.75524
26	16	50.77047
26	16	50.79268
26	16	50.81507
26	16	50.83759
27	16	50.85971
27	16	50.88273
27	16	50.91254
27	16	50.92731
27	16	50.94199
27	16	50.95555
27	16	50.96876
27	16	50.98354
27	16	50.99716
27	16	51.01176
27	16	51.02505
27	17	51.03963
27	17	51.0598
27	17	51.0756
27	17	51.09106
27	17	51.10878
27	17	51.12256
27	17	51.13643
27	18	51.15155
27	18	51.16563
27	18	51.18022
27	18	51.20261
27	18	51.22862
27	18	51.24461
27	18	51.25793
27	18	51.27125
27	19	51.28721
27	19	51.30113
27	19	51.31768
27	19	51.34011
27	19	51.36387
27	19	51.39053
26	19	51.4096
26	19	51.42978
26	19	51.45188
26	19	51.47492
25	19	51.80825
25	19	51.84861
25	19	51.8687
25	19	51.88305
25	19	51.89879
25	19	51.91262
25	19	51.92849
25	19	51.94088
25	19	51.9743
25	19	52.01423
25	19	52.04175
25	19	52.07448
25	19	52.10838
25	19	52.14133
25	19	52.18334
25	19	52.20828
25	19	52.24194
25	20	52.27533
25	20	52.30899
25	20	52.34824
25	20	52.37599
25	21	52.40946
25	21	52.44328
25	21	52.47728
25	22	52.5169
25	22	52.54331
25	22	52.57743
25	22	52.61198
25	22	52.64476
24	22	52.68311
24	22	52.71128
24	22	52.7341
24	22	52.75588
24	22	52.7789
23	22	52.80103
23	22	52.8315
23	22	52.84564
23	22	52.86789
23	22	52.88902
22	22	52.91128
22	22	52.9339
22	22	52.95821
22	22	52.98612
22	22	53.00161
22	22	53.02348
22	22	53.04598
22	22	53.06794
22	22	53.09034
22	22	53.11315
22	22	53.14222
22	22	53.159
22	21	53.17978
22	21	53.202
22	21	53.22431
22	21	53.24622
22	21	53.26896
22	20	53.29812
22	20	53.31357
22	20	53.33595
22	20	53.35869
22	20	53.38071
22	20	53.4031
22	19	53.42553
22	19	53.45293
22	19	53.46995
22	19	53.49287
22	19	53.51526
21	19	53.53813
21	19	53.56145
21	19	53.58384
21	19	53.61356
21	19	53.62949
20	19	53.65194
20	19	53.67511
20	19	53.69759
20	19	53.71984
20	19	53.74267
20	19	53.77279
19	19	53.78838
19	19	53.81097
19	19	53.8336
19	19	53.85587
19	19	53.87847
19	18	53.90136
19	18	53.93105
19	18	53.9479
19	18	53.96644
19	18	53.98222
19	18	53.99642
19	18	54.00975
19	17	54.02556
19	17	54.03868
19	17	54.0563
19	17	54.08059
19	17	54.10177
19	17	54.11604
19	17	54.13029
19	16	54.14467
19	16	54.15894
19	16	54.17335
19	16	54.19077
19	16	54.21164
19	16	54.23868
19	16	54.25519
19	15	54.26913
19	15	54.28353
19	15	54.2989
19	15	54.31596
19	15	54.334
19	15	54.34743
19	14	54.38553
19	14	54.41232
19	14	54.43104
19	14	54.44732
19	14	54.46072
19	14	54.47629
19	14	54.49875
19	13	54.52131
19	13	54.54327
19	13	54.57244
19	13	54.59425
19	13	54.60981
19	12	54.63222
19	12	54.65421
19	12	54.67691
19	12	54.70036
19	12	54.72765
19	12	54.74979
19	11	54.76665
19	11	54.7892
19	11	54.81208
19	11	54.83345
19	11	54.85692
19	10	54.8857
19	10	54.90414
19	10	54.92007
19	10	54.95177
19	10	54.96468
19	10	54.97897
19	10	54.99541
19	10	55.01603
19	10	55.03644
19	10	55.05012
19	10	55.0633
19	10	55.07706
19	10	55.09063
19	10	55.10312
19	10	55.11581
19	10	55.12793
19	10	55.14076
19	10	55.15422
19	10	55.16749
18	10	55.18835
18	10	55.20318
18	10	55.21663
18	10	55.23019
18	10	55.24421
18	10	55.25801
18	10	55.27118
18	10	55.28365
18	10	55.30227
17	10	55.32509
17	10	55.35329
17	10	55.36961
17	10	55.39258
17	10	55.4146
16	10	55.43685
16	10	55.45889
16	10	55.48182
16	10	55.50994
16	10	55.52547
16	10	55.54827
15	10	55.57027
15	10	55.59324
15	10	55.61529
15	10	55.63797
15	10	55.66774
14	10	55.68183
14	10	55.70454
14	10	55.72704
14	10	55.74989
14	10	55.77171
14	10	55.78648
13	10	55.80692
13	10	55.82787
13	10	55.84112
13	10	55.85469
13	10	55.86971
13	10	55.88247
13	10	55.8953
13	10	55.91547
12	10	55.93074
12	10	55.94535
12	10	55.96019
12	10	55.98066
12	10	55.99355
12	10	56.00896
12	10	56.02535
11	10	56.04005
11	10	56.05614
11	10	56.06995
11	10	56.08459
11	10	56.10007
11	10	56.11776
11	10	56.1385
11	10	56.15256
10	10	56.16544
10	10	56.18508
10	10	56.20742
10	10	56.23048
10	10	56.25246
10	10	56.27498
10	11	56.30439
10	11	56.31929
10	11	56.34169
10	11	56.36394
10	11	56.38634
10	12	56.4098
10	12	56.43158
10	12	56.46135
10	12	56.47617
10	12	56.4987
10	12	56.51989
10	13	56.54261
10	13	56.56566
10	13	56.58794
10	13	56.61701
10	13	56.63802
10	12	56.65399
10	12	56.668
10	12	56.67995
10	12	56.69529
10	12	56.70895
10	12	56.72285
10	12	56.73702
10	12	56.75143
10	12	56.77327
10	11	56.78643
10	11	56.80045
10	11	56.81413
10	11	56.82713
10	11	56.84073
10	11	56.85509
10	11	56.86913
10	11	56.88263
10	10	56.89575
10	10	56.91096
10	10	56.93217
10	10	56.94534
10	10	56.9589
10	10	56.97615
10	10	56.99021
10	10	57.00416
10	10	57.0257
10	10	57.04675
10	10	57.06903
10	10	57.09824
10	10	57.11512
10	10	57.1371
10	10	57.15759
10	10	57.17957
10	10	57.20185
10	10	57.22486
10	11	57.25521
10	11	57.27174
10	11	57.29186
10	11	57.31384
10	11	57.33588
10	11	57.35859
10	12	57.38127
10	12	57.41003
10	12	57.42468
10	12	57.44693
10	12	57.46991
10	13	57.49194
10	13	57.50537
10	13	57.52068
10	13	57.53828
10	13	57.5578
10	13	57.57201
10	13	57.58725
10	13	57.60201
11	13	57.61723
11	13	57.6311
11	13	57.64582
11	13	57.66504
11	13	57.68386
11	13	57.69903
11	13	57.72466
12	13	57.74147
12	13	57.75551
12	13	57.77224
12	13	57.79016
12	13	57.80692
12	13	57.82173
12	13	57.83755
13	13	57.85478
13	13	57.88983
13	13	57.90776
13	13	57.92884
13	13	57.9426
13	13	57.95643
13	13	57.97321
14	13	57.99467
14	13	58.01848
14	13	58.04612
14	13	58.06245
14	13	58.08389
15	13	58.10643
15	13	58.12849
15	13	58.15123
15	13	58.17482
15	13	58.20403
16	13	58.2216
16	13	58.24007
16	13	58.26299
16	13	58.28506
16	13	58.30839
16	13	58.33044
17	13	58.36023
17	13	58.37815
17	13	58.3955
17	13	58.41652
17	13	58.43592
18	13	58.46598
18	13	58.49725
18	13	58.52328
18	13	58.54157
18	13	58.55701
18	13	58.57662
19	13	58.59583
19	13	58.60916
19	13	58.62156
19	13	58.63473
19	13	58.64791
19	13	58.67398
19	13	58.69121
19	13	58.70388
19	12	58.71856
19	12	58.73978
19	12	58.753
19	12	58.76787
19	12	58.78284
19	12	58.79598
19	12	58.81071
19	13	58.82967
19	13	58.8471
19	13	58.85991
19	13	58.8768
19	13	58.89878
19	13	58.92131
19	13	58.94336
19	14	58.96644
19	14	58.99417
19	14	59.01071
19	14	59.03342
19	14	59.05601
19	15	59.07794
19	15	59.13681
19	15	59.15681
19	15	59.16956
19	15	59.1828
19	16	59.19685
19	16	59.21222
19	16	59.23417
19	16	59.25613
19	16	59.27884
19	16	59.30203
19	17	59.32135
19	17	59.33471
19	17	59.34715
19	17	59.35976
19	17	59.37268
19	17	59.38512
19	17	59.39813
19	17	59.4151
19	17	59.42836
19	18	59.44172
19	18	59.45552
19	18	59.47521
19	18	59.48774
19	18	59.50009
19	18	59.51341
19	18	59.52647
19	18	59.53985
19	18	59.55242
19	19	59.56764
19	19	59.58017
19	19	59.59258
19	19	59.60711
19	19	59.62696
19	19	59.63943
19	19	59.65242
19	19	59.66755
19	19	59.68042
18	19	59.69252
18	19	59.71423
18	19	59.73657
18	19	59.75957
18	19	59.78816
18	19	59.80429
17	19	59.82631
17	19	59.84844
17	19	59.87073
17	19	59.89303
17	19	59.9157
16	19	59.9437
16	19	59.96008
16	19	59.98301
16	19	60.0051
16	19	60.02739
16	19	60.05039
16	20	60.07309
16	20	60.10133
16	20	60.1174
16	20	60.13543
16	20	60.14818
16	20	60.16191
16	21	60.17515
16	21	60.18808
16	21	60.2019
16	21	60.21809
16	21	60.23509
16	21	60.2586
16	21	60.27517
16	21	60.28783
16	22	60.30185
16	22	60.31509
16	22	60.33104
16	22	60.34894
16	22	60.36572
16	22	60.38049
16	22	60.39497
16	22	60.41935
16	22	60.43554
16	22	60.44808
16	22	60.46257
16	22	60.47583
16	22	60.48943
16	22	60.50226
16	22	60.51488
16	22	60.5294
16	22	60.55276
16	22	60.58009
16	22	60.59661
16	22	60.61921
16	22	60.64174
16	22	60.66444
16	22	60.68639
16	22	60.70951
16	22	60.7374
16	22	60.75386
16	22	60.77587
16	22	60.79802
16	22	61.01971
16	22	61.05809
16	22	61.07685
17	22	61.0998
17	22	61.11544
17	22	61.13139
17	22	61.16578
17	22	61.1839
17	22	61.211
18	22	61.23065
18	22	61.2476
18	22	61.26323
18	22	61.27993
18	22	61.29389
18	22	61.30947
18	22	61.32446
19	22	61.34612
19	22	61.37471
19	22	61.39282
19	22	61.41111
19	22	61.42735
19	22	61.44339
19	22	61.45884
19	22	61.47348
19	22	61.49477
19	22	61.50845
19	22	61.53146
19	22	61.54845
19	22	61.56114
19	23	61.5744
19	23	61.58857
19	23	61.60415
19	23	61.61965
19	23	61.63189
19	23	61.64454
19	23	61.65737
19	23	61.67018
19	24	61.69753
19	24	61.71384
19	24	61.73671
19	24	61.75909
19	24	61.78207
19	24	61.80381
19	25	61.82686
19	25	61.85604
19	25	61.872
19	25	61.89459
19	25	61.91518
19	25	61.93785
19	25	61.96072
19	25	61.98272
19	25	62.01335
18	25	62.02957
18	25	62.04952
18	25	62.07158
18	25	62.09413
18	25	62.1165
18	25	62.13197
18	25	62.14764
17	25	62.1688
17	25	62.18237
17	25	62.19558
17	25	62.21258
17	25	62.22798
17	25	62.24184
17	25	62.25626
17	25	62.27077
16	25	62.28527
16	25	62.29998
16	25	62.3235
16	25	62.33945
16	25	62.35318
16	25	62.36799
16	25	62.38184
16	25	62.39589
16	25	62.40997
16	25	62.42558
16	25	62.44106
16	25	62.45521
16	25	62.47656
16	25	62.49022
16	25	62.5038
16	25	62.51801
16	25	62.53239
16	25	62.55216
16	25	62.57475
16	25	62.59711
16	25	62.61991
16	25	62.64724
16	25	62.66323
16	25	62.68556
16	25	62.70828
16	25	62.73041
16	25	62.75307
16	25	62.77542
16	25	62.80421
16	25	62.82048
16	25	62.84233
16	25	62.86542
16	25	62.88728
16	25	62.90963
16	25	62.93258
16	25	62.96093
16	25	62.9768
16	25	62.9908
16	25	63.00419
16	25	63.01768
16	25	63.03446
16	25	63.04812
16	25	63.06263
16	25	63.07615
16	25	63.08995
16	25	63.42329
16	25	63.47501
16	25	63.49571
16	25	63.50961
16	25	63.52723
16	25	63.54136
16	25	63.55595
16	25	63.5714
16	25	63.58395
16	25	63.60564
16	25	63.61961
16	25	63.63309
16	25	63.64854
16	25	63.66352
16	25	63.67792
16	25	63.69941
16	25	63.71415
16	25	63.72807
16	25	63.7453
16	25	63.76769
16	25	63.81184
16	25	63.82648
16	25	63.84226
16	25	63.85729
16	25	63.86945
16	25	63.89339
16	25	63.91516
16	25	63.94392
16	25	63.959
16	25	63.9808
16	25	64.00336
16	25	64.02632
16	25	64.0484
16	26	64.07137
16	26	64.10007
16	26	64.11547
16	26	64.13741
16	26	64.16018
16	26	64.18227
16	27	64.20484
16	27	64.22791
16	27	64.25766
16	27	64.27211
16	27	64.28713
16	27	64.3013
16	28	64.31252
16	28	64.32621
16	28	64.33976
16	28	64.35635
16	28	64.37196
16	28	64.38646
16	28	64.40899
16	28	64.42171
16	29	64.43573
16	29	64.44818
16	29	64.46312
16	29	64.47854
16	29	64.4914
16	29	64.50801
16	29	64.52189
16	29	64.54275
16	29	64.56617
16	29	64.58155
16	29	64.59897
16	29	64.61463
16	29	64.62787
16	29	64.6442
16	29	64.66302
16	29	64.68533
16	29	64.70798
16	29	64.73813
16	29	64.75576
16	29	64.77722
16	29	64.79678
16	29	64.81881
16	29	64.84198
16	28	64.86442
16	28	64.895
16	28	64.90878
16	28	64.93103
16	28	64.95309
16	28	64.97565
16	27	64.99885
16	27	65.0201
16	27	65.04844
16	27	65.06428
16	27	65.08678
16	26	65.10977
16	26	65.13222
16	26	65.14584
16	26	65.16826
16	26	65.18191
16	26	65.2026
16	26	65.21592
16	26	65.22836
16	25	65.24121
16	25	65.25403
16	25	65.2689
16	25	65.28773
16	25	65.30122
16	25	65.31516
16	25	65.32899
16	25	65.34589
16	26	65.36837
16	26	65.38284
16	26	65.39627
16	26	65.41191
16	26	65.42569
16	26	65.43792
16	26	65.46125
16	27	65.47397
16	27	65.48715
16	27	65.50639
16	27	65.53053
16	27	65.54624
16	27	65.56079
16	27	65.57526
16	27	65.58981
16	28	65.61246
16	28	65.63519
16	28	65.65781
16	28	65.68656
16	28	65.70132
16	29	65.72428
16	29	65.74612
16	29	65.76814
16	29	65.7911
16	29	65.8139
16	29	65.84317
16	29	65.85832
16	29	65.87992
16	29	65.90268
16	29	65.92458
16	29	65.94711
16	29	65.96992
16	29	65.99903
16	29	66.01349
16	29	66.02793
16	29	66.04018
16	29	66.05287
16	29	66.06541
16	29	66.08253
16	29	66.09476
16	29	66.10664
16	29	66.12059
16	29	66.1411
16	29	66.15392
16	29	66.16806
16	29	66.18201
16	29	66.19474
16	29	66.20693
16	29	66.22001
16	29	66.2327
16	29	66.24607
16	29	66.25947
16	29	66.27264
16	29	66.2913
16	29	66.30416
16	28	66.31824
16	28	66.33347
16	28	66.34755
16	28	66.36216
16	28	66.38193
16	28	66.40548
16	28	66.42815
16	27	66.45718
16	27	66.47208
16	27	66.4942
16	27	66.51739
16	27	66.53907
16	26	66.5618
16	26	66.58449
16	26	66.61304
16	26	66.6286
16	26	66.65079
16	25	66.67966
16	25	66.69575
16	25	66.71805
16	25	66.74128
16	25	66.7691
16	25	66.78512
16	25	66.80742
16	25	66.82979
16	25	66.84385
16	25	66.85658
16	25	66.86936
16	25	66.88258
16	25	66.89715
16	25	66.91893
16	25	66.93434
16	25	66.94743
16	25	66.96175
16	25	66.97523
16	25	66.98897
16	25	67.00225
16	25	67.01666
16	25	67.03101
16	25	67.04427
16	25	67.05716
16	25	67.0766
16	25	67.09008
16	25	67.10387
16	25	67.11714
16	25	67.12937
16	25	67.14344
16	25	67.15615
16	25	67.16985
16	25	67.18277
16	25	67.2011
16	25	67.22082
16	25	67.25051
16	25	67.26489
16	25	67.28745
16	25	67.3092
16	25	67.3317
16	25	67.35481
16	25	67.37766
16	25	67.40516
16	25	67.42132
16	25	67.45293
16	25	67.46679
16	25	67.48881
16	25	67.51073
16	25	67.53669
16	26	67.56226
16	26	67.57893
16	26	67.60109
16	26	67.62228
16	26	67.64451
16	26	67.66698
16	27	67.68204
16	27	67.69562
16	27	67.71641
16	27	67.73048
16	27	67.75454
16	27	67.76791
16	27	67.78076
16	27	67.794
16	28	67.80725
16	29	67.97608
16	29	68.01193
16	29	68.02803
16	29	68.03971
16	29	68.05123
16	29	68.06409
16	29	68.07658
16	29	68.08773
16	29	68.10005
16	29	68.11053
16	29	68.12116
16	29	68.13333
16	29	68.15287
16	29	68.16484
16	29	68.17606
16	29	68.18717
16	29	68.19946
16	29	68.21488
16	29	68.23665
16	29	68.25953
16	29	68.28207
16	29	68.30442
16	29	68.33311
16	29	68.34889
16	29	68.37086
16	29	68.39342
16	29	68.41566
16	29	68.43759
16	29	68.4612
16	29	68.48906
16	29	68.50537
16	29	68.52816
16	29	68.54984
16	29	68.57227
16	29	68.59535
16	29	68.61723
16	29	68.6463
16	29	68.6614
16	29	68.67467
16	29	68.68657
16	29	68.69991
16	29	68.71184
16	29	68.72645
16	29	68.74702
16	29	68.76005
16	28	68.77493
16	28	68.79568
16	28	68.81195
16	28	68.8266
16	28	68.83939
16	28	68.8529
16	28	68.86636
16	28	68.8784
16	28	68.88988
16	27	68.90308
16	27	68.91568
16	27	68.9294
16	27	68.94863
16	27	68.9615
16	27	68.97358
16	27	68.98638
16	27	68.99873
16	27	69.00967
16	26	69.02988
16	26	69.05221
16	26	69.07448
16	26	69.09732
16	26	69.12621
16	25	69.14189
16	25	69.16457
16	25	69.18671
16	25	69.20865
16	25	69.23162
16	25	69.25436
17	25	69.28388
17	25	69.2981
17	25	69.32074
17	25	69.34314
17	25	69.36578
18	25	69.38799
18	25	69.41055
18	25	69.44057
18	25	69.46215
18	25	69.47836
18	25	69.49933
19	25	69.51162
19	25	69.52528
19	25	69.53925
19	25	69.55315
19	25	69.57327
19	25	69.60126
19	25	69.61562
20	25	69.63009
20	25	69.64561
20	25	69.65949
20	25	69.67368
20	25	69.69016
20	25	69.70361
20	25	69.71651
20	25	69.72997
21	25	69.75322
21	25	69.76702
21	25	69.78556
21	25	69.7997
21	25	69.81388
21	25	69.83103
21	25	69.8448
21	25	69.86109
22	25	69.90495
22	25	69.92827
22	25	69.94042
22	25	69.95176
22	25	69.9685
22	25	69.99052
22	24	70.01245
22	24	70.03606
22	24	70.07212
22	24	70.10184
22	24	70.11625
22	23	70.12975
22	23	70.14744
22	23	70.17144
22	23	70.19211
22	23	70.21491
22	23	70.23705
22	22	70.26601
22	22	70.28086
22	22	70.30307
22	22	70.32577
22	22	70.34871
22	21	70.37051
22	21	70.39281
22	21	70.41313
22	21	70.42786
22	21	70.44012
22	21	70.45287
22	21	70.46753
22	21	70.48125
22	20	70.49459
22	20	70.50783
22	20	70.5218
22	20	70.53468
22	20	70.54911
22	20	70.56986
22	20	70.5838
22	20	70.59654
22	19	70.61337
22	19	70.62637
22	19	70.64108
22	19	70.65318
22	19	70.66555
22	19	70.6774
22	19	70.69107
22	19	70.71837
22	18	70.74065
22	18	70.75532
22	16	71.08865
22	15	71.12449
22	15	71.14686
22	15	71.16496
22	15	71.17826
22	15	71.19112
22	15	71.20461
22	14	71.21797
22	14	71.2522
22	14	71.29139
22	14	71.31821
22	13	71.35228
22	13	71.3854
22	13	71.41989
22	13	71.45816
22	12	71.48612
22	12	71.51952
22	12	71.55292
22	11	71.58691
22	11	71.62695
22	11	71.65406
22	11	71.68725
22	10	71.72028
22	10	71.7544
22	10	71.79459
22	10	71.82124
22	9	71.8542
22	9	71.88785
22	9	71.92283
22	8	71.96284
22	8	71.98922
22	8	72.01198
22	8	72.0331
22	8	72.05555
22	7	72.07851
22	7	72.10509
22	7	72.12208
22	7	72.14477
22	7	72.16736
22	7	72.18946
22	6	72.21209
22	6	72.23479
22	6	72.26404
22	6	72.28057
22	6	72.30155
22	5	72.32322
22	5	72.34539
22	5	72.36812
22	5	72.39052
22	5	72.41875
22	5	72.43479
22	4	72.45749
22	4	72.47963
22	4	72.50255
22	4	72.52528
22	4	72.59991
22	4	72.62434
22	4	72.63979
22	4	72.65539
22	4	72.668
22	4	72.68068
22	3	72.70353
22	3	72.72525
22	3	72.74994
22	3	72.77675
22	3	72.79372
22	2	72.81525
22	2	72.83796
22	2	72.85972
22	2	72.88252
22	2	72.90517
21	2	72.93307
21	2	72.97748
21	2	72.99191
21	2	73.00482
21	2	73.01841
21	2	73.03862
20	2	73.06095
20	2	73.08952
20	2	73.10496
20	2	73.12711
20	2	73.14989
20	2	73.1722
19	2	73.19424
19	2	73.21704
19	2	73.25533
19	2	73.27659
19	2	73.28894
18	2	73.30642
18	2	73.32912
18	2	73.35172
18	2	73.37419
18	2	73.40303
17	2	73.41898
17	2	73.44107
17	2	73.46321
17	2	73.48582
17	2	73.50789
17	2	73.53156
16	2	73.55951
16	2	73.57549
16	2	73.59783
16	2	73.62006
16	2	73.64243
15	2	73.66492
15	2	73.68842
15	2	73.71804
15	2	73.73624
15	2	73.78401
14	2	73.80451
14	2	73.82317
14	2	73.83865
14	2	73.86579
14	2	73.88325
14	2	73.89659
13	2	73.91058
13	2	73.92394
13	2	73.93853
13	2	73.95522
13	2	73.97382
13	2	73.98986
13	2	74.01775
12	2	74.03483
12	2	74.05048
12	2	74.06539
12	2	74.08422
12	2	74.10397
12	2	74.11821
12	2	74.13153
12	2	74.14697
11	2	74.17188
11	2	74.19029
11	2	74.20828
11	2	74.23421
11	2	74.24884
11	2	74.26272
10	2	74.27708
10	2	74.29037
10	2	74.30853
10	2	74.33957
10	2	74.35717
10	2	74.3703
10	2	74.39085
9	2	74.41273
9	2	74.43544
9	2	74.45769
9	2	74.49068
9	2	74.51503
8	2	74.53103
8	2	74.54916
8	2	74.56927
8	2	74.5955
8	2	74.61375
8	2	74.63581
7	2	74.65868
7	2	74.68776
7	2	74.70697
7	2	74.72517
7	2	74.74751
6	2	74.77032
6	2	74.79212
6	2	74.81551
6	2	74.84149
6	2	74.87532
5	2	74.88985
5	2	74.90324
5	2	74.91759
5	2	74.93526
5	2	74.95149
5	2	74.96465
5	2	74.97914
5	2	75.00328
4	2	75.01939
4	2	75.03259
4	2	75.04931
4	2	75.06428
4	2	75.07779
4	2	75.0906
4	2	75.1031
4	2	75.11653
3	2	75.12926
3	2	75.15821
3	2	75.1751
3	2	75.19096
3	2	75.20393
3	2	75.21675
3	2	75.22813
3	2	75.25032
2	2	75.27325
2	2	75.29561
2	2	75.32426
2	2	75.33998
2	2	75.36248
2	2	75.38456
2	2	75.4071
2	3	75.42963
2	3	75.45247
2	3	75.48151
2	3	75.49786
2	3	75.52003
2	3	75.54188
2	4	75.56374
2	4	75.58556
2	4	75.60918
2	4	75.63738
2	4	75.65582
2	5	75.67484
2	5	75.69751
2	5	75.71165
2	5	75.72929
2	5	75.746
2	5	75.75828
2	5	75.77084
3	4	75.7961
3	4	75.81335
3	4	75.82868
3	4	75.84711
3	4	75.86401
3	4	75.87843
3	4	75.89169
3	4	75.90599
4	4	75.92028
4	4	75.93623
4	4	75.96252
4	4	75.97922
4	4	75.99289
4	4	76.00546
4	4	76.0204
4	4	76.03942
5	4	76.054
5	4	76.06953
5	4	76.08622
5	4	76.12483
5	4	76.14197
5	4	76.15731
6	4	76.17585
6	4	76.1893
6	4	76.21126
6	4	76.23405
6	4	76.25663
7	4	76.28542
7	4	76.30122
7	4	76.32279
7	4	76.34538
7	4	76.36795
7	4	76.39039
7	3	76.41307
7	3	76.44305
7	3	76.46342
7	3	76.48072
7	3	76.50233
7	3	76.5247
7	3	76.54697
7	3	76.56916
7	3	76.6015
7	3	76.62109
7	3	76.63601
7	2	76.65121
7	2	76.66444
7	2	76.67623
7	2	76.69169
7	2	76.70561
7	2	76.72072
7	2	76.74172
7	2	76.75617
7	2	76.7695
7	2	76.78252
7	2	76.79543
6	2	76.80916
6	2	76.82297
6	2	76.83594
6	2	76.85206
6	2	76.86734
6	2	76.88405
6	2	76.90685
6	2	76.92223
5	2	76.937
5	2	76.95201
5	2	76.96513
5	2	76.98135
5	2	77.00423
5	2	77.02684
5	2	77.04926
4	2	77.07793
4	2	77.09415
4	2	77.11611
4	2	77.13906
4	2	77.16134
3	2	77.18299
3	2	77.20576
3	2	77.23403
3	2	77.24967
3	2	77.27236
3	2	77.29459
4	2	77.31753
4	2	77.33949
4	2	77.36217
4	2	77.3903
4	2	77.4066
5	2	77.42881
5	2	77.45167
5	2	77.47394
5	2	77.49031
5	2	77.50684
5	2	77.52244
6	2	77.54427
6	2	77.55827
6	2	77.57413
6	2	77.5884
6	2	77.60364
6	2	77.6231
6	2	77.64082
6	2	77.65659
7	2	77.67424
7	2	77.69655
7	2	77.71075
7	2	77.72487
7	2	77.73904
7	2	77.75587
7	2	77.77039
7	2	77.78392
8	2	77.79813
8	2	77.81332
8	2	77.82846
8	2	77.85461
8	2	77.86838
8	2	77.88686
8	2	77.90255
8	2	77.91673
8	2	77.92957
8	2	77.94402
8	2	77.96423
8	2	77.98701
9	2	78.03336
9	2	78.04745
9	2	78.06123
9	2	78.07668
9	2	78.09885
9	2	78.12098
9	2	78.14384
10	2	78.17312
10	2	78.1884
10	2	78.21042
10	2	78.23291
10	2	78.25494
11	2	78.27829
11	2	78.30035
11	2	78.32833
11	2	78.3447
11	2	78.36707
11	2	78.38227
12	2	78.39631
12	2	78.40992
12	2	78.42274
12	2	78.43589
12	2	78.44973
12	2	78.46299
12	2	78.48268
12	2	78.49754
12	2	78.51147
12	3	78.52545
12	3	78.54021
12	3	78.55373
12	3	78.57103
12	3	78.5873
12	3	78.60271
12	3	78.62004
12	3	78.64655
12	3	78.66457
12	3	78.67925
12	3	78.69576
12	3	78.71321
12	3	78.72691
12	3	78.74133
12	3	78.75524
12	4	78.76842
12	4	78.78096
12	4	78.80926
12	4	78.82608
12	4	78.84702
12	4	78.86934
12	4	78.89198
11	4	78.91459
11	4	78.93743
11	4	78.96567
11	4	78.98189
11	4	79.00421
11	4	79.02589
10	4	79.04826
10	4	79.07063
10	4	79.09322
10	4	79.12218
10	4	79.13805
9	4	79.16008
9	4	79.18241
9	4	79.20505
9	4	79.22754
9	4	79.2505
9	4	79.27772
9	4	79.29965
9	4	79.3127
9	4	79.32588
9	4	79.33868
9	4	79.35285
9	4	79.36516
9	5	79.3791
9	5	79.39303
9	5	79.40952
9	5	79.43297
9	5	79.45064
9	5	79.46416
9	5	79.47742
9	5	79.4904
9	6	79.50359
9	6	79.51697
9	6	79.53088
9	6	79.54782
9	6	79.56486
9	6	79.58951
9	6	79.60609
9	7	79.61856
9	7	79.63258
9	7	79.6478
11	7	79.89184
11	7	79.92675
11	7	79.94892
11	7	79.96811
11	7	79.98344
12	7	79.99734
12	7	80.01441
12	7	80.03234
12	7	80.05418
12	7	80.09369
12	7	80.12022
12	7	80.15345
12	7	80.18735
12	7	80.22044
12	7	80.26055
12	7	80.28704
12	7	80.3209
12	7	80.35458
12	8	80.39006
12	8	80.42992
12	8	80.45541
12	8	80.48933
12	9	80.52283
12	9	80.55698
12	9	80.59584
12	10	80.62425
12	10	80.65691
12	10	80.68963
12	10	80.72374
12	10	80.76385
12	9	80.79057
12	9	80.81326
12	9	80.83463
12	9	80.85723
12	9	80.87961
12	8	80.90888
12	8	80.92464
12	8	80.94601
12	8	80.96883
12	8	80.99127
12	8	81.01484
12	7	81.03605
12	7	81.06431
12	7	81.08088
12	7	81.10272
12	7	81.12554
12	7	81.14756
12	7	81.16991
11	7	81.19266
11	7	81.22101
11	7	81.23638
11	7	81.25919
11	7	81.28116
11	7	81.30337
10	7	81.32582
10	7	81.34917
10	7	81.37741
10	7	81.39352
10	7	81.41554
9	7	81.43752
9	7	81.46027
9	7	81.48328
9	7	81.50543
9	7	81.53419
9	7	81.55022
8	7	81.5726
8	7	81.59453
8	7	81.61675
8	7	81.64103
8	7	81.66271
7	7	81.69096
7	7	81.7117
7	7	81.72957
7	7	81.75179
7	7	81.77399
6	7	81.7962
6	7	81.81918
6	7	81.84988
6	7	81.86982
6	7	81.8852
6	7	81.90814
7	6	81.93031
7	6	81.95263
7	6	81.97517
7	6	82.00614
7	6	82.02303
7	5	82.04172
7	5	82.05427
7	5	82.06725
7	5	82.08591
7	5	82.10393
7	5	82.11886
7	5	82.13313
7	5	82.15955
7	4	82.17838
7	4	82.19131
7	4	82.2053
7	4	82.22028
7	4	82.23329
7	4	82.24603
7	4	82.25893
7	4	82.27247
7	3	82.28506
7	3	82.30411
7	3	82.31522
7	3	82.33124
7	3	82.34521
7	3	82.36239
7	3	82.37748
7	3	82.39391
7	2	82.40845
7	2	82.42651
7	2	82.44142
7	2	82.46212
7	2	82.47681
7	5	82.80761
7	5	82.84412
7	5	82.86152
7	5	82.87654
7	5	82.89104
7	6	82.90301
7	6	82.92472
7	6	82.94627
7	6	82.96876
7	6	82.9968
7	6	83.01308
7	7	83.03516
7	7	83.05801
7	7	83.08042
7	7	83.10223
7	7	83.1259
7	8	83.15393
7	8	83.16988
7	8	83.19251
7	8	83.21512
7	8	83.22839
7	8	83.24268
7	8	83.25706
7	9	83.2718
7	9	83.28751
7	9	83.31459
7	9	83.33192
7	9	83.34657
7	9	83.36166
7	9	83.3759
7	10	83.39256
7	10	83.40717
7	10	83.42164
7	10	83.43837
7	10	83.46681
7	10	83.48482
7	10	83.49818
7	11	83.51241
7	11	83.52502
7	11	83.53854
7	11	83.55626
7	11	83.57276
7	11	83.58708
7	11	83.60103
7	11	83.62455
7	12	83.64153
7	12	83.65415
7	12	83.67262
7	12	83.69495
7	12	83.71738
7	12	83.7401
7	13	83.76259
7	13	83.7918
7	13	83.81075
7	13	83.82924
7	13	83.85139
7	14	83.87392
7	14	83.89584
7	14	83.91949
7	14	83.95035
7	14	83.97317
7	14	83.98761
7	15	84.00765
7	15	84.03043
7	15	84.05296
7	15	84.07574
7	15	84.1045
7	16	84.122
7	16	84.13594
7	16	84.15181
7	16	84.16935
7	16	84.18477
7	19	84.5181
7	19	84.56554
7	19	84.59885
8	19	84.61331
8	19	84.63598
8	19	84.65302
8	19	84.68078
8	19	84.71011
8	19	84.7279
8	19	84.74365
8	19	84.75971
8	19	84.77879
8	19	84.79753
8	19	84.81219
8	19	84.82837
8	19	84.84354
9	19	84.87077
9	19	84.88995
9	19	84.90321
9	19	84.91795
9	19	84.93208
9	19	84.94711
10	19	84.97491
10	19	84.98941
10	19	85.00652
10	19	85.02913
10	19	85.0471
10	19	85.06094
10	19	85.07494
10	19	85.08906
11	19	85.10466
11	19	85.12008
11	19	85.13843
11	19	85.15582
11	19	85.17097
11	19	85.19314
11	19	85.20786
12	19	85.22375
12	19	85.2392
12	19	85.25347
12	19	85.26936
12	19	85.28169
12	19	85.29836
12	19	85.3129
12	19	85.32761
13	19	85.35056
13	19	85.36557
13	19	85.38098
13	19	85.39445
13	19	85.40871
13	19	85.42374
13	19	85.44104
13	19	85.45633
14	19	85.46925
14	19	85.48254
14	19	85.50864
14	19	85.52383
14	19	85.54507
14	19	85.56785
15	19	85.59
15	19	85.61236
15	19	85.63469
15	19	85.6654
15	19	85.68401
15	19	85.70182
15	20	85.72337
15	20	85.74681
15	20	85.76867
15	20	85.79217
15	20	85.82059
15	21	85.83633
15	21	85.85789
15	21	85.88025
15	21	85.90276
15	21	85.92534
15	21	85.94816
15	22	85.97944
15	22	85.99337
15	22	86.00805
15	22	86.02388
15	22	86.05681
15	22	86.07243
15	22	86.08746
15	22	86.10138
15	22	86.12552
15	22	86.14039
15	22	86.15453
15	22	86.16811
15	22	86.1812
15	22	86.19748
15	22	86.22096
15	22	86.23975
15	22	86.25594
15	21	86.28188
15	21	86.29661
15	21	86.30999
15	21	86.3251
15	21	86.33796
15	21	86.3513
15	21	86.36568
15	21	86.38334
15	20	86.39876
15	20	86.41412
15	20	86.43393
15	20	86.45297
15	20	86.46658
15	20	86.48327
15	20	86.50585
15	19	86.52809
15	19	86.55047
15	19	86.57359
15	19	86.60204
15	19	86.62778
14	19	86.64244
14	19	86.66232
14	19	86.68492
14	19	86.70744
14	19	86.73023
14	19	86.76097
13	19	86.7747
13	19	86.79701
13	19	86.82005
13	19	86.84125
13	19	86.86377
12	19	86.88688
12	19	86.91701
12	19	86.93993
12	19	86.95477
12	19	86.96787
12	19	86.98249
12	19	87.00052
11	19	87.01489
11	19	87.03086
11	19	87.04462
11	19	87.06718
11	19	87.08076
11	19	87.09339
11	19	87.107
11	19	87.12192
10	19	87.13583
10	19	87.14931
10	19	87.16652
10	19	87.18028
10	19	87.19387
10	19	87.20761
10	19	87.23044
10	19	87.24511
9	19	87.26091
9	19	87.27334
9	19	87.2877
9	19	87.30157
9	19	87.32157
9	19	87.34354
9	19	87.3658
9	18	87.39787
9	18	87.41151
9	18	87.43328
9	18	87.45525
9	18	87.47723
9	17	87.50023
9	17	87.5228
9	17	87.55202
9	17	87.5667
9	17	87.58936
9	17	87.61196
9	16	87.63467
9	16	87.65697
9	16	87.67985
9	16	87.71798
9	16	87.73673
9	15	87.74935
9	15	87.76424
9	15	87.78034
9	15	87.79489
9	15	87.80961
9	15	87.82323
9	15	87.8387
9	15	87.86015
9	14	87.87356
9	14	87.88619
9	14	87.89931
9	14	87.91486
9	14	87.92883
9	14	87.94273
9	14	87.95615
9	14	87.97016
9	14	87.98351
9	15	87.99779
9	15	88.02004
9	15	88.03537
9	15	88.04946
9	15	88.06361
9	15	88.07917
9	15	88.09189
9	15	88.10435
9	16	88.11593
9	16	88.13684
9	16	88.16016
9	16	88.18805
9	16	88.20367
9	16	88.22673
9	17	88.24962
9	17	88.27113
9	17	88.29327
9	17	88.31601
9	17	88.34401
9	18	88.36045
9	18	88.38278
9	18	88.40469
9	18	88.42725
9	18	88.46695
9	19	88.48808
9	19	88.50052
9	19	88.51691
9	19	88.53865
9	19	88.56145
9	19	88.58376
8	19	88.60553
8	19	88.61947
8	19	88.64346
8	19	88.65507
8	19	88.6673
8	19	88.68109
8	19	88.69279
8	19	88.70578
7	19	88.71975
7	19	88.73627
7	19	88.75484
7	19	88.7681
7	19	88.78178
7	19	88.80376
7	19	88.8186
7	19	88.83327
6	19	88.84565
6	19	88.85937
6	19	88.87131
6	19	88.88465
6	19	88.89998
6	19	88.91134
6	19	88.92451
6	19	88.93785
6	19	88.95711
6	19	88.96945
6	19	88.98339
6	19	88.99611
6	19	89.00782
6	19	89.03057
6	19	89.0525
6	19	89.074
6	19	89.09732
6	19	89.12546
6	19	89.14217
6	19	89.16422
6	19	89.18692
6	19	89.20921
6	19	89.23145
6	19	89.25446
6	19	89.2828
6	19	89.29848
6	19	89.32076
6	19	89.34276
6	19	89.36565
6	19	89.38752
6	19	89.41045
6	19	89.43814
6	19	89.45471
6	19	89.4773
6	19	89.48984
6	19	89.50026
6	19	89.5114
6	19	89.52206
6	19	89.53374
6	19	89.54595
6	19	89.55921
6	19	89.57197
6	19	89.59226
6	19	89.60746
6	19	89.62233
6	19	89.63892
6	19	89.65396
6	19	89.66895
6	19	89.6957
6	19	89.71104
6	19	89.72691
6	18	89.75419
6	18	89.76999
6	18	89.78634
6	18	89.80128
6	18	89.81404
6	18	89.8322
6	18	89.84705
6	17	89.86224
6	17	89.87601
6	17	89.8904
6	17	89.91351
6	17	89.93208
6	17	89.94623
6	17	89.96855
6	16	89.99066
6	16	90.01338
6	16	90.03519
6	16	90.05939
6	16	90.08772
6	15	90.10322
6	15	90.12602
6	15	90.14762
6	15	90.16965
6	15	90.19265
6	15	90.21516
6	14	90.24455
6	14	90.26008
6	14	90.28142
6	14	90.30324
6	14	90.32672
6	13	90.341
6	13	90.3561
6	13	90.36951
6	13	90.39074
6	13	90.40653
6	13	90.4214
6	13	90.43594
6	13	90.44901
6	13	90.46159
6	12	90.47583
6	12	90.48908
6	12	90.50313
6	12	90.51817
6	12	90.53208
6	12	90.55387
6	12	90.5672
6	12	90.58398
6	11	90.59792
6	11	90.61306
6	11	90.62784
6	11	90.64153
6	11	90.65685
6	11	90.6728
6	11	90.68623
6	10	90.70814
6	10	90.72227
6	10	90.7357
6	10	90.7504
6	10	90.77291
6	10	90.80791
6	10	90.82256
6	9	90.84081
6	9	90.86821
6	9	90.88458
6	9	90.90688
6	9	90.92921
6	9	90.95108
6	8	90.97353
6	8	90.99628
6	8	91.02433
6	8	91.0406
6	8	91.0627
6	7	91.08482
6	7	91.10701
6	7	91.12936
6	7	91.15285
6	7	91.18169
6	6	91.19695
6	6	91.21133
6	6	91.22344
6	6	91.24178
6	6	91.25822
6	6	91.27119
6	6	91.285
6	6	91.30331
6	5	91.32558
6	5	91.34413
6	5	91.35796
6	5	91.38021
6	5	91.40176
6	5	91.4147
6	5	91.43633
6	4	91.44979
6	4	91.46506
6	4	91.48856
6	4	91.5013
6	4	91.51457
6	4	91.52711
6	4	91.53944
6	4	91.5517
6	3	91.56499
6	3	91.58254
6	3	91.60079
6	3	91.6192
6	3	91.63988
6	3	91.65482
6	3	91.67717
6	2	91.69962
6	2	91.72141
6	2	91.7436
6	2	91.76598
6	2	91.78942
6	3	91.81757
6	3	91.83363
6	3	91.8556
6	3	91.87836
6	3	91.90069
6	3	91.92328
6	4	91.94621
6	4	91.97421
6	4	91.99022
6	4	92.01275
6	4	92.035
6	5	92.05807
6	5	92.07916
6	5	92.09265
6	5	92.10666
6	5	92.13139
6	5	92.14517
6	5	92.15977
6	6	92.17407
6	6	92.18635
6	6	92.19884
6	6	92.21186
6	6	92.22506
6	6	92.23951
6	6	92.25378
6	6	92.26903
6	6	92.28905
6	7	92.30432
6	7	92.31803
6	7	92.33636
6	7	92.34961
6	7	92.36362
6	7	92.38284
6	7	92.39549
6	7	92.40977
6	8	92.42686
6	8	92.44814
6	8	92.46249
6	8	92.47526
6	8	92.48889
6	8	92.51146
6	8	92.52607
6	9	92.54865
6	9	92.57127
6	9	92.59361
6	6	92.92694
6	6	92.98004
6	6	92.99462
6	6	93.00733
6	6	93.0203
6	5	93.03715
6	5	93.0588
6	5	93.08257
6	5	93.1122
6	5	93.12639
6	5	93.14833
6	4	93.17136
6	4	93.1933
6	4	93.21502
6	4	93.23846
6	4	93.26629
6	3	93.28796
6	3	93.30225
6	3	93.31563
6	3	93.33697
6	3	93.35283
6	3	93.36575
6	3	93.38148
6	2	93.39998
6	2	93.42555
6	2	93.43982
6	2	93.45599
6	2	93.47239
6	2	93.48803
6	2	93.50524
6	3	93.51816
6	3	93.53279
6	3	93.54628
6	3	93.56266
6	6	93.896
6	6	93.93002
6	6	93.94823
6	6	93.96268
6	9	94.29602
6	9	94.33334
6	9	94.35124
6	9	94.36983
6	10	94.38263
6	10	94.39626
6	10	94.40996
6	10	94.42453
6	10	94.44466
6	10	94.46718
6	11	94.49779
6	11	94.51133
6	11	94.5337
6	11	94.55655
6	11	94.57877
6	11	94.60084
6	12	94.62371
6	12	94.65237
6	12	94.67094
6	12	94.68964
6	12	94.71284
6	12	94.73469
6	13	94.75698
6	13	94.78083
6	13	94.80964
6	13	94.82443
6	13	94.84699
6	14	94.86905
6	14	94.89175
6	14	94.91342
6	14	94.93561
6	14	94.95594
6	14	94.97153
6	15	94.98739
6	15	95.00182
6	15	95.01715
6	15	95.0388
6	15	95.05254
6	15	95.07201
6	15	95.08491
6	15	95.09985
6	14	95.11944
6	14	95.1509
6	14	95.16922
6	14	95.18325
6	14	95.198
6	14	95.21243
6	14	95.22624
6	13	95.24101
6	13	95.25394
6	13	95.27629
6	13	95.29082
6	13	95.3111
6	13	95.32703
6	13	95.34105
6	12	95.35556
6	12	95.37148
6	12	95.39404
6	12	95.41647
6	12	95.44495
6	12	95.46136
6	11	95.48323
6	11	95.50588
6	11	95.52782
6	11	95.54991
6	11	95.5729
6	10	95.60323
6	10	95.61724
6	10	95.63944
6	10	95.66125
6	10	95.6841
6	10	95.70654
7	10	95.72906
7	10	95.78803
7	10	95.80637
7	10	95.82477
8	10	95.84003
8	10	95.86182
8	10	95.87531
8	10	95.893
8	10	95.91737
8	10	95.93427
8	10	95.94775
8	10	95.96059
9	10	95.97383
9	10	95.98832
9	10	96.00315
9	10	96.0156
9	10	96.02844
9	10	96.0442
9	10	96.06829
9	10	96.08317
10	10	96.09818
10	10	96.11423
10	10	96.12823
10	10	96.14071
10	10	96.15529
10	10	96.16996
10	10	96.18447
10	10	96.19923
11	10	96.22487
11	10	96.2384
11	10	96.25266
11	10	96.26727
11	10	96.28008
11	10	96.29813
11	10	96.32045
10	10	96.34288
10	10	96.36526
10	10	96.39571
10	10	96.41042
10	10	96.43269
9	10	96.45473
9	10	96.47759
9	10	96.49949
9	10	96.52214
9	10	96.55105
9	10	96.5666
8	10	96.58869
8	10	96.61143
8	10	96.63332
8	10	96.65569
8	10	96.67905
7	10	96.70679
7	10	96.72399
7	10	96.74535
7	10	96.75893
7	10	96.77275
7	10	96.78678
7	10	96.8018
7	10	96.81657
6	10	96.83562
6	10	96.85948
6	10	96.87307
6	10	96.8918
6	10	96.90602
6	10	96.91884
6	10	96.93253
6	9	96.94778
6	9	96.96203
6	9	96.97598
6	9	96.98886
6	9	97.00925
6	9	97.0229
6	9	97.03732
6	9	97.05212
6	8	97.0666
6	8	97.08041
6	8	97.09652
6	8	97.11176
6	8	97.12872
6	8	97.14165
6	8	97.16554
6	8	97.18093
6	7	97.20345
6	7	97.22562
6	7	97.24715
6	7	97.26992
6	7	97.29347
6	6	97.32288
6	6	97.33739
6	6	97.35999
6	6	97.3817
6	6	97.4043
6	6	97.42689
6	5	97.4491
6	5	97.47962
6	5	97.49406
6	5	97.51624
6	5	97.53839
6	6	97.56051
6	6	97.58327
6	6	97.60518
6	6	97.63134
6	6	97.64565
6	6	97.66005
6	6	97.67294
6	7	97.68611
6	7	97.69971
6	7	97.7121
6	7	97.72477
6	7	97.73792
6	7	97.75233
6	7	97.76576
6	7	97.78642
6	8	97.79981
6	8	97.81415
6	8	97.82715
6	8	97.84145
6	8	97.8552
6	8	97.87371
6	8	97.88618
6	8	97.89935
6	8	97.91209
6	9	97.9262
6	9	97.94648
6	9	97.9604
6	9	97.97408
6	9	97.98656
6	9	98.007
6	9	98.0296
6	10	98.05199
6	10	98.07447
6	10	98.09692
6	10	98.12611
6	10	98.14086
5	10	98.16318
5	10	98.18583
5	10	98.20908
5	10	98.23103
5	10	98.25351
5	10	98.28159
5	10	98.29782
5	10	98.32013
5	10	98.34286
5	10	98.36501
5	10	98.38719
4	10	98.41054
4	10	98.43748
4	10	98.45426
4	10	98.47648
4	10	98.48997
4	10	98.50146
4	10	98.5136
4	10	98.52603
3	10	98.53822
3	10	98.57118
3	10	98.59703
3	10	98.61378
3	10	98.6271
3	10	98.63914
2	10	98.65426
2	10	98.66688
2	10	98.68095
2	10	98.69675
2	10	98.71486
2	10	98.72771
2	10	98.75283
2	10	98.76889
2	10	98.78111
2	10	98.79389
2	10	98.80586
2	10	98.81937
2	10	98.83174
2	10	98.84792
2	9	98.86494
2	9	98.87904
2	9	98.90736
2	9	98.92328
2	9	98.9454
2	9	98.96791
2	8	98.99007
2	8	99.01264
2	8	99.03545
2	8	99.06431
2	8	99.08051
2	8	99.10193
2	7	99.12466
2	7	99.14693
2	7	99.1692
2	7	99.19247
2	7	99.2211
2	7	99.24303
2	7	99.25826
2	7	99.28083
2	7	99.30276
2	7	99.32499
2	7	99.34756
2	7	99.37543
2	7	99.38895
2	7	99.40332
2	7	99.41654
2	7	99.42992
2	7	99.44294
2	7	99.45691
2	7	99.47136
2	7	99.4845
2	7	99.49866
2	7	99.51904
2	7	99.532
2	7	99.54456
2	7	99.55666
2	7	99.56963
2	7	99.58302
2	7	99.59856
2	7	99.61222
2	7	99.62692
2	7	99.64201
2	7	99.65533
2	7	99.67439
2	7	99.68691
2	7	99.69914
2	7	99.71115
2	7	99.72365
2	7	99.73856
2	7	99.76218
2	7	99.78323
2	7	99.8057
2	7	99.83462
2	7	99.85011
2	7	99.87285
2	7	99.89538
2	7	99.91725
2	7	99.93917
2	7	99.96291
2	7	99.99013
2	7	100.0074
2	7	100.0294
2	7	100.0515
2	7	100.0736
2	7	100.0964
2	7	100.1193
2	7	100.1498
2	7	100.1636
2	7	100.1857
2	7	100.2091
2	7	100.2222
2	7	100.236
2	7	100.2503
2	7	100.265
2	7	100.2796
2	7	100.3005
2	7	100.3142
2	7	100.3271
2	7	100.3419
2	7	100.3574
2	7	100.3711
2	7	100.3838
2	7	100.3988
2	7	100.4124
2	7	100.4257
2	7	100.4417
2	7	100.4624
2	7	100.4753
2	7	100.4893
2	7	100.5016
2	7	100.522
2	7	100.5356
2	7	100.5524
2	7	100.5658
2	7	100.5812
2	7	100.5937
2	7	100.6174
2	7	100.6327
2	7	100.6547
2	7	100.6773
2	7	100.6993
2	7	100.7216
3	7	100.7443
3	7	100.7741
3	7	100.7896
3	7	100.8116
3	7	100.8329
3	7	100.8557
4	7	100.8802
4	7	100.9013
4	7	100.9313
4	7	100.9481
4	7	100.9673
4	7	100.9893
4	7	101.0121
4	7	101.0348
4	7	101.0573
4	7	101.0785
4	7	101.0928
4	7	101.1059
4	7	101.1194
4	7	101.1335
4	7	101.1482
4	7	101.163
4	7	101.1762
4	7	101.1912
4	7	101.2057
4	6	101.2261
4	6	101.247
4	6	101.262
4	6	101.2953
4	6	101.3152
4	6	101.3299
4	5	101.3438
4	5	101.3641
4	5	101.3813
4	5	101.4054
4	5	101.4226
4	5	101.4369
4	5	101.4506
4	4	101.4641
4	4	101.4811
4	4	101.5034
4	4	101.5261
4	4	101.5522
4	4	101.5779
4	4	101.5946
4	4	101.6154
4	4	101.6373
4	4	101.6601
4	4	101.6825
4	4	101.7044
4	4	101.7349
4	4	101.7497
4	4	101.7717
4	5	101.794
4	5	101.8164
4	5	101.8385
4	5	101.8625
4	5	101.8898
4	5	101.9059
4	6	101.9289
4	6	101.9509
4	6	101.9732
4	6	101.9882
4	6	102.0031
4	6	102.0201
4	7	102.0435
4	7	102.0631
4	7	102.0802
4	7	102.0967
4	7	102.1117
4	7	102.1259
4	7	102.1428
4	7	102.1564
4	7	102.1707
4	7	102.1919
4	7	102.205
4	7	102.221
4	7	102.2356
4	7	102.2503
4	7	102.264
4	7	102.277
3	7	102.2895
3	7	102.3033
3	7	102.317
3	7	102.3324
3	7	102.354
3	7	102.3695
3	7	102.3826
3	7	102.397
2	7	102.4201
2	7	102.4418
2	7	102.4642
2	7	102.4871
2	7	102.5162
2	7	102.531
2	7	102.5534
2	7	102.5761
2	7	102.5984
2	7	102.6206
2	7	102.6443
2	7	102.6721
2	7	102.6892
2	7	102.7099
2	7	102.7318
2	8	102.7547
2	8	102.7774
2	8	102.7999
2	8	102.8291
2	8	102.844
2	8	102.8582
2	8	102.8721
2	9	102.8909
2	9	102.9075
2	9	102.9263
2	9	102.9402
2	9	102.9547
2	9	102.9779
2	9	102.9906
2	10	103.0046
2	10	103.0178
2	10	103.0313
2	10	103.044
2	10	103.0582
2	10	103.0711
2	10	103.0843
2	10	103.0969
2	10	103.1143
2	10	103.1386
2	10	103.1529
2	10	103.1666
2	10	103.1811
2	10	103.1958
2	10	103.2105
2	10	103.2243
3	10	103.2392
3	10	103.2599
3	10	103.2729
3	10	103.2971
3	10	103.3132
3	10	103.3359
4	10	103.3574
4	10	103.3802
4	10	103.4021
4	10	103.4252
4	10	103.455
4	10	103.4703
4	11	103.4915
4	11	103.5142
4	11	103.5368
4	11	103.5594
4	11	103.5822
4	12	103.6097
4	12	103.629
4	12	103.6483
4	12	103.6708
4	12	103.693
4	12	103.7072
4	13	103.7221
4	13	103.738
4	13	103.7656
4	13	103.7861
4	13	103.8005
4	13	103.8149
4	13	103.8284
4	13	103.8414
4	13	103.854
4	13	103.8674
4	13	103.8797
4	13	103.8929
4	13	103.9169
4	13	103.9328
4	13	103.946
4	13	103.9592
3	13	103.9719
3	13	103.9848
3	13	104.0009
3	13	104.0177
3	13	104.034
3	13	104.0488
3	13	104.0714
2	13	104.0872
2	13	104.1009
2	13	104.1144
2	13	104.1292
2	13	104.1505
2	13	104.1725
2	13	104.195
2	13	104.2183
2	13	104.2455
2	13	104.2622
2	13	104.2844
2	13	104.3064
2	13	104.3287
2	13	104.3514
2	13	104.3743
2	13	104.4021
2	14	104.4185
2	14	104.441
2	14	104.4637
2	17	104.7971
2	17	104.8421
2	17	104.8663
2	17	104.8812
2	17	104.8952
2	18	104.9095
2	18	104.9304
2	18	104.9494
2	18	104.982
2	18	105.0019
2	18	105.0169
2	19	105.0307
2	19	105.0453
2	19	105.0641
2	19	105.0816
2	19	105.1009
2	19	105.1239
2	19	105.141
2	19	105.1556
3	19	105.1693
3	19	105.1822
3	19	105.1956
3	19	105.2161
3	19	105.2342
3	19	105.2483
3	19	105.2645
4	19	105.291
4	19	105.3074
4	19	105.3213
4	19	105.3359
4	19	105.3573
4	19	105.3789
4	19	105.4018
4	19	105.4241
4	19	105.4523
4	19	105.4683
4	19	105.4911
4	19	105.5128
4	19	105.5354
4	19	105.558
4	19	105.5805
4	19	105.6096
4	19	105.6254
4	19	105.6472
4	19	105.6696
4	19	105.6919
4	19	105.7141
4	19	105.7368
4	19	105.7652
4	19	105.7781
4	19	105.7912
4	19	105.8042
4	19	105.8165
4	19	105.8287
4	19	105.8428
4	19	105.8562
4	19	105.8699
3	19	105.8845
3	19	105.8992
3	19	105.9222
3	19	105.9363
3	19	105.9495
3	19	105.9623
3	19	105.9748
3	19	105.9879
2	19	106.0017
2	19	106.0162
2	19	106.031
2	19	106.0443
2	19	106.0591
2	19	106.0801
2	19	106.095
2	19	106.1094
2	19	106.1238
2	19	106.1365
2	19	106.1496
2	19	106.1722
2	19	106.1949
2	19	106.2174
2	18	106.2453
2	18	106.2614
2	18	106.2838
2	18	106.3058
2	18	106.3282
2	18	106.3503
2	17	106.3731
2	17	106.401
2	17	106.4176
2	17	106.4401
2	17	106.462
2	16	106.4842
2	16	106.5075
2	16	106.53
2	16	106.559
2	16	106.575
2	15	106.5974
2	15	106.6102
2	15	106.6224
2	15	106.6357
2	15	106.6499
2	15	106.6629
2	15	106.6779
2	15	106.6914
2	15	106.7102
2	14	106.7233
2	14	106.7352
2	14	106.7483
2	14	106.7617
2	14	106.7756
2	14	106.7891
2	14	106.8006
2	14	106.8136
2	14	106.8272
2	14	106.8391
2	13	106.8528
2	13	106.8734
2	13	106.8878
2	13	106.9003
2	13	106.914
2	13	106.9286
2	13	106.9522
3	13	106.9672
3	13	106.981
3	13	106.9986
3	13	107.0212
3	13	107.0503
3	13	107.0655
4	13	107.088
4	13	107.1104
4	13	107.1326
4	13	107.1551
4	13	107.178
4	13	107.2063
4	13	107.2221
4	13	107.2445
4	13	107.2661
4	13	107.2886
4	13	107.3112
4	13	107.3339
4	13	107.4025
4	13	107.6373
4	13	107.6768
4	13	107.6951
3	13	107.7087
3	13	107.7211
3	13	107.7344
3	13	107.777
3	13	107.7927
3	13	107.8144
2	13	107.8281
2	13	107.8423
2	13	107.8568
2	13	107.8695
2	13	107.8839
2	13	107.9033
2	13	107.9173
2	13	107.9297
2	13	107.9442
2	13	107.965
2	13	107.9776
2	13	107.9912
2	13	108.0068
2	13	108.0192
2	13	108.0328
2	13	108.0463
2	13	108.0609
2	13	108.0759
2	13	108.1045
2	14	108.1265
2	14	108.1415
2	14	108.1551
2	14	108.1714
2	14	108.1935
2	14	108.2167
2	14	108.2387
2	15	108.2613
2	15	108.2916
2	15	108.3061
4	16	108.6394
4	16	108.6828
4	16	108.7062
4	16	108.7233
5	16	108.7393
5	16	108.7523
5	16	108.7686
5	16	108.8021
5	16	108.8442
5	16	108.869
5	16	108.9028
5	16	108.9358
5	16	108.9696
6	16	109.0109
6	16	109.0362
6	16	109.0711
6	16	109.1036
6	16	109.1368
6	16	109.178
6	17	109.2035
6	17	109.237
6	17	109.271
6	17	109.3048
6	18	109.3456
6	18	109.3714
6	18	109.4048
6	18	109.439
6	19	109.4724
6	19	109.5125
6	19	109.539
6	19	109.5614
6	20	109.5841
6	20	109.6057
6	20	109.6284
6	20	109.6581
6	20	109.6749
6	21	109.6949
6	21	109.7175
6	21	109.74
6	21	109.7626
6	21	109.786
6	22	109.8155
6	22	109.8327
6	22	109.8518
6	22	109.8737
6	25	110.1964
6	25	110.2328
6	25	110.2569
6	25	110.2695
6	25	110.2821
6	26	110.2983
6	26	110.3213
6	26	110.3433
6	26	110.3657
6	26	110.3956
6	26	110.4131
6	27	110.4319
6	27	110.4544
6	27	110.4763
6	27	110.4989
6	27	110.5229
6	28	110.5507
6	28	110.5675
6	28	110.5888
6	28	110.6106
6	28	110.6369
6	28	110.6556
6	29	110.6786
6	29	110.7071
6	29	110.7241
6	29	110.7452
6	29	110.7672
5	29	110.7892
5	29	110.8119
5	29	110.8343
5	29	110.865
5	29	110.8849
5	29	110.9012
5	29	110.9237
5	29	110.9456
5	29	110.9676
5	29	110.991
5	29	111.022
4	29	111.0384
4	29	111.0585
4	29	111.0804
4	29	111.1035
4	29	111.125
4	29	111.1483
3	29	111.1792
3	29	111.1996
3	29	111.2179
3	29	111.2373
3	29	111.2596
2	29	111.2825
2	29	111.3042
2	29	111.3342
2	29	111.354
2	29	111.372
2	29	111.3938
2	29	111.4159
2	29	111.4381
2	29	111.4608
2	29	111.4898
2	29	111.5056
2	29	111.5179
2	29	111.5325
2	29	111.5458
2	28	111.5627
2	28	111.5775
2	28	111.5903
2	28	111.6066
2	28	111.6245
2	28	111.6511
2	28	111.6677
2	28	111.6808
2	27	111.6945
2	27	111.7097
2	27	111.7263
2	27	111.7494
2	27	111.7686
2	27	111.7839
2	26	111.8106
2	26	111.8289
2	26	111.8459
2	26	111.8663
2	26	111.8848
2	26	111.899
2	26	111.9132
2	25	111.9309
2	25	111.945
2	25	111.9771
2	25	112.0041
2	25	112.0167
2	25	112.0305
2	24	112.0525
2	24	112.0752
2	24	112.0978
2	24	112.1269
2	24	112.144
2	24	112.1644
2	23	112.1866
2	23	112.209
2	23	112.2314
2	23	112.2542
2	23	112.2828
2	22	112.299
2	22	112.3219
2	22	112.3437
2	22	112.3648
2	22	112.3877
2	22	112.4107
2	22	112.4361
2	22	112.4544
2	22	112.4678
2	22	112.4789
2	22	112.4948
2	22	112.5087
2	22	112.5247
3	22	112.5384
3	22	112.5522
3	22	112.5692
3	22	112.5967
3	22	112.6137
3	22	112.6277
3	22	112.6418
4	22	112.6563
4	22	112.669
4	22	112.683
4	22	112.7005
4	22	112.7182
4	22	112.7334
4	22	112.7579
4	21	112.7747
4	21	112.7875
4	21	112.8004
4	21	112.8151
4	21	112.8342
4	21	112.8564
4	21	112.879
4	20	112.9012
4	20	112.9289
4	20	112.9455
4	20	112.9682
4	20	112.9903
4	20	113.013
4	19	113.0354
4	19	113.0585
4	19	113.0867
4	19	113.1026
4	19	113.125
4	19	113.1498
4	19	113.1694
4	19	113.192
4	19	113.2152
4	19	113.2442
4	19	113.2591
4	19	113.2811
4	19	113.2944
4	19	113.3069
4	19	113.3222
4	19	113.3366
4	19	113.3522
4	19	113.3645
4	19	113.3783
4	19	113.3984
4	19	113.41
4	19	113.4224
4	19	113.4334
4	19	113.4458
4	19	113.4585
4	19	113.4716
4	19	113.4849
4	19	113.4963
4	19	113.5083
4	19	113.5206
4	19	113.5328
4	20	113.5518
4	20	113.5647
4	20	113.5766
4	20	113.5894
4	20	113.6018
4	20	113.613
4	20	113.6256
4	20	113.6381
4	20	113.6603
4	21	113.6834
4	21	113.711
4	21	113.7274
4	21	113.7502
4	21	113.7726
4	22	113.7949
4	22	113.8172
4	22	113.841
4	22	113.8679
4	22	113.8842
4	22	113.9061
5	22	113.9284
5	22	113.9514
5	22	113.9739
5	22	113.9981
5	22	114.0256
5	22	114.0413
5	22	114.0634
5	22	114.0856
5	22	114.1078
5	22	114.1202
5	22	114.1324
5	22	114.1465
6	22	114.1598
6	22	114.1846
6	22	114.2004
6	22	114.2131
6	22	114.2258
6	22	114.2377
6	22	114.2493
6	22	114.262
6	21	114.2749
6	21	114.2877
6	21	114.3016
6	21	114.3142
6	21	114.3333
6	21	114.346
6	21	114.3593
6	21	114.3724
6	21	114.3903
6	22	114.4024
6	22	114.4149
6	22	114.4277
6	22	114.4398
6	22	114.4528
6	22	114.4656
6	22	114.4936
6	22	114.5098
6	23	114.5313
6	23	114.554
6	23	114.5769
6	23	114.5989
6	23	114.6221
6	24	114.65
6	24	114.6663
6	24	114.6883
6	24	114.711
6	24	114.7332
6	24	114.7558
6	25	114.778
6	25	114.8057
6	25	114.8228
6	25	114.845
6	25	114.8665
5	25	114.8894
5	25	114.9117
5	25	114.9249
5	25	114.9398
5	25	114.9628
5	25	114.9785
5	25	114.9921
5	25	115.0057
4	25	115.0182
4	25	115.0335
4	25	115.0496
4	25	115.0671
4	25	115.0806
4	25	115.094
4	25	115.1166
3	25	115.133
3	25	115.1488
3	25	115.1621
3	25	115.179
3	25	115.1946
3	25	115.2073
3	25	115.2203
3	25	115.2346
3	25	115.2504
3	25	115.2729
3	25	115.2891
3	25	115.3057
3	25	115.3184
3	25	115.3323
3	25	115.3467
3	25	115.3691
2	25	115.3915
2	25	115.4149
2	25	115.4427
2	25	115.4589
2	25	115.4816
2	25	115.5036
2	25	115.5262
2	25	115.5482
2	25	115.5707
3	25	115.598
3	25	115.6152
3	25	115.6372
3	25	115.6606
3	25	115.6821
3	25	115.7049
3	25	115.7278
3	25	115.7622
3	25	115.777
3	25	115.7945
3	25	115.8081
3	25	115.8226
4	25	115.8338
4	25	115.8487
4	25	115.8624
4	25	115.8753
4	25	115.8897
4	25	115.9125
4	25	115.9286
4	25	115.9438
5	25	115.9581
5	25	115.9694
5	25	115.9825
5	25	115.9962
5	25	116.0287
5	25	116.0449
5	25	116.0672
6	25	116.0815
6	25	116.096
6	25	116.1129
6	25	116.1273
6	25	116.1458
6	25	116.1612
6	25	116.1748
6	25	116.1886
7	25	116.2079
7	25	116.2382
7	25	116.2566
7	25	116.2752
7	25	116.2968
8	25	116.3194
8	25	116.342
8	25	116.3641
8	25	116.3937
8	25	116.4128
8	25	116.4311
9	25	116.4531
9	25	116.4758
9	25	116.498
9	25	116.5212
9	25	116.5518
10	25	116.5683
10	25	116.5875
10	25	116.6096
10	25	116.6325
10	25	116.6549
10	25	116.678
11	25	116.7057
11	25	116.725
11	25	116.7444
11	25	116.7612
11	25	116.7752
11	25	116.7917
11	25	116.8055
12	25	116.8182
12	25	116.8356
12	25	116.8597
12	25	116.8788
12	25	116.8917
12	25	116.9031
12	25	116.915
12	25	116.9264
12	25	116.938
12	25	116.9499
12	25	116.9618
12	25	116.9726
12	25	116.9848
12	25	116.9971
12	25	117.0156
12	25	117.0284
12	25	117.0406
12	25	117.0616
12	26	117.0762
12	26	117.0938
12	26	117.1083
12	26	117.1272
12	26	117.1439
12	26	117.1581
12	26	117.1876
12	27	117.2047
12	27	117.2232
12	27	117.2463
12	27	117.2684
12	27	117.2919
12	27	117.3148
12	28	117.3428
12	28	117.3607
12	28	117.3803
12	28	117.4027
12	28	117.4254
12	29	117.4477
12	29	117.4705
12	29	117.5007
12	29	117.517
12	29	117.5374
12	29	117.5594
11	29	117.5816
11	29	117.5965
11	29	117.6124
11	29	117.6306
11	29	117.6559
11	29	117.6731
10	29	117.6844
10	29	117.697
10	29	117.7096
10	29	117.7241
10	29	117.7423
10	29	117.7567
10	29	117.771
10	29	117.7861
9	29	117.8139
9	29	117.8315
9	29	117.8498
9	29	117.8654
9	29	117.8816
9	29	117.8966
9	29	117.9101
9	29	117.9257
8	29	117.9404
8	29	117.9678
8	29	117.9827
8	29	117.9952
8	29	118.0091
8	29	118.0275
8	29	118.0437
7	29	118.0619
7	29	118.0839
7	29	118.1065
7	29	118.1365
7	29	118.1549
6	29	118.1736
6	29	118.1959
6	29	118.2185
6	29	118.2475
6	29	118.2634
6	29	118.2935
5	29	118.3077
5	29	118.33
5	29	118.3517
5	29	118.375
5	29	118.3976
4	29	118.4193
4	29	118.449
4	29	118.4685
4	29	118.4865
4	29	118.5011
4	29	118.5128
4	29	118.5311
3	29	118.5466
3	29	118.5597
3	29	118.5726
3	29	118.5936
3	29	118.6091
3	29	118.625
3	29	118.6381
3	29	118.6509
2	29	118.6635
2	29	118.6791
2	29	118.6923
2	29	118.7049
2	29	118.7171
2	29	118.7376
2	29	118.758
2	29	118.7704
2	29	118.7831
2	29	118.7978
2	29	118.8121
2	29	118.8246
2	29	118.8381
2	29	118.8492
2	29	118.8658
2	29	118.8887
2	28	118.9191
2	28	118.9346
2	28	118.9553
2	28	118.9776
2	28	119
2	28	119.0218
2	27	119.0446
2	27	119.0728
2	27	119.0889
2	27	119.1109
2	27	119.134
2	26	119.1556
2	26	119.1782
2	26	119.2016
2	26	119.2328
2	26	119.2529
2	26	119.2686
2	23	119.6019
2	22	119.6516
2	22	119.6738
2	22	119.6916
2	22	119.7059
2	22	119.7198
2	22	119.7343
2	22	119.7477
2	22	119.7635
2	22	119.7884
2	22	119.8016
2	22	119.8136
2	22	119.8282
2	22	119.8426
2	22	119.8563
2	22	119.8702
2	22	119.8847
2	22	119.9007
2	22	119.9164
2	22	119.9417
2	22	119.956
2	22	119.9828
2	22	119.9984
2	22	120.0197
2	22	120.0347
3	22	120.0504
3	22	120.0641
3	22	120.0844
3	22	120.1054
3	22	120.1185
3	22	120.1326
3	22	120.1495
3	22	120.172
3	22	120.1949
3	22	120.2167
3	22	120.2403
3	22	120.2696
3	22	120.2836
4	22	120.3062
4	22	120.3279
4	22	120.3504
4	22	120.3733
4	22	120.3957
5	22	120.4274
5	22	120.4404
5	22	120.4621
5	22	120.4849
5	22	120.5073
6	22	120.5294
6	22	120.5426
6	22	120.5556
6	22	120.5809
6	22	120.595
6	22	120.6101
6	22	120.6238
6	22	120.6391
6	22	120.6527
6	22	120.6669
6	22	120.6811
6	23	120.6946
6	23	120.7088
6	23	120.7346
6	23	120.7545
6	23	120.7683
6	23	120.7827
6	23	120.7987
6	24	120.8133
6	24	120.8268
6	24	120.8401
6	24	120.8541
6	24	120.8702
6	24	120.8949
6	24	120.911
6	24	120.9246
6	25	120.9396
6	25	120.9528
6	25	120.9672
6	25	120.987
6	25	121.0097
6	25	121.0338
6	24	121.063
6	24	121.0792
6	24	121.0998
6	24	121.1214
6	24	121.1441
6	24	121.1661
6	23	121.1887
6	23	121.2178
6	23	121.2471
6	23	121.2725
6	23	121.2858
6	22	121.3047
6	22	121.3219
6	21	121.5218
6	20	121.5753
6	20	121.6038
6	20	121.6177
6	20	121.6314
6	20	121.6459
6	19	121.6647
6	19	121.6866
6	19	121.7094
6	19	121.7242
6	19	121.7395
6	19	121.7525
6	19	121.7671
6	19	121.7803
6	20	121.7951
6	20	121.8071
6	20	121.8203
6	20	121.837
6	20	121.8611
6	20	121.8743
6	20	121.8888
6	20	121.9048
6	21	121.9188
6	21	121.9318
6	21	121.9471
6	21	121.9621
6	21	121.9752
6	21	121.9887
6	21	122.0173
6	22	122.0308
6	22	122.0477
6	22	122.07
6	22	122.0929
6	22	122.1158
6	22	122.1387
6	23	122.1691
6	23	122.1844
6	23	122.2053
6	23	122.2276
6	23	122.2495
6	23	122.2715
6	22	122.2949
6	22	122.325
6	22	122.3429
6	22	122.3613
6	22	122.3834
6	21	122.4056
6	21	122.4285
6	21	122.4507
6	21	122.4801
6	21	122.4953
6	21	122.5088
6	20	122.5201
6	20	122.5323
6	20	122.5465
6	20	122.5605
6	20	122.5735
6	20	122.587
6	20	122.6016
6	20	122.6234
6	20	122.6375
6	19	122.6532
6	19	122.667
6	19	122.6809
6	19	122.6946
6	19	122.7089
6	19	122.7239
6	19	122.7388
6	19	122.7563
7	19	122.7829
7	19	122.8015
7	19	122.8161
7	19	122.8307
7	19	122.8451
7	19	122.8586
7	19	122.8746
8	19	122.8965
8	19	122.9198
8	19	122.9484
8	19	122.9642
8	19	122.9862
9	19	123.0085
9	19	123.0313
9	19	123.0531
9	19	123.0767
9	19	123.1058
9	19	123.1205
9	18	123.1429
9	18	123.1662
9	18	123.1875
9	18	123.2093
9	18	123.2324
9	17	123.2601
9	17	123.2766
9	17	123.2994
9	17	123.3107
9	17	123.3219
9	17	123.3338
9	17	123.346
9	17	123.3573
9	17	123.3695
9	16	123.4193
9	16	123.4409
9	16	123.4532
9	16	123.4661
9	16	123.4784
9	16	123.4911
9	17	123.5029
9	17	123.5143
9	17	123.5257
9	17	123.541
9	17	123.5525
9	17	123.5652
9	17	123.5794
9	17	123.5998
9	17	123.615
9	18	123.6288
9	18	123.6412
9	18	123.654
9	18	123.6656
9	18	123.6778
9	18	123.6895
9	18	123.7021
9	18	123.7239
9	19	123.7467
9	19	123.7754
9	19	123.7908
9	19	123.8138
9	19	123.8359
9	19	123.8579
10	19	123.8805
10	19	123.9031
10	19	123.9314
10	19	123.9474
10	19	123.9692
10	19	123.9919
11	19	124.0137
11	19	124.0366
11	19	124.0592
11	19	124.0882
11	19	124.1037
12	19	124.1263
12	19	124.1486
12	19	124.1714
12	19	124.1932
12	19	124.2077
12	19	124.2213
13	19	124.2413
13	19	124.2537
13	19	124.2685
13	19	124.2796
13	19	124.292
13	19	124.3064
13	19	124.3196
13	19	124.3383
13	19	124.3526
14	19	124.366
14	19	124.379
14	19	124.3984
14	19	124.4108
14	19	124.4222
14	19	124.4342
14	19	124.4464
14	19	124.4586
14	19	124.4711
14	19	124.483
15	19	124.4948
15	19	124.5072
15	19	124.519
15	19	124.5304
15	19	124.5561
15	19	124.5725
15	19	124.5952
15	20	124.6177
15	20	124.6396
15	20	124.6619
15	20	124.6845
15	20	124.7149
15	21	124.7298
15	21	124.7514
15	21	124.7736
15	21	124.797
15	21	124.8183
15	21	124.8411
15	22	124.87
15	22	124.8856
15	22	124.9082
15	22	124.9303
15	22	124.9524
15	22	124.9749
15	22	124.998
15	22	125.0281
15	22	125.043
15	22	125.0618
15	22	125.0768
15	22	125.0922
15	21	125.1098
15	21	125.1234
15	21	125.1374
15	21	125.1533
15	21	125.1767
15	21	125.1925
15	21	125.2054
15	21	125.2172
15	20	125.2302
15	20	125.2432
15	20	125.2558
15	20	125.2692
15	20	125.2818
15	20	125.2933
15	20	125.3081
15	20	125.332
15	20	125.346
15	19	125.3589
15	19	125.3725
15	19	125.3861
15	19	125.4019
15	19	125.4203
15	19	125.4349
15	19	125.4552
14	19	125.4781
14	19	125.5078
14	19	125.522
14	19	125.5445
14	19	125.5668
14	19	125.5894
13	19	125.6116
13	19	125.6347
13	19	125.6653
13	19	125.6795
13	19	125.7016
12	19	125.7239
12	19	125.7459
12	19	125.7678
12	19	125.7913
12	19	125.8207
12	19	125.8362
11	19	125.87
11	19	125.8836
11	19	125.8982
11	19	125.9143
11	19	125.9277
11	19	125.9534
10	19	125.9761
10	19	125.9936
10	19	126.0067
10	19	126.0227
10	19	126.0351
10	19	126.0492
10	19	126.0631
10	19	126.0777
9	19	126.0956
9	19	126.109
9	19	126.1304
9	19	126.1422
9	19	126.1542
9	19	126.1659
9	19	126.1781
9	19	126.19
9	19	126.2053
8	19	126.2182
8	19	126.2349
8	19	126.2497
8	19	126.264
8	19	126.2844
8	19	126.2972
8	19	126.3154
7	19	126.3374
7	19	126.36
7	19	126.3822
7	19	126.4044
7	19	126.4275
8	19	126.4566
8	19	126.4717
8	19	126.4939
8	19	126.5164
8	19	126.5381
8	19	126.5602
9	19	126.5836
9	19	126.6137
9	19	126.6284
9	19	126.6504
9	19	126.673
10	19	126.6955
10	19	126.7174
10	19	126.7405
10	19	126.7692
10	19	126.7838
10	19	126.7992
11	19	126.8197
11	19	126.8351
11	19	126.8484
11	19	126.8622
11	19	126.8757
11	19	126.8904
11	19	126.9273
12	19	126.942
12	19	126.9557
12	19	126.9685
12	19	126.987
12	19	127.0075
12	19	127.022
12	19	127.0339
12	19	127.0466
12	20	127.0673
12	20	127.081
12	20	127.0989
12	20	127.1169
12	20	127.1348
12	20	127.1474
12	20	127.1608
12	20	127.1749
12	21	127.198
12	21	127.2273
12	21	127.2432
12	21	127.2647
12	21	127.2873
12	22	127.3094
12	22	127.3323
12	22	127.3548
12	22	127.3826
12	22	127.3982
12	22	127.421
11	22	127.4427
11	22	127.466
11	22	127.4882
11	22	127.511
11	22	127.5397
11	22	127.5556
10	22	127.5769
10	22	127.6001
10	22	127.6227
10	22	127.6449
10	22	127.6588
10	22	127.6725
9	22	127.696
9	22	127.7151
9	22	127.7332
9	22	127.7512
9	22	127.7655
9	22	127.7789
9	22	127.7926
9	22	127.8064
9	23	127.8194
9	23	127.8356
9	23	127.8616
9	23	127.8801
9	23	127.8938
9	23	127.9073
9	23	127.9238
9	23	127.939
9	24	127.953
9	24	127.9695
9	24	127.9871
7	25	128.3204
7	25	128.3567
7	25	128.3735
7	25	128.3857
7	25	128.3996
7	25	128.4143
6	25	128.429
6	25	128.4466
6	25	128.4803
6	25	128.5222
6	25	128.5464
5	25	128.5798
5	25	128.6139
5	25	128.6477
4	25	128.6876
4	25	128.7145
4	25	128.7479
4	25	128.7814
5	25	128.8154
5	25	128.8559
5	25	128.8817
5	25	128.9149
6	25	128.9482
6	25	128.9825
6	25	129.021
6	24	129.0493
6	24	129.0834
6	24	129.1164
6	24	129.1504
6	23	129.1908
6	23	129.2168
6	23	129.2392
6	23	129.2609
6	23	129.2833
6	22	129.3056
6	22	129.3347
6	22	129.3505
6	22	129.3728
6	22	129.3954
6	21	129.4174
6	21	129.4395
6	21	129.4626
6	21	129.4925
6	21	129.5115
6	20	129.5292
6	20	129.5511
6	20	129.5736
6	20	129.5981
6	20	129.6187
6	20	129.6464
6	19	129.6636
6	19	129.6856
6	19	129.709
6	19	129.7304
6	19	129.7525
6	20	129.7758
6	20	129.8037
6	20	129.8196
6	20	129.8416
6	20	129.8641
6	20	129.8861
6	21	129.9091
6	21	129.9311
6	21	129.9599
6	21	129.9764
6	21	130.0034
6	22	130.0261
6	22	130.0482
6	22	130.0705
6	22	130.0935
6	22	130.1234
6	23	130.1424
6	23	130.1735
6	23	130.1883
6	23	130.2003
6	23	130.2219
6	23	130.2456
6	24	130.2732
6	24	130.2893
6	24	130.3117
6	24	130.3346
6	24	130.3568
6	24	130.3789
6	25	130.4016
6	25	130.4309
6	25	130.4457
6	25	130.468
6	25	130.4804
6	25	130.4927
6	25	130.5054
7	25	130.525
7	25	130.5388
7	25	130.5525
7	25	130.5736
7	25	130.5867
7	25	130.6
7	25	130.615
8	25	130.6294
8	25	130.6434
8	25	130.6574
8	25	130.6749
8	25	130.6902
8	25	130.7042
8	25	130.7277
8	25	130.7429
9	25	130.7578
9	25	130.7746
9	25	130.7898
9	25	130.8046
9	25	130.8178
9	25	130.8321
9	25	130.846
9	25	130.8605
10	25	130.8831
10	25	130.8982
10	25	130.9156
10	25	130.9373
10	25	130.9603
10	25	130.9824
11	25	131.0045
11	25	131.0278
11	25	131.0564
11	25	131.0724
11	25	131.0935
11	25	131.1156
12	25	131.1385
12	25	131.1611
12	25	131.1834
12	25	131.2117
12	25	131.2279
12	26	131.2497
12	26	131.2725
12	26	131.295
12	26	131.3173
12	26	131.34
12	26	131.3617
12	27	131.3752
12	27	131.3887
12	27	131.4003
12	27	131.4127
12	27	131.4252
12	27	131.4388
12	27	131.4534
12	27	131.4668
12	27	131.4784
13	27	131.4905
13	27	131.5134
13	27	131.5274
13	27	131.5465
13	27	131.5676
13	27	131.5807
13	27	131.5931
13	27	131.6059
14	27	131.6211
