x	y	time
15	11	0.0555463
15	11	0.063003
15	11	0.07064389
15	11	0.07699279
15	11	0.08348829
15	11	0.0925777
15	11	0.1021182
15	11	0.1133053
15	11	0.1243594
15	11	0.1352806
15	11	0.1467012
15	11	0.1579998
15	11	0.1690446
15	11	0.1799898
15	11	0.1953149
15	11	0.2043562
15	11	0.2130182
15	11	0.2247052
15	11	0.2353946
15	11	0.2466537
15	11	0.257745
15	11	0.2690021
15	11	0.2801859
15	11	0.2918362
15	11	0.3027751
15	11	0.314086
15	11	0.3257048
15	11	0.3371547
15	11	0.3496967
15	11	0.3595365
15	11	0.3703821
15	11	0.3814412
15	11	0.3926
15	11	0.4040015
15	11	0.415072
15	11	0.4263299
15	11	0.4373379
15	11	0.4490658
15	11	0.4595263
15	11	0.4711018
15	11	0.4823333
15	11	0.4941121
15	11	0.5075552
15	11	0.5169151
15	11	0.5274481
15	11	0.5387982
15	11	0.5497527
15	11	0.5610682
15	11	0.571633
15	11	0.5826696
15	11	0.5942708
15	11	0.6047849
15	11	0.6161461
15	11	0.6265557
15	11	0.6383937
15	11	0.6507838
15	11	0.6644674
15	11	0.6744917
15	11	0.6860894
15	11	0.6979038
15	11	0.7092806
15	11	0.7210591
15	11	0.7320778
15	11	0.743091
15	11	0.7549756
15	11	0.7654558
15	11	0.776616
15	11	0.7878897
15	11	0.7992669
15	11	0.810472
15	11	0.8424681
15	11	0.8513308
15	11	0.8590776
15	11	0.866611
15	11	0.8743937
15	11	0.8839412
15	11	0.8952711
15	11	0.9066647
15	11	0.9175256
15	11	0.9289829
15	11	0.9401155
15	11	0.9514242
15	11	0.962651
15	11	0.9751501
15	11	0.984948
15	11	0.9963083
15	11	1.006971
15	11	1.019765
15	11	1.029932
15	11	1.040996
15	11	1.052908
15	11	1.063028
15	11	1.074088
15	11	1.085181
15	11	1.096571
15	11	1.10749
15	11	1.119105
15	11	1.133213
15	11	1.142604
15	11	1.15317
15	11	1.163953
15	11	1.17479
15	11	1.186347
15	11	1.19734
15	11	1.208367
15	11	1.219591
15	11	1.231099
15	11	1.241997
15	11	1.253004
15	11	1.263949
15	11	1.275159
15	11	1.288618
15	11	1.297565
15	11	1.308662
15	11	1.320192
15	11	1.331478
15	11	1.342666
15	11	1.353634
15	11	1.364708
15	11	1.375949
15	11	1.387002
15	11	1.398459
15	11	1.40955
15	11	1.421166
15	11	1.433428
15	11	1.446502
15	11	1.456804
15	11	1.468117
15	11	1.479939
15	11	1.490917
15	11	1.502346
15	11	1.513806
15	11	1.525349
15	11	1.536558
15	11	1.547674
15	11	1.558777
15	11	1.570202
15	11	1.581557
15	11	1.592875
15	11	1.605549
15	11	1.615122
15	11	1.62553
15	11	1.638129
15	11	1.64936
15	11	1.659645
15	11	1.670135
15	11	1.681696
15	11	1.693221
15	11	1.704014
15	11	1.715064
15	11	1.726375
15	11	1.737861
15	11	1.749418
15	11	1.762164
15	11	1.770996
15	11	1.782091
15	11	1.793366
15	11	1.804774
15	11	1.816416
15	11	1.827325
15	11	1.838567
15	11	1.849659
15	11	1.860844
15	11	1.871428
15	11	1.88278
15	11	1.894226
15	11	1.905727
15	11	1.919436
15	11	1.928169
15	11	1.938671
15	11	1.949729
15	11	1.960785
15	11	1.972129
15	11	1.983625
15	11	1.994326
15	11	2.005493
15	11	2.016333
15	11	2.027238
15	11	2.038501
15	11	2.049655
15	11	2.06185
15	11	2.078109
15	11	2.08779
15	11	2.097287
15	11	2.105098
15	11	2.114378
15	11	2.125376
15	11	2.136637
15	11	2.147916
15	11	2.158931
15	11	2.17007
15	11	2.181217
15	11	2.192595
15	11	2.204338
15	11	2.21556
15	11	2.232039
15	11	2.241383
15	11	2.249833
15	11	2.264054
15	11	2.2736
15	11	2.282027
15	11	2.291869
15	11	2.303222
15	11	2.314082
15	11	2.325115
15	11	2.33627
15	11	2.347678
15	11	2.358583
15	11	2.370446
15	11	2.383552
15	11	2.392568
15	11	2.403985
15	11	2.41514
15	11	2.426141
15	11	2.437119
15	11	2.448642
15	11	2.460232
15	11	2.470931
15	11	2.48204
15	11	2.493531
15	11	2.505143
15	11	2.515855
15	11	2.527404
15	11	2.541821
15	11	2.550212
15	11	2.560365
15	11	2.571625
15	11	2.582935
15	11	2.594083
15	11	2.605537
15	11	2.616959
15	11	2.628272
15	11	2.639801
15	11	2.650705
15	11	2.662195
15	11	2.673813
15	11	2.685533
15	11	2.699548
15	11	2.7082
15	11	2.718974
15	11	2.73035
15	11	2.7415
15	11	2.752584
15	11	2.763829
15	11	2.774831
15	11	2.785969
15	11	2.797544
15	11	2.808337
15	11	2.8197
15	11	2.830971
15	11	2.842346
15	11	2.855512
15	11	2.865295
15	11	2.875531
15	11	2.887063
15	11	2.898159
15	11	2.909212
15	11	2.920282
15	11	2.931689
15	11	2.94262
15	11	2.953907
15	11	2.965252
15	11	2.97604
15	11	2.987205
15	11	2.999021
15	11	3.012699
15	11	3.021751
15	11	3.033059
15	11	3.045482
15	11	3.055159
15	11	3.06675
15	11	3.077706
15	11	3.089162
15	11	3.099675
15	11	3.1109
15	11	3.12237
15	11	3.133616
15	11	3.144607
15	11	3.155726
15	11	3.16961
15	11	3.177989
15	11	3.18882
15	11	3.200197
15	11	3.211295
15	11	3.222273
15	11	3.233431
15	11	3.244592
15	11	3.255902
15	11	3.267116
15	11	3.278229
15	11	3.289369
15	11	3.300423
15	11	3.311731
15	11	3.324884
15	11	3.33471
15	11	3.345061
15	11	3.356579
15	11	3.367736
15	11	3.379035
15	11	3.390316
15	11	3.401807
15	11	3.412492
15	11	3.424073
15	11	3.43541
15	11	3.44704
15	11	3.457672
15	11	3.469137
15	11	3.481163
16	11	3.491492
16	11	3.502224
16	11	3.515301
16	11	3.524706
16	11	3.535873
16	11	3.547501
16	11	3.558268
16	11	3.56948
16	11	3.580953
16	11	3.592032
16	11	3.603276
17	11	3.614161
17	11	3.625951
17	11	3.642824
17	11	3.654701
17	11	3.662491
17	11	3.673371
17	11	3.685204
17	11	3.693992
17	11	3.701449
17	11	3.710619
17	11	3.721339
18	11	3.732636
18	11	3.744085
18	11	3.756619
18	11	3.766572
18	11	3.777788
18	11	3.793977
18	11	3.805815
18	11	3.813441
18	11	3.821149
18	11	3.832902
18	11	3.843886
19	11	3.855682
19	11	3.866376
19	11	3.87727
19	11	3.889174
19	11	3.899807
19	11	3.911755
19	11	3.923516
19	11	3.935081
19	11	3.955193
19	11	3.967776
20	11	3.976217
20	11	3.984503
20	11	3.993457
20	11	4.001356
20	11	4.011622
20	11	4.023263
20	11	4.034754
20	11	4.046062
20	11	4.056805
20	11	4.067699
20	11	4.078907
20	11	4.09067
21	11	4.10568
21	11	4.116542
21	11	4.124902
21	11	4.135077
21	11	4.145606
21	11	4.156768
21	11	4.167912
21	11	4.179507
21	11	4.190566
21	11	4.201631
21	11	4.212957
22	11	4.224239
22	11	4.234969
22	11	4.246312
22	11	4.263103
22	11	4.274215
22	11	4.282407
22	11	4.291425
22	11	4.301675
22	11	4.313046
22	11	4.32383
22	11	4.334911
23	11	4.346364
23	11	4.358009
23	11	4.369465
23	11	4.380291
23	11	4.391326
23	11	4.402625
23	11	4.41895
23	11	4.42882
23	11	4.437001
23	11	4.448453
23	11	4.459635
24	11	4.470371
24	11	4.481719
24	11	4.492601
24	11	4.50412
24	11	4.515566
24	11	4.526739
24	11	4.537843
24	11	4.549428
24	11	4.560769
24	11	4.577225
25	11	4.588412
25	11	4.595675
25	11	4.605224
25	11	4.61639
25	11	4.627389
25	11	4.638402
25	11	4.650248
25	11	4.660941
25	11	4.672294
25	11	4.683359
25	11	4.694352
25	11	4.705714
26	11	4.71744
26	11	4.738525
26	11	4.750327
26	11	4.762704
26	11	4.77041
26	11	4.776506
26	11	4.784862
26	11	4.793744
26	11	4.804696
26	11	4.816586
26	11	4.827768
27	11	4.838628
27	11	4.850219
27	11	4.861196
27	11	4.872524
27	11	4.891847
27	11	4.903425
27	11	4.910964
27	11	4.918909
27	11	4.927865
27	11	4.939417
27	11	4.950147
27	10	4.960928
27	10	4.972566
27	10	4.983818
27	10	4.994327
27	10	5.006032
27	10	5.01778
27	10	5.028477
27	10	5.043375
27	10	5.054026
27	10	5.062022
27	10	5.07286
27	9	5.084221
27	9	5.094652
27	9	5.106636
27	9	5.117851
27	9	5.128847
27	9	5.139944
27	9	5.151038
27	9	5.162153
27	9	5.17346
27	9	5.185242
27	8	5.201192
27	8	5.211003
27	8	5.218809
27	8	5.229531
27	8	5.240853
27	8	5.251603
27	8	5.262922
27	8	5.27403
27	8	5.285286
27	8	5.296269
27	8	5.30742
26	8	5.318935
26	8	5.330116
26	8	5.341569
26	8	5.357063
26	8	5.366945
26	8	5.375113
26	8	5.386466
26	8	5.398005
26	8	5.409268
26	8	5.420623
26	8	5.431758
25	8	5.44294
25	8	5.454072
25	8	5.465717
25	8	5.476542
25	8	5.488016
25	8	5.499575
25	8	5.514784
25	8	5.525126
25	8	5.533049
25	8	5.543269
25	8	5.554573
25	8	5.566239
25	8	5.577509
25	8	5.588619
25	8	5.600023
25	8	5.611026
25	7	5.621766
25	7	5.633362
25	7	5.644127
25	7	5.656021
25	7	5.672879
25	7	5.683281
25	7	5.692606
25	7	5.702904
25	7	5.711973
25	7	5.722692
25	7	5.733984
25	6	5.744946
25	6	5.756221
25	6	5.767039
25	6	5.777711
25	6	5.789178
25	6	5.800367
25	6	5.811174
25	6	5.829417
25	6	5.841788
25	6	5.850542
25	6	5.858214
25	5	5.866235
25	5	5.876772
25	5	5.887973
25	5	5.899893
25	5	5.915546
25	5	5.922894
25	5	5.933251
25	5	5.944154
25	5	5.955413
25	5	5.966705
25	5	5.982259
25	5	5.992341
25	5	6.000957
25	5	6.011029
25	5	6.022213
25	5	6.033469
25	5	6.044756
25	5	6.055612
25	5	6.06708
25	5	6.078041
26	5	6.088941
26	5	6.100961
26	5	6.111514
26	5	6.123071
26	5	6.139978
26	5	6.150843
26	5	6.158833
26	5	6.168135
26	5	6.178481
26	5	6.189863
26	5	6.201051
27	5	6.211915
27	5	6.223294
27	5	6.234397
27	5	6.245631
27	5	6.257518
27	5	6.271175
27	5	6.280074
27	5	6.29602
27	5	6.307332
27	5	6.31462
27	5	6.324619
27	4	6.336137
27	4	6.346655
27	4	6.358398
27	4	6.369107
27	4	6.380399
27	4	6.391546
27	4	6.40273
27	4	6.413793
27	4	6.425301
27	4	6.436504
27	3	6.451837
27	3	6.463301
27	3	6.47114
27	3	6.481164
27	3	6.492242
27	3	6.503664
27	3	6.515166
27	3	6.526576
27	3	6.537766
27	3	6.54947
27	3	6.560656
27	3	6.571692
27	2	6.583541
27	2	6.594635
27	2	6.615209
27	2	6.638933
27	2	6.648313
27	2	6.657359
27	2	6.66793
27	2	6.677411
27	2	6.687111
27	2	6.695446
26	2	6.702948
26	2	6.713738
26	2	6.725801
26	2	6.736958
26	2	6.748371
26	2	6.764221
26	2	6.775435
26	2	6.783496
26	2	6.792761
26	2	6.803772
26	2	6.815397
25	2	6.826175
25	2	6.837338
25	2	6.84853
25	2	6.859869
25	2	6.870572
25	2	6.881928
25	2	6.893153
25	2	6.904694
25	2	6.920807
25	2	6.931905
25	2	6.939906
24	2	6.949068
24	2	6.960316
24	2	6.971813
24	2	6.983022
24	2	6.994303
24	2	7.005406
24	2	7.016604
24	2	7.027479
24	2	7.038875
24	2	7.050204
24	2	7.061539
23	2	7.07845
23	2	7.089667
23	2	7.100008
23	2	7.10769
23	2	7.119903
23	2	7.128291
23	2	7.139182
23	2	7.150453
23	2	7.161503
23	2	7.172861
23	2	7.184219
22	2	7.195036
22	2	7.206208
22	2	7.218902
22	2	7.23623
22	2	7.246497
22	2	7.254642
22	2	7.262424
22	2	7.273531
22	2	7.284995
22	2	7.295758
22	3	7.306794
22	3	7.318187
22	3	7.329134
22	3	7.340356
22	3	7.351939
22	3	7.362932
22	3	7.374376
22	3	7.390675
22	3	7.40082
22	3	7.408735
22	3	7.418987
22	4	7.429285
22	4	7.440543
22	4	7.451984
22	4	7.463218
22	4	7.474268
22	4	7.485992
22	4	7.496675
22	4	7.507959
22	4	7.520986
22	4	7.531636
22	5	7.553127
22	5	7.565725
22	5	7.574559
22	5	7.58222
22	5	7.590254
22	5	7.598652
22	5	7.608985
22	5	7.621192
22	5	7.631185
22	5	7.6421
22	5	7.65308
22	5	7.664584
23	5	7.675832
23	5	7.687915
23	5	7.705666
23	5	7.718056
23	5	7.727897
23	5	7.73594
23	5	7.743168
23	5	7.753911
23	5	7.76451
23	5	7.775472
23	5	7.787228
24	5	7.798166
24	5	7.809372
24	5	7.820944
24	5	7.8318
24	5	7.843088
24	5	7.86102
24	5	7.871619
24	5	7.879061
24	5	7.888293
24	5	7.898843
24	5	7.90971
25	5	7.920873
25	5	7.931937
25	5	7.943189
25	5	7.954593
25	5	7.965286
25	5	7.976632
25	5	7.987957
25	5	7.999439
25	5	8.011933
25	5	8.021637
25	5	8.032284
24	5	8.043706
24	5	8.055218
24	5	8.066414
24	5	8.076765
24	5	8.088461
24	5	8.099615
24	5	8.110836
24	5	8.122385
24	5	8.133792
24	5	8.144891
24	5	8.156544
23	5	8.169593
23	5	8.17892
23	5	8.189777
23	5	8.201075
23	5	8.212339
23	5	8.223379
23	5	8.234923
23	5	8.246187
23	5	8.257589
23	5	8.269093
23	5	8.280522
22	5	8.291739
22	5	8.303091
22	5	8.315029
22	5	8.328578
22	5	8.340968
22	5	8.350509
22	5	8.359611
22	5	8.370733
22	5	8.381978
22	5	8.392955
22	5	8.403918
22	5	8.416053
22	5	8.427032
22	6	8.438623
22	6	8.449178
22	6	8.460695
22	6	8.472159
22	6	8.490619
22	6	8.501886
22	6	8.509021
22	6	8.51672
22	6	8.524766
22	6	8.535499
22	6	8.546476
22	7	8.557572
22	7	8.568859
22	7	8.580404
22	7	8.591572
22	7	8.602826
22	7	8.614397
22	7	8.62535
22	7	8.641317
22	7	8.65244
22	7	8.659925
22	7	8.66947
22	8	8.680449
22	8	8.692052
22	8	8.702924
22	8	8.714073
22	8	8.72538
22	8	8.737038
22	8	8.747766
22	8	8.759242
22	8	8.770515
22	8	8.781518
22	8	8.797879
22	8	8.811359
22	8	8.819712
22	8	8.827429
22	8	8.83699
22	8	8.848199
22	8	8.859391
22	8	8.870644
22	8	8.88175
22	8	8.892917
22	8	8.904402
22	8	8.914896
22	9	8.926016
22	9	8.937438
22	9	8.953481
22	9	8.964473
22	9	8.972438
22	9	8.982281
22	9	8.993705
22	9	9.004831
22	9	9.015668
22	9	9.026999
22	9	9.03817
22	10	9.049506
22	10	9.060589
22	10	9.07201
22	10	9.08308
22	10	9.094635
22	10	9.109662
22	10	9.120725
22	10	9.128016
22	10	9.138505
22	10	9.149672
22	10	9.160796
22	11	9.172276
22	11	9.18373
22	11	9.195215
22	11	9.20679
22	11	9.218799
22	11	9.23002
22	11	9.241193
22	11	9.25305
22	11	9.269782
22	11	9.279519
22	12	9.287613
22	12	9.296148
22	12	9.30741
22	12	9.318889
22	12	9.33007
22	12	9.341275
22	12	9.351949
22	12	9.363423
22	12	9.374588
22	12	9.38632
22	12	9.396565
22	13	9.408359
22	13	9.424582
22	13	9.435942
22	13	9.449659
22	13	9.458283
22	13	9.466176
22	13	9.473804
22	13	9.485491
22	13	9.495893
22	13	9.507277
22	13	9.518434
22	14	9.529589
22	14	9.540662
22	14	9.552612
22	14	9.563
22	14	9.57918
22	14	9.589695
22	14	9.596786
22	14	9.608171
22	14	9.619735
22	14	9.630283
22	14	9.641319
22	15	9.653247
22	15	9.664015
22	15	9.674756
22	15	9.686894
22	15	9.697913
22	15	9.708503
22	15	9.719872
22	15	9.736053
22	15	9.747416
22	15	9.757329
22	15	9.7665
22	17	9.775482
22	17	9.787023
22	17	9.798178
22	17	9.809207
22	17	9.820677
22	17	9.831182
22	17	9.842621
22	17	9.8545
22	17	9.864861
22	17	9.876889
22	17	9.892377
23	17	9.902633
23	17	9.910699
23	17	9.921655
23	17	9.932772
23	17	9.944232
23	17	9.955419
23	17	9.96656
23	17	9.978075
23	17	9.9892
23	17	10.00032
23	17	10.01169
24	17	10.02309
24	17	10.03487
24	17	10.05185
24	17	10.06317
24	17	10.07071
24	17	10.07767
24	17	10.08883
24	17	10.09999
24	17	10.11091
24	17	10.12219
24	17	10.13313
25	17	10.14448
25	17	10.15544
25	17	10.16652
25	17	10.17765
25	17	10.18909
25	17	10.20545
25	17	10.21782
25	17	10.22832
25	17	10.2365
25	17	10.24466
25	17	10.25601
26	17	10.26675
26	17	10.27831
26	17	10.28974
26	17	10.30061
26	17	10.31223
26	17	10.3239
26	17	10.33491
26	17	10.3469
26	17	10.36708
26	17	10.37764
27	17	10.38496
27	17	10.39257
27	17	10.40048
27	17	10.41145
27	17	10.42314
27	17	10.43424
27	17	10.44561
27	17	10.45685
27	17	10.46797
27	17	10.47903
27	17	10.49045
27	17	10.50193
27	16	10.51701
27	16	10.5273
27	16	10.5354
27	16	10.54627
27	16	10.55743
27	16	10.56835
27	16	10.57965
27	16	10.5907
27	16	10.60183
27	16	10.61317
27	16	10.62442
27	15	10.63658
27	15	10.64694
27	15	10.6583
27	15	10.67406
27	15	10.68437
27	15	10.69273
27	15	10.70299
27	15	10.71386
27	15	10.72504
27	15	10.73613
27	15	10.74902
27	14	10.75848
27	14	10.7692
27	14	10.78049
27	14	10.792
27	14	10.80286
27	14	10.81425
27	14	10.83033
27	14	10.84065
27	14	10.84878
27	14	10.85983
27	14	10.87158
26	14	10.88279
26	14	10.89413
26	14	10.90543
26	14	10.91683
26	14	10.92807
26	14	10.93911
26	14	10.9505
26	14	10.96168
26	14	10.97321
26	14	10.98869
25	14	11.00026
25	14	11.00743
25	14	11.01644
25	14	11.02746
25	14	11.03875
25	14	11.0497
25	14	11.06127
25	14	11.0722
25	14	11.08337
25	14	11.09439
25	14	11.10583
25	14	11.11727
25	13	11.12887
25	13	11.15027
25	13	11.16328
25	13	11.17443
25	13	11.18192
25	13	11.18939
25	13	11.19671
25	13	11.20523
25	13	11.21607
25	13	11.22723
25	13	11.23822
25	12	11.25026
25	12	11.26107
25	12	11.27317
25	12	11.28473
25	12	11.30435
25	12	11.31664
25	12	11.32484
25	12	11.3324
25	12	11.33965
25	12	11.35024
25	12	11.36148
25	11	11.37281
25	11	11.38343
25	11	11.39467
25	11	11.40585
25	11	11.41658
25	11	11.42802
25	11	11.43966
25	11	11.45294
25	11	11.46201
25	11	11.47274
25	11	11.48399
25	11	11.49508
25	11	11.50637
25	11	11.5177
25	11	11.52888
25	11	11.54022
25	11	11.55118
25	12	11.56224
25	12	11.57357
25	12	11.5847
25	12	11.59607
25	12	11.60884
25	12	11.61877
25	12	11.62943
25	12	11.64123
25	12	11.65212
25	12	11.66273
25	12	11.67408
25	13	11.68505
25	13	11.6968
25	13	11.70764
25	13	11.72353
25	13	11.73065
25	13	11.74104
25	13	11.75216
25	13	11.76491
25	13	11.77586
25	13	11.78806
25	13	11.79782
25	14	11.80936
25	14	11.82093
25	14	11.8325
25	14	11.84366
25	14	11.85502
25	14	11.86601
25	14	11.87711
25	14	11.88833
25	14	11.89919
25	14	11.91077
25	14	11.9238
25	14	11.93285
25	14	11.94424
25	14	11.95708
25	14	11.96655
26	14	11.97834
26	14	11.98986
26	14	12.00069
26	14	12.01161
26	14	12.02314
26	14	12.03363
26	14	12.04456
26	14	12.05633
26	14	12.06735
26	14	12.08021
26	14	12.08998
27	14	12.10133
27	14	12.11227
27	14	12.12378
27	14	12.13506
27	14	12.14665
27	14	12.15791
27	14	12.16941
27	14	12.18017
27	14	12.19164
27	14	12.2029
27	14	12.21423
27	14	12.2261
27	14	12.23888
27	14	12.24825
27	14	12.25922
27	14	12.27046
27	14	12.28138
27	14	12.29288
27	15	12.30408
27	15	12.31499
27	15	12.32643
27	15	12.33818
27	15	12.34888
27	15	12.35993
27	15	12.37109
27	15	12.38232
27	15	12.39528
27	15	12.40518
27	15	12.41603
27	16	12.42703
27	16	12.43869
27	16	12.44949
27	16	12.46082
27	16	12.47246
27	16	12.48364
27	16	12.49468
27	16	12.50589
27	16	12.517
27	16	12.52824
27	16	12.53971
27	17	12.55271
27	17	12.56208
27	17	12.57258
27	17	12.58385
27	17	12.59475
27	17	12.60596
27	17	12.61707
27	17	12.62829
27	17	12.63965
27	17	12.65136
27	18	12.6624
27	18	12.67335
27	18	12.68437
27	18	12.69586
27	18	12.71346
27	18	12.72405
27	18	12.73065
27	18	12.73756
27	18	12.74739
27	18	12.75877
27	18	12.7698
27	18	12.78105
27	19	12.7923
27	19	12.80364
27	19	12.81486
27	19	12.82563
27	19	12.83674
27	19	12.84835
27	19	12.8653
27	19	12.87573
27	19	12.88307
27	19	12.89236
27	19	12.90346
27	20	12.91457
27	20	12.92593
27	20	12.93773
27	20	12.94919
27	20	12.96008
27	20	12.97155
27	20	12.98182
27	20	12.99308
27	20	13.00463
27	20	13.02044
26	20	13.03121
26	20	13.03977
26	20	13.04919
26	20	13.06052
26	20	13.07211
26	20	13.08346
26	20	13.09444
26	20	13.10542
26	20	13.11641
26	20	13.12742
26	20	13.13885
26	20	13.14965
25	20	13.16103
25	20	13.18239
25	20	13.19297
25	20	13.20354
25	20	13.21057
25	20	13.21906
25	20	13.22716
25	20	13.23751
25	20	13.24878
25	20	13.2603
25	20	13.27118
25	20	13.28207
25	20	13.29344
25	20	13.30505
25	20	13.31646
25	20	13.33263
25	20	13.34438
25	20	13.35162
25	20	13.36086
25	21	13.37195
25	21	13.38276
25	21	13.39446
25	21	13.4056
25	21	13.4161
25	21	13.4275
25	21	13.43909
25	21	13.44985
25	21	13.46111
25	21	13.47253
25	22	13.48934
25	22	13.49953
25	22	13.50823
25	22	13.51743
25	22	13.5283
25	22	13.53975
25	22	13.55066
25	22	13.56175
25	22	13.57316
25	22	13.58424
25	22	13.59483
25	22	13.60635
25	23	13.61741
25	23	13.62872
25	23	13.64422
25	23	13.65498
25	23	13.66376
25	23	13.67474
25	23	13.68639
25	23	13.69758
25	23	13.70852
25	23	13.71987
25	23	13.731
25	23	13.74222
25	23	13.75371
25	23	13.76521
25	23	13.77622
25	23	13.78782
25	23	13.80885
25	23	13.82101
25	23	13.82827
25	23	13.83397
25	23	13.84131
25	23	13.85212
25	23	13.86303
25	23	13.87447
25	23	13.8857
25	23	13.89663
25	23	13.90806
25	23	13.91892
25	23	13.93055
25	23	13.94242
25	23	13.95512
25	23	13.96461
25	23	13.97549
25	23	13.98656
25	23	13.99802
25	23	14.00896
25	23	14.01996
25	23	14.03127
25	23	14.04249
25	23	14.05369
25	23	14.06486
25	23	14.07549
25	23	14.08689
25	23	14.09842
25	23	14.11145
25	23	14.1209
25	23	14.13153
25	23	14.14295
25	23	14.15413
25	23	14.16512
25	23	14.17619
25	23	14.18766
25	23	14.19848
25	23	14.2094
25	23	14.22057
25	23	14.2317
25	23	14.24274
25	23	14.25429
25	23	14.2671
25	23	14.27668
25	23	14.28806
25	23	14.29962
25	23	14.31089
25	23	14.32288
25	23	14.33456
25	23	14.34593
25	23	14.35753
26	23	14.36896
26	23	14.38052
26	23	14.39211
26	23	14.40374
26	23	14.41563
26	23	14.43221
26	23	14.44238
26	23	14.44998
26	23	14.45758
26	23	14.46835
26	23	14.47942
27	23	14.49099
27	23	14.50219
27	23	14.51347
27	23	14.52473
27	23	14.53572
27	23	14.54692
27	23	14.55818
27	23	14.56981
27	23	14.58548
27	23	14.5972
27	23	14.60449
27	23	14.61409
27	23	14.62488
27	23	14.63577
27	23	14.64713
27	23	14.65851
27	23	14.6695
27	23	14.68114
27	23	14.6923
27	23	14.70304
27	23	14.71451
27	23	14.72596
27	23	14.7434
27	23	14.75271
27	23	14.76062
27	23	14.76942
27	24	14.7803
27	24	14.79197
27	24	14.80297
27	24	14.81428
27	24	14.82461
27	24	14.83604
27	24	14.8473
27	24	14.85865
27	24	14.86969
27	24	14.88116
27	25	14.89649
27	25	14.90675
27	25	14.9154
27	25	14.92535
27	25	14.93673
27	25	14.94773
27	25	14.95906
27	25	14.97022
27	25	14.98133
27	25	14.99264
27	25	15.00389
27	25	15.01499
27	26	15.02611
27	26	15.03761
27	26	15.05293
27	26	15.06347
27	26	15.07103
27	26	15.08172
27	26	15.09317
27	26	15.10424
27	26	15.11579
27	26	15.12731
27	26	15.13857
27	27	15.15013
27	27	15.16148
27	27	15.17313
27	27	15.18408
27	27	15.19576
27	27	15.21175
27	27	15.22279
27	27	15.23063
27	27	15.23979
27	27	15.2508
27	27	15.26173
27	28	15.27331
27	28	15.28407
27	28	15.29553
27	28	15.30691
27	28	15.31806
27	28	15.32967
27	28	15.34063
27	28	15.35191
27	28	15.36798
27	28	15.37972
27	29	15.38691
27	29	15.39501
27	29	15.40671
27	29	15.41779
27	29	15.42843
27	29	15.44002
27	29	15.45097
27	29	15.46211
27	29	15.47354
27	29	15.48469
27	29	15.49617
27	30	15.50787
27	30	15.52763
27	30	15.54091
27	30	15.5529
27	30	15.56118
27	30	15.56771
27	30	15.57536
27	30	15.5842
27	30	15.59482
27	30	15.60868
27	30	15.61774
27	30	15.62859
26	30	15.64021
26	30	15.65081
26	30	15.66235
26	30	15.67843
26	30	15.68997
26	30	15.69865
26	30	15.70652
26	30	15.71765
26	30	15.72919
26	30	15.74045
25	30	15.7512
25	30	15.76242
25	30	15.77351
25	30	15.78469
25	30	15.79598
25	30	15.80728
25	30	15.82007
25	30	15.8412
25	30	15.85178
25	30	15.8584
25	30	15.86411
24	30	15.87435
24	30	15.88525
24	30	15.89652
24	30	15.90795
24	30	15.91888
24	30	15.93018
24	30	15.9413
24	30	15.95255
24	30	15.96342
24	30	15.97524
24	30	15.99153
23	30	16.00226
23	30	16.00902
23	30	16.01923
23	30	16.03075
23	30	16.04151
23	30	16.05266
23	30	16.0636
23	30	16.07534
23	30	16.08611
23	30	16.0973
23	30	16.10868
22	30	16.11963
22	30	16.13139
22	30	16.14766
22	30	16.15812
22	30	16.16534
22	30	16.17619
22	30	16.18708
22	30	16.19877
22	30	16.20934
22	30	16.22041
22	30	16.23209
21	30	16.24313
21	30	16.25368
21	30	16.2653
21	30	16.27634
21	30	16.28857
21	30	16.30449
21	30	16.31464
21	30	16.32246
21	30	16.33261
21	30	16.34401
21	30	16.35549
20	30	16.36691
20	30	16.37824
20	30	16.38963
20	30	16.4006
20	30	16.41208
20	30	16.42327
20	30	16.43464
20	30	16.44667
20	30	16.46768
20	30	16.4803
19	30	16.48831
19	30	16.49738
19	30	16.50461
19	30	16.51148
19	30	16.52214
19	30	16.53318
19	30	16.5442
19	30	16.5563
19	30	16.56677
19	30	16.57838
19	30	16.58963
19	30	16.6012
18	30	16.6198
18	30	16.63167
18	30	16.64303
18	30	16.65002
18	30	16.6565
18	30	16.66694
18	30	16.6779
18	30	16.69003
18	30	16.70101
18	30	16.71244
18	30	16.72325
17	30	16.73465
17	30	16.7458
17	30	16.75758
17	30	16.7764
17	30	16.78827
17	30	16.79736
17	30	16.80497
17	30	16.81667
17	30	16.82435
17	30	16.83473
17	30	16.846
16	30	16.85738
16	30	16.86858
16	30	16.87963
16	30	16.89065
16	30	16.90204
16	30	16.91382
16	30	16.93075
16	30	16.94155
16	30	16.94889
16	30	16.95759
16	30	16.96892
16	29	16.98003
16	29	16.99116
16	29	17.00256
16	29	17.0142
16	29	17.02503
16	29	17.03577
16	29	17.04694
16	29	17.05877
16	29	17.06987
16	29	17.08597
16	28	17.09699
16	28	17.10427
16	28	17.11368
16	28	17.12543
16	28	17.13605
16	28	17.1471
16	28	17.15827
16	28	17.16985
16	28	17.18333
16	28	17.19265
16	28	17.20293
16	28	17.21434
16	27	17.22629
16	27	17.24197
16	27	17.25312
16	27	17.26398
16	27	17.27183
16	27	17.28217
16	27	17.29417
16	27	17.30568
16	27	17.31718
16	27	17.32856
16	27	17.33977
16	26	17.35098
16	26	17.36233
16	26	17.37337
16	26	17.38476
16	26	17.40261
16	26	17.41552
16	26	17.42413
16	26	17.43227
16	26	17.44037
16	26	17.4495
16	26	17.46078
16	26	17.47153
16	26	17.48248
16	26	17.4938
17	26	17.50463
17	26	17.51594
17	26	17.52751
17	26	17.53866
17	26	17.55499
17	26	17.56562
17	26	17.57311
17	26	17.58313
17	26	17.59462
17	26	17.60533
17	26	17.61675
18	26	17.62759
18	26	17.63913
18	26	17.65023
18	26	17.66118
18	26	17.6723
18	26	17.68401
18	26	17.69592
18	26	17.71301
18	26	17.72442
18	26	17.73195
18	26	17.73934
19	26	17.75095
19	26	17.76162
19	26	17.77311
19	26	17.78433
19	26	17.79562
19	26	17.80705
19	26	17.81833
19	26	17.82904
19	26	17.84008
19	26	17.85244
20	26	17.872
20	26	17.88272
20	26	17.88984
20	26	17.89726
20	26	17.90723
20	26	17.91825
20	26	17.92928
20	26	17.94041
20	26	17.95133
20	26	17.96264
20	26	17.9741
21	26	17.9856
21	26	17.9967
21	26	18.00808
21	26	18.02944
21	26	18.04077
21	26	18.04856
21	26	18.05466
21	26	18.0641
21	26	18.07494
21	26	18.08617
21	26	18.09759
22	26	18.10805
22	26	18.11954
22	26	18.13087
22	26	18.14168
22	26	18.15276
22	26	18.16404
22	26	18.17974
22	26	18.18982
22	26	18.19754
22	26	18.20859
22	26	18.21933
23	26	18.23099
23	26	18.24237
23	26	18.25371
23	26	18.26538
23	26	18.27661
23	26	18.28761
23	26	18.29831
23	26	18.30965
23	26	18.32092
23	26	18.33781
23	26	18.34903
24	26	18.35753
24	26	18.36575
24	26	18.37729
24	26	18.38835
24	26	18.3992
24	26	18.41044
24	26	18.42118
24	26	18.43224
24	26	18.44334
24	26	18.45429
24	26	18.46511
25	26	18.47673
25	26	18.49286
25	26	18.50354
25	26	18.51371
25	26	18.52239
25	26	18.53383
25	26	18.5449
25	26	18.55582
25	26	18.56698
25	26	18.57835
25	26	18.58969
26	26	18.60061
26	26	18.61193
26	26	18.62304
26	26	18.63455
26	26	18.65152
26	26	18.66206
26	26	18.66855
26	26	18.67826
26	26	18.68938
26	26	18.70036
26	26	18.71182
25	26	18.72252
25	26	18.73405
25	26	18.74495
25	26	18.75596
25	26	18.76735
25	26	18.77857
25	26	18.79029
25	26	18.80496
25	26	18.81282
25	26	18.82352
25	26	18.83509
24	26	18.84588
24	26	18.85724
24	26	18.86817
24	26	18.87961
24	26	18.89061
24	26	18.90191
24	26	18.91315
24	26	18.9241
24	26	18.93518
24	26	18.94676
24	26	18.95916
23	26	18.96898
23	26	18.97936
23	26	18.99073
23	26	19.00199
23	26	19.01369
23	26	19.02462
23	26	19.03626
23	26	19.04768
23	26	19.05955
23	26	19.07105
23	26	19.0826
22	26	19.09409
22	26	19.10579
22	26	19.12074
22	26	19.12865
22	26	19.1382
22	26	19.14966
22	26	19.16102
22	26	19.17238
22	26	19.18355
22	26	19.19468
22	26	19.20538
22	27	19.21669
22	27	19.22791
22	27	19.23923
22	27	19.25069
22	27	19.26152
22	27	19.27769
22	27	19.28803
22	27	19.29579
22	27	19.30456
22	27	19.31611
22	27	19.32784
22	28	19.33879
22	28	19.34978
22	28	19.36154
22	28	19.37216
22	28	19.38346
22	28	19.39475
22	28	19.40605
22	28	19.41713
22	28	19.43364
22	28	19.4438
22	28	19.4511
22	29	19.46154
22	29	19.47245
22	29	19.48385
22	29	19.49518
22	29	19.50628
22	29	19.51746
22	29	19.5287
22	29	19.53979
22	29	19.55121
22	29	19.56242
22	28	19.57377
22	28	19.59038
22	28	19.60086
22	28	19.60801
22	28	19.61726
22	28	19.62877
22	28	19.63922
22	28	19.65065
22	28	19.662
22	28	19.67306
22	28	19.68408
22	28	19.69547
22	27	19.70634
22	27	19.71739
22	27	19.72898
22	27	19.74247
22	27	19.75108
22	27	19.76249
22	27	19.77341
22	27	19.78442
22	27	19.79602
22	27	19.80712
22	26	19.81836
22	26	19.82968
22	26	19.84073
22	26	19.85211
22	26	19.86322
22	26	19.87421
22	26	19.88691
22	26	19.90311
22	26	19.91065
22	26	19.91843
22	26	19.92982
22	25	19.94088
22	25	19.95169
22	25	19.96314
22	25	19.97464
22	25	19.98561
22	25	19.99661
22	25	20.00775
22	25	20.01937
22	25	20.03069
22	25	20.04255
22	25	20.06153
22	24	20.0735
22	24	20.08184
22	24	20.08908
22	24	20.09727
22	24	20.10711
22	24	20.11893
22	24	20.12986
22	24	20.14177
22	24	20.15293
22	24	20.16401
22	24	20.17497
22	23	20.18607
22	23	20.19725
22	23	20.21322
22	23	20.22289
22	23	20.23064
22	23	20.24153
22	23	20.25267
22	23	20.26369
22	23	20.2749
22	23	20.28628
22	23	20.29725
23	23	20.30879
23	23	20.32034
23	23	20.33128
23	23	20.34218
23	23	20.35367
23	23	20.36961
23	23	20.3806
23	23	20.38769
23	23	20.39772
23	23	20.40887
23	23	20.41968
24	23	20.43122
24	23	20.44238
24	23	20.45472
24	23	20.46507
24	23	20.47598
24	23	20.48739
24	23	20.49888
24	23	20.51082
24	23	20.52696
24	23	20.53769
24	23	20.54539
25	23	20.55604
25	23	20.56671
25	23	20.57837
25	23	20.5894
25	23	20.60056
25	23	20.6117
25	23	20.62274
25	23	20.63363
25	23	20.64524
25	23	20.65632
25	23	20.66739
25	22	20.68009
25	22	20.69008
25	22	20.70082
25	22	20.71229
25	22	20.72342
25	22	20.73518
25	22	20.74634
25	22	20.75805
25	22	20.76902
25	22	20.78023
25	22	20.79128
25	21	20.80271
25	21	20.81373
25	21	20.8255
25	21	20.84025
25	21	20.848
25	21	20.85812
25	21	20.8693
25	21	20.8805
25	21	20.89163
25	21	20.9031
25	21	20.91455
25	20	20.92565
25	20	20.93707
25	20	20.94823
25	20	20.9593
25	20	20.97021
25	20	20.98178
25	20	20.9939
25	20	21.00415
25	20	21.01538
25	20	21.0262
25	20	21.03737
25	20	21.04881
25	20	21.05986
25	20	21.07085
25	20	21.08214
25	20	21.09328
25	20	21.10432
25	20	21.11549
25	20	21.12661
25	20	21.13783
25	20	21.15094
25	20	21.16008
25	20	21.17118
25	21	21.18296
25	21	21.19352
25	21	21.20498
25	21	21.21618
25	21	21.22723
25	21	21.23871
25	21	21.25044
25	21	21.26136
25	21	21.27298
25	21	21.28416
25	22	21.2964
25	22	21.30928
25	22	21.31846
25	22	21.33008
25	22	21.34089
25	22	21.35179
25	22	21.36326
25	22	21.37425
25	22	21.38628
25	22	21.39635
25	22	21.40738
25	23	21.41875
25	23	21.43002
25	23	21.44111
25	23	21.45249
25	23	21.46555
25	23	21.47475
25	23	21.48579
25	23	21.49711
25	23	21.50809
25	23	21.51935
25	23	21.53058
24	23	21.542
24	23	21.55314
24	23	21.5641
24	23	21.57542
24	23	21.58666
24	23	21.59784
24	23	21.60919
24	23	21.62303
24	23	21.63164
24	23	21.64224
24	23	21.65336
23	23	21.66477
23	23	21.6766
23	23	21.68744
23	23	21.69811
23	23	21.70908
23	23	21.72023
23	23	21.73129
23	23	21.74233
23	23	21.75345
23	23	21.76592
23	23	21.78269
22	23	21.79167
22	23	21.80135
22	23	21.80905
22	23	21.8179
22	23	21.82888
22	23	21.84025
22	23	21.85089
22	23	21.86252
22	23	21.87384
22	23	21.88481
22	23	21.89591
22	22	21.90809
22	22	21.91998
22	22	21.93335
22	22	21.94122
22	22	21.95234
22	22	21.96333
22	22	21.97445
22	22	21.98564
22	22	21.9967
22	22	22.00741
22	22	22.01867
22	21	22.02964
22	21	22.04072
22	21	22.05164
22	21	22.0633
22	21	22.07484
22	21	22.0913
22	21	22.10217
22	21	22.10964
22	21	22.11842
22	21	22.12968
22	21	22.1405
22	20	22.15186
22	20	22.16308
22	20	22.17418
22	20	22.18553
22	20	22.19702
22	20	22.20789
22	20	22.21924
22	20	22.23082
22	20	22.24703
22	20	22.25751
22	20	22.26464
22	19	22.27502
22	19	22.28622
22	19	22.29796
22	19	22.30861
22	19	22.32004
22	19	22.3313
22	19	22.34205
22	19	22.35347
22	19	22.36478
22	19	22.37547
22	19	22.3873
22	18	22.40351
22	18	22.41382
22	18	22.42117
22	18	22.43179
22	18	22.44259
22	18	22.45393
22	18	22.46542
22	18	22.4767
22	18	22.48825
22	18	22.49932
22	18	22.51024
22	17	22.52151
22	17	22.53276
22	17	22.54398
22	17	22.56071
22	17	22.57182
22	17	22.57959
22	17	22.58844
22	17	22.60009
22	17	22.61126
22	18	22.6499
22	18	22.65861
22	18	22.66698
22	18	22.6744
22	18	22.68133
22	18	22.68859
22	18	22.69879
22	18	22.71375
22	18	22.72117
22	18	22.73179
22	18	22.74253
22	18	22.75369
22	19	22.76532
22	19	22.77662
22	19	22.78749
22	19	22.79907
22	19	22.80985
22	19	22.82107
22	19	22.8321
22	19	22.84349
22	19	22.85487
22	19	22.86769
22	19	22.87743
22	20	22.88839
22	20	22.89944
22	20	22.91092
22	20	22.92203
22	20	22.93299
22	20	22.94404
22	20	22.95506
22	20	22.9664
22	20	22.97756
22	20	22.98886
22	20	22.99994
21	20	23.01161
21	20	23.0251
21	20	23.03424
21	20	23.04467
21	20	23.05605
21	20	23.06723
21	20	23.07876
21	20	23.0896
21	20	23.10074
21	20	23.11189
21	20	23.12321
20	20	23.13457
20	20	23.14531
20	20	23.15695
20	20	23.16847
20	20	23.18443
20	20	23.19487
20	20	23.20271
20	20	23.21247
20	20	23.22413
20	20	23.23498
20	20	23.2462
19	20	23.25801
19	20	23.27009
19	20	23.28181
19	20	23.29279
19	20	23.30346
19	20	23.31492
19	20	23.32653
19	20	23.34342
19	20	23.35473
19	20	23.36186
19	20	23.36938
18	20	23.38042
18	20	23.39182
18	20	23.40316
18	20	23.41489
18	20	23.42584
18	20	23.43693
18	20	23.44842
18	20	23.45926
18	20	23.47043
18	20	23.48227
17	20	23.49923
17	20	23.5101
17	20	23.51832
17	20	23.52669
17	20	23.53765
17	20	23.54902
17	20	23.55968
17	20	23.57053
17	20	23.58221
17	20	23.59337
17	20	23.6048
17	20	23.61686
16	20	23.62673
16	20	23.63832
16	20	23.6579
16	20	23.66922
16	20	23.67634
16	20	23.6833
16	20	23.69343
16	20	23.70443
16	20	23.71562
16	20	23.72641
16	20	23.73776
16	21	23.74928
16	21	23.76039
16	21	23.77136
16	21	23.78302
16	21	23.79506
16	21	23.81247
16	21	23.82272
16	21	23.83033
16	21	23.83831
16	21	23.84919
16	21	23.86021
16	22	23.87102
16	22	23.88235
16	22	23.89332
16	22	23.90476
16	22	23.91614
16	22	23.92795
16	22	23.93975
16	22	23.95058
16	22	23.96726
16	22	23.9775
16	23	23.98455
16	23	23.99413
16	23	24.00569
16	23	24.01696
16	23	24.02807
16	23	24.0394
16	23	24.05036
16	23	24.06153
16	23	24.07262
16	23	24.08398
16	23	24.09503
16	23	24.1065
16	23	24.13075
16	23	24.14229
16	23	24.14995
16	23	24.15617
17	23	24.16339
17	23	24.17341
17	23	24.18471
17	23	24.19594
17	23	24.20692
17	23	24.21827
17	23	24.22925
17	23	24.24057
17	23	24.25166
17	23	24.26291
17	23	24.2781
18	23	24.28935
18	23	24.29667
18	23	24.30696
18	23	24.31817
18	23	24.32932
18	23	24.34062
18	23	24.35234
18	23	24.363
18	23	24.37489
18	23	24.3862
18	23	24.3974
19	23	24.40825
19	23	24.42052
19	23	24.43923
19	23	24.45017
19	23	24.45773
19	23	24.46504
19	23	24.47563
19	23	24.48695
19	23	24.49749
19	23	24.50834
19	23	24.51991
19	23	24.53144
19	23	24.5424
19	24	24.55326
19	24	24.56436
19	24	24.57563
19	24	24.59227
19	24	24.60244
19	24	24.60976
19	24	24.6198
19	24	24.63142
19	24	24.64202
19	24	24.65326
19	24	24.66468
19	25	24.67558
19	25	24.68756
19	25	24.69862
19	25	24.70913
19	25	24.72074
19	25	24.73226
19	25	24.74853
19	25	24.75847
19	25	24.76588
19	25	24.77627
19	25	24.78799
19	26	24.79937
19	26	24.80992
19	26	24.82097
19	26	24.83218
19	26	24.84325
19	26	24.85465
19	26	24.86608
19	26	24.8778
19	26	24.88964
19	26	24.90127
19	26	24.91196
18	26	24.92341
18	26	24.93418
18	26	24.94538
18	26	24.95688
18	26	24.96816
18	26	24.97947
18	26	24.99035
18	26	25.00162
18	26	25.01278
18	26	25.02404
18	26	25.03497
17	26	25.04658
17	26	25.05908
17	26	25.06894
17	26	25.08001
17	26	25.09083
17	26	25.10219
17	26	25.1132
17	26	25.12417
17	26	25.13607
17	26	25.14741
17	26	25.1587
16	26	25.16992
16	26	25.1813
16	26	25.19255
16	26	25.20427
16	26	25.21754
16	26	25.22662
16	26	25.23821
16	26	25.24959
16	26	25.26104
16	26	25.27268
16	26	25.28397
16	27	25.29501
16	27	25.3066
16	27	25.31751
16	27	25.3292
16	27	25.34451
16	27	25.35306
16	27	25.36183
16	27	25.37568
16	27	25.3844
16	27	25.39456
16	27	25.40598
16	28	25.41711
16	28	25.42822
16	28	25.43985
16	28	25.45064
16	28	25.46118
16	28	25.47273
16	28	25.48401
16	28	25.49485
16	28	25.50639
16	28	25.51756
15	28	25.53031
15	28	25.53966
15	28	25.55049
15	28	25.56157
15	28	25.57303
15	28	25.58419
15	28	25.59532
15	28	25.60641
15	28	25.61757
15	28	25.62859
15	28	25.63982
14	28	25.65114
14	28	25.66207
14	28	25.67366
14	28	25.6912
14	28	25.70257
14	28	25.70979
14	28	25.71764
14	28	25.72676
14	28	25.73779
14	28	25.74965
14	28	25.76048
14	28	25.77125
13	28	25.78285
13	28	25.79337
13	28	25.80472
13	28	25.81622
13	28	25.82719
13	28	25.84262
13	28	25.85311
13	28	25.86071
13	28	25.87195
13	28	25.88312
13	28	25.89416
13	28	25.90554
13	28	25.91677
13	28	25.92759
13	28	25.93898
13	28	25.95144
13	28	25.9623
13	28	25.9728
13	28	25.98433
13	29	25.99767
13	29	26.00654
13	29	26.01763
13	29	26.02867
13	29	26.0398
13	29	26.05084
13	29	26.06202
13	29	26.07365
13	29	26.08515
13	29	26.09616
13	30	26.10738
13	30	26.11878
13	30	26.13024
13	30	26.1419
13	30	26.1577
13	30	26.17018
13	30	26.17871
13	30	26.18882
13	30	26.19753
13	30	26.20745
13	30	26.21869
13	30	26.22978
13	30	26.24079
13	30	26.25188
13	30	26.26298
13	30	26.27428
13	30	26.28574
12	30	26.29715
12	30	26.31142
12	30	26.32001
12	30	26.33052
12	30	26.34149
12	30	26.35251
12	30	26.3639
12	30	26.37513
12	30	26.38611
12	30	26.39732
12	30	26.40862
11	30	26.41951
11	30	26.43084
11	30	26.44184
11	30	26.45311
11	30	26.46999
11	30	26.48014
11	30	26.48823
11	30	26.4965
11	30	26.50736
11	30	26.51878
11	30	26.53003
10	30	26.54239
10	30	26.55251
10	30	26.56347
10	30	26.57505
10	30	26.58618
10	30	26.59727
10	30	26.60853
10	30	26.62422
10	30	26.63399
10	30	26.64222
10	30	26.65298
9	30	26.66434
9	30	26.67543
9	30	26.6868
9	30	26.69764
9	30	26.70859
9	30	26.71997
9	30	26.73098
9	30	26.74186
9	30	26.75319
9	30	26.76521
9	30	26.78081
8	30	26.79183
8	30	26.79935
8	30	26.81
8	30	26.82096
8	30	26.83241
8	30	26.84327
8	30	26.85458
8	30	26.86591
8	30	26.87687
8	30	26.88814
8	30	26.89945
7	30	26.91023
7	30	26.92217
7	30	26.93868
7	30	26.94966
7	30	26.95871
7	30	26.96717
7	30	26.97889
7	30	26.99011
7	30	27.00097
7	30	27.01204
7	30	27.02324
7	29	27.03397
7	29	27.0448
7	29	27.05645
7	29	27.06734
7	29	27.07884
7	29	27.09523
7	29	27.10528
7	29	27.1126
7	29	27.12324
7	29	27.13499
7	29	27.14621
7	28	27.15739
7	28	27.16876
7	28	27.17947
7	28	27.19035
7	28	27.20208
7	28	27.21292
7	28	27.22429
7	28	27.2358
7	28	27.25523
7	28	27.26709
7	27	27.27548
7	27	27.28301
7	27	27.28996
7	27	27.30101
7	27	27.31207
7	27	27.32302
7	27	27.33444
7	27	27.34532
7	27	27.35663
7	27	27.36764
7	27	27.37888
7	27	27.39042
7	26	27.40578
7	26	27.41587
7	26	27.42391
7	26	27.43452
7	26	27.44575
7	26	27.4565
7	26	27.46804
7	26	27.47938
7	26	27.4908
7	26	27.50183
7	26	27.51297
7	25	27.52439
7	25	27.53562
7	25	27.54689
7	25	27.56366
7	25	27.57499
7	25	27.58148
7	25	27.59104
7	25	27.60262
7	25	27.61384
7	25	27.62436
7	25	27.63589
7	24	27.64709
7	24	27.65792
7	24	27.66957
7	24	27.68056
7	24	27.69185
7	24	27.70393
7	24	27.72059
7	24	27.73155
7	24	27.73922
7	24	27.75139
7	24	27.75983
7	23	27.77073
7	23	27.78206
7	23	27.79338
7	23	27.80492
7	23	27.81574
7	23	27.82687
7	23	27.83826
7	23	27.84926
7	23	27.86055
7	23	27.8769
7	22	27.88757
7	22	27.89467
7	22	27.9051
7	22	27.91596
7	22	27.92709
7	22	27.93868
7	22	27.9513
7	22	27.96175
7	22	27.97383
7	22	27.98513
7	22	27.99527
7	22	28.00617
7	21	28.01806
7	21	28.03428
7	21	28.0446
7	21	28.05307
7	21	28.06253
7	21	28.07342
7	21	28.08486
7	21	28.1026
7	21	28.10945
7	21	28.11797
7	21	28.12876
7	20	28.13961
7	20	28.15051
7	20	28.16183
7	20	28.17355
7	20	28.19018
7	20	28.20068
7	20	28.20819
7	20	28.21832
7	20	28.22881
7	20	28.2401
7	19	28.2514
7	19	28.26243
7	19	28.27396
7	19	28.28527
7	19	28.29612
7	19	28.30743
7	19	28.31887
7	19	28.33023
7	19	28.34702
7	19	28.35803
7	19	28.36554
7	18	28.37494
7	18	28.38597
7	18	28.39657
7	18	28.40764
7	18	28.41896
7	18	28.42986
7	18	28.44108
7	18	28.4522
7	18	28.46353
7	18	28.47465
7	18	28.48617
7	19	28.50207
7	19	28.51355
7	19	28.5213
7	19	28.52886
7	19	28.54043
7	19	28.55151
7	19	28.56249
7	19	28.57378
7	19	28.58533
7	19	28.59618
7	19	28.6073
7	20	28.61873
7	20	28.62989
7	20	28.64166
7	20	28.65455
7	20	28.6638
7	20	28.67494
7	20	28.6862
7	20	28.69703
7	20	28.70823
7	20	28.72009
7	20	28.73062
7	21	28.74146
7	21	28.75244
7	21	28.76361
7	21	28.7748
7	21	28.78633
7	21	28.7976
7	21	28.81179
7	21	28.82029
7	21	28.83074
7	21	28.84196
7	21	28.8537
7	22	28.86419
7	22	28.8755
7	22	28.88647
7	22	28.89757
7	22	28.90876
7	22	28.92024
7	22	28.9316
7	22	28.94318
7	22	28.95543
7	22	28.97766
7	23	28.9864
7	23	28.99367
7	23	29.00155
7	23	29.0098
7	23	29.02123
7	23	29.03221
7	23	29.04315
7	23	29.05475
7	23	29.06569
7	23	29.07717
7	23	29.0882
7	23	29.09919
7	24	29.10997
7	24	29.12359
7	24	29.13258
7	24	29.1435
7	24	29.15472
7	24	29.16571
7	24	29.17699
7	24	29.18842
7	24	29.19976
7	24	29.21069
7	24	29.22189
7	25	29.23323
7	25	29.24464
7	25	29.25581
7	25	29.26731
7	25	29.27993
7	25	29.28944
7	25	29.30064
7	25	29.31171
7	25	29.32255
7	25	29.33383
7	25	29.34477
7	26	29.35623
7	26	29.36734
7	26	29.37838
7	26	29.38978
7	26	29.40055
7	26	29.41166
7	26	29.42349
7	26	29.43693
7	26	29.44604
7	26	29.45729
7	26	29.46906
6	26	29.48016
6	26	29.49181
6	26	29.50346
6	26	29.51503
6	26	29.52636
6	26	29.53794
6	26	29.54945
6	26	29.56091
6	26	29.57264
6	26	29.58409
5	26	29.59978
5	26	29.61103
5	26	29.61842
5	26	29.62669
5	26	29.63788
5	26	29.64904
5	26	29.66014
5	26	29.67144
5	26	29.68272
5	26	29.69429
5	26	29.70567
5	26	29.71662
4	26	29.72782
4	26	29.73906
4	26	29.75937
4	26	29.77277
4	26	29.78009
4	26	29.78698
4	26	29.79454
4	26	29.80313
4	26	29.81393
4	26	29.82516
4	26	29.83671
3	26	29.84774
3	26	29.85896
3	26	29.87057
3	26	29.88146
3	26	29.89329
3	26	29.90961
3	26	29.92094
3	26	29.92894
3	26	29.93732
3	26	29.94819
3	26	29.95906
2	26	29.97088
2	26	29.98158
2	26	29.99284
2	26	30.00553
2	26	30.01688
2	26	30.02609
2	26	30.03747
2	26	30.04902
2	26	30.06576
2	26	30.07676
2	27	30.08502
2	27	30.09281
2	27	30.10413
2	27	30.11521
2	27	30.12662
2	27	30.13816
2	27	30.14924
2	27	30.16031
2	27	30.17152
2	27	30.18278
2	27	30.19619
2	27	30.20569
2	28	30.22119
2	28	30.23207
2	28	30.24231
2	28	30.25
2	28	30.26154
2	28	30.27305
2	28	30.28452
2	28	30.29553
2	28	30.30666
2	28	30.31787
2	29	30.32922
2	29	30.34008
2	29	30.35113
2	29	30.36271
2	29	30.37963
2	29	30.39026
2	29	30.39734
2	29	30.40697
2	29	30.41814
2	29	30.42947
2	29	30.4408
2	30	30.45216
2	30	30.46338
2	30	30.47482
2	30	30.48613
2	30	30.49707
2	30	30.50818
2	30	30.52003
2	30	30.5357
2	30	30.54604
2	30	30.55402
2	30	30.56421
2	30	30.57506
2	30	30.58637
2	30	30.59721
2	30	30.60857
2	30	30.6197
2	30	30.6308
2	30	30.64224
2	30	30.65475
2	30	30.66455
2	30	30.6757
2	30	30.69332
2	30	30.70059
3	30	30.70772
3	30	30.7193
3	30	30.73061
3	30	30.74165
3	30	30.75308
3	30	30.76446
3	30	30.7754
3	30	30.78707
3	30	30.7988
3	30	30.80936
3	30	30.82032
4	30	30.83142
4	30	30.8471
4	30	30.85837
4	30	30.87025
4	30	30.8778
4	30	30.88724
4	30	30.89805
4	30	30.90906
4	30	30.92063
4	30	30.93135
4	30	30.94245
5	30	30.95407
5	30	30.96483
5	30	30.97602
5	30	30.98784
5	30	31.00398
5	30	31.01385
5	30	31.02102
5	30	31.032
5	30	31.0428
5	30	31.05456
5	30	31.06564
6	30	31.07728
6	30	31.08882
6	30	31.10002
6	30	31.11141
6	30	31.12274
6	30	31.13382
6	30	31.14565
6	30	31.16396
6	30	31.17507
6	30	31.18146
6	30	31.18814
7	30	31.19936
7	30	31.21034
7	30	31.2218
7	30	31.23232
7	30	31.24373
7	30	31.2552
7	30	31.26599
7	30	31.27733
7	30	31.28878
7	30	31.29986
7	30	31.31308
8	30	31.32194
8	30	31.33256
8	30	31.34379
8	30	31.35516
8	30	31.3661
8	30	31.37754
8	30	31.38914
8	30	31.40002
8	30	31.41103
8	30	31.42226
8	30	31.43357
9	30	31.44409
9	30	31.45637
9	30	31.4693
9	30	31.47841
9	30	31.48976
9	30	31.50081
9	30	31.51162
9	30	31.52334
9	30	31.53438
9	30	31.54623
9	30	31.55761
10	30	31.56927
10	30	31.58056
10	30	31.59176
10	30	31.60309
10	30	31.61496
10	30	31.62959
10	30	31.63821
10	30	31.64824
10	30	31.65957
10	30	31.6714
10	30	31.68237
11	30	31.69375
11	30	31.70479
11	30	31.71567
11	30	31.72697
11	30	31.73879
11	30	31.74947
11	30	31.76081
11	30	31.77237
11	30	31.78501
11	30	31.79438
11	30	31.80589
12	30	31.81681
12	30	31.82766
12	30	31.83948
12	30	31.8498
12	30	31.86151
12	30	31.8726
12	30	31.88411
12	30	31.89452
12	30	31.90593
12	30	31.91663
12	30	31.92797
13	30	31.94119
13	30	31.95025
13	30	31.96119
13	30	31.97255
13	30	31.98362
13	30	31.99521
13	30	32.00661
13	30	32.0181
13	30	32.02996
13	30	32.04197
13	30	32.05188
13	29	32.06336
13	29	32.07482
13	29	32.08632
13	29	32.09863
13	29	32.10858
13	29	32.11954
13	29	32.13074
13	29	32.14186
13	29	32.15319
13	29	32.1642
13	29	32.17551
13	28	32.18657
13	28	32.19777
13	28	32.20889
13	28	32.2201
13	28	32.23137
13	28	32.24274
13	28	32.25623
13	28	32.26512
13	28	32.27586
13	28	32.28731
13	28	32.29814
13	27	32.30953
13	27	32.32096
13	27	32.33196
13	27	32.34315
13	27	32.35473
13	27	32.36569
13	27	32.37692
13	27	32.38806
13	27	32.39935
13	27	32.4166
13	27	32.42664
13	26	32.43405
13	26	32.44188
13	26	32.4519
13	26	32.46257
13	26	32.47403
13	26	32.48518
13	26	32.49618
13	26	32.5074
13	26	32.51851
13	26	32.52932
13	26	32.54045
12	26	32.55238
12	26	32.57145
12	26	32.5827
12	26	32.59389
12	26	32.60107
12	26	32.60902
12	26	32.62052
12	26	32.62844
12	26	32.63993
12	26	32.65127
12	26	32.66223
11	26	32.67381
11	26	32.68451
11	26	32.69585
11	26	32.70776
11	26	32.72314
11	26	32.73347
11	26	32.74095
11	26	32.75155
11	26	32.76291
11	26	32.77402
11	26	32.78556
10	26	32.79659
10	26	32.80742
10	26	32.81863
10	26	32.82953
10	26	32.84086
10	26	32.85201
10	26	32.86359
10	26	32.87953
10	26	32.88994
10	26	32.89929
10	26	32.9082
9	26	32.91886
9	26	32.92973
9	26	32.94098
9	26	32.95235
9	26	32.96357
9	26	32.97462
9	26	32.98615
9	26	32.99725
9	26	33.00858
9	26	33.01992
9	26	33.03539
8	26	33.0453
8	26	33.05445
8	26	33.06606
8	26	33.0776
8	26	33.08928
8	26	33.09999
8	26	33.11086
8	26	33.12251
8	26	33.13316
8	26	33.14414
8	26	33.15556
7	26	33.16669
7	26	33.17787
7	26	33.19374
7	26	33.20378
7	26	33.21119
7	26	33.22242
7	26	33.23363
7	26	33.24488
7	26	33.25673
7	26	33.26754
7	26	33.27906
6	26	33.29033
6	26	33.30139
6	26	33.31258
6	26	33.32357
6	26	33.33527
6	26	33.34729
6	26	33.35717
6	26	33.36871
6	26	33.38001
6	26	33.39125
6	26	33.40208
5	26	33.413
5	26	33.42416
5	26	33.43534
5	26	33.44633
5	26	33.45769
5	26	33.46848
5	26	33.48038
5	26	33.49163
5	26	33.50591
5	26	33.51407
5	26	33.52486
4	26	33.53562
4	26	33.56367
4	26	33.57143
4	26	33.57766
4	26	33.58383
4	26	33.59073
4	26	33.59995
4	26	33.6112
4	26	33.62271
4	26	33.63336
4	26	33.64507
3	26	33.65762
3	26	33.66685
3	26	33.67793
3	26	33.68952
3	26	33.70068
3	26	33.71155
3	26	33.72332
3	26	33.73427
3	26	33.74565
3	26	33.75691
3	26	33.76794
2	26	33.77905
2	26	33.79013
2	26	33.80169
2	26	33.81447
2	26	33.82433
2	26	33.83561
2	26	33.84585
2	26	33.85724
2	26	33.86802
2	26	33.87944
2	26	33.8909
2	25	33.90219
2	25	33.9133
2	25	33.92454
2	25	33.9353
2	25	33.94707
2	25	33.95847
2	25	33.97408
2	25	33.98501
2	25	33.99265
2	25	34.00235
2	25	34.01384
2	24	34.02497
2	24	34.03576
2	24	34.04744
2	24	34.05836
2	24	34.07095
2	24	34.08106
2	24	34.09202
2	24	34.10385
2	24	34.11567
2	24	34.13156
2	23	34.14187
2	23	34.15033
2	23	34.16142
2	23	34.17295
2	23	34.18393
2	23	34.1953
2	23	34.20658
2	23	34.21762
2	23	34.22885
2	23	34.24044
2	23	34.25153
2	23	34.26291
2	23	34.27457
2	23	34.29088
2	23	34.30103
2	23	34.30847
2	23	34.31598
2	23	34.32723
2	23	34.33825
2	23	34.34987
2	23	34.36099
2	23	34.37179
2	23	34.38316
2	23	34.39468
2	23	34.40581
2	23	34.41692
2	23	34.42848
2	23	34.44135
2	23	34.45055
2	23	34.46198
2	23	34.47346
2	23	34.48387
2	23	34.49461
2	23	34.50587
2	23	34.51723
2	23	34.52815
2	23	34.53977
2	23	34.55068
2	23	34.56195
2	23	34.57339
2	23	34.58463
2	23	34.59751
2	23	34.60737
2	23	34.61825
3	23	34.62908
3	23	34.64066
3	23	34.65156
3	23	34.66296
3	23	34.67482
3	23	34.68604
3	23	34.69696
3	23	34.70841
3	23	34.71992
3	23	34.73116
3	23	34.74285
4	23	34.75987
4	23	34.77008
4	23	34.77821
4	23	34.78691
4	23	34.79811
4	23	34.8095
4	23	34.82058
4	23	34.83178
4	23	34.84244
4	23	34.85309
4	23	34.86487
5	23	34.87604
5	23	34.88725
5	23	34.89833
5	23	34.91575
5	23	34.92636
5	23	34.93407
5	23	34.94202
5	23	34.95241
5	23	34.96403
5	23	34.97517
5	23	34.98617
6	23	34.99756
6	23	35.00913
6	23	35.02002
6	23	35.03159
6	23	35.04253
6	23	35.054
6	23	35.07499
6	23	35.08568
6	23	35.09387
6	23	35.10031
6	23	35.10916
7	23	35.11958
7	23	35.13052
7	23	35.1418
7	23	35.15291
7	23	35.16424
7	23	35.17523
7	23	35.1867
7	23	35.19838
7	23	35.20977
7	23	35.22784
7	23	35.2363
7	22	35.2439
7	22	35.25351
7	22	35.26455
7	22	35.27557
7	22	35.28731
7	22	35.29872
7	22	35.30965
7	22	35.32074
7	22	35.33204
7	22	35.34296
7	22	35.35437
7	21	35.36573
7	21	35.37934
7	21	35.38807
7	21	35.39908
7	21	35.41022
7	21	35.42131
7	21	35.43235
7	21	35.44326
7	21	35.45458
7	21	35.46557
7	21	35.47705
7	20	35.48774
7	20	35.49898
7	20	35.51017
7	20	35.52157
7	20	35.53354
7	20	35.54398
7	20	35.5546
7	20	35.56581
7	20	35.57719
7	20	35.58855
7	20	35.59989
8	20	35.61132
8	20	35.6228
8	20	35.63457
8	20	35.64599
8	20	35.65777
8	20	35.66908
8	20	35.68075
8	20	35.69834
8	20	35.70875
8	20	35.71566
8	20	35.72406
9	20	35.73513
9	20	35.74607
9	20	35.75765
9	20	35.76881
9	20	35.78021
9	20	35.79149
9	20	35.80284
9	20	35.81348
9	20	35.82494
9	20	35.83624
10	20	35.85254
10	20	35.86367
10	20	35.87103
10	20	35.88021
10	20	35.89146
10	20	35.9023
10	20	35.91355
10	20	35.9255
10	20	35.93641
10	20	35.94717
10	20	35.95846
10	20	35.96973
11	20	35.98103
11	20	35.99229
11	20	36.00954
11	20	36.02055
11	20	36.02791
11	20	36.03578
11	20	36.0475
11	20	36.05896
11	20	36.07015
11	20	36.0811
11	20	36.09346
12	20	36.10465
12	20	36.11437
12	20	36.12556
12	20	36.13648
12	20	36.14771
12	20	36.16604
12	20	36.1791
12	20	36.18627
12	20	36.19375
12	20	36.20275
12	20	36.21385
13	20	36.22564
13	20	36.23579
13	20	36.2473
13	20	36.25924
13	20	36.27264
13	20	36.28128
13	20	36.29258
13	20	36.3036
13	20	36.3201
13	20	36.332
13	20	36.33977
14	20	36.34813
14	20	36.35966
14	20	36.37086
14	20	36.38204
14	20	36.39302
14	20	36.40419
14	20	36.41552
14	20	36.42689
14	20	36.43732
14	20	36.44898
14	20	36.46095
15	20	36.47645
15	20	36.48732
15	20	36.49803
15	20	36.50516
15	20	36.5155
15	20	36.52725
15	20	36.53798
15	20	36.54919
15	20	36.56082
15	20	36.57193
15	20	36.58309
16	20	36.59467
16	20	36.60587
16	20	36.61739
16	20	36.63289
16	20	36.64344
16	20	36.6513
16	20	36.66184
16	20	36.67332
16	20	36.68467
16	20	36.69589
15	20	36.7077
15	20	36.71869
15	20	36.72976
15	20	36.74105
15	20	36.75196
15	20	36.76329
15	20	36.77541
15	20	36.78843
15	20	36.79721
15	20	36.80897
15	20	36.81964
14	20	36.83031
14	20	36.84147
14	20	36.85289
14	20	36.86427
14	20	36.87564
14	20	36.88674
14	20	36.8977
14	20	36.90917
14	20	36.92016
14	20	36.93196
14	20	36.94812
13	20	36.95604
13	20	36.96449
13	20	36.97618
13	20	36.98713
13	20	36.99832
13	20	37.00983
13	20	37.02087
13	20	37.0326
13	20	37.04353
13	20	37.05433
13	20	37.06569
13	21	37.0773
13	21	37.0882
13	21	37.10084
13	21	37.1101
13	21	37.12111
13	21	37.13206
13	21	37.1433
13	21	37.15425
13	21	37.16578
13	21	37.17686
13	21	37.18836
13	22	37.19896
13	22	37.21035
13	22	37.22144
13	22	37.23299
13	22	37.2442
13	22	37.26022
13	22	37.271
13	22	37.27829
13	22	37.28862
13	22	37.29967
13	22	37.3111
13	23	37.32217
13	23	37.33318
13	23	37.34441
13	23	37.35555
13	23	37.36668
13	23	37.37774
13	23	37.38911
13	23	37.40025
13	23	37.41587
13	23	37.42653
13	23	37.43462
12	23	37.44502
12	23	37.45619
12	23	37.46745
12	23	37.47865
12	23	37.49132
12	23	37.50076
12	23	37.51199
12	23	37.52317
12	23	37.53423
12	23	37.5452
12	23	37.55672
11	23	37.57321
11	23	37.58339
11	23	37.59134
11	23	37.60052
11	23	37.61179
11	23	37.62307
11	23	37.63429
11	23	37.6453
11	23	37.65686
11	23	37.66758
11	23	37.67929
10	23	37.69058
10	23	37.70138
10	23	37.71278
10	23	37.72871
10	23	37.7387
10	23	37.74638
10	23	37.75701
10	23	37.76842
10	23	37.77978
10	23	37.79066
10	23	37.80226
10	24	37.81327
10	24	37.8243
10	24	37.83582
10	24	37.84737
10	24	37.85867
10	24	37.87012
10	24	37.88964
10	24	37.90266
10	24	37.90973
10	24	37.91722
10	24	37.92378
10	25	37.93448
10	25	37.94608
10	25	37.95709
10	25	37.96799
10	25	37.97906
10	25	37.98994
10	25	38.0013
10	25	38.0125
10	25	38.02369
10	25	38.03996
10	25	38.05107
10	26	38.05854
10	26	38.06798
10	26	38.07946
10	26	38.09058
10	26	38.10176
10	26	38.11289
10	26	38.12507
10	26	38.13692
10	26	38.14651
10	26	38.15786
10	26	38.16918
9	26	38.18057
9	26	38.19267
9	26	38.20269
9	26	38.21395
9	26	38.2249
9	26	38.23615
9	26	38.24709
9	26	38.2586
9	26	38.27005
9	26	38.28093
9	26	38.29232
8	26	38.30345
8	26	38.31479
8	26	38.32578
8	26	38.33678
8	26	38.34995
8	26	38.35958
8	26	38.37056
8	26	38.38221
8	26	38.39411
8	26	38.40531
8	26	38.41725
7	26	38.42828
7	26	38.43997
7	26	38.45098
7	26	38.4623
7	26	38.47372
7	26	38.48503
7	26	38.49665
7	26	38.50948
7	26	38.5191
7	26	38.53025
6	26	38.54159
6	26	38.55304
6	26	38.56422
6	26	38.57524
6	26	38.58634
6	26	38.59746
6	26	38.60872
6	26	38.62042
6	26	38.63145
6	26	38.64268
6	26	38.65405
5	26	38.66679
5	26	38.67702
5	26	38.68797
5	26	38.70201
5	26	38.71018
5	26	38.72025
5	26	38.73164
5	26	38.74264
5	26	38.75409
5	26	38.76529
5	26	38.77655
4	26	38.78744
4	26	38.79852
4	26	38.80967
4	26	38.82206
4	26	38.83218
4	26	38.8431
4	26	38.85437
4	26	38.86519
4	26	38.87632
4	26	38.88759
4	26	38.8988
3	26	38.90985
3	26	38.92079
3	26	38.93198
3	26	38.94357
3	26	38.95489
3	26	38.96658
3	26	38.9811
3	26	39.02354
2	26	39.03165
2	26	39.03963
2	26	39.04601
2	26	39.05283
2	26	39.06081
2	26	39.07138
2	26	39.08247
2	26	39.09366
2	26	39.10479
2	26	39.11577
2	26	39.12791
2	26	39.14104
2	26	39.15022
2	25	39.16159
2	25	39.17276
2	25	39.18391
2	25	39.19527
2	25	39.20646
2	25	39.21771
2	25	39.22914
2	25	39.24026
2	25	39.25144
2	25	39.26281
2	24	39.27416
2	24	39.28571
2	24	39.29939
2	24	39.30791
2	24	39.31893
2	24	39.33026
2	24	39.3414
2	24	39.35225
2	24	39.36355
2	24	39.3749
2	24	39.38631
2	23	39.39779
2	23	39.40867
2	23	39.42002
2	23	39.43102
2	23	39.44247
2	23	39.45528
2	23	39.46515
2	23	39.47565
2	23	39.48713
2	23	39.49828
2	23	39.50914
2	23	39.52015
2	23	39.53143
2	23	39.54259
2	23	39.55366
2	23	39.56454
2	23	39.57656
2	23	39.58783
2	23	39.59958
2	23	39.61547
2	23	39.62309
2	23	39.6322
2	23	39.64323
2	23	39.65522
2	23	39.66703
2	23	39.67846
2	23	39.68987
2	23	39.70068
2	23	39.71208
2	23	39.72295
2	23	39.73402
2	23	39.74592
2	23	39.75726
2	23	39.76977
2	23	39.77951
2	23	39.79039
2	23	39.80168
2	23	39.81285
2	23	39.82352
2	23	39.83467
2	23	39.84591
2	23	39.85708
2	23	39.86804
2	23	39.87939
2	23	39.89054
2	23	39.90158
2	23	39.91327
2	23	39.92638
2	23	39.93572
2	23	39.94655
2	23	39.95792
2	23	39.9696
2	23	39.98083
2	23	39.99195
2	23	40.00333
2	23	40.01449
2	23	40.02577
2	23	40.03699
2	23	40.04819
2	23	40.05984
2	23	40.07154
2	23	40.08517
2	23	40.09419
2	23	40.10525
2	23	40.11662
2	23	40.12836
2	23	40.13928
2	23	40.15129
2	23	40.16293
2	23	40.17308
3	23	40.18395
3	23	40.19535
3	23	40.20642
3	23	40.21761
3	23	40.22909
3	23	40.2421
3	23	40.25128
3	23	40.26259
3	23	40.27364
3	23	40.28497
4	23	40.29618
4	23	40.30718
4	23	40.31857
4	23	40.32974
4	23	40.34095
4	23	40.35213
4	23	40.36336
4	23	40.37419
4	23	40.38565
4	23	40.39876
4	23	40.40767
5	23	40.41861
5	23	40.42962
5	23	40.44068
5	23	40.45209
5	23	40.46313
5	23	40.47444
5	23	40.48598
5	23	40.49684
5	23	40.5079
5	23	40.51952
5	23	40.53086
6	23	40.54285
6	23	40.55822
6	23	40.56655
6	23	40.57528
6	23	40.58458
6	23	40.59611
6	23	40.6069
6	23	40.61799
6	23	40.62934
6	23	40.64068
6	23	40.65202
7	23	40.66309
7	23	40.67381
7	23	40.68525
7	23	40.69663
7	23	40.70922
7	23	40.71863
7	23	40.72915
7	23	40.74028
7	23	40.75143
7	23	40.76262
7	23	40.77343
7	22	40.78473
7	22	40.79613
7	22	40.80796
7	22	40.81908
7	22	40.83031
7	22	40.84123
7	22	40.85287
7	22	40.86548
7	22	40.87507
7	22	40.88587
7	22	40.89735
7	21	40.9083
7	21	40.91984
7	21	40.93092
7	21	40.94232
7	21	40.95365
7	21	40.96516
7	21	40.97619
7	21	40.98778
7	21	40.99924
7	21	41.01044
7	21	41.02383
7	20	41.03271
7	20	41.04395
7	20	41.05509
7	20	41.06615
7	20	41.07756
7	20	41.08887
7	20	41.10028
7	20	41.11126
7	20	41.12246
7	20	41.13382
7	20	41.14523
7	19	41.15633
7	19	41.16785
7	19	41.18092
7	19	41.19005
7	19	41.20124
7	19	41.21251
7	19	41.22346
7	19	41.23453
7	19	41.24621
7	19	41.25684
7	19	41.26779
7	18	41.27946
7	18	41.29012
7	18	41.30135
7	18	41.31293
7	18	41.32388
7	18	41.33743
7	18	41.34637
7	18	41.3566
7	18	41.36797
7	18	41.37909
7	18	41.38999
7	17	41.4012
7	17	41.41285
7	17	41.42389
7	17	41.43498
7	17	41.4469
7	17	41.45832
7	17	41.46943
7	17	41.48108
7	17	41.50084
7	17	41.51206
6	17	41.51951
6	17	41.52765
6	17	41.53452
6	17	41.54288
6	17	41.55384
6	17	41.56524
6	17	41.57645
6	17	41.58695
6	17	41.59825
6	17	41.60921
6	17	41.62052
6	17	41.63242
5	17	41.64874
5	17	41.65857
5	17	41.66597
5	17	41.67623
5	17	41.68756
5	17	41.69851
5	17	41.71005
5	17	41.72109
5	17	41.73177
5	17	41.74338
5	17	41.75483
4	17	41.76567
4	17	41.77689
4	17	41.78813
4	17	41.80517
4	17	41.81535
4	17	41.82221
4	17	41.83288
4	17	41.84367
4	17	41.85487
4	17	41.86594
4	17	41.87681
3	17	41.88807
3	17	41.89935
3	17	41.91045
3	17	41.92195
3	17	41.93286
3	17	41.94455
3	17	41.96038
3	17	41.97072
3	17	41.9786
3	17	41.9901
3	17	42.00157
2	17	42.01305
2	17	42.02361
2	17	42.03503
2	17	42.06021
2	17	42.06847
2	17	42.07486
2	17	42.08225
2	17	42.08952
2	17	42.10068
2	17	42.11761
2	17	42.1278
2	18	42.13462
2	18	42.14508
2	18	42.15653
2	18	42.16814
2	18	42.18019
2	18	42.19165
2	18	42.20141
2	18	42.21287
2	18	42.22368
2	18	42.23487
2	19	42.3003
2	19	42.32114
2	19	42.33421
2	19	42.34216
2	19	42.34983
2	19	42.35786
2	19	42.36903
2	20	42.38014
2	20	42.40191
2	20	42.42443
2	20	42.44696
2	20	42.46943
2	20	42.49094
3	20	42.51438
3	20	42.53582
3	20	42.55826
3	20	42.58105
3	20	42.60284
3	20	42.62539
4	20	42.64754
4	20	42.67017
4	20	42.69311
4	20	42.7154
4	20	42.73798
4	20	42.77347
4	20	42.78257
4	20	42.80398
4	20	42.82658
4	20	42.84904
4	21	42.87112
4	21	42.89321
4	21	42.90381
4	21	42.91609
4	21	42.92691
4	21	42.93808
4	21	42.9536
4	21	42.9647
4	21	42.97179
4	21	42.98221
4	22	42.99371
4	22	43.00489
4	22	43.01592
4	22	43.02682
4	22	43.03853
4	22	43.04941
4	22	43.06071
4	22	43.07203
4	22	43.08324
4	22	43.09475
4	23	43.11038
4	23	43.12104
4	23	43.12808
4	23	43.13881
4	23	43.15009
4	23	43.16105
4	23	43.17208
4	23	43.18324
4	23	43.19469
4	23	43.20626
4	23	43.21725
4	23	43.2284
3	23	43.23953
3	23	43.25101
3	23	43.2644
3	23	43.27325
3	23	43.2845
3	23	43.29571
3	23	43.30677
3	23	43.31795
2	23	43.35203
2	23	43.36044
2	23	43.3679
2	23	43.37591
2	23	43.38468
2	23	43.39592
2	23	43.40749
2	23	43.42004
2	23	43.42922
2	23	43.44042
2	23	43.45169
2	23	43.46302
2	23	43.47465
2	23	43.48499
2	23	43.49576
2	23	43.50708
2	23	43.51837
2	23	43.52947
2	23	43.54055
2	23	43.55184
2	23	43.56341
2	23	43.57653
2	23	43.58585
2	23	43.59715
2	23	43.6077
2	23	43.61924
2	23	43.63097
2	23	43.6418
2	23	43.6529
2	23	43.66399
2	23	43.67516
2	23	43.68652
2	23	43.69769
2	23	43.70831
2	23	43.7202
2	23	43.73307
2	23	43.74195
2	23	43.75317
2	23	43.76477
2	23	43.77543
2	23	43.78651
2	23	43.79855
2	23	43.80933
2	23	43.82024
2	23	43.83137
2	23	43.84262
2	23	43.85392
2	23	43.86543
2	23	43.87648
2	23	43.88894
2	23	43.89894
2	23	43.90963
2	23	43.92199
2	23	43.93285
2	23	43.94478
2	23	43.9564
2	23	43.96846
2	23	43.97981
2	23	43.99172
2	23	44.00362
2	23	44.01593
2	23	44.02655
2	23	44.03892
2	23	44.04922
2	23	44.06012
2	23	44.07172
2	23	44.08296
2	23	44.0937
2	23	44.10487
2	23	44.11609
2	23	44.12737
2	23	44.13858
2	23	44.15005
2	23	44.16122
2	23	44.1726
2	23	44.18388
2	23	44.19726
2	23	44.20691
2	23	44.2183
2	23	44.2283
2	23	44.23926
2	23	44.25029
2	23	44.26168
2	23	44.27284
2	23	44.28393
2	23	44.29524
3	23	44.30682
3	23	44.31781
3	23	44.32874
3	23	44.34037
3	23	44.3558
3	23	44.36284
3	23	44.37113
3	23	44.38245
3	23	44.39294
3	23	44.40412
3	23	44.41589
4	23	44.42732
4	23	44.43794
4	23	44.44927
4	23	44.46018
4	23	44.47154
4	23	44.48262
4	23	44.49409
4	23	44.5065
4	23	44.51676
4	23	44.52735
4	23	44.53862
5	23	44.54983
5	23	44.56105
5	23	44.57204
5	23	44.58325
5	23	44.59425
5	23	44.60516
5	23	44.61641
5	23	44.62757
5	23	44.6386
5	23	44.65026
6	23	44.6627
6	23	44.67247
6	23	44.68424
6	23	44.69472
6	23	44.70562
6	23	44.7172
6	23	44.72811
6	23	44.73947
6	23	44.7506
6	23	44.76181
6	23	44.77349
7	23	44.78477
7	23	44.79635
7	23	44.80873
7	23	44.823
7	23	44.83066
7	23	44.84074
7	23	44.85203
7	23	44.86339
7	23	44.87442
7	23	44.88559
7	23	44.89687
7	22	44.908
7	22	44.91939
7	22	44.93051
7	22	44.94174
7	22	44.95274
7	22	44.96428
7	22	44.9767
7	22	44.9864
7	22	44.99748
7	22	45.00857
7	22	45.01993
7	21	45.03143
7	21	45.04201
7	21	45.05315
7	21	45.06419
7	21	45.07516
7	21	45.08677
7	21	45.09774
7	21	45.10891
7	21	45.12054
7	21	45.13389
7	21	45.14287
7	20	45.15526
7	20	45.16579
7	20	45.17678
7	20	45.18803
7	20	45.19896
7	20	45.21019
7	20	45.22139
7	20	45.23264
7	20	45.24378
7	20	45.25509
7	20	45.26672
7	19	45.27772
7	19	45.29031
7	19	45.30036
7	19	45.31107
7	19	45.32261
7	19	45.33389
7	19	45.34487
7	19	45.35604
7	19	45.36716
7	19	45.37836
7	19	45.38968
7	18	45.40099
7	18	45.41187
7	18	45.42291
7	18	45.43439
7	18	45.44749
7	18	45.45661
7	18	45.46753
7	18	45.47882
7	18	45.49017
7	18	45.50129
7	18	45.51232
7	17	45.52346
7	17	45.53464
7	17	45.54605
7	17	45.55711
7	17	45.56855
7	17	45.57937
7	17	45.59078
7	17	45.60362
7	17	45.61296
7	17	45.62399
7	17	45.63525
7	16	45.6465
7	16	45.65787
7	16	45.669
7	16	45.6805
7	16	45.69183
7	16	45.70249
7	16	45.71366
7	16	45.72469
7	16	45.73605
7	16	45.74709
7	15	45.76474
7	15	45.77549
7	15	45.7828
7	15	45.78948
7	15	45.7985
7	15	45.8092
7	15	45.82069
7	15	45.83143
7	15	45.84286
7	15	45.85439
7	15	45.86565
7	15	45.87643
7	14	45.88781
7	14	45.8991
7	14	45.91607
7	14	45.92652
7	14	45.93422
7	14	45.94339
7	14	45.95438
7	14	45.96558
7	14	45.97635
7	14	45.9878
7	14	45.99892
7	13	46.0102
7	13	46.02133
7	13	46.03314
7	13	46.0441
7	13	46.05571
7	13	46.07194
7	13	46.08177
7	13	46.08895
7	13	46.09995
7	13	46.11171
7	13	46.12276
7	12	46.13392
7	12	46.14516
7	12	46.15639
7	12	46.16745
7	12	46.17944
7	12	46.19051
7	12	46.20169
7	12	46.21361
7	12	46.23424
7	12	46.24696
7	11	46.25663
7	11	46.2652
7	11	46.27291
7	11	46.27999
7	11	46.28915
7	11	46.30072
7	11	46.31128
7	11	46.32257
7	11	46.33384
7	11	46.34478
7	11	46.35587
7	11	46.36769
7	10	46.38827
7	10	46.39819
7	10	46.40883
7	10	46.41582
7	10	46.42373
7	10	46.4349
7	10	46.44556
7	10	46.45655
7	10	46.46799
7	10	46.479
7	10	46.48991
7	9	46.50125
7	9	46.51227
7	9	46.52349
7	9	46.54013
7	9	46.55094
7	9	46.5578
7	9	46.56833
7	9	46.57937
7	9	46.59068
7	9	46.60215
7	9	46.61314
7	8	46.62441
7	8	46.63554
7	8	46.64723
7	8	46.65794
7	8	46.66904
7	8	46.6803
7	8	46.69798
7	8	46.70917
7	8	46.71648
7	8	46.72481
7	8	46.73576
7	7	46.74721
7	7	46.75814
7	7	46.76927
7	7	46.78017
7	7	46.79139
7	7	46.80233
7	7	46.8139
7	7	46.82515
7	7	46.83729
7	7	46.85227
7	6	46.86276
7	6	46.87086
7	6	46.88166
7	6	46.89298
7	6	46.90405
7	6	46.91529
7	6	46.92705
7	6	46.93855
7	6	46.94956
7	6	46.96063
7	6	46.97143
7	6	46.9825
7	5	46.99404
7	5	47.00961
7	5	47.02118
7	5	47.03197
7	5	47.03998
7	5	47.04999
7	5	47.0612
7	5	47.07246
7	5	47.08419
7	5	47.09529
7	5	47.10663
7	4	47.1183
7	4	47.12938
7	4	47.14055
7	4	47.15267
7	4	47.17242
7	4	47.18518
7	4	47.19235
7	4	47.19835
7	4	47.20576
7	4	47.21537
7	4	47.22671
7	3	47.23796
7	3	47.24903
7	3	47.2602
7	3	47.27147
7	3	47.2827
7	3	47.29427
7	3	47.30545
7	3	47.32102
7	3	47.33122
7	3	47.33915
7	3	47.3498
7	2	47.36117
7	2	47.37228
7	2	47.38367
7	2	47.39468
7	2	47.40563
7	2	47.41673
7	2	47.42791
7	2	47.43935
7	2	47.45048
7	2	47.46188
7	2	47.4783
7	2	47.48845
7	2	47.49553
7	2	47.50619
7	2	47.51786
7	2	47.52876
7	2	47.54009
7	2	47.55165
7	2	47.56274
7	2	47.57357
7	2	47.58538
6	2	47.596
6	2	47.60934
6	2	47.62001
6	2	47.63622
6	2	47.64639
6	2	47.65432
6	2	47.66346
6	2	47.67526
6	2	47.68663
6	2	47.69737
6	2	47.70878
5	2	47.72007
5	2	47.73101
5	2	47.74239
5	2	47.75305
5	2	47.76474
5	2	47.7763
5	2	47.7914
5	2	47.80245
5	2	47.81019
5	2	47.8201
5	2	47.83158
4	2	47.84248
4	2	47.85381
4	2	47.86524
4	2	47.87651
4	2	47.88778
4	2	47.89935
4	2	47.91033
4	2	47.92152
4	2	47.93317
4	2	47.94944
4	2	47.95938
3	2	47.96663
3	2	47.97716
3	2	47.98856
3	2	48.00042
3	2	48.0108
3	2	48.02256
3	2	48.03312
3	2	48.04417
3	2	48.05576
3	2	48.06683
3	2	48.07761
2	2	48.08923
2	2	48.10573
2	2	48.11596
2	2	48.12604
2	2	48.13408
2	2	48.14532
2	2	48.1563
2	2	48.16731
2	2	48.1787
2	2	48.19003
2	2	48.20074
2	3	48.21196
2	3	48.22324
2	3	48.2347
2	3	48.24609
2	3	48.26368
2	3	48.27637
2	3	48.28628
2	3	48.29511
2	3	48.30162
2	3	48.31033
2	3	48.3216
2	4	48.33294
2	4	48.34385
2	4	48.3555
2	4	48.36661
2	4	48.37783
2	4	48.38904
2	4	48.40083
2	4	48.41785
2	4	48.42896
2	4	48.43642
2	4	48.44489
2	5	48.45592
2	5	48.46713
2	5	48.47869
2	5	48.48962
2	5	48.50097
2	5	48.51182
2	5	48.52344
2	5	48.53433
2	5	48.54528
2	5	48.5569
2	5	48.57337
2	5	48.58334
2	5	48.59019
2	5	48.6011
2	5	48.61218
2	5	48.62329
2	5	48.63445
2	5	48.64592
2	5	48.65725
2	5	48.669
2	5	48.68036
2	5	48.69202
2	5	48.70322
2	5	48.71474
3	5	48.73008
3	5	48.73885
3	5	48.74791
3	5	48.75938
3	5	48.77042
3	5	48.78147
3	5	48.79308
3	5	48.80462
3	5	48.81561
3	5	48.82656
3	5	48.83781
4	5	48.84898
4	5	48.86
4	5	48.87184
4	5	48.88704
4	5	48.89893
4	5	48.90603
4	5	48.91556
4	5	48.9271
4	5	48.93817
4	5	48.94928
4	5	48.96063
5	5	48.97197
5	5	48.98293
5	5	48.99437
5	5	49.00553
5	5	49.01669
5	5	49.02827
5	5	49.04383
5	5	49.05429
5	5	49.06213
5	5	49.07284
5	5	49.0839
6	5	49.095
6	5	49.10646
6	5	49.11733
6	5	49.12854
6	5	49.13969
6	5	49.15089
6	5	49.16169
6	5	49.17288
6	5	49.18426
6	5	49.20029
7	5	49.21036
7	5	49.21798
7	5	49.22873
7	5	49.23947
7	5	49.25098
7	5	49.26221
7	5	49.27356
7	5	49.28452
7	5	49.29588
7	5	49.30751
7	5	49.31848
7	6	49.3298
7	6	49.34094
7	6	49.35347
7	6	49.36342
7	6	49.37422
7	6	49.38568
7	6	49.39669
7	6	49.40759
7	6	49.4188
7	6	49.42983
7	6	49.44107
7	7	49.45232
7	7	49.46331
7	7	49.47443
7	7	49.48603
7	7	49.49749
7	7	49.50989
7	7	49.51981
7	7	49.53057
7	7	49.54169
7	7	49.55336
7	7	49.56436
7	8	49.57578
7	8	49.58728
7	8	49.59868
7	8	49.60968
7	8	49.62112
7	8	49.63259
7	8	49.64392
7	8	49.65561
7	8	49.67076
7	8	49.68
7	8	49.69148
7	9	49.70028
7	9	49.71067
7	9	49.72177
7	9	49.73299
7	9	49.74412
7	9	49.75525
7	9	49.76651
7	9	49.77787
7	9	49.7892
7	9	49.80038
7	9	49.81185
7	10	49.82709
7	10	49.83462
7	10	49.84423
7	10	49.85573
7	10	49.86621
7	10	49.87749
7	10	49.88885
7	10	49.89954
7	10	49.91085
7	10	49.9221
7	10	49.93304
7	11	49.94418
7	11	49.95556
7	11	49.96677
7	11	49.97979
7	11	49.98925
7	11	50.00025
7	11	50.01201
7	11	50.02281
7	11	50.03397
7	11	50.04485
7	11	50.05617
6	11	50.06722
6	11	50.07875
6	11	50.09019
6	11	50.10099
6	11	50.11251
6	11	50.12393
6	11	50.1391
6	11	50.14941
6	11	50.15736
6	11	50.16811
6	11	50.17949
5	11	50.19074
5	11	50.20181
5	11	50.2135
5	11	50.22436
5	11	50.23508
5	11	50.24627
5	11	50.25738
5	11	50.26835
5	11	50.27971
5	11	50.29583
4	11	50.31062
4	11	50.31888
4	11	50.32634
4	11	50.33434
4	11	50.34322
4	11	50.35466
4	11	50.36548
4	11	50.37673
4	11	50.38826
4	11	50.39899
4	11	50.41086
4	11	50.42224
3	11	50.43379
3	11	50.44971
3	11	50.46081
3	11	50.47058
3	11	50.47853
3	11	50.48999
3	11	50.50047
3	11	50.51174
3	11	50.52313
3	11	50.53334
3	11	50.54438
2	11	50.55591
2	11	50.56692
2	11	50.578
2	11	50.58974
2	11	50.60646
2	11	50.61701
2	11	50.62459
2	11	50.6341
2	11	50.64494
2	11	50.65645
2	11	50.66713
2	10	50.67856
2	10	50.6899
2	10	50.70133
2	10	50.71262
2	10	50.72395
2	10	50.73622
2	10	50.74807
2	10	50.76429
2	10	50.77576
2	10	50.78326
2	10	50.79169
2	9	50.8033
2	9	50.81446
2	9	50.82556
2	9	50.83711
2	9	50.84795
2	9	50.85891
2	9	50.87064
2	9	50.8815
2	9	50.89261
2	9	50.90453
2	8	50.91981
2	8	50.92997
2	8	50.93885
2	8	50.9485
2	8	50.9596
2	8	50.97152
2	8	50.98225
2	8	50.99348
2	8	51.00517
2	8	51.01621
2	8	51.02708
2	8	51.03851
2	8	51.04913
2	8	51.06087
2	8	51.07678
2	8	51.08746
2	8	51.09563
2	8	51.10479
2	8	51.11563
2	8	51.12683
2	8	51.13816
2	8	51.14938
2	8	51.16089
2	8	51.17226
2	8	51.18332
2	8	51.19465
2	8	51.20591
2	8	51.21774
2	8	51.23085
2	8	51.23987
2	8	51.25049
2	8	51.26197
2	8	51.27261
2	8	51.28426
2	8	51.29491
2	8	51.30606
2	8	51.31711
2	8	51.32834
2	8	51.33986
2	8	51.35071
2	8	51.36228
2	8	51.3736
2	8	51.38578
2	8	51.39577
2	8	51.40689
2	8	51.41807
2	8	51.42928
2	8	51.44044
2	8	51.45223
2	8	51.46368
2	8	51.47474
2	8	51.48592
2	8	51.49725
2	8	51.50843
2	8	51.51977
2	8	51.53137
2	8	51.54376
2	8	51.55439
2	8	51.56546
2	8	51.57697
2	8	51.58823
2	8	51.59912
2	8	51.61045
3	8	51.62196
3	8	51.63291
3	8	51.64426
3	8	51.65583
3	8	51.66706
3	8	51.67836
3	8	51.69058
3	8	51.70748
3	8	51.71791
3	8	51.7249
3	8	51.73074
4	8	51.74136
4	8	51.75222
4	8	51.7635
4	8	51.7746
4	8	51.78597
4	8	51.79737
4	8	51.80828
4	8	51.81944
4	8	51.83051
4	8	51.84201
4	8	51.85701
4	8	51.86747
4	8	51.87567
4	8	51.88667
4	8	51.89746
4	8	51.90883
4	8	51.92015
4	8	51.93103
4	8	51.94227
4	8	51.95325
4	8	51.96456
4	8	51.97567
4	8	51.98707
4	8	51.99828
4	8	52.01068
4	8	52.02032
4	8	52.03123
4	8	52.04254
4	8	52.0536
4	8	52.06557
4	8	52.077
4	8	52.08857
4	8	52.09995
4	8	52.11085
4	8	52.12273
4	8	52.13374
4	8	52.14503
4	8	52.15653
4	8	52.16903
4	8	52.17872
4	8	52.1898
4	8	52.20074
4	8	52.212
4	8	52.22332
4	8	52.23471
4	8	52.24622
4	8	52.25723
4	8	52.26925
4	8	52.28045
4	8	52.29159
4	8	52.30283
4	8	52.31459
4	8	52.33167
4	8	52.34242
4	8	52.35093
4	8	52.35806
4	8	52.36698
4	8	52.37829
4	8	52.38992
4	8	52.40067
4	8	52.4117
4	8	52.42324
4	8	52.43438
4	8	52.44658
4	8	52.45683
4	8	52.46804
4	8	52.481
4	8	52.49026
4	7	52.50114
4	7	52.51273
4	7	52.52383
4	7	52.53468
4	7	52.5461
4	7	52.55703
4	7	52.56811
4	7	52.57948
4	7	52.59064
4	7	52.60164
4	7	52.61274
4	6	52.62425
4	6	52.64025
4	6	52.65061
4	6	52.66046
4	6	52.66865
4	6	52.67981
4	6	52.69138
4	6	52.70283
4	6	52.71402
4	6	52.72532
4	6	52.73621
4	5	52.7475
4	5	52.7587
4	5	52.76987
4	5	52.78112
4	5	52.79757
4	5	52.80859
4	5	52.81534
4	5	52.82537
4	5	52.83662
4	5	52.84784
4	5	52.85903
4	5	52.87016
4	5	52.88142
4	5	52.89242
4	5	52.90373
4	5	52.91496
4	5	52.9262
4	5	52.9379
4	5	52.95086
4	5	52.95977
4	5	52.97078
4	5	52.98187
4	5	52.99302
4	5	53.00393
4	5	53.01525
4	5	53.02627
4	5	53.03756
4	6	53.04893
4	6	53.06027
4	6	53.07118
4	6	53.0822
4	6	53.09403
4	6	53.10711
4	6	53.1165
4	6	53.1272
4	6	53.13862
4	6	53.14946
4	6	53.16097
4	7	53.17232
4	7	53.18331
4	7	53.22175
4	7	53.23037
4	7	53.23829
4	7	53.24602
4	7	53.26268
4	7	53.27214
4	7	53.27868
4	8	53.28568
4	8	53.29527
4	8	53.30371
4	8	53.31447
4	8	53.32544
4	8	53.33675
4	8	53.34859
4	8	53.35955
4	8	53.37029
4	8	53.38124
4	8	53.39256
4	8	53.40418
3	7	53.41679
3	7	53.4268
3	7	53.43793
3	7	53.4489
3	7	53.45978
3	7	53.47133
3	7	53.48231
3	7	53.49335
3	7	53.50437
3	7	53.51548
3	7	53.52679
2	7	53.53753
2	7	53.5491
2	7	53.5605
2	7	53.57228
2	7	53.58239
2	7	53.59362
2	7	53.60479
2	7	53.61593
2	7	53.62729
2	7	53.63865
2	7	53.64982
2	7	53.66086
2	7	53.67219
2	7	53.68395
2	7	53.69521
2	7	53.70543
2	7	53.71713
2	8	53.7308
2	8	53.7394
2	8	53.75014
2	8	53.76161
2	8	53.77289
2	8	53.78379
2	8	53.79511
2	8	53.80673
2	8	53.818
2	8	53.82972
2	9	53.84201
2	9	53.85398
2	9	53.86546
2	9	53.87757
2	9	53.88993
2	9	53.89999
2	9	53.9113
2	9	53.92252
2	9	53.93345
2	9	53.9446
2	9	53.95591
2	10	53.96698
2	10	53.97826
2	10	53.98964
2	10	54.00077
2	10	54.01207
2	10	54.02321
2	10	54.0343
2	10	54.04659
2	10	54.05714
2	10	54.06822
2	10	54.07946
2	10	54.09111
2	10	54.10129
2	10	54.113
3	10	54.12431
3	10	54.13481
3	10	54.14638
3	10	54.15746
3	10	54.16898
3	10	54.18041
3	10	54.19172
3	10	54.20452
3	10	54.21428
3	10	54.22532
3	10	54.23645
4	10	54.24778
4	10	54.2589
4	10	54.27016
4	10	54.28131
4	10	54.29248
4	10	54.30372
4	10	54.31486
4	10	54.32646
4	10	54.33728
4	10	54.34859
5	10	54.36351
5	10	54.37197
5	10	54.37997
5	10	54.39099
5	10	54.40212
5	10	54.41359
5	10	54.42461
5	10	54.43555
5	10	54.44661
5	10	54.45784
5	10	54.46916
5	10	54.48056
6	10	54.49154
6	10	54.50291
6	10	54.51556
6	10	54.52538
6	10	54.5364
6	10	54.54759
6	10	54.55854
6	10	54.56959
6	10	54.5808
6	10	54.59194
6	10	54.60317
7	10	54.61426
7	10	54.62572
7	10	54.63681
7	10	54.64799
7	10	54.65946
7	10	54.6713
7	10	54.68145
7	10	54.69266
7	10	54.7038
7	10	54.7149
7	10	54.72625
7	11	54.73781
7	11	54.74886
7	11	54.76036
7	11	54.77145
7	11	54.78276
7	11	54.79417
7	11	54.80581
7	11	54.817
7	11	54.82949
7	11	54.83936
7	11	54.85059
7	12	54.86221
7	12	54.87333
7	12	54.88447
7	12	54.89562
7	12	54.90675
7	12	54.9183
7	12	54.92875
7	12	54.9398
7	12	54.95085
7	12	54.96199
7	13	54.97392
7	13	54.98684
7	13	54.99617
7	13	55.00653
7	13	55.0177
7	13	55.02882
7	13	55.04067
7	13	55.05159
7	13	55.06298
7	13	55.07395
7	13	55.08527
7	14	55.09625
7	14	55.10775
7	14	55.11853
7	14	55.13032
7	14	55.14637
7	14	55.15395
7	14	55.16137
7	14	55.17124
7	14	55.18223
7	14	55.19342
7	14	55.2046
7	14	55.21586
7	15	55.22666
7	15	55.23801
7	15	55.24935
7	15	55.26069
7	15	55.2716
7	15	55.28308
7	15	55.29576
7	15	55.30551
7	15	55.31686
7	15	55.32846
7	15	55.33929
7	17	55.36804
7	17	55.37654
7	17	55.38349
7	17	55.3894
7	17	55.39629
7	17	55.40374
7	17	55.41396
7	17	55.42592
7	17	55.43695
7	17	55.44978
7	17	55.45938
6	17	55.47039
6	17	55.4814
6	17	55.49239
6	17	55.50335
6	17	55.51451
6	17	55.52591
6	17	55.53691
6	17	55.54816
6	17	55.55927
6	17	55.57099
6	17	55.58216
5	17	55.5931
5	17	55.6054
5	17	55.61577
5	17	55.62632
5	17	55.63774
5	17	55.64902
5	17	55.66027
5	17	55.67128
5	17	55.68229
5	17	55.69324
5	17	55.70474
4	17	55.7155
4	17	55.72695
4	17	55.73815
4	17	55.74968
4	17	55.76194
4	17	55.77188
4	17	55.78314
4	17	55.79448
4	17	55.80586
4	17	55.8173
4	17	55.82833
3	17	55.83955
3	17	55.85114
3	17	55.86215
3	17	55.87323
3	17	55.88464
3	17	55.89548
3	17	55.9073
3	17	55.92113
3	17	55.93029
3	17	55.94186
2	17	55.95327
2	17	55.96461
2	17	55.97638
2	17	55.988
2	17	55.99947
2	17	56.01057
2	17	56.02193
2	17	56.0331
2	17	56.04418
2	17	56.05544
2	17	56.06702
2	16	56.07911
2	16	56.08931
2	16	56.10082
2	16	56.11182
2	16	56.12292
2	16	56.13411
2	16	56.14749
2	16	56.15657
2	16	56.16756
2	16	56.17878
2	16	56.1898
2	15	56.20107
2	15	56.21236
2	15	56.22401
2	15	56.2397
2	15	56.25006
2	15	56.25772
2	15	56.26643
2	15	56.27734
2	15	56.28884
2	15	56.29958
2	15	56.31074
2	14	56.32211
2	14	56.33355
2	14	56.34438
2	14	56.35524
2	14	56.36669
2	14	56.37814
2	14	56.39715
2	14	56.41098
2	14	56.41777
2	14	56.42498
2	14	56.43132
2	14	56.44292
2	14	56.45369
2	14	56.4649
2	14	56.47606
2	14	56.48743
2	14	56.49855
2	14	56.50962
3	14	56.52075
3	14	56.53169
3	14	56.54426
3	14	56.55416
3	14	56.56528
3	14	56.57658
3	14	56.58731
3	14	56.59861
3	14	56.60987
3	14	56.6207
3	14	56.63173
4	14	56.64303
4	14	56.65415
4	14	56.66549
4	14	56.67657
4	14	56.68858
4	14	56.70519
4	14	56.71561
4	14	56.72458
4	14	56.73283
4	14	56.74393
4	14	56.75525
4	14	56.76629
4	14	56.77717
4	14	56.78876
4	14	56.79978
4	14	56.81143
4	14	56.8226
4	14	56.83386
4	13	56.84526
4	13	56.85915
4	13	56.86752
4	13	56.87914
4	13	56.89066
4	13	56.90174
4	13	56.91355
4	13	56.92458
4	13	56.93548
4	13	56.9469
4	13	56.95816
4	12	56.96891
4	12	56.98036
4	12	56.99142
4	12	57.00337
4	12	57.0194
4	12	57.03041
4	12	57.03699
4	12	57.04724
4	12	57.05864
4	12	57.06976
4	12	57.08114
4	11	57.09253
4	11	57.10329
4	11	57.11443
4	11	57.12575
4	11	57.13677
4	11	57.14775
4	11	57.15952
4	11	57.17188
4	11	57.18121
4	11	57.19323
4	11	57.20414
4	11	57.21533
4	11	57.22666
4	11	57.23796
4	11	57.24924
4	11	57.2605
5	11	57.27132
5	11	57.28209
5	11	57.29353
5	11	57.30447
5	11	57.31575
5	11	57.32881
5	11	57.33823
5	11	57.34985
5	11	57.36039
5	11	57.37129
5	11	57.38287
6	11	57.39429
6	11	57.40559
6	11	57.41682
6	11	57.4281
6	11	57.43953
6	11	57.45082
6	11	57.46206
6	11	57.4734
6	11	57.48571
6	11	57.49605
7	11	57.50735
7	11	57.5184
7	11	57.53009
7	11	57.54106
7	11	57.55258
7	11	57.56395
7	11	57.57534
7	11	57.58652
7	11	57.59772
7	11	57.60911
7	11	57.62073
8	11	57.63205
8	11	57.6483
8	11	57.65661
8	11	57.66457
8	11	57.67422
8	11	57.6851
8	11	57.69648
8	11	57.7075
8	11	57.71835
8	11	57.72984
8	11	57.7409
9	11	57.7517
9	11	57.76275
9	11	57.77391
9	11	57.78521
9	11	57.80111
9	11	57.81311
9	11	57.82039
9	11	57.82931
9	11	57.84067
9	11	57.85178
9	11	57.86295
10	11	57.87424
10	11	57.88544
10	11	57.89661
10	11	57.9078
10	11	57.91898
10	11	57.93003
10	11	57.94118
10	11	57.9564
10	11	57.96686
10	11	57.97474
10	11	57.98557
11	11	57.99708
11	11	58.00799
11	11	58.01931
11	11	58.03056
11	11	58.04167
11	11	58.05262
11	11	58.06403
11	11	58.07539
11	11	58.0865
11	11	58.0979
11	11	58.11304
12	11	58.12251
12	11	58.13123
12	11	58.14211
12	11	58.15361
12	11	58.16464
12	11	58.17599
12	11	58.18711
12	11	58.19827
12	11	58.20977
12	11	58.22079
12	11	58.23208
13	11	58.24371
13	11	58.25557
13	11	58.27177
13	11	58.28308
13	11	58.28989
13	11	58.29887
13	11	58.31002
13	11	58.32094
13	11	58.33215
13	11	58.34349
13	11	58.3544
13	10	58.36556
13	10	58.37709
13	10	58.38786
13	10	58.3989
13	10	58.41059
13	10	58.4282
13	10	58.44212
13	10	58.44949
13	10	58.45546
13	10	58.46407
13	10	58.47505
13	9	58.48637
13	9	58.49756
13	9	58.50865
13	9	58.51984
13	9	58.53124
13	9	58.54197
13	9	58.55305
13	9	58.5649
13	9	58.58567
13	9	58.59665
13	9	58.60419
13	8	58.61172
13	8	58.62039
13	8	58.63168
13	8	58.64331
13	8	58.65434
13	8	58.66503
13	8	58.67564
13	8	58.68789
13	8	58.69855
13	8	58.7101
13	8	58.72147
12	8	58.74122
12	8	58.75302
12	8	58.76057
12	8	58.76691
12	8	58.77715
12	8	58.78769
12	8	58.7992
12	8	58.80981
12	8	58.82119
12	8	58.83207
12	8	58.84336
12	8	58.85438
11	8	58.86525
11	8	58.87747
11	8	58.8943
11	8	58.90546
11	8	58.9128
11	8	58.9215
11	8	58.93275
11	8	58.94426
11	8	58.95547
11	8	58.96639
11	8	58.97749
10	8	58.98903
10	8	59.00018
10	8	59.01163
10	8	59.02201
10	8	59.03372
10	8	59.0491
10	8	59.05873
10	8	59.06718
10	8	59.0783
10	8	59.0893
10	8	59.10041
9	8	59.11175
9	8	59.12283
9	8	59.13371
9	8	59.14544
9	8	59.1563
9	8	59.16782
9	8	59.17916
9	8	59.19025
9	8	59.20566
9	8	59.2151
9	8	59.22361
8	8	59.23441
8	8	59.24613
8	8	59.25731
8	8	59.26825
8	8	59.27947
8	8	59.2906
8	8	59.3019
8	8	59.31307
8	8	59.32408
8	8	59.33541
8	8	59.34723
7	8	59.36279
7	8	59.37274
7	8	59.38102
7	8	59.39282
7	8	59.40451
7	8	59.41597
7	8	59.42765
7	8	59.43887
7	8	59.44994
7	8	59.46154
7	8	59.47228
7	8	59.48342
7	8	59.49466
7	8	59.50584
7	8	59.52026
7	8	59.52879
7	8	59.53874
8	8	59.5499
8	8	59.5614
8	8	59.5723
8	8	59.58371
8	8	59.59515
8	8	59.60593
8	8	59.61689
8	8	59.62844
8	8	59.63913
8	8	59.65023
8	8	59.6622
8	8	59.67479
8	8	59.68431
8	8	59.69539
8	8	59.70626
8	8	59.71732
8	8	59.72917
8	8	59.74005
8	8	59.75171
8	8	59.76292
8	8	59.77423
9	8	59.78619
9	8	59.79757
9	8	59.80869
9	8	59.82009
9	8	59.83318
9	8	59.84217
9	8	59.85323
9	8	59.86448
9	8	59.8755
9	8	59.88671
9	8	59.89803
9	7	59.9095
9	7	59.92065
9	7	59.93195
9	7	59.94315
9	7	59.95438
9	7	59.96568
9	7	59.977
9	7	59.99316
9	7	60.00295
9	7	60.00999
9	7	60.01866
9	6	60.03003
9	6	60.04093
9	6	60.05259
9	6	60.06359
9	6	60.07463
9	6	60.08606
9	6	60.09738
9	6	60.10821
9	6	60.11938
9	6	60.13124
9	6	60.14744
9	5	60.1572
9	5	60.16446
9	5	60.17546
9	5	60.18741
9	5	60.19817
9	5	60.20924
9	5	60.22053
9	5	60.23139
9	5	60.24256
9	5	60.2539
9	5	60.26487
9	5	60.27576
9	5	60.28756
9	5	60.30397
9	5	60.31343
9	5	60.32019
9	5	60.33099
10	5	60.34244
10	5	60.3537
10	5	60.36496
10	5	60.37638
10	5	60.3877
10	5	60.39827
10	5	60.40957
10	5	60.42067
10	5	60.43193
10	5	60.44329
11	5	60.46549
11	5	60.47632
11	5	60.48323
11	5	60.49017
11	5	60.49718
11	5	60.50749
11	5	60.5192
11	5	60.53021
11	5	60.5412
11	5	60.55223
11	5	60.56388
11	5	60.57494
12	5	60.58635
12	5	60.59731
12	5	60.61286
12	5	60.62286
12	5	60.63087
12	5	60.6417
12	5	60.65289
12	5	60.66431
12	5	60.67529
12	5	60.68707
12	5	60.69748
12	5	60.70897
12	5	60.72016
12	5	60.73141
12	5	60.74292
12	5	60.7543
12	5	60.76994
12	5	60.77973
12	5	60.78771
12	5	60.79877
12	5	60.81013
12	5	60.82107
12	5	60.83236
12	5	60.84305
12	5	60.85449
12	5	60.86537
12	5	60.8766
12	5	60.88818
12	5	60.89985
12	5	60.9108
12	5	60.92611
12	5	60.93345
12	5	60.94492
12	5	60.95607
12	5	60.96753
12	5	60.97943
12	5	60.9908
12	5	61.00173
12	5	61.01332
12	5	61.02437
12	5	61.0354
12	5	61.04696
12	5	61.05777
12	5	61.06927
12	5	61.08204
12	5	61.09181
12	5	61.10263
12	5	61.11397
12	5	61.12517
12	5	61.13644
12	5	61.14763
12	5	61.15908
12	5	61.17051
12	5	61.18141
12	5	61.1927
12	5	61.20406
12	5	61.21511
12	5	61.22617
12	5	61.2412
12	5	61.24923
12	5	61.25945
12	5	61.2706
12	5	61.28198
12	5	61.29311
12	5	61.30482
12	5	61.31596
12	5	61.32705
12	5	61.33793
12	5	61.34923
12	5	61.36025
12	5	61.37149
12	5	61.38293
12	5	61.39603
12	5	61.40514
12	5	61.41597
12	5	61.42738
12	5	61.43834
12	5	61.4497
12	5	61.46082
12	5	61.47175
12	5	61.48307
12	5	61.49428
12	5	61.50535
12	5	61.51658
12	5	61.52755
12	5	61.53937
12	5	61.55178
12	5	61.56195
12	5	61.57249
12	5	61.58393
12	5	61.59515
12	5	61.60646
12	5	61.61773
12	5	61.62919
12	5	61.64035
12	5	61.65165
12	5	61.66301
12	5	61.67429
12	5	61.68615
12	5	61.69747
12	5	61.71017
12	5	61.71968
12	5	61.73085
12	5	61.74205
12	5	61.75344
12	5	61.76443
12	5	61.77606
12	5	61.78712
12	5	61.79792
12	5	61.80961
12	5	61.82017
12	5	61.83179
12	5	61.84254
12	5	61.85413
12	5	61.86642
12	5	61.876
12	5	61.88762
12	5	61.89862
12	5	61.90983
12	5	61.9212
12	5	61.93221
12	5	61.94348
12	5	61.95491
12	5	61.96594
12	5	61.97705
12	5	61.98838
12	5	61.9993
12	5	62.01073
12	5	62.02326
12	5	62.03298
12	5	62.04423
12	5	62.05554
12	5	62.06647
12	5	62.07749
12	4	62.08861
12	4	62.09988
12	4	62.11108
12	4	62.12231
12	4	62.13336
12	4	62.14465
12	4	62.15551
12	4	62.19103
12	3	62.21231
12	3	62.22578
12	3	62.23376
12	3	62.24095
12	3	62.25291
12	3	62.25976
12	3	62.26617
12	3	62.27248
12	3	62.28374
12	3	62.29523
12	3	62.30622
12	3	62.3169
12	3	62.32835
12	2	62.33944
12	2	62.35061
12	2	62.36639
12	2	62.3763
12	2	62.38435
12	2	62.39506
12	2	62.40647
12	2	62.41748
12	2	62.42868
12	2	62.43962
12	2	62.45112
12	2	62.46185
12	2	62.47416
12	2	62.4867
12	2	62.49603
11	2	62.5071
11	2	62.52329
11	2	62.53378
11	2	62.54358
11	2	62.55205
11	2	62.56276
11	2	62.57401
11	2	62.58521
11	2	62.59679
11	2	62.60759
11	2	62.61903
10	2	62.63039
10	2	62.64114
10	2	62.65237
10	2	62.66405
10	2	62.67944
10	2	62.6911
10	2	62.69868
10	2	62.70829
10	2	62.719
10	2	62.73057
10	2	62.74131
9	2	62.7526
9	2	62.76388
9	2	62.77477
9	2	62.78649
9	2	62.79905
9	2	62.81054
9	2	62.8231
9	2	62.83864
9	2	62.84875
9	2	62.85645
9	2	62.86732
8	2	62.87839
8	2	62.88993
8	2	62.90086
8	2	62.91226
8	2	62.92323
8	2	62.93449
8	2	62.94555
8	2	62.95666
8	2	62.96774
8	2	62.97921
7	2	62.99853
7	2	63.00989
7	2	63.01744
7	2	63.02403
7	2	63.03288
7	2	63.04361
7	2	63.05489
7	2	63.06603
7	2	63.07682
7	2	63.08783
7	2	63.09925
7	2	63.11036
6	2	63.12149
6	2	63.1324
6	2	63.14722
6	2	63.15647
6	2	63.16582
6	2	63.17719
6	2	63.18881
6	2	63.19987
6	2	63.21085
6	2	63.22229
6	2	63.23318
6	2	63.24455
6	2	63.25572
6	2	63.2671
6	2	63.27813
6	2	63.28961
6	2	63.30194
6	2	63.31189
6	2	63.32251
6	2	63.3341
6	2	63.3446
6	2	63.35604
7	2	63.36708
7	2	63.37831
7	2	63.38989
7	2	63.40147
7	2	63.41291
7	2	63.42443
7	2	63.43597
7	2	63.44803
7	2	63.46155
7	2	63.47046
7	2	63.48183
7	2	63.49313
7	2	63.50441
7	2	63.51608
7	2	63.52707
7	2	63.53851
7	2	63.55004
7	2	63.56147
7	2	63.57285
7	2	63.58415
7	2	63.59543
8	2	63.60678
8	2	63.61982
8	2	63.62893
8	2	63.63978
8	2	63.65102
8	2	63.6622
8	2	63.67359
8	2	63.68505
8	2	63.69616
8	2	63.70726
8	2	63.71845
9	2	63.72956
9	2	63.74097
9	2	63.7522
9	2	63.76415
9	2	63.77723
9	2	63.78614
9	2	63.79689
9	2	63.80841
9	2	63.81921
9	2	63.83039
9	2	63.84156
10	2	63.85284
10	2	63.86413
10	2	63.87509
10	2	63.88629
10	2	63.89774
10	2	63.90844
10	2	63.92
10	2	63.93385
10	2	63.94358
10	2	63.95381
10	2	63.9647
11	2	63.97574
11	2	63.98695
11	2	63.99777
11	2	64.00906
11	2	64.0205
11	2	64.03191
11	2	64.04324
11	2	64.05428
11	2	64.06561
11	2	64.07659
11	2	64.08856
12	2	64.0989
12	2	64.1097
12	2	64.12096
12	2	64.13196
12	2	64.1429
12	2	64.15396
12	2	64.16551
12	2	64.17644
12	2	64.1875
12	2	64.19869
12	2	64.2098
13	2	64.22095
13	2	64.23288
13	2	64.24579
13	2	64.25497
13	2	64.26598
13	2	64.27695
13	2	64.28839
13	2	64.29948
13	2	64.31086
13	2	64.3223
13	2	64.33356
14	2	64.34485
14	2	64.35603
14	2	64.36732
14	2	64.37853
14	2	64.3899
14	2	64.40652
14	2	64.41596
14	2	64.42336
14	2	64.44282
14	2	64.44981
14	2	64.45569
14	2	64.46217
15	2	64.47292
15	2	64.48434
15	2	64.49534
15	2	64.50775
15	2	64.51957
15	2	64.52879
15	2	64.54018
15	2	64.55573
15	2	64.56607
15	2	64.57365
17	2	64.58477
17	2	64.5956
17	2	64.6069
17	2	64.61854
17	2	64.62971
17	2	64.64095
17	2	64.65193
17	2	64.66316
17	2	64.67409
17	2	64.68614
17	2	64.69666
18	2	64.71228
18	2	64.72238
18	2	64.73013
18	2	64.74124
18	2	64.75238
18	2	64.76311
18	2	64.77531
18	2	64.78635
18	2	64.79758
18	2	64.80853
18	2	64.8195
19	2	64.8308
19	2	64.8419
19	2	64.85326
19	2	64.86899
19	2	64.87901
19	2	64.88734
19	2	64.89812
19	2	64.90977
19	2	64.92101
19	2	64.93263
19	2	64.94411
20	2	64.95537
20	2	64.96691
20	2	64.97866
20	2	64.98994
20	2	65.00127
20	2	65.01274
20	2	65.02695
20	2	65.03621
20	2	65.04613
20	2	65.05683
20	2	65.06794
21	2	65.07914
21	2	65.09024
21	2	65.10129
21	2	65.11272
21	2	65.1239
21	2	65.13461
21	2	65.14592
21	2	65.15729
21	2	65.16855
21	2	65.18486
21	2	65.19545
22	2	65.20186
22	2	65.21242
22	2	65.22401
22	2	65.23517
22	2	65.2465
22	2	65.25755
22	2	65.26876
22	2	65.27985
22	2	65.29134
22	2	65.3023
22	2	65.3135
21	2	65.32458
21	2	65.33791
21	2	65.34681
21	2	65.35784
21	2	65.36909
21	2	65.38025
21	2	65.39145
21	2	65.40258
21	2	65.41374
21	2	65.42498
21	2	65.43572
20	2	65.44691
20	2	65.45825
20	2	65.46935
20	2	65.48081
20	2	65.49316
20	2	65.5033
20	2	65.51442
20	2	65.5256
20	2	65.53687
20	2	65.54829
20	2	65.55957
19	2	65.57071
19	2	65.58237
19	2	65.59361
19	2	65.60499
19	2	65.6165
19	2	65.62782
19	2	65.63937
19	2	65.65213
19	2	65.66162
19	2	65.67308
18	2	65.68456
18	2	65.69592
18	2	65.70694
18	2	65.71844
18	2	65.72967
18	2	65.74073
18	2	65.75235
18	2	65.76369
18	2	65.77483
18	2	65.7859
18	2	65.79777
17	2	65.81253
17	2	65.82023
17	2	65.82888
17	2	65.84017
17	2	65.85101
17	2	65.8625
17	2	65.8736
17	2	65.88477
17	2	65.89589
17	2	65.90733
17	2	65.91828
16	2	65.92941
16	2	65.94055
16	2	65.95201
16	2	65.96463
16	2	65.97406
16	2	65.98486
16	2	65.99597
16	2	66.00714
16	2	66.01845
16	2	66.02963
16	2	66.04063
16	3	66.0517
16	3	66.06278
16	3	66.07418
16	3	66.08553
16	3	66.09664
16	3	66.10806
16	3	66.12337
16	3	66.133
16	3	66.14124
16	3	66.1524
16	3	66.16359
16	4	66.17467
16	4	66.18573
16	4	66.19691
16	4	66.20795
16	4	66.21901
16	4	66.23035
16	4	66.24195
16	4	66.2532
16	4	66.26488
16	4	66.28445
16	4	66.29524
16	5	66.30157
16	5	66.30876
16	5	66.31698
16	5	66.3274
16	5	66.33883
16	5	66.35022
16	5	66.36097
16	5	66.37233
16	5	66.38383
16	5	66.3944
16	5	66.40585
17	5	66.41807
17	5	66.43745
17	5	66.44845
17	5	66.45909
17	5	66.46581
17	5	66.47292
17	5	66.4842
17	5	66.49533
17	5	66.50619
17	5	66.51789
17	5	66.53039
18	5	66.54053
18	5	66.5517
18	5	66.56326
18	5	66.57436
18	5	66.59519
18	5	66.60581
18	5	66.61286
18	5	66.62098
18	5	66.62898
18	5	66.63988
18	5	66.65138
19	5	66.66266
19	5	66.67378
19	5	66.68558
19	5	66.69608
19	5	66.70713
19	5	66.71863
19	5	66.73029
19	5	66.74558
19	5	66.75658
19	5	66.76331
19	5	66.77456
19	5	66.78562
19	5	66.79674
19	5	66.80835
19	5	66.81912
19	5	66.83028
19	5	66.84137
19	5	66.8528
19	5	66.86379
19	6	66.87502
19	6	66.88663
19	6	66.8995
19	6	66.90886
19	6	66.91998
19	6	66.93076
19	6	66.94202
19	6	66.95294
19	6	66.96439
19	6	66.97509
19	6	66.98718
19	6	66.99776
19	6	67.00868
19	6	67.02016
19	6	67.03155
19	6	67.04334
19	6	67.05922
19	6	67.06976
19	6	67.07751
19	6	67.0889
19	6	67.10102
19	6	67.11181
19	7	67.12363
19	7	67.13481
19	7	67.14612
19	7	67.1574
19	7	67.1686
19	7	67.17942
19	7	67.19067
19	7	67.20233
19	7	67.21799
19	7	67.22765
19	7	67.23557
20	7	67.24632
20	7	67.25713
20	7	67.26881
20	7	67.27959
20	7	67.29072
20	7	67.30243
20	7	67.3136
20	7	67.32498
20	7	67.33591
20	7	67.34732
20	7	67.35878
21	7	67.3764
21	7	67.38969
21	7	67.40096
21	7	67.40746
21	7	67.41382
21	7	67.42241
21	7	67.43311
21	7	67.44402
21	7	67.45555
21	7	67.46698
21	7	67.47768
22	7	67.48879
22	7	67.50024
22	7	67.5117
22	7	67.52772
22	7	67.53932
22	7	67.54848
22	7	67.55682
22	7	67.56744
22	7	67.5788
22	7	67.59007
22	7	67.60099
21	7	67.61198
21	7	67.62292
21	7	67.63466
21	7	67.64558
21	7	67.65682
21	7	67.66811
21	7	67.68269
21	7	67.69053
21	7	67.70148
21	7	67.71202
21	7	67.72292
20	7	67.73403
20	7	67.74583
20	7	67.75713
20	7	67.76823
20	7	67.77935
20	7	67.7905
20	7	67.8021
20	7	67.81287
20	7	67.82432
20	7	67.83661
20	7	67.84686
19	7	67.85802
19	7	67.86972
19	7	67.8813
19	7	67.89272
19	7	67.90417
19	7	67.9156
19	7	67.92697
19	7	67.93866
19	7	67.95029
19	7	67.96178
19	7	67.9731
18	7	67.98476
18	7	67.9978
18	7	68.00719
18	7	68.0183
18	7	68.02927
18	7	68.04039
18	7	68.05199
18	7	68.0631
18	7	68.07456
18	7	68.08595
17	7	68.09718
17	7	68.10822
17	7	68.11967
17	7	68.13058
17	7	68.1424
17	7	68.15953
17	7	68.17006
17	7	68.17632
17	7	68.18374
17	7	68.195
17	7	68.20613
17	7	68.21758
16	7	68.22829
16	7	68.23958
16	7	68.25064
16	7	68.26194
16	7	68.27328
16	7	68.28417
16	7	68.29576
16	7	68.31704
16	7	68.32813
16	7	68.336
16	7	68.34486
16	7	68.35262
16	7	68.36023
16	7	68.37162
16	7	68.38232
16	7	68.39326
16	7	68.40465
16	7	68.41567
16	7	68.42673
16	7	68.43866
16	7	68.45017
16	7	68.46589
16	7	68.47447
16	7	68.48353
16	7	68.49399
16	7	68.5051
16	7	68.51646
16	7	68.52766
16	7	68.53908
16	7	68.54971
16	7	68.56216
16	7	68.57321
16	7	68.58373
16	7	68.59501
16	7	68.60611
16	7	68.61839
16	7	68.62864
16	7	68.63969
16	7	68.65083
16	7	68.6619
16	7	68.67335
16	7	68.68465
16	7	68.69556
16	7	68.70682
16	7	68.71788
16	7	68.7288
16	7	68.74005
16	7	68.75144
16	7	68.76284
16	7	68.77563
16	7	68.78584
16	7	68.79707
16	7	68.80892
16	7	68.82057
16	7	68.83196
16	7	68.84315
16	7	68.85481
16	7	68.86617
16	7	68.87782
16	7	68.88899
16	7	68.90041
16	7	68.91181
16	7	68.92345
16	7	68.93612
16	7	68.94536
16	7	68.95689
16	8	68.96829
16	8	69.00215
16	8	69.00984
16	8	69.01656
16	8	69.0229
16	8	69.03023
16	8	69.0414
16	8	69.05296
16	8	69.06386
16	8	69.07563
16	9	69.09126
16	9	69.10192
16	9	69.10914
16	9	69.11967
16	9	69.13054
16	9	69.14169
16	9	69.15334
16	9	69.16418
16	9	69.17522
16	9	69.18731
16	9	69.19781
16	10	69.20884
16	10	69.22094
16	10	69.23166
16	10	69.24665
16	10	69.25696
16	10	69.26507
16	10	69.27607
16	10	69.28789
16	10	69.29864
16	10	69.31008
16	10	69.32124
16	10	69.33157
16	10	69.34271
16	10	69.35412
16	10	69.36522
16	10	69.37645
16	10	69.38809
16	10	69.40161
17	10	69.411
17	10	69.42179
17	10	69.43253
17	10	69.44361
17	10	69.45481
17	10	69.46537
17	10	69.47684
17	10	69.48804
17	10	69.49925
17	10	69.5107
17	10	69.52216
18	10	69.53298
18	10	69.5444
18	10	69.56152
18	10	69.56861
18	10	69.57835
18	10	69.59013
18	10	69.60184
18	10	69.61315
18	10	69.62469
18	10	69.63555
18	10	69.64675
19	10	69.65793
19	10	69.66867
19	10	69.68049
19	10	69.69195
19	10	69.70358
19	10	69.71624
19	10	69.72526
19	10	69.73627
19	10	69.74718
19	10	69.75832
19	10	69.76956
19	11	69.78101
19	11	69.79216
19	11	69.80375
19	11	69.81482
19	11	69.82577
19	11	69.83725
19	11	69.84774
19	11	69.85951
19	11	69.87576
19	11	69.88605
19	11	69.89299
19	12	69.90406
19	12	69.91502
19	12	69.92642
19	12	69.93803
19	12	69.94863
19	12	69.95989
19	12	69.97125
19	12	69.98235
19	12	69.99328
19	12	70.00471
19	12	70.01607
19	13	70.03197
19	13	70.04256
19	13	70.05197
19	13	70.06047
19	13	70.07137
19	13	70.08284
19	13	70.09401
19	13	70.1059
19	13	70.11668
19	13	70.12802
19	13	70.13866
19	14	70.14969
19	14	70.16131
19	14	70.17259
19	14	70.189
19	14	70.19872
19	14	70.20657
19	14	70.21676
19	14	70.22831
19	14	70.23929
19	14	70.25043
19	14	70.26149
19	15	70.27274
19	15	70.28397
19	15	70.29552
19	15	70.30633
19	15	70.31721
19	15	70.32872
19	15	70.34538
19	15	70.35569
19	15	70.36232
19	15	70.3726
19	15	70.3836
19	16	70.39491
19	16	70.40619
19	16	70.41806
19	16	70.42879
19	16	70.43998
19	16	70.45113
19	16	70.46239
19	16	70.4734
19	16	70.48544
19	16	70.50117
19	17	70.51052
19	17	70.51855
19	17	70.52952
19	17	70.54053
19	17	70.55186
19	17	70.563
19	17	70.57404
19	17	70.58598
19	17	70.59747
19	17	70.60758
19	17	70.61869
19	18	70.62995
19	18	70.64133
19	18	70.65761
19	18	70.66794
19	18	70.67514
19	18	70.6862
19	18	70.69697
19	18	70.70858
19	18	70.71977
19	18	70.73101
19	18	70.74206
19	19	70.75413
19	19	70.76472
19	19	70.7759
19	19	70.7877
19	19	70.79914
19	19	70.81532
19	19	70.82506
19	19	70.83196
19	19	70.8419
19	19	70.85354
19	19	70.86416
19	18	70.8755
19	18	70.88635
19	18	70.89706
19	18	70.90849
19	18	70.91981
19	18	70.93056
19	18	70.9419
19	18	70.95364
19	18	70.96461
19	18	70.97552
19	18	70.98717
19	17	70.99796
19	17	71.00932
19	17	71.021
19	17	71.03187
19	17	71.04291
19	17	71.05456
19	17	71.06559
19	17	71.0769
19	17	71.08833
19	17	71.09909
19	17	71.11069
19	16	71.12524
19	16	71.1327
19	16	71.14359
19	16	71.1549
19	16	71.1656
19	16	71.17748
19	16	71.18927
19	16	71.20033
19	16	71.2114
19	16	71.2226
19	16	71.23401
19	15	71.24528
19	15	71.25648
19	15	71.26801
19	15	71.28067
19	15	71.29066
19	15	71.30192
19	15	71.313
19	15	71.32382
19	15	71.33493
19	15	71.34616
19	15	71.3576
19	14	71.36855
19	14	71.3798
19	14	71.39114
19	14	71.40221
19	14	71.41351
19	14	71.42498
19	14	71.43637
19	14	71.44708
19	14	71.45802
19	14	71.46938
19	14	71.48047
19	13	71.49214
19	13	71.50328
19	13	71.51463
19	13	71.52584
19	13	71.53752
19	13	71.54829
19	13	71.5595
19	13	71.57102
19	13	71.58237
19	13	71.59451
19	13	71.60461
18	13	71.61583
18	13	71.62739
18	13	71.63892
18	13	71.64991
18	13	71.66124
18	13	71.67268
18	13	71.68346
18	13	71.69518
18	13	71.70609
18	13	71.71758
18	13	71.72845
17	13	71.73994
17	13	71.75642
17	13	71.76677
17	13	71.77668
17	13	71.78339
17	13	71.79055
17	13	71.80165
17	13	71.81312
17	13	71.82418
17	13	71.83524
17	13	71.84644
16	13	71.85751
16	13	71.8688
16	13	71.88042
16	13	71.89149
16	13	71.90685
16	13	71.91813
16	13	71.92577
16	13	71.93636
16	13	71.94726
16	13	71.95868
16	13	71.96976
15	13	71.98326
15	13	71.99177
15	13	72.00304
15	13	72.01421
15	13	72.02532
15	13	72.03662
15	13	72.04808
15	13	72.06659
15	13	72.07794
15	13	72.08488
15	13	72.09228
14	13	72.10242
14	13	72.11366
14	13	72.12447
14	13	72.13602
14	13	72.14706
14	13	72.15826
14	13	72.1692
14	13	72.1802
14	13	72.19162
14	13	72.2031
13	13	72.21901
13	13	72.22977
13	13	72.23798
13	13	72.2478
13	13	72.25917
13	13	72.27009
13	13	72.2813
13	13	72.29218
13	13	72.30381
13	13	72.31536
13	13	72.32588
13	13	72.33695
12	13	72.34807
12	13	72.35934
12	13	72.37495
12	13	72.38467
12	13	72.39299
12	13	72.40405
12	13	72.41492
12	13	72.42648
12	13	72.438
12	13	72.44925
12	13	72.46035
11	13	72.47234
11	13	72.48318
11	13	72.49486
11	13	72.50633
11	13	72.5178
11	13	72.53323
11	13	72.5436
11	13	72.55191
11	13	72.56315
11	13	72.57426
10	13	72.58524
10	13	72.59661
10	13	72.60868
10	13	72.61987
10	13	72.63036
10	13	72.64133
10	13	72.65251
10	13	72.66376
10	13	72.67495
10	13	72.6926
10	13	72.70255
10	14	72.70962
10	14	72.71842
10	14	72.72961
10	14	72.74029
10	14	72.7516
10	14	72.76266
10	14	72.77393
10	14	72.78495
10	14	72.79601
10	14	72.8077
10	14	72.81818
10	15	72.83012
10	15	72.84589
10	15	72.85623
10	15	72.86694
10	15	72.87645
10	15	72.88615
10	15	72.89751
10	15	72.90876
10	15	72.92001
10	15	72.93085
10	15	72.94202
10	16	72.95323
10	16	72.96404
10	16	72.97611
10	16	72.98746
10	16	73.00247
10	16	73.01266
10	16	73.02006
10	16	73.03114
10	16	73.0423
10	16	73.05355
10	16	73.06512
10	17	73.07619
10	17	73.08788
10	17	73.09888
10	17	73.11006
10	17	73.12152
10	17	73.13251
10	17	73.14391
10	17	73.15892
10	17	73.16843
10	17	73.17723
10	17	73.18861
10	18	73.19926
10	18	73.21046
10	18	73.22195
10	18	73.23293
10	18	73.24417
10	18	73.25582
10	18	73.26669
10	18	73.27812
10	18	73.28959
10	18	73.30056
10	18	73.3161
10	19	73.3278
10	19	73.33463
10	19	73.34501
10	19	73.35677
10	19	73.3671
10	19	73.37831
10	19	73.3892
10	19	73.40031
10	19	73.41158
10	19	73.42303
10	19	73.43388
10	18	73.44512
10	18	73.45676
10	18	73.46864
10	18	73.47901
10	18	73.4903
10	18	73.50102
10	18	73.5125
10	18	73.52383
10	18	73.53507
10	18	73.54606
10	18	73.55739
10	17	73.56843
10	17	73.57978
10	17	73.591
10	17	73.60225
10	17	73.61375
10	17	73.62615
10	17	73.63561
10	17	73.64671
10	17	73.65788
10	17	73.66971
10	17	73.68094
10	16	73.69205
10	16	73.70288
10	16	73.71451
10	16	73.72535
10	16	73.73697
10	16	73.74782
10	16	73.75928
10	16	73.77135
10	16	73.78621
10	16	73.79363
10	16	73.80393
10	15	73.81519
10	15	73.82601
10	15	73.83749
10	15	73.84869
10	15	73.85987
10	15	73.87101
10	15	73.88217
10	15	73.89333
10	15	73.90452
10	15	73.91559
10	15	73.92679
10	14	73.93803
10	14	73.949
10	14	73.96004
10	14	73.97139
10	14	73.98254
10	14	73.994
10	14	74.00478
10	14	74.01624
10	14	74.02705
10	14	74.03845
10	14	74.04958
10	13	74.06075
10	13	74.07198
10	13	74.08332
10	13	74.09466
10	13	74.10567
10	13	74.11676
10	13	74.1282
10	13	74.13915
10	13	74.15054
10	13	74.16187
10	13	74.17293
10	12	74.18416
10	12	74.19584
10	12	74.20722
10	12	74.21857
10	12	74.23
10	12	74.24176
10	12	74.25777
10	12	74.26659
10	12	74.27404
10	12	74.28358
10	12	74.29457
10	11	74.30567
10	11	74.31699
