x	y	time
15	11	0.0706068
15	11	0.082288
15	11	0.09361289
15	11	0.1059221
15	11	0.1165423
15	11	0.1269231
15	11	0.140217
15	11	0.1531171
15	11	0.1634637
15	11	0.1735862
15	11	0.1839232
15	11	0.1940306
15	11	0.205292
15	11	0.2157923
15	11	0.2260247
15	11	0.23689
15	11	0.2475002
15	11	0.2577928
15	11	0.268664
15	11	0.2798695
15	11	0.2906756
15	11	0.3011646
15	11	0.3133197
15	11	0.3246749
15	11	0.3355595
15	11	0.3462779
15	11	0.3569473
15	11	0.3682774
15	11	0.3788344
15	11	0.3897766
15	11	0.4012216
15	11	0.4114066
15	11	0.4209261
15	11	0.4313689
15	11	0.4411339
15	11	0.4522915
15	11	0.4659819
15	11	0.4760955
15	11	0.4858659
15	11	0.4997448
15	11	0.5139979
15	11	0.5253429
15	11	0.5368137
15	11	0.5485757
15	11	0.5596895
15	11	0.5710796
15	11	0.5822499
15	11	0.6044722
15	11	0.6155344
15	11	0.6262974
15	11	0.6373181
15	11	0.6488039
15	11	0.6597105
15	11	0.6717919
15	11	0.6842115
15	11	0.696344
15	11	0.7076183
15	11	0.71868
15	11	0.7300239
15	11	0.7416063
15	11	0.752535
15	11	0.7648509
15	11	0.7760238
15	11	0.7874759
15	11	0.7987331
15	11	0.810748
15	11	0.8219802
15	11	0.832779
15	11	0.8434866
15	11	0.8545231
15	11	0.8660728
15	11	0.8770579
15	11	0.888005
15	11	0.9000463
15	11	0.910821
15	11	0.9228467
15	11	0.9343807
15	11	0.9501045
15	11	0.9614953
15	11	0.9731143
15	11	0.9843541
15	11	0.9955162
15	11	1.006304
15	11	1.017346
15	11	1.028251
15	11	1.040418
15	11	1.054038
15	11	1.066982
15	11	1.078461
15	11	1.089992
15	11	1.101227
15	11	1.112336
15	11	1.123281
15	11	1.134413
15	11	1.145771
15	11	1.15846
15	11	1.16932
15	11	1.181811
15	11	1.193882
15	11	1.206085
15	11	1.21694
15	11	1.228424
15	11	1.238819
15	11	1.251513
15	11	1.274008
15	11	1.296376
15	11	1.31811
15	11	1.340948
15	11	1.363647
15	11	1.38561
15	11	1.407866
15	11	1.429502
15	11	1.452592
15	11	1.475256
15	11	1.497416
15	11	1.51999
15	11	1.54207
15	11	1.564913
15	11	1.58748
15	11	1.60971
15	11	1.63298
15	11	1.654328
15	11	1.677764
15	11	1.698672
15	11	1.720816
15	11	1.743044
15	11	1.754751
15	11	1.766444
15	11	1.777447
15	11	1.788891
15	11	1.800452
15	11	1.811495
15	11	1.822677
15	11	1.833881
15	11	1.844682
15	11	1.855465
15	11	1.867347
15	11	1.878182
15	11	1.88944
15	11	1.900955
15	11	1.911847
15	11	1.922672
15	11	1.933728
15	11	1.945344
15	11	1.956231
15	11	1.968011
15	11	1.978956
15	11	1.990598
15	11	2.00208
15	11	2.012639
15	11	2.022767
15	11	2.033711
15	11	2.045805
15	11	2.056964
15	11	2.069217
15	11	2.082097
15	11	2.093061
15	11	2.104806
15	11	2.117102
15	11	2.128301
15	11	2.140275
15	11	2.151978
15	11	2.163021
15	11	2.174493
15	11	2.185976
15	11	2.196772
15	11	2.207561
15	11	2.219915
15	11	2.230783
15	11	2.241214
15	11	2.253424
15	11	2.264313
15	11	2.27981
15	11	2.29105
15	11	2.302874
15	11	2.313952
15	11	2.325316
15	11	2.337142
15	11	2.348601
15	11	2.359531
15	11	2.37153
15	11	2.383108
15	11	2.396263
15	11	2.40839
15	11	2.419525
15	11	2.431144
15	11	2.442237
15	11	2.45448
15	11	2.4653
15	11	2.476464
15	11	2.487203
15	11	2.498851
15	11	2.511878
15	11	2.525581
15	11	2.542463
15	11	2.558824
15	11	2.570576
15	11	2.584144
15	11	2.603949
15	11	2.625858
15	11	2.648416
15	11	2.670276
15	11	2.692358
15	11	2.715016
15	11	2.736809
15	11	2.758911
15	11	2.781977
15	11	2.804548
15	11	2.826848
15	11	2.849
15	11	2.871439
15	11	2.892966
15	11	2.916071
15	11	2.938931
15	11	2.960626
15	11	2.983263
15	11	3.005675
15	11	3.027547
15	11	3.05063
15	11	3.065189
15	11	3.075976
15	11	3.088063
15	11	3.099632
15	11	3.110582
15	11	3.121642
15	11	3.132646
15	11	3.143502
15	11	3.154742
15	11	3.16624
15	11	3.177077
15	11	3.187682
15	11	3.198549
15	11	3.210523
15	11	3.222405
15	11	3.233499
15	11	3.244051
15	11	3.255099
15	11	3.266206
15	11	3.277854
15	11	3.289049
15	11	3.301044
15	11	3.311024
15	11	3.322202
15	11	3.33366
15	11	3.344187
15	11	3.356308
15	11	3.367959
15	11	3.379195
15	11	3.390007
15	11	3.401423
15	11	3.413351
15	11	3.425015
16	11	3.439531
16	11	3.451911
16	11	3.466676
16	11	3.481372
16	11	3.492088
16	11	3.503604
16	11	3.515033
16	11	3.525735
16	11	3.537956
17	11	3.549792
17	11	3.561695
17	11	3.575053
17	11	3.589317
17	11	3.602498
17	11	3.618237
17	11	3.631551
17	11	3.653193
18	11	3.675859
18	11	3.698014
18	11	3.720627
18	11	3.745107
18	11	3.767954
18	11	3.789621
19	11	3.809134
19	11	3.832157
19	11	3.855942
19	11	3.87945
19	11	3.899886
20	11	3.923989
20	11	3.94652
20	11	3.967215
20	11	3.990667
20	11	4.012914
20	11	4.033508
21	11	4.055473
21	11	4.080645
21	11	4.094309
21	11	4.10706
21	11	4.117065
21	11	4.128143
21	11	4.139533
21	11	4.151517
22	11	4.161663
22	11	4.174261
22	11	4.185538
22	11	4.199989
22	11	4.214646
22	11	4.229949
22	11	4.243943
22	11	4.255199
22	11	4.266733
22	11	4.277349
23	11	4.288345
23	11	4.299801
23	11	4.311699
23	11	4.325255
23	11	4.339103
23	11	4.351325
23	11	4.361671
23	11	4.372915
23	11	4.388713
23	11	4.402582
24	11	4.415288
24	11	4.427858
24	11	4.440454
24	11	4.453596
24	11	4.467765
24	11	4.478815
24	11	4.489605
24	11	4.500797
24	11	4.511429
24	11	4.522077
25	11	4.535828
25	11	4.560455
25	11	4.584922
25	11	4.604807
25	11	4.625122
25	11	4.647859
26	11	4.670226
26	11	4.692726
26	11	4.716805
26	11	4.739137
26	11	4.75852
27	11	4.781026
27	11	4.803169
27	11	4.826432
27	11	4.850917
27	11	4.873252
27	10	4.894824
27	10	4.915518
27	10	4.938126
27	10	4.961912
27	10	4.984832
27	10	5.005488
27	9	5.029752
27	9	5.045643
27	9	5.06062
27	9	5.072355
27	9	5.084991
27	9	5.096148
27	9	5.108858
27	9	5.120584
27	9	5.131487
27	8	5.14282
27	8	5.158857
27	8	5.173415
27	8	5.188025
27	8	5.19949
27	8	5.210414
27	8	5.22174
27	8	5.233161
27	8	5.243575
27	8	5.254595
27	8	5.265631
27	8	5.277034
27	8	5.288651
27	8	5.299709
27	8	5.3108
26	8	5.326154
26	8	5.339699
26	8	5.352399
26	8	5.366181
26	8	5.381958
26	8	5.392426
26	8	5.402868
26	8	5.417832
25	8	5.440598
25	8	5.463438
25	8	5.488266
25	8	5.509715
25	8	5.529951
25	8	5.552129
25	8	5.57446
25	8	5.59623
25	8	5.619187
25	8	5.644077
25	7	5.666455
25	7	5.686183
25	7	5.709582
25	7	5.733481
25	7	5.755493
25	7	5.7769
25	6	5.800431
25	6	5.822868
25	6	5.844926
25	6	5.865323
25	6	5.887388
25	6	5.898511
25	5	5.910268
25	5	5.920876
25	5	5.933011
25	5	5.94591
25	5	5.959058
25	5	5.970217
25	5	5.980891
25	5	5.991697
25	5	6.003263
25	5	6.014423
25	5	6.025688
25	5	6.037689
25	5	6.047798
25	5	6.058926
25	5	6.070174
25	5	6.081272
25	5	6.092417
26	5	6.103824
26	5	6.114903
26	5	6.125773
26	5	6.140203
26	5	6.152635
26	5	6.164033
26	5	6.175961
26	5	6.186401
26	5	6.19674
26	5	6.208067
27	5	6.218744
27	5	6.229088
27	5	6.241391
27	5	6.255529
27	5	6.27047
27	5	6.284084
27	5	6.295141
27	5	6.30572
27	5	6.316864
27	5	6.327195
27	5	6.338492
27	5	6.348911
27	5	6.359519
27	5	6.370383
27	5	6.381688
27	5	6.392476
27	5	6.403844
27	5	6.4153
27	5	6.426355
27	5	6.438324
27	5	6.45012
27	5	6.466833
27	5	6.478255
27	5	6.488932
27	5	6.499808
27	5	6.510744
27	4	6.521841
27	4	6.532951
27	4	6.544453
27	4	6.558577
27	4	6.573828
27	4	6.587919
27	4	6.606121
27	4	6.617104
27	4	6.635688
27	3	6.657121
27	3	6.680157
27	3	6.705341
27	3	6.726929
27	3	6.749119
27	2	6.772402
27	2	6.792093
27	2	6.816497
27	2	6.839483
27	2	6.858697
27	2	6.881538
27	2	6.906411
27	2	6.927681
27	2	6.947919
27	2	6.970531
26	2	6.992406
26	2	7.014814
26	2	7.038591
26	2	7.062657
26	2	7.076871
26	2	7.08718
26	2	7.098705
25	2	7.110665
25	2	7.121643
25	2	7.133593
25	2	7.147579
25	2	7.161808
25	2	7.173668
25	2	7.185105
25	2	7.196278
25	2	7.209952
25	2	7.223496
24	2	7.23524
24	2	7.245335
24	2	7.257449
24	2	7.272262
24	2	7.28589
24	2	7.296419
24	2	7.308384
24	2	7.31988
24	2	7.330611
24	2	7.34173
23	2	7.352859
23	2	7.367135
23	2	7.382935
23	2	7.396646
23	2	7.407709
23	2	7.418645
23	2	7.42965
23	2	7.441082
23	2	7.451646
23	2	7.462355
22	2	7.473276
22	2	7.483483
22	2	7.495942
22	2	7.520926
22	2	7.54353
22	2	7.565901
22	2	7.58533
22	3	7.607409
22	3	7.630136
22	3	7.654478
22	3	7.679039
22	3	7.700253
22	4	7.721775
22	4	7.742079
22	4	7.764246
22	4	7.788198
22	4	7.810951
22	4	7.831604
22	5	7.857332
22	5	7.878886
22	5	7.900433
22	5	7.920949
22	5	7.943207
23	5	7.965566
23	5	7.987945
23	5	8.008018
23	5	8.02284
23	5	8.034542
23	5	8.046107
23	5	8.057779
23	5	8.069115
23	5	8.078622
24	5	8.090328
24	5	8.101315
24	5	8.112625
24	5	8.128424
24	5	8.144035
24	5	8.158378
24	5	8.172226
24	5	8.18328
24	5	8.194318
25	5	8.205164
25	5	8.215969
25	5	8.227011
25	5	8.237654
25	5	8.24837
25	5	8.258751
25	5	8.269756
25	5	8.281528
25	5	8.292758
25	5	8.304166
25	5	8.314454
25	5	8.325507
26	5	8.34453
26	5	8.366667
26	5	8.389215
26	5	8.411455
26	5	8.434458
27	5	8.457131
27	5	8.478954
27	5	8.501699
27	5	8.523272
27	5	8.545745
27	5	8.568583
27	4	8.590591
27	4	8.612951
27	4	8.637904
27	4	8.657202
27	4	8.679661
27	3	8.702716
27	3	8.724584
27	3	8.746922
27	3	8.769715
27	3	8.79187
27	3	8.813839
27	2	8.825473
27	2	8.837525
27	2	8.847349
27	2	8.858633
27	2	8.869835
27	2	8.880794
27	2	8.891931
27	2	8.903352
27	2	8.91402
27	2	8.926461
27	2	8.938809
27	2	8.949861
27	2	8.961129
27	2	8.97236
27	2	8.982952
27	2	8.993426
27	2	9.004157
27	2	9.014821
27	2	9.026105
27	2	9.038239
27	2	9.049443
27	2	9.060595
27	2	9.072443
26	2	9.084378
26	2	9.096091
26	2	9.107755
26	2	9.119817
26	2	9.131888
26	2	9.143968
26	2	9.155311
26	2	9.167404
26	2	9.178763
26	2	9.190059
26	2	9.201134
25	2	9.21196
25	2	9.222666
25	2	9.234627
25	2	9.245042
25	2	9.256618
25	2	9.267278
25	2	9.278727
25	2	9.289886
25	2	9.301586
25	2	9.31799
24	2	9.330007
24	2	9.341341
24	2	9.352387
24	2	9.362741
24	2	9.375313
24	2	9.386772
24	2	9.397711
24	2	9.409609
24	2	9.421144
24	2	9.431861
24	2	9.443989
23	2	9.456389
23	2	9.467186
23	2	9.478786
23	2	9.490431
23	2	9.50113
23	2	9.512528
23	2	9.523296
23	2	9.534622
23	2	9.546225
23	2	9.557703
23	2	9.569121
22	2	9.579868
22	2	9.590401
22	2	9.601936
22	2	9.613217
22	2	9.623655
22	2	9.635302
22	2	9.646496
22	2	9.657273
22	2	9.669179
22	2	9.680895
22	2	9.692276
22	3	9.703877
22	3	9.715036
22	3	9.726054
22	3	9.737535
22	3	9.748987
22	3	9.760215
22	3	9.770786
22	3	9.780885
22	3	9.796686
22	4	9.819342
22	4	9.84115
22	4	9.864039
22	4	9.886479
22	4	9.908561
22	4	9.930248
22	5	9.952881
22	5	9.975495
22	5	9.99811
22	5	10.02052
22	5	10.04226
22	5	10.06426
22	5	10.08698
22	5	10.11011
22	5	10.1346
22	5	10.15629
22	5	10.17692
22	6	10.20137
22	6	10.22423
22	6	10.24548
22	6	10.2662
22	6	10.27752
22	6	10.28938
22	6	10.29997
22	7	10.31121
22	7	10.32269
22	7	10.33434
22	7	10.34858
22	7	10.36267
22	7	10.37481
22	7	10.38603
22	7	10.397
22	7	10.40863
22	7	10.41952
22	8	10.43026
22	8	10.44086
22	8	10.4522
22	8	10.46725
22	8	10.48119
22	8	10.49337
22	8	10.50902
22	8	10.52274
22	8	10.53395
22	8	10.54537
22	9	10.5568
22	9	10.56742
22	9	10.57953
22	9	10.59291
22	9	10.60721
22	9	10.61751
22	9	10.62828
22	9	10.6448
22	9	10.66287
22	10	10.68245
22	10	10.694
22	10	10.70594
22	10	10.71625
22	10	10.72707
22	10	10.7384
22	10	10.7498
22	10	10.76047
22	10	10.77182
22	10	10.78216
22	11	10.80209
22	11	10.82403
22	11	10.84677
22	11	10.87138
22	11	10.89361
22	11	10.91392
22	12	10.9374
22	12	10.95872
22	12	10.98276
22	12	11.00507
22	12	11.02566
22	13	11.04757
22	13	11.06988
22	13	11.09294
22	13	11.11819
22	13	11.14049
22	14	11.16162
22	14	11.18101
22	14	11.20484
22	14	11.2285
22	14	11.25072
22	14	11.27189
22	15	11.2859
22	15	11.30132
22	15	11.3131
22	15	11.32707
22	15	11.34171
22	15	11.35279
22	15	11.36428
22	15	11.37518
22	15	11.38712
22	15	11.39818
22	16	11.40964
22	16	11.42074
22	16	11.43325
22	16	11.44727
22	16	11.46149
22	16	11.47359
22	16	11.48488
22	16	11.49644
22	16	11.50765
22	16	11.51832
23	16	11.52957
23	16	11.54093
23	16	11.55288
23	16	11.56662
23	16	11.58073
23	16	11.59242
23	16	11.60681
23	16	11.62089
23	16	11.63214
23	16	11.6454
24	16	11.65683
24	16	11.66767
24	16	11.68092
24	16	11.69752
24	16	11.72019
24	16	11.73984
24	16	11.76202
25	16	11.78648
25	16	11.80974
25	16	11.83133
25	16	11.85245
25	16	11.87437
26	16	11.89665
26	16	11.91916
26	16	11.94448
27	14	12.27781
27	14	12.30892
27	14	12.32949
27	14	12.34233
27	14	12.3531
27	14	12.36297
27	14	12.37621
27	13	12.39888
27	13	12.43298
27	13	12.46865
27	13	12.50148
27	13	12.53414
27	13	12.56945
27	13	12.60107
27	13	12.63316
27	13	12.66659
27	13	12.69975
27	13	12.73365
27	13	12.76767
27	13	12.80066
26	13	12.83417
26	13	12.86808
26	13	12.90318
25	13	12.93883
25	13	12.97261
25	13	13.0055
25	13	13.0383
25	13	13.06937
25	13	13.10291
25	13	13.13854
25	13	13.17204
25	13	13.192
25	13	13.21383
25	13	13.23582
25	13	13.25912
25	13	13.28137
25	13	13.30337
25	13	13.32549
25	13	13.3482
25	13	13.36986
25	13	13.39244
25	13	13.41575
25	13	13.43688
25	13	13.45911
25	13	13.48182
25	13	13.50383
25	13	13.52626
25	13	13.5494
25	13	13.57109
25	13	13.59298
25	13	13.6156
25	13	13.63773
25	13	13.66052
25	13	13.68314
25	13	13.70529
25	13	13.72768
25	13	13.75
25	13	13.7716
25	13	13.79401
25	13	13.81723
25	13	13.83921
25	13	13.86172
25	13	13.88469
25	12	13.90646
25	12	13.92979
25	12	13.95225
25	12	13.97736
25	12	14.00088
25	12	14.01916
25	11	14.04188
25	11	14.06672
25	11	14.08841
25	11	14.1077
25	11	14.13018
25	10	14.15259
25	10	14.17483
25	10	14.1969
25	10	14.22216
25	10	14.24449
25	10	14.26464
25	10	14.28668
25	10	14.3091
25	10	14.33156
25	10	14.35394
25	11	14.37624
25	11	14.39821
25	11	14.42029
25	11	14.43205
25	11	14.44365
25	11	14.45443
25	11	14.46592
25	11	14.47711
25	11	14.48827
25	12	14.49933
25	12	14.51147
25	12	14.52269
25	12	14.53372
25	12	14.54464
25	12	14.55671
25	12	14.56784
25	12	14.57922
25	12	14.59538
25	12	14.60753
25	13	14.62299
25	13	14.63468
25	13	14.6464
25	13	14.65728
25	13	14.66893
25	13	14.67978
25	13	14.69171
25	13	14.70352
25	13	14.7145
25	13	14.72536
25	13	14.73656
26	13	14.74783
26	13	14.75915
26	13	14.7717
26	13	14.78256
26	13	14.79408
26	13	14.80531
26	13	14.81617
26	13	14.82786
26	13	14.83896
26	13	14.85022
27	13	15.0349
27	13	15.05071
27	13	15.06626
27	13	15.08195
27	14	15.0945
27	14	15.10737
27	14	15.11793
27	14	15.12978
27	14	15.1405
27	14	15.15174
27	14	15.16224
27	14	15.17388
27	14	15.18501
27	14	15.19589
27	15	15.2075
27	15	15.21828
27	15	15.22945
27	15	15.24019
27	15	15.2526
27	15	15.26459
27	15	15.27559
27	15	15.28713
27	15	15.2978
27	15	15.30824
27	15	15.31977
27	16	15.33034
27	16	15.34161
27	16	15.35312
27	16	15.3636
27	16	15.37476
27	16	15.38633
27	16	15.3966
27	16	15.40725
27	16	15.41788
27	16	15.42852
27	16	15.43984
27	17	15.45122
27	17	15.46181
27	17	15.47356
27	17	15.48841
27	17	15.5028
27	17	15.51898
27	17	15.53241
27	17	15.5432
27	17	15.55577
27	17	15.56676
27	18	15.57874
27	18	15.59083
27	18	15.6023
27	18	15.61634
27	18	15.63023
27	18	15.64121
27	18	15.65382
27	18	15.66638
27	18	15.67979
27	19	15.6938
27	19	15.71628
27	19	15.73878
27	19	15.7636
27	19	15.78645
27	19	15.80636
26	19	15.83099
26	19	15.85393
26	19	15.87604
26	19	15.89523
26	19	15.91841
25	19	15.93943
25	19	15.9627
25	19	15.98765
25	19	16.00908
25	19	16.02898
25	19	16.05236
25	19	16.07421
25	19	16.09638
25	19	16.11973
25	19	16.14395
25	20	16.16519
25	20	16.17721
25	20	16.18858
25	20	16.20113
25	20	16.21455
25	20	16.22548
25	20	16.2353
25	20	16.24566
25	20	16.25697
25	20	16.26806
25	20	16.27943
25	21	16.29411
25	21	16.30909
25	21	16.32279
25	21	16.33412
25	21	16.34534
25	21	16.35674
25	21	16.36701
25	21	16.37782
25	21	16.38841
25	21	16.39921
25	22	16.41007
25	22	16.42141
25	22	16.43362
25	22	16.44748
25	22	16.4601
25	22	16.47052
25	22	16.48103
25	22	16.4916
25	22	16.5023
25	22	16.5134
25	22	16.52543
26	22	16.53583
26	22	16.54903
26	22	16.56104
26	22	16.57549
26	22	16.58933
26	22	16.60303
26	22	16.61831
26	22	16.63286
26	22	16.64509
27	22	16.65698
27	22	16.66741
27	22	16.67939
27	22	16.69282
27	22	16.7068
27	22	16.71915
27	22	16.72911
27	22	16.74015
27	22	16.75384
27	22	16.76738
27	22	16.77794
27	22	16.78863
27	22	16.80004
27	22	16.82256
27	23	16.8446
27	23	16.86668
27	23	16.88948
27	23	16.91432
27	23	16.9369
27	24	16.95999
27	24	16.97863
27	24	17.00118
27	24	17.02552
27	24	17.04804
27	24	17.06807
27	25	17.09226
27	25	17.11461
27	25	17.13528
27	25	17.1595
27	25	17.18232
27	25	17.20226
27	26	17.225
27	26	17.25002
27	26	17.27199
27	26	17.29176
27	26	17.3141
27	26	17.32582
27	27	17.33807
27	27	17.34998
27	27	17.36223
27	27	17.37569
27	27	17.38966
27	27	17.40335
27	27	17.41399
27	27	17.4252
27	27	17.4366
27	28	17.45208
27	28	17.4638
27	28	17.4755
27	28	17.48962
27	28	17.50268
27	28	17.51318
27	28	17.52379
27	28	17.53575
27	28	17.55023
27	28	17.56399
27	29	17.57491
27	29	17.5855
27	29	17.59743
27	29	17.61277
27	29	17.62573
27	29	17.63646
27	29	17.64869
27	29	17.65979
27	29	17.67073
27	29	17.6818
27	29	17.69304
27	29	17.7072
27	29	17.72064
26	29	17.73199
26	29	17.74255
26	29	17.75505
26	29	17.76845
26	29	17.78219
26	29	17.79237
26	29	17.80437
26	29	17.81698
26	29	17.83027
26	29	17.84106
25	29	17.85275
25	29	17.86649
25	29	17.88118
25	29	17.89501
25	29	17.90624
25	29	17.91776
25	29	17.92813
25	29	17.93967
25	29	17.95137
25	29	17.96135
24	29	17.97276
24	29	17.98351
24	29	17.99506
24	29	18.0099
24	29	18.02479
24	29	18.03873
24	29	18.04988
24	29	18.06059
24	29	18.07261
24	29	18.08451
23	29	18.09552
23	29	18.10699
23	29	18.11911
23	29	18.13229
23	29	18.14634
23	29	18.15735
23	29	18.16997
23	29	18.18467
23	29	18.19884
23	29	18.20966
24	29	18.22129
24	29	18.23225
24	29	18.24304
24	29	18.25466
24	29	18.26635
24	29	18.27765
24	29	18.28856
24	29	18.29972
24	29	18.31136
24	29	18.32321
24	29	18.33396
25	29	18.34544
25	29	18.35695
25	29	18.36801
25	29	18.38039
25	29	18.39155
25	29	18.40331
25	29	18.41367
25	29	18.4246
25	29	18.43513
25	29	18.44576
25	29	18.45694
26	29	18.46798
26	29	18.4793
26	29	18.48993
26	29	18.50078
26	29	18.51235
26	29	18.52324
26	29	18.53432
26	29	18.55189
26	29	18.56334
26	29	18.57395
27	29	18.5865
27	29	18.59793
27	29	18.60937
27	29	18.62064
27	29	18.63121
27	29	18.64526
27	29	18.65911
27	29	18.66993
27	29	18.68144
27	29	18.69227
27	29	18.70315
27	28	18.71436
27	28	18.72541
27	28	18.73611
27	28	18.74711
27	28	18.75858
27	28	18.77036
27	28	18.7814
27	28	18.79324
27	28	18.80429
27	28	18.8154
27	28	18.82645
27	27	18.83718
27	27	18.8485
27	27	18.85881
27	27	18.86979
27	27	18.88084
27	27	18.89211
27	27	18.90352
27	27	18.91468
27	27	18.92638
27	27	18.93786
27	26	18.94921
27	26	18.96053
27	26	18.97161
27	26	18.98385
27	26	18.9942
27	26	19.00545
27	26	19.01602
27	26	19.02754
27	26	19.03773
27	26	19.04866
27	26	19.05948
27	26	19.07081
27	25	19.08189
27	25	19.09453
27	25	19.10629
27	25	19.11715
27	25	19.1279
27	25	19.13865
27	25	19.14949
27	25	19.16106
27	25	19.17265
27	25	19.18367
27	24	19.19458
27	24	19.20511
27	24	19.21667
27	24	19.22742
27	24	19.23814
27	24	19.24963
27	24	19.26093
27	24	19.27188
27	24	19.28248
27	24	19.29389
27	24	19.30468
27	23	19.31568
27	23	19.32637
27	23	19.33697
27	23	19.34875
27	23	19.35907
27	23	19.37058
27	23	19.38129
27	23	19.39163
27	23	19.4032
27	23	19.41409
27	23	19.42533
27	23	19.43581
27	22	19.44679
27	22	19.45832
27	22	19.46857
27	22	19.48003
27	22	19.49118
27	22	19.50291
27	22	19.51501
27	22	19.52597
27	22	19.5367
27	22	19.54799
27	22	19.55977
27	22	19.57031
27	22	19.58144
27	22	19.59202
27	22	19.60299
27	22	19.6182
27	22	19.63002
27	22	19.64072
27	22	19.6523
27	22	19.66334
27	22	19.67446
27	22	19.68524
27	22	19.69627
27	22	19.7083
27	22	19.71959
27	22	19.73904
27	22	19.74984
27	22	19.76108
27	22	19.77199
27	22	19.78263
27	22	19.79313
27	22	19.80285
27	22	19.81395
27	22	19.82416
27	22	19.83424
27	22	19.84516
27	22	19.85476
27	22	19.86438
27	22	19.87502
27	22	19.88561
27	22	19.8961
27	22	19.90643
27	22	19.91674
27	22	19.92739
27	22	19.93907
26	22	19.9505
26	22	19.96112
26	22	19.97224
26	22	19.98417
26	22	19.99501
26	22	20.00624
26	22	20.01736
26	22	20.0294
26	22	20.04044
26	22	20.05041
26	22	20.06122
25	22	20.073
25	22	20.08391
25	22	20.09576
25	22	20.10693
25	22	20.11825
25	22	20.12852
25	22	20.14038
25	22	20.16002
25	22	20.17204
25	22	20.18373
24	22	20.19414
24	22	20.20473
24	22	20.21623
24	22	20.22967
24	22	20.24335
24	22	20.25467
24	22	20.26535
24	22	20.2769
24	22	20.28802
24	22	20.29836
24	22	20.31001
23	22	20.32087
23	22	20.33148
23	22	20.34526
23	22	20.35979
23	22	20.37419
23	22	20.38554
23	22	20.39652
23	22	20.40774
23	22	20.41845
23	22	20.43027
22	22	20.44185
22	22	20.45339
22	22	20.46583
22	22	20.48162
22	22	20.49461
22	22	20.50636
22	22	20.52052
22	22	20.53386
22	22	20.54528
22	22	20.55786
22	21	20.56849
22	21	20.57981
22	21	20.59798
22	21	20.62241
22	21	20.6448
22	21	20.6691
22	20	20.68994
22	20	20.71219
22	20	20.73191
22	20	20.75654
22	20	20.77848
22	20	20.79825
22	19	20.82158
22	19	20.8462
22	19	20.86745
22	19	20.88774
22	19	20.91073
22	18	20.93328
22	18	20.95528
22	18	20.97844
22	18	21.00266
22	18	21.02561
22	18	21.04475
22	17	21.06709
22	17	21.07877
22	17	21.09279
22	17	21.10575
22	17	21.11742
22	17	21.12766
22	17	21.13817
22	17	21.15334
22	17	21.16723
22	16	21.17961
22	16	21.19144
22	16	21.2024
22	16	21.2146
22	16	21.22573
22	16	21.23664
22	16	21.24885
22	16	21.26352
22	16	21.2758
22	16	21.28684
22	17	21.2989
22	17	21.31021
22	17	21.32138
22	17	21.33317
22	17	21.34415
22	17	21.35527
22	17	21.36643
22	17	21.37823
22	17	21.3889
22	17	21.39928
22	17	21.41078
22	18	21.42136
22	18	21.43206
22	18	21.44625
22	18	21.46896
22	18	21.49119
22	18	21.51416
22	18	21.53554
22	19	21.55823
22	19	21.58056
22	19	21.60255
22	19	21.62561
22	19	21.64753
22	20	21.66925
22	20	21.69186
22	20	21.71443
22	20	21.73678
22	20	21.75942
22	20	21.78204
22	21	21.80392
22	21	21.82682
22	21	21.84874
22	21	21.87081
22	21	21.89361
22	22	21.91637
22	22	21.93872
22	22	21.94999
22	22	21.96166
22	22	21.9724
22	22	21.98323
22	22	21.99477
22	22	22.00516
22	22	22.0168
22	23	22.02799
22	23	22.03898
22	23	22.05009
22	23	22.06383
22	23	22.07626
22	23	22.08701
22	23	22.09805
22	23	22.11114
22	23	22.12547
22	23	22.13396
22	23	22.14305
22	24	22.154
22	24	22.16468
22	24	22.1768
22	24	22.19047
22	24	22.20368
22	24	22.2148
22	24	22.22584
22	24	22.23543
22	24	22.24718
22	24	22.26396
22	25	22.27841
22	25	22.29255
22	25	22.3033
22	25	22.31852
22	25	22.33225
22	25	22.34337
22	25	22.3543
22	25	22.36447
22	25	22.37618
22	25	22.38776
23	25	22.39806
23	25	22.40863
23	25	22.42101
23	25	22.43498
23	25	22.44837
23	25	22.45968
23	25	22.46953
23	25	22.48042
23	25	22.4909
23	25	22.50225
23	25	22.5144
24	25	22.52538
24	25	22.53559
24	25	22.54732
24	25	22.56203
24	25	22.57681
24	25	22.59092
24	25	22.60431
24	25	22.6157
24	25	22.62836
25	25	22.64053
25	25	22.65345
25	25	22.66653
25	25	22.68305
25	25	22.70096
25	25	22.71615
25	25	22.72955
25	25	22.74414
25	25	22.75686
26	25	22.77614
26	25	22.79895
26	25	22.82262
26	25	22.84554
26	25	22.86531
25	25	22.88773
25	25	22.91267
25	25	22.93433
25	25	22.95518
25	25	22.97751
25	25	22.99979
24	25	23.02206
24	25	23.04461
24	25	23.06641
24	25	23.08904
24	25	23.11126
23	25	23.13298
23	25	23.15511
23	25	23.17901
23	25	23.20046
23	25	23.22275
23	25	23.23332
23	25	23.24576
22	25	23.25802
22	25	23.26893
22	25	23.28049
22	25	23.29133
22	25	23.30173
22	25	23.31258
22	25	23.32325
22	25	23.33474
22	25	23.34667
22	25	23.35805
22	25	23.36844
22	24	23.38038
22	24	23.3919
22	24	23.40262
22	24	23.41401
22	24	23.4246
22	24	23.43531
22	24	23.44671
22	24	23.45761
22	24	23.46867
22	24	23.4801
22	24	23.49148
22	25	23.50274
22	25	23.51367
22	25	23.52489
22	25	23.53524
22	25	23.54767
22	25	23.55962
22	25	23.57085
22	25	23.58655
22	25	23.59726
22	25	23.60835
22	26	23.62015
22	26	23.63057
22	26	23.6424
22	26	23.65751
22	26	23.67072
22	26	23.68504
22	26	23.69894
22	26	23.70981
22	26	23.72048
22	26	23.73152
22	27	23.74254
22	27	23.75394
22	27	23.76555
22	27	23.77992
22	27	23.79359
22	27	23.8043
22	27	23.81583
22	27	23.82746
22	27	23.8416
22	27	23.85595
22	28	23.86564
22	28	23.87672
22	28	23.8891
22	28	23.90277
22	28	23.91805
22	28	23.92945
22	28	23.93978
22	28	23.95072
22	28	23.96095
22	28	23.97141
22	29	23.99383
22	29	24.01838
22	29	24.04025
22	29	24.06034
22	29	24.0827
21	29	24.10492
21	29	24.1272
21	29	24.15007
21	29	24.17474
21	29	24.19722
21	29	24.21647
20	29	24.23883
20	29	24.26242
20	29	24.28592
20	29	24.30939
20	29	24.33117
19	29	24.35312
19	29	24.37289
19	29	24.39586
19	29	24.41983
19	29	24.44213
19	29	24.46279
18	29	24.4767
18	29	24.48977
18	29	24.50115
18	29	24.51525
18	29	24.52798
18	29	24.53959
18	29	24.5518
18	29	24.56279
18	29	24.57294
18	29	24.58381
17	29	24.59439
17	29	24.60432
17	29	24.61582
17	29	24.63054
17	29	24.64493
17	29	24.65607
17	29	24.66692
17	29	24.67778
17	29	24.68874
17	29	24.69964
17	29	24.71047
16	29	24.72071
16	29	24.73592
16	29	24.74961
16	29	24.76432
16	29	24.77836
16	29	24.79235
16	29	24.80645
16	29	24.81878
16	29	24.8293
16	29	24.84073
16	29	24.85196
16	29	24.86385
16	29	24.87511
16	29	24.88624
16	29	24.89745
16	29	24.90767
16	28	24.92302
16	28	24.94362
16	28	24.96593
16	28	24.99019
16	28	25.01271
16	28	25.03259
16	27	25.05487
16	27	25.07746
16	27	25.10257
16	27	25.12476
16	27	25.14668
16	26	25.16702
16	26	25.18974
16	26	25.2115
16	26	25.23569
16	26	25.25866
16	26	25.28097
16	25	25.30285
16	25	25.32287
16	25	25.34803
16	25	25.36963
16	25	25.39058
17	25	25.41307
17	25	25.42896
17	25	25.44419
17	25	25.45753
17	25	25.46867
17	25	25.47934
17	25	25.49
17	25	25.50086
17	25	25.51173
17	25	25.52304
18	25	25.5337
18	25	25.54566
18	25	25.55768
18	25	25.57127
18	25	25.5874
18	25	25.60138
18	25	25.61264
18	25	25.62356
18	25	25.63427
18	25	25.64639
19	25	25.6571
20	25	25.88647
21	25	25.90551
21	25	25.92594
21	25	25.93961
21	25	25.9517
21	25	25.96281
21	25	25.97451
21	25	25.98621
21	25	25.99763
21	25	26.00767
22	25	26.01921
22	25	26.03106
22	25	26.04255
22	25	26.05698
22	25	26.07045
22	25	26.08225
22	25	26.09328
22	25	26.10292
22	25	26.11583
22	25	26.13741
22	24	26.15993
22	24	26.18291
22	24	26.20413
22	24	26.22731
22	24	26.24939
22	23	26.27218
22	23	26.29447
22	23	26.31783
22	23	26.33885
22	23	26.36907
22	23	26.37802
22	22	26.40279
22	22	26.42593
22	22	26.44847
22	22	26.4707
22	22	26.49318
22	21	26.51543
22	21	26.53799
22	21	26.56038
22	21	26.58282
22	21	26.60483
22	21	26.61534
22	20	26.62737
22	20	26.63765
22	20	26.64907
22	20	26.66016
22	20	26.67103
22	20	26.68258
22	20	26.69415
22	20	26.70643
22	20	26.71644
22	20	26.72757
22	20	26.73849
22	19	26.74963
22	19	26.76221
22	19	26.77411
22	19	26.78385
22	19	26.79416
22	19	26.80516
22	19	26.81657
22	19	26.82749
22	19	26.83902
22	19	26.85042
22	19	26.86123
22	18	26.8727
22	18	26.88403
22	18	26.89572
22	18	26.90727
22	18	26.91888
22	18	26.93126
22	18	26.94373
22	18	26.95447
22	18	26.9665
22	18	26.97846
22	18	26.99057
22	17	27.00216
22	17	27.01367
22	17	27.02488
22	17	27.04176
22	17	27.05956
22	17	27.07072
22	17	27.08228
22	17	27.09361
22	17	27.10469
22	16	27.11642
22	16	27.12685
22	16	27.13834
22	16	27.14921
22	16	27.16396
22	16	27.17729
22	16	27.18969
22	16	27.20217
22	16	27.21267
22	16	27.22457
22	16	27.23567
22	15	27.24682
22	15	27.25911
22	15	27.27027
22	15	27.28145
22	15	27.29223
22	15	27.30376
22	15	27.31417
22	15	27.32541
22	15	27.33654
22	15	27.34698
22	15	27.35835
22	14	27.37074
22	14	27.38162
22	14	27.39331
22	14	27.40456
22	14	27.41506
22	14	27.42588
22	14	27.43704
22	14	27.44737
22	14	27.45921
22	14	27.4701
22	14	27.48181
22	13	27.49352
22	13	27.50491
22	13	27.51684
22	13	27.52721
22	13	27.53993
22	13	27.55094
22	13	27.56197
22	13	27.5724
22	13	27.58395
22	13	27.59504
22	12	27.60597
22	12	27.61736
22	12	27.62864
22	12	27.63912
22	12	27.65009
22	12	27.66077
22	12	27.67292
22	12	27.68395
22	12	27.69512
22	12	27.70623
22	12	27.71706
22	11	27.72858
22	11	27.74018
22	11	27.75086
22	11	27.7608
22	11	27.77269
22	11	27.78804
22	11	27.79911
22	11	27.80957
22	11	27.82172
22	11	27.83133
22	11	27.84201
22	10	27.85279
22	10	27.86327
22	10	27.87404
22	10	27.88512
22	10	27.90289
22	10	27.92511
22	10	27.9469
22	10	27.97009
22	9	27.99124
22	9	28.01391
22	9	28.03718
22	9	28.05841
22	9	28.08097
22	8	28.10375
22	8	28.12561
22	8	28.14766
22	8	28.1706
22	8	28.19251
22	8	28.21511
22	7	28.23765
22	7	28.25999
22	7	28.28254
22	7	28.30449
22	7	28.32807
22	6	28.34989
22	6	28.37152
22	6	28.38328
22	6	28.39475
22	6	28.40625
22	6	28.41714
22	6	28.42766
22	6	28.43913
22	6	28.45044
22	4	28.78377
22	4	28.81244
22	4	28.82629
22	3	28.83985
22	3	28.85163
22	3	28.8632
22	3	28.87532
22	3	28.88553
22	3	28.89636
22	3	28.90802
22	3	28.91883
22	3	28.92954
22	3	28.94132
22	2	28.95174
22	2	28.96271
22	2	28.97426
22	2	28.98488
22	2	28.9958
22	2	29.0071
22	2	29.01777
22	2	29.02808
22	2	29.03905
22	2	29.05066
22	2	29.06188
22	2	29.07158
22	2	29.08151
22	2	29.09052
22	2	29.10472
22	2	29.11509
22	2	29.12739
22	2	29.13778
22	2	29.14863
22	2	29.15991
22	2	29.17091
22	2	29.18214
22	2	29.1936
22	2	29.20497
22	2	29.2152
21	2	29.22676
21	2	29.23822
21	2	29.24972
21	2	29.2628
21	2	29.27527
21	2	29.28622
21	2	29.29617
21	2	29.30592
21	2	29.3162
21	2	29.32799
21	2	29.33988
20	2	29.3505
20	2	29.36121
20	2	29.37291
20	2	29.38558
20	2	29.39685
20	2	29.41105
20	2	29.42112
20	2	29.43231
20	2	29.44342
20	2	29.45224
20	2	29.46214
19	2	29.47289
19	2	29.48371
19	2	29.49554
19	2	29.50917
19	2	29.52074
19	2	29.53195
19	2	29.54335
19	2	29.55517
19	2	29.56668
19	2	29.57827
19	2	29.5928
18	2	29.60556
18	2	29.6188
18	2	29.62957
18	2	29.64062
18	2	29.65011
18	2	29.65976
18	2	29.66818
18	2	29.67895
18	2	29.69026
18	2	29.70188
18	2	29.71214
17	2	29.72411
17	2	29.73553
17	2	29.75125
17	2	29.76871
17	2	29.7797
17	2	29.79161
17	2	29.80383
17	2	29.8137
17	2	29.82482
17	2	29.83595
16	2	29.84733
16	2	29.85984
16	2	29.87403
16	2	29.88983
16	2	29.90365
16	2	29.91807
16	2	29.9289
16	2	29.93982
16	2	29.95065
15	2	30.01343
15	2	30.02953
15	2	30.0445
15	2	30.05975
15	2	30.07364
14	2	30.08409
14	2	30.09475
14	2	30.10766
14	2	30.12352
14	2	30.13733
14	2	30.14875
14	2	30.15973
14	2	30.1704
14	2	30.18077
14	2	30.19177
14	2	30.20256
13	2	30.22623
13	2	30.24848
13	2	30.27036
13	2	30.29058
13	2	30.31276
12	2	30.33513
12	2	30.35862
12	2	30.38269
12	2	30.40499
12	2	30.42535
12	2	30.44737
11	2	30.46991
11	2	30.49287
11	2	30.51659
11	2	30.54127
11	2	30.56133
10	2	30.58133
10	2	30.60394
10	2	30.62619
10	2	30.65045
10	2	30.67479
9	2	30.69661
9	2	30.70941
9	2	30.72042
9	2	30.73381
9	2	30.74757
9	2	30.75915
9	2	30.77116
9	2	30.78171
9	2	30.79253
9	2	30.80322
9	2	30.81475
8	2	30.82582
8	2	30.8393
8	2	30.85343
8	2	30.86705
8	2	30.87758
8	2	30.88803
8	2	30.89893
8	2	30.90981
8	2	30.92009
8	2	30.93063
7	2	30.94173
7	2	30.95295
7	2	30.964
7	2	30.97876
7	2	30.9924
7	2	31.00558
7	2	31.01841
7	2	31.0292
7	2	31.03983
7	2	31.0511
6	2	31.06171
6	2	31.07269
6	2	31.08419
6	2	31.09781
6	2	31.11145
6	2	31.12301
6	2	31.13424
6	2	31.14862
6	2	31.16168
6	2	31.17214
5	2	31.18272
5	2	31.19296
5	2	31.20275
5	2	31.21484
5	2	31.22836
5	2	31.24223
5	2	31.25282
5	2	31.26424
5	2	31.27475
5	2	31.28555
5	2	31.29896
4	2	31.31295
4	2	31.32377
4	2	31.33546
4	2	31.34977
4	2	31.36279
4	2	31.37436
4	2	31.38502
4	2	31.39587
4	2	31.40754
4	2	31.41842
3	2	31.42937
3	2	31.44076
3	2	31.45448
3	2	31.46825
3	2	31.47932
3	2	31.4908
3	2	31.50107
3	2	31.51235
3	2	31.52342
3	2	31.53373
3	2	31.5467
2	2	31.55828
2	2	31.57022
2	2	31.58325
2	2	31.59933
2	2	31.61572
2	2	31.63155
2	2	31.64778
2	2	31.66125
2	3	31.67307
2	3	31.68343
2	3	31.69501
2	3	31.71052
2	3	31.72337
2	3	31.73392
2	3	31.74454
2	3	31.7556
2	3	31.78479
2	4	31.80776
2	4	31.82483
2	4	31.84557
2	4	31.87045
2	4	31.8901
2	4	31.91347
2	5	31.95306
2	5	31.97793
2	5	32.00077
2	5	32.02176
2	5	32.0371
3	4	32.05862
3	4	32.07434
3	4	32.09488
3	4	32.11781
3	4	32.14066
3	4	32.1583
4	4	32.18078
4	4	32.20308
4	4	32.23084
4	4	32.25097
4	4	32.268
5	4	32.28352
5	4	32.30085
5	4	32.31514
5	4	32.33176
5	4	32.35015
5	4	32.36518
5	4	32.38425
6	4	32.40663
6	4	32.42571
6	4	32.45571
6	4	32.47783
6	4	32.49322
6	4	32.50692
6	4	32.52078
7	4	32.53122
7	4	32.54262
7	4	32.55617
7	4	32.56956
7	4	32.58004
7	4	32.59129
7	4	32.60136
7	4	32.6122
7	4	32.62291
7	4	32.63305
7	4	32.64502
7	3	32.66787
7	3	32.69051
7	3	32.71393
7	3	32.73946
7	3	32.76116
7	3	32.78171
7	3	32.80402
7	3	32.82677
7	3	32.85054
7	3	32.87368
7	3	32.89602
7	2	32.91822
7	2	32.93836
7	2	32.96042
7	2	32.98236
7	2	33.00549
8	2	33.0278
8	2	33.05056
8	2	33.07178
8	2	33.0946
8	2	33.1167
8	2	33.13905
9	2	33.15011
9	2	33.16162
9	2	33.17289
9	2	33.18344
9	2	33.19482
9	2	33.20566
9	2	33.21644
9	2	33.22794
9	2	33.23899
9	2	33.25068
9	2	33.26163
10	2	33.27298
10	2	33.28365
10	2	33.29498
10	2	33.30667
10	2	33.31763
10	2	33.32878
10	2	33.34161
10	2	33.35335
10	2	33.36438
10	2	33.37568
10	2	33.38767
11	2	33.40347
11	2	33.41422
11	2	33.42475
11	2	33.43542
11	2	33.44538
11	2	33.45625
11	2	33.4673
11	2	33.47852
11	2	33.48957
11	2	33.5011
11	2	33.51192
12	2	33.52277
12	2	33.53393
12	2	33.54506
12	2	33.55645
12	2	33.56783
12	2	33.57891
12	2	33.58997
12	2	33.60117
12	2	33.61237
12	2	33.62415
12	2	33.63427
13	2	33.64517
13	2	33.65643
13	2	33.67056
13	2	33.68505
13	2	33.69649
13	2	33.70667
13	2	33.71704
13	2	33.72672
13	2	33.73711
13	2	33.74733
13	2	33.75918
14	2	33.77037
14	2	33.78098
14	2	33.79229
14	2	33.80181
14	2	33.81395
14	2	33.82418
14	2	33.83514
14	2	33.84556
14	2	33.8565
14	2	33.86764
14	2	33.87926
15	2	33.88986
15	2	33.90081
15	2	33.91216
15	2	33.92304
15	2	33.9347
15	2	33.94536
15	2	33.95605
15	2	33.96807
15	2	33.97993
15	2	33.99088
15	2	34.00108
16	2	34.01226
16	2	34.02281
16	2	34.034
16	2	34.04623
16	2	34.05728
16	2	34.07011
16	2	34.08171
16	2	34.09226
16	2	34.10286
16	2	34.11423
16	2	34.12588
16	3	34.13772
16	3	34.15008
16	3	34.16298
16	3	34.17558
16	3	34.18622
16	3	34.19709
16	3	34.2076
16	3	34.21833
16	3	34.22911
16	3	34.23912
16	4	34.24975
16	4	34.26004
16	4	34.27119
16	4	34.28483
16	4	34.29727
16	4	34.31089
16	4	34.32127
16	4	34.33319
16	4	34.34452
16	4	34.35495
16	4	34.36519
16	5	34.37506
16	5	34.38536
16	5	34.39553
16	5	34.40874
16	5	34.4221
16	5	34.43328
16	5	34.44436
16	5	34.45767
16	5	34.47573
16	5	34.48623
16	5	34.49689
16	5	34.50853
16	5	34.52005
17	5	34.531
17	5	34.54126
17	5	34.55171
17	5	34.56513
17	5	34.57827
17	5	34.58766
17	5	34.59883
17	5	34.61285
17	5	34.62625
17	5	34.63672
17	5	34.64724
18	5	34.65741
18	5	34.66802
18	5	34.67918
18	5	34.69136
18	5	34.70374
18	5	34.71447
18	5	34.72462
18	5	34.73531
18	5	34.74636
18	5	34.75697
18	5	34.77
19	5	34.78336
19	5	34.79454
19	5	34.80746
19	5	34.82263
19	5	34.83392
19	5	34.84475
19	5	34.85466
19	5	34.86535
19	5	34.87617
19	5	34.88643
19	5	34.89665
19	5	34.90713
19	5	34.9213
19	5	34.93518
19	5	34.94664
19	6	34.95749
19	6	34.96742
19	6	34.97844
19	6	34.99141
19	6	35.00469
19	6	35.01567
19	6	35.02593
19	6	35.03852
19	6	35.06107
19	6	35.08569
19	6	35.10727
19	6	35.12988
19	6	35.14931
19	6	35.17206
19	7	35.19437
19	7	35.21715
19	7	35.24227
19	7	35.26348
19	7	35.28339
19	7	35.30578
20	7	35.32832
20	7	35.35069
20	7	35.37593
20	7	35.39758
20	7	35.41938
21	7	35.43973
21	7	35.46259
21	7	35.48532
21	7	35.50888
21	7	35.53182
21	7	35.55393
22	7	35.56891
22	7	35.57995
22	7	35.58972
22	7	35.60055
22	7	35.6109
22	7	35.62155
22	7	35.63263
22	7	35.64406
22	7	35.65417
22	7	35.66496
22	7	35.67549
22	7	35.68647
22	7	35.69986
22	7	35.71373
22	7	35.72604
22	7	35.73661
22	7	35.74639
21	7	35.75784
21	7	35.76807
21	7	35.78353
21	7	35.79429
21	7	35.80443
21	7	35.81446
21	7	35.82385
21	7	35.8353
21	7	35.84562
21	7	35.8564
21	7	35.86833
20	7	35.87994
20	7	35.89018
20	7	35.90052
20	7	35.91108
20	7	35.92104
20	7	35.93212
20	7	35.94289
20	7	35.95391
20	7	35.96517
20	7	35.97665
20	7	35.9871
19	7	35.9991
19	7	36.00984
19	7	36.02113
19	7	36.03288
19	7	36.04379
19	7	36.05452
19	7	36.06601
19	7	36.07742
19	7	36.08875
19	7	36.09988
19	7	36.11121
18	7	36.1218
18	7	36.13316
18	7	36.14458
18	7	36.15802
18	7	36.17146
18	7	36.18636
18	7	36.19568
18	7	36.20646
18	7	36.21648
18	7	36.2261
18	7	36.23644
17	7	36.2477
17	7	36.25762
17	7	36.26881
17	7	36.28213
16	8	36.49182
16	8	36.51477
16	8	36.53173
16	8	36.54699
16	8	36.55746
16	8	36.56834
16	8	36.57945
16	8	36.58979
16	8	36.60006
16	9	36.61299
16	9	36.63496
16	9	36.65802
16	9	36.68204
16	9	36.70458
16	9	36.72515
16	10	36.74699
16	10	36.76866
16	10	36.79079
16	10	36.81404
16	10	36.83582
16	10	36.85875
16	10	36.88097
16	10	36.90359
17	10	36.92566
17	10	36.94825
17	10	36.97088
17	10	36.99238
17	10	37.01499
17	10	37.03755
18	10	37.06032
18	10	37.08171
18	10	37.10427
18	10	37.11564
18	10	37.12783
18	10	37.13865
18	10	37.14949
19	10	37.16029
19	10	37.17156
19	10	37.18293
19	10	37.19406
19	10	37.20514
19	10	37.2161
19	10	37.22704
19	10	37.23812
19	10	37.25015
19	10	37.26063
19	10	37.27168
19	11	37.28653
19	11	37.2973
19	11	37.30791
19	11	37.32077
19	11	37.3344
19	11	37.34745
19	11	37.3574
19	11	37.36685
19	11	37.37666
19	11	37.38736
19	11	37.39737
19	12	37.40757
19	12	37.418
19	12	37.42885
19	12	37.44194
19	12	37.45554
19	12	37.46948
19	12	37.47968
19	12	37.48897
19	12	37.49893
19	12	37.50873
19	12	37.51952
19	13	37.52963
19	13	37.54058
19	13	37.5533
19	13	37.56605
19	13	37.57869
19	13	37.58967
19	13	37.60012
19	13	37.61322
19	13	37.62534
19	13	37.63512
19	13	37.64631
19	14	37.65575
19	14	37.66584
19	14	37.67651
19	14	37.68866
19	14	37.70275
19	14	37.71346
19	14	37.72344
19	14	37.73793
19	14	37.75181
19	14	37.7652
19	15	37.77829
19	15	37.78832
19	15	37.79985
19	15	37.81317
19	15	37.82655
19	15	37.83768
19	15	37.84824
19	15	37.85813
19	15	37.86936
19	15	37.88026
19	15	37.89016
19	16	37.90005
19	16	37.91103
19	16	37.92477
19	16	37.93882
19	16	37.94959
19	16	37.95916
19	16	37.97039
19	16	37.98058
19	16	37.99057
19	16	38.0017
19	16	38.01285
19	17	38.02308
19	17	38.03321
19	17	38.04522
19	17	38.05839
19	17	38.07189
19	17	38.08539
19	17	38.0988
19	17	38.11156
19	17	38.12245
19	17	38.13355
19	18	38.14525
19	18	38.15547
19	18	38.16574
19	18	38.17907
19	18	38.20128
19	18	38.22127
19	18	38.24333
19	19	38.26886
19	19	38.29018
19	19	38.31089
19	19	38.336
19	19	38.35736
19	19	38.37793
20	19	38.40095
20	19	38.42548
20	19	38.44803
20	19	38.46702
20	19	38.48935
21	19	38.51142
21	19	38.53364
21	19	38.55659
21	19	38.58114
21	19	38.60337
21	19	38.62347
22	19	38.6462
22	19	38.66865
22	19	38.67952
22	19	38.69139
22	19	38.70241
22	19	38.71382
22	19	38.72395
22	19	38.73535
22	19	38.747
22	19	38.75751
22	19	38.76903
22	19	38.78029
22	19	38.79109
22	19	38.80268
21	19	38.81413
21	19	38.82485
21	19	38.83567
21	19	38.84739
21	19	38.85789
21	19	38.87033
21	19	38.88141
21	19	38.89216
21	19	38.90326
21	19	38.91399
21	19	38.9251
20	19	38.93701
20	19	38.94886
20	19	38.96024
20	19	38.97211
20	19	38.98378
20	19	38.99533
20	19	39.00777
20	19	39.01889
20	19	39.03109
20	19	39.04182
19	19	39.05452
19	19	39.06525
19	19	39.07623
19	19	39.08837
19	19	39.09901
19	19	39.10983
19	19	39.12249
19	19	39.13353
19	19	39.14374
19	19	39.15466
19	19	39.16569
18	19	39.17622
18	19	39.18771
18	19	39.19959
18	19	39.21297
18	19	39.22478
18	19	39.23555
18	19	39.24573
18	19	39.25614
18	19	39.26735
18	19	39.27707
18	19	39.28838
17	19	39.29963
17	19	39.31066
17	19	39.32175
17	19	39.33632
17	19	39.34982
17	19	39.36395
17	19	39.3773
17	19	39.38774
17	19	39.39852
17	19	39.40916
16	19	39.41982
16	19	39.43069
16	19	39.44186
16	19	39.45485
16	19	39.46779
16	19	39.47765
16	19	39.48869
16	19	39.49998
16	19	39.51374
16	19	39.52782
16	20	39.53969
16	20	39.55021
16	20	39.56097
16	20	39.57434
16	20	39.58722
16	20	39.59816
16	20	39.60843
16	20	39.61956
16	20	39.63095
16	20	39.64129
16	20	39.6564
16	21	39.67059
16	21	39.68391
16	21	39.69542
16	21	39.70936
16	21	39.72247
16	21	39.73341
16	21	39.74394
16	21	39.75909
16	21	39.77163
16	21	39.78211
16	22	39.79218
16	22	39.80299
16	22	39.81494
16	22	39.82819
16	22	39.84092
16	22	39.8516
16	22	39.86163
16	22	39.87465
16	22	39.89691
17	22	39.91872
17	22	39.94148
17	22	39.96492
17	22	39.98905
17	22	40.01134
17	22	40.03141
18	22	40.05396
18	22	40.0766
18	22	40.10075
18	22	40.12338
18	22	40.14528
19	22	40.16755
19	22	40.18796
19	22	40.20969
19	22	40.23455
19	22	40.25748
19	22	40.27749
19	23	40.30196
19	23	40.32376
19	23	40.34683
19	23	40.35797
19	23	40.36851
19	23	40.37822
19	23	40.38877
19	23	40.40028
19	24	40.41113
19	24	40.42249
19	24	40.43477
19	24	40.448
19	24	40.46152
19	24	40.47303
19	24	40.48444
19	24	40.495
19	24	40.50539
19	24	40.5157
19	24	40.52583
19	25	40.53646
19	25	40.54672
19	25	40.55733
19	25	40.56789
19	25	40.57883
19	25	40.59012
19	25	40.60117
19	25	40.61204
19	25	40.62369
19	25	40.63487
19	25	40.64592
19	25	40.65707
19	25	40.66835
19	25	40.67958
19	25	40.68998
19	25	40.70182
19	25	40.71283
19	25	40.72372
19	25	40.73513
19	25	40.74619
19	25	40.7582
19	25	40.7695
19	25	40.78086
19	25	40.79209
19	25	40.80391
19	25	40.81519
19	25	40.8259
19	25	40.83742
19	25	40.84895
19	25	40.85978
19	25	40.8712
19	25	40.88283
19	24	40.89381
19	24	40.90593
19	24	40.91677
19	24	40.92767
19	24	40.93935
19	24	40.95392
19	24	40.9665
19	24	40.97717
19	24	40.98782
19	24	40.99788
19	24	41.00781
19	23	41.01844
19	23	41.02931
19	23	41.04081
19	23	41.05216
19	23	41.06284
19	23	41.07479
19	23	41.08546
19	23	41.09614
19	23	41.10733
19	23	41.11874
19	23	41.12939
19	22	41.14119
19	22	41.15264
19	22	41.16286
19	22	41.17456
19	22	41.18546
19	22	41.19648
19	22	41.20751
19	22	41.21882
19	22	41.23018
19	22	41.24167
19	22	41.25261
19	22	41.26323
19	22	41.27476
19	22	41.286
19	22	41.29661
18	22	41.30802
18	22	41.31894
18	22	41.33029
18	22	41.3424
18	22	41.35297
18	22	41.36487
18	22	41.37631
18	22	41.38754
18	22	41.3998
18	22	41.41054
18	22	41.42172
17	22	41.43246
17	22	41.44351
17	22	41.45532
17	22	41.46659
17	22	41.47828
17	22	41.48917
17	22	41.50016
17	22	41.51128
17	22	41.52311
17	22	41.53479
17	22	41.54511
16	22	41.55569
16	22	41.56721
16	22	41.57882
16	22	41.58998
16	22	41.60071
16	22	41.61236
16	22	41.62363
16	22	41.6345
16	22	41.64559
16	22	41.65687
16	22	41.66813
16	22	41.6803
16	22	41.69295
16	22	41.70412
16	21	41.71598
16	21	41.7284
16	21	41.74075
16	21	41.75237
16	21	41.76497
16	21	41.77701
16	21	41.79269
16	21	41.82302
16	20	41.83525
16	20	41.84595
16	20	41.85672
16	20	41.86795
16	20	41.87866
16	20	41.88987
16	20	41.89996
16	20	41.91105
16	20	41.92169
16	20	41.93247
16	20	41.94337
16	19	41.95378
16	19	41.96429
16	19	41.97497
16	19	41.9861
16	19	41.99637
16	19	42.00698
16	19	42.01764
16	19	42.02739
16	19	42.04301
16	19	42.0541
16	19	42.06438
16	19	42.07474
16	19	42.08538
16	19	42.095
16	19	42.10567
16	19	42.11528
16	19	42.12503
16	19	42.13657
16	19	42.14688
16	19	42.15936
16	19	42.16975
16	19	42.17959
16	19	42.19005
15	19	42.20048
15	19	42.21134
15	19	42.22205
15	19	42.23483
15	19	42.24749
15	19	42.25824
15	19	42.26871
15	19	42.27906
15	19	42.28961
15	19	42.29997
15	19	42.31354
14	19	42.32647
14	19	42.33833
14	19	42.35053
14	19	42.36348
14	19	42.37688
14	19	42.38764
14	19	42.39824
14	19	42.40828
14	19	42.4188
14	19	42.42845
13	19	42.43919
13	19	42.44867
13	19	42.46054
13	19	42.47568
13	19	42.48933
13	19	42.50044
13	19	42.51147
13	19	42.52221
13	19	42.53327
13	19	42.54366
13	19	42.55364
12	19	42.56433
12	19	42.57469
12	19	42.58541
12	19	42.59894
12	19	42.6128
12	19	42.62629
12	19	42.64001
12	19	42.65061
12	19	42.6608
12	19	42.67106
11	19	42.68286
11	19	42.69482
11	19	42.70764
11	19	42.72167
11	19	42.73491
11	19	42.74573
11	19	42.75646
11	19	42.76768
11	19	42.78079
11	19	42.79396
10	19	42.80557
10	19	42.81596
10	19	42.82735
10	19	42.84195
10	19	42.85546
10	19	42.86669
10	19	42.87797
10	19	42.88773
10	19	42.89784
10	19	42.90716
10	19	42.91779
10	18	42.93752
10	18	42.95942
10	18	42.97997
10	18	43.0041
10	18	43.02697
10	18	43.0471
10	17	43.06948
10	17	43.09376
10	17	43.11617
10	17	43.13638
10	17	43.15863
10	16	43.18089
10	16	43.20358
10	16	43.22645
10	16	43.2543
10	16	43.27288
10	16	43.29265
10	15	43.31464
10	15	43.33789
10	15	43.36121
10	15	43.38455
10	15	43.40698
10	14	43.42849
10	14	43.43993
10	14	43.45292
10	14	43.46516
10	14	43.476
10	14	43.48653
10	14	43.4965
10	14	43.50718
10	14	43.51763
10	14	43.52757
10	13	43.53904
10	13	43.5522
10	13	43.5669
10	13	43.57988
10	13	43.59164
10	13	43.60121
10	13	43.61182
10	13	43.62196
10	13	43.63147
10	13	43.64148
10	13	43.65222
10	12	43.66208
10	12	43.67263
10	12	43.68382
10	12	43.69733
10	12	43.71135
10	12	43.72469
10	12	43.73548
10	12	43.74489
10	12	43.75475
10	12	43.76511
10	12	43.77616
10	11	43.78721
10	11	43.79815
10	11	43.81158
10	11	43.8295
10	11	43.84272
10	11	43.85404
10	11	43.86777
10	11	43.88115
10	11	43.89149
10	11	43.90226
10	10	43.91253
10	10	43.92296
10	10	43.93356
10	10	43.94688
10	10	43.96038
10	10	43.97163
10	10	43.98161
10	10	43.99112
10	10	44.00233
10	10	44.01332
10	10	44.02693
10	10	44.04044
10	10	44.05201
10	10	44.06211
10	10	44.07308
10	10	44.08225
10	10	44.09208
10	10	44.10212
10	10	44.11939
10	11	44.1409
10	11	44.16356
10	11	44.18616
10	11	44.20843
10	11	44.23083
10	11	44.25322
10	12	44.27515
10	12	44.29734
10	12	44.32034
10	12	44.34277
10	12	44.36461
10	13	44.38648
10	13	44.40901
10	13	44.4314
10	13	44.45454
10	13	44.47659
10	13	44.49889
11	13	44.52125
11	13	44.54373
11	13	44.56853
11	13	44.59092
11	13	44.61072
11	13	44.62296
12	13	44.63338
12	13	44.65283
12	13	44.66695
12	13	44.68018
12	13	44.69156
12	13	44.7032
12	13	44.71452
12	13	44.7247
12	13	44.73544
12	13	44.74595
13	13	44.75636
13	13	44.76745
13	13	44.77891
13	13	44.79357
13	13	44.80859
13	13	44.82167
13	13	44.83162
13	13	44.84287
13	13	44.85377
13	13	44.86308
14	13	44.87404
14	13	44.88423
14	13	44.89525
14	13	44.90861
14	13	44.92143
14	13	44.93131
14	13	44.94209
14	13	44.95295
14	13	44.96594
14	13	44.97966
14	13	44.99026
15	13	45.00051
15	13	45.00979
15	13	45.02409
15	13	45.04839
15	13	45.07091
15	13	45.09093
15	13	45.11334
16	13	45.13799
16	13	45.15997
16	13	45.18283
16	13	45.20284
16	13	45.22488
17	13	45.24702
17	13	45.27018
17	13	45.29449
17	13	45.31612
17	13	45.33724
17	13	45.35861
18	13	45.38158
18	13	45.40454
18	13	45.42817
18	13	45.45196
18	13	45.47251
19	13	45.49301
19	13	45.50398
19	13	45.51567
19	13	45.52652
19	13	45.53786
19	13	45.54826
19	13	45.5599
19	13	45.57209
19	13	45.58262
19	13	45.59368
19	12	45.60513
19	12	45.61598
19	12	45.62697
19	12	45.6386
19	12	45.64928
19	12	45.66078
19	12	45.67215
19	12	45.68259
19	12	45.69366
19	12	45.70517
19	12	45.71584
19	11	45.72727
19	11	45.73856
19	11	45.74944
19	11	45.76025
19	11	45.77192
19	11	45.78214
19	11	45.79396
19	11	45.80572
19	11	45.81686
19	11	45.82889
19	11	45.8435
19	10	45.85707
19	10	45.86788
19	10	45.87793
19	10	45.88805
19	10	45.89921
19	10	45.9102
19	10	45.921
19	10	45.93184
19	10	45.94302
19	10	45.95734
19	10	45.96735
19	10	45.97785
19	10	45.988
19	10	45.9991
19	10	46.01038
19	10	46.02144
18	10	46.03275
18	10	46.04382
18	10	46.05652
18	10	46.06665
18	10	46.07755
18	10	46.0885
18	10	46.09957
18	10	46.11092
18	10	46.12232
18	10	46.13371
18	10	46.14466
17	10	46.15587
17	10	46.16682
17	10	46.17799
17	10	46.18928
17	10	46.20062
17	10	46.21156
17	10	46.22314
17	10	46.23385
17	10	46.24506
17	10	46.25655
17	10	46.26751
16	10	46.27875
16	10	46.2902
16	10	46.30156
16	10	46.31306
16	10	46.32373
16	10	46.33568
16	10	46.34705
16	10	46.3579
16	10	46.36945
16	10	46.3806
16	10	46.39257
15	10	46.40413
15	10	46.41455
15	10	46.42627
15	10	46.43845
15	10	46.44984
15	10	46.46012
15	10	46.47087
15	10	46.48141
15	10	46.49271
15	10	46.50397
15	10	46.51456
14	10	46.52629
14	10	46.53835
14	10	46.58139
14	10	46.59338
14	10	46.60368
14	10	46.61465
14	10	46.62574
14	10	46.63657
13	10	46.64679
13	10	46.65736
13	10	46.66821
13	10	46.6823
13	10	46.69737
13	10	46.71067
13	10	46.72105
13	10	46.73116
13	10	46.74174
13	10	46.75227
12	10	46.76228
12	10	46.77199
12	10	46.784
12	10	46.79887
12	10	46.81371
12	10	46.82543
12	10	46.83719
12	10	46.85006
12	10	46.86505
12	10	46.87529
11	10	46.88549
11	10	46.89661
11	10	46.90879
11	10	46.92232
11	10	46.93599
11	10	46.94596
11	10	46.9565
11	10	46.96742
11	10	46.98975
10	10	47.01389
10	10	47.03607
10	10	47.05648
10	10	47.07854
10	10	47.1007
10	10	47.12415
9	10	47.1456
9	10	47.16866
9	10	47.19331
9	10	47.21505
9	10	47.23551
8	10	47.25748
8	10	47.27953
8	10	47.30259
8	10	47.32661
8	10	47.34904
8	10	47.36955
7	10	47.39144
7	10	47.41418
7	10	47.43845
7	10	47.46155
7	10	47.48412
6	10	47.49618
6	10	47.51196
6	10	47.52171
6	10	47.5349
6	10	47.54797
6	10	47.55841
6	10	47.56887
6	10	47.58028
6	10	47.59068
6	10	47.60088
5	10	47.61802
5	10	47.63147
5	10	47.64608
5	10	47.65896
5	10	47.66969
5	10	47.68075
5	10	47.69192
5	10	47.7011
5	10	47.71251
5	10	47.72274
5	10	47.73265
4	10	47.74347
4	10	47.75343
4	10	47.76408
4	10	47.77831
4	10	47.79195
4	10	47.80558
4	10	47.81657
4	10	47.82689
4	10	47.83709
4	10	47.84703
4	10	47.85752
3	10	47.86863
3	10	47.88182
3	10	47.89397
3	10	47.91919
3	10	47.94164
3	10	47.9635
2	10	47.98623
2	10	48.00658
2	10	48.02868
2	10	48.05339
2	10	48.07552
2	10	48.09556
2	9	48.12055
2	9	48.14321
2	9	48.16459
2	9	48.18514
2	9	48.20778
2	8	48.22959
2	8	48.25209
2	8	48.27718
2	8	48.29841
2	8	48.31862
2	8	48.34189
2	7	48.36301
2	7	48.3853
2	7	48.39902
2	7	48.41279
2	7	48.42636
2	7	48.43904
2	7	48.45032
2	7	48.46062
2	7	48.47133
2	7	48.48233
2	7	48.49194
2	7	48.50192
2	7	48.51207
2	7	48.52237
2	7	48.53234
2	7	48.54313
2	7	48.55342
2	7	48.56417
3	7	48.57552
3	7	48.58605
3	7	48.59799
3	7	48.61197
3	7	48.62937
3	7	48.63977
3	7	48.65052
3	7	48.66181
3	7	48.67148
3	7	48.68175
3	7	48.69144
4	7	48.70114
4	7	48.7124
4	7	48.72375
4	7	48.73735
4	7	48.75011
4	7	48.7603
4	7	48.77069
4	7	48.78069
4	7	48.7911
4	7	48.80133
4	7	48.81323
4	7	48.82474
4	7	48.83515
4	7	48.8458
4	7	48.85587
4	7	48.86784
4	7	48.87833
4	6	48.88916
4	6	48.90028
4	6	48.91115
4	6	48.92479
4	6	48.938
4	6	48.94904
4	6	48.96034
4	6	48.97122
4	6	48.98179
4	6	48.99151
4	6	49.00208
4	5	49.01236
4	5	49.02319
4	5	49.03469
4	5	49.04946
4	5	49.06287
4	5	49.07299
4	5	49.08275
4	5	49.09341
4	5	49.10424
4	5	49.1142
4	5	49.12447
4	4	49.13464
4	4	49.14595
4	4	49.15697
4	4	49.16776
4	4	49.17881
4	4	49.1903
4	4	49.20146
4	4	49.21212
4	4	49.22403
4	4	49.23502
4	4	49.24613
5	5	49.2573
5	5	49.26862
5	5	49.28036
5	5	49.29092
5	5	49.30192
5	5	49.3132
5	5	49.32446
5	5	49.33617
5	5	49.34795
5	5	49.35865
5	5	49.36928
6	5	49.38086
6	5	49.39193
6	5	49.40344
6	5	49.41438
6	5	49.42631
6	5	49.43754
6	5	49.44888
6	5	49.46029
6	5	49.47224
6	5	49.48303
7	5	49.4948
7	5	49.5066
7	5	49.51747
7	5	49.52889
7	5	49.54038
7	5	49.55109
7	5	49.56231
7	5	49.57552
7	5	49.58671
7	5	49.5972
7	5	49.60828
7	5	49.61992
7	5	49.63097
7	5	49.64252
7	5	49.65375
7	5	49.6656
7	5	49.67988
7	5	49.68965
7	6	49.69944
7	6	49.71031
7	6	49.72153
7	6	49.73364
7	6	49.7471
7	6	49.75834
7	6	49.76796
7	6	49.77805
7	6	49.78814
7	6	49.79823
7	6	49.80954
7	6	49.82083
7	6	49.83445
7	6	49.84772
7	6	49.86035
7	6	49.87202
7	6	49.88213
7	6	49.89525
7	6	49.91161
7	6	49.92274
7	6	49.93355
7	7	49.94362
7	7	49.95343
7	7	49.96412
7	7	49.97849
7	7	49.99323
7	7	50.00634
7	7	50.01663
7	7	50.02724
7	7	50.03787
7	7	50.04943
7	7	50.05953
7	8	50.06857
7	8	50.07882
7	8	50.08954
7	8	50.10131
7	8	50.11458
7	8	50.12557
7	8	50.13621
7	8	50.14926
7	8	50.16253
7	8	50.17405
7	9	50.18435
7	9	50.19481
7	9	50.20526
7	9	50.21757
8	10	50.44132
8	10	50.46823
8	10	50.48493
8	10	50.49584
8	10	50.50547
8	10	50.51585
8	10	50.52601
8	10	50.53602
8	10	50.5465
9	10	50.55629
9	10	50.56643
9	10	50.57687
9	10	50.5868
9	10	50.6088
9	10	50.63053
9	10	50.65218
10	10	50.67519
10	10	50.69778
10	10	50.72013
10	10	50.74245
10	10	50.76553
10	10	50.78748
11	10	50.80985
11	10	50.83229
11	10	50.85374
11	10	50.87717
11	10	50.89842
12	10	50.92134
12	10	50.94348
12	10	50.96607
12	10	50.9881
12	10	51.0103
12	10	51.03262
13	10	51.05525
13	10	51.07795
13	10	51.08849
13	10	51.10055
13	10	51.11166
13	10	51.12215
13	10	51.13397
13	10	51.14484
13	10	51.15596
13	9	51.16688
13	9	51.17837
13	9	51.18976
13	9	51.20733
13	9	51.22042
13	9	51.23048
13	9	51.2446
13	9	51.2583
13	9	51.26807
13	9	51.27836
13	8	51.28931
13	8	51.29942
13	8	51.31032
13	8	51.32315
13	8	51.33633
13	8	51.34811
13	8	51.35904
13	8	51.36933
13	8	51.38082
13	8	51.39352
13	7	51.40761
13	7	51.4184
13	7	51.43124
13	7	51.44479
13	7	51.45767
13	7	51.46741
13	7	51.47814
13	7	51.48796
13	7	51.49832
13	7	51.509
13	7	51.51957
13	7	51.5308
13	7	51.54521
13	7	51.55828
13	7	51.56865
13	7	51.5807
13	7	51.59095
13	7	51.60171
13	7	51.61265
13	7	51.6229
13	7	51.63208
13	7	51.64183
12	7	51.65168
12	7	51.66145
12	7	51.67218
12	7	51.68613
12	7	51.69945
12	7	51.71398
12	7	51.72475
12	7	51.73514
12	7	51.74452
12	7	51.75417
12	7	51.76408
11	7	51.77525
11	7	51.78544
11	7	51.79665
11	7	51.80902
11	7	51.82226
11	7	51.83314
11	7	51.8476
11	7	51.86274
11	7	51.87815
11	7	51.889
10	7	51.90044
10	7	51.91216
10	7	51.92692
10	7	51.94685
10	7	51.96066
10	7	51.97136
10	7	51.98203
10	7	51.99142
10	7	52.00467
9	7	52.02863
9	7	52.05161
9	7	52.07411
9	7	52.09403
9	7	52.11642
8	7	52.13894
8	7	52.1614
8	7	52.18592
8	7	52.2076
8	7	52.22823
8	7	52.25029
7	7	52.27228
7	7	52.29482
7	7	52.31746
7	7	52.34339
7	7	52.3646
7	7	52.38391
7	7	52.40653
7	7	52.42923
7	7	52.45133
7	7	52.47486
7	7	52.48528
7	7	52.49702
7	7	52.5075
7	7	52.52172
8	7	52.53303
8	7	52.54364
8	7	52.55484
8	7	52.56485
8	7	52.57497
8	7	52.58508
8	7	52.59676
8	7	52.60775
8	7	52.6183
8	7	52.62936
8	7	52.64084
8	7	52.65251
8	7	52.6635
8	7	52.67549
8	7	52.68558
8	7	52.69712
8	7	52.70883
8	7	52.71974
8	7	52.73072
8	7	52.74253
8	7	52.75311
8	7	52.76456
9	7	52.77549
9	7	52.78691
9	7	52.79829
9	7	52.81041
9	7	52.82222
9	7	52.83391
9	7	52.84539
9	7	52.85703
9	7	52.86823
9	7	52.87941
9	7	52.8905
10	7	52.90231
10	7	52.91349
10	7	52.92517
10	7	52.93609
10	7	52.9494
10	7	52.9602
10	7	52.97015
10	7	52.98158
10	7	52.99302
10	7	53.00473
10	7	53.01532
11	7	53.02698
11	7	53.03841
11	7	53.04994
11	7	53.06082
11	7	53.07159
11	7	53.08383
11	7	53.09462
11	7	53.10614
11	7	53.11806
11	7	53.1288
12	7	53.13982
12	7	53.15023
12	7	53.16158
12	7	53.17341
12	7	53.18343
12	7	53.19416
12	7	53.20553
12	7	53.21655
12	7	53.23195
12	7	53.24257
12	7	53.25252
12	7	53.264
12	7	53.27526
12	7	53.28483
12	7	53.29446
12	7	53.3046
12	7	53.31532
12	7	53.32662
12	7	53.33923
12	7	53.35038
12	7	53.36069
12	7	53.3717
12	7	53.38289
12	7	53.39374
12	7	53.40464
12	7	53.41645
12	7	53.42739
12	7	53.4379
12	7	53.44925
12	7	53.46059
12	7	53.47207
12	7	53.48279
12	7	53.49378
12	7	53.5047
12	7	53.51637
12	7	53.52759
11	7	53.53897
11	7	53.54999
11	7	53.56086
11	7	53.57279
11	7	53.58705
11	7	53.5961
11	7	53.60593
11	7	53.61711
11	7	53.62852
11	7	53.63986
11	7	53.65073
10	7	53.66216
10	7	53.67337
10	7	53.68413
10	7	53.6958
10	7	53.70658
10	7	53.71815
10	7	53.72967
10	7	53.74019
10	7	53.75136
10	7	53.76249
10	7	53.77481
9	7	53.78538
9	7	53.79713
9	7	53.80777
9	7	53.8189
9	7	53.82999
9	7	53.84089
9	7	53.8526
9	7	53.86364
9	7	53.87531
9	7	53.88694
9	7	53.89751
9	6	53.90863
9	6	53.91978
9	6	53.93206
9	6	53.94733
9	6	53.96586
9	6	53.97757
9	6	53.98885
9	6	53.99911
9	6	54.01038
9	6	54.02018
9	5	54.03101
9	5	54.04203
9	5	54.05791
9	5	54.07069
9	5	54.08099
9	5	54.0908
9	5	54.10109
9	5	54.11224
9	5	54.12195
9	5	54.1331
9	5	54.14368
9	4	54.15374
9	4	54.16419
9	4	54.17488
9	4	54.18817
9	4	54.20271
9	4	54.21617
9	4	54.22956
9	4	54.23973
9	4	54.24991
9	4	54.26048
9	4	54.2709
9	4	54.28183
9	4	54.2928
9	4	54.30222
9	4	54.32082
9	4	54.33211
9	4	54.34404
9	4	54.35517
10	4	54.36558
10	4	54.37669
10	4	54.38705
10	4	54.40152
10	4	54.41592
10	4	54.42646
10	4	54.43631
10	4	54.44664
10	4	54.45701
10	4	54.46678
10	4	54.47684
11	4	54.48662
11	4	54.49734
11	4	54.50897
11	4	54.52257
11	4	54.5351
11	4	54.54657
11	4	54.55629
11	4	54.56631
11	4	54.57676
11	4	54.58731
11	4	54.59814
12	4	54.60832
12	4	54.61861
12	4	54.62907
12	4	54.64119
12	4	54.65916
12	4	54.67276
12	4	54.68619
12	4	54.69711
12	4	54.70781
12	4	54.71865
12	3	54.73162
12	3	54.74379
12	3	54.75694
12	3	54.77132
12	3	54.78551
12	3	54.79538
12	3	54.80576
12	3	54.81639
12	3	54.8303
12	3	54.8433
12	3	54.85365
12	3	54.86311
12	3	54.87588
12	3	54.89925
12	3	54.92142
12	3	54.94166
12	3	54.96387
12	2	54.98691
12	2	55.01155
12	2	55.03381
12	2	55.05409
12	2	55.07642
12	2	55.09836
12	2	55.12099
12	2	55.14334
12	2	55.16535
12	2	55.18743
12	2	55.2105
12	2	55.23228
11	2	55.25517
11	2	55.27782
11	2	55.29986
11	2	55.32254
11	2	55.34488
11	2	55.36727
10	2	55.38905
10	2	55.39997
10	2	55.4119
10	2	55.42305
10	2	55.43379
10	2	55.44506
10	2	55.45578
10	2	55.46702
10	2	55.47843
10	2	55.4897
9	2	55.5005
9	2	55.51202
9	2	55.52301
9	2	55.53455
9	2	55.54531
9	2	55.55614
9	2	55.56777
9	2	55.57948
9	2	55.5899
9	2	55.60151
9	2	55.61271
8	2	55.62369
8	2	55.63454
8	2	55.6455
8	2	55.65717
8	2	55.66825
8	2	55.67953
8	2	55.69074
8	2	55.70247
8	2	55.71452
8	2	55.72662
7	2	55.73827
7	2	55.75013
7	2	55.76293
7	2	55.77384
7	2	55.78488
7	2	55.79691
7	2	55.80989
7	2	55.82063
7	2	55.83094
7	2	55.84182
7	2	55.85379
6	2	55.86435
6	2	55.87538
6	2	55.88652
6	2	55.89783
6	2	55.90847
6	2	55.91999
6	2	55.93168
6	2	55.94241
6	2	55.95318
6	2	55.96425
6	2	55.978
6	2	55.99633
6	2	56.00724
6	2	56.01755
6	2	56.02793
6	2	56.03839
6	2	56.04972
6	2	56.06041
6	2	56.07107
6	2	56.08143
6	2	56.0912
6	2	56.10158
5	2	56.11128
5	2	56.12042
5	2	56.13062
5	2	56.14111
5	2	56.15171
5	2	56.16245
5	2	56.17274
5	2	56.18263
5	2	56.19407
5	2	56.20545
5	2	56.21616
4	2	56.22803
4	2	56.23874
4	2	56.24976
4	2	56.2607
4	2	56.27171
4	2	56.28336
4	2	56.29627
4	2	56.30775
4	2	56.31784
4	2	56.32825
4	2	56.33983
3	2	56.34998
3	2	56.36119
3	2	56.37284
3	2	56.38382
3	2	56.39554
3	2	56.40606
3	2	56.41731
3	2	56.42868
3	2	56.43938
3	2	56.45081
3	2	56.46251
2	2	56.47298
2	2	56.48394
2	2	56.49579
2	2	56.50689
2	2	56.5183
2	2	56.52925
2	2	56.5406
2	2	56.55208
2	2	56.56364
2	2	56.57508
2	2	56.58693
2	3	56.59869
2	3	56.60971
2	3	56.62113
2	3	56.63248
2	3	56.64418
2	3	56.6556
2	3	56.66759
2	3	56.6784
2	3	56.68985
2	3	56.70153
2	3	56.71275
2	3	56.72385
2	3	56.73508
2	3	56.74669
2	3	56.75727
2	3	56.76866
2	3	56.77962
2	3	56.7903
2	3	56.80226
2	3	56.81343
2	3	56.82503
2	3	56.83574
2	4	56.84742
2	4	56.85881
2	4	56.87049
2	4	56.88153
2	4	56.89186
2	4	56.90284
2	4	56.91435
2	4	56.92556
2	4	56.93648
2	4	56.94812
2	4	56.95889
3	4	56.96985
3	4	56.98148
3	4	56.99231
3	4	57.00364
3	4	57.01509
3	4	57.02601
3	4	57.03761
3	4	57.05292
3	4	57.06413
3	4	57.07342
4	4	57.0835
4	4	57.09296
4	4	57.10237
4	4	57.11379
4	4	57.12464
4	4	57.13616
4	4	57.14717
4	4	57.15827
4	4	57.16904
4	4	57.18031
4	4	57.19118
4	4	57.20245
5	4	57.21368
5	4	57.2245
5	4	57.23611
5	4	57.24716
5	4	57.25797
5	4	57.2691
5	4	57.28085
5	4	57.29106
5	4	57.30217
5	4	57.3147
5	4	57.32574
6	4	57.33677
6	4	57.34903
6	4	57.35927
6	4	57.37008
6	4	57.38132
6	4	57.39276
6	4	57.40327
6	4	57.41483
6	4	57.42572
6	4	57.43724
6	4	57.44836
7	4	57.45926
7	4	57.47073
7	4	57.48213
7	4	57.49363
7	4	57.50476
7	4	57.5159
7	4	57.52727
7	4	57.53835
7	4	57.55008
7	4	57.5617
6	5	57.57304
6	5	57.58412
6	5	57.5963
6	5	57.6069
6	5	57.61778
6	5	57.62975
6	5	57.64102
6	5	57.65144
6	5	57.66291
6	5	57.67396
6	5	57.68486
6	6	57.69607
6	6	57.7071
6	6	57.71805
6	6	57.72948
6	9	58.06282
6	9	58.08328
6	9	58.09627
6	9	58.10971
6	9	58.1214
6	9	58.13195
6	9	58.14237
6	9	58.15212
6	9	58.1607
6	9	58.17701
6	10	58.19986
6	10	58.22155
6	10	58.24395
6	10	58.2667
6	10	58.28821
6	11	58.31072
6	11	58.33377
6	11	58.35575
6	11	58.38071
6	11	58.40302
6	11	58.4254
6	12	58.44451
6	12	58.46757
6	12	58.49182
6	12	58.5148
6	12	58.53478
6	13	58.5595
6	13	58.5818
6	13	58.60205
6	13	58.62616
6	13	58.64768
6	13	58.66851
6	14	58.68278
6	14	58.69506
6	14	58.70812
6	14	58.72152
6	14	58.73237
6	14	58.74306
6	14	58.75328
6	14	58.76316
6	14	58.77358
6	14	58.78376
6	15	58.79409
6	15	58.80416
6	15	58.81392
6	15	58.82538
6	15	58.83858
6	15	58.85143
6	15	58.86449
6	15	58.87748
6	15	58.88754
6	15	58.8974
6	15	58.90799
6	16	58.91777
6	16	58.93002
6	16	58.94146
6	16	58.9547
6	16	58.96762
6	16	58.9777
6	16	58.98721
6	16	58.99749
6	16	59.00823
6	16	59.02267
6	16	59.03648
5	16	59.04656
5	16	59.05689
5	16	59.06746
5	16	59.08173
5	16	59.09805
5	16	59.10915
5	16	59.11956
5	16	59.12979
5	16	59.13985
5	16	59.14989
5	16	59.1607
5	16	59.17359
5	16	59.18725
5	16	59.20087
5	16	59.21077
5	16	59.22245
5	16	59.23352
5	16	59.2438
5	16	59.25407
5	16	59.26421
5	16	59.27459
4	16	59.28465
4	16	59.29669
4	16	59.30813
4	16	59.3224
4	16	59.33593
4	16	59.34977
4	16	59.36168
4	16	59.37214
4	16	59.38251
4	16	59.39306
4	16	59.40287
3	16	59.41253
3	16	59.42179
3	16	59.43249
3	16	59.44476
3	16	59.45856
3	16	59.46799
3	16	59.47944
3	16	59.4931
3	16	59.50542
3	16	59.51599
3	16	59.52607
2	16	59.53578
2	16	59.54521
2	16	59.55523
2	16	59.56799
2	16	59.58442
2	16	59.59509
2	16	59.60498
2	16	59.61599
2	16	59.62517
2	16	59.63471
2	16	59.65043
2	16	59.66472
2	15	59.67651
2	15	59.68738
2	15	59.69865
2	15	59.71294
2	15	59.72691
2	15	59.73735
2	15	59.7517
2	15	59.76281
2	15	59.77298
2	15	59.78318
2	14	59.79362
2	14	59.80589
2	14	59.81936
2	14	59.8322
2	14	59.84226
2	14	59.85355
2	14	59.86456
2	14	59.87431
2	14	59.88501
2	14	59.89465
2	14	59.90463
2	14	59.9144
2	13	59.92323
2	13	59.93361
2	13	59.94435
2	13	59.95772
2	13	59.97048
2	13	59.98086
2	13	59.99393
2	13	60.00839
2	13	60.01937
2	13	60.03068
3	13	60.04198
3	13	60.05196
3	13	60.06295
3	13	60.07653
3	13	60.08991
3	13	60.1012
3	13	60.11544
3	13	60.12889
3	13	60.13891
3	13	60.14902
3	13	60.159
4	13	60.16943
4	13	60.18059
4	13	60.19092
4	13	60.2038
4	13	60.21716
4	13	60.22766
4	13	60.23733
4	13	60.24714
4	13	60.25798
4	13	60.27143
4	13	60.28499
4	13	60.2948
4	13	60.30769
4	13	60.31816
4	13	60.32817
4	13	60.33811
4	13	60.34832
4	13	60.35884
4	12	60.37046
4	12	60.38097
4	12	60.39091
4	12	60.40376
4	12	60.4178
4	12	60.43134
4	12	60.44479
4	12	60.45499
4	12	60.46578
4	12	60.47646
4	11	60.48583
4	11	60.49568
4	11	60.50508
4	11	60.51807
4	11	60.53046
4	11	60.54118
4	11	60.55137
4	11	60.56131
4	11	60.57205
4	11	60.58569
4	11	60.59835
4	10	60.60946
4	10	60.61912
4	10	60.62814
4	10	60.63814
4	10	60.64853
4	10	60.6578
4	10	60.66793
4	10	60.67924
4	10	60.69006
4	10	60.7012
4	10	60.71251
4	10	60.72352
4	10	60.7353
4	10	60.74628
4	10	60.75815
4	10	60.7686
4	10	60.78006
4	10	60.79498
4	10	60.80676
4	10	60.8166
4	10	60.82651
4	10	60.83608
4	11	60.84736
4	11	60.85778
4	11	60.86935
4	11	60.88097
4	11	60.89155
4	11	60.90275
4	11	60.91405
4	11	60.92503
4	11	60.9361
4	11	60.94761
4	11	60.95786
4	12	60.96929
4	12	60.98094
4	12	60.99235
4	12	61.00345
4	12	61.01455
4	12	61.02518
4	12	61.03704
4	12	61.04833
4	12	61.0604
4	12	61.07201
4	13	61.08347
4	13	61.0959
4	13	61.10655
4	13	61.11773
4	13	61.12909
4	13	61.14001
4	13	61.15116
4	13	61.16234
4	13	61.17365
4	13	61.18497
4	13	61.19656
4	13	61.20783
4	13	61.21899
4	13	61.23074
4	13	61.24195
4	13	61.25308
4	13	61.26435
4	13	61.27557
4	13	61.28677
3	13	61.29877
3	13	61.31092
3	13	61.32307
3	13	61.3338
3	13	61.34416
3	13	61.36362
3	13	61.37426
3	13	61.38555
3	13	61.39569
3	13	61.40621
2	13	61.41697
2	13	61.42673
2	13	61.43735
2	13	61.44678
2	13	61.45656
2	13	61.46656
2	13	61.47702
2	13	61.4874
2	13	61.49853
2	13	61.50829
2	13	61.51882
2	13	61.52891
2	13	61.53963
2	13	61.55046
2	13	61.56216
2	13	61.57291
2	13	61.58418
2	13	61.595
2	13	61.60644
2	14	61.61773
2	14	61.62907
2	14	61.64002
2	14	61.65126
2	14	61.66205
2	14	61.67371
2	14	61.68455
2	14	61.69593
2	14	61.70708
2	14	61.7177
2	14	61.72952
2	15	61.74066
2	15	61.75158
2	15	61.76397
2	15	61.77402
2	15	61.78533
2	15	61.79674
2	15	61.80814
2	15	61.81873
2	15	61.83031
2	15	61.84108
2	15	61.85624
2	16	61.86686
2	16	61.8773
2	16	61.88681
2	16	61.89847
2	16	61.91048
2	16	61.9218
2	16	61.93383
2	16	61.94518
2	16	61.95851
2	16	61.96966
2	16	61.98147
2	17	61.99304
2	17	62.00522
2	17	62.02018
2	17	62.04027
2	17	62.05366
2	17	62.06496
2	17	62.07497
2	17	62.08615
2	17	62.09731
2	18	62.10741
2	18	62.11802
2	18	62.12899
2	18	62.14194
2	18	62.15485
2	18	62.16813
2	18	62.17858
2	18	62.18862
2	18	62.1991
2	18	62.20923
2	18	62.21955
2	19	62.22926
2	19	62.23931
2	19	62.2485
2	19	62.26105
2	19	62.27447
2	19	62.28474
2	19	62.30377
2	19	62.3172
2	19	62.3312
2	19	62.34121
3	19	62.35194
3	19	62.36187
3	19	62.37191
3	19	62.38503
3	19	62.39829
3	19	62.40797
3	19	62.4178
3	19	62.42823
3	19	62.43861
3	19	62.4487
3	19	62.45866
4	19	62.47241
4	19	62.48453
4	19	62.49522
4	19	62.50739
4	19	62.51943
4	19	62.52911
4	19	62.53862
4	19	62.54913
4	19	62.55929
4	19	62.56884
4	19	62.57869
4	19	62.58895
4	20	62.5995
4	20	62.60953
4	20	62.62356
4	20	62.63602
4	20	62.64614
4	20	62.65646
4	20	62.66681
4	20	62.67646
4	20	62.68627
4	20	62.69551
4	20	62.7056
4	20	62.71501
4	21	62.72472
4	21	62.73446
4	21	62.74595
4	21	62.75867
4	21	62.77242
4	21	62.78823
4	21	62.80167
4	21	62.81195
4	21	62.82256
4	21	62.83351
4	22	62.84377
4	22	62.85477
4	22	62.86615
4	22	62.87945
4	22	62.8924
4	22	62.90331
4	22	62.91373
4	22	62.92841
4	22	62.94274
4	22	62.95566
5	22	62.96587
5	22	62.97527
5	22	62.98676
5	22	62.99955
5	22	63.01287
5	22	63.02437
5	22	63.03532
5	22	63.04569
5	22	63.05592
5	22	63.06842
5	22	63.07935
5	22	63.09336
5	22	63.10785
5	22	63.12066
5	22	63.1303
5	22	63.1396
5	22	63.15827
5	22	63.18096
5	22	63.20289
6	22	63.22532
6	22	63.24911
6	22	63.27305
6	22	63.29469
6	22	63.31562
6	22	63.33778
6	22	63.35969
6	22	63.38244
6	22	63.40414
6	22	63.42637
6	22	63.44875
6	21	63.47095
6	21	63.49344
6	21	63.51637
6	21	63.54068
6	21	63.56383
6	20	63.58611
6	20	63.60785
6	20	63.61988
6	20	63.63274
6	20	63.64438
6	20	63.65422
6	20	63.66452
6	20	63.67527
6	20	63.69298
6	20	63.70367
6	19	63.71278
6	19	63.72293
6	19	63.73824
6	19	63.7529
6	19	63.76311
6	19	63.77353
6	19	63.78448
6	19	63.79428
6	19	63.80464
6	19	63.81491
6	19	63.82331
6	18	63.83353
6	18	63.84362
6	18	63.85502
6	18	63.86754
6	18	63.88115
6	18	63.89314
6	18	63.90677
6	18	63.91666
6	18	63.92575
6	18	63.93472
6	18	63.94505
6	17	63.95523
6	17	63.9653
6	17	63.97559
6	17	63.9878
6	17	64.00044
6	17	64.01245
6	17	64.02369
6	17	64.03627
6	17	64.05096
6	17	64.06774
6	16	64.07781
6	16	64.08875
6	16	64.10003
6	16	64.11055
6	16	64.12106
6	16	64.13158
6	16	64.1422
6	16	64.15273
6	16	64.16328
6	16	64.17376
6	16	64.1842
6	17	64.19366
6	17	64.20358
6	17	64.21838
6	17	64.22881
6	17	64.239
6	17	64.2484
6	17	64.25745
6	17	64.26739
6	17	64.27728
6	17	64.28743
6	17	64.29885
6	17	64.30996
6	18	64.32101
6	18	64.33243
6	18	64.34381
6	18	64.35541
6	18	64.36586
6	18	64.37704
6	18	64.38801
6	18	64.39961
6	18	64.4101
6	18	64.42128
6	18	64.43204
6	19	64.44322
6	19	64.45448
6	19	64.4659
6	19	64.47695
6	19	64.48812
6	19	64.50011
6	19	64.51067
6	19	64.52206
6	19	64.53335
6	19	64.54453
6	19	64.55557
7	19	64.56716
7	19	64.57802
7	19	64.58938
7	19	64.60302
7	19	64.61523
7	19	64.6258
7	19	64.63651
7	19	64.64816
7	19	64.65933
7	19	64.67345
8	19	64.6869
8	19	64.69722
8	19	64.708
8	19	64.7207
8	19	64.73396
8	19	64.74329
8	19	64.75294
8	19	64.76215
8	19	64.7728
8	19	64.78345
8	19	64.79377
8	19	64.80431
9	19	64.81458
9	19	64.82664
9	19	64.83994
9	19	64.84985
9	19	64.85937
9	19	64.86935
9	19	64.88013
9	19	64.89075
9	19	64.90281
9	19	64.91348
9	19	64.92493
10	19	64.93618
10	19	64.94685
10	19	64.95831
10	19	64.96982
10	19	64.98044
10	19	64.99133
10	19	65.00316
10	19	65.01424
10	19	65.02505
10	19	65.03642
10	19	65.048
11	19	65.05902
11	19	65.07009
11	19	65.08153
11	19	65.09258
11	19	65.10352
11	19	65.11482
11	19	65.12669
11	19	65.13833
11	19	65.1495
11	19	65.16108
12	19	65.17227
12	19	65.18418
12	19	65.19471
12	19	65.20623
12	19	65.21779
12	19	65.22932
12	19	65.24105
12	19	65.25199
12	19	65.26712
12	19	65.27737
12	19	65.28779
12	20	65.29758
12	20	65.30907
12	20	65.31957
12	20	65.33268
12	20	65.34569
12	20	65.35571
12	20	65.36806
12	20	65.37747
12	20	65.38699
12	20	65.39722
12	20	65.40882
12	21	65.41968
12	21	65.43121
12	21	65.44524
12	21	65.45708
12	21	65.46793
12	21	65.47793
12	21	65.48867
12	21	65.4987
12	21	65.50914
12	21	65.51993
12	21	65.5312
12	22	65.54202
12	22	65.55376
12	22	65.56609
12	22	65.57908
12	22	65.59253
12	22	65.60659
12	22	65.62199
12	22	65.63377
12	22	65.64306
12	22	65.6534
12	22	65.66375
12	22	65.67342
12	22	65.68374
12	22	65.69391
12	22	65.7045
12	22	65.71416
12	22	65.72365
11	22	65.73416
11	22	65.74413
11	22	65.75489
11	22	65.76794
11	22	65.78017
11	22	65.79067
11	22	65.80209
11	22	65.81167
11	22	65.82192
11	22	65.83315
11	22	65.84392
10	22	65.8544
10	22	65.86449
10	22	65.87666
10	22	65.88908
10	22	65.90242
10	22	65.91653
10	22	65.92988
10	22	65.9409
10	22	65.95135
10	22	65.96153
9	22	65.97203
9	22	65.98226
9	22	65.99313
9	22	66.00556
9	22	66.02024
9	22	66.03097
9	22	66.0415
9	22	66.05254
9	22	66.06573
9	22	66.08079
9	23	66.09746
9	23	66.10844
9	23	66.11931
9	23	66.13211
9	23	66.14419
9	23	66.15481
9	23	66.16494
9	23	66.17503
9	23	66.18591
9	23	66.19538
9	23	66.20469
9	24	66.2177
9	24	66.22966
9	24	66.24065
9	24	66.25407
9	24	66.26707
9	24	66.27783
9	24	66.28822
9	24	66.29943
9	24	66.31084
9	24	66.32513
9	24	66.3351
9	25	66.34449
9	25	66.35576
9	25	66.36961
9	25	66.3851
9	25	66.39555
9	25	66.40543
9	25	66.41606
9	25	66.42667
9	25	66.43636
9	25	66.44632
9	25	66.45635
9	25	66.46745
9	25	66.47739
9	25	66.48928
9	25	66.50022
8	25	66.51098
8	25	66.52395
8	25	66.53818
8	25	66.55141
8	25	66.5608
8	25	66.57141
8	25	66.58173
8	25	66.5921
8	25	66.6029
8	25	66.61341
8	25	66.62354
7	25	66.63351
7	25	66.64396
7	25	66.65437
7	25	66.66724
7	25	66.67976
7	25	66.6935
7	25	66.70468
7	25	66.71467
7	25	66.72401
7	25	66.73417
7	25	66.74412
6	25	66.75399
6	25	66.76317
6	25	66.77348
6	25	66.78558
6	25	66.79832
6	25	66.80808
6	25	66.81739
6	25	66.82953
6	25	66.84203
6	25	66.8521
6	25	66.86123
5	25	66.87126
5	25	66.88129
5	25	66.89075
5	25	66.90182
5	25	66.91441
5	25	66.92675
5	25	66.9373
5	25	66.94701
5	25	66.9567
5	25	66.96829
5	25	66.98147
5	25	66.99314
4	25	67.00393
4	25	67.01572
4	25	67.02676
4	25	67.03933
4	25	67.05134
4	25	67.06132
4	25	67.07122
4	25	67.08118
4	25	67.09078
4	25	67.10323
4	25	67.11341
4	25	67.12442
4	25	67.13828
4	25	67.1517
4	25	67.16403
4	25	67.174
4	25	67.18383
4	25	67.19331
4	25	67.20364
4	25	67.21362
4	25	67.22488
4	25	67.23672
3	25	67.24792
3	25	67.25985
3	25	67.2716
3	25	67.28514
3	25	67.29869
3	25	67.31285
3	25	67.32182
3	25	67.33091
3	25	67.34117
3	25	67.355
2	25	67.3649
2	25	67.37482
2	25	67.38616
2	25	67.39883
2	25	67.41221
2	25	67.42258
2	25	67.43277
2	25	67.44373
2	25	67.45797
2	25	67.47123
2	25	67.48125
2	24	67.49043
2	24	67.49985
2	24	67.50965
2	24	67.52154
2	24	67.53432
2	24	67.54414
2	24	67.55393
2	24	67.56302
2	24	67.57332
2	24	67.58408
2	24	67.59701
2	23	67.60965
2	23	67.62297
2	23	67.63303
2	23	67.64467
2	23	67.65776
2	23	67.66807
2	23	67.67847
2	23	67.68857
2	23	67.69845
2	23	67.70853
2	23	67.71867
2	22	67.72832
2	22	67.73885
2	22	67.75108
2	22	67.76363
2	22	67.77616
2	22	67.78664
2	22	67.79625
2	22	67.80695
2	22	67.81762
2	22	67.82844
2	22	67.83954
2	22	67.8514
2	22	67.86234
2	22	67.87347
2	22	67.88503
2	22	67.89582
2	22	67.90749
2	22	67.9184
2	22	67.9291
2	22	67.94038
2	22	67.95164
2	22	67.96273
3	22	67.97433
3	22	67.98578
3	22	67.99667
3	22	68.01004
3	22	68.023
3	22	68.03482
3	22	68.04409
3	22	68.05486
3	22	68.06476
3	22	68.07857
3	22	68.09036
4	22	68.10153
4	22	68.1132
4	22	68.12907
4	22	68.14005
4	22	68.15051
4	22	68.16051
4	22	68.1698
4	22	68.17915
4	22	68.18969
4	22	68.2009
4	22	68.21098
5	22	68.22156
5	22	68.23237
5	22	68.24259
5	22	68.25368
5	22	68.26476
5	22	68.27566
5	22	68.2868
5	22	68.29766
5	22	68.30962
5	22	68.3206
5	22	68.33176
5	22	68.34247
5	22	68.35355
5	22	68.36447
5	22	68.37582
5	22	68.38702
5	22	68.40289
5	22	68.41257
5	22	68.42264
5	22	68.43378
5	22	68.44373
5	22	68.45429
6	22	68.46555
6	22	68.47672
6	22	68.48781
6	22	68.49915
6	22	68.51012
6	22	68.52105
6	22	68.53339
6	22	68.54428
6	22	68.55526
6	22	68.56667
6	22	68.57776
6	23	68.5897
6	23	68.60182
6	23	68.61279
6	23	68.62637
6	23	68.63871
6	23	68.64899
6	23	68.6588
6	23	68.66892
6	23	68.67957
6	23	68.69096
6	24	68.70476
6	24	68.71867
6	24	68.72864
6	24	68.74141
6	24	68.7551
6	24	68.76453
6	24	68.77474
6	24	68.78448
6	24	68.79426
6	24	68.80453
6	24	68.81621
6	24	68.82584
6	25	68.83578
6	25	68.84625
6	25	68.85973
6	25	68.87244
6	25	68.88277
6	25	68.89262
6	25	68.91797
6	25	68.92835
6	25	68.93848
6	25	68.948
6	26	68.95761
6	26	68.96799
6	26	68.97842
6	26	68.99112
6	26	69.00433
6	26	69.0182
6	26	69.0302
6	26	69.03992
6	26	69.04909
6	26	69.06334
6	27	69.07361
6	27	69.08364
6	27	69.09444
6	27	69.1076
6	27	69.11995
6	27	69.1296
6	27	69.1398
6	27	69.15018
6	27	69.16064
6	27	69.17485
6	27	69.18729
6	28	69.19668
6	28	69.20764
6	28	69.21798
6	28	69.23108
6	28	69.24564
6	28	69.25635
6	28	69.26573
6	28	69.27538
6	29	69.42728
5	29	69.45175
5	29	69.47026
5	29	69.48628
5	29	69.49589
5	29	69.50566
5	29	69.52473
5	29	69.54683
4	29	69.56929
4	29	69.59171
4	29	69.6171
4	29	69.63909
4	29	69.65975
4	29	69.68176
3	29	69.70396
3	29	69.73048
3	29	69.75183
3	29	69.77374
3	29	69.79572
3	29	69.81703
3	29	69.83848
3	29	69.86232
3	29	69.88537
3	29	69.90532
2	29	69.92973
2	29	69.95255
2	29	69.96247
2	29	69.97559
2	29	69.98742
2	29	69.99673
2	29	70.00673
2	29	70.01727
2	29	70.02837
2	29	70.03935
2	29	70.05077
2	29	70.06167
2	29	70.07519
2	29	70.08768
2	29	70.09753
2	29	70.10692
2	29	70.11735
2	29	70.12921
2	29	70.13994
2	29	70.15326
2	29	70.16528
2	28	70.17625
2	28	70.18644
2	28	70.19657
2	28	70.20927
2	28	70.22198
2	28	70.23466
2	28	70.24694
2	28	70.25658
2	28	70.26588
2	28	70.27605
2	28	70.28677
2	27	70.29682
2	27	70.31059
2	27	70.32094
2	27	70.333
2	27	70.34485
2	27	70.35489
2	27	70.36475
2	27	70.37537
2	27	70.39072
2	27	70.40314
2	27	70.41317
2	26	70.42558
2	26	70.43483
2	26	70.44711
2	26	70.45848
2	26	70.47036
2	26	70.48022
2	26	70.49021
2	26	70.50024
2	26	70.51077
2	26	70.52206
2	26	70.53313
2	25	70.54698
2	25	70.55891
2	25	70.56928
2	25	70.57904
2	25	70.58955
2	25	70.60098
2	25	70.61153
2	25	70.623
2	25	70.63442
2	25	70.64574
2	25	70.65705
3	25	70.6685
3	25	70.67937
3	25	70.69093
3	25	70.70296
3	25	70.71311
3	25	70.72499
3	25	70.73603
3	25	70.74675
3	25	70.75775
3	25	70.76965
3	25	70.78039
3	25	70.79134
3	25	70.80316
3	25	70.81455
3	25	70.82558
3	25	70.83758
3	25	70.84859
3	25	70.8602
3	25	70.87143
3	25	70.88266
3	25	70.89703
4	25	70.90647
4	25	70.91615
4	25	70.9271
4	25	70.93855
4	25	70.94996
4	25	70.96104
4	25	70.97188
4	25	70.98283
4	25	70.99418
4	25	71.00623
4	25	71.01804
5	25	71.02795
5	25	71.03892
5	25	71.0499
5	25	71.0611
5	25	71.07248
5	25	71.0833
5	25	71.09534
5	25	71.1066
5	25	71.11744
5	25	71.12817
5	25	71.13965
6	25	71.1507
6	25	71.16216
6	25	71.17284
6	25	71.18393
6	25	71.19498
6	25	71.20618
6	25	71.2172
6	25	71.22823
6	25	71.23998
6	25	71.25345
6	25	71.26341
7	25	71.27402
7	25	71.28533
7	25	71.29624
7	25	71.30928
7	25	71.31957
7	25	71.33009
7	25	71.34096
7	25	71.35236
7	25	71.36403
7	25	71.3747
7	25	71.3855
8	25	71.39652
8	25	71.40796
8	25	71.41911
8	25	71.43204
8	25	71.44173
8	25	71.45351
8	25	71.464
8	25	71.47556
8	25	71.48642
8	25	71.49722
8	25	71.50855
9	25	71.51986
9	25	71.53093
9	25	71.54189
9	25	71.553
9	25	71.56379
9	25	71.57495
9	25	71.58685
9	25	71.59741
9	25	71.60873
9	25	71.61999
9	25	71.63235
10	25	71.64256
10	25	71.65395
10	25	71.66496
10	25	71.6784
10	25	71.69123
10	25	71.70129
10	25	71.71088
10	25	71.72136
10	25	71.7319
10	25	71.7429
10	25	71.75395
11	25	71.76518
11	25	71.77609
11	25	71.7877
11	25	71.80178
11	25	71.81351
11	25	71.82361
11	25	71.8332
11	25	71.84289
11	25	71.85362
11	25	71.86514
11	25	71.87596
12	25	71.88704
12	25	71.89841
12	25	71.91004
12	25	71.92319
12	25	71.93666
12	25	71.95203
12	25	71.9647
12	25	71.97746
12	25	71.98721
12	25	71.99722
12	26	72.00747
12	26	72.01896
12	26	72.02966
12	26	72.04271
12	26	72.05781
12	26	72.06823
12	26	72.08023
12	26	72.09238
12	26	72.10416
12	26	72.11919
12	27	72.13471
12	27	72.14581
12	27	72.15823
12	27	72.17258
12	27	72.18781
12	27	72.20197
12	27	72.21695
12	27	72.23972
12	28	72.26173
12	28	72.2879
12	28	72.30946
12	28	72.32899
12	28	72.35133
12	29	72.37361
12	29	72.3959
12	29	72.41862
12	29	72.44398
12	29	72.46503
12	29	72.48579
11	29	72.50782
11	29	72.53048
11	29	72.55477
11	29	72.57747
11	29	72.60017
10	29	72.62278
10	29	72.64178
10	29	72.65286
10	29	72.66647
10	29	72.67876
10	29	72.68925
10	29	72.69844
10	29	72.70877
10	29	72.72009
10	29	72.7308
9	29	72.74532
9	29	72.75768
9	29	72.76807
9	29	72.78063
9	29	72.79311
9	29	72.80357
9	29	72.81292
9	29	72.82362
9	29	72.83318
9	29	72.84312
9	29	72.85376
8	29	72.86472
8	29	72.87599
8	29	72.88755
8	29	72.90093
8	29	72.913
8	29	72.92403
8	29	72.93406
8	29	72.94397
8	29	72.95458
8	29	72.96504
8	29	72.97723
7	29	72.9884
7	29	72.99895
7	29	73.01099
7	29	73.0237
7	29	73.03623
7	29	73.04602
7	29	73.05865
7	29	73.07072
7	29	73.08134
7	29	73.09159
7	29	73.10166
8	29	73.11234
8	29	73.12371
8	29	73.13514
8	29	73.14695
8	29	73.15819
8	29	73.1696
8	29	73.18195
8	29	73.19311
8	29	73.20427
8	29	73.21459
8	29	73.22572
9	29	73.23894
9	29	73.2489
9	29	73.25977
9	29	73.27117
9	29	73.28243
9	29	73.29417
9	29	73.30628
9	29	73.31657
9	29	73.32763
9	29	73.33868
10	29	73.34959
10	29	73.36117
10	29	73.37202
10	29	73.38276
10	29	73.39394
10	29	73.40526
10	29	73.4164
10	29	73.42767
10	29	73.43858
10	29	73.45094
10	29	73.46159
11	29	73.47288
11	29	73.48435
11	29	73.49529
11	29	73.507
11	29	73.51825
11	29	73.52902
11	29	73.54049
11	29	73.55235
11	29	73.56361
11	29	73.57538
11	29	73.58626
12	29	73.59717
12	29	73.60844
12	29	73.61927
12	29	73.63033
12	29	73.64198
12	29	73.65316
12	29	73.66515
12	29	73.67673
12	29	73.68729
12	29	73.69785
12	29	73.709
12	29	73.72005
12	29	73.73096
12	29	73.74265
12	29	73.7548
12	29	73.76608
12	29	73.77683
12	29	73.78634
12	29	73.79779
12	29	73.80907
12	29	73.8205
12	29	73.83179
12	29	73.84262
12	29	73.85326
12	29	73.86465
12	29	73.87598
12	29	73.88718
12	29	73.89857
12	29	73.91045
12	29	73.92133
12	29	73.93237
12	29	73.94377
12	29	73.95438
12	29	73.96548
12	29	73.9767
12	29	73.98885
12	29	73.99986
12	29	74.01194
12	29	74.02263
12	29	74.03353
12	29	74.04412
12	29	74.05528
12	29	74.06638
12	29	74.07729
12	29	74.09007
12	29	74.10188
12	29	74.11304
12	29	74.12295
12	29	74.13302
12	29	74.14524
12	29	74.15597
12	29	74.16812
12	29	74.1779
12	29	74.18933
12	29	74.20051
12	29	74.21304
12	29	74.22677
12	29	74.23666
12	29	74.24548
12	29	74.25553
12	29	74.26659
12	29	74.27784
12	29	74.28893
12	29	74.30479
12	29	74.31543
12	29	74.3252
12	29	74.33441
12	29	74.34391
12	29	74.35516
12	29	74.36587
12	29	74.37771
12	29	74.38839
12	28	74.39978
12	28	74.41158
12	28	74.42234
12	28	74.43358
12	28	74.44454
12	28	74.45682
12	28	74.46719
12	28	74.47749
12	28	74.48869
12	28	74.50035
12	28	74.51153
12	27	74.52205
12	27	74.53337
12	27	74.54462
12	27	74.55643
12	27	74.56734
12	27	74.57827
12	27	74.58939
12	27	74.6006
12	27	74.61169
12	27	74.62337
12	27	74.63398
12	26	74.64539
12	26	74.65679
12	26	74.6682
12	26	74.67911
12	26	74.69099
12	26	74.70199
12	26	74.71304
12	26	74.7241
12	26	74.73537
12	26	74.74703
12	26	74.75853
12	25	74.76991
12	25	74.78103
12	25	74.79199
12	25	74.80374
12	25	74.81451
12	25	74.82528
12	25	74.83629
12	25	74.84763
12	25	74.85937
12	25	74.87053
12	25	74.88122
12	26	74.89244
12	26	74.90412
12	26	74.91479
12	26	74.92651
12	26	74.93746
12	26	74.94874
12	26	74.95973
12	26	74.97098
12	26	74.98224
12	26	74.99373
12	27	75.00475
12	27	75.01728
12	27	75.02773
12	27	75.03851
12	27	75.04929
12	27	75.06035
12	27	75.0715
12	27	75.08259
12	27	75.09354
12	27	75.10467
12	27	75.11595
12	28	75.12665
12	28	75.13802
12	28	75.14954
12	28	75.16061
12	28	75.17132
12	28	75.18284
12	28	75.19431
12	28	75.20599
12	28	75.21733
12	28	75.22805
12	28	75.24006
12	29	75.25077
12	29	75.26159
12	29	75.27349
12	29	75.28367
12	29	75.29495
12	29	75.30628
12	29	75.3171
12	29	75.32898
12	29	75.33988
12	29	75.35355
12	29	75.36299
12	29	75.37308
12	29	75.38412
12	29	75.395
12	29	75.40594
12	29	75.41677
12	29	75.42833
12	29	75.43898
12	29	75.44999
12	29	75.46169
12	29	75.47324
12	29	75.48352
12	29	75.49494
12	29	75.50621
12	29	75.51745
12	29	75.52844
12	29	75.53982
12	29	75.55151
12	29	75.56249
12	29	75.57318
12	29	75.58464
12	29	75.59541
12	29	75.60701
12	29	75.618
12	29	75.62923
12	29	75.64064
12	29	75.65229
12	29	75.66264
12	29	75.67372
12	29	75.6852
12	29	75.69643
12	28	75.7077
12	28	75.71807
12	28	75.72969
12	28	75.74119
12	28	75.75201
12	28	75.76393
12	28	75.77552
12	28	75.78612
12	28	75.79801
12	28	75.80921
12	28	75.81965
12	27	75.83112
12	27	75.84253
12	27	75.85336
12	27	75.86527
12	27	75.87592
12	27	75.88692
12	27	75.89809
12	27	75.90974
12	27	75.92111
12	27	75.93258
12	27	75.94375
13	27	75.95497
13	27	75.96541
13	27	75.977
13	27	75.99251
13	27	76.00564
13	27	76.01593
13	27	76.02927
13	27	76.04204
13	27	76.05278
13	27	76.06248
14	27	76.07254
14	27	76.08234
