x	y	time
15	11	0.0638078
15	11	0.0761235
15	11	0.0867024
15	11	0.1053386
15	11	0.1209539
15	11	0.1354263
15	11	0.1468693
15	11	0.1571259
15	11	0.1791374
15	11	0.2018986
15	11	0.2235933
15	11	0.2467835
15	11	0.2692247
15	11	0.2913151
15	11	0.3136873
15	11	0.3359094
15	11	0.3578131
15	11	0.3857825
15	11	0.4025259
15	11	0.4248819
15	11	0.4467159
15	11	0.4693232
15	11	0.4915687
15	11	0.5139242
15	11	0.5370864
15	11	0.559333
15	11	0.5824021
15	11	0.6034946
15	11	0.6257487
15	11	0.6483541
15	11	0.6616151
15	11	0.6739237
15	11	0.685315
15	11	0.6972809
15	11	0.7089491
15	11	0.7211151
15	11	0.7330848
15	11	0.7445695
15	11	0.7558281
15	11	0.7683278
15	11	0.7785417
15	11	0.7914152
15	11	0.8028202
15	11	0.8136751
15	11	0.8246524
15	11	0.8361056
15	11	0.8486493
15	11	0.8601917
15	11	0.8713718
15	11	0.8823065
15	11	0.8940225
15	11	0.9058853
15	11	0.9175408
15	11	0.9296653
15	11	0.9422168
15	11	0.9541488
15	11	0.965495
15	11	0.9762478
15	11	0.9869888
15	11	0.9986976
15	11	1.010134
15	11	1.021861
15	11	1.033793
15	11	1.045806
15	11	1.057316
15	11	1.069254
15	11	1.08054
15	11	1.092821
15	11	1.106307
15	11	1.11881
15	11	1.131123
15	11	1.143018
15	11	1.154778
15	11	1.173081
15	11	1.195329
15	11	1.21799
15	11	1.240505
15	11	1.262702
15	11	1.284694
15	11	1.307498
15	11	1.330648
15	11	1.353168
15	11	1.374472
15	11	1.39658
15	11	1.419494
15	11	1.440683
15	11	1.463949
15	11	1.486136
15	11	1.508374
15	11	1.531611
15	11	1.553916
15	11	1.57565
15	11	1.598073
15	11	1.620081
15	11	1.643418
15	11	1.655928
15	11	1.667429
15	11	1.679064
15	11	1.690862
15	11	1.703186
15	11	1.715439
15	11	1.729122
15	11	1.743883
15	11	1.759126
15	11	1.772806
15	11	1.788357
15	11	1.801672
15	11	1.814076
15	11	1.827636
15	11	1.839638
15	11	1.850509
15	11	1.862327
15	11	1.874555
15	11	1.886062
15	11	1.898009
15	11	1.910125
15	11	1.921956
15	11	1.934697
15	11	1.947243
15	11	1.958843
15	11	1.970398
15	11	1.98199
15	11	1.99378
15	11	2.006036
15	11	2.016739
15	11	2.028215
15	11	2.044036
15	11	2.066272
15	11	2.08913
15	11	2.111621
15	11	2.134243
15	11	2.15636
15	11	2.178666
15	11	2.200886
15	11	2.223183
15	11	2.24543
15	11	2.267772
15	11	2.290296
15	11	2.313105
15	11	2.335068
15	11	2.357006
15	11	2.379885
15	11	2.402488
15	11	2.42418
15	11	2.446311
15	11	2.469743
15	11	2.491586
15	11	2.514726
15	11	2.526687
15	11	2.539296
15	11	2.550435
15	11	2.561833
15	11	2.574409
15	11	2.587119
15	11	2.598903
15	11	2.611598
15	11	2.623345
15	11	2.635017
15	11	2.648798
15	11	2.66003
15	11	2.671859
15	11	2.683311
15	11	2.694807
15	11	2.707215
15	11	2.719155
15	11	2.732038
15	11	2.742857
15	11	2.754745
15	11	2.76663
15	11	2.778587
15	11	2.789651
15	11	2.802677
15	11	2.814939
15	11	2.827591
15	11	2.840162
15	11	2.852393
15	11	2.86404
15	11	2.87591
15	11	2.887369
15	11	2.899087
15	11	2.910633
15	11	2.927738
15	11	2.939946
15	11	2.953004
15	11	2.965639
15	11	2.982809
15	11	3.005145
15	11	3.027583
15	11	3.049664
15	11	3.072438
15	11	3.095623
15	11	3.116774
15	11	3.139504
15	11	3.162647
15	11	3.184031
15	11	3.206593
15	11	3.228435
15	11	3.251221
15	11	3.273156
15	11	3.295017
15	11	3.317365
15	11	3.341386
15	11	3.362628
15	11	3.384951
15	11	3.407754
15	11	3.429731
15	11	3.440535
15	11	3.452298
15	11	3.464455
15	11	3.477027
15	11	3.489168
15	11	3.501141
15	11	3.513244
16	11	3.528113
16	11	3.540585
16	11	3.555147
16	11	3.570772
16	11	3.585681
16	11	3.60048
16	11	3.612163
16	11	3.624701
16	11	3.636612
17	11	3.649599
17	11	3.662233
17	11	3.676757
17	11	3.692193
17	11	3.703904
17	11	3.715413
17	11	3.72797
17	11	3.74273
17	11	3.757161
18	11	3.769492
18	11	3.781146
18	11	3.793118
18	11	3.808874
18	11	3.831186
18	11	3.854068
18	11	3.876456
19	11	3.899025
19	11	3.922183
19	11	3.943346
19	11	3.965801
19	11	3.988191
20	11	4.010409
20	11	4.032662
20	11	4.055639
20	11	4.077298
20	11	4.099289
20	11	4.122493
21	11	4.144277
21	11	4.166786
21	11	4.189615
21	11	4.212367
21	11	4.234009
22	11	4.256365
22	11	4.266948
22	11	4.279047
22	11	4.293378
22	11	4.307715
22	11	4.318599
22	11	4.330564
22	11	4.342724
22	11	4.354613
22	11	4.36705
23	11	4.382248
23	11	4.398322
23	11	4.412597
23	11	4.424273
23	11	4.436191
23	11	4.447228
23	11	4.457943
23	11	4.474263
23	11	4.48596
24	11	4.497837
24	11	4.509112
24	11	4.522543
24	11	4.537447
24	11	4.55319
24	11	4.564595
24	11	4.57583
24	11	4.589247
24	11	4.601072
24	11	4.612838
25	11	4.624287
25	11	4.635338
25	11	4.658247
25	11	4.680885
25	11	4.702715
25	11	4.725252
25	12	4.747386
25	12	4.769342
25	12	4.792361
25	12	4.814386
25	12	4.837712
25	12	4.859363
25	11	4.8814
25	11	4.903443
25	11	4.926241
25	11	4.948783
25	11	4.971072
25	11	4.993975
25	11	5.015814
25	11	5.038293
25	11	5.060482
25	11	5.083011
25	11	5.105364
25	11	5.127083
25	11	5.13946
25	11	5.151101
25	11	5.160702
25	11	5.170912
25	11	5.183052
25	11	5.196156
25	11	5.208625
25	11	5.220143
25	11	5.231279
25	11	5.243123
25	11	5.253523
25	11	5.264853
25	11	5.276588
25	11	5.287954
25	11	5.299234
25	11	5.310933
25	11	5.321943
26	11	5.333466
26	11	5.344656
26	11	5.356742
26	11	5.372452
26	11	5.390791
26	11	5.402333
26	11	5.414259
26	11	5.425335
26	11	5.436542
26	11	5.44768
27	11	5.458956
27	11	5.471271
27	11	5.487144
27	11	5.501041
27	11	5.513376
27	11	5.524583
27	11	5.536369
27	11	5.548279
27	11	5.560464
27	11	5.571951
27	11	5.583151
27	11	5.595781
27	11	5.607574
27	11	5.630045
27	11	5.651883
27	11	5.674968
27	11	5.696872
27	11	5.719007
27	11	5.741681
27	11	5.764047
27	10	5.786862
27	10	5.809011
27	10	5.831124
27	10	5.853334
27	10	5.875572
27	10	5.898148
27	9	5.920272
27	9	5.943108
27	9	5.965337
27	9	5.987316
27	9	6.010252
27	8	6.032227
27	8	6.054815
27	8	6.077341
27	8	6.100291
27	8	6.121626
27	8	6.136893
27	8	6.148561
27	8	6.160085
27	8	6.171679
27	8	6.183897
27	8	6.195268
27	8	6.206675
27	8	6.217597
27	8	6.228678
27	8	6.239974
27	8	6.252033
27	8	6.264029
26	8	6.274895
26	8	6.285925
26	8	6.298818
26	8	6.313556
26	8	6.327253
26	8	6.33857
26	8	6.349726
26	8	6.361026
26	8	6.372057
26	8	6.38372
25	8	6.395535
25	8	6.407666
25	8	6.423473
25	8	6.438282
25	8	6.450512
25	8	6.463529
25	8	6.474057
25	8	6.486433
25	8	6.499399
25	8	6.510118
25	8	6.52093
25	8	6.53293
25	8	6.544584
25	8	6.568795
25	8	6.589963
25	8	6.612276
25	7	6.635256
25	7	6.657393
25	7	6.680086
25	7	6.702555
25	7	6.725645
25	7	6.746974
25	6	6.769079
25	6	6.791403
25	6	6.813984
25	6	6.836605
25	6	6.858946
25	5	6.881507
25	5	6.90348
25	5	6.925422
25	5	6.947527
25	5	6.970254
25	5	6.992784
25	5	7.015159
26	5	7.037769
26	5	7.052008
26	5	7.066737
26	5	7.081418
26	5	7.093447
26	5	7.105907
26	5	7.117776
26	5	7.12931
26	5	7.141261
27	5	7.153399
27	5	7.165496
27	5	7.177346
27	5	7.192187
27	5	7.206646
27	5	7.220608
27	5	7.232598
27	5	7.243873
27	5	7.254742
27	5	7.26717
27	5	7.279072
27	5	7.290883
27	5	7.302015
27	5	7.313515
27	5	7.324217
27	5	7.33542
27	5	7.346743
27	5	7.361802
27	5	7.388758
27	4	7.410138
27	4	7.432109
27	4	7.452501
27	4	7.475467
27	4	7.498892
27	4	7.519303
27	3	7.542751
27	3	7.558313
27	3	7.580614
27	3	7.602839
27	3	7.625472
27	3	7.647541
27	2	7.670285
27	2	7.69275
27	2	7.714995
27	2	7.737325
27	2	7.759452
27	2	7.782051
27	2	7.804475
27	2	7.827437
27	2	7.849401
27	2	7.862448
27	2	7.872645
27	2	7.884214
27	2	7.895863
27	2	7.909021
27	2	7.921792
27	2	7.934072
27	2	7.946224
27	2	7.957239
27	2	7.969127
27	2	7.98144
27	2	7.993135
26	2	8.004857
26	2	8.018315
26	2	8.033622
26	2	8.04885
26	2	8.060029
26	2	8.071947
26	2	8.083779
26	2	8.095738
26	2	8.106525
25	2	8.117764
25	2	8.129207
25	2	8.14233
25	2	8.156459
25	2	8.171599
25	2	8.183076
25	2	8.194978
25	2	8.206285
25	2	8.217744
25	2	8.229488
24	2	8.240878
24	2	8.252028
24	2	8.265306
24	2	8.280993
24	2	8.296508
24	2	8.310566
24	2	8.324691
24	2	8.334903
24	2	8.354586
23	2	8.377337
23	2	8.399597
23	2	8.422477
23	2	8.44493
23	2	8.467649
22	2	8.489292
22	2	8.511829
22	2	8.534548
22	2	8.556232
22	2	8.578994
22	2	8.600894
22	3	8.62394
22	3	8.646235
22	3	8.668419
22	3	8.690577
22	3	8.71345
22	4	8.735502
22	4	8.757165
22	4	8.780366
22	4	8.802016
22	4	8.824589
22	4	8.84655
22	5	8.859084
22	5	8.869606
22	5	8.88172
22	5	8.895289
22	5	8.914021
22	5	8.923995
22	5	8.936154
22	5	8.950771
22	5	8.964992
23	5	8.976782
23	5	8.987578
23	5	9.000652
23	5	9.015197
23	5	9.029675
23	5	9.042595
23	5	9.053378
23	5	9.064982
23	5	9.076019
23	5	9.088898
24	5	9.105941
24	5	9.120807
24	5	9.135725
24	5	9.147236
24	5	9.1586
24	5	9.170204
24	5	9.181252
24	5	9.204179
25	5	9.226469
25	5	9.249006
25	5	9.270815
25	5	9.29342
25	5	9.315541
26	5	9.338235
26	5	9.360534
26	5	9.38278
26	5	9.406054
26	5	9.428967
26	5	9.449673
25	5	9.471774
25	5	9.494746
25	5	9.517141
25	5	9.539561
25	5	9.563169
24	5	9.584373
24	5	9.606785
24	5	9.629036
24	5	9.651194
24	5	9.673382
24	5	9.6843
24	5	9.695937
23	5	9.706754
23	5	9.719162
23	5	9.73108
23	5	9.742354
23	5	9.753232
23	5	9.765002
23	5	9.776167
23	5	9.787742
23	5	9.799126
23	5	9.810273
23	5	9.821479
22	5	9.833047
22	5	9.844186
22	5	9.855405
22	5	9.866758
22	5	9.878107
22	5	9.888848
22	5	9.902271
22	5	9.913959
22	5	9.925361
22	5	9.93651
22	5	9.947895
22	6	9.958999
22	6	9.970389
22	6	9.983065
22	6	9.99789
22	6	10.01136
22	6	10.02359
22	6	10.03584
22	6	10.05004
22	6	10.06429
22	6	10.07565
22	6	10.08672
22	6	10.09985
22	6	10.11392
22	6	10.12831
22	6	10.13959
22	6	10.15185
22	6	10.16373
22	6	10.17649
22	6	10.18883
22	7	10.20444
22	7	10.21849
22	7	10.23141
22	7	10.24542
22	7	10.26582
22	7	10.28741
22	7	10.31019
22	8	10.33243
22	8	10.35544
22	8	10.37683
22	8	10.39918
22	8	10.42123
22	9	10.44418
22	9	10.46686
22	9	10.48862
22	9	10.51186
22	9	10.53391
22	9	10.55662
22	10	10.57827
22	10	10.60037
22	10	10.62261
22	10	10.64515
22	10	10.66792
21	10	10.68977
21	10	10.71233
21	10	10.72333
21	10	10.73525
21	10	10.74694
21	10	10.75825
21	10	10.76984
21	10	10.78094
21	10	10.79302
21	10	10.80427
20	10	10.81553
20	10	10.8272
20	10	10.83982
20	10	10.8522
20	10	10.86483
20	10	10.87602
20	10	10.88816
20	10	10.89963
20	10	10.91103
20	10	10.92206
19	10	10.93439
19	10	10.94572
19	10	10.95676
19	10	10.96794
19	10	10.9795
19	10	10.991
19	10	11.0034
19	10	11.01572
19	10	11.02807
19	10	11.03917
18	10	11.05054
18	10	11.0622
18	10	11.0733
18	10	11.08524
18	10	11.09753
18	10	11.10923
18	10	11.12023
18	10	11.13243
18	10	11.14354
18	10	11.15556
18	10	11.16751
17	10	11.17988
17	10	11.19147
17	10	11.20328
17	10	11.21519
17	10	11.22614
17	10	11.24842
17	10	11.27097
16	10	11.29414
16	10	11.3156
16	10	11.33764
16	10	11.36012
16	10	11.38229
16	10	11.40435
15	10	11.42748
15	10	11.4502
15	10	11.47166
15	10	11.49466
15	10	11.51639
16	10	11.53931
16	10	11.56142
16	10	11.58333
16	10	11.60628
16	10	11.6284
16	10	11.65086
17	10	11.67301
17	10	11.69559
17	10	11.71756
17	10	11.72909
17	10	11.74046
17	10	11.75196
17	10	11.76329
17	10	11.77446
18	10	11.79128
18	10	11.80359
18	10	11.81587
18	10	11.82801
18	10	11.84115
18	10	11.85457
18	10	11.8673
18	10	11.88074
18	10	11.89535
19	10	11.9106
19	10	11.92325
19	10	11.93627
19	10	11.94988
19	10	11.96474
19	10	11.97618
19	10	11.98782
19	10	11.99984
19	10	12.01181
19	10	12.02342
20	10	12.03535
20	10	12.04713
20	10	12.05812
20	10	12.06968
20	10	12.08183
20	10	12.09381
20	10	12.10589
20	10	12.11836
20	10	12.13074
19	10	12.15239
19	10	12.17507
19	10	12.19776
19	10	12.22029
19	10	12.2431
19	10	12.26525
18	10	12.28744
18	10	12.3097
18	10	12.33217
18	10	12.35418
18	10	12.37626
17	10	12.39929
17	10	12.42102
17	10	12.44308
17	10	12.46586
17	10	12.48834
17	10	12.51055
16	10	12.53304
16	10	12.55601
16	10	12.57804
16	10	12.59991
16	10	12.61301
16	10	12.62553
15	10	12.6379
15	10	12.65107
15	10	12.66449
15	10	12.67589
15	10	12.6885
15	10	12.70059
15	10	12.71381
15	10	12.72557
15	10	12.73757
15	10	12.74975
14	10	12.76136
14	10	12.77327
14	10	12.78536
14	10	12.79691
14	10	12.80839
14	10	12.82031
14	10	12.83319
14	10	12.84464
14	10	12.85652
14	10	12.86963
14	10	12.8807
13	10	12.89146
13	10	12.90411
13	10	12.91751
13	10	12.93272
13	10	12.94658
13	10	12.95866
13	10	12.97041
13	10	12.98214
13	10	12.99339
13	9	13.00527
13	9	13.01664
13	9	13.03636
13	9	13.05767
13	9	13.08012
13	9	13.10246
13	9	13.12471
13	8	13.14716
13	8	13.1695
13	8	13.19233
13	8	13.21411
13	8	13.23676
13	7	13.25907
13	7	13.28137
13	7	13.30361
13	7	13.32611
13	7	13.34838
13	7	13.37022
13	7	13.39254
13	7	13.41497
13	7	13.43751
13	7	13.45998
13	7	13.48229
13	7	13.50544
13	7	13.51756
13	7	13.52845
12	7	13.54074
12	7	13.55401
12	7	13.56806
12	7	13.58245
12	7	13.59812
12	7	13.60992
12	7	13.62225
12	7	13.63389
12	7	13.6478
11	7	13.66139
11	7	13.67595
11	7	13.69112
11	7	13.70642
11	7	13.71904
11	7	13.73055
11	7	13.74203
11	7	13.75359
11	7	13.76545
11	7	13.77674
10	7	13.78874
10	7	13.80061
10	7	13.81304
10	7	13.82776
10	7	13.8438
10	7	13.85519
10	7	13.86677
10	7	13.88429
9	7	13.90701
9	7	13.92884
9	7	13.95155
9	7	13.97442
9	7	13.99608
9	7	14.01838
8	7	14.04059
8	7	14.06335
8	7	14.08526
8	7	14.10779
8	7	14.13091
7	7	14.1527
7	7	14.17492
7	7	14.19713
7	7	14.21932
7	7	14.24148
7	7	14.26403
7	7	14.28688
7	7	14.30894
7	6	14.3314
7	6	14.3535
7	6	14.36593
7	6	14.37928
7	6	14.39325
7	6	14.40683
7	6	14.42122
7	6	14.43858
7	5	14.45707
7	5	14.47367
7	5	14.48977
7	5	14.50565
7	5	14.52372
7	5	14.53905
7	5	14.55254
7	5	14.56601
7	4	14.57912
7	4	14.59464
7	4	14.61346
7	4	14.63125
7	4	14.64511
7	4	14.66049
7	4	14.67485
7	4	14.68673
7	4	14.69863
7	4	14.71494
7	4	14.72797
7	4	14.74523
7	4	14.76722
7	4	14.78869
7	4	14.81118
7	3	14.83369
7	3	14.8558
7	3	14.87872
7	3	14.90262
7	3	14.9229
7	2	14.94548
7	2	14.96866
7	2	14.9903
7	2	15.01262
7	2	15.03525
7	2	15.05755
8	2	15.08011
8	2	15.10229
8	2	15.12428
8	2	15.14648
8	2	15.16896
8	2	15.19124
8	2	15.21388
8	2	15.22849
8	2	15.24297
8	2	15.2544
8	2	15.26601
8	2	15.27746
8	2	15.28933
8	2	15.30137
9	2	15.31227
9	2	15.32367
9	2	15.33635
9	2	15.35102
9	2	15.36634
9	2	15.38099
9	2	15.39546
9	2	15.40712
9	2	15.41814
10	2	15.42953
10	2	15.44134
10	2	15.45395
10	2	15.46851
10	2	15.48287
10	2	15.49447
10	2	15.50585
10	2	15.52029
10	2	15.53842
11	2	15.55414
11	2	15.56653
11	2	15.57885
11	2	15.59389
11	2	15.60844
11	2	15.61916
11	2	15.63834
11	2	15.66043
12	2	15.68343
12	2	15.70541
12	2	15.72738
12	2	15.74978
12	2	15.77168
13	2	15.79436
13	2	15.81657
13	2	15.83936
13	2	15.86108
13	2	15.88345
13	2	15.90591
14	2	15.9285
14	2	15.95135
14	2	15.97343
14	2	15.99652
14	2	16.01765
15	2	16.04006
15	2	16.06271
15	2	16.08456
15	2	16.10682
15	2	16.12974
15	2	16.14156
15	2	16.15312
17	2	16.1679
17	2	16.18316
17	2	16.19589
17	2	16.21043
17	2	16.22413
17	2	16.2367
17	2	16.2477
17	2	16.25891
17	2	16.27102
17	2	16.2821
18	2	16.29339
18	2	16.30846
18	2	16.32264
18	2	16.34252
18	2	16.35402
18	2	16.3656
18	2	16.3774
18	2	16.38818
18	2	16.4007
19	2	16.412
19	2	16.42295
19	2	16.43528
19	2	16.44995
19	2	16.4657
19	2	16.47973
19	2	16.49382
19	2	16.50597
19	2	16.5202
20	2	16.54244
20	2	16.56577
20	2	16.58774
20	2	16.60993
20	2	16.63262
21	2	16.65466
21	2	16.67689
21	2	16.69912
21	2	16.72089
21	2	16.74376
21	2	16.76607
22	2	16.78896
22	2	16.81143
22	2	16.83334
22	2	16.85568
22	2	16.87779
23	2	16.90061
23	2	16.92246
23	2	16.94522
23	2	16.9672
23	2	16.97824
23	2	16.98944
23	2	17.00024
23	2	17.01116
22	2	17.02274
22	2	17.035
22	2	17.04597
22	2	17.0569
22	2	17.07138
22	2	17.08337
22	2	17.09771
22	2	17.11053
22	2	17.12409
22	2	17.1364
21	2	17.1492
21	2	17.16148
21	2	17.17412
21	2	17.18908
21	2	17.20191
21	2	17.21444
21	2	17.22767
21	2	17.24139
21	2	17.25298
20	2	17.26559
20	2	17.27753
20	2	17.28911
20	2	17.30023
20	2	17.31277
20	2	17.32477
20	2	17.33756
20	2	17.34892
20	2	17.36058
20	2	17.37302
19	2	17.38574
19	2	17.39825
19	2	17.40984
19	2	17.42154
19	2	17.4332
19	2	17.44539
19	2	17.45887
19	2	17.48171
19	2	17.50414
18	2	17.52665
18	2	17.54995
18	2	17.57139
18	2	17.59245
18	2	17.61489
17	2	17.6378
17	2	17.66013
17	2	17.68255
17	2	17.70467
17	2	17.7275
16	2	17.7494
16	2	17.77131
16	2	17.79389
16	2	17.81671
16	2	17.83787
16	2	17.86065
16	3	17.88324
16	3	17.90522
16	3	17.92828
16	3	17.94275
16	3	17.95441
16	3	17.96653
16	3	17.97828
16	3	17.99165
16	4	18.00554
16	4	18.02626
16	4	18.04252
16	4	18.05971
16	4	18.07615
16	4	18.08899
16	4	18.10167
16	4	18.11331
16	5	18.1259
16	5	18.13965
16	5	18.15588
16	5	18.1777
16	5	18.19552
16	5	18.2129
16	5	18.23022
17	4	18.24737
17	4	18.26333
17	4	18.27887
17	4	18.29556
17	4	18.30936
17	4	18.33044
17	4	18.35303
18	4	18.37456
18	4	18.39672
18	4	18.41918
18	4	18.4414
18	4	18.46332
19	4	18.48588
19	4	18.50909
19	4	18.5309
19	4	18.55354
19	4	18.57572
19	4	18.59798
19	5	18.62025
19	5	18.64322
19	5	18.66627
19	5	18.68781
19	5	18.71012
19	6	18.73188
19	6	18.7549
19	6	18.77666
19	6	18.79927
19	6	18.81445
19	6	18.82655
19	6	18.84213
19	7	18.85834
19	7	18.87097
19	7	18.88459
19	7	18.90126
19	7	18.9164
19	7	18.92982
19	7	18.94153
19	7	18.95383
19	7	18.96626
20	7	18.97906
20	7	18.99409
20	7	19.01031
20	7	19.02522
20	7	19.03864
20	7	19.05086
20	7	19.06363
20	7	19.07575
20	7	19.08749
21	7	19.10036
21	7	19.11266
21	7	19.12551
21	7	19.14018
21	7	19.15598
21	7	19.17812
21	7	19.20077
22	7	19.22276
22	7	19.24547
22	7	19.26864
22	7	19.29075
22	7	19.31308
22	7	19.33534
22	7	19.35778
22	7	19.37951
21	7	19.40244
21	7	19.42425
21	7	19.44695
21	7	19.46906
21	7	19.49133
21	7	19.51381
20	7	19.53605
20	7	19.55928
20	7	19.58247
20	7	19.60382
20	7	19.62572
19	7	19.63945
19	7	19.65302
19	7	19.66476
19	7	19.67872
19	7	19.69025
19	7	19.70268
19	7	19.71469
19	7	19.72731
19	7	19.7391
19	7	19.7511
18	7	19.76365
18	7	19.77584
18	7	19.78937
18	7	19.806
18	7	19.82226
18	7	19.83521
18	7	19.84727
18	7	19.85957
18	7	19.87216
17	7	19.88458
17	7	19.89686
17	7	19.90966
17	7	19.92531
17	7	19.93991
17	7	19.95567
17	7	19.96809
17	7	19.97917
17	7	19.99181
16	7	20.0047
16	7	20.0171
16	7	20.02985
16	7	20.04402
16	7	20.06111
16	7	20.08406
16	7	20.1059
16	8	20.12804
16	8	20.15064
16	8	20.17304
16	8	20.19514
16	8	20.21737
16	8	20.24017
16	9	20.26169
16	9	20.28432
16	9	20.30671
16	9	20.32903
16	9	20.3519
16	10	20.37395
16	10	20.3968
16	10	20.41885
16	10	20.44093
16	10	20.46321
16	10	20.48593
17	10	20.508
17	10	20.52354
17	10	20.53625
17	10	20.54951
17	10	20.56371
17	10	20.576
17	10	20.5888
17	10	20.60159
17	10	20.61412
18	10	20.62728
18	10	20.64047
18	10	20.65355
18	10	20.66581
18	10	20.67779
18	10	20.68959
18	10	20.70539
18	10	20.71732
18	10	20.72951
19	10	20.74157
19	10	20.75324
19	10	20.76496
19	10	20.77804
19	10	20.79066
19	10	20.80294
19	10	20.81458
19	10	20.82768
19	10	20.83993
19	10	20.85183
20	10	20.8649
20	10	20.87625
20	10	20.89333
20	10	20.91033
20	10	20.93219
20	10	20.95473
20	10	20.97711
21	10	20.99912
21	10	21.02173
21	10	21.0437
21	10	21.06598
21	10	21.08837
22	10	21.11112
22	10	21.1333
22	10	21.15581
22	10	21.17931
22	10	21.20015
22	10	21.22302
22	11	21.24504
22	11	21.26753
22	11	21.28979
22	11	21.31209
22	11	21.33583
22	12	21.35705
22	12	21.38003
22	12	21.40199
22	12	21.41858
22	12	21.43482
22	12	21.44643
22	12	21.45882
22	12	21.47099
22	13	21.4849
22	13	21.49928
22	13	21.51523
22	13	21.53154
22	13	21.54493
22	13	21.55781
22	13	21.57111
22	13	21.58397
22	14	21.59718
22	14	21.61518
22	14	21.62819
22	14	21.6466
22	14	21.66269
22	14	21.67883
22	14	21.69444
22	14	21.707
22	15	21.71856
22	15	21.73007
22	15	21.7433
22	15	21.75822
22	15	21.77561
22	15	21.78757
22	15	21.80346
22	15	21.82677
22	16	21.84799
22	16	21.87002
22	16	21.89357
22	16	21.91458
22	16	21.93776
22	16	21.95985
23	16	21.98302
23	16	22.00487
23	16	22.02743
23	16	22.0493
23	16	22.07161
24	16	22.09413
24	16	22.11612
24	16	22.13882
24	16	22.16085
24	16	22.18314
25	16	22.20525
25	16	22.22791
25	16	22.24143
25	16	22.25631
25	16	22.2723
25	16	22.28513
25	16	22.29807
25	16	22.31487
26	16	22.33024
26	16	22.34363
26	16	22.35546
26	16	22.37241
26	16	22.38815
26	16	22.40071
26	16	22.41287
26	16	22.4244
26	16	22.43779
27	16	22.45058
27	16	22.46679
27	16	22.4826
27	16	22.49866
27	16	22.51166
27	16	22.52816
27	16	22.54042
27	16	22.55233
27	16	22.56616
27	16	22.57917
27	15	22.59655
27	15	22.62017
27	15	22.64187
27	15	22.66405
27	15	22.68678
27	15	22.7084
27	14	22.7308
27	14	22.75297
27	14	22.77685
27	14	22.79835
27	14	22.82063
27	13	22.84275
27	13	22.86503
27	13	22.88733
27	13	22.90963
27	13	22.93219
27	13	22.95425
26	13	22.97674
26	13	22.99872
26	13	23.02103
26	13	23.04368
26	13	23.06583
26	13	23.07816
26	13	23.09015
25	13	23.10781
25	13	23.12562
25	13	23.14118
25	13	23.15347
25	13	23.16525
25	13	23.17737
25	13	23.19019
25	13	23.20258
25	13	23.21478
25	12	23.22759
25	12	23.24097
25	12	23.25646
25	12	23.27211
25	12	23.28405
25	12	23.29667
25	12	23.30825
25	12	23.32021
25	12	23.33306
25	11	23.3448
25	11	23.35675
25	11	23.36865
25	11	23.38206
25	11	23.39561
25	11	23.41022
25	11	23.42354
25	11	23.44525
25	10	23.46802
25	10	23.49069
25	10	23.51289
25	10	23.53508
25	10	23.5584
25	10	23.57978
25	10	23.60186
25	10	23.62572
25	10	23.6466
25	10	23.66844
25	10	23.69078
25	10	23.71372
25	10	23.73555
25	11	23.75815
25	11	23.78041
25	11	23.80245
25	11	23.82535
25	11	23.84785
25	11	23.87108
25	12	23.89301
25	12	23.90439
25	12	23.91557
25	12	23.92843
25	12	23.94058
25	12	23.954
25	12	23.96548
25	12	23.97727
25	12	23.99029
25	13	24.00283
25	13	24.01428
25	13	24.02711
25	13	24.03952
25	13	24.05259
25	13	24.06511
25	13	24.08024
25	13	24.1005
25	13	24.11359
26	13	24.12567
26	13	24.13828
26	13	24.15006
26	13	24.16293
26	13	24.17515
26	13	24.1875
26	13	24.19938
26	13	24.21126
26	13	24.22402
26	13	24.23666
27	13	24.24966
27	13	24.26262
27	13	24.27533
27	13	24.2876
27	13	24.29981
27	13	24.31159
27	13	24.32381
27	13	24.33553
27	13	24.35065
27	13	24.37239
27	14	24.39524
27	14	24.41748
27	14	24.44051
27	14	24.4623
27	14	24.48431
27	14	24.50741
27	15	24.52942
27	15	24.55195
27	15	24.57451
27	15	24.59656
27	15	24.61848
27	16	24.6411
27	16	24.66352
27	16	24.68542
27	16	24.70752
27	16	24.73024
27	16	24.75274
27	17	24.77519
27	17	24.79736
27	17	24.81457
27	17	24.83151
27	17	24.84675
27	17	24.8593
27	17	24.87083
27	18	24.88328
27	18	24.89643
27	18	24.91084
27	18	24.92624
27	18	24.94156
27	18	24.95447
27	18	24.96811
27	18	24.9826
27	18	24.9999
27	19	25.01271
27	19	25.02501
27	19	25.03769
27	19	25.05259
27	19	25.06861
27	19	25.08078
27	19	25.09417
27	19	25.10732
27	19	25.11958
27	19	25.135
27	19	25.15062
27	19	25.1658
26	19	25.18803
26	19	25.21108
26	19	25.23367
26	19	25.25572
26	19	25.27855
26	19	25.29976
25	19	25.32219
25	19	25.34441
25	19	25.36687
25	19	25.38926
25	19	25.41165
25	19	25.43475
25	19	25.45673
25	19	25.4793
25	19	25.501
25	20	25.52334
25	20	25.54561
25	20	25.56825
25	20	25.59119
25	20	25.61337
25	20	25.63618
25	21	25.64916
25	21	25.66548
25	21	25.68348
25	21	25.70473
25	21	25.71717
25	21	25.73052
25	21	25.74337
25	21	25.75933
25	22	25.77482
25	22	25.78777
25	22	25.80402
25	22	25.81907
25	22	25.83219
25	22	25.84541
25	22	25.85654
25	22	25.86862
25	22	25.88165
24	22	25.8944
24	22	25.91108
24	22	25.92631
24	22	25.93851
24	22	25.95068
24	22	25.96255
24	22	25.97512
24	22	25.98681
24	22	25.9987
23	22	26.01472
23	22	26.03687
23	22	26.05998
23	22	26.08197
23	22	26.10426
22	22	26.12679
22	22	26.14891
22	22	26.1707
22	22	26.19353
22	22	26.21642
22	22	26.23803
22	22	26.26134
22	22	26.2828
22	22	26.30523
22	22	26.3279
22	22	26.34962
22	22	26.37285
22	22	26.39478
22	22	26.41743
22	22	26.44027
22	21	26.46221
22	21	26.48422
22	21	26.49653
22	21	26.51221
22	21	26.52822
22	21	26.54491
22	21	26.56061
22	21	26.57395
22	20	26.5859
22	20	26.59783
22	20	26.61078
22	20	26.62702
22	20	26.64431
22	20	26.65726
22	20	26.66833
22	20	26.68103
22	20	26.6968
22	19	26.7123
22	19	26.72445
22	19	26.7373
22	19	26.75238
22	19	26.76883
22	19	26.78214
22	19	26.79491
22	19	26.80799
22	19	26.82012
22	18	26.83232
22	18	26.85224
22	18	26.87465
22	18	26.89722
22	18	26.91957
22	18	26.94206
22	17	26.96454
22	17	26.98766
22	17	27.00883
22	17	27.03159
22	17	27.05347
22	16	27.07615
22	16	27.09911
22	16	27.12103
22	16	27.14371
22	16	27.16592
22	16	27.18844
22	17	27.21055
22	17	27.23313
22	17	27.25469
22	17	27.27743
22	17	27.29982
22	18	27.32142
22	18	27.33529
22	18	27.34741
22	18	27.36088
22	18	27.37444
22	18	27.38802
22	18	27.40179
22	18	27.41307
22	18	27.42541
22	19	27.43825
22	19	27.45111
22	19	27.46297
22	19	27.47445
22	19	27.48724
22	19	27.49942
22	19	27.51126
22	19	27.52354
22	19	27.53557
22	19	27.54754
22	19	27.55964
22	20	27.57146
22	20	27.58413
22	20	27.59618
22	20	27.609
22	20	27.62124
22	20	27.63347
22	20	27.64608
22	20	27.65897
22	20	27.67051
22	21	27.68299
22	21	27.69709
22	21	27.71172
22	21	27.72319
22	21	27.73501
22	21	27.75746
22	21	27.77982
22	21	27.80218
22	22	27.8247
22	22	27.84698
22	22	27.86937
22	22	27.89185
22	22	27.91337
22	23	27.93622
22	23	27.95804
22	23	27.98015
22	23	28.00272
22	23	28.02524
22	23	28.04743
22	24	28.06985
22	24	28.09358
22	24	28.11489
22	24	28.13754
22	24	28.15972
22	25	28.18203
22	25	28.20467
22	25	28.21739
22	25	28.23202
22	25	28.24912
22	25	28.26461
22	25	28.2798
22	25	28.29195
22	26	28.30396
22	26	28.31684
22	26	28.33042
22	26	28.34572
22	26	28.36152
22	26	28.37595
22	26	28.38833
22	26	28.40138
22	27	28.41772
22	27	28.43303
22	27	28.44677
22	27	28.46191
22	27	28.4773
22	27	28.48898
22	27	28.50043
22	27	28.51248
22	27	28.52543
22	28	28.53784
22	28	28.55054
22	28	28.5653
22	28	28.58127
22	28	28.59587
22	28	28.61693
22	28	28.63945
22	29	28.66208
22	29	28.68421
22	29	28.70674
22	29	28.73002
22	29	28.75205
22	29	28.77421
23	29	28.79652
23	29	28.81848
23	29	28.84143
23	29	28.86351
23	29	28.88625
24	29	28.90784
24	29	28.93011
24	29	28.95309
24	29	28.97545
24	29	28.99724
24	29	29.02015
25	29	29.04334
25	29	29.06026
25	29	29.07765
25	29	29.0892
25	29	29.1026
25	29	29.11543
25	29	29.12789
25	29	29.13987
26	29	29.15204
26	29	29.16494
26	29	29.17968
26	29	29.19581
26	29	29.21142
26	29	29.2274
26	29	29.24109
26	29	29.25363
26	29	29.26717
27	29	29.27924
27	29	29.2901
27	29	29.30346
27	29	29.31963
27	29	29.33499
27	29	29.34666
27	29	29.36137
27	29	29.37634
27	29	29.38775
27	28	29.39957
27	28	29.42156
27	28	29.44372
27	28	29.46614
27	28	29.48812
27	28	29.51116
27	27	29.53331
27	27	29.5557
27	27	29.57906
27	27	29.60059
27	27	29.62224
27	26	29.64485
27	26	29.66839
27	26	29.68913
27	26	29.71202
27	26	29.73414
27	26	29.75612
27	25	29.7785
27	25	29.80127
27	25	29.82398
27	25	29.84573
27	25	29.86794
27	25	29.87848
27	24	29.89044
27	24	29.90245
27	24	29.9149
27	24	29.93037
27	24	29.94614
27	24	29.95755
27	24	29.97096
27	24	29.98266
27	24	29.99707
27	23	30.01026
27	23	30.02158
27	23	30.033
27	23	30.04814
27	23	30.06284
27	23	30.0743
27	23	30.08473
27	23	30.09611
27	23	30.10783
27	23	30.11934
27	22	30.13059
27	22	30.14212
27	22	30.15632
27	22	30.16996
27	22	30.18287
27	22	30.19484
27	22	30.20403
27	22	30.2141
27	22	30.22331
27	22	30.23572
26	22	30.25886
26	22	30.28135
26	22	30.30435
26	22	30.32686
26	22	30.34862
26	22	30.37031
25	22	30.3936
25	22	30.41494
25	22	30.43776
25	22	30.46051
25	22	30.48198
24	22	30.50481
24	22	30.52757
24	22	30.54972
24	22	30.57259
24	22	30.59509
23	22	30.61738
23	22	30.63905
23	22	30.6612
23	22	30.68346
23	22	30.70576
23	22	30.72806
22	22	30.73897
22	22	30.75065
22	22	30.76138
22	22	30.7729
22	22	30.78365
22	22	30.79512
22	22	30.80616
22	22	30.8174
22	22	30.82873
22	22	30.83946
22	22	30.85076
22	22	30.86195
22	22	30.87302
22	22	30.88432
22	22	30.89571
22	22	30.90679
22	23	30.91791
22	23	30.92953
22	23	30.94006
22	23	30.95159
22	23	30.96187
22	23	30.97357
22	23	30.98515
22	23	30.99736
22	23	31.00925
22	23	31.02097
22	23	31.03292
22	24	31.04523
22	24	31.05634
22	24	31.0679
22	24	31.07973
22	24	31.09056
22	24	31.10357
22	24	31.11484
22	24	31.12652
22	24	31.13999
22	24	31.15242
22	25	31.16384
22	25	31.17656
22	25	31.18797
22	25	31.1992
22	25	31.21
22	25	31.22079
22	25	31.2323
22	25	31.24363
22	25	31.25532
22	25	31.26653
22	25	31.278
23	25	31.28916
23	25	31.30086
23	25	31.31352
23	25	31.32785
23	25	31.34137
23	25	31.35347
23	25	31.36481
23	25	31.37567
23	25	31.3871
23	25	31.40224
24	25	31.41635
24	25	31.42807
24	25	31.44174
24	25	31.45629
24	25	31.46788
24	25	31.47939
24	25	31.49018
24	25	31.50097
24	25	31.52093
25	25	31.54462
25	25	31.56584
25	25	31.58885
25	25	31.61067
25	25	31.63314
26	25	31.65568
26	25	31.67865
26	25	31.70123
26	25	31.72274
26	25	31.74666
26	25	31.7672
27	25	31.78938
27	25	31.8117
27	25	31.83372
27	25	31.85666
27	25	31.87871
26	25	31.90122
26	25	31.92397
26	25	31.94577
26	25	31.96835
26	25	31.99064
26	25	32.00203
26	25	32.01395
25	25	32.02387
25	25	32.03572
25	25	32.04646
25	25	32.05749
25	25	32.06884
25	25	32.08165
25	25	32.09447
25	25	32.10968
25	25	32.12207
25	25	32.13582
24	25	32.14855
24	25	32.16149
24	25	32.17505
24	25	32.18703
24	25	32.19923
24	25	32.21055
24	25	32.22146
24	25	32.2323
24	25	32.24379
24	25	32.25438
23	25	32.26577
23	25	32.27627
23	25	32.28716
23	25	32.29866
23	25	32.30999
23	25	32.32104
23	25	32.33244
23	25	32.34404
23	25	32.35608
23	25	32.36902
23	25	32.38134
22	25	32.39264
22	25	32.40406
22	25	32.42619
22	25	32.44854
22	25	32.47068
22	25	32.49353
21	25	32.51563
21	25	32.53786
21	25	32.56059
21	25	32.58377
21	25	32.60517
20	25	32.62762
20	25	32.64978
20	25	32.67193
20	25	32.69426
20	25	32.71658
20	25	32.73864
19	25	32.76133
19	25	32.78339
19	25	32.80629
19	25	32.82864
19	25	32.85049
18	25	32.87283
18	25	32.88385
18	25	32.89544
18	25	32.90945
18	25	32.9231
18	25	32.93453
18	25	32.94485
18	25	32.9556
18	25	32.96738
18	25	32.98112
17	25	32.99589
17	25	33.00694
17	25	33.01959
17	25	33.03376
17	25	33.04751
17	25	33.05832
17	25	33.06985
17	25	33.08186
17	25	33.09434
17	25	33.11188
16	25	33.12392
16	25	33.13927
16	25	33.15479
16	25	33.16913
16	25	33.18118
16	25	33.19256
16	25	33.20393
16	25	33.21495
16	25	33.22646
16	26	33.23809
16	26	33.24958
16	26	33.26073
16	26	33.27566
16	26	33.29717
16	26	33.31993
16	26	33.34213
16	27	33.36462
16	27	33.38677
16	27	33.40918
16	27	33.43201
16	27	33.45399
16	27	33.47618
16	28	33.4984
16	28	33.52081
16	28	33.54305
16	28	33.56577
16	28	33.58884
16	29	33.60998
16	29	33.63237
16	29	33.65477
16	29	33.67696
16	29	33.69968
16	29	33.72247
17	29	33.7454
17	29	33.76096
17	29	33.78186
17	29	33.79303
17	29	33.80424
17	29	33.81538
17	29	33.82745
17	29	33.83998
18	29	33.85155
18	29	33.86274
18	29	33.87498
18	29	33.88882
18	29	33.90435
18	29	33.91859
18	29	33.93282
18	29	33.94349
18	29	33.95524
18	29	33.96775
19	29	33.97803
19	29	33.98913
19	29	34.00102
19	29	34.01521
19	29	34.0298
19	29	34.04107
19	29	34.05311
19	29	34.06535
19	29	34.08001
19	29	34.09306
20	29	34.11244
20	29	34.13477
20	29	34.15707
20	29	34.18003
20	29	34.20204
21	29	34.22566
21	29	34.24713
21	29	34.26921
21	29	34.29109
21	29	34.3133
21	29	34.33614
22	29	34.35867
22	29	34.38148
22	29	34.40311
22	29	34.42569
22	29	34.44762
23	29	34.47017
23	29	34.49282
23	29	34.51548
23	29	34.53749
23	29	34.55952
23	29	34.57055
24	29	34.58285
24	29	34.59467
24	29	34.60553
24	29	34.61688
24	29	34.62813
24	29	34.6397
24	29	34.65556
24	29	34.66642
24	29	34.67754
24	29	34.68857
24	29	34.70074
25	29	34.71176
25	29	34.72292
25	29	34.73444
25	29	34.74758
25	29	34.75898
25	29	34.77053
25	29	34.78131
25	29	34.79203
25	29	34.8036
25	29	34.81508
25	29	34.82586
26	29	34.83683
26	29	34.84858
26	29	34.86012
26	29	34.87141
26	29	34.88312
26	29	34.8956
26	29	34.90673
26	29	34.91783
26	29	34.92941
26	29	34.94089
27	29	34.95155
27	29	34.96241
27	29	34.97389
27	29	34.98465
27	29	34.99552
27	29	35.00695
27	29	35.01768
27	29	35.0291
27	29	35.04181
27	29	35.05303
27	29	35.06457
27	28	35.07545
27	28	35.08654
27	28	35.09833
27	28	35.10993
27	28	35.12097
27	28	35.1325
27	28	35.14338
27	28	35.15484
27	28	35.16805
27	28	35.17873
27	28	35.18951
27	27	35.20092
27	27	35.21115
27	27	35.22238
27	27	35.23341
27	27	35.24497
27	27	35.25602
27	27	35.26678
27	27	35.27805
27	27	35.28906
27	27	35.3019
27	27	35.31459
27	26	35.32562
27	26	35.33674
27	26	35.34767
27	26	35.35864
27	26	35.37005
27	26	35.38072
27	26	35.39157
27	26	35.40343
27	26	35.41438
27	26	35.42474
27	26	35.43638
27	25	35.45261
27	25	35.47569
27	25	35.49787
27	25	35.52023
27	25	35.54274
27	24	35.56526
27	24	35.58777
27	24	35.60992
27	24	35.63274
27	24	35.6544
27	24	35.67636
27	23	35.69933
27	23	35.72116
27	23	35.74303
27	23	35.76549
27	23	35.78869
27	22	35.81033
27	22	35.833
27	22	35.85521
27	22	35.87806
27	22	35.90002
27	22	35.92237
27	22	35.93448
27	22	35.94996
27	22	35.96157
27	22	35.97329
27	22	35.98411
27	22	35.99545
27	22	36.00628
27	22	36.01754
27	22	36.02882
27	22	36.03996
27	22	36.05136
27	22	36.0631
27	22	36.07395
27	22	36.08489
27	22	36.09703
27	22	36.10896
27	22	36.12029
27	22	36.13171
27	22	36.14373
27	22	36.15521
27	22	36.16708
27	22	36.17899
27	22	36.1902
27	22	36.20143
27	22	36.2124
27	22	36.22335
27	22	36.23455
27	22	36.24534
27	22	36.25648
27	22	36.26899
27	22	36.28006
27	22	36.29093
27	22	36.30244
27	22	36.3146
27	22	36.32719
27	22	36.33961
27	22	36.35197
27	22	36.36406
27	22	36.37523
27	22	36.38647
27	22	36.3972
27	22	36.40851
27	22	36.41954
27	22	36.43041
27	22	36.44113
27	22	36.4525
27	22	36.46384
27	22	36.47537
27	22	36.48693
27	22	36.49847
27	22	36.50955
27	22	36.52078
27	22	36.53227
27	22	36.54368
26	22	36.55565
26	22	36.56684
26	22	36.57855
26	22	36.59012
26	22	36.60196
26	22	36.61368
26	22	36.62561
26	22	36.64787
26	22	36.67015
25	22	36.69247
25	22	36.7147
25	22	36.73744
25	22	36.75951
25	22	36.78204
25	21	36.80439
25	21	36.82697
25	21	36.84931
25	21	36.87177
25	21	36.89439
25	20	36.91609
25	20	36.93809
25	20	36.96045
25	20	36.98313
25	20	37.00527
25	20	37.02799
25	19	37.05101
25	19	37.07269
25	19	37.09519
25	19	37.11746
25	19	37.14012
25	19	37.15124
25	19	37.16288
25	19	37.17519
25	20	37.18787
25	20	37.19888
25	20	37.20967
25	20	37.22085
25	20	37.23367
25	20	37.24661
25	20	37.25774
25	20	37.27398
25	20	37.28656
25	20	37.29823
25	21	37.3092
25	21	37.31972
25	21	37.33108
25	21	37.34189
25	21	37.3534
25	21	37.36545
25	21	37.37634
25	21	37.38785
25	21	37.40028
25	21	37.41114
25	21	37.42244
25	22	37.43334
25	22	37.4447
25	22	37.4561
25	22	37.4673
25	22	37.47806
25	22	37.48945
25	22	37.50077
25	22	37.51174
25	22	37.52309
25	22	37.53455
25	22	37.54556
24	22	37.55657
24	22	37.56783
24	22	37.57923
24	22	37.5904
24	22	37.60193
24	22	37.61328
24	22	37.62515
24	22	37.63715
24	22	37.65069
24	22	37.66229
23	22	37.67445
23	22	37.68541
23	22	37.69642
23	22	37.70709
23	22	37.71857
23	22	37.72974
23	22	37.74251
23	22	37.76464
23	22	37.78726
22	22	37.81021
22	22	37.8325
22	22	37.85443
22	22	37.87698
22	22	37.89942
22	22	37.92196
22	22	37.9445
22	22	37.96659
22	22	37.9889
22	22	38.01074
22	22	38.03347
22	22	38.0557
22	23	38.07806
22	23	38.10092
22	23	38.12349
22	23	38.14558
22	23	38.16773
22	23	38.19005
22	24	38.21194
22	24	38.23436
22	24	38.24606
22	24	38.25694
22	24	38.26762
22	24	38.27885
22	24	38.28969
22	24	38.30148
22	24	38.3123
22	25	38.32337
22	25	38.33504
22	25	38.34584
22	25	38.35699
22	25	38.36825
22	25	38.37918
22	25	38.39072
22	25	38.40189
22	25	38.41262
22	25	38.42374
22	25	38.43519
21	25	38.44631
21	25	38.45747
21	25	38.46869
21	25	38.47943
21	25	38.49062
21	25	38.50233
21	25	38.51414
21	25	38.5261
21	25	38.53765
21	25	38.54971
20	25	38.56149
20	25	38.5771
20	25	38.58804
20	25	38.59931
20	25	38.61112
20	25	38.62238
20	25	38.63437
20	25	38.64622
20	25	38.65829
20	25	38.66954
20	25	38.68052
19	25	38.69162
19	25	38.70385
19	25	38.71386
19	25	38.72648
19	25	38.73884
19	25	38.75044
19	25	38.7615
19	25	38.77256
19	25	38.78453
19	25	38.79547
18	25	38.80638
18	25	38.81785
18	25	38.82922
18	25	38.84076
18	25	38.852
18	25	38.86374
18	25	38.87532
18	25	38.88696
18	25	38.89776
18	25	38.90925
18	25	38.92244
17	25	38.93433
17	25	38.94526
17	25	38.95616
17	25	38.96795
17	25	38.97864
17	25	38.98996
17	25	39.00172
17	25	39.01257
17	25	39.02326
17	25	39.03472
16	25	39.04913
16	25	39.07165
16	25	39.09499
16	25	39.11622
16	25	39.13893
16	25	39.16131
16	25	39.18392
16	25	39.20662
16	25	39.22887
16	25	39.25136
16	25	39.27314
16	25	39.29562
16	25	39.3176
16	25	39.33982
17	25	39.36228
17	25	39.38488
17	25	39.40731
17	25	39.4296
17	25	39.45193
17	25	39.47475
18	25	39.49699
18	25	39.51926
18	25	39.53083
18	25	39.54185
18	25	39.55307
18	25	39.56463
18	25	39.57552
18	25	39.58695
18	25	39.59794
19	25	39.60907
19	25	39.61935
19	25	39.63028
19	25	39.64332
19	25	39.65353
19	25	39.66451
19	25	39.67508
19	25	39.6859
19	25	39.69725
19	25	39.70853
19	25	39.71992
20	25	39.73125
20	25	39.74476
20	25	39.75587
20	25	39.76649
20	25	39.77789
20	25	39.78871
20	25	39.80035
20	25	39.81152
20	25	39.82313
20	25	39.83521
21	25	39.84994
21	25	39.86776
21	25	39.87897
21	25	39.8924
21	25	39.9078
21	25	39.92121
21	25	39.93441
21	25	39.94651
21	25	39.95758
21	25	39.96937
22	25	39.97984
22	25	39.99086
22	25	40.00246
22	25	40.01355
22	25	40.02475
22	25	40.03719
22	25	40.048
22	25	40.05891
22	25	40.07127
22	25	40.08319
23	25	40.09492
23	25	40.10622
23	25	40.11686
23	25	40.12848
23	25	40.14045
23	25	40.15153
23	25	40.16221
23	25	40.17477
23	25	40.18557
23	25	40.19677
23	25	40.21117
24	25	40.23327
24	25	40.2559
24	25	40.27807
24	25	40.3014
24	25	40.32365
25	25	40.3458
25	25	40.36856
25	25	40.39029
25	25	40.41243
25	25	40.43495
25	25	40.4569
26	25	40.47909
26	25	40.50119
26	25	40.52446
26	25	40.5468
26	25	40.56918
27	25	40.59184
27	25	40.61384
27	25	40.63649
27	25	40.65835
27	25	40.68114
27	25	40.69178
27	25	40.70354
27	24	40.71443
27	24	40.72519
27	24	40.73729
27	24	40.74841
27	24	40.75856
27	24	40.76997
27	24	40.78067
27	24	40.79223
27	24	40.80339
27	24	40.8142
27	24	40.82535
27	23	40.83826
27	23	40.84921
27	23	40.85905
27	23	40.87062
27	23	40.88439
27	23	40.89676
27	23	40.90774
27	23	40.91863
27	23	40.92912
27	23	40.9404
27	22	40.95074
27	22	40.96149
27	22	40.97235
27	22	40.98211
27	22	40.9938
27	22	41.00541
27	22	41.01714
27	22	41.02863
27	22	41.04023
27	22	41.05215
27	22	41.06311
27	22	41.07423
27	22	41.08571
27	22	41.09663
27	22	41.10789
27	22	41.11996
27	22	41.13306
27	22	41.14719
27	22	41.16001
27	22	41.17876
27	22	41.19094
27	22	41.20194
27	22	41.21277
27	22	41.22397
27	22	41.23737
27	22	41.24828
27	22	41.25962
27	22	41.27087
27	22	41.28161
27	22	41.29438
27	22	41.31691
27	22	41.33933
27	22	41.36162
27	22	41.38411
27	22	41.40665
27	22	41.42868
27	22	41.45092
27	22	41.47396
27	22	41.49603
27	22	41.51835
27	22	41.54052
27	22	41.56274
27	22	41.58562
27	22	41.60756
27	22	41.63029
27	22	41.65251
27	22	41.67464
27	22	41.69735
27	22	41.71994
27	22	41.74169
27	22	41.76477
27	22	41.77692
27	22	41.78774
27	22	41.79921
27	22	41.81091
27	22	41.82215
27	22	41.83241
27	22	41.84389
27	22	41.85458
27	22	41.86498
27	22	41.87838
27	22	41.89191
27	22	41.90429
27	22	41.91504
27	22	41.92701
27	22	41.93912
27	22	41.9506
27	22	41.96184
27	22	41.9733
27	22	41.98421
27	22	41.99551
27	22	42.00704
27	22	42.01833
27	22	42.02924
27	22	42.03992
27	22	42.05046
27	22	42.06144
27	22	42.07298
27	22	42.08429
27	22	42.09629
27	22	42.10831
27	22	42.11852
27	22	42.12983
27	22	42.14175
27	22	42.15197
27	22	42.16299
27	22	42.17448
27	22	42.1854
27	22	42.19663
27	22	42.20786
27	22	42.22036
27	22	42.23391
27	22	42.24899
27	22	42.26235
27	22	42.27581
27	22	42.29071
27	22	42.30379
27	22	42.31792
27	22	42.32964
27	22	42.34061
27	22	42.35258
27	22	42.36478
27	22	42.37599
27	22	42.38678
27	22	42.39799
27	22	42.40948
26	22	42.42328
26	22	42.44538
26	22	42.46773
26	22	42.49023
26	22	42.51234
26	22	42.53466
25	22	42.55732
25	22	42.5792
25	22	42.60178
25	22	42.62386
25	22	42.64596
24	22	42.66848
24	22	42.69071
24	22	42.71313
24	22	42.73626
24	22	42.75788
24	22	42.77998
23	22	42.80273
23	22	42.825
23	22	42.84739
23	22	42.86948
23	22	42.89252
23	22	42.90332
22	22	42.9143
22	22	42.9255
22	22	42.93663
22	22	42.94725
22	22	42.95845
22	22	42.9699
22	22	42.98081
22	22	42.99211
22	22	43.00342
22	22	43.01463
22	22	43.026
22	22	43.03718
22	22	43.04832
22	22	43.05917
22	22	43.07085
22	22	43.08176
22	22	43.09267
22	22	43.10407
22	22	43.11515
22	22	43.12634
22	22	43.13773
22	22	43.14802
22	22	43.15943
22	22	43.17067
22	22	43.18177
22	22	43.19307
22	22	43.20496
22	22	43.21601
22	22	43.22833
22	22	43.24013
22	22	43.25211
22	22	43.26354
22	22	43.2751
22	22	43.28726
22	22	43.29874
22	22	43.31023
22	22	43.32235
22	22	43.33404
22	22	43.34645
22	22	43.35755
22	22	43.36836
22	22	43.38021
22	22	43.39125
22	22	43.40182
22	22	43.41319
22	22	43.42471
22	22	43.43562
22	22	43.44742
22	22	43.45806
22	22	43.46965
22	21	43.48019
22	21	43.49096
22	21	43.50225
22	21	43.51378
22	21	43.52497
22	21	43.53636
22	21	43.54718
22	21	43.55881
22	21	43.57018
22	21	43.58155
22	21	43.59286
22	20	43.60431
22	20	43.61666
22	20	43.62837
22	20	43.63968
22	20	43.65176
22	20	43.66499
22	20	43.67702
22	20	43.68867
22	20	43.69999
22	20	43.71165
22	19	43.72371
22	19	43.73469
22	19	43.74585
22	19	43.75676
22	19	43.76813
22	19	43.78365
22	19	43.79509
22	19	43.80743
22	19	43.81909
22	19	43.83028
22	18	43.84137
22	18	43.85221
22	18	43.86389
22	18	43.87482
22	18	43.8969
22	18	43.92005
22	18	43.94141
22	17	43.96406
22	17	43.98644
22	17	44.00908
22	17	44.0312
22	17	44.05358
22	17	44.07587
22	16	44.09828
22	16	44.12082
22	16	44.14334
22	16	44.16506
22	16	44.1877
22	15	44.21001
22	15	44.23266
22	15	44.25544
22	15	44.27727
22	15	44.29996
22	15	44.32188
22	14	44.34489
22	14	44.36646
22	14	44.37716
22	14	44.38972
22	14	44.40171
22	14	44.41318
22	14	44.42438
22	14	44.43604
22	14	44.44722
22	13	44.45814
22	13	44.46834
22	13	44.47993
22	13	44.49098
22	13	44.50151
22	13	44.51284
22	13	44.5236
22	13	44.53402
22	13	44.54469
22	13	44.55622
22	13	44.56701
22	12	44.57798
22	12	44.58998
22	12	44.60036
22	12	44.61208
22	12	44.62285
22	12	44.63416
22	12	44.64597
22	12	44.65817
22	12	44.66982
22	12	44.68155
22	11	44.69378
22	11	44.70575
22	11	44.71657
22	11	44.72873
22	11	44.7416
22	11	44.75274
22	11	44.76419
22	11	44.77562
22	11	44.78604
22	11	44.7969
22	11	44.80824
22	10	44.81935
22	10	44.8302
22	10	44.84174
22	10	44.85232
22	10	44.86379
22	10	44.87486
22	10	44.88549
22	10	44.89684
22	10	44.90842
22	10	44.91927
22	10	44.93085
22	9	44.94269
22	9	44.95337
22	9	44.96481
22	9	44.97546
22	9	44.98664
22	9	44.99768
22	9	45.00909
22	9	45.02007
22	9	45.03109
22	9	45.0428
22	9	45.0532
22	8	45.06443
22	8	45.07525
22	8	45.09141
22	8	45.10494
22	8	45.11742
22	8	45.12881
22	8	45.14032
22	8	45.1512
22	8	45.16203
22	8	45.17382
22	7	45.1851
22	7	45.19818
22	7	45.21007
22	7	45.22055
22	7	45.23288
22	7	45.24369
22	7	45.25484
22	7	45.26605
22	7	45.27805
22	7	45.28933
22	7	45.30099
22	6	45.31269
22	6	45.32433
22	6	45.33607
22	6	45.41713
22	5	45.43038
22	5	45.44205
22	5	45.46011
22	5	45.48325
22	5	45.50538
22	5	45.52779
22	4	45.55
22	4	45.57362
22	4	45.59518
22	4	45.61784
22	4	45.64024
22	4	45.66225
22	3	45.68439
22	3	45.70675
22	3	45.72932
22	3	45.75124
22	3	45.77358
22	2	45.79614
22	2	45.81822
22	2	45.84077
22	2	45.8633
22	2	45.88575
22	2	45.90797
22	1	45.93185
22	1	45.94514
22	1	45.95579
22	1	45.96698
22	1	45.97771
22	1	45.98914
22	1	46.00078
22	1	46.01234
22	1	46.02424
22	1	46.03586
21	1	46.04689
21	1	46.05776
21	1	46.06933
21	1	46.08052
21	1	46.09198
21	1	46.10464
21	1	46.11685
21	1	46.12863
21	1	46.13976
21	1	46.15133
20	1	46.16292
20	1	46.17495
20	1	46.18596
20	1	46.19669
20	1	46.20821
20	1	46.21902
20	1	46.23003
20	1	46.24109
20	1	46.25338
20	1	46.26468
20	1	46.2781
19	1	46.2909
19	1	46.30376
19	1	46.31497
19	1	46.32638
19	1	46.33759
19	1	46.34914
19	1	46.36121
19	1	46.37224
19	1	46.3834
19	1	46.39601
18	1	46.40801
18	1	46.4189
18	1	46.43094
18	1	46.4425
18	1	46.45547
18	1	46.47738
18	1	46.50012
18	1	46.52213
17	1	46.54404
17	1	46.56676
17	1	46.58927
17	1	46.61145
17	1	46.63356
16	1	46.65697
16	1	46.67841
16	1	46.70096
16	1	46.72384
16	1	46.74576
16	1	46.76833
15	1	46.79073
15	1	46.81316
15	1	46.83498
15	1	46.85754
15	1	46.87952
14	1	46.90166
14	1	46.92484
14	1	46.94611
14	1	46.96883
14	1	46.97985
14	1	46.99146
14	1	47.00292
14	1	47.01357
13	1	47.02454
13	1	47.03581
13	1	47.04652
13	1	47.0589
13	1	47.06918
13	1	47.08074
13	1	47.09193
13	1	47.10379
13	1	47.11623
13	1	47.12788
13	2	47.13895
13	2	47.14992
13	2	47.16188
13	2	47.17659
13	2	47.19084
13	2	47.20247
13	2	47.21394
13	2	47.2249
13	2	47.23624
13	2	47.2479
13	2	47.2587
13	3	47.26966
13	3	47.28143
13	3	47.29778
13	3	47.3147
13	3	47.32661
13	3	47.33747
13	3	47.34842
13	3	47.36018
13	3	47.37128
13	3	47.38202
13	4	47.39281
13	4	47.40455
13	4	47.41676
13	4	47.43059
13	4	47.44503
13	4	47.45974
13	4	47.47351
13	4	47.48491
13	4	47.49665
12	4	47.50855
12	4	47.5192
12	4	47.53209
12	4	47.54712
12	4	47.5608
12	4	47.57263
12	4	47.58377
12	4	47.59636
12	4	47.61031
12	4	47.62508
11	4	47.63639
11	4	47.64899
11	4	47.66092
11	4	47.67519
11	4	47.68995
11	4	47.7062
11	4	47.72886
10	4	47.751
10	4	47.77291
10	4	47.79563
10	4	47.81763
10	4	47.84021
10	4	47.8629
10	5	47.88471
10	5	47.90796
10	5	47.9297
10	5	47.95144
10	5	47.97469
10	6	47.99665
10	6	48.01888
10	6	48.04147
10	6	48.06442
10	6	48.08591
10	6	48.10835
10	7	48.13028
10	7	48.15273
10	7	48.17558
10	7	48.18579
10	7	48.1976
10	7	48.2093
10	7	48.22059
10	7	48.23118
9	7	48.24291
9	7	48.25537
9	7	48.26647
9	7	48.27759
9	7	48.28857
9	7	48.29911
9	7	48.3107
9	7	48.32247
9	7	48.3351
9	7	48.34729
9	7	48.35826
8	7	48.36939
8	7	48.38216
8	7	48.39347
8	7	48.40441
8	7	48.41547
8	7	48.42694
8	7	48.43829
8	7	48.44963
8	7	48.46112
8	7	48.47322
7	7	48.48518
7	7	48.49582
7	7	48.5062
7	7	48.51777
7	7	48.52832
7	7	48.5396
7	7	48.55143
7	7	48.56435
7	7	48.57551
7	7	48.58674
7	7	48.5982
7	7	48.60955
7	7	48.6202
7	7	48.63182
7	7	48.64409
7	7	48.65454
7	6	48.66642
7	6	48.67859
7	6	48.69086
7	6	48.70303
7	6	48.71468
7	6	48.72557
7	6	48.73751
7	6	48.74794
7	6	48.7607
7	6	48.77197
7	5	48.78308
7	5	48.79563
7	5	48.80675
7	5	48.81839
7	5	48.8319
7	5	48.84386
7	5	48.85505
7	5	48.86717
7	5	48.87823
7	5	48.89016
7	4	48.91248
7	4	48.93479
7	4	48.95726
7	4	48.97963
7	4	49.00186
7	4	49.0242
7	3	49.04659
7	3	49.06883
7	3	49.09133
7	3	49.11378
7	3	49.13588
7	2	49.15877
7	2	49.18047
7	2	49.20298
7	2	49.22559
7	2	49.24746
7	2	49.2703
7	1	49.29286
7	1	49.3152
7	1	49.33689
7	1	49.35962
7	1	49.38175
7	1	49.39273
7	1	49.40434
7	1	49.41512
7	1	49.42624
7	1	49.43703
7	1	49.44866
7	1	49.46007
7	1	49.47174
7	1	49.48242
7	1	49.49348
7	1	49.50455
7	1	49.51587
7	1	49.52726
7	1	49.5383
7	1	49.54887
7	1	49.56045
7	1	49.57155
7	1	49.58266
7	1	49.59422
7	1	49.60572
7	1	49.61668
7	1	49.62793
7	1	49.63847
7	1	49.64991
7	1	49.66122
7	1	49.67299
7	1	49.6849
7	1	49.6967
7	1	49.70831
7	1	49.71997
7	1	49.73196
7	1	49.74393
7	1	49.75497
7	1	49.76698
7	1	49.77863
7	1	49.78977
7	1	49.80083
7	1	49.81201
7	1	49.82314
7	1	49.83472
6	1	49.84561
6	1	49.85683
6	1	49.8686
6	1	49.88527
6	1	49.90403
6	1	49.91738
6	1	49.93135
6	1	49.94664
5	1	49.9601
5	1	49.97163
5	1	49.98777
5	1	50.0049
5	1	50.01835
5	1	50.03048
5	1	50.04169
5	1	50.05203
5	1	50.07416
4	1	50.09725
4	1	50.11905
4	1	50.14153
4	1	50.16382
4	1	50.18583
3	1	50.20782
3	1	50.23021
3	1	50.25264
3	1	50.27485
3	1	50.29729
3	1	50.31933
2	1	50.34197
2	1	50.36424
2	1	50.38632
2	1	50.41038
2	1	50.43166
2	1	50.45364
2	1	50.47609
2	1	50.49871
2	1	50.52087
2	1	50.53159
2	1	50.54362
2	1	50.55463
2	1	50.56641
2	1	50.57681
2	1	50.58757
2	1	50.59952
2	1	50.61066
2	2	50.6291
2	2	50.64299
2	2	50.65509
2	2	50.67025
2	2	50.68985
2	2	50.70152
2	2	50.71288
2	2	50.72474
2	2	50.73869
2	3	50.75277
2	3	50.76479
2	3	50.77687
2	3	50.79075
2	3	50.80562
2	3	50.81728
2	3	50.82964
2	3	50.84027
2	3	50.85182
2	3	50.86351
2	4	50.87521
2	4	50.89219
2	4	50.90701
2	4	50.92191
2	4	50.93332
2	4	50.94509
2	4	50.96763
2	4	50.99016
3	4	51.01254
3	4	51.03521
3	4	51.05744
3	4	51.07938
3	4	51.10159
4	4	51.12418
4	4	51.14605
4	4	51.16912
4	4	51.19165
4	4	51.21341
4	4	51.23589
5	4	51.25799
5	4	51.28041
5	4	51.30284
5	4	51.32715
5	4	51.34808
6	4	51.36985
6	4	51.39234
6	4	51.41525
6	4	51.42904
6	4	51.44348
6	4	51.45483
6	4	51.4674
6	4	51.47898
7	4	51.49034
7	4	51.50282
7	4	51.51768
7	4	51.53186
7	4	51.5428
7	4	51.55364
7	4	51.56495
7	4	51.57644
7	4	51.58775
7	4	51.59889
6	5	51.61239
6	5	51.62482
6	5	51.63778
6	5	51.65015
6	5	51.66154
6	5	51.67323
6	5	51.68466
6	5	51.69644
6	5	51.70763
6	5	51.718
6	6	51.72914
6	6	51.74028
6	6	51.75224
6	6	51.76339
6	6	51.77498
6	6	51.78686
6	6	51.79793
6	6	51.80939
6	6	51.8205
6	6	51.83117
6	7	51.85021
6	7	51.87227
6	7	51.89549
6	7	51.91738
6	7	51.9402
6	7	51.96199
6	8	51.98483
6	8	52.00766
6	8	52.02908
6	8	52.05127
6	8	52.07385
6	9	52.0963
6	9	52.11826
6	9	52.14107
6	9	52.16291
6	9	52.1852
6	9	52.20778
6	10	52.2299
6	10	52.25249
6	10	52.27472
6	10	52.29819
6	10	52.31948
6	10	52.33397
7	10	52.34743
7	10	52.35993
7	10	52.37392
7	10	52.39114
7	10	52.40826
7	10	52.42048
7	10	52.43328
7	10	52.44902
8	10	52.46403
8	10	52.478
8	10	52.48983
8	10	52.50456
8	10	52.51802
8	10	52.52919
8	10	52.54093
8	10	52.55217
8	10	52.56378
8	10	52.57477
9	10	52.58587
9	10	52.59772
9	10	52.60993
9	10	52.62648
9	10	52.64236
9	10	52.65377
9	10	52.6651
9	10	52.67614
9	10	52.68712
9	10	52.69843
10	10	52.70911
10	10	52.72028
10	10	52.74352
10	10	52.76651
10	10	52.78785
10	10	52.81049
11	10	52.83305
11	10	52.8553
11	10	52.87753
11	10	52.90005
11	10	52.92295
11	10	52.94473
12	10	52.96747
12	10	52.98954
12	10	53.01196
12	10	53.03438
12	10	53.05649
11	10	53.07915
11	10	53.10106
11	10	53.12349
11	10	53.14624
11	10	53.16813
11	10	53.19084
10	10	53.21328
10	10	53.22505
10	10	53.23751
10	10	53.2492
10	10	53.26074
10	10	53.27267
10	10	53.28453
10	10	53.29675
10	10	53.30916
9	10	53.3215
9	10	53.33582
9	10	53.3493
9	10	53.36252
9	10	53.37536
9	10	53.38979
9	10	53.4018
9	10	53.41462
9	10	53.42669
8	10	53.43965
8	10	53.45155
8	10	53.4634
8	10	53.47535
8	10	53.48771
8	10	53.50009
8	10	53.51281
8	10	53.52476
8	10	53.53715
8	10	53.55067
7	10	53.56304
7	10	53.57515
7	10	53.58699
7	10	53.59985
7	10	53.6181
7	10	53.63021
7	10	53.64864
7	10	53.67049
6	10	53.693
6	10	53.71593
6	10	53.73772
6	10	53.76027
6	10	53.78473
5	10	53.80547
5	10	53.82778
5	10	53.84988
5	10	53.87256
5	10	53.89419
5	10	53.91663
4	10	53.93888
4	10	53.96151
4	10	53.9836
4	10	54.00618
4	10	54.02923
4	10	54.05244
4	10	54.07296
4	10	54.08597
4	10	54.10141
4	10	54.11837
4	10	54.13226
4	10	54.14456
4	10	54.15687
4	10	54.16945
3	10	54.18452
3	10	54.20201
3	10	54.21753
3	10	54.2301
3	10	54.24204
3	10	54.25462
3	10	54.26832
3	10	54.28069
3	10	54.29288
2	10	54.30492
2	10	54.31882
2	10	54.33409
2	10	54.3498
2	10	54.36627
2	10	54.37828
2	10	54.39067
2	10	54.404
2	9	54.41588
2	9	54.43036
2	9	54.45222
2	9	54.47502
2	9	54.4976
2	9	54.52033
2	8	54.54172
2	8	54.56495
2	8	54.58682
2	8	54.60972
2	8	54.63209
2	8	54.6542
2	7	54.67648
2	7	54.6982
2	7	54.72075
2	7	54.74335
2	7	54.76553
2	7	54.78827
2	7	54.81056
3	7	54.8332
3	7	54.85498
3	7	54.87709
3	7	54.89951
3	7	54.91506
3	7	54.92698
3	7	54.94073
4	7	54.95268
4	7	54.96489
4	7	54.98188
4	7	54.99664
4	7	55.00929
4	7	55.02113
4	7	55.03352
4	7	55.04568
4	7	55.05798
4	7	55.07039
4	7	55.08245
4	7	55.09712
4	7	55.1102
4	7	55.12222
4	7	55.13824
4	7	55.15297
4	6	55.16603
4	6	55.1787
4	6	55.19163
4	6	55.21236
4	6	55.22752
4	6	55.23998
4	6	55.25201
4	6	55.26394
4	6	55.27951
4	5	55.3018
4	5	55.32435
4	5	55.3464
4	5	55.36882
4	5	55.39087
4	4	55.41339
4	4	55.43622
4	4	55.45778
4	4	55.48041
4	4	55.50265
4	4	55.52547
4	4	55.54761
4	4	55.5695
4	5	55.59298
4	5	55.61522
4	5	55.63785
4	5	55.65931
4	5	55.6813
4	5	55.7038
4	6	55.72592
4	6	55.74811
4	6	55.7595
4	6	55.77088
4	6	55.78189
4	6	55.79276
4	6	55.80596
4	6	55.81723
4	7	55.82776
4	7	55.83924
4	7	55.8507
4	7	55.86214
4	7	55.87374
4	7	55.88423
4	7	55.89498
4	7	55.90617
4	7	55.91713
4	7	55.92786
4	7	55.93896
4	7	55.9496
4	7	55.96014
4	7	55.97125
4	7	55.98269
4	7	55.99393
4	7	56.00484
3	7	56.01616
3	7	56.02699
3	7	56.0382
3	7	56.04967
3	7	56.06151
3	7	56.07481
3	7	56.08889
3	7	56.10106
3	7	56.11316
3	7	56.12495
3	7	56.13674
2	7	56.14905
2	7	56.16011
2	7	56.17217
2	7	56.18464
2	7	56.19648
2	7	56.20834
2	7	56.21939
2	7	56.23049
2	7	56.24152
2	7	56.28011
2	7	56.29156
2	7	56.30302
2	7	56.31385
2	7	56.32505
2	7	56.33673
2	7	56.3478
2	7	56.359
2	7	56.37067
2	8	56.38231
2	8	56.39603
2	8	56.41821
2	8	56.44035
2	8	56.46245
2	8	56.48483
2	9	56.50775
2	9	56.53008
2	9	56.55236
2	9	56.57506
2	9	56.59841
2	9	56.61963
2	10	56.64187
2	10	56.66435
2	10	56.6862
2	10	56.70866
2	10	56.73085
3	10	56.75389
3	10	56.77599
3	10	56.79816
3	10	56.82057
3	10	56.84283
3	10	56.86573
4	10	56.87727
4	10	56.88824
4	10	56.8989
4	10	56.91007
4	10	56.92094
4	10	56.93236
4	10	56.94403
4	10	56.95491
4	10	56.96601
4	10	56.97701
4	10	56.98762
5	10	56.99928
5	10	57.00983
5	10	57.02129
5	10	57.03281
5	10	57.04361
5	10	57.05518
5	10	57.06672
5	10	57.07806
5	10	57.08927
5	10	57.10175
5	10	57.11215
5	10	57.12323
5	10	57.1347
5	10	57.14465
5	10	57.15538
5	10	57.16706
5	10	57.17842
5	10	57.1901
5	10	57.20166
5	10	57.21408
5	10	57.22947
6	10	57.24341
6	10	57.25594
6	10	57.26769
6	10	57.27879
6	10	57.28979
6	10	57.30112
6	10	57.31174
6	10	57.32304
6	10	57.33483
6	10	57.34536
6	10	57.35604
7	10	57.36901
7	10	57.38152
7	10	57.39259
7	10	57.4037
7	10	57.41467
7	10	57.42719
7	10	57.43866
7	10	57.45024
7	10	57.46171
7	10	57.47288
8	10	57.48468
8	10	57.49638
8	10	57.50771
8	10	57.51911
8	10	57.53156
8	10	57.54443
8	10	57.55723
8	10	57.56842
8	10	57.57984
8	10	57.59037
8	10	57.60354
9	10	57.61349
9	10	57.63627
9	10	57.65808
9	10	57.68026
9	10	57.70401
9	10	57.72549
9	11	57.74777
9	11	57.77009
9	11	57.79289
9	11	57.81475
9	11	57.83735
9	12	57.85962
9	12	57.88176
9	12	57.90435
9	12	57.92647
9	12	57.94911
9	12	57.97104
9	13	57.99353
9	13	58.01609
9	13	58.03839
9	13	58.06073
9	13	58.0831
10	13	58.1069
10	13	58.12553
10	13	58.14175
10	13	58.15549
10	13	58.16711
10	13	58.17832
10	13	58.18967
10	13	58.20114
10	13	58.21334
11	13	58.2248
11	13	58.23698
11	13	58.24876
11	13	58.2625
11	13	58.27739
11	13	58.29148
11	13	58.30313
11	13	58.31445
11	13	58.32663
12	13	58.3391
12	13	58.35077
12	13	58.36295
12	13	58.37762
12	13	58.39172
12	13	58.403
12	13	58.41406
12	13	58.42887
12	13	58.44452
12	13	58.45537
13	13	58.4735
13	13	58.49629
13	13	58.51833
13	13	58.54061
13	13	58.56298
14	13	58.58565
14	13	58.60821
14	13	58.63039
14	13	58.65329
14	13	58.67538
14	13	58.6972
15	13	58.71957
15	13	58.74195
15	13	58.76385
15	13	58.78644
15	13	58.80907
16	13	58.83113
16	13	58.854
16	13	58.87624
16	13	58.8989
16	13	58.92109
16	13	58.93546
16	13	58.94594
17	13	58.95631
17	13	58.96889
17	13	58.9802
17	13	58.99517
17	13	59.01003
17	13	59.02121
17	13	59.03382
17	13	59.04491
17	13	59.05712
18	13	59.07163
18	13	59.08533
18	13	59.09849
18	13	59.11388
18	13	59.12843
18	13	59.13931
18	13	59.15089
18	13	59.16216
18	13	59.17379
18	13	59.18704
18	13	59.19889
18	12	59.21053
18	12	59.22522
18	12	59.23957
18	12	59.25294
18	12	59.26359
18	12	59.27571
18	12	59.28719
18	12	59.29815
18	12	59.31161
18	11	59.3341
18	11	59.35592
18	11	59.37901
18	11	59.4009
18	11	59.42276
18	11	59.44592
18	10	59.46779
18	10	59.48997
18	10	59.51239
18	10	59.53519
18	10	59.55734
18	11	59.57998
18	11	59.603
18	11	59.62465
18	11	59.6466
18	11	59.66896
18	11	59.6918
18	12	59.71362
18	12	59.73636
18	12	59.75879
18	12	59.78042
18	12	59.79142
18	12	59.80311
18	12	59.81355
18	13	59.82456
18	13	59.83644
18	13	59.84721
18	13	59.85818
18	13	59.86977
18	13	59.8813
18	13	59.89184
18	13	59.90321
18	13	59.91469
18	13	59.92561
18	13	59.93747
18	14	59.94843
18	14	59.9593
18	14	59.97015
18	14	59.98374
18	14	59.99793
18	14	60.01325
18	14	60.02766
18	14	60.03961
18	14	60.04998
18	15	60.061
18	15	60.0731
18	15	60.08481
18	15	60.09801
18	15	60.11274
18	15	60.1237
18	15	60.13574
18	15	60.15075
18	15	60.1662
18	15	60.18027
18	16	60.19086
18	16	60.20199
18	16	60.21318
18	16	60.22782
18	16	60.24193
18	16	60.25298
18	16	60.26375
18	16	60.27455
18	16	60.28574
18	16	60.29631
18	17	60.30864
18	17	60.32558
18	17	60.33965
18	17	60.35427
18	17	60.36507
18	17	60.37658
18	17	60.38789
18	17	60.39921
18	17	60.41037
18	17	60.42184
18	18	60.43299
18	18	60.44366
18	18	60.45636
18	18	60.47305
18	18	60.4875
18	18	60.50072
18	18	60.51143
18	18	60.52134
18	18	60.54018
18	19	60.56211
18	19	60.58488
18	19	60.60743
18	19	60.6298
18	19	60.65178
19	19	60.6741
19	19	60.6969
19	19	60.71891
19	19	60.74116
19	19	60.76363
19	19	60.78603
20	19	60.80829
20	19	60.83037
20	19	60.85352
20	19	60.87586
20	19	60.8978
21	19	60.92023
21	19	60.94274
21	19	60.96504
21	19	60.98676
21	19	61.00983
21	19	61.0201
21	19	61.03176
21	19	61.04325
21	19	61.0535
21	19	61.06464
21	19	61.07584
21	19	61.08709
20	19	61.09838
20	19	61.10936
20	19	61.12037
20	19	61.1314
20	19	61.14262
20	19	61.15421
20	19	61.16586
20	19	61.17757
20	19	61.18772
20	19	61.19915
20	19	61.21031
19	19	61.2212
19	19	61.2328
19	19	61.24417
19	19	61.25591
19	19	61.26628
19	19	61.27719
19	19	61.2886
19	19	61.29989
19	19	61.3129
19	19	61.32581
19	19	61.33696
18	19	61.34734
18	19	61.35762
18	19	61.36948
18	19	61.38067
18	19	61.39217
18	19	61.40361
18	19	61.41494
18	19	61.42675
18	19	61.43781
18	19	61.44969
17	19	61.4609
17	19	61.47305
17	19	61.48438
17	19	61.4979
17	19	61.51178
17	19	61.52213
17	19	61.53321
17	19	61.54483
17	19	61.55688
17	19	61.56815
17	19	61.58168
16	19	61.59524
16	19	61.60809
16	19	61.62105
16	19	61.63625
16	19	61.64784
16	19	61.65953
16	19	61.67138
16	19	61.68255
16	19	61.69561
15	19	61.70792
15	19	61.71909
15	19	61.73344
15	19	61.74768
15	19	61.75868
15	19	61.77066
15	19	61.78231
15	19	61.7923
15	19	61.8136
15	20	61.83603
15	20	61.85788
15	20	61.88046
15	20	61.90271
15	20	61.92526
15	20	61.94778
15	21	61.97046
15	21	61.99268
15	21	62.01508
15	21	62.0377
15	21	62.05938
15	22	62.0815
15	22	62.10438
15	22	62.12637
15	22	62.14852
15	22	62.17237
16	22	62.1938
16	22	62.21562
16	22	62.2384
16	22	62.2615
16	22	62.28289
16	22	62.29379
16	22	62.30561
17	22	62.31617
17	22	62.32768
17	22	62.33825
17	22	62.3512
17	22	62.3657
17	22	62.37947
17	22	62.39087
17	22	62.40176
17	22	62.41341
17	22	62.42425
17	22	62.43567
18	22	62.44607
18	22	62.45759
18	22	62.47064
18	22	62.48823
18	22	62.50486
18	22	62.52186
18	22	62.5377
18	22	62.54968
18	22	62.56268
18	22	62.57557
18	22	62.58698
18	22	62.59738
18	22	62.61028
18	22	62.62074
18	22	62.63218
18	22	62.64412
18	22	62.65557
18	22	62.66624
18	22	62.67804
18	22	62.68945
18	22	62.70074
18	22	62.71221
18	22	62.72297
18	22	62.7349
18	22	62.74533
18	22	62.756
18	22	62.76688
18	22	62.78496
18	22	62.80744
18	22	62.83001
18	22	62.85196
18	22	62.87496
18	22	62.89743
18	22	62.91994
18	22	62.94196
18	22	62.96452
18	22	62.98695
18	22	63.00897
18	22	63.03126
18	22	63.05426
18	22	63.07567
18	22	63.09806
18	23	63.12032
18	23	63.14308
18	23	63.16546
18	23	63.18836
18	23	63.21075
18	23	63.23254
18	24	63.25484
18	24	63.26715
18	24	63.2806
18	24	63.2943
18	24	63.30822
18	24	63.31986
18	24	63.33147
18	24	63.34311
18	24	63.35411
18	25	63.36557
18	25	63.37629
18	25	63.38734
18	25	63.39809
18	25	63.4098
18	25	63.42072
18	25	63.43087
18	25	63.44198
18	25	63.45319
18	25	63.4639
18	25	63.47525
18	25	63.48482
18	25	63.49588
18	25	63.50676
18	25	63.5178
18	25	63.52921
18	25	63.53966
18	25	63.55034
18	25	63.56079
18	25	63.57187
18	25	63.58358
18	25	63.59466
18	25	63.61158
18	25	63.62225
18	25	63.63214
18	25	63.64527
18	25	63.65654
18	25	63.66662
18	25	63.67767
18	24	63.68922
18	24	63.70009
18	24	63.71077
18	24	63.72204
18	24	63.73319
18	24	63.74431
18	24	63.75538
18	24	63.76588
18	24	63.77655
18	24	63.78795
18	24	63.79903
18	23	63.81046
18	23	63.82973
18	23	63.84124
18	23	63.85249
18	23	63.86341
18	23	63.87497
18	23	63.88577
18	23	63.89628
18	23	63.90788
18	23	63.91881
18	22	63.92984
18	22	63.94112
18	22	63.95181
18	22	63.96392
18	22	63.97569
18	22	63.98689
18	22	63.99805
18	22	64.00978
18	22	64.02089
18	22	64.03231
18	22	64.04346
18	22	64.05495
17	22	64.06644
17	22	64.07728
17	22	64.09206
17	22	64.11422
17	22	64.13715
17	22	64.15974
17	22	64.18176
16	22	64.20542
16	22	64.22659
16	22	64.2487
16	22	64.27149
16	22	64.29411
15	22	64.31559
15	22	64.33825
15	22	64.36019
15	22	64.38288
15	22	64.40546
15	22	64.42764
15	21	64.45033
15	21	64.47243
15	21	64.49499
15	21	64.51665
15	21	64.5392
15	21	64.56151
15	20	64.57186
15	20	64.58396
15	20	64.59489
15	20	64.60662
15	20	64.6169
15	20	64.62835
15	20	64.64122
15	20	64.65257
15	20	64.66291
15	20	64.67391
15	20	64.68434
15	19	64.69559
15	19	64.70659
15	19	64.71756
15	19	64.72897
15	19	64.74028
15	19	64.75129
15	19	64.76305
15	19	64.77319
15	19	64.78434
15	19	64.79533
15	19	64.80678
15	19	64.81795
15	19	64.82893
15	19	64.84076
15	19	64.8512
15	19	64.86298
15	19	64.87492
15	19	64.8869
14	19	64.9034
14	19	64.91464
14	19	64.92828
14	19	64.94535
14	19	64.96145
14	19	64.97499
14	19	64.98721
14	19	65.0009
13	19	65.01559
13	19	65.02657
13	19	65.0387
13	19	65.05126
13	19	65.06503
13	19	65.07867
13	19	65.08974
13	19	65.1031
13	19	65.11413
13	19	65.1311
12	19	65.15334
12	19	65.1757
12	19	65.19775
12	19	65.22011
12	19	65.24239
11	19	65.26499
11	19	65.28683
11	19	65.30985
11	19	65.33195
11	19	65.35454
11	19	65.37721
10	19	65.39917
10	19	65.42148
10	19	65.44454
10	19	65.46638
10	19	65.48834
9	19	65.51112
9	19	65.53329
9	19	65.55523
9	19	65.57767
9	19	65.60052
9	19	65.61132
9	19	65.62376
9	18	65.63766
9	18	65.65293
9	18	65.66609
9	18	65.6797
9	18	65.69402
9	18	65.70537
9	18	65.7164
9	18	65.72724
9	18	65.73882
9	17	65.7499
9	17	65.76108
9	17	65.7747
9	17	65.78868
9	17	65.80392
9	17	65.81412
9	17	65.82596
9	17	65.83707
9	17	65.84809
9	17	65.85966
9	17	65.87086
9	16	65.882
9	16	65.89325
9	16	65.90427
9	16	65.91792
9	16	65.93479
9	16	65.94952
9	16	65.9629
9	16	65.97983
9	15	66.00291
9	15	66.0247
9	15	66.0468
9	15	66.0697
9	15	66.09274
9	15	66.11398
9	14	66.13644
9	14	66.15897
9	14	66.18113
9	14	66.20316
9	14	66.22661
9	13	66.2483
9	13	66.27029
9	13	66.29259
9	13	66.31506
9	13	66.33739
9	12	66.36015
9	12	66.38219
9	12	66.40474
9	12	66.42705
9	12	66.4493
9	12	66.47182
9	13	66.48698
9	13	66.49785
9	13	66.509
9	13	66.51934
9	13	66.53158
9	13	66.54267
9	13	66.55296
9	13	66.56458
9	13	66.57617
9	13	66.58689
9	13	66.59926
9	14	66.61066
9	14	66.62203
9	14	66.63335
9	14	66.64677
9	14	66.65772
9	14	66.66857
9	14	66.67941
9	14	66.69083
9	14	66.70291
9	14	66.71304
9	14	66.72504
9	15	66.73688
9	15	66.74742
9	15	66.75857
9	15	66.77
9	15	66.78113
9	15	66.79282
9	15	66.80402
9	15	66.8157
9	15	66.82638
9	15	66.83708
9	15	66.84848
9	16	66.85959
9	16	66.87046
9	16	66.88125
9	16	66.8921
9	16	66.90263
9	16	66.91354
9	16	66.9257
9	16	66.93698
9	16	66.94729
9	16	66.95808
9	16	66.96949
9	17	66.98027
9	17	66.99237
9	17	67.00355
9	17	67.01437
9	17	67.02567
9	17	67.03819
9	17	67.05093
9	17	67.064
9	17	67.07442
9	17	67.08493
9	18	67.09803
9	18	67.10903
9	18	67.12043
9	18	67.13171
9	18	67.14334
9	18	67.15481
9	18	67.16879
9	18	67.18069
9	18	67.19189
9	18	67.20332
9	18	67.21452
9	19	67.22572
9	19	67.23661
9	19	67.24831
9	19	67.25934
9	19	67.27061
9	19	67.28166
9	19	67.29304
9	19	67.30428
9	19	67.31573
9	19	67.32808
8	19	67.33869
8	19	67.35034
8	19	67.36183
8	19	67.37585
8	19	67.39793
8	19	67.42102
8	19	67.44285
7	19	67.46539
7	19	67.48775
7	19	67.51035
7	19	67.53261
7	19	67.55467
7	19	67.57729
6	19	67.59959
6	19	67.62222
6	19	67.64425
6	19	67.66647
6	19	67.68858
6	19	67.71154
6	18	67.73381
6	18	67.75552
6	18	67.77824
6	18	67.80071
6	18	67.82307
6	18	67.8457
6	17	67.8608
6	17	67.87286
6	17	67.88674
6	17	67.90034
6	17	67.91198
6	17	67.92252
6	17	67.93424
6	17	67.94487
6	17	67.95485
6	17	67.96621
6	16	67.97781
6	16	67.993
6	16	68.00712
6	16	68.02267
6	16	68.03488
6	16	68.04682
6	16	68.05641
6	16	68.0676
6	16	68.0779
6	16	68.08837
6	15	68.10101
6	15	68.11165
6	15	68.1233
6	15	68.13744
6	15	68.1515
6	15	68.16554
6	15	68.17736
6	15	68.18862
6	15	68.20201
6	15	68.2128
6	14	68.22305
6	14	68.23598
6	14	68.24821
6	14	68.26696
6	14	68.28109
6	14	68.29187
6	14	68.30562
6	14	68.3193
6	14	68.3306
6	13	68.34175
6	13	68.35311
6	13	68.36509
6	13	68.37834
6	13	68.39214
6	13	68.40302
6	13	68.41424
6	13	68.42559
6	13	68.44826
6	12	68.47032
6	12	68.49319
6	12	68.51597
6	12	68.53768
6	12	68.56025
6	11	68.58247
6	11	68.6047
6	11	68.62727
6	11	68.64984
6	11	68.67207
6	11	68.69427
6	10	68.71671
6	10	68.73894
6	10	68.76159
6	10	68.78383
6	10	68.80557
6	11	68.82855
6	11	68.85056
6	11	68.87267
6	11	68.89478
6	11	68.9171
6	11	68.92808
6	11	68.93986
6	12	68.95063
6	12	68.96164
6	12	68.97308
6	12	68.98489
6	12	68.99696
6	12	69.00884
6	12	69.01901
6	12	69.0294
6	12	69.04007
6	12	69.05125
6	12	69.06219
6	13	69.07322
6	13	69.08456
6	13	69.09661
6	13	69.11295
6	13	69.12386
6	13	69.13522
6	13	69.14615
6	13	69.15649
6	13	69.16834
6	13	69.17968
6	13	69.19043
6	14	69.20173
6	14	69.21389
6	14	69.22517
6	14	69.23609
6	14	69.24821
6	14	69.25948
6	14	69.2714
6	14	69.283
6	14	69.29433
6	14	69.30595
6	15	69.317
6	15	69.32804
6	15	69.33887
6	15	69.34999
6	15	69.36145
6	15	69.37267
6	15	69.38469
6	15	69.39624
6	15	69.40694
6	15	69.4175
6	15	69.42829
6	16	69.43951
6	16	69.4511
6	16	69.46232
6	16	69.47391
6	16	69.48436
6	16	69.49609
6	16	69.50735
6	16	69.51772
6	16	69.52962
6	16	69.54001
6	16	69.55066
6	17	69.56388
6	17	69.57448
6	17	69.58588
6	17	69.59647
6	17	69.60941
6	17	69.62071
6	17	69.63165
6	17	69.64412
6	17	69.65585
6	17	69.6674
6	17	69.67883
6	18	69.68967
6	18	69.70037
6	18	69.71101
6	18	69.72282
6	18	69.7343
6	18	69.74508
6	18	69.75674
6	18	69.7685
6	18	69.77942
6	18	69.7916
6	19	69.80547
6	19	69.81767
6	19	69.83072
6	19	69.84251
6	19	69.85432
6	19	69.86584
6	19	69.87787
6	19	69.88926
6	19	69.90136
6	19	69.9117
6	20	69.93438
6	20	69.95672
6	20	69.97887
6	20	70.00114
6	20	70.02379
6	20	70.04622
6	21	70.06789
6	21	70.09072
6	21	70.11259
6	21	70.1345
6	21	70.15701
6	22	70.17968
6	22	70.20245
6	22	70.22433
6	22	70.24712
6	22	70.26952
6	22	70.29263
5	22	70.31401
5	22	70.33624
5	22	70.35865
5	22	70.38092
5	22	70.40315
4	22	70.41916
4	22	70.43075
4	22	70.4419
4	22	70.4559
4	22	70.47029
4	22	70.48185
4	22	70.49249
4	22	70.50726
4	22	70.52148
4	22	70.53297
3	22	70.54641
3	22	70.56025
3	22	70.5736
3	22	70.59033
3	22	70.60873
3	22	70.62322
3	22	70.63584
3	22	70.64962
3	22	70.66616
3	22	70.68216
3	22	70.69505
3	22	70.71152
3	22	70.7272
3	22	70.74064
3	22	70.75335
3	22	70.76683
2	22	70.78249
2	22	70.80476
2	22	70.82776
2	22	70.84928
2	22	70.87273
2	22	70.89505
2	22	70.91679
2	22	70.93896
2	22	70.9621
2	22	70.9846
2	22	71.00668
2	22	71.02956
2	22	71.05145
3	22	71.07386
3	22	71.09644
3	22	71.1183
3	22	71.14034
3	22	71.16238
3	22	71.18522
3	22	71.20731
3	22	71.21988
3	22	71.23264
3	22	71.24543
3	22	71.25713
3	22	71.26901
3	22	71.28045
3	22	71.29211
3	22	71.30392
4	22	71.31568
4	22	71.32761
4	22	71.34009
4	22	71.35146
4	22	71.36315
4	22	71.37605
4	22	71.38811
4	22	71.39996
4	22	71.41331
4	22	71.42514
4	22	71.43681
5	22	71.44855
5	22	71.46095
5	22	71.47372
5	22	71.48528
5	22	71.49836
5	22	71.51048
5	22	71.52195
5	22	71.53629
5	22	71.54926
6	22	71.56139
6	22	71.57321
6	22	71.58786
6	22	71.6007
6	22	71.61294
6	22	71.62631
6	22	71.63956
6	22	71.65488
6	22	71.66752
6	21	71.68792
6	21	71.70965
6	21	71.73193
6	21	71.75431
6	21	71.77728
6	21	71.7991
6	20	71.82161
6	20	71.84433
6	20	71.86683
6	20	71.88864
6	20	71.91098
6	19	71.93352
6	19	71.95514
6	19	71.97805
6	19	72.00002
6	19	72.02218
6	19	72.04534
6	18	72.0679
6	18	72.09027
6	18	72.11259
6	18	72.13509
6	18	72.14555
6	18	72.15713
6	18	72.1676
6	17	72.18062
6	17	72.19106
6	17	72.20229
6	17	72.2141
6	17	72.22498
6	17	72.23582
6	17	72.24627
6	17	72.2572
6	17	72.26832
6	17	72.27943
6	17	72.291
6	16	72.30144
6	16	72.31578
6	16	72.33015
6	16	72.34135
6	16	72.35249
6	16	72.36361
6	16	72.37489
6	16	72.38617
6	16	72.39904
6	16	72.41019
5	16	72.42104
5	16	72.43307
5	16	72.44459
5	16	72.45849
5	16	72.4726
5	16	72.48403
5	16	72.49521
5	16	72.50584
5	16	72.5169
5	16	72.52812
4	16	72.53991
4	16	72.55334
4	16	72.56739
4	16	72.58235
4	16	72.59544
4	16	72.60889
4	16	72.62098
4	16	72.6357
4	16	72.64954
3	16	72.66238
3	16	72.67583
3	16	72.6888
3	16	72.70614
3	16	72.72043
3	16	72.73357
3	16	72.74888
3	16	72.77059
2	16	72.79314
2	16	72.81526
2	16	72.83791
2	16	72.86054
2	16	72.88271
1	16	72.90567
1	16	72.92747
1	16	72.95011
1	16	72.97218
1	16	72.99416
1	16	73.01711
1	16	73.03852
1	15	73.06155
1	15	73.08357
1	15	73.10582
1	15	73.1286
1	15	73.15102
1	15	73.17288
1	14	73.19543
1	14	73.20999
1	14	73.22399
1	14	73.23582
1	14	73.24696
1	14	73.25805
1	14	73.26912
1	14	73.2803
1	14	73.29102
1	14	73.30208
1	13	73.31477
1	13	73.33138
1	13	73.34727
1	13	73.36076
1	13	73.37293
1	13	73.38434
1	13	73.39517
1	13	73.4056
1	13	73.4163
2	13	73.42738
2	13	73.43855
2	13	73.45034
2	13	73.46529
2	13	73.47834
2	13	73.48922
2	13	73.50311
2	13	73.51728
2	13	73.52805
2	13	73.5396
3	13	73.55016
3	13	73.56052
3	13	73.57188
3	13	73.58553
3	13	73.59957
3	13	73.61065
3	13	73.62392
3	13	73.63622
3	13	73.64816
3	13	73.66252
3	13	73.67744
3	13	73.68824
3	13	73.70049
3	13	73.71142
3	13	73.72219
3	13	73.73295
3	13	73.74386
3	12	73.75505
3	12	73.76642
3	12	73.77733
3	12	73.7907
3	12	73.80521
3	12	73.81944
3	12	73.83368
3	12	73.84423
3	12	73.8559
3	12	73.86685
3	11	73.87727
3	11	73.88851
3	11	73.9005
3	11	73.9132
3	11	73.93279
3	11	73.9558
3	11	73.97761
3	10	73.9996
3	10	74.02218
3	10	74.04432
3	10	74.067
3	10	74.08906
3	10	74.11142
3	11	74.13387
3	11	74.15649
3	11	74.17899
3	11	74.20062
3	11	74.22336
3	12	74.24574
3	12	74.26814
3	12	74.29014
3	12	74.3124
3	12	74.33541
3	12	74.35798
3	13	74.37955
3	13	74.40225
3	13	74.41395
3	13	74.42427
3	13	74.43582
3	13	74.44791
3	13	74.45793
3	13	74.46902
3	13	74.48026
3	13	74.49098
3	13	74.50222
3	13	74.51307
3	13	74.52452
3	13	74.53577
3	13	74.54708
2	13	74.55799
2	13	74.5693
2	13	74.58043
2	13	74.59235
2	13	74.60365
2	13	74.61515
2	13	74.62614
2	13	74.63827
2	13	74.65504
2	13	74.66666
1	13	74.67844
1	13	74.6898
1	13	74.7011
1	13	74.71176
1	13	74.72267
1	13	74.73407
1	13	74.74524
1	13	74.75614
1	13	74.76741
1	13	74.7781
1	13	74.78897
1	13	74.80022
1	13	74.81129
1	13	74.82185
1	13	74.83308
1	13	74.8438
1	13	74.85516
1	13	74.86581
1	14	74.8768
1	14	74.88795
1	14	74.89942
1	14	74.90975
1	14	74.92126
1	14	74.93228
1	14	74.94256
1	14	74.95361
1	14	74.96486
1	14	74.97587
1	14	74.98625
1	15	74.99715
1	15	75.00736
1	15	75.01765
1	15	75.0288
1	15	75.03986
1	15	75.05061
1	15	75.06136
1	15	75.07313
1	15	75.08367
1	15	75.09456
1	15	75.106
1	16	75.11716
1	16	75.12793
1	16	75.1389
1	16	75.15038
1	16	75.16149
1	16	75.17299
1	16	75.18517
1	16	75.1958
1	16	75.20704
1	16	75.21831
1	16	75.23018
1	17	75.24144
1	17	75.25227
1	17	75.26398
1	17	75.27768
1	17	75.29032
1	17	75.30188
1	17	75.31207
1	17	75.32417
1	17	75.33574
1	17	75.34624
1	18	75.36051
1	18	75.37543
1	18	75.38669
1	18	75.40142
1	18	75.41513
1	18	75.4257
1	18	75.43708
1	18	75.44884
1	18	75.4591
1	18	75.47018
1	18	75.48084
1	19	75.4918
1	19	75.50397
1	19	75.51939
1	19	75.53205
1	19	75.55244
1	19	75.57464
1	19	75.59753
2	19	75.61867
2	19	75.64201
2	19	75.66409
2	19	75.68628
2	19	75.70849
3	19	75.73128
3	19	75.75384
3	19	75.77603
3	19	75.79894
3	19	75.82063
3	19	75.84294
3	20	75.86538
3	20	75.88724
3	20	75.90997
3	20	75.93248
3	20	75.95443
3	21	75.97747
3	21	75.99928
3	21	76.01292
3	21	76.02576
3	21	76.0378
3	21	76.05001
3	21	76.06094
3	21	76.07214
3	21	76.0826
3	22	76.09341
3	22	76.10505
3	22	76.11578
3	22	76.12769
3	22	76.14155
3	22	76.15717
3	22	76.16808
3	22	76.17859
3	22	76.19055
3	22	76.20245
3	22	76.21351
3	22	76.22511
3	22	76.23613
3	22	76.24686
3	22	76.25723
3	22	76.26913
3	22	76.27979
3	22	76.29102
3	22	76.30162
2	22	76.3121
2	22	76.32385
2	22	76.33443
2	22	76.3454
2	22	76.35587
2	22	76.36713
2	22	76.38124
2	22	76.39462
2	22	76.40613
2	22	76.41772
1	22	76.42863
1	22	76.43995
1	22	76.45042
1	22	76.46069
1	22	76.47212
1	22	76.48289
1	22	76.49378
1	22	76.50485
1	22	76.51598
1	22	76.52695
1	22	76.53811
1	22	76.5483
1	22	76.55947
1	22	76.57047
1	22	76.58038
1	22	76.59097
1	22	76.60145
1	22	76.61137
1	22	76.62237
1	22	76.63335
1	22	76.6461
1	22	76.65819
1	22	76.66944
1	22	76.68079
1	22	76.69161
1	22	76.70411
1	22	76.71551
1	22	76.72589
1	22	76.73699
1	22	76.74705
1	22	76.75776
1	22	76.76852
1	22	76.77874
1	22	76.78954
1	22	76.80103
1	22	76.81151
1	22	76.82242
1	22	76.83364
1	22	76.84404
1	22	76.85464
1	22	76.86539
1	22	76.87628
1	22	76.88724
1	22	76.89796
1	22	76.90939
1	22	76.92046
1	22	76.93141
1	22	76.94281
1	22	76.95454
1	22	76.96562
1	22	76.97659
1	22	76.99463
1	22	77.00705
1	22	77.01789
1	22	77.02821
1	22	77.03931
1	22	77.05109
1	22	77.06133
1	22	77.07283
1	22	77.08516
2	22	77.09681
2	22	77.10832
2	22	77.11925
2	22	77.13014
2	22	77.14215
2	22	77.15321
2	22	77.16399
2	22	77.17515
2	22	77.18571
2	22	77.19698
2	22	77.20798
3	22	77.21911
3	22	77.22958
3	22	77.2402
3	22	77.2524
3	22	77.26357
3	22	77.2748
3	22	77.286
3	22	77.29785
3	22	77.30862
3	22	77.3196
3	22	77.33015
4	22	77.34158
4	22	77.35281
4	22	77.36381
4	22	77.37503
4	22	77.38656
4	22	77.39809
4	22	77.40922
4	22	77.41978
4	22	77.4301
4	22	77.44154
4	22	77.45284
5	22	77.46371
5	22	77.47346
5	22	77.48436
5	22	77.49567
5	22	77.50706
5	22	77.51807
5	22	77.52805
5	22	77.53886
5	22	77.54941
5	22	77.55998
5	22	77.57085
5	22	77.58155
6	22	77.59278
6	22	77.60517
6	22	77.61697
6	22	77.62708
6	22	77.63945
6	22	77.65126
6	22	77.66256
6	22	77.67487
6	22	77.68565
6	22	77.69687
6	23	77.71014
6	23	77.72135
6	23	77.7319
6	23	77.74638
6	23	77.76057
6	23	77.77204
6	23	77.78331
6	23	77.79404
6	23	77.80535
6	23	77.81694
6	24	77.82796
6	24	77.84253
6	24	77.85703
6	24	77.87037
6	24	77.88087
6	24	77.89774
6	24	77.92056
6	24	77.94277
6	25	77.96565
6	25	77.98733
6	25	78.00922
6	25	78.03159
6	25	78.05415
6	26	78.07667
6	26	78.09925
6	26	78.12177
6	26	78.14421
6	26	78.16645
6	26	78.18867
6	27	78.2108
6	27	78.2336
6	27	78.25573
6	27	78.27805
6	27	78.30083
6	28	78.32227
6	28	78.3446
6	28	78.35503
6	28	78.36819
6	28	78.38109
6	28	78.39246
6	28	78.40862
6	28	78.41969
6	28	78.43069
6	29	78.44238
6	29	78.45332
6	29	78.46873
6	29	78.4825
6	29	78.49364
6	29	78.50485
6	29	78.51536
6	29	78.52579
6	29	78.53696
6	29	78.54775
6	29	78.55856
6	29	78.57051
6	29	78.58142
6	29	78.592
6	29	78.60289
6	29	78.61384
5	29	78.62877
5	29	78.6442
5	29	78.65788
5	29	78.66962
5	29	78.68127
5	29	78.69263
5	29	78.70317
5	29	78.7141
5	29	78.72578
5	29	78.7365
4	29	78.74694
4	29	78.75752
4	29	78.76916
4	29	78.78211
4	29	78.79536
4	29	78.80694
4	29	78.81772
4	29	78.82837
4	29	78.839
4	29	78.84966
3	29	78.86006
3	29	78.87193
3	29	78.88297
3	29	78.89684
3	29	78.91113
3	29	78.92367
3	29	78.94017
3	29	78.95448
3	29	78.96537
3	29	78.97655
2	29	78.98762
2	29	78.99916
2	29	79.01178
2	29	79.02759
2	29	79.04176
2	29	79.05413
2	29	79.06774
2	29	79.08251
1	29	79.10477
1	29	79.12699
1	29	79.14895
1	29	79.17148
1	29	79.1943
1	29	79.21587
1	29	79.23883
1	29	79.2606
1	29	79.2838
1	29	79.30561
1	29	79.32712
1	29	79.35045
1	29	79.37238
1	29	79.39506
1	29	79.41776
1	28	79.47082
1	28	79.48226
1	28	79.49708
1	28	79.50954
1	28	79.52879
1	28	79.55094
1	27	79.57315
1	27	79.58665
1	27	79.60448
1	27	79.61518
1	27	79.6261
1	27	79.63851
1	27	79.64999
1	27	79.66095
1	27	79.67202
1	26	79.68256
1	26	79.69457
1	26	79.70686
1	26	79.721
1	26	79.73512
1	26	79.74649
1	26	79.75761
1	26	79.76898
1	26	79.78
1	26	79.7918
1	26	79.80279
1	25	79.81371
1	25	79.82468
1	25	79.83558
1	25	79.84981
1	25	79.86364
1	25	79.87708
1	25	79.89205
1	25	79.90656
1	25	79.91896
2	25	79.93012
2	25	79.94341
2	25	79.95532
2	25	79.97104
2	25	79.98611
2	25	79.99856
2	25	80.01065
2	25	80.0226
2	25	80.03787
3	25	80.05366
3	25	80.07568
3	25	80.09814
3	25	80.12047
3	25	80.14326
3	25	80.16571
4	25	80.18833
4	25	80.21015
4	25	80.23271
4	25	80.25513
4	25	80.2776
5	25	80.29989
5	25	80.32194
5	25	80.34416
5	25	80.36652
5	25	80.38914
5	25	80.41133
6	25	80.43532
6	25	80.45652
6	25	80.47857
6	25	80.50119
6	25	80.52302
6	25	80.53398
5	25	80.54561
5	25	80.55604
5	25	80.56713
5	25	80.57838
5	25	80.58951
5	25	80.60071
5	25	80.61226
5	25	80.62358
5	25	80.63537
5	25	80.64785
5	25	80.65848
4	25	80.66901
4	25	80.6795
4	25	80.69036
4	25	80.70197
4	25	80.71319
4	25	80.72375
4	25	80.73464
4	25	80.74614
4	25	80.75677
4	25	80.76863
4	25	80.77934
3	25	80.79042
3	25	80.80119
3	25	80.81241
3	25	80.82366
3	25	80.83546
3	25	80.8465
3	25	80.85786
3	25	80.86979
3	25	80.88161
3	25	80.89385
2	25	80.90769
2	25	80.91971
2	25	80.93729
2	25	80.9484
2	25	80.96012
2	25	80.97075
2	25	80.98132
2	25	80.99212
2	25	81.00331
2	25	81.01352
2	25	81.02464
1	25	81.03493
1	25	81.04482
1	25	81.05595
1	25	81.0668
1	25	81.078
1	25	81.08874
1	25	81.10054
1	25	81.11222
1	25	81.12281
1	25	81.13317
1	25	81.14474
1	25	81.15931
1	25	81.17084
1	24	81.18507
1	24	81.19758
1	24	81.21308
1	24	81.22763
1	24	81.23898
1	24	81.24982
1	24	81.26015
1	24	81.27198
1	24	81.28206
1	23	81.29556
1	23	81.30992
1	23	81.32125
1	23	81.33436
1	23	81.34802
1	23	81.35917
1	23	81.36951
1	23	81.38047
1	23	81.39236
1	23	81.40314
1	22	81.41635
1	22	81.43912
1	22	81.46145
1	22	81.48325
1	22	81.50578
1	22	81.52793
1	23	81.55059
1	23	81.57277
1	23	81.59507
1	23	81.6171
1	23	81.64037
1	24	81.66223
1	24	81.68441
1	24	81.70712
1	24	81.72953
1	24	81.75172
1	24	81.77415
1	25	81.79631
1	25	81.81928
1	25	81.8414
1	25	81.86408
1	25	81.88572
2	25	81.90803
2	25	81.91859
2	25	81.93088
2	25	81.94221
2	25	81.95319
2	25	81.96352
2	25	81.97449
2	25	81.98515
2	25	81.99709
2	25	82.00794
2	25	82.01936
3	25	82.0298
3	25	82.04132
3	25	82.05225
3	25	82.06378
3	25	82.07484
3	25	82.08677
3	25	82.09719
3	25	82.10861
3	25	82.11974
3	25	82.13103
3	25	82.14259
4	25	82.15363
4	25	82.16451
4	25	82.17685
4	25	82.18799
4	25	82.20013
4	25	82.21159
4	25	82.22366
4	25	82.2352
4	25	82.251
4	25	82.26064
5	25	82.27114
5	25	82.28173
5	25	82.29167
5	25	82.30228
5	25	82.3137
5	25	82.32464
5	25	82.33721
5	25	82.34709
5	25	82.35862
5	25	82.36978
5	25	82.38099
5	25	82.39215
6	25	82.40337
6	25	82.41452
6	25	82.42567
6	25	82.43678
6	25	82.45083
6	25	82.4646
6	25	82.47578
6	25	82.4868
6	25	82.49832
6	25	82.50928
7	25	82.5202
7	25	82.53075
7	25	82.54182
7	25	82.55558
7	25	82.57088
7	25	82.58165
7	25	82.59197
7	25	82.60268
7	25	82.61365
7	25	82.62466
7	25	82.63596
8	25	82.65077
8	25	82.66434
8	25	82.67973
8	25	82.69582
8	25	82.71236
8	25	82.7287
8	25	82.74284
8	25	82.75597
9	25	82.77108
9	25	82.78442
9	25	82.79787
9	25	82.81345
9	25	82.83466
9	25	82.85728
9	25	82.87897
10	25	82.90092
10	25	82.92323
10	25	82.94568
10	25	82.96844
10	25	82.99039
11	25	83.01335
11	25	83.03508
11	25	83.05776
11	25	83.07977
11	25	83.10252
11	25	83.12554
12	25	83.14784
12	25	83.17068
12	25	83.19281
12	25	83.21507
12	25	83.23739
12	26	83.25935
12	26	83.27102
12	26	83.28259
12	26	83.29742
12	26	83.31068
12	26	83.32159
12	26	83.33846
12	26	83.35229
12	26	83.36332
12	27	83.37405
12	27	83.38519
12	27	83.39618
12	27	83.40977
12	27	83.42345
12	27	83.43402
12	27	83.4446
12	27	83.45528
12	27	83.46668
12	27	83.4776
12	27	83.4908
12	28	83.50504
12	28	83.51605
12	28	83.53002
12	28	83.54383
12	28	83.55489
12	28	83.57098
12	28	83.58161
12	28	83.59233
12	28	83.60283
12	28	83.6137
12	29	83.6239
12	29	83.63466
12	29	83.65138
12	29	83.67245
12	29	83.69526
12	29	83.71717
11	29	83.74017
11	29	83.76219
11	29	83.78486
11	29	83.80677
11	29	83.82893
11	29	83.85152
10	29	83.87392
10	29	83.89646
10	29	83.91896
10	29	83.94157
10	29	83.96358
9	29	83.98521
9	29	84.00758
9	29	84.03001
9	29	84.05213
9	29	84.07542
9	29	84.09744
8	29	84.1195
8	29	84.14205
8	29	84.15498
8	29	84.16501
8	29	84.17552
8	29	84.18627
8	29	84.19827
8	29	84.21108
8	29	84.22189
7	29	84.23231
7	29	84.24345
7	29	84.25417
7	29	84.26862
7	29	84.2826
7	29	84.29343
7	29	84.30479
7	29	84.31534
7	29	84.32595
7	29	84.33649
7	29	84.34749
6	29	84.35795
6	29	84.36887
6	29	84.37988
6	29	84.39044
6	29	84.40113
6	29	84.41207
6	29	84.42225
6	29	84.43298
6	29	84.44439
6	29	84.45601
6	29	84.46664
5	29	84.48238
5	29	84.49477
5	29	84.50594
5	29	84.51679
5	29	84.52708
5	29	84.53735
5	29	84.54798
5	29	84.55956
5	29	84.57037
5	29	84.58081
5	29	84.59177
4	29	84.60226
4	29	84.61323
4	29	84.62428
4	29	84.63437
4	29	84.64697
4	29	84.658
4	29	84.66949
4	29	84.67993
4	29	84.6908
4	29	84.70285
4	29	84.7139
5	29	84.72472
5	29	84.73543
5	29	84.74659
5	29	84.75883
5	29	84.7691
5	29	84.7801
5	29	84.79121
5	29	84.80256
5	29	84.81362
5	29	84.82516
5	29	84.83635
6	29	84.84762
6	29	84.86395
6	29	84.87605
6	29	84.88783
6	29	84.89858
6	29	84.90994
6	29	84.92026
6	29	84.93106
6	29	84.94203
6	29	84.95287
7	29	84.96398
7	29	84.97657
7	29	84.98833
7	29	85.00113
7	29	85.01438
7	29	85.02679
7	29	85.03855
7	29	85.04901
7	29	85.0601
7	29	85.07124
8	29	85.08363
8	29	85.0967
8	29	85.10903
8	29	85.1209
8	29	85.13257
8	29	85.1462
8	29	85.15836
8	29	85.17007
8	29	85.18043
8	29	85.19255
8	29	85.20337
9	29	85.21423
9	29	85.23604
9	29	85.25864
9	29	85.28082
9	29	85.30305
9	29	85.32602
10	29	85.34802
10	29	85.36977
10	29	85.39225
10	29	85.41479
10	29	85.43745
11	29	85.45989
11	29	85.48239
11	29	85.50496
11	29	85.52767
11	29	85.54959
12	29	85.57153
12	29	85.59423
12	29	85.61609
12	29	85.63924
12	29	85.66121
12	29	85.68327
12	28	85.7056
12	28	85.71673
12	28	85.72836
12	28	85.73862
12	28	85.74968
12	28	85.76094
12	28	85.77225
12	28	85.78333
12	28	85.79481
12	28	85.80583
12	27	85.81712
12	27	85.82818
12	27	85.83961
12	27	85.85024
12	27	85.86179
12	27	85.87294
12	27	85.88377
12	27	85.89498
12	27	85.90685
12	27	85.91749
12	27	85.92864
12	26	85.94016
12	26	85.95149
12	26	85.96276
12	26	85.97519
12	26	85.98717
12	26	85.99941
12	26	86.01173
12	26	86.02261
12	26	86.0355
12	26	86.04792
12	26	86.05916
12	25	86.06976
12	25	86.08044
12	25	86.09122
12	25	86.10423
12	25	86.11572
12	25	86.12763
12	25	86.13993
12	25	86.151
12	25	86.16164
12	25	86.17692
11	25	86.18735
11	25	86.19894
11	25	86.21075
11	25	86.22171
11	25	86.23363
11	25	86.24419
11	25	86.25526
11	25	86.26678
11	25	86.27711
11	25	86.28795
11	25	86.29891
10	25	86.31013
10	25	86.32059
10	25	86.33221
10	25	86.34305
10	25	86.35359
10	25	86.36531
10	25	86.37629
10	25	86.38695
10	25	86.39813
10	25	86.41007
10	25	86.42066
9	25	86.43129
9	25	86.4417
9	25	86.45171
9	25	86.46255
9	25	86.47362
9	25	86.48508
9	25	86.49628
9	25	86.50951
9	25	86.52479
9	25	86.53579
9	25	86.5464
9	24	86.55799
9	24	86.56918
9	24	86.58023
9	24	86.59402
9	24	86.60809
9	24	86.62145
9	24	86.63212
9	24	86.64397
9	24	86.65485
9	24	86.66553
9	23	86.67699
9	23	86.68771
9	23	86.69833
9	23	86.71198
9	23	86.72599
9	23	86.73632
9	23	86.74737
9	23	86.76114
9	23	86.77538
9	23	86.78664
9	22	86.79753
9	22	86.80877
9	22	86.81976
9	22	86.8338
9	22	86.8473
9	22	86.85814
9	22	86.86742
9	22	86.88905
9	22	86.91159
10	22	86.93469
10	22	86.95702
10	22	86.97919
10	22	87.00181
10	22	87.02372
11	22	87.04669
11	22	87.06915
11	22	87.09128
11	22	87.11304
11	22	87.13553
11	22	87.15816
12	22	87.18013
12	22	87.20235
12	22	87.22459
12	22	87.2466
12	22	87.2691
12	22	87.29147
12	21	87.31416
12	21	87.33647
12	21	87.35934
12	21	87.37269
12	21	87.38661
12	21	87.40269
12	21	87.41622
12	20	87.42677
12	20	87.43816
12	20	87.45023
12	20	87.46368
12	20	87.4776
12	20	87.49268
12	20	87.5034
12	20	87.51391
12	20	87.52547
12	20	87.53686
12	19	87.55062
12	19	87.56477
12	19	87.57586
12	19	87.58761
12	19	87.59983
12	19	87.61125
12	19	87.62119
12	19	87.63262
12	19	87.64409
12	19	87.65673
12	19	87.66766
12	19	87.67842
12	19	87.68871
12	19	87.69988
12	19	87.71114
12	20	87.72167
12	20	87.73249
12	20	87.74904
12	20	87.77183
12	20	87.79394
12	20	87.81645
12	21	87.839
12	21	87.86116
12	21	87.88348
12	21	87.90598
12	21	87.92838
12	21	87.9506
12	22	87.97313
12	22	87.99613
12	22	88.01761
12	22	88.04013
12	22	88.06223
12	22	88.08469
12	22	88.10726
12	22	88.12946
11	22	88.15228
11	22	88.17465
11	22	88.19704
11	22	88.21899
11	22	88.22948
11	22	88.24185
11	22	88.25203
11	22	88.2634
10	22	88.27436
10	22	88.28526
10	22	88.29655
10	22	88.30824
10	22	88.31873
10	22	88.33006
10	22	88.34134
10	22	88.35228
10	22	88.36346
10	22	88.37477
10	22	88.38632
9	22	88.3974
9	22	88.40865
9	22	88.41898
9	22	88.43041
9	22	88.44134
9	22	88.4529
9	22	88.46526
9	22	88.47546
9	22	88.48662
9	22	88.49776
9	22	88.50953
9	23	88.52117
9	23	88.53519
9	23	88.54903
9	23	88.55979
9	23	88.57066
9	23	88.58209
9	23	88.59326
9	23	88.60493
9	23	88.61682
9	23	88.62902
9	24	88.64082
9	24	88.65273
9	24	88.66371
9	24	88.67569
9	24	88.6858
9	24	88.69703
9	24	88.70745
9	24	88.71785
9	24	88.72902
9	24	88.73964
9	24	88.75121
9	25	88.76244
9	25	88.77285
9	25	88.78391
9	25	88.80022
9	25	88.81171
9	25	88.82214
9	25	88.83322
9	25	88.84422
9	25	88.85498
9	25	88.86533
9	25	88.87588
10	25	88.88632
10	25	88.89744
10	25	88.90829
10	25	88.91956
10	25	88.9309
10	25	88.94292
10	25	88.95351
10	25	88.97814
10	25	88.98917
10	25	89.00059
11	25	89.01094
11	25	89.02087
11	25	89.03157
11	25	89.04195
11	25	89.05426
11	25	89.06643
11	25	89.07871
11	25	89.09246
11	25	89.10558
11	25	89.11816
12	25	89.13129
12	25	89.14346
12	25	89.15533
12	25	89.16747
12	25	89.17839
12	25	89.18933
12	25	89.20123
12	25	89.21195
12	25	89.22405
12	25	89.24664
12	26	89.2684
12	26	89.29089
12	26	89.31319
12	26	89.33582
12	26	89.3579
12	27	89.37973
12	27	89.40258
12	27	89.42472
12	27	89.44704
12	27	89.4699
12	27	89.49237
12	28	89.51476
12	28	89.53687
12	28	89.55964
12	28	89.58161
12	28	89.60391
12	29	89.62569
12	29	89.64851
12	29	89.67068
12	29	89.69344
12	29	89.71547
12	29	89.72562
12	29	89.73801
12	29	89.74846
12	29	89.75971
12	29	89.77087
12	29	89.78181
12	29	89.79323
12	29	89.80482
12	29	89.81734
12	29	89.82819
12	29	89.83831
12	29	89.84932
12	29	89.86037
12	29	89.87202
12	29	89.88265
12	29	89.89454
12	29	89.90526
12	29	89.91714
12	29	89.92835
12	29	89.93968
12	29	89.95236
12	29	89.96507
12	29	89.97778
12	29	89.99046
12	29	90.00252
12	29	90.01323
12	29	90.02406
12	29	90.03495
12	29	90.04521
12	29	90.05564
12	29	90.06628
12	29	90.07724
12	29	90.08793
12	29	90.10036
12	29	90.11557
12	29	90.12621
12	29	90.13645
12	29	90.14709
12	29	90.15735
12	29	90.16845
12	29	90.18011
12	29	90.19144
12	29	90.20206
12	29	90.21336
12	29	90.2239
12	28	90.23547
12	28	90.24892
12	28	90.26188
12	28	90.27426
12	28	90.28633
12	28	90.299
12	28	90.31034
12	28	90.32095
12	28	90.33247
12	28	90.34319
12	27	90.35353
12	27	90.36415
12	27	90.37415
12	27	90.38548
12	27	90.39655
12	27	90.40784
12	27	90.41875
12	27	90.42895
12	27	90.44006
12	27	90.45021
12	27	90.46095
12	26	90.47126
12	26	90.48212
12	26	90.49232
12	26	90.5035
12	26	90.51487
12	26	90.52502
12	26	90.53754
12	26	90.54902
12	26	90.56014
12	26	90.57462
12	26	90.58681
12	25	90.59783
12	25	90.60804
12	25	90.61803
12	25	90.62894
12	25	90.64072
12	25	90.65235
12	25	90.66339
12	25	90.67444
12	25	90.68705
12	25	90.69783
12	25	90.71018
12	26	90.72061
12	26	90.73122
12	26	90.74189
12	26	90.75237
12	26	90.76291
12	26	90.77328
12	26	90.78446
12	26	90.79556
12	26	90.80605
12	26	90.81756
12	26	90.82881
12	27	90.83965
12	27	90.85125
12	27	90.86169
12	27	90.87312
12	27	90.88607
12	27	90.89887
12	27	90.91029
12	27	90.923
12	27	90.93474
12	27	90.94714
12	27	90.95982
12	28	90.97101
12	28	90.98273
12	28	90.99397
12	28	91.00481
12	28	91.01584
12	28	91.02802
12	28	91.03862
12	28	91.05067
12	28	91.06279
12	28	91.07396
12	29	91.08595
12	29	91.09679
12	29	91.10824
12	29	91.12054
12	29	91.1312
12	29	91.14167
12	29	91.15275
12	29	91.16876
12	29	91.17848
12	29	91.20052
12	29	91.2229
12	29	91.24526
12	29	91.26751
12	29	91.29045
12	29	91.31255
12	29	91.33514
12	29	91.35748
12	29	91.37965
12	29	91.40185
12	29	91.42391
12	29	91.44665
12	29	91.4688
12	29	91.49093
12	29	91.51329
12	28	91.53612
12	28	91.55844
12	28	91.58118
12	28	91.60391
12	28	91.62615
12	27	91.64927
12	27	91.66013
12	27	91.67126
12	27	91.68289
12	27	91.69276
12	27	91.70343
12	27	91.71449
12	27	91.72556
12	27	91.73694
12	27	91.7476
12	27	91.75904
12	27	91.77039
12	26	91.78146
12	26	91.7922
12	26	91.80358
12	26	91.81514
12	26	91.826
12	26	91.8382
12	26	91.8527
12	26	91.86407
12	26	91.87672
12	26	91.88802
12	25	91.90025
12	25	91.91251
12	25	91.92426
12	25	91.93638
12	25	91.94707
12	25	91.95788
12	25	91.96896
12	25	91.97997
12	25	91.99046
12	25	92.0017
12	25	92.01228
12	25	92.02323
12	25	92.03432
12	25	92.04582
12	25	92.05642
12	25	92.06794
12	25	92.07894
12	25	92.08929
12	25	92.10132
12	25	92.11601
12	25	92.12897
12	25	92.13932
12	25	92.14977
12	25	92.16039
12	25	92.17123
12	25	92.18097
12	25	92.19158
12	25	92.2033
12	25	92.2138
12	25	92.2244
12	25	92.23549
12	25	92.24546
12	25	92.25563
12	25	92.26711
12	25	92.2785
12	25	92.28814
12	25	92.29877
12	25	92.30875
12	25	92.31815
12	25	92.32956
12	25	92.34009
12	25	92.35126
12	25	92.36277
12	25	92.37405
12	25	92.38492
12	25	92.39661
12	25	92.40733
12	25	92.41862
12	25	92.42988
12	25	92.44101
12	25	92.45597
12	25	92.46722
12	25	92.47752
12	25	92.4882
12	25	92.49902
12	25	92.50873
12	25	92.51918
12	25	92.53036
12	25	92.54175
12	25	92.55257
12	25	92.56374
12	25	92.57493
12	25	92.58623
12	25	92.59982
12	25	92.61218
12	25	92.62302
12	25	92.63331
12	25	92.64446
12	25	92.65558
12	25	92.66738
12	25	92.67759
12	25	92.68992
12	25	92.70139
12	25	92.71238
12	25	92.72341
12	25	92.73448
12	25	92.74577
12	25	92.75721
12	25	92.76878
12	25	92.78082
12	26	92.79266
12	26	92.80524
12	26	92.8177
12	26	92.82902
12	26	92.84198
12	26	92.85667
12	26	92.86852
12	26	92.8829
12	26	92.89671
12	27	92.91034
12	27	92.92441
12	27	92.93697
12	27	92.94909
12	27	92.96188
12	27	92.97427
12	27	92.98689
12	27	92.99798
12	27	93.00894
12	27	93.01936
12	28	93.03265
12	28	93.0549
12	28	93.0772
12	28	93.0996
12	28	93.12189
12	28	93.14436
12	29	93.16739
12	29	93.18933
12	29	93.21163
12	29	93.2341
12	29	93.2562
12	29	93.27856
12	29	93.30119
12	29	93.32343
12	29	93.34561
12	29	93.36774
12	29	93.38992
12	29	93.4129
12	29	93.43488
12	29	93.45718
12	29	93.48014
12	29	93.50203
12	29	93.52448
12	29	93.53579
12	29	93.54741
12	29	93.55776
12	29	93.56908
12	29	93.58018
12	29	93.59113
12	29	93.60204
12	29	93.61353
12	29	93.62483
12	29	93.63635
12	29	93.64911
12	29	93.65968
12	29	93.6693
12	29	93.68065
12	29	93.69112
12	29	93.70266
12	29	93.71367
12	29	93.7251
12	29	93.73643
12	28	93.74839
12	28	93.76173
12	28	93.77992
12	28	93.79543
12	28	93.80872
12	28	93.82005
12	28	93.83082
12	28	93.84144
12	28	93.85163
12	27	93.86366
12	27	93.87425
12	27	93.88518
12	27	93.89588
12	27	93.90659
12	27	93.91769
12	27	93.92792
12	27	93.93868
12	27	93.94999
12	27	93.96053
12	27	93.97112
13	27	93.983
13	27	93.99487
13	27	94.00629
13	27	94.01968
13	27	94.03289
13	27	94.04369
13	27	94.05436
13	27	94.0649
13	27	94.076
13	27	94.08656
13	27	94.09835
14	27	94.10941
14	27	94.12335
