Player name: noor_none
Login date: 7/13/2021 11:47:11 AM
Coordinates:
15	11	0.0482482
15	11	0.0648579
15	11	0.0803629
15	11	0.0932793
15	11	0.1065509
15	11	0.1178348
15	11	0.1290042
15	11	0.1405845
15	11	0.151898
15	11	0.1685696
15	11	0.1908783
15	11	0.213072
15	11	0.2357219
15	11	0.2576599
15	11	0.279673
15	11	0.3025087
15	11	0.3246406
15	11	0.3464254
15	11	0.3696779
15	11	0.3916515
15	11	0.4136612
15	11	0.436328
15	11	0.4588795
15	11	0.4814339
15	11	0.5035116
15	11	0.5270764
15	11	0.5486264
15	11	0.5715529
15	11	0.5930898
15	11	0.6154827
15	11	0.6378415
15	11	0.6527568
15	11	0.6685923
15	11	0.6812943
15	11	0.6939602
15	11	0.711363
15	11	0.7235186
15	11	0.7356256
15	11	0.7485067
15	11	0.7616047
15	11	0.7742355
15	11	0.7864596
15	11	0.7988167
15	11	0.8109279
15	11	0.8232412
15	11	0.8357927
15	11	0.8485022
15	11	0.8600181
15	11	0.8716722
15	11	0.8845401
15	11	0.8963891
15	11	0.9087082
15	11	0.9211525
15	11	0.9331005
15	11	0.9458557
15	11	0.958883
15	11	0.9705427
15	11	0.9831084
15	11	0.9955788
15	11	1.01841
15	11	1.040861
15	11	1.062474
15	11	1.084289
15	11	1.106675
15	11	1.128965
15	11	1.151912
15	11	1.17383
15	11	1.195756
15	11	1.218015
15	11	1.240828
15	11	1.262949
15	11	1.285402
15	11	1.308116
15	11	1.330278
15	11	1.352912
15	11	1.375353
15	11	1.397064
15	11	1.419445
15	11	1.442292
15	11	1.463814
15	11	1.476052
15	11	1.487165
15	11	1.499023
15	11	1.511908
15	11	1.523803
15	11	1.536238
15	11	1.549011
15	11	1.560813
15	11	1.572752
15	11	1.584809
15	11	1.597599
15	11	1.609609
15	11	1.621887
15	11	1.633373
15	11	1.646341
15	11	1.659092
15	11	1.670452
15	11	1.682916
15	11	1.695592
15	11	1.70905
15	11	1.721086
15	11	1.734136
15	11	1.746091
15	11	1.75774
15	11	1.768996
15	11	1.780654
15	11	1.792962
15	11	1.804264
15	11	1.817966
15	11	1.830133
15	11	1.843619
15	11	1.860618
15	11	1.872575
15	11	1.884972
15	11	1.899356
15	11	1.921758
15	11	1.944587
15	11	1.966457
15	11	1.988509
15	11	2.011218
15	11	2.032906
15	11	2.055764
15	11	2.078172
15	11	2.101247
15	11	2.12325
15	11	2.145575
15	11	2.167113
15	11	2.190146
15	11	2.212341
15	11	2.234387
15	11	2.257785
15	11	2.279495
15	11	2.301852
15	11	2.324347
15	11	2.346605
15	11	2.368684
15	11	2.381551
15	11	2.393642
15	11	2.405588
15	11	2.418004
15	11	2.43088
15	11	2.444985
15	11	2.458116
15	11	2.47033
15	11	2.482535
15	11	2.495678
15	11	2.509001
15	11	2.521679
15	11	2.533914
15	11	2.545877
15	11	2.558273
15	11	2.57145
15	11	2.583687
15	11	2.595622
15	11	2.607994
15	11	2.620252
15	11	2.631852
15	11	2.643975
15	11	2.655678
15	11	2.667901
15	11	2.683302
15	11	2.697694
15	11	2.712698
15	11	2.725096
15	11	2.736689
15	11	2.748327
15	11	2.770253
15	11	2.793033
15	11	2.815511
15	11	2.838164
15	11	2.860641
15	11	2.88275
15	11	2.904585
15	11	2.927429
15	11	2.949834
15	11	2.972069
15	11	2.993985
15	11	3.016489
15	11	3.038867
15	11	3.060783
15	11	3.083457
15	11	3.105805
15	11	3.12867
15	11	3.150917
15	11	3.173132
15	11	3.196066
15	11	3.21807
15	11	3.239983
15	11	3.252386
15	11	3.264824
15	11	3.277624
15	11	3.289486
15	11	3.301724
15	11	3.319407
15	11	3.331533
15	11	3.343349
15	11	3.35646
15	11	3.369152
15	11	3.381096
15	11	3.393557
15	11	3.40532
15	11	3.418824
15	11	3.431193
15	11	3.443125
15	11	3.455817
16	11	3.468145
16	11	3.480396
16	11	3.493769
16	11	3.511551
16	11	3.527728
16	11	3.544302
16	11	3.556548
16	11	3.568863
16	11	3.581107
17	11	3.592938
17	11	3.608874
17	11	3.631221
17	11	3.65322
17	11	3.676062
17	11	3.698052
18	11	3.720133
18	11	3.743354
18	11	3.765084
18	11	3.787433
18	11	3.810261
19	11	3.832948
19	11	3.854553
19	11	3.877642
19	11	3.899445
19	11	3.921801
19	11	3.944249
20	11	3.966105
20	11	3.989309
20	11	4.011269
20	11	4.033044
20	11	4.054887
21	11	4.07783
21	11	4.090141
21	11	4.102478
21	11	4.119076
21	11	4.135657
21	11	4.149179
21	11	4.166459
21	11	4.182177
21	11	4.194203
22	11	4.205902
22	11	4.21878
22	11	4.234534
22	11	4.252808
22	11	4.269868
22	11	4.282259
22	11	4.294868
22	11	4.307253
23	11	4.32382
23	11	4.339288
23	11	4.353225
23	11	4.37007
23	11	4.385852
23	11	4.39826
23	11	4.410796
23	11	4.422591
23	11	4.434754
24	11	4.446719
24	11	4.468999
24	11	4.491375
24	11	4.513337
24	11	4.535697
24	11	4.558298
25	11	4.58031
25	11	4.602527
25	11	4.625871
25	11	4.647371
25	11	4.669444
26	11	4.691982
26	11	4.715831
26	11	4.736444
26	11	4.759379
26	11	4.782156
26	11	4.803411
27	11	4.826063
27	11	4.848739
27	11	4.871129
27	11	4.893348
27	11	4.915823
27	11	4.928248
27	11	4.940451
27	11	4.959257
27	11	4.975208
27	11	4.987854
27	11	5.000346
27	11	5.012429
27	11	5.024039
27	11	5.036564
27	11	5.049234
27	11	5.061615
27	11	5.074016
27	11	5.086163
27	10	5.099255
27	10	5.111869
27	10	5.125052
27	10	5.141549
27	10	5.15802
27	10	5.169644
27	10	5.182944
27	10	5.195871
27	10	5.208186
27	9	5.220391
27	9	5.234528
27	9	5.246923
27	9	5.262828
27	9	5.283906
27	9	5.306253
27	9	5.32885
27	8	5.351154
27	8	5.373878
27	8	5.396956
27	8	5.419047
27	8	5.440477
27	8	5.462934
27	8	5.485437
27	8	5.507311
27	8	5.535051
27	8	5.55471
27	8	5.576387
27	8	5.598426
27	8	5.621314
27	8	5.644102
27	8	5.666023
26	8	5.69026
26	8	5.705786
26	8	5.728537
26	8	5.745765
26	8	5.762822
26	8	5.775469
26	8	5.787757
26	8	5.800374
25	8	5.812953
25	8	5.825035
25	8	5.837923
25	8	5.854863
25	8	5.87276
25	8	5.888245
25	8	5.908592
25	8	5.92966
25	8	5.942722
25	8	5.956687
25	8	5.970498
25	8	5.98509
25	8	6.002908
25	8	6.015704
25	8	6.028933
25	8	6.041063
25	8	6.054208
25	8	6.06672
25	8	6.078915
25	8	6.090734
25	8	6.102043
25	7	6.119293
25	7	6.141887
25	7	6.164519
25	7	6.187361
25	7	6.210433
25	6	6.232551
25	6	6.255284
25	6	6.277907
25	6	6.300479
25	6	6.32242
25	6	6.345354
25	5	6.367835
25	5	6.389438
25	5	6.412217
25	5	6.434199
25	5	6.456656
25	5	6.479698
25	5	6.501503
25	5	6.524539
25	5	6.546594
25	5	6.568812
25	5	6.591293
25	5	6.602827
25	5	6.614513
26	5	6.626509
26	5	6.638362
26	5	6.651897
26	5	6.669788
26	5	6.68698
26	5	6.703687
26	5	6.71989
26	5	6.7345
27	5	6.751043
27	5	6.763952
27	5	6.777706
27	5	6.794094
27	5	6.809074
27	5	6.821379
27	5	6.833546
27	5	6.846778
27	5	6.8625
27	5	6.87894
27	5	6.890244
27	5	6.901512
27	5	6.914185
27	5	6.925866
27	5	6.937854
27	5	6.959414
27	5	6.981436
27	5	7.003922
27	5	7.026537
27	5	7.04852
27	5	7.070858
27	5	7.093451
27	4	7.115921
27	4	7.138053
27	4	7.16119
27	4	7.182474
27	4	7.205037
27	4	7.227397
27	3	7.250053
27	3	7.272317
27	3	7.294827
27	3	7.318067
27	3	7.339587
27	2	7.362155
27	2	7.384487
27	2	7.406803
27	2	7.429183
27	2	7.445775
27	2	7.458921
27	2	7.471531
27	2	7.487642
27	2	7.503487
27	2	7.516586
27	2	7.528534
27	2	7.541507
27	2	7.554649
27	2	7.567392
27	2	7.579259
27	2	7.591828
27	2	7.603705
27	2	7.615992
27	2	7.630157
27	2	7.642847
27	2	7.654541
27	2	7.666128
27	2	7.678256
26	2	7.69073
26	2	7.702775
26	2	7.716581
26	2	7.73314
26	2	7.749404
26	2	7.761636
26	2	7.774865
26	2	7.797521
25	2	7.819374
25	2	7.841798
25	2	7.864627
25	2	7.886645
25	2	7.909195
24	2	7.931964
24	2	7.954204
24	2	7.975727
24	2	7.998381
24	2	8.020766
24	2	8.042893
23	2	8.065694
23	2	8.087453
23	2	8.110184
23	2	8.132307
23	2	8.154501
22	2	8.176847
22	2	8.199287
22	2	8.22165
22	2	8.244354
22	2	8.266987
22	2	8.282816
22	3	8.298975
22	3	8.311608
22	3	8.324209
22	3	8.340089
22	3	8.356308
22	3	8.368841
22	3	8.381783
22	3	8.395688
22	3	8.409047
22	4	8.421746
22	4	8.438349
22	4	8.455391
22	4	8.471022
22	4	8.483838
22	4	8.496715
22	4	8.508839
22	4	8.521188
22	4	8.534003
22	5	8.546948
22	5	8.559053
22	5	8.572125
22	5	8.588311
22	5	8.603538
22	5	8.614791
22	5	8.634871
22	5	8.656887
22	6	8.679174
22	6	8.701899
22	6	8.724821
22	6	8.746464
22	6	8.769846
22	7	8.791321
22	7	8.813261
22	7	8.835892
22	7	8.858087
22	7	8.88168
22	7	8.903147
22	7	8.925291
22	7	8.947902
22	7	8.969861
22	7	8.992592
22	7	9.014739
22	8	9.037195
22	8	9.059106
22	8	9.082398
22	8	9.104033
22	8	9.116334
22	8	9.127401
22	8	9.140369
22	9	9.152717
22	9	9.165769
22	9	9.179649
22	9	9.197446
22	9	9.213946
22	9	9.22933
22	9	9.243567
22	9	9.257481
22	9	9.269859
22	10	9.281024
22	10	9.2946
22	10	9.308077
22	10	9.320494
22	10	9.332953
22	10	9.345221
22	10	9.357518
22	10	9.369145
22	10	9.381845
22	10	9.394901
22	11	9.407372
22	11	9.42147
22	11	9.437683
22	11	9.453361
22	11	9.466309
22	11	9.477853
22	11	9.494606
22	12	9.517884
22	12	9.5399
22	12	9.561659
22	12	9.584515
22	12	9.606828
22	12	9.62904
22	13	9.651512
22	13	9.674244
22	13	9.695877
22	13	9.718343
22	13	9.740297
22	14	9.762733
22	14	9.785385
22	14	9.807527
22	14	9.830619
22	14	9.852275
22	14	9.874674
22	15	9.897235
22	15	9.920192
22	15	9.942326
22	15	9.964923
22	15	9.977173
22	15	9.989762
22	15	10.00667
22	17	10.02238
22	17	10.03541
22	17	10.05191
22	17	10.06787
22	17	10.08153
22	17	10.09877
22	17	10.11119
22	17	10.12395
23	17	10.13624
23	17	10.14791
23	17	10.16677
23	17	10.18337
23	17	10.1947
23	17	10.20732
23	17	10.21975
23	17	10.23174
23	17	10.24558
24	17	10.25819
24	17	10.27039
24	17	10.28349
24	17	10.30066
24	17	10.31827
24	17	10.33462
24	17	10.34678
24	17	10.35921
25	17	10.3772
25	17	10.39993
25	17	10.42192
25	17	10.44413
25	17	10.4672
25	17	10.48892
26	17	10.51223
26	17	10.53391
26	17	10.55606
26	17	10.57835
26	17	10.60062
27	17	10.62304
27	17	10.64487
27	17	10.66774
27	17	10.68941
27	17	10.71198
27	17	10.73462
27	17	10.757
27	17	10.78107
27	17	10.8017
27	17	10.8242
27	17	10.83663
27	16	10.84838
27	16	10.86054
27	16	10.87385
27	16	10.89032
27	16	10.90583
27	16	10.91891
27	16	10.93125
27	16	10.94755
27	15	10.96342
27	15	10.97684
27	15	10.98986
27	15	11.00536
27	15	11.02203
27	15	11.0346
27	15	11.04683
27	15	11.05887
27	15	11.07125
27	15	11.08397
27	14	11.10174
27	14	11.11917
27	14	11.13623
27	14	11.14756
27	14	11.15916
27	14	11.18164
27	14	11.20386
27	14	11.22671
27	14	11.24912
27	14	11.27076
27	14	11.29295
27	14	11.31546
27	14	11.33798
27	14	11.36001
26	14	11.38286
26	14	11.40569
26	14	11.4274
26	14	11.45429
26	14	11.47229
26	14	11.49411
25	14	11.51683
25	14	11.53889
25	14	11.56152
25	14	11.58344
25	14	11.60582
25	14	11.62824
25	14	11.65041
25	14	11.67282
25	14	11.68499
25	14	11.69663
25	14	11.70974
25	14	11.72253
25	14	11.73454
25	14	11.74608
25	13	11.75847
25	13	11.77055
25	13	11.78397
25	13	11.80041
25	13	11.8157
25	13	11.82788
25	13	11.83945
25	13	11.85206
25	13	11.86463
25	12	11.87724
25	12	11.89336
25	12	11.91031
25	12	11.92676
25	12	11.93887
25	12	11.95156
25	12	11.96451
25	12	11.97645
25	12	11.98893
25	11	12.00101
25	11	12.0133
25	11	12.02552
25	11	12.03836
25	11	12.05522
25	11	12.07106
25	11	12.08338
25	11	12.09566
25	11	12.10717
25	11	12.11972
25	11	12.14186
25	11	12.16415
25	11	12.18625
25	11	12.20902
25	11	12.23109
25	11	12.25361
25	11	12.27628
25	12	12.29848
25	12	12.32088
25	12	12.34323
25	12	12.36584
25	12	12.3877
25	12	12.41008
25	13	12.43233
25	13	12.45472
25	13	12.47724
25	13	12.49938
25	13	12.52204
25	14	12.54415
25	14	12.56634
25	14	12.57894
25	14	12.59028
25	14	12.60284
25	14	12.61416
25	14	12.62649
25	14	12.63871
25	14	12.65102
25	14	12.66403
25	14	12.67671
25	14	12.68795
25	14	12.69984
26	14	12.71317
26	14	12.72536
26	14	12.73844
26	14	12.75573
26	14	12.76878
26	14	12.78049
26	14	12.79304
26	14	12.80572
26	14	12.82204
27	14	12.83546
27	14	12.84756
27	14	12.85945
27	14	12.87204
27	14	12.88456
27	14	12.89647
27	14	12.90862
27	14	12.92172
27	14	12.93369
27	14	12.94591
27	14	12.95904
27	14	12.97159
27	14	12.98375
27	14	12.99612
27	14	13.00779
27	14	13.02439
27	14	13.04637
27	14	13.06906
27	14	13.09151
27	14	13.11363
27	14	13.13575
27	15	13.15861
27	15	13.18053
27	15	13.20266
27	15	13.22623
27	15	13.24787
27	15	13.27028
27	16	13.29241
27	16	13.31568
27	16	13.33713
27	16	13.35994
27	16	13.38194
27	17	13.40408
27	17	13.42645
27	17	13.44924
27	17	13.47155
27	17	13.49361
27	17	13.50555
27	18	13.518
27	18	13.52991
27	18	13.54315
27	18	13.56025
27	18	13.57637
27	18	13.5888
27	18	13.60078
27	18	13.61316
27	18	13.62621
27	19	13.64275
27	19	13.65859
27	19	13.67221
27	19	13.68782
27	19	13.7046
27	19	13.71741
27	19	13.72968
27	19	13.74228
27	19	13.75379
27	20	13.76785
27	20	13.78171
27	20	13.80022
27	20	13.81643
27	20	13.82865
27	20	13.84046
27	20	13.85259
27	20	13.87368
27	20	13.89552
27	20	13.91848
27	20	13.94119
26	20	13.96266
26	20	13.98525
26	20	14.00802
26	20	14.02997
26	20	14.05264
26	20	14.0748
25	20	14.09775
25	20	14.11999
25	20	14.14186
25	20	14.16404
25	20	14.18731
25	20	14.20833
25	20	14.23064
25	20	14.25339
25	20	14.27522
25	20	14.29799
25	20	14.31117
25	20	14.32285
25	20	14.33547
25	20	14.34808
25	20	14.36037
25	20	14.37283
25	20	14.38579
25	20	14.39845
25	20	14.41117
25	20	14.42281
25	20	14.43575
25	20	14.44794
25	20	14.4601
25	20	14.47252
25	21	14.48477
25	21	14.49731
25	21	14.51036
25	21	14.52705
25	21	14.54267
25	21	14.55527
25	21	14.56737
25	21	14.5836
25	21	14.59973
25	22	14.61292
25	22	14.62468
25	22	14.63826
25	22	14.65432
25	22	14.67065
25	22	14.68275
25	22	14.69979
25	22	14.72244
25	23	14.74445
25	23	14.76694
25	23	14.7893
25	23	14.81157
25	23	14.83386
25	23	14.85645
25	23	14.87882
25	23	14.9007
24	23	14.92329
24	23	14.94566
24	23	14.96795
24	23	14.98996
24	23	15.01226
24	23	15.03531
23	23	15.05726
23	23	15.07999
23	23	15.10218
23	23	15.12438
23	23	15.1467
22	23	15.16883
22	23	15.19248
22	23	15.20987
22	23	15.22865
22	23	15.24115
22	23	15.25363
22	23	15.26505
22	23	15.27736
22	23	15.28929
22	23	15.30223
22	23	15.31456
22	23	15.32644
22	23	15.33847
22	23	15.351
22	23	15.3675
22	23	15.38323
22	23	15.39539
22	23	15.40843
22	23	15.42618
22	23	15.43851
22	23	15.45129
22	23	15.46357
22	23	15.47576
22	23	15.48866
22	23	15.50037
22	23	15.51285
22	23	15.52467
22	23	15.53601
22	23	15.54852
22	22	15.57098
22	22	15.593
22	22	15.61585
22	22	15.63832
22	22	15.66022
22	22	15.68313
22	21	15.70576
22	21	15.72756
22	21	15.75015
22	21	15.77231
22	21	15.79485
22	20	15.81691
22	20	15.83966
22	20	15.8616
22	20	15.8842
22	20	15.90661
22	19	15.92902
22	19	15.95131
22	19	15.97352
22	19	15.99632
22	19	16.01814
22	19	16.03788
22	18	16.05206
22	18	16.06579
22	18	16.07976
22	18	16.09769
22	18	16.11549
22	18	16.12912
22	18	16.14217
22	18	16.15447
22	18	16.17053
22	17	16.18618
22	17	16.19819
22	17	16.21019
22	17	16.22271
22	17	16.2361
22	17	16.24814
22	17	16.2603
22	17	16.27226
22	17	16.28485
22	18	16.29627
22	18	16.30823
22	18	16.32121
22	18	16.33335
22	18	16.34629
22	18	16.35815
22	18	16.36917
22	18	16.38637
22	18	16.40896
22	19	16.43103
22	19	16.45336
22	19	16.47611
22	19	16.49839
22	19	16.52052
22	20	16.54282
22	20	16.56562
22	20	16.58828
22	20	16.61014
22	20	16.63325
22	20	16.65556
22	21	16.67689
22	21	16.69904
22	21	16.72186
22	21	16.74469
22	21	16.76661
22	22	16.78933
22	22	16.81158
22	22	16.83357
22	22	16.8562
22	22	16.87096
22	22	16.88432
22	22	16.89624
22	23	16.90903
22	23	16.92064
22	23	16.93234
22	23	16.94703
22	23	16.96018
22	23	16.97223
22	23	16.98437
22	23	16.9963
22	23	17.00806
22	23	17.01994
22	24	17.03185
22	24	17.0433
22	24	17.05738
22	24	17.07351
22	24	17.08991
22	24	17.10131
22	24	17.11705
22	24	17.13268
22	24	17.14548
22	25	17.15777
22	25	17.16928
22	25	17.18159
22	25	17.19724
22	25	17.21271
22	25	17.22558
22	25	17.23754
22	25	17.25871
22	26	17.28025
22	26	17.30239
22	26	17.32495
22	26	17.3474
22	26	17.36905
22	26	17.39222
22	27	17.41524
22	27	17.4373
22	27	17.45937
22	27	17.48156
22	27	17.5042
22	28	17.52647
22	28	17.54854
22	28	17.57152
22	28	17.59338
22	28	17.61563
22	28	17.63803
22	29	17.66051
22	29	17.68241
22	29	17.70521
22	29	17.72207
22	29	17.74131
22	29	17.75914
22	30	17.77169
22	30	17.78426
22	30	17.79684
22	30	17.81334
22	30	17.82845
22	30	17.84103
22	30	17.8534
22	30	17.86555
22	30	17.87768
23	30	17.89558
23	30	17.91205
23	30	17.92861
23	30	17.94251
23	30	17.95568
23	30	17.968
23	30	17.97996
23	30	17.9923
23	30	18.00459
24	30	18.01712
24	30	18.02927
24	30	18.04693
24	30	18.06279
24	30	18.07513
24	30	18.0954
24	30	18.11804
25	30	18.1407
25	30	18.16278
25	30	18.18595
25	30	18.20787
25	30	18.23053
26	30	18.25186
26	30	18.2742
26	30	18.2966
26	30	18.3187
26	30	18.34192
26	30	18.3636
27	30	18.38613
27	30	18.40856
27	30	18.43086
27	30	18.45329
27	30	18.47576
27	30	18.49828
27	30	18.52013
27	30	18.54311
27	30	18.55477
27	30	18.56717
27	30	18.5794
27	30	18.59131
27	30	18.60218
27	30	18.61409
27	30	18.62665
27	30	18.63777
27	29	18.65076
27	29	18.66369
27	29	18.67761
27	29	18.69354
27	29	18.71052
27	29	18.72306
27	29	18.73493
27	29	18.74761
27	29	18.75999
27	28	18.77221
27	28	18.78436
27	28	18.79733
27	28	18.81469
27	28	18.83144
27	28	18.84796
27	28	18.86145
27	28	18.87336
27	27	18.88886
27	27	18.90409
27	27	18.9174
27	27	18.93321
27	27	18.94861
27	27	18.967
27	27	18.98994
27	26	19.01201
27	26	19.03387
27	26	19.05649
27	26	19.07843
27	26	19.10061
27	26	19.12355
27	25	19.14551
27	25	19.16789
27	25	19.1905
27	25	19.21245
27	25	19.23539
27	24	19.25812
27	24	19.28041
27	24	19.30238
27	24	19.32483
27	24	19.34714
27	24	19.36912
27	23	19.39158
27	23	19.41375
27	23	19.43016
27	23	19.44889
27	23	19.46483
27	23	19.47754
27	23	19.49508
26	23	19.5077
26	23	19.52067
26	23	19.53649
26	23	19.55324
26	23	19.56536
26	23	19.57774
26	23	19.58989
26	23	19.6072
25	23	19.62241
25	23	19.63432
25	23	19.64671
25	23	19.65904
25	23	19.67054
25	23	19.68373
25	23	19.69537
25	23	19.70793
25	23	19.72071
25	23	19.73221
24	23	19.745
24	23	19.75752
24	23	19.7689
24	23	19.78241
24	23	19.80416
24	23	19.82649
24	23	19.84877
23	23	19.87152
23	23	19.89381
23	23	19.91637
23	23	19.93877
23	23	19.96107
23	23	19.98352
22	23	20.00629
22	23	20.02842
22	23	20.05054
22	23	20.07311
22	23	20.09538
22	24	20.11739
22	24	20.13947
22	24	20.16204
22	24	20.18423
22	24	20.20696
22	25	20.22971
22	25	20.25148
22	25	20.26279
22	25	20.27434
22	25	20.28805
22	25	20.29956
22	25	20.31127
22	25	20.32371
22	25	20.33558
22	25	20.34822
22	26	20.36009
22	26	20.37288
22	26	20.38555
22	26	20.39891
22	26	20.41097
22	26	20.42313
22	26	20.435
22	26	20.44703
22	26	20.45968
22	26	20.47132
23	26	20.48355
23	26	20.49547
23	26	20.50849
23	26	20.52651
23	26	20.54603
23	26	20.56323
23	26	20.57857
23	26	20.59147
24	26	20.60319
24	26	20.61573
24	26	20.6284
24	26	20.64435
24	26	20.66036
24	26	20.67187
24	26	20.68712
24	26	20.71052
25	26	20.73188
25	26	20.75382
25	26	20.776
25	26	20.79849
25	26	20.82072
26	26	20.84319
26	26	20.86588
26	26	20.88778
26	26	20.91139
26	26	20.93281
26	26	20.95498
27	26	20.97741
27	26	21.00018
27	26	21.02225
27	26	21.0443
27	26	21.06651
26	26	21.08871
26	26	21.11179
26	26	21.13386
26	26	21.14592
26	26	21.15669
26	26	21.16862
26	26	21.18027
26	26	21.19273
26	26	21.2038
25	26	21.21712
25	26	21.22953
25	26	21.24352
25	26	21.25548
25	26	21.26809
25	26	21.28
25	26	21.29399
25	26	21.3054
25	26	21.31816
24	26	21.3305
24	26	21.34293
24	26	21.35497
24	26	21.36757
24	26	21.37925
24	26	21.39203
24	26	21.40409
24	26	21.4162
24	26	21.4277
24	26	21.44058
23	26	21.45236
23	26	21.46521
23	26	21.47729
23	26	21.48953
23	26	21.50097
23	26	21.51382
23	26	21.5254
23	26	21.53727
23	26	21.54904
23	26	21.56163
22	26	21.58096
22	26	21.60306
22	26	21.62545
22	26	21.64801
22	26	21.66973
22	26	21.69245
21	26	21.71552
21	26	21.7373
21	26	21.75957
21	26	21.78209
21	26	21.80492
20	26	21.82665
20	26	21.849
20	26	21.87165
20	26	21.89376
20	26	21.91592
20	26	21.93814
19	26	21.96041
19	26	21.98263
19	26	22.00515
19	26	22.02759
19	26	22.0499
18	26	22.06269
18	26	22.07426
18	26	22.08747
18	26	22.10326
18	26	22.12113
18	26	22.14338
18	26	22.16
18	26	22.17137
18	26	22.18389
17	26	22.19617
17	26	22.2092
17	26	22.22646
17	26	22.24405
17	26	22.25648
17	26	22.26822
17	26	22.28205
17	26	22.29988
16	26	22.31815
16	26	22.33193
16	26	22.34781
16	26	22.3647
16	26	22.37749
16	26	22.38973
16	26	22.40291
16	26	22.41461
16	27	22.42984
16	27	22.45235
16	27	22.47404
16	27	22.49598
16	27	22.51933
16	27	22.54831
16	28	22.5636
16	28	22.58553
16	28	22.60877
16	28	22.63031
16	28	22.65278
16	29	22.67516
16	29	22.6977
16	29	22.72003
16	29	22.7427
16	29	22.76566
16	29	22.78696
16	30	22.80933
16	30	22.8315
16	30	22.85422
16	30	22.87632
16	30	22.89875
16	30	22.91072
17	30	22.92247
17	30	22.94367
17	30	22.96296
17	30	22.98012
17	30	22.99216
17	30	23.00288
17	30	23.01611
17	30	23.02844
18	30	23.04054
18	30	23.05254
18	30	23.06545
18	30	23.08278
18	30	23.10049
18	30	23.11691
18	30	23.12899
18	30	23.14108
18	30	23.15295
19	30	23.16506
19	30	23.17709
19	30	23.19014
19	30	23.2068
19	30	23.22418
19	30	23.2371
19	30	23.25373
19	30	23.26946
20	30	23.28963
20	30	23.31256
20	30	23.33461
20	30	23.35691
20	30	23.37983
20	30	23.40256
21	30	23.42349
21	30	23.44662
21	30	23.46842
21	30	23.49094
21	30	23.51276
22	30	23.53533
22	30	23.55793
22	30	23.57963
22	30	23.60227
22	30	23.62471
22	30	23.64725
23	30	23.6694
23	30	23.69165
23	30	23.71441
23	30	23.73654
23	30	23.75881
23	30	23.77028
24	30	23.78327
24	30	23.79542
24	30	23.80676
24	30	23.81901
24	30	23.83139
24	30	23.84466
24	30	23.85705
24	30	23.86929
24	30	23.88252
24	30	23.89492
25	30	23.90814
25	30	23.92255
25	30	23.93524
25	30	23.94861
25	30	23.96075
25	30	23.9725
25	30	23.98473
25	30	23.99742
25	30	24.01048
26	30	24.02297
26	30	24.03458
26	30	24.04743
26	30	24.05938
26	30	24.07138
26	30	24.08387
26	30	24.09653
26	30	24.10885
26	30	24.12085
26	30	24.13331
27	30	24.14487
27	30	24.15729
27	30	24.16907
27	30	24.18184
27	30	24.19389
27	30	24.20593
27	30	24.22821
27	30	24.2503
27	30	24.27294
27	30	24.29518
27	30	24.31777
27	30	24.34005
27	30	24.36205
27	30	24.38363
27	30	24.40589
27	30	24.42868
27	30	24.45079
27	30	24.47341
27	30	24.49662
27	30	24.51828
27	30	24.54062
27	30	24.56291
27	29	24.58512
27	29	24.60743
27	29	24.6304
27	29	24.65267
27	29	24.67454
27	29	24.68768
27	29	24.69905
27	28	24.71275
27	28	24.72437
27	28	24.73776
27	28	24.75091
27	28	24.76272
27	28	24.77575
27	28	24.78832
27	28	24.80462
27	28	24.81655
27	28	24.82859
27	27	24.84023
27	27	24.85349
27	27	24.86686
27	27	24.87954
27	27	24.89154
27	27	24.90371
27	27	24.91584
27	27	24.92782
27	27	24.93979
27	26	24.95179
27	26	24.96689
27	26	24.98241
27	26	24.99485
27	26	25.00767
27	26	25.02041
27	26	25.03221
27	26	25.04406
27	26	25.05546
27	25	25.07637
27	25	25.09867
27	25	25.12122
27	25	25.14339
27	25	25.16595
27	25	25.18799
27	24	25.21127
27	24	25.23298
27	24	25.25549
27	24	25.2788
27	24	25.30039
27	23	25.3224
27	23	25.34537
27	23	25.367
27	23	25.38932
27	23	25.41211
27	23	25.43451
26	23	25.45656
26	23	25.47906
26	23	25.50121
26	23	25.52345
26	23	25.54628
26	23	25.56154
25	23	25.57273
25	23	25.58565
25	23	25.59787
25	23	25.60929
25	23	25.62175
25	23	25.63342
25	23	25.64567
25	23	25.65801
25	23	25.67027
25	23	25.68244
24	23	25.69497
24	23	25.70748
24	23	25.72127
24	23	25.73355
24	23	25.74572
24	23	25.75787
24	23	25.77028
24	23	25.78251
24	23	25.79519
23	23	25.80791
23	23	25.82133
23	23	25.83367
23	23	25.84583
23	23	25.85796
23	23	25.87021
23	23	25.88286
23	23	25.89474
23	23	25.90805
23	23	25.92041
22	23	25.93262
22	23	25.94416
22	23	25.95685
22	23	25.96924
22	23	25.9816
22	23	26.00338
22	23	26.02614
22	23	26.04802
22	22	26.07117
22	22	26.09301
22	22	26.11561
22	22	26.13808
22	22	26.16043
22	21	26.1833
22	21	26.20486
22	21	26.22778
22	21	26.24937
22	21	26.27102
22	21	26.2934
22	20	26.31627
22	20	26.33893
22	20	26.36123
22	20	26.3841
22	20	26.40611
22	19	26.42817
22	19	26.45033
22	19	26.46328
22	19	26.47576
22	19	26.48789
22	19	26.50053
22	19	26.51286
22	19	26.52568
22	19	26.53884
22	18	26.55105
22	18	26.56368
22	18	26.57693
22	18	26.58915
22	18	26.60243
22	18	26.61846
22	18	26.63104
22	18	26.64223
22	18	26.65504
22	17	26.66691
22	17	26.67893
22	17	26.69154
22	17	26.70397
22	17	26.7174
22	17	26.72976
22	17	26.74181
22	17	26.75459
22	17	26.76682
22	17	26.77977
22	16	26.79146
22	16	26.80325
22	16	26.81664
22	16	26.82832
22	16	26.8411
22	16	26.86359
22	16	26.88574
22	15	26.90828
22	15	26.93086
22	15	26.95319
22	15	26.97562
22	15	26.99885
22	15	27.02088
22	14	27.04231
22	14	27.06486
22	14	27.08711
22	14	27.10948
22	14	27.13197
22	13	27.15438
22	13	27.17708
22	13	27.19926
22	13	27.22179
22	13	27.24347
22	13	27.266
22	12	27.2886
22	12	27.31087
22	12	27.33328
22	12	27.35497
22	12	27.36838
22	12	27.38025
22	12	27.39271
22	11	27.40573
22	11	27.41992
22	11	27.43327
22	11	27.44603
22	11	27.45755
22	11	27.47445
22	11	27.48751
22	11	27.49978
22	11	27.51221
21	11	27.52491
21	11	27.53731
21	11	27.54937
21	11	27.5607
21	11	27.57262
21	11	27.58436
21	11	27.5968
21	11	27.61021
21	11	27.62228
21	11	27.63453
20	11	27.64741
20	11	27.65924
20	11	27.67178
20	11	27.68414
20	11	27.69585
20	11	27.70954
20	11	27.72187
20	11	27.73454
20	11	27.74743
20	11	27.75964
19	11	27.77089
19	11	27.79073
19	11	27.81312
19	11	27.83508
19	11	27.85782
19	11	27.88047
18	11	27.90255
18	11	27.92517
18	11	27.948
18	11	27.96965
18	11	27.99217
17	11	28.0144
17	11	28.03644
17	11	28.05899
17	11	28.08155
17	11	28.10362
17	11	28.12622
16	11	28.14849
16	11	28.17027
16	11	28.19259
16	11	28.21574
16	11	28.23801
16	11	28.25027
15	11	28.26183
15	11	28.27326
15	11	28.28572
15	11	28.30129
15	11	28.3144
15	11	28.32677
15	11	28.34045
15	11	28.3532
15	11	28.36602
14	11	28.3776
14	11	28.39062
14	11	28.40323
14	11	28.41562
14	11	28.42716
14	11	28.44032
14	11	28.45348
14	11	28.46643
14	11	28.4796
14	11	28.49182
13	11	28.50477
13	11	28.51722
13	11	28.53078
13	11	28.54886
13	11	28.56519
13	11	28.57764
13	11	28.59118
13	11	28.60795
12	11	28.62478
12	11	28.63712
12	11	28.65101
12	11	28.67357
12	11	28.69598
12	11	28.71803
11	11	28.74045
11	11	28.76331
11	11	28.78524
11	11	28.80788
11	11	28.83033
11	11	28.8527
10	11	28.87453
10	11	28.89732
10	11	28.91992
10	11	28.94152
10	11	28.96419
10	12	28.98656
10	12	29.00816
10	12	29.03273
10	12	29.05331
10	12	29.07585
10	12	29.09819
10	13	29.11971
10	13	29.1422
10	13	29.15826
10	13	29.17445
10	13	29.18717
10	13	29.19976
10	13	29.21233
10	13	29.22652
10	14	29.24395
10	14	29.26126
10	14	29.27785
10	14	29.29086
10	14	29.30266
10	14	29.31589
10	14	29.32846
10	14	29.34198
10	15	29.35497
10	15	29.36819
10	15	29.38249
10	15	29.39904
10	15	29.41603
10	15	29.42859
10	15	29.44115
10	15	29.45495
10	15	29.46833
10	16	29.48144
10	16	29.49348
10	16	29.51082
10	16	29.53378
10	16	29.55517
10	16	29.57768
10	17	29.6002
10	17	29.62251
10	17	29.64502
10	17	29.66755
10	17	29.69058
10	17	29.71237
10	18	29.73477
10	18	29.75696
10	18	29.77957
10	18	29.80128
10	18	29.82419
10	19	29.84655
10	19	29.86804
10	19	29.89111
10	19	29.91322
10	19	29.93552
10	19	29.95826
10	20	29.98044
10	20	29.99352
10	20	30.00934
10	20	30.02764
10	20	30.04437
10	20	30.05758
10	20	30.0726
11	20	30.08546
11	20	30.09796
11	20	30.11098
11	20	30.12761
11	20	30.14909
11	20	30.16241
11	20	30.17939
11	20	30.19549
12	20	30.20742
12	20	30.22059
12	20	30.23618
12	20	30.2532
12	20	30.26962
12	20	30.28161
12	20	30.29351
12	20	30.30553
12	20	30.3188
13	20	30.33637
13	20	30.35364
13	20	30.36761
13	20	30.38396
13	20	30.39934
13	20	30.4159
13	20	30.43795
14	20	30.45981
14	20	30.48304
14	20	30.50493
14	20	30.52707
14	20	30.55017
14	20	30.57191
15	20	30.5948
15	20	30.61761
15	20	30.64016
15	20	30.66123
15	20	30.6838
16	20	30.70615
16	20	30.72818
16	20	30.75094
16	20	30.77335
16	20	30.79612
17	20	30.81811
17	20	30.84003
17	20	30.85322
17	20	30.86965
17	20	30.8866
17	20	30.89932
17	20	30.91166
17	20	30.9242
17	20	30.93665
18	20	30.95023
18	20	30.96723
18	20	30.98401
18	20	31.00029
18	20	31.01324
18	20	31.0262
18	20	31.04113
18	20	31.05723
19	20	31.06959
19	20	31.08161
19	20	31.09443
19	20	31.11137
19	20	31.12792
19	20	31.14357
19	20	31.15784
19	20	31.17026
19	20	31.1833
20	20	31.19641
20	20	31.20878
20	20	31.23106
20	20	31.25341
20	20	31.2761
20	20	31.29819
21	20	31.32053
21	20	31.34323
21	20	31.36662
21	20	31.38756
21	20	31.40987
22	20	31.43261
22	20	31.45426
22	20	31.47678
22	20	31.49928
22	20	31.52182
22	20	31.54383
21	20	31.56656
21	20	31.58905
21	20	31.61065
21	20	31.63384
21	20	31.6553
21	20	31.66693
21	20	31.67878
20	20	31.69091
20	20	31.70341
20	20	31.71544
20	20	31.72834
20	20	31.74206
20	20	31.75562
20	20	31.76848
20	20	31.7811
20	20	31.79374
20	20	31.80609
19	20	31.81903
19	20	31.83079
19	20	31.84288
19	20	31.8562
19	20	31.86821
19	20	31.88001
19	20	31.89282
19	20	31.90503
19	20	31.91765
18	20	31.92963
18	20	31.94209
18	20	31.95423
18	20	31.96715
18	20	31.97933
18	20	31.99166
18	20	32.00407
18	20	32.01582
18	20	32.02905
18	20	32.04157
17	20	32.05513
17	20	32.06836
17	20	32.09055
17	20	32.11294
17	20	32.13564
17	20	32.15806
16	20	32.18024
16	20	32.20272
16	20	32.22578
16	20	32.24772
16	20	32.26972
16	20	32.29171
15	20	32.31415
15	20	32.33636
15	20	32.35928
15	20	32.38171
15	20	32.40388
14	20	32.42604
14	20	32.44878
14	20	32.47121
14	20	32.49324
14	20	32.51615
14	20	32.539
13	20	32.55148
13	20	32.56419
13	20	32.57644
13	20	32.59047
13	20	32.60306
13	20	32.61589
13	20	32.62769
13	20	32.64041
13	20	32.65301
13	21	32.66527
13	21	32.67699
13	21	32.69093
13	21	32.70948
13	21	32.72585
13	21	32.73813
13	21	32.75024
13	21	32.76257
13	21	32.77459
13	22	32.78697
13	22	32.80296
13	22	32.81651
13	22	32.83478
13	22	32.85323
13	22	32.86983
13	22	32.88667
13	22	32.89878
13	23	32.90998
13	23	32.92905
13	23	32.95206
13	23	32.97373
13	23	32.99656
13	23	33.01965
13	23	33.04062
13	23	33.06439
13	23	33.08636
13	23	33.10789
13	23	33.1297
13	23	33.15245
13	23	33.17463
12	23	33.19668
12	23	33.21986
12	23	33.24108
12	23	33.26393
12	23	33.28671
12	23	33.30885
11	23	33.33183
11	23	33.35405
11	23	33.37625
11	23	33.39831
11	23	33.42058
11	23	33.43496
10	23	33.44816
10	23	33.46087
10	23	33.47405
10	23	33.49095
10	23	33.50749
10	23	33.52379
10	23	33.53619
10	23	33.54858
10	23	33.56076
10	23	33.57262
10	23	33.58496
10	23	33.59722
10	23	33.6096
10	23	33.62237
10	23	33.63472
10	23	33.64724
10	23	33.65891
10	24	33.67189
10	24	33.68464
10	24	33.69762
10	24	33.71528
10	24	33.73189
10	24	33.74446
10	24	33.75672
10	24	33.77827
10	25	33.80108
10	25	33.8235
10	25	33.84537
10	25	33.86782
10	25	33.89013
10	26	33.91196
10	26	33.93428
10	26	33.9573
10	26	33.97891
10	26	34.00151
10	26	34.02438
11	26	34.04632
11	26	34.06915
11	26	34.09124
11	26	34.11348
11	26	34.13555
12	26	34.15763
12	26	34.17986
12	26	34.20213
12	26	34.22478
12	26	34.24725
12	26	34.2592
12	26	34.2715
13	26	34.28748
13	26	34.30638
13	26	34.3225
13	26	34.33421
13	26	34.34724
13	26	34.36034
13	26	34.37298
13	26	34.38571
13	27	34.39804
13	27	34.41032
13	27	34.42334
13	27	34.44015
13	27	34.45639
13	27	34.46865
13	27	34.48131
13	27	34.49327
13	27	34.50682
13	28	34.51953
13	28	34.53165
13	28	34.54626
13	28	34.56459
13	28	34.58279
13	28	34.59864
13	28	34.61443
13	28	34.62653
13	29	34.64898
13	29	34.67171
13	29	34.69409
13	29	34.71605
13	29	34.73916
13	29	34.76081
13	30	34.78293
13	30	34.80892
13	30	34.8275
13	30	34.85
13	30	34.87283
13	30	34.89576
13	30	34.91757
13	30	34.93991
13	30	34.96233
13	30	34.98435
13	30	35.00695
13	30	35.02876
13	29	35.05175
13	29	35.07404
13	29	35.08734
13	29	35.10371
13	29	35.11572
13	29	35.12888
13	29	35.14236
13	29	35.15533
13	28	35.16719
13	28	35.17952
13	28	35.19143
13	28	35.20347
13	28	35.21562
13	28	35.22823
13	28	35.24178
13	28	35.25502
13	28	35.26754
13	28	35.27962
13	27	35.29223
13	27	35.30469
13	27	35.31637
13	27	35.32907
13	27	35.34106
13	27	35.3545
13	27	35.36647
13	27	35.38065
13	27	35.39278
13	27	35.40526
13	26	35.41764
13	26	35.43066
13	26	35.45312
13	26	35.47555
13	26	35.49804
13	26	35.52065
13	26	35.54293
13	26	35.56527
13	26	35.58791
13	27	35.6099
13	27	35.6324
13	27	35.6543
13	27	35.67688
13	27	35.69888
13	27	35.72154
13	28	35.74427
13	28	35.76648
13	28	35.78894
13	28	35.81133
13	28	35.83355
13	29	35.85581
13	29	35.87807
13	29	35.8904
13	29	35.9015
13	29	35.91294
13	29	35.92509
13	29	35.93582
13	29	35.9494
13	29	35.96221
13	30	35.97421
13	30	35.98764
13	30	36
13	30	36.01208
13	30	36.02484
13	30	36.03662
13	30	36.04914
13	30	36.06223
13	30	36.07455
13	30	36.08704
13	30	36.09967
13	30	36.11086
13	30	36.12416
13	30	36.13629
13	30	36.14901
13	30	36.16145
13	30	36.17333
13	30	36.18554
13	30	36.19799
13	30	36.20939
13	30	36.2228
13	30	36.23496
13	30	36.24899
13	30	36.26198
13	30	36.27559
13	30	36.29145
13	30	36.30596
13	30	36.31889
13	30	36.33265
13	30	36.34709
13	30	36.36896
13	30	36.39108
13	30	36.41367
13	30	36.43599
13	30	36.45921
13	30	36.48104
13	30	36.50331
13	30	36.52595
13	30	36.54787
12	30	36.56999
12	30	36.5931
12	30	36.61531
12	30	36.63702
12	30	36.65941
12	30	36.68192
11	30	36.70457
11	30	36.72699
11	30	36.74945
11	30	36.77247
11	30	36.78967
11	30	36.80628
10	30	36.81834
10	30	36.83146
10	30	36.84655
10	30	36.86291
10	30	36.88062
10	30	36.89285
10	30	36.90476
10	30	36.91709
9	30	36.93013
9	30	36.94719
9	30	36.96397
9	30	36.97914
9	30	36.99159
9	30	37.0038
9	30	37.01643
9	30	37.02868
9	30	37.04068
8	30	37.05333
8	30	37.0654
8	30	37.07826
8	30	37.09431
8	30	37.11111
8	30	37.13074
8	30	37.14334
8	30	37.16196
7	30	37.18423
7	30	37.20691
7	30	37.22956
7	30	37.25222
7	30	37.27411
6	30	37.29586
6	30	37.31866
6	30	37.34091
6	30	37.36361
6	30	37.38622
6	30	37.40907
5	30	37.43063
5	30	37.45328
5	30	37.47549
5	30	37.49756
5	30	37.51982
4	30	37.54226
4	30	37.5649
4	30	37.58691
4	30	37.60979
4	30	37.6319
4	30	37.64483
4	30	37.65638
3	30	37.66872
3	30	37.68048
3	30	37.6926
3	30	37.70945
3	30	37.72699
3	30	37.74434
3	30	37.75969
3	30	37.77127
3	30	37.78312
2	30	37.79527
2	30	37.80766
2	30	37.82086
2	30	37.83623
2	30	37.85342
2	30	37.86685
2	30	37.87946
2	30	37.89698
2	30	37.91289
2	30	37.92519
2	30	37.93716
2	30	37.94933
2	30	37.96117
2	29	37.97363
2	29	37.98587
2	29	38.00066
2	29	38.02306
2	29	38.04526
2	29	38.06701
2	28	38.08945
2	28	38.1118
2	28	38.13406
2	28	38.15652
2	28	38.17894
2	28	38.20154
2	27	38.22459
2	27	38.24646
2	27	38.26862
2	27	38.29078
2	27	38.313
2	26	38.33512
2	26	38.35807
2	26	38.37989
2	26	38.40218
2	26	38.42475
2	26	38.44699
3	26	38.45948
3	26	38.47057
3	26	38.48416
3	26	38.50021
3	26	38.51871
3	26	38.53695
3	26	38.5523
3	26	38.56591
4	26	38.57747
4	26	38.58955
4	26	38.60204
4	26	38.61776
4	26	38.63322
4	26	38.64636
4	26	38.65885
4	26	38.67087
4	26	38.68739
5	26	38.70422
5	26	38.7168
5	26	38.73008
5	26	38.74609
5	26	38.76183
5	26	38.77332
5	26	38.78494
5	26	38.79704
5	26	38.81558
6	26	38.83876
6	26	38.86031
6	26	38.88259
6	26	38.9046
6	26	38.92709
7	26	38.9495
7	26	38.97202
7	26	38.99498
7	26	39.01634
7	26	39.0388
7	26	39.06145
8	26	39.08284
8	26	39.10637
8	26	39.12844
8	26	39.15347
8	26	39.17331
9	26	39.19561
9	26	39.21764
9	26	39.23999
9	26	39.26223
9	26	39.28463
9	26	39.29657
10	26	39.30836
10	26	39.32391
10	26	39.3396
10	26	39.35245
10	26	39.36548
10	26	39.37833
10	26	39.39046
10	26	39.40242
10	26	39.41476
10	26	39.42735
11	26	39.43957
11	26	39.45303
11	26	39.46553
11	26	39.47858
11	26	39.49106
11	26	39.50298
11	26	39.51497
11	26	39.53275
11	26	39.54519
10	26	39.55724
10	26	39.56891
10	26	39.58171
10	26	39.59482
10	26	39.60626
10	26	39.61916
10	26	39.63339
10	26	39.64689
10	26	39.66473
9	26	39.68662
9	26	39.70915
9	26	39.73129
9	26	39.7535
9	26	39.77661
8	26	39.79813
8	26	39.8202
8	26	39.84261
8	26	39.86527
8	26	39.88749
8	26	39.91052
7	26	39.93332
7	26	39.9553
7	26	39.97739
7	26	39.99921
7	26	40.02155
6	26	40.04381
6	26	40.06605
6	26	40.08882
6	26	40.11124
6	26	40.12317
6	26	40.13486
6	26	40.14591
6	26	40.15798
5	26	40.16903
5	26	40.1808
5	26	40.19242
5	26	40.20462
5	26	40.21657
5	26	40.22957
5	26	40.2439
5	26	40.2561
5	26	40.2686
5	26	40.28085
4	26	40.29298
4	26	40.30553
4	26	40.31749
4	26	40.32921
4	26	40.34132
4	26	40.35293
4	26	40.36572
4	26	40.37925
4	26	40.39169
4	26	40.40391
3	26	40.41747
3	26	40.42951
3	26	40.44144
3	26	40.45342
3	26	40.46564
3	26	40.47721
3	26	40.48906
3	26	40.50191
3	26	40.51466
3	26	40.52727
2	26	40.53863
2	26	40.55854
2	26	40.58007
2	26	40.60229
2	26	40.62504
2	26	40.64746
2	25	40.66973
2	25	40.69272
2	25	40.71543
2	25	40.7366
2	25	40.75968
2	24	40.78196
2	24	40.80337
2	24	40.8258
2	24	40.84885
2	24	40.87041
2	24	40.89273
2	23	40.91521
2	23	40.937
2	23	40.96005
2	23	40.98265
2	23	41.00473
2	23	41.02792
2	23	41.04396
2	23	41.06048
2	23	41.07301
3	23	41.08509
3	23	41.09801
3	23	41.11025
3	23	41.12719
3	23	41.14356
3	23	41.15564
3	23	41.1732
3	23	41.1871
3	23	41.20353
4	23	41.21908
4	23	41.23308
4	23	41.24858
4	23	41.26489
4	23	41.27801
4	23	41.29018
4	23	41.30201
4	23	41.31435
4	23	41.32701
5	23	41.3398
5	23	41.35663
5	23	41.37351
5	23	41.38989
5	23	41.40218
5	23	41.41781
5	23	41.43995
6	23	41.46246
6	23	41.48438
6	23	41.50802
6	23	41.52966
6	23	41.5518
7	23	41.57453
7	23	41.59678
7	23	41.61893
7	23	41.64212
7	23	41.66416
7	23	41.68597
7	24	41.70917
7	24	41.7303
7	24	41.75294
7	24	41.77561
7	24	41.7983
7	25	41.82024
7	25	41.84217
7	25	41.86469
7	25	41.88169
7	25	41.89511
7	25	41.90743
7	25	41.91939
7	25	41.93173
7	26	41.94398
7	26	41.95679
7	26	41.96862
7	26	41.98148
7	26	41.99825
7	26	42.01417
7	26	42.02685
7	26	42.03844
7	26	42.05055
7	27	42.06237
7	27	42.07491
7	27	42.08786
7	27	42.10426
7	27	42.11985
7	27	42.13266
7	27	42.14973
7	27	42.16522
7	27	42.18152
7	28	42.19435
7	28	42.20628
7	28	42.21878
7	28	42.23605
7	28	42.25566
7	28	42.27834
7	28	42.3009
7	29	42.32254
7	29	42.34547
7	29	42.36734
7	29	42.38941
7	29	42.4123
7	30	42.43465
7	30	42.4573
7	30	42.47968
7	30	42.50126
7	30	42.52405
7	30	42.54616
8	30	42.56814
8	30	42.59074
8	30	42.6133
8	30	42.63502
8	30	42.65742
8	30	42.68012
8	30	42.70259
8	30	42.71534
8	30	42.72652
8	30	42.73815
8	30	42.75034
8	30	42.76189
8	30	42.77391
8	30	42.78597
9	30	42.798
9	30	42.80991
9	30	42.82216
9	30	42.83368
9	30	42.84634
9	30	42.85803
9	30	42.87019
9	30	42.88226
9	30	42.89438
9	30	42.90705
10	30	42.91916
10	30	42.93182
10	30	42.94294
10	30	42.9553
10	30	42.96869
10	30	42.98066
10	30	42.99281
10	30	43.00441
10	30	43.01669
10	30	43.02892
11	30	43.04075
11	30	43.0526
11	30	43.06431
11	30	43.07557
11	30	43.08842
11	30	43.09999
11	30	43.11223
11	30	43.12399
11	30	43.13619
11	30	43.14837
11	30	43.15958
12	30	43.17114
12	30	43.19552
12	30	43.21659
12	30	43.23912
12	30	43.26118
12	30	43.28332
12	30	43.30569
12	29	43.32788
12	29	43.35052
12	29	43.37288
12	29	43.39505
12	29	43.4172
12	29	43.43949
12	28	43.46183
12	28	43.48491
12	28	43.50711
12	28	43.52965
12	28	43.55243
12	27	43.57502
12	27	43.59683
12	27	43.61911
12	27	43.64117
12	27	43.66302
12	27	43.67596
12	26	43.68803
12	26	43.6997
12	26	43.71343
12	26	43.72473
12	26	43.73722
12	26	43.7497
12	26	43.76199
12	26	43.77461
12	26	43.78789
12	26	43.79972
12	27	43.81169
12	27	43.82396
12	27	43.83636
12	27	43.84791
12	27	43.86091
12	27	43.87339
12	27	43.88565
12	27	43.89674
12	27	43.90975
12	27	43.92188
12	28	43.93402
12	28	43.94641
12	28	43.95921
12	28	43.97087
12	28	43.98262
12	28	43.99397
12	28	44.00623
12	28	44.01843
12	28	44.03178
12	28	44.04407
12	29	44.05593
12	29	44.06666
12	29	44.08716
12	29	44.10957
12	29	44.13213
12	29	44.15417
12	30	44.177
12	30	44.19939
12	30	44.22247
12	30	44.24456
12	30	44.26616
12	30	44.28864
12	30	44.31097
12	30	44.33303
12	30	44.35577
12	30	44.37826
12	30	44.40041
12	30	44.4231
12	30	44.44545
12	30	44.46788
12	30	44.48994
12	30	44.51263
12	30	44.53432
12	30	44.55635
12	30	44.56829
12	30	44.57976
12	30	44.59156
12	30	44.60349
12	30	44.61568
12	30	44.62767
12	30	44.63979
12	30	44.65218
12	30	44.66492
12	30	44.6762
12	30	44.68845
12	30	44.70035
12	30	44.71323
12	29	44.72624
12	29	44.73745
12	29	44.74972
12	29	44.76146
12	29	44.77374
12	29	44.79048
12	29	44.80297
12	29	44.81402
12	29	44.82637
12	29	44.83783
12	28	44.85014
12	28	44.86242
12	28	44.87413
12	28	44.88673
12	28	44.89945
12	28	44.91027
12	28	44.92273
12	28	44.93507
12	28	44.94678
12	28	44.95934
12	27	44.97074
12	27	44.98325
12	27	44.99535
12	27	45.00757
12	27	45.01958
12	27	45.03667
12	27	45.05909
12	27	45.08105
12	26	45.10357
12	26	45.12571
12	26	45.14866
12	26	45.17072
12	26	45.19345
12	27	45.21681
12	27	45.2384
12	27	45.26135
12	27	45.28312
12	27	45.30547
12	27	45.32799
12	28	45.35023
12	28	45.37247
12	28	45.39489
12	28	45.41687
12	28	45.43894
13	28	45.4622
13	28	45.48369
13	28	45.5063
13	28	45.5217
13	28	45.53771
13	28	45.55084
13	28	45.56332
14	28	45.57559
14	28	45.58755
14	28	45.60081
14	28	45.61718
14	28	45.63366
14	28	45.6502
14	28	45.66194
14	28	45.67493
14	28	45.68801
15	28	45.72245
15	28	45.73595
15	28	45.74826
15	28	45.76072
15	28	45.77326
15	28	45.78513
15	28	45.79864
15	28	45.8103
15	28	45.82247
15	28	45.83375
15	28	45.84546
15	28	45.8579
15	28	45.8692
15	28	45.8857
15	28	45.90819
15	28	45.93114
15	28	45.95329
15	28	45.9755
15	28	45.99784
15	28	46.0202
15	28	46.0424
14	28	46.06536
14	28	46.08721
14	28	46.10893
14	28	46.13152
14	28	46.15373
14	28	46.17601
13	28	46.19848
13	28	46.22131
13	28	46.244
13	28	46.26625
13	28	46.28835
12	28	46.31078
12	28	46.33348
12	28	46.3553
12	28	46.3676
12	28	46.3787
12	28	46.39169
12	28	46.40521
12	28	46.41917
12	27	46.43475
12	27	46.45171
12	27	46.46643
12	27	46.47968
12	27	46.49324
12	27	46.50717
12	27	46.52048
12	27	46.53296
12	27	46.54498
12	26	46.55809
12	26	46.56968
12	26	46.58213
12	26	46.59382
12	26	46.6062
12	26	46.6189
12	26	46.63086
12	26	46.64316
12	26	46.65684
12	26	46.66904
12	26	46.68194
12	26	46.69343
12	26	46.70663
12	26	46.71948
12	26	46.73239
12	26	46.74643
12	26	46.76779
12	26	46.79043
12	26	46.8131
12	26	46.83545
12	26	46.85817
12	26	46.88077
12	26	46.90258
12	26	46.9247
12	26	46.94738
12	26	46.9689
12	26	46.99193
12	26	47.01403
12	26	47.03672
12	26	47.05866
12	27	47.08119
12	27	47.10342
12	27	47.12581
12	27	47.14814
12	27	47.17043
12	27	47.19302
12	28	47.2149
12	28	47.22659
12	28	47.23987
12	28	47.25534
12	28	47.26969
12	28	47.2831
12	28	47.29649
12	28	47.30848
13	28	47.32051
13	28	47.33293
13	28	47.34557
13	28	47.35707
13	28	47.37043
13	28	47.38337
13	28	47.39525
13	28	47.40799
13	28	47.42176
13	28	47.4336
14	28	47.44634
14	28	47.46452
14	28	47.47658
14	28	47.4884
14	28	47.50104
14	28	47.51348
14	28	47.52499
14	28	47.53682
14	28	47.54855
14	28	47.56155
15	28	47.58397
15	28	47.60576
15	28	47.62814
15	28	47.65081
15	28	47.67266
15	28	47.69557
15	28	47.71754
15	28	47.73979
15	28	47.76192
15	28	47.78463
15	28	47.80761
15	28	47.82954
15	28	47.85238
15	27	47.87426
15	27	47.89696
15	27	47.91929
15	27	47.94135
15	27	47.96384
15	27	47.98558
15	26	48.00808
15	26	48.03067
15	26	48.04345
15	26	48.05539
15	26	48.06686
15	26	48.07959
15	26	48.09133
15	26	48.10337
15	26	48.11634
15	26	48.12778
15	26	48.14013
15	26	48.15327
15	26	48.16507
15	26	48.17682
15	26	48.18896
15	26	48.20144
15	26	48.21377
15	26	48.22747
15	26	48.23977
15	26	48.25217
15	26	48.26461
15	26	48.27618
15	26	48.28838
15	26	48.30165
15	26	48.31396
15	26	48.32603
15	26	48.33773
15	26	48.35068
15	26	48.3624
15	26	48.37499
15	26	48.38702
15	26	48.40001
15	26	48.41238
15	26	48.42452
15	26	48.43697
15	26	48.44897
15	26	48.46199
15	26	48.47786
15	26	48.4996
15	26	48.52212
15	26	48.54343
15	26	48.56655
15	26	48.58877
15	26	48.61121
15	26	48.63368
15	26	48.65615
15	26	48.67876
15	26	48.70231
15	26	48.72361
15	26	48.74625
15	26	48.76781
15	26	48.79063
15	26	48.81238
15	26	48.83502
15	26	48.85722
15	26	48.87967
15	26	48.90242
15	26	48.92427
15	26	48.94669
15	26	48.95915
15	26	48.97324
15	26	48.98764
15	26	49.00199
15	26	49.01601
15	26	49.03021
15	26	49.04552
15	26	49.05816
15	26	49.07024
15	26	49.08474
15	26	49.09797
15	26	49.11118
15	26	49.12503
15	26	49.13861
15	26	49.15115
15	26	49.16337
15	26	49.17564
15	26	49.18785
15	26	49.20008
15	26	49.21249
15	26	49.22504
15	26	49.23956
15	26	49.25204
15	26	49.2653
15	26	49.28189
15	26	49.29277
15	26	49.31471
15	26	49.33684
15	26	49.35938
15	26	49.38305
15	26	49.40446
15	26	49.42642
15	26	49.44907
15	26	49.47092
15	26	49.49329
15	26	49.51587
15	26	49.53928
15	26	49.56103
15	26	49.58301
15	26	49.60513
17	26	49.62768
17	26	49.64983
17	26	49.67218
17	26	49.69479
17	26	49.71714
17	26	49.73923
18	26	49.76169
18	26	49.77351
18	26	49.78602
18	26	49.79766
18	26	49.8097
18	26	49.82229
18	26	49.83448
18	26	49.84649
18	26	49.85859
19	26	49.87115
19	26	49.8835
19	26	49.89517
19	26	49.90699
19	26	49.91905
19	26	49.93083
19	26	49.94262
19	26	49.95477
19	26	49.96617
19	26	49.97824
20	26	49.99013
20	26	50.00299
20	26	50.01675
20	26	50.02803
20	26	50.04073
20	26	50.05385
20	26	50.06623
20	26	50.07811
20	26	50.09529
21	26	50.10707
21	26	50.11926
21	26	50.13163
21	26	50.14361
21	26	50.1567
21	26	50.16867
21	26	50.18146
21	26	50.19346
21	26	50.20573
21	26	50.21835
22	26	50.23017
22	26	50.24339
22	26	50.26463
22	26	50.28701
22	26	50.30975
22	26	50.33118
22	25	50.35403
22	25	50.37645
22	25	50.39853
22	25	50.42083
22	25	50.44257
22	25	50.46551
22	24	50.48768
22	24	50.50987
22	24	50.53264
22	24	50.5551
22	24	50.57715
22	23	50.59954
22	23	50.62244
22	23	50.64425
22	23	50.6666
22	23	50.68834
22	23	50.71109
22	22	50.73329
22	22	50.75565
22	22	50.76764
22	22	50.77884
22	22	50.79092
22	22	50.80262
22	22	50.81448
22	22	50.82634
22	22	50.83728
22	21	50.84946
22	21	50.86108
22	21	50.87313
22	21	50.88543
22	21	50.89734
22	21	50.90849
22	21	50.92079
22	21	50.93262
22	21	50.94457
22	21	50.95648
22	20	50.96857
22	20	50.98053
22	20	50.99216
22	20	51.00449
22	20	51.01631
22	20	51.02782
22	20	51.0399
22	20	51.05218
22	20	51.06403
22	20	51.07661
21	20	51.08907
21	20	51.10208
21	20	51.11483
21	20	51.12649
21	20	51.13872
21	20	51.15076
21	20	51.16186
21	20	51.17476
21	20	51.1871
21	20	51.19896
20	20	51.21077
20	20	51.22299
20	20	51.237
20	20	51.2481
20	20	51.26917
20	20	51.29258
20	20	51.31443
19	20	51.33673
19	20	51.35898
19	20	51.38099
19	20	51.40386
19	20	51.42576
19	20	51.44835
18	20	51.47067
18	20	51.4931
18	20	51.51564
18	20	51.53804
18	20	51.56094
17	20	51.5827
17	20	51.60519
17	20	51.62711
17	20	51.64943
17	20	51.67138
17	20	51.6943
16	20	51.71712
16	20	51.73933
16	20	51.76168
16	20	51.77603
16	20	51.79017
16	20	51.80466
16	21	51.81904
16	21	51.83351
16	21	51.84744
16	21	51.86651
16	21	51.88591
16	21	51.90494
16	21	51.923
16	21	51.93711
16	22	51.95169
16	22	51.96704
16	22	51.98476
16	22	52.00155
16	22	52.01434
16	22	52.02662
16	22	52.03971
16	22	52.05604
16	23	52.07295
16	23	52.08453
16	23	52.09644
16	23	52.11266
16	23	52.12914
16	23	52.14139
16	23	52.15242
16	23	52.17435
16	23	52.19735
16	23	52.21978
17	23	52.24168
17	23	52.26392
17	23	52.28645
17	23	52.30865
17	23	52.33106
17	23	52.35334
18	23	52.3751
18	23	52.39795
18	23	52.42022
18	23	52.44256
18	23	52.46518
19	23	52.48699
19	23	52.5102
19	23	52.53216
19	23	52.55429
19	23	52.57648
19	23	52.59916
19	23	52.62173
19	23	52.63373
19	24	52.64648
19	24	52.65836
19	24	52.67161
19	24	52.68786
19	24	52.70658
19	24	52.71897
19	24	52.73184
19	24	52.74588
19	24	52.75839
19	25	52.76991
19	25	52.78651
19	25	52.79878
19	25	52.8152
19	25	52.8311
19	25	52.84812
19	25	52.86411
19	25	52.87565
19	26	52.88768
19	26	52.89976
19	26	52.91234
19	26	52.92463
19	26	52.93761
19	26	52.95074
19	26	52.96199
19	26	52.97395
19	26	52.98675
19	26	52.99797
19	25	53.01273
19	25	53.03489
19	25	53.05708
19	25	53.07959
19	25	53.10176
19	25	53.12374
19	24	53.14587
19	24	53.16838
19	24	53.19059
19	24	53.21306
19	24	53.23566
19	23	53.25804
19	23	53.28023
19	23	53.30302
19	23	53.32618
19	23	53.34737
19	23	53.36955
19	23	53.39192
19	23	53.41426
19	23	53.43674
18	23	53.45904
18	23	53.4812
18	23	53.4938
18	23	53.50523
18	23	53.5182
18	23	53.53086
18	23	53.54295
18	23	53.55532
18	23	53.56692
17	23	53.57869
17	23	53.59125
17	23	53.60297
17	23	53.61537
17	23	53.62685
17	23	53.63889
17	23	53.65179
17	23	53.66383
17	23	53.67573
17	23	53.68806
16	23	53.70039
16	23	53.71428
16	23	53.72639
16	23	53.73859
16	23	53.75045
16	23	53.76252
16	23	53.77511
16	23	53.78695
16	23	53.7991
16	23	53.81158
16	23	53.82394
16	23	53.83614
16	23	53.84788
16	23	53.86139
16	22	53.8743
16	22	53.88713
16	22	53.89941
16	22	53.91249
16	22	53.92834
16	22	53.95009
16	22	53.9726
16	21	53.99489
16	21	54.01738
16	21	54.03995
16	21	54.0622
16	21	54.08555
16	20	54.10723
16	20	54.1294
16	20	54.15178
16	20	54.17364
16	20	54.19627
16	20	54.21811
17	20	54.2407
17	20	54.26269
17	20	54.28485
17	20	54.30773
17	20	54.33044
18	20	54.35257
18	20	54.37493
18	20	54.39788
18	20	54.41174
18	20	54.42426
18	20	54.43654
18	20	54.44929
18	20	54.46246
19	20	54.47472
19	20	54.48728
19	20	54.49842
19	20	54.51052
19	20	54.52298
19	20	54.53549
19	20	54.54832
19	20	54.56025
19	20	54.57252
19	20	54.58547
20	20	54.59946
20	20	54.61147
20	20	54.62418
20	20	54.63648
20	20	54.64865
20	20	54.66068
20	20	54.67355
20	20	54.68774
20	20	54.69965
20	20	54.7127
21	20	54.72518
21	20	54.73699
21	20	54.74894
21	20	54.76544
21	20	54.78806
21	20	54.81129
21	20	54.83279
22	20	54.85552
22	20	54.87738
22	20	54.89945
22	20	54.92202
22	20	54.94421
22	20	54.9664
22	20	54.98873
22	20	55.01184
22	20	55.03333
22	20	55.05586
22	20	55.07935
22	20	55.10146
22	20	55.12376
22	20	55.14583
22	20	55.16821
22	20	55.19073
22	20	55.21238
22	20	55.23526
22	20	55.2487
22	20	55.26081
22	20	55.27319
22	20	55.28548
22	20	55.29761
22	20	55.30949
22	20	55.32257
22	20	55.33482
22	20	55.34771
22	20	55.36568
22	20	55.37774
22	20	55.38987
22	20	55.40145
22	20	55.41951
22	20	55.43236
22	20	55.44492
22	20	55.45697
22	20	55.46939
22	20	55.4822
22	20	55.49448
22	19	55.50666
22	19	55.52032
22	19	55.5351
22	19	55.54858
22	19	55.56103
22	19	55.57241
22	19	55.585
22	19	55.59827
22	19	55.60963
22	18	55.62215
22	18	55.63351
22	18	55.64811
22	18	55.67023
22	18	55.69265
22	18	55.71473
22	18	55.73706
22	17	55.75918
22	17	55.78174
22	17	55.80504
22	17	55.82663
22	17	55.84903
22	16	55.87151
22	16	55.89397
22	16	55.91655
22	16	55.93856
22	16	55.96191
22	16	55.98341
22	15	56.00559
22	15	56.02807
22	15	56.05003
22	15	56.07253
22	15	56.0948
22	14	56.11763
22	14	56.12935
22	14	56.14067
22	14	56.15342
22	14	56.166
22	14	56.17757
22	14	56.19054
22	14	56.20281
22	14	56.21531
22	14	56.22851
22	13	56.24149
22	13	56.25384
22	13	56.26572
22	13	56.27794
22	13	56.28963
22	13	56.30146
22	13	56.31351
22	13	56.32744
22	13	56.34039
22	12	56.35267
22	12	56.36544
22	12	56.3779
22	12	56.38982
22	12	56.40145
22	12	56.41344
22	12	56.42574
22	12	56.43801
22	12	56.44995
22	12	56.4623
22	11	56.47458
22	11	56.48708
22	11	56.49856
22	11	56.51942
22	11	56.54203
22	11	56.56454
22	11	56.58677
21	11	56.61464
21	11	56.63273
21	11	56.65517
21	11	56.6769
21	11	56.70024
20	11	56.72273
20	11	56.74525
20	11	56.76121
20	11	56.78353
20	11	56.80574
20	11	56.82838
19	11	56.85015
19	11	56.87306
19	11	56.89513
19	11	56.91745
19	11	56.94051
19	12	56.96243
19	12	56.98505
19	12	56.99836
19	12	57.01415
19	12	57.03082
19	12	57.04305
19	12	57.05524
19	12	57.06659
19	12	57.07891
19	13	57.09186
19	13	57.10801
19	13	57.1251
19	13	57.14062
19	13	57.15199
19	13	57.16333
19	13	57.17614
19	13	57.18769
19	13	57.20012
19	14	57.2128
19	14	57.22593
19	14	57.23905
19	14	57.25599
19	14	57.27315
19	14	57.28984
19	14	57.30128
19	14	57.31327
19	14	57.32538
18	14	57.3371
18	14	57.35653
18	14	57.38064
18	14	57.40139
18	14	57.42483
18	14	57.44654
17	14	57.46869
17	14	57.49145
17	14	57.51415
17	14	57.53579
17	14	57.55807
16	14	57.58103
16	14	57.60272
16	14	57.62524
16	14	57.64759
16	14	57.66976
16	14	57.69233
15	14	57.71466
15	14	57.73731
15	14	57.75954
15	14	57.7817
15	14	57.80471
14	14	57.82675
14	14	57.839
14	14	57.85175
14	14	57.86766
14	14	57.88378
14	14	57.8956
14	14	57.91226
14	14	57.92748
14	14	57.93961
13	14	57.95164
13	14	57.96513
13	14	57.98067
13	14	57.99626
13	14	58.00943
13	14	58.02088
13	14	58.03255
13	14	58.044
13	14	58.05664
12	14	58.07764
12	14	58.09365
12	14	58.10998
12	14	58.12259
12	14	58.13461
12	14	58.14685
12	14	58.15916
12	14	58.17099
12	14	58.18334
11	14	58.19501
11	14	58.21813
11	14	58.23992
11	14	58.26155
11	14	58.28403
11	14	58.30648
12	14	58.32843
12	14	58.35141
12	14	58.37451
12	14	58.39594
12	14	58.41825
13	14	58.44128
13	14	58.46349
13	14	58.48583
13	14	58.5079
13	14	58.53071
14	14	58.55221
14	14	58.57484
14	14	58.59748
14	14	58.61969
14	14	58.64216
14	14	58.66414
15	14	58.67643
15	14	58.6876
15	14	58.6987
15	14	58.71159
15	14	58.72309
15	14	58.73487
15	14	58.74704
15	14	58.75951
15	14	58.77093
15	14	58.78315
16	14	58.79565
16	14	58.80748
16	14	58.81926
16	14	58.83224
16	14	58.84481
16	14	58.85782
16	14	58.86953
16	14	58.88231
16	14	58.89713
16	14	58.90931
17	14	58.92228
17	14	58.93409
17	14	58.94601
17	14	58.95892
17	14	58.96992
17	14	58.98184
17	14	58.99385
17	14	59.00595
17	14	59.01783
17	14	59.03004
18	14	59.04139
18	14	59.05389
18	14	59.06604
18	14	59.07768
18	14	59.08937
18	14	59.1008
18	14	59.12207
18	14	59.1443
19	14	59.16663
19	14	59.18902
19	14	59.21106
19	14	59.23359
19	14	59.25626
19	14	59.2784
19	15	59.30111
19	15	59.32406
19	15	59.34591
19	15	59.36806
19	15	59.39181
19	16	59.41286
19	16	59.43489
19	16	59.45716
19	16	59.48027
19	16	59.50132
19	16	59.52403
19	17	59.54657
19	17	59.56858
19	17	59.59168
19	17	59.60803
19	17	59.62066
19	17	59.63365
19	17	59.65068
19	18	59.6665
19	18	59.67912
19	18	59.69577
19	18	59.71267
19	18	59.72453
19	18	59.73669
19	18	59.75034
19	18	59.7621
19	19	59.77469
19	19	59.78755
19	19	59.8051
19	19	59.82069
19	19	59.83292
19	19	59.84489
19	19	59.85698
19	19	59.8689
19	19	59.88119
19	19	59.89423
19	20	59.90567
19	20	59.9179
19	20	59.93015
19	20	59.94193
19	20	59.9597
19	20	59.98161
19	20	60.00418
20	20	60.0267
20	20	60.04922
20	20	60.0715
20	20	60.09423
20	20	60.11563
20	20	60.13801
21	20	60.1604
21	20	60.18313
21	20	60.20555
21	20	60.22865
21	20	60.25083
22	20	60.27287
22	20	60.29485
22	20	60.31686
22	20	60.33921
22	20	60.36137
22	20	60.38371
22	20	60.40628
22	20	60.42844
22	20	60.43989
22	20	60.45129
22	20	60.46257
22	20	60.47314
22	20	60.48438
22	20	60.4962
22	20	60.50834
22	20	60.5195
22	20	60.53343
22	20	60.54628
22	20	60.5597
22	20	60.57203
22	20	60.584
22	20	60.59683
22	20	60.61126
22	20	60.62357
22	20	60.63591
22	20	60.64764
22	20	60.65952
22	20	60.6712
22	20	60.68321
22	20	60.70026
22	20	60.71413
22	20	60.72837
22	20	60.74026
22	20	60.75261
22	20	60.76508
22	20	60.77668
22	20	60.78798
22	20	60.79987
22	20	60.8122
22	20	60.82431
22	20	60.83585
22	20	60.84782
22	20	60.85961
22	20	60.87154
22	20	60.88313
22	19	60.89788
22	19	60.91977
22	19	60.94264
22	19	60.96442
22	19	60.98685
22	18	61.00926
22	18	61.03182
22	18	61.05383
22	18	61.07627
22	18	61.09936
22	18	61.12178
22	17	61.14379
22	17	61.16623
22	17	61.18871
22	17	61.21106
22	17	61.23304
22	16	61.25502
22	16	61.27753
22	16	61.29974
22	16	61.322
22	16	61.3447
22	16	61.36682
22	15	61.37859
22	15	61.39034
22	15	61.40148
22	15	61.41532
22	15	61.43169
22	15	61.4442
22	15	61.45535
22	15	61.46816
22	15	61.47982
22	15	61.49249
22	14	61.50427
22	14	61.51653
22	14	61.52863
22	14	61.54083
22	14	61.55331
22	14	61.56605
22	14	61.57738
22	14	61.58902
22	14	61.60168
22	14	61.61477
22	13	61.62805
22	13	61.63996
22	13	61.65232
22	13	61.66512
22	13	61.67692
22	13	61.68819
22	13	61.70005
22	13	61.71281
22	13	61.72422
22	13	61.73681
22	12	61.74813
22	12	61.75959
22	12	61.77993
22	12	61.80256
22	12	61.82507
22	12	61.84723
22	11	61.86955
22	11	61.89188
22	11	61.91436
22	11	61.93679
22	11	61.95951
22	11	61.98156
22	10	62.00361
22	10	62.02586
22	10	62.0483
22	10	62.07075
22	10	62.09322
22	9	62.11584
22	9	62.13798
22	9	62.1603
22	9	62.18277
22	9	62.20514
22	9	62.22773
22	8	62.2496
22	8	62.26204
22	8	62.27268
22	8	62.28591
22	8	62.29816
22	8	62.30954
22	8	62.32124
22	8	62.33385
22	8	62.34599
22	7	62.3577
22	7	62.37177
22	7	62.38419
22	7	62.39664
22	7	62.4093
22	7	62.42132
22	7	62.4335
22	7	62.44581
22	7	62.4578
22	7	62.46972
22	6	62.48124
22	6	62.49345
22	6	62.50496
22	6	62.51812
22	6	62.53158
22	6	62.54391
22	6	62.55599
22	6	62.56759
22	6	62.58003
22	6	62.59195
22	5	62.60342
22	5	62.61642
22	5	62.6291
22	5	62.64135
22	5	62.65393
22	5	62.66532
22	5	62.68497
22	5	62.70774
23	5	62.73017
23	5	62.75227
23	5	62.7759
23	5	62.79725
23	5	62.81975
24	5	62.84137
24	5	62.86366
24	5	62.88569
24	5	62.90828
24	5	62.93127
24	5	62.95286
25	5	62.97554
25	5	62.99826
25	5	63.02027
25	5	63.04252
25	5	63.06497
26	5	63.08757
26	5	63.10996
26	5	63.13178
26	5	63.15417
26	5	63.16644
26	5	63.17727
26	5	63.18774
26	5	63.19953
27	5	63.21089
27	5	63.2229
27	5	63.23533
27	5	63.24829
27	5	63.25992
27	5	63.27198
27	5	63.28446
27	5	63.30186
27	5	63.31441
27	5	63.32604
26	5	63.33826
26	5	63.35021
26	5	63.36203
26	5	63.37494
26	5	63.38737
26	5	63.39959
26	5	63.41093
26	5	63.42234
26	5	63.43491
25	5	63.45163
25	5	63.46428
25	5	63.47508
25	5	63.48726
25	5	63.49923
25	5	63.51059
25	5	63.52201
25	5	63.53363
25	5	63.54566
25	5	63.55825
25	5	63.56945
24	5	63.58229
24	5	63.59422
24	5	63.60695
24	5	63.61894
24	5	63.63079
24	5	63.64319
24	5	63.65541
24	5	63.66697
24	5	63.67851
24	5	63.69188
23	5	63.70372
23	5	63.71714
23	5	63.72887
23	5	63.74086
23	5	63.75299
23	5	63.76484
23	5	63.77757
23	5	63.78883
23	5	63.80014
23	5	63.81331
22	5	63.82574
22	5	63.83718
22	5	63.85728
22	5	63.88101
22	5	63.90252
22	5	63.92498
22	5	63.94812
22	5	63.96969
22	5	63.99173
22	5	64.01447
22	5	64.03718
22	5	64.05926
22	5	64.08112
22	4	64.10361
22	4	64.12543
22	4	64.14862
22	4	64.17023
22	4	64.19352
22	4	64.21557
22	3	64.23766
22	3	64.26041
22	3	64.28281
22	3	64.30438
22	3	64.32737
22	3	64.33942
22	2	64.35088
22	2	64.36234
22	2	64.37351
22	2	64.38692
22	2	64.39867
22	2	64.40969
22	2	64.42133
22	2	64.43324
22	2	64.4453
22	2	64.45647
22	2	64.46878
22	2	64.48049
22	2	64.49142
22	2	64.50874
22	2	64.52066
22	2	64.53224
22	2	64.54348
22	2	64.55476
22	2	64.56634
22	2	64.57757
22	2	64.58932
22	2	64.60145
22	2	64.61299
22	2	64.62514
22	2	64.63721
22	2	64.65031
22	2	64.66431
22	2	64.67619
21	2	64.68943
21	2	64.702
21	2	64.71536
21	2	64.73167
21	2	64.74709
21	2	64.75924
21	2	64.77092
21	2	64.78511
20	2	64.80734
20	2	64.83067
20	2	64.85228
20	2	64.8744
20	2	64.89687
20	2	64.91878
19	2	64.94155
19	2	64.96367
19	2	64.9863
19	2	65.00855
19	2	65.03067
18	2	65.0537
18	2	65.07561
18	2	65.0983
18	2	65.12051
18	2	65.1436
18	2	65.16507
17	2	65.18774
17	2	65.20956
17	2	65.23206
17	2	65.25435
17	2	65.26615
17	2	65.27707
17	2	65.28909
16	2	65.30125
16	2	65.31729
16	2	65.33401
16	2	65.35043
16	2	65.36304
16	2	65.37542
16	2	65.3882
16	2	65.40206
16	2	65.41407
15	2	65.42568
15	2	65.43741
15	2	65.45015
15	2	65.47007
15	2	65.48784
15	2	65.50414
15	2	65.51599
15	2	65.52773
15	2	65.53915
14	2	65.55132
14	2	65.56403
14	2	65.57928
14	2	65.59532
14	2	65.60635
14	2	65.61841
14	2	65.63454
14	2	65.6561
13	2	65.67825
13	2	65.70122
13	2	65.72348
13	2	65.74641
13	2	65.77306
13	3	65.79095
13	3	65.81369
13	3	65.83554
13	3	65.85738
13	3	65.88019
13	3	65.90195
13	4	65.92426
13	4	65.94703
13	4	65.96906
13	4	65.99117
13	4	66.0139
13	5	66.03577
13	5	66.0581
13	5	66.08121
13	5	66.10363
13	5	66.11966
13	5	66.13708
13	5	66.15038
13	5	66.16313
13	5	66.17741
13	5	66.19061
13	5	66.20206
13	5	66.21375
13	5	66.22633
13	5	66.23833
13	5	66.25079
13	5	66.26376
13	5	66.27545
13	5	66.28763
13	5	66.29922
13	5	66.31062
13	5	66.32249
13	5	66.33474
13	5	66.34663
13	5	66.35809
13	5	66.36945
13	5	66.38176
13	5	66.39431
13	5	66.40599
13	5	66.4185
13	5	66.42988
13	5	66.44851
13	5	66.47069
13	5	66.49361
13	5	66.51608
13	5	66.53848
13	5	66.56094
13	5	66.5837
13	5	66.60562
13	5	66.62856
13	5	66.65097
13	5	66.67353
13	5	66.69559
13	5	66.7178
13	5	66.74036
13	5	66.76212
13	5	66.78481
12	5	66.80779
12	5	66.82893
12	5	66.85187
12	5	66.87405
12	5	66.89766
12	5	66.91912
11	5	66.93674
11	5	66.95065
11	5	66.96357
11	5	66.9794
11	5	66.99628
11	5	67.008
11	5	67.02032
11	5	67.03341
11	5	67.04507
10	5	67.05801
10	5	67.07554
10	5	67.09213
10	5	67.108
10	5	67.12027
10	5	67.13273
10	5	67.15004
10	5	67.16157
10	5	67.17367
10	5	67.18574
10	5	67.19789
10	5	67.21034
10	5	67.22803
10	5	67.24418
10	5	67.25626
10	5	67.2682
10	5	67.28715
10	5	67.3091
10	5	67.33183
10	6	67.35399
10	6	67.37724
10	6	67.39915
10	6	67.42166
10	6	67.44341
10	6	67.46594
10	7	67.48916
10	7	67.51028
10	7	67.53358
10	7	67.55554
10	7	67.57704
10	8	67.5999
10	8	67.6222
10	8	67.64471
10	8	67.66755
10	8	67.69099
10	8	67.71172
11	8	67.73436
11	8	67.75593
11	8	67.77827
11	8	67.79456
11	8	67.80725
11	8	67.81956
11	8	67.8327
12	8	67.8448
12	8	67.86234
12	8	67.88093
12	8	67.89723
12	8	67.90979
12	8	67.922
12	8	67.93378
12	8	67.94517
12	8	67.95708
13	8	67.9695
13	8	67.98154
13	8	67.99409
13	8	68.01148
13	8	68.02817
13	8	68.04415
13	8	68.05674
13	8	68.06829
13	8	68.08161
13	8	68.09363
13	8	68.10527
13	8	68.11702
13	8	68.12876
13	9	68.14036
13	9	68.15822
13	9	68.18168
13	9	68.20283
13	9	68.22569
13	9	68.2476
13	10	68.26957
13	10	68.29207
13	10	68.31482
13	10	68.3377
13	10	68.35938
13	10	68.38203
13	11	68.40428
13	11	68.42631
13	11	68.44881
13	11	68.47134
13	11	68.4934
13	11	68.51583
13	11	68.5379
13	11	68.55975
13	11	68.58276
13	11	68.60487
13	11	68.62701
13	11	68.6382
13	11	68.65036
13	11	68.66051
13	11	68.67208
13	11	68.68317
13	11	68.69493
13	11	68.70821
13	11	68.72055
13	11	68.73304
14	11	68.74542
14	11	68.75739
14	11	68.76994
14	11	68.78382
14	11	68.79665
14	11	68.80875
14	11	68.82111
14	11	68.83381
14	11	68.84583
14	11	68.85746
15	11	68.8703
15	11	68.88287
15	11	68.8945
15	11	68.90611
15	11	68.91792
15	11	68.92986
15	11	68.94143
15	11	68.95348
15	11	68.96614
15	11	68.97775
16	11	68.99069
16	11	69.0029
16	11	69.01569
16	11	69.0268
16	11	69.03902
16	11	69.05186
16	11	69.06557
16	11	69.07648
16	11	69.08778
17	11	69.10793
17	11	69.13047
17	11	69.15265
17	11	69.17505
17	11	69.19698
17	11	69.22002
18	11	69.24195
18	11	69.26426
18	11	69.28668
18	11	69.30878
18	11	69.33122
19	11	69.35365
19	11	69.37559
19	11	69.39827
19	11	69.42016
19	11	69.4436
19	11	69.46535
20	11	69.48772
20	11	69.51122
20	11	69.53244
20	11	69.55411
20	11	69.57655
20	11	69.58984
21	11	69.60167
21	11	69.61425
21	11	69.62571
21	11	69.63764
21	11	69.64976
21	11	69.66235
21	11	69.67508
21	11	69.68822
21	11	69.69984
21	11	69.71246
22	11	69.72431
22	11	69.73636
22	11	69.74855
22	11	69.76528
22	11	69.77791
22	11	69.79008
22	11	69.80172
22	11	69.81439
22	11	69.8258
22	11	69.83791
22	10	69.8495
22	10	69.86207
22	10	69.87547
22	10	69.88834
22	10	69.89981
22	10	69.91171
22	10	69.92479
22	10	69.93721
22	10	69.9493
22	10	69.9615
22	9	69.97405
22	9	69.98605
22	9	69.99805
22	9	70.00881
22	9	70.02067
22	9	70.0349
22	9	70.05701
22	9	70.07986
22	8	70.10152
22	8	70.12423
22	8	70.14645
22	8	70.1689
22	8	70.19135
22	7	70.2133
22	7	70.23679
22	7	70.25791
22	7	70.28049
22	7	70.30268
22	7	70.32507
22	6	70.34789
22	6	70.37022
22	6	70.39274
22	6	70.41449
22	6	70.4371
22	5	70.45898
22	5	70.48186
22	5	70.50375
22	5	70.51491
22	5	70.52653
22	5	70.53796
22	5	70.5494
22	5	70.56148
22	4	70.57397
22	4	70.58597
22	4	70.5976
22	4	70.60918
22	4	70.62184
22	4	70.63393
22	4	70.64517
22	4	70.65744
22	4	70.66953
22	4	70.68224
22	4	70.69363
22	3	70.70737
22	3	70.72236
22	3	70.73471
22	3	70.746
22	3	70.75781
22	3	70.77036
22	3	70.78233
22	3	70.79365
22	3	70.80526
22	2	70.81791
22	2	70.83045
22	2	70.84185
22	2	70.85344
22	2	70.86613
22	2	70.87812
22	2	70.88982
22	2	70.90208
22	2	70.91349
22	2	70.92538
22	2	70.93727
22	2	70.95346
22	2	70.96645
22	2	70.97664
22	2	70.98812
21	2	71.00643
21	2	71.02907
21	2	71.05159
21	2	71.07324
21	2	71.09558
20	2	71.118
20	2	71.1403
20	2	71.16285
20	2	71.18595
20	2	71.20775
20	2	71.23074
19	2	71.25245
19	2	71.27479
19	2	71.29733
19	2	71.31931
19	2	71.34267
18	2	71.36382
18	2	71.38602
18	2	71.40849
18	2	71.43052
18	2	71.45271
18	2	71.47505
17	2	71.48851
17	2	71.5013
17	2	71.51263
17	2	71.52499
17	2	71.5379
17	2	71.55325
17	2	71.56564
17	2	71.57832
17	2	71.58992
17	2	71.60192
16	2	71.6133
16	2	71.62545
16	2	71.63737
16	2	71.6498
16	2	71.66209
16	2	71.67366
16	2	71.68587
16	2	71.69798
16	2	71.71163
16	2	71.72432
16	3	71.73734
16	3	71.74985
16	3	71.76223
16	3	71.7791
16	3	71.79542
16	3	71.80808
16	3	71.8204
16	3	71.8366
16	4	71.85218
16	4	71.86474
16	4	71.87839
16	4	71.8999
16	4	71.923
16	4	71.94511
16	4	71.96787
16	5	71.9903
16	5	72.01186
16	5	72.03435
16	5	72.0566
16	5	72.07944
16	5	72.10162
17	5	72.12382
17	5	72.14645
17	5	72.16879
17	5	72.19064
17	5	72.21317
17	5	72.23599
18	5	72.25744
18	5	72.28011
18	5	72.30337
18	5	72.32475
18	5	72.34081
18	5	72.35822
19	5	72.37021
19	5	72.38248
19	5	72.39491
19	5	72.41198
19	5	72.42797
19	5	72.43961
19	5	72.45383
19	5	72.46996
19	5	72.48523
19	5	72.49712
19	5	72.50922
19	5	72.52123
19	5	72.5336
19	5	72.54501
19	5	72.55836
19	6	72.57017
19	6	72.58294
19	6	72.59707
19	6	72.61472
19	6	72.63114
19	6	72.6491
19	6	72.66048
19	6	72.67247
19	6	72.68315
19	7	72.70468
19	7	72.72704
19	7	72.74975
19	7	72.77231
19	7	72.79379
19	8	72.81608
19	8	72.83852
19	8	72.86093
19	8	72.88342
19	8	72.90623
19	8	72.92799
19	8	72.95017
18	8	72.9724
18	8	72.99449
18	8	73.01704
18	8	73.03947
18	8	73.06207
17	8	73.08487
17	8	73.10662
17	8	73.1283
17	8	73.14431
17	8	73.15685
17	8	73.16885
17	8	73.18174
17	8	73.19403
17	8	73.2057
16	8	73.21834
16	8	73.23125
16	8	73.24985
16	8	73.26717
16	8	73.28374
16	8	73.29459
16	8	73.30591
16	8	73.31726
16	8	73.33073
16	8	73.34364
16	8	73.35614
16	8	73.36806
16	8	73.37989
16	8	73.39171
16	8	73.40383
16	8	73.41507
16	8	73.42686
16	8	73.43967
16	8	73.4527
16	8	73.46491
16	8	73.47707
16	8	73.48923
16	8	73.50116
16	8	73.51317
16	8	73.52515
16	8	73.54224
16	8	73.5662
16	8	73.58784
17	8	73.60947
17	8	73.63138
17	8	73.65416
17	8	73.67599
17	8	73.6987
17	8	73.72173
18	8	73.74378
18	8	73.76557
18	8	73.78803
18	8	73.81062
18	8	73.83199
19	8	73.85463
19	8	73.87739
19	8	73.89904
19	8	73.92211
19	8	73.9442
19	8	73.96642
20	8	73.98858
20	8	74.01104
20	8	74.02675
20	8	74.04387
20	8	74.06031
20	8	74.07665
20	8	74.08928
21	8	74.10065
21	8	74.11362
21	8	74.12607
21	8	74.14192
21	8	74.15746
21	8	74.16972
21	8	74.18167
21	8	74.19349
21	8	74.20588
22	8	74.22252
22	8	74.23993
22	8	74.25214
22	8	74.26414
22	8	74.27538
22	8	74.2882
22	8	74.29962
22	8	74.31231
22	8	74.32593
22	8	74.33845
22	9	74.35014
22	9	74.36877
22	9	74.3911
22	9	74.41277
22	9	74.43522
22	9	74.45785
22	10	74.48031
22	10	74.5029
22	10	74.52528
22	10	74.54747
22	10	74.56975
22	9	74.5918
22	9	74.6148
22	9	74.63697
22	9	74.65857
22	9	74.68151
22	9	74.70399
22	8	74.72591
22	8	74.7485
22	8	74.77124
22	8	74.79337
22	8	74.81549
22	7	74.83788
22	7	74.85069
22	7	74.86388
22	7	74.87585
22	7	74.88802
22	7	74.90034
22	7	74.91271
22	7	74.92467
22	7	74.93642
22	7	74.94841
22	6	74.95992
22	6	74.9715
22	6	74.98741
22	6	74.99876
22	6	75.01088
22	6	75.02265
22	6	75.03377
22	6	75.04517
22	6	75.05729
22	6	75.06925
22	5	75.08115
22	5	75.09318
22	5	75.10577
22	5	75.11739
22	5	75.12904
22	5	75.1414
22	5	75.15367
22	5	75.16524
22	5	75.1783
22	5	75.19047
22	4	75.20206
22	4	75.21453
22	4	75.2274
22	4	75.24017
22	4	75.25256
22	4	75.2635
22	4	75.28468
22	4	75.30744
22	3	75.32954
22	3	75.35167
22	3	75.37355
22	3	75.39573
22	3	75.41866
22	2	75.44099
22	2	75.46402
22	2	75.48606
22	2	75.50873
22	2	75.53084
22	2	75.55341
22	2	75.57555
21	2	75.59723
21	2	75.6197
21	2	75.64156
21	2	75.66406
21	2	75.68653
21	2	75.70907
20	2	75.73135
20	2	75.75422
20	2	75.7662
20	2	75.78013
20	2	75.79224
20	2	75.80383
20	2	75.81554
20	2	75.82747
20	2	75.83884
19	2	75.85115
19	2	75.86338
19	2	75.87547
19	2	75.88776
19	2	75.90009
19	2	75.91207
19	2	75.92435
19	2	75.93623
19	2	75.94792
19	2	75.95955
18	2	75.97184
18	2	75.98345
18	2	75.99559
18	2	76.00789
18	2	76.01962
18	2	76.03146
18	2	76.04373
18	2	76.05643
18	2	76.06795
18	2	76.08028
17	2	76.09228
17	2	76.10368
17	2	76.11584
17	2	76.12772
17	2	76.14009
17	2	76.15228
17	2	76.16368
17	2	76.1757
17	2	76.19197
17	2	76.20316
16	2	76.21435
16	2	76.23337
16	2	76.25633
16	2	76.27808
16	2	76.30043
16	2	76.32285
16	3	76.34554
16	3	76.36757
16	3	76.39037
16	3	76.41311
16	3	76.43508
16	4	76.4577
16	4	76.47998
16	4	76.50205
16	4	76.52452
16	4	76.54675
16	4	76.56902
16	5	76.59178
16	5	76.61376
16	5	76.63605
16	5	76.65826
16	5	76.68083
16	5	76.692
17	5	76.70393
17	5	76.71699
17	5	76.7294
17	5	76.74304
17	5	76.75701
17	5	76.76942
17	5	76.78484
17	5	76.79926
17	5	76.81408
18	5	76.82786
18	5	76.84145
18	5	76.85518
18	5	76.86838
18	5	76.88025
18	5	76.89075
18	5	76.9024
18	5	76.91436
18	5	76.92638
18	5	76.93847
19	5	76.95049
19	5	76.96189
19	5	76.97355
19	5	76.98613
19	5	76.99809
19	5	77.00958
19	5	77.02135
19	5	77.03436
19	5	77.04642
19	5	77.05826
19	5	77.06971
19	5	77.08095
19	5	77.0942
19	5	77.1161
19	5	77.13823
19	6	77.16068
19	6	77.18351
19	6	77.2062
19	6	77.22782
19	6	77.25082
19	6	77.27304
19	7	77.29565
19	7	77.31704
19	7	77.34032
19	7	77.36274
19	7	77.38482
19	8	77.40728
19	8	77.42924
19	8	77.45187
19	8	77.47394
19	8	77.4963
19	8	77.51849
19	8	77.54071
18	8	77.56359
18	8	77.58541
18	8	77.60874
18	8	77.63254
18	8	77.64483
18	8	77.65702
18	8	77.66918
18	8	77.68111
17	8	77.69343
17	8	77.70614
17	8	77.71835
17	8	77.73138
17	8	77.74313
17	8	77.75524
17	8	77.76728
17	8	77.77963
17	8	77.79202
17	8	77.80453
16	8	77.81674
16	8	77.82928
16	8	77.84107
16	8	77.85238
16	8	77.86528
16	8	77.87671
16	8	77.88875
16	8	77.90057
16	8	77.91284
16	8	77.92471
16	8	77.93646
16	8	77.95359
16	8	77.97619
16	8	77.99915
16	8	78.02111
16	9	78.04353
16	9	78.06577
16	9	78.08894
16	9	78.11089
16	9	78.13265
16	9	78.15585
16	10	78.17687
16	10	78.19928
16	10	78.22196
16	10	78.24426
16	10	78.26698
16	11	78.28934
16	11	78.31191
16	11	78.33414
16	11	78.35648
16	11	78.37868
16	11	78.40048
16	11	78.42345
16	11	78.43521
16	11	78.44652
16	11	78.45842
16	11	78.47069
16	11	78.48302
16	11	78.49557
16	11	78.50758
16	11	78.51922
16	11	78.53144
16	11	78.54407
16	11	78.55654
16	11	78.56822
16	11	78.5806
16	11	78.59246
16	11	78.6051
15	11	78.61694
15	11	78.62946
15	11	78.64133
15	11	78.65314
15	11	78.66496
15	11	78.6769
15	11	78.69028
15	11	78.70282
15	11	78.71501
15	11	78.72747
14	11	78.73946
14	11	78.75085
14	11	78.76267
14	11	78.77512
14	11	78.78803
14	11	78.80126
14	11	78.81879
14	11	78.83113
14	11	78.84237
13	11	78.85423
13	11	78.87003
13	11	78.89206
13	11	78.91427
13	11	78.9366
13	11	78.95936
12	11	78.98155
12	11	79.00354
12	11	79.02602
12	11	79.04841
12	11	79.07058
12	11	79.09313
11	11	79.11623
11	11	79.13817
11	11	79.16029
11	11	79.18261
11	11	79.20514
10	11	79.22741
10	11	79.24957
10	11	79.27232
10	11	79.29408
10	11	79.31652
10	11	79.32819
10	11	79.33929
9	11	79.35136
9	11	79.36436
9	11	79.38007
9	11	79.39635
9	11	79.40863
9	11	79.4227
9	11	79.43866
9	11	79.45496
8	11	79.46645
8	11	79.47897
8	11	79.4911
8	11	79.50726
8	11	79.52334
8	11	79.53498
8	11	79.54652
8	11	79.55878
8	11	79.57114
8	11	79.58396
7	11	79.60006
7	11	79.61728
7	11	79.63153
7	11	79.64743
7	11	79.66174
7	11	79.67286
7	11	79.68575
6	11	79.7089
6	11	79.73042
6	11	79.7532
6	11	79.77487
6	11	79.79705
6	11	79.8191
7	11	79.84198
7	11	79.8653
7	11	79.88598
7	11	79.90936
7	11	79.93099
8	11	79.9529
8	11	79.97615
8	11	79.99819
8	11	80.02076
8	11	80.04298
8	11	80.06577
9	11	80.08781
9	11	80.11022
9	11	80.13219
9	11	80.15469
9	11	80.16656
9	11	80.17864
9	11	80.19065
10	11	80.20183
10	11	80.2139
10	11	80.2281
10	11	80.24574
10	11	80.25851
10	11	80.2699
10	11	80.28224
10	11	80.29385
10	11	80.30597
11	11	80.31819
11	11	80.33018
11	11	80.34251
11	11	80.35526
11	11	80.36709
11	11	80.37959
11	11	80.39178
11	11	80.40382
11	11	80.41673
11	11	80.42865
12	11	80.44082
12	11	80.45174
12	11	80.46386
12	11	80.47645
12	11	80.48902
12	11	80.50021
12	11	80.51243
12	11	80.53458
12	11	80.55605
13	11	80.57874
13	11	80.60143
13	11	80.6236
13	11	80.6464
13	11	80.66831
13	10	80.69111
13	10	80.71293
13	10	80.7352
13	10	80.75739
13	10	80.77982
13	10	80.80235
13	9	80.82403
13	9	80.84767
13	9	80.86947
13	9	80.89236
13	9	80.91445
13	8	80.93677
13	8	80.95919
13	8	80.98145
13	8	81.0038
13	8	81.01486
13	8	81.02596
13	8	81.03701
13	8	81.04972
13	8	81.06145
13	8	81.07288
13	8	81.08475
13	8	81.09708
13	8	81.10888
13	8	81.12105
13	8	81.13329
13	8	81.14533
12	8	81.15908
12	8	81.17137
12	8	81.18372
12	8	81.1953
12	8	81.2062
12	8	81.21841
12	8	81.23296
12	8	81.24525
12	8	81.25657
12	8	81.26839
11	8	81.28008
11	8	81.29384
11	8	81.3066
11	8	81.31867
11	8	81.33055
11	8	81.3427
11	8	81.35508
11	8	81.36684
11	8	81.3792
11	8	81.39072
10	8	81.40374
10	8	81.41543
10	8	81.42745
10	8	81.44333
10	8	81.45554
10	8	81.47253
10	8	81.49483
10	8	81.51749
10	7	81.53982
10	7	81.56209
10	7	81.58434
10	7	81.60667
10	7	81.62943
10	6	81.6511
10	6	81.6746
10	6	81.69583
10	6	81.71848
10	6	81.74047
10	5	81.76305
10	5	81.78524
10	5	81.80733
10	5	81.82992
10	5	81.8521
10	5	81.87495
11	5	81.89782
11	5	81.91971
11	5	81.94232
11	5	81.95416
11	5	81.9647
11	5	81.97735
11	5	81.9888
11	5	82.00067
11	5	82.01341
12	5	82.02645
12	5	82.03763
12	5	82.04974
12	5	82.06194
12	5	82.07404
12	5	82.08766
12	5	82.10027
12	5	82.11211
12	5	82.12469
12	5	82.13715
13	5	82.14901
13	5	82.16077
13	5	82.173
13	5	82.18509
13	5	82.19705
13	5	82.20859
13	5	82.22033
13	5	82.23455
13	5	82.2465
13	5	82.25909
13	5	82.27067
13	5	82.28304
13	5	82.29485
13	5	82.30631
13	5	82.31802
13	5	82.33063
13	5	82.3425
13	5	82.35392
13	5	82.36646
13	5	82.37873
13	4	82.39935
13	4	82.42217
13	4	82.44414
13	4	82.46652
13	4	82.48887
13	4	82.51148
13	3	82.53397
13	3	82.55647
13	3	82.57906
13	3	82.60075
13	3	82.62277
13	2	82.64507
13	2	82.66766
13	2	82.69011
13	2	82.7127
13	2	82.73495
13	2	82.75729
13	2	82.77969
13	2	82.80197
13	2	82.82413
13	2	82.8465
13	2	82.86888
13	2	82.88017
13	2	82.89178
13	2	82.90382
12	2	82.91579
12	2	82.92798
12	2	82.9405
12	2	82.95773
12	2	82.97324
12	2	82.98553
12	2	82.99764
12	2	83.00909
12	2	83.02235
11	2	83.03424
11	2	83.0469
11	2	83.06395
11	2	83.0808
11	2	83.09346
11	2	83.10516
11	2	83.11717
11	2	83.12943
11	2	83.14154
10	2	83.1532
10	2	83.16507
10	2	83.17758
10	2	83.1936
10	2	83.20948
10	2	83.22621
10	2	83.2431
10	2	83.25553
10	2	83.26981
9	2	83.29234
9	2	83.31477
9	2	83.33742
9	2	83.36031
9	2	83.38243
8	2	83.40476
8	2	83.42693
8	2	83.44948
8	2	83.47182
8	2	83.494
8	2	83.51673
7	2	83.53878
7	2	83.56089
7	2	83.58316
7	2	83.60538
7	2	83.62816
6	2	83.65071
6	2	83.67343
6	2	83.697
6	2	83.71825
6	2	83.74046
5	2	83.76255
5	2	83.77428
5	2	83.78654
5	2	83.80237
5	2	83.81898
5	2	83.83102
5	2	83.84726
5	2	83.86483
5	2	83.87747
4	2	83.88894
4	2	83.90077
4	2	83.91342
4	2	83.92912
4	2	83.94522
4	2	83.95743
4	2	83.96867
4	2	83.9812
4	2	83.99706
3	2	84.01274
3	2	84.02412
3	2	84.03651
3	2	84.05293
3	2	84.06855
3	2	84.07975
3	2	84.09141
3	2	84.10799
3	2	84.12036
2	2	84.14253
2	2	84.16466
2	2	84.18671
2	2	84.20956
2	2	84.23166
2	2	84.25387
2	2	84.27576
2	2	84.29889
2	2	84.32011
2	3	84.34256
2	3	84.36496
2	3	84.38758
2	3	84.40995
2	3	84.43243
2	3	84.45545
2	4	84.47726
2	4	84.49976
2	4	84.52182
2	4	84.54414
2	4	84.5664
2	5	84.58841
2	5	84.6011
2	5	84.61386
2	5	84.63109
2	5	84.64797
2	5	84.65974
2	5	84.67221
2	5	84.68418
2	5	84.69783
3	5	84.71061
3	5	84.72366
3	5	84.73635
3	5	84.7518
3	5	84.76798
3	5	84.7848
3	5	84.8031
3	5	84.81493
3	5	84.82709
4	5	84.83854
4	5	84.85019
4	5	84.86287
4	5	84.88076
4	5	84.89604
4	5	84.90764
4	5	84.91987
4	5	84.93619
4	5	84.95074
5	5	84.96894
5	5	84.99152
5	5	85.01328
5	5	85.03584
5	5	85.05753
6	5	85.08046
6	5	85.10204
6	5	85.12486
6	5	85.14725
6	5	85.1696
6	5	85.19212
7	5	85.21431
7	5	85.23703
7	5	85.25914
7	5	85.28156
7	5	85.30342
7	5	85.32579
7	5	85.34809
7	5	85.37053
7	5	85.39278
7	5	85.4048
7	5	85.41582
7	5	85.42807
7	4	85.44028
7	4	85.45247
7	4	85.46835
7	4	85.48453
7	4	85.50123
7	4	85.51309
7	4	85.52522
7	4	85.53692
7	4	85.54998
7	3	85.56792
7	3	85.58469
7	3	85.6005
7	3	85.6125
7	3	85.62506
7	3	85.63687
7	3	85.64857
7	3	85.66126
7	3	85.67321
7	2	85.68564
7	2	85.69816
7	2	85.71156
7	2	85.73269
7	2	85.74979
7	2	85.76158
7	2	85.7728
7	2	85.78478
7	2	85.80569
7	2	85.8281
7	2	85.85037
7	2	85.8735
7	3	85.89563
7	3	85.91837
7	3	85.94029
7	3	85.96291
7	3	85.98521
7	3	86.00704
7	4	86.02992
7	4	86.05247
7	4	86.07469
7	4	86.09756
7	4	86.11938
7	5	86.14137
7	5	86.16436
7	5	86.18659
7	5	86.20843
7	5	86.23125
7	5	86.25312
7	6	86.27586
7	6	86.28858
7	6	86.30434
7	6	86.32119
7	6	86.33345
7	6	86.34501
7	6	86.36253
7	6	86.37778
7	7	86.3894
7	7	86.40098
7	7	86.41342
7	7	86.42835
7	7	86.44514
7	7	86.45724
7	7	86.47041
7	7	86.48213
7	7	86.49426
7	7	86.50688
7	7	86.52399
7	7	86.53999
7	7	86.5563
7	7	86.56883
7	7	86.58156
7	7	86.59363
7	7	86.60547
7	7	86.61858
7	8	86.63282
7	8	86.65517
7	8	86.67757
7	8	86.69979
7	8	86.7224
7	8	86.74451
7	9	86.76726
7	9	86.7896
7	9	86.81166
7	9	86.83463
7	9	86.85621
7	10	86.87912
7	10	86.90111
7	10	86.92309
7	10	86.9459
7	10	86.96811
7	10	86.99049
7	9	87.01257
7	9	87.03507
7	9	87.05738
7	9	87.08039
7	9	87.10253
7	9	87.11483
7	8	87.12614
7	8	87.13778
7	8	87.15017
7	8	87.16122
7	8	87.17281
7	8	87.18513
7	8	87.19753
7	8	87.20898
7	8	87.22256
7	8	87.23528
7	7	87.24666
7	7	87.25851
7	7	87.27029
7	7	87.28169
7	7	87.29476
7	7	87.30646
7	7	87.3188
7	7	87.33036
7	7	87.34206
7	7	87.35358
7	6	87.36559
7	6	87.37688
7	6	87.38889
7	6	87.40179
7	6	87.41399
7	6	87.42622
7	6	87.43789
7	6	87.45096
7	6	87.46278
7	6	87.47488
7	6	87.48637
7	6	87.49844
7	6	87.50958
7	6	87.52217
7	6	87.53386
7	6	87.54503
7	6	87.55747
7	6	87.56938
7	6	87.58233
7	6	87.60445
7	5	87.62661
7	5	87.64967
7	5	87.67146
7	5	87.69394
7	5	87.7161
7	4	87.73882
7	4	87.76202
7	4	87.78398
7	4	87.80573
7	4	87.82834
7	4	87.85032
7	3	87.87263
7	3	87.8951
7	3	87.91755
7	3	87.94011
7	3	87.9623
7	2	87.98486
7	2	88.00707
7	2	88.02934
7	2	88.05184
7	2	88.06303
7	2	88.07503
7	2	88.0872
8	2	88.09921
8	2	88.1107
8	2	88.12168
8	2	88.13406
8	2	88.15046
8	2	88.16278
8	2	88.17512
8	2	88.18788
8	2	88.19935
8	2	88.21049
9	2	88.22256
9	2	88.23528
9	2	88.24835
9	2	88.26011
9	2	88.27222
9	2	88.28424
9	2	88.29588
9	2	88.30834
9	2	88.32082
9	2	88.3328
10	2	88.34521
10	2	88.35767
10	2	88.36907
10	2	88.38045
10	2	88.39178
10	2	88.40411
10	2	88.41638
10	2	88.42826
10	2	88.44006
10	2	88.45179
11	2	88.46359
11	2	88.4867
11	2	88.5086
11	2	88.53114
11	2	88.55379
11	2	88.576
12	2	88.5986
12	2	88.62051
12	2	88.64342
12	2	88.66559
12	2	88.68818
13	2	88.71034
13	2	88.73335
13	2	88.75538
13	2	88.77751
13	2	88.79942
13	2	88.82214
13	3	88.8445
13	3	88.86661
13	3	88.88941
13	3	88.91181
13	3	88.93404
13	4	88.95605
13	4	88.96732
13	4	88.97917
13	4	88.99103
13	4	89.00304
13	4	89.01425
13	4	89.02644
13	4	89.03828
13	4	89.05048
13	4	89.06261
13	5	89.07507
13	5	89.08741
13	5	89.09942
13	5	89.11073
13	5	89.12298
13	5	89.1348
13	5	89.14691
13	5	89.16073
13	5	89.17229
13	5	89.18439
13	5	89.19592
13	5	89.2085
13	5	89.22021
13	5	89.23271
13	5	89.24477
13	5	89.25662
13	5	89.26849
13	5	89.2805
13	5	89.29276
13	5	89.30435
12	5	89.33569
12	5	89.34955
12	5	89.36771
12	5	89.38013
12	5	89.39138
12	5	89.40278
12	5	89.41499
12	5	89.42596
11	5	89.44756
11	5	89.47002
11	5	89.49197
11	5	89.51488
11	5	89.53709
11	5	89.55936
10	5	89.58233
10	5	89.6041
10	5	89.62643
10	5	89.64892
10	5	89.67088
10	5	89.69347
10	6	89.71562
10	6	89.73763
10	6	89.76061
10	6	89.78474
10	6	89.80535
10	6	89.82748
10	7	89.85043
10	7	89.87242
10	7	89.89437
10	7	89.91658
10	7	89.92877
10	7	89.94008
10	8	89.95178
10	8	89.96307
10	8	89.97514
10	8	89.98637
10	8	89.99796
10	8	90.00933
10	8	90.02065
10	8	90.0325
10	8	90.04425
10	8	90.05629
10	8	90.06793
10	8	90.07908
10	8	90.09211
10	8	90.10466
10	8	90.11572
10	8	90.12812
10	8	90.13976
10	8	90.15208
10	8	90.16496
10	8	90.17766
9	8	90.18971
9	8	90.20193
9	8	90.21399
9	8	90.23214
9	8	90.24795
9	8	90.25985
9	8	90.2722
9	8	90.28378
9	8	90.29653
8	8	90.30911
8	8	90.32162
8	8	90.33955
8	8	90.35573
8	8	90.36883
8	8	90.38002
8	8	90.39201
8	8	90.40366
8	8	90.41576
8	8	90.42731
7	8	90.43886
7	8	90.45304
7	8	90.47586
7	8	90.49754
7	8	90.52006
7	8	90.54227
7	8	90.56432
7	7	90.58677
7	7	90.60939
7	7	90.63187
7	7	90.65406
7	7	90.67613
7	7	90.6988
7	6	90.72146
7	6	90.74349
7	6	90.76563
7	6	90.78896
7	6	90.81078
7	5	90.83275
7	5	90.85538
7	5	90.87724
7	5	90.89908
7	5	90.9219
7	5	90.93582
7	5	90.94804
7	4	90.95924
7	4	90.97114
7	4	90.983
7	4	90.99502
7	4	91.0071
7	4	91.01948
7	4	91.03178
7	4	91.04436
7	4	91.05751
7	4	91.06912
7	3	91.08092
7	3	91.0926
7	3	91.10468
7	3	91.11722
7	3	91.12829
7	3	91.14001
7	3	91.15138
7	3	91.16384
7	3	91.17563
7	3	91.18751
7	2	91.19868
7	2	91.21111
7	2	91.22536
7	2	91.23786
7	2	91.2497
7	2	91.26168
7	2	91.27336
7	2	91.28456
7	2	91.29617
7	2	91.30756
8	2	91.3192
8	2	91.33066
8	2	91.34637
8	2	91.36885
8	2	91.39101
8	2	91.41429
8	2	91.43613
6	2	91.45821
6	2	91.48099
6	2	91.50291
6	2	91.52522
6	2	91.54714
6	2	91.56989
6	2	91.59225
6	2	91.61429
6	2	91.63715
6	2	91.6591
6	2	91.68168
5	2	91.7044
5	2	91.72704
5	2	91.74879
5	2	91.7713
5	2	91.79333
4	2	91.81654
4	2	91.8307
4	2	91.84295
4	2	91.85509
4	2	91.86656
4	2	91.87826
4	2	91.89018
4	2	91.903
4	2	91.9151
4	2	91.92706
3	2	91.93839
3	2	91.95112
3	2	91.96745
3	2	91.9791
3	2	91.99165
3	2	92.00319
3	2	92.01499
3	2	92.02718
3	2	92.03878
3	2	92.05117
2	2	92.06345
2	2	92.07542
2	2	92.08737
2	2	92.0984
2	2	92.10957
2	2	92.12142
2	2	92.13272
2	2	92.14473
2	2	92.15652
2	2	92.16761
2	2	92.17897
2	2	92.19112
2	2	92.20252
2	2	92.21372
2	2	92.22701
2	2	92.23852
2	2	92.25175
2	2	92.27322
2	3	92.2961
2	3	92.31833
2	3	92.34061
2	3	92.36355
2	3	92.38573
2	4	92.40768
2	4	92.42992
2	4	92.45237
2	4	92.47438
2	4	92.49666
2	5	92.51963
2	5	92.54151
2	5	92.56376
2	5	92.58641
2	5	92.60906
2	5	92.63165
3	5	92.65334
3	5	92.67569
3	5	92.69838
3	5	92.72038
3	5	92.74239
4	5	92.76463
4	5	92.77582
4	5	92.78775
4	5	92.79865
4	5	92.8104
4	5	92.82324
4	5	92.83527
4	5	92.84689
4	5	92.85905
4	5	92.87079
4	5	92.8824
5	5	92.89542
5	5	92.90704
5	5	92.91905
5	5	92.9314
5	5	92.94339
5	5	92.9565
5	5	92.96988
5	5	92.98278
5	5	92.99709
6	5	93.01107
6	5	93.0238
6	5	93.03657
6	5	93.04827
6	5	93.06008
6	5	93.07173
6	5	93.0837
6	5	93.09609
6	5	93.10777
6	5	93.12048
7	5	93.13235
7	5	93.14436
7	5	93.16173
7	5	93.174
7	5	93.18643
7	5	93.1978
7	5	93.21014
7	5	93.22219
7	5	93.23437
7	6	93.25642
7	6	93.27877
7	6	93.30101
7	6	93.32411
7	6	93.34608
7	6	93.36827
7	7	93.39051
7	7	93.4129
7	7	93.43517
7	7	93.4576
7	7	93.48052
7	8	93.50267
7	8	93.52481
7	8	93.54699
7	8	93.56962
7	8	93.59152
7	8	93.6137
7	8	93.63734
7	8	93.65829
7	8	93.68119
7	8	93.70374
7	8	93.71616
7	8	93.72689
7	8	93.73825
7	9	93.74866
7	9	93.75983
7	9	93.77135
7	9	93.783
7	9	93.79482
7	9	93.80649
7	9	93.81945
7	9	93.83065
7	9	93.84353
7	9	93.86015
7	10	93.87199
7	10	93.88362
7	10	93.89516
7	10	93.90653
7	10	93.91769
7	10	93.92937
7	10	93.94158
7	10	93.95381
7	10	93.96533
7	10	93.97798
7	11	93.98944
7	11	94.0015
7	11	94.01388
7	11	94.03016
7	11	94.04669
7	11	94.05817
7	11	94.07005
7	11	94.08122
7	11	94.09289
7	11	94.10587
7	12	94.12171
7	12	94.13779
7	12	94.15285
7	12	94.17233
7	12	94.1949
7	12	94.2173
7	13	94.2396
7	13	94.26282
7	13	94.28439
7	13	94.30676
7	13	94.32867
7	14	94.35154
7	14	94.37371
7	14	94.39618
7	14	94.41898
7	14	94.44087
7	14	94.46324
7	15	94.48519
7	15	94.50785
7	15	94.52995
7	15	94.55256
7	15	94.57514
7	17	94.59731
7	17	94.61915
7	17	94.63232
7	17	94.64918
7	17	94.66427
7	17	94.67702
7	17	94.68932
7	17	94.70059
7	17	94.71293
7	18	94.72594
7	18	94.74171
7	18	94.75821
7	18	94.77401
7	18	94.78547
7	18	94.79744
7	18	94.81022
7	18	94.82278
7	18	94.83437
7	19	94.8461
7	19	94.85918
7	19	94.87171
7	19	94.88847
7	19	94.90454
7	19	94.9203
7	19	94.93185
7	19	94.94309
7	19	94.9551
7	20	94.96576
7	20	94.98866
7	20	95.01
7	20	95.03259
7	20	95.05542
7	20	95.07719
7	21	95.09901
7	21	95.12241
7	21	95.14396
7	21	95.16687
7	21	95.18912
7	22	95.21136
7	22	95.23341
7	22	95.25617
7	22	95.27843
7	22	95.30105
7	22	95.32297
7	23	95.34562
7	23	95.36838
7	23	95.39004
7	23	95.41253
7	23	95.43459
6	23	95.45731
6	23	95.46891
6	23	95.48038
6	23	95.49129
6	23	95.50211
6	23	95.51485
6	23	95.5266
6	23	95.5379
6	23	95.54856
6	23	95.56023
6	23	95.57133
5	23	95.58276
5	23	95.59406
5	23	95.60522
5	23	95.61681
5	23	95.62971
5	23	95.64224
5	23	95.65419
5	23	95.66641
5	23	95.67864
5	23	95.69095
4	23	95.70209
4	23	95.71423
4	23	95.72745
4	23	95.73929
4	23	95.75134
4	23	95.7709
4	23	95.78193
4	23	95.79316
4	23	95.80482
4	23	95.81702
4	22	95.82994
4	22	95.84235
4	22	95.8577
4	22	95.87347
4	22	95.88958
4	22	95.90248
4	22	95.91407
4	22	95.9257
4	22	95.93719
4	21	95.94904
4	21	95.96171
4	21	95.97385
4	21	95.98976
4	21	96.00666
4	21	96.02169
4	21	96.03294
4	21	96.049
4	20	96.07153
4	20	96.09355
4	20	96.1158
4	20	96.13878
4	20	96.16168
4	20	96.18338
4	20	96.20567
4	20	96.22806
4	20	96.24989
4	20	96.27261
4	20	96.29453
4	20	96.3171
4	20	96.33932
4	20	96.36182
4	20	96.38394
4	20	96.40666
4	20	96.42909
3	20	96.45127
3	20	96.47379
3	20	96.49594
3	20	96.51249
3	20	96.52832
3	20	96.53981
3	20	96.55109
3	20	96.5625
2	20	96.57504
2	20	96.58666
2	20	96.5993
2	20	96.61513
2	20	96.63062
2	20	96.64747
2	20	96.66405
2	20	96.67702
2	20	96.68896
2	20	96.70061
2	20	96.71333
2	20	96.72462
2	20	96.73579
2	20	96.74689
2	20	96.75851
2	20	96.77016
2	20	96.78151
2	20	96.79342
2	20	96.8056
2	20	96.81701
2	19	96.82929
2	19	96.84169
2	19	96.8543
2	19	96.86961
2	19	96.88753
2	19	96.90924
2	19	96.93108
2	18	96.95367
2	18	96.97565
2	18	96.99836
2	18	97.02124
2	18	97.04357
2	18	97.06586
2	17	97.08881
2	17	97.11131
2	17	97.13262
2	17	97.15519
2	17	97.17696
2	16	97.19912
2	16	97.22225
2	16	97.24395
2	16	97.26748
2	16	97.28902
2	16	97.31135
2	15	97.33344
2	15	97.3446
2	15	97.36096
2	15	97.37715
2	15	97.38979
2	15	97.40218
2	15	97.41541
2	15	97.42766
2	14	97.44299
2	14	97.45783
2	14	97.47018
2	14	97.48557
2	14	97.50221
2	14	97.51365
2	14	97.52537
2	14	97.53683
2	14	97.54843
2	14	97.56025
2	14	97.57285
2	14	97.58508
2	14	97.60132
2	14	97.61743
3	14	97.6297
3	14	97.64247
3	14	97.65831
3	14	97.67435
3	14	97.6859
3	14	97.70231
3	14	97.72453
4	14	97.74694
4	14	97.76859
4	14	97.79129
4	14	97.81388
4	14	97.83624
4	14	97.85876
4	14	97.88121
4	14	97.90554
4	13	97.9257
4	13	97.94773
4	13	97.97036
4	13	97.99258
4	13	98.01497
4	13	98.03719
4	12	98.05992
4	12	98.0819
4	12	98.10487
4	12	98.12663
4	12	98.14894
4	11	98.17125
4	11	98.19332
4	11	98.20687
4	11	98.22385
4	11	98.24245
4	11	98.25755
4	11	98.26894
4	11	98.28011
4	11	98.29267
4	11	98.30374
4	11	98.31547
4	11	98.32763
4	11	98.33887
4	11	98.35056
4	11	98.36146
4	11	98.37345
4	11	98.38525
4	11	98.40123
4	11	98.41254
4	11	98.42498
4	11	98.43579
4	11	98.44799
4	11	98.45928
4	11	98.47117
4	11	98.48321
4	11	98.49486
4	11	98.50679
4	11	98.51913
4	11	98.53111
4	11	98.54393
4	11	98.55592
4	11	98.56774
4	11	98.57906
4	11	98.59157
4	11	98.60241
5	11	98.61463
5	11	98.62683
5	11	98.63918
5	11	98.65439
5	11	98.67027
5	11	98.68271
5	11	98.69881
5	11	98.71873
6	11	98.74078
6	11	98.76249
6	11	98.78469
6	11	98.80772
6	11	98.82975
7	11	98.8533
7	11	98.87467
7	11	98.89719
7	11	98.91897
7	11	98.94183
7	11	98.9641
8	11	98.98679
8	11	99.0094
8	11	99.03184
8	11	99.05389
8	11	99.07593
7	11	99.09822
7	11	99.12054
7	11	99.14261
7	11	99.16533
7	11	99.17673
7	11	99.18775
7	11	99.19938
7	11	99.20982
6	11	99.22212
6	11	99.23463
6	11	99.24623
6	11	99.25833
6	11	99.26961
6	11	99.28078
6	11	99.29246
6	11	99.30346
6	11	99.31627
6	11	99.32949
5	11	99.34171
5	11	99.35374
5	11	99.36538
5	11	99.37778
5	11	99.3896
5	11	99.40176
5	11	99.41353
5	11	99.4252
5	11	99.43645
5	11	99.44762
5	11	99.46007
4	11	99.47163
4	11	99.4841
4	11	99.49511
4	11	99.50764
4	11	99.51987
4	11	99.53196
4	11	99.54362
4	11	99.55542
4	11	99.56754
4	11	99.58398
3	11	99.59565
3	11	99.60676
3	11	99.6191
3	11	99.63657
3	11	99.65305
3	11	99.66796
3	11	99.67985
3	11	99.69247
3	11	99.70526
2	11	99.7235
2	11	99.74586
2	11	99.76821
2	11	99.79153
2	11	99.81289
2	10	99.83518
2	10	99.85791
2	10	99.88096
2	10	99.90269
2	10	99.92597
2	10	99.9474
2	9	99.96915
2	9	99.99159
2	9	100.0145
2	9	100.0362
2	9	100.0584
2	8	100.0817
2	8	100.104
2	8	100.1261
2	8	100.148
2	8	100.1598
2	8	100.1707
2	8	100.1823
2	8	100.1938
3	8	100.2051
3	8	100.2424
3	8	100.2557
3	8	100.272
3	8	100.2887
3	8	100.3014
3	8	100.3125
4	8	100.3251
4	8	100.338
4	8	100.3508
4	8	100.366
4	8	100.3816
4	8	100.3931
4	8	100.4051
4	8	100.4183
4	8	100.4349
4	8	100.4503
4	8	100.4619
4	8	100.4736
4	8	100.4857
4	8	100.4965
4	8	100.5171
4	8	100.539
4	8	100.5614
4	8	100.5842
4	8	100.6061
4	8	100.6286
4	8	100.6507
4	8	100.6727
4	8	100.6953
4	8	100.7175
4	8	100.7401
4	8	100.7621
4	7	100.7848
4	7	100.8076
4	7	100.83
4	7	100.8522
4	7	100.8749
4	6	100.8974
4	6	100.919
4	6	100.9424
4	6	100.9639
4	6	100.9859
4	6	100.9976
4	6	101.0091
4	5	101.0204
4	5	101.0319
4	5	101.0442
4	5	101.057
4	5	101.0745
4	5	101.0902
4	5	101.1021
4	5	101.1143
4	5	101.1261
4	5	101.1368
4	5	101.1498
4	5	101.1611
4	5	101.1723
4	5	101.184
4	5	101.1955
4	5	101.2073
4	5	101.2182
4	5	101.2304
4	5	101.2422
4	5	101.2549
4	5	101.2675
4	5	101.2793
4	5	101.2907
4	5	101.3028
4	5	101.3143
4	5	101.3263
4	5	101.337
4	5	101.3491
4	5	101.3614
4	6	101.3732
4	6	101.3849
4	6	101.3981
4	6	101.4093
4	6	101.4218
4	6	101.4436
4	6	101.4659
4	7	101.4883
4	7	101.5105
4	7	101.5334
4	7	101.5554
4	7	101.5781
4	7	101.6003
4	8	101.6226
4	8	101.6446
4	8	101.6671
4	8	101.6901
4	8	101.7117
4	8	101.7346
4	8	101.7565
4	8	101.7793
4	8	101.8012
4	8	101.8233
4	8	101.8464
3	8	101.8685
3	8	101.8906
3	8	101.9026
3	8	101.9141
3	8	101.927
3	8	101.9391
3	8	101.9523
3	8	101.9677
3	8	101.9797
2	8	101.9925
2	8	102.0043
2	8	102.0165
2	8	102.0287
2	8	102.0407
2	8	102.052
2	8	102.0642
2	8	102.0762
2	8	102.0881
2	8	102.0994
2	8	102.1113
2	8	102.1231
2	8	102.1349
2	8	102.1459
2	8	102.1635
2	8	102.1749
2	8	102.1879
2	8	102.1993
2	8	102.2104
2	8	102.2225
2	8	102.2349
2	8	102.2467
2	8	102.2583
2	8	102.2702
2	9	102.2931
2	9	102.3158
2	9	102.3375
2	9	102.36
2	9	102.3827
2	10	102.405
2	10	102.4277
2	10	102.4495
2	10	102.4717
2	10	102.4941
2	10	102.5157
2	11	102.5382
2	11	102.5604
2	11	102.5829
2	11	102.6055
2	11	102.6284
3	11	102.6503
3	11	102.6723
3	11	102.6947
3	11	102.7169
3	11	102.7393
3	11	102.7618
4	11	102.7731
4	11	102.7852
4	11	102.7969
4	11	102.807
4	11	102.8194
4	11	102.8308
4	11	102.8421
4	11	102.8547
4	11	102.8662
4	11	102.8786
5	11	102.8903
5	11	102.9016
5	11	102.9145
5	11	102.927
5	11	102.9394
5	11	102.9507
5	11	102.9632
5	11	102.9752
5	11	102.9866
5	11	102.9983
6	11	103.0095
6	11	103.0213
6	11	103.0331
6	11	103.0446
6	11	103.0562
6	11	103.0677
6	11	103.0811
6	11	103.0927
6	11	103.1046
6	11	103.1176
6	11	103.1282
7	11	103.1399
7	11	103.1515
7	11	103.1636
7	11	103.1744
7	11	103.1861
7	11	103.1978
7	11	103.2093
7	11	103.221
7	11	103.235
7	11	103.2472
7	12	103.2579
7	12	103.2699
7	12	103.281
7	12	103.2931
7	12	103.305
7	12	103.3173
7	12	103.334
7	12	103.3465
7	12	103.3596
7	12	103.3714
7	13	103.3835
7	13	103.3954
7	13	103.4068
7	13	103.4179
7	13	103.4293
7	13	103.4414
7	13	103.4543
7	13	103.4763
7	14	103.499
7	14	103.522
7	14	103.5442
7	14	103.5665
7	14	103.5887
7	14	103.6112
7	15	103.6328
7	15	103.6556
7	15	103.6778
7	15	103.6999
7	15	103.7223
7	16	103.7444
7	16	103.7669
7	16	103.7896
7	16	103.8122
7	16	103.8341
7	16	103.8566
7	17	103.8793
7	17	103.9008
7	17	103.9231
7	17	103.9348
7	17	103.9463
7	17	103.9568
7	17	103.9678
7	17	103.9791
6	17	103.9942
6	17	104.0076
6	17	104.0211
6	17	104.037
6	17	104.0533
6	17	104.0695
6	17	104.0808
6	17	104.0931
6	17	104.1049
5	17	104.1162
5	17	104.1277
5	17	104.1404
5	17	104.1555
5	17	104.1702
5	17	104.1818
5	17	104.195
5	17	104.2097
5	17	104.2278
4	17	104.2393
4	17	104.2507
4	17	104.2633
4	17	104.278
4	17	104.2935
4	17	104.3052
4	17	104.3169
4	17	104.3365
3	17	104.3591
3	17	104.3814
3	17	104.4033
3	17	104.4259
3	17	104.4483
3	17	104.471
2	17	104.493
2	17	104.5162
2	17	104.5379
2	17	104.5601
2	17	104.5823
3	17	104.6047
3	17	104.6274
3	17	104.6498
3	17	104.6725
3	17	104.6948
3	17	104.7168
4	17	104.7387
4	17	104.7618
4	17	104.7839
4	17	104.8059
4	17	104.817
4	17	104.8293
5	17	104.8405
5	17	104.8523
5	17	104.8646
5	17	104.8755
5	17	104.8872
5	17	104.8989
5	17	104.9103
5	17	104.9225
5	17	104.9342
5	17	104.9458
5	17	104.9575
6	17	104.9697
6	17	104.9819
6	17	104.9936
6	17	105.005
6	17	105.0162
6	17	105.0282
6	17	105.0411
6	17	105.053
6	17	105.0648
6	17	105.0762
7	17	105.0885
7	17	105.1003
7	17	105.1133
7	17	105.1247
7	17	105.1366
7	17	105.1484
7	17	105.1596
7	17	105.1713
7	17	105.1828
7	17	105.1945
7	17	105.2061
6	18	105.218
6	18	105.2326
6	18	105.2442
6	18	105.256
6	18	105.2678
6	18	105.2791
6	18	105.2914
6	18	105.3032
6	18	105.3148
6	19	105.3307
6	19	105.3528
6	19	105.3751
6	19	105.3976
6	19	105.4202
6	19	105.4429
6	20	105.4648
6	20	105.4873
6	20	105.51
6	20	105.5321
6	20	105.5543
6	19	105.5762
6	19	105.599
6	19	105.6214
6	19	105.6434
6	19	105.6661
6	19	105.6883
6	18	105.711
6	18	105.7335
6	18	105.7559
6	18	105.778
6	18	105.8002
6	18	105.8111
6	17	105.8236
6	17	105.8348
6	17	105.8461
6	17	105.858
6	17	105.8692
6	17	105.881
6	17	105.8921
6	17	105.9037
6	17	105.9158
6	17	105.9266
6	16	105.9428
6	16	105.9556
6	16	105.9669
6	16	105.9794
6	16	105.9907
6	16	106.003
6	16	106.0226
6	16	106.034
6	16	106.0466
6	16	106.0589
6	15	106.0709
6	15	106.0838
6	15	106.095
6	15	106.1067
6	15	106.1193
6	15	106.1325
6	15	106.1448
6	15	106.1579
6	15	106.169
6	15	106.1813
6	16	106.1933
6	16	106.2046
6	16	106.2167
6	16	106.2313
6	16	106.2425
6	16	106.2545
6	16	106.2658
6	16	106.2777
6	16	106.2901
6	16	106.3022
6	17	106.3145
6	17	106.3362
6	17	106.3588
6	17	106.3815
6	17	106.4029
6	17	106.4253
6	18	106.4478
6	18	106.4699
6	18	106.4923
6	18	106.5152
6	18	106.5376
6	19	106.5595
6	19	106.582
6	19	106.6042
6	19	106.6264
6	19	106.6491
6	19	106.6713
6	20	106.6944
6	20	106.716
6	20	106.7388
6	20	106.7607
6	20	106.7831
6	20	106.7941
6	21	106.8066
6	21	106.818
6	21	106.831
6	21	106.8427
6	21	106.8555
6	21	106.8669
6	21	106.8792
6	21	106.8915
6	21	106.9034
6	21	106.9159
6	22	106.9277
6	22	106.94
6	22	106.9522
6	22	106.9642
6	22	106.9762
6	22	106.9878
6	22	106.9997
6	22	107.0112
6	22	107.0229
6	22	107.0347
6	23	107.0469
6	23	107.0586
6	23	107.0711
6	23	107.0824
6	23	107.0944
6	23	107.1058
6	23	107.1241
6	23	107.1393
6	23	107.1541
6	24	107.1681
6	24	107.1823
6	24	107.1951
6	24	107.2093
6	24	107.222
6	24	107.2412
6	24	107.2637
6	25	107.2863
6	25	107.3083
6	25	107.331
6	25	107.3529
6	25	107.3748
6	25	107.3973
6	24	107.4193
6	24	107.4418
6	24	107.4648
6	24	107.4869
6	24	107.5096
6	23	107.5319
6	23	107.554
6	23	107.5761
6	23	107.5985
6	23	107.6208
6	23	107.6489
6	22	107.6679
6	22	107.6906
6	22	107.7118
6	22	107.7245
6	22	107.738
6	22	107.7508
6	22	107.7676
6	21	107.7792
6	21	107.7918
6	21	107.805
6	21	107.8175
6	21	107.83
6	21	107.8412
6	21	107.8532
6	21	107.865
6	21	107.8768
6	21	107.8889
6	20	107.9006
6	20	107.9119
6	20	107.9241
6	20	107.9368
6	20	107.948
6	20	107.96
6	20	107.9717
6	20	107.9835
6	20	107.995
6	20	108.0067
6	19	108.0189
6	19	108.0427
6	19	108.0644
6	19	108.0871
6	19	108.1095
6	19	108.1326
6	18	108.1547
6	18	108.1772
6	18	108.1998
6	18	108.2228
6	18	108.2453
6	17	108.2676
6	17	108.2905
6	17	108.3125
6	17	108.3357
6	17	108.3579
6	17	108.3805
6	16	108.403
6	16	108.4253
6	16	108.4484
6	16	108.4701
6	16	108.4919
6	17	108.5139
6	17	108.5261
6	17	108.5369
6	17	108.5496
6	17	108.5655
6	17	108.5768
6	17	108.5895
6	17	108.6019
6	17	108.6142
6	17	108.6258
6	18	108.6363
6	18	108.6479
6	18	108.6594
6	18	108.6717
6	18	108.6842
6	18	108.6962
6	18	108.71
6	18	108.7224
6	18	108.7347
6	18	108.7457
6	19	108.758
6	19	108.7698
6	19	108.7818
6	19	108.7936
6	19	108.8063
6	19	108.8179
6	19	108.8298
6	19	108.8408
6	19	108.8528
6	19	108.8641
6	20	108.8771
6	20	108.8894
6	20	108.9008
6	20	108.9126
6	20	108.9254
6	20	108.937
6	20	108.9484
6	20	108.9612
6	20	108.9833
6	21	109.0052
6	21	109.0276
6	21	109.0507
6	21	109.0728
6	21	109.0952
6	21	109.1177
6	22	109.1398
6	22	109.1623
6	22	109.1845
6	22	109.2069
6	22	109.2293
6	23	109.2511
6	23	109.2732
6	23	109.296
6	23	109.3187
6	23	109.3412
5	23	109.3635
5	23	109.3864
5	23	109.408
5	23	109.4304
5	23	109.453
5	23	109.4751
5	23	109.4888
5	23	109.5009
5	23	109.5122
5	23	109.5246
5	23	109.5369
5	23	109.5489
5	23	109.5613
5	23	109.5747
5	23	109.587
5	23	109.5986
6	23	109.6101
6	23	109.623
6	23	109.6346
6	23	109.6469
6	23	109.6588
6	23	109.6708
6	23	109.6822
6	23	109.6949
6	23	109.7067
6	23	109.7191
6	23	109.7305
6	23	109.742
6	23	109.7546
6	23	109.787
6	23	109.8001
6	23	109.8118
6	23	109.8236
6	23	109.8351
6	23	109.8468
6	23	109.859
6	23	109.8703
6	23	109.8813
6	23	109.8992
6	23	109.9215
6	23	109.9439
6	23	109.9666
6	23	109.989
6	23	110.0117
6	23	110.0334
6	23	110.0556
6	23	110.0785
6	23	110.0999
6	22	110.1222
6	22	110.1447
6	22	110.1677
6	22	110.1896
6	22	110.2122
6	22	110.2347
6	21	110.2569
6	21	110.2787
6	21	110.302
6	21	110.3237
6	21	110.3461
6	20	110.3685
6	20	110.3801
6	20	110.3914
6	20	110.4034
6	20	110.4159
6	20	110.4277
6	20	110.4397
6	20	110.4512
6	20	110.4629
6	20	110.4752
7	20	110.4881
7	20	110.4994
7	20	110.5141
7	20	110.5313
7	20	110.5479
7	20	110.5599
7	20	110.5714
7	20	110.5833
7	20	110.5949
8	20	110.6074
8	20	110.6202
