x	y	time
15	11	0.0942761
15	11	0.1077554
15	11	0.1212114
15	11	0.1340834
15	11	0.1441909
15	11	0.1546355
15	11	0.1649829
15	11	0.1752901
15	11	0.1905033
15	11	0.2127778
15	11	0.2351343
15	11	0.2581602
15	11	0.279969
15	11	0.302414
15	11	0.3248553
15	11	0.3470684
15	11	0.3696745
15	11	0.3921059
15	11	0.4143619
15	11	0.4362749
15	11	0.4586303
15	11	0.480854
15	11	0.5030264
15	11	0.5256711
15	11	0.5477823
15	11	0.5709761
15	11	0.5929701
15	11	0.6151307
15	11	0.6375123
15	11	0.6602092
15	11	0.6825701
15	11	0.692739
15	11	0.7048899
15	11	0.715047
15	11	0.7268393
15	11	0.7376362
15	11	0.7485835
15	11	0.7598211
15	11	0.7709307
15	11	0.7816632
15	11	0.7933071
15	11	0.804687
15	11	0.8155524
15	11	0.8267903
15	11	0.8379503
15	11	0.849364
15	11	0.8603162
15	11	0.871937
15	11	0.8831366
15	11	0.8940365
15	11	0.9056666
15	11	0.9169365
15	11	0.9278759
15	11	0.9390267
15	11	0.950371
15	11	0.9609115
15	11	0.9728258
15	11	0.9835407
15	11	0.9945962
15	11	1.006083
15	11	1.017448
15	11	1.029853
15	11	1.043636
15	11	1.056519
15	11	1.068854
15	11	1.079831
15	11	1.090369
15	11	1.101282
15	11	1.1167
15	11	1.12977
15	11	1.144278
15	11	1.155688
15	11	1.168297
15	11	1.181534
15	11	1.195355
15	11	1.210436
15	11	1.222618
15	11	1.234551
15	11	1.246744
15	11	1.258915
15	11	1.270909
15	11	1.284489
15	11	1.295132
15	11	1.306026
15	11	1.317612
15	11	1.329814
15	11	1.35192
15	11	1.374009
15	11	1.396329
15	11	1.418735
15	11	1.4414
15	11	1.463648
15	11	1.485914
15	11	1.50897
15	11	1.530806
15	11	1.553236
15	11	1.575597
15	11	1.59801
15	11	1.620379
15	11	1.642493
15	11	1.665921
15	11	1.687626
15	11	1.709989
15	11	1.732307
15	11	1.754502
15	11	1.776789
15	11	1.799086
15	11	1.822066
15	11	1.832683
15	11	1.844528
15	11	1.856949
15	11	1.867702
15	11	1.878316
15	11	1.888253
15	11	1.899502
15	11	1.910489
15	11	1.921375
15	11	1.932459
15	11	1.943588
15	11	1.954825
15	11	1.965833
15	11	1.977748
15	11	1.988606
15	11	1.999983
15	11	2.011202
15	11	2.022723
15	11	2.032992
15	11	2.044471
15	11	2.055626
15	11	2.066575
15	11	2.077706
15	11	2.089108
15	11	2.100168
15	11	2.111794
15	11	2.124015
15	11	2.136461
15	11	2.148406
15	11	2.15941
15	11	2.170821
15	11	2.182882
15	11	2.194299
15	11	2.205459
15	11	2.216992
15	11	2.228102
15	11	2.240164
15	11	2.251558
15	11	2.262977
15	11	2.273818
15	11	2.284884
15	11	2.296459
15	11	2.307921
15	11	2.318824
15	11	2.330015
15	11	2.341432
15	11	2.352422
15	11	2.363412
15	11	2.374499
15	11	2.385761
15	11	2.400419
15	11	2.411494
15	11	2.422269
15	11	2.433141
15	11	2.443938
15	11	2.45434
15	11	2.465079
15	11	2.476746
15	11	2.487364
15	11	2.498299
15	11	2.509372
15	11	2.519879
15	11	2.531232
15	11	2.541704
15	11	2.552695
15	11	2.56422
15	11	2.574594
15	11	2.585275
15	11	2.595609
15	11	2.606905
15	11	2.61711
15	11	2.629063
15	11	2.639489
15	11	2.651061
15	11	2.662785
15	11	2.672884
15	11	2.683104
15	11	2.694135
15	11	2.706003
15	11	2.716956
15	11	2.727983
15	11	2.738983
15	11	2.750322
15	11	2.761568
15	11	2.77257
15	11	2.783989
15	11	2.795076
15	11	2.805993
15	11	2.817609
15	11	2.828357
15	11	2.839782
15	11	2.851244
15	11	2.863464
15	11	2.876619
15	11	2.887987
15	11	2.900366
15	11	2.912801
15	11	2.923045
15	11	2.934483
15	11	2.944822
15	11	2.955546
15	11	2.966137
15	11	2.976746
15	11	2.986797
15	11	2.997215
15	11	3.008196
15	11	3.018921
15	11	3.03084
15	11	3.043617
15	11	3.058216
15	11	3.068867
15	11	3.079031
15	11	3.090439
15	11	3.102057
15	11	3.112812
15	11	3.123413
15	11	3.133841
15	11	3.145404
15	11	3.159173
15	11	3.171901
15	11	3.183023
15	11	3.193363
15	11	3.203443
15	11	3.21411
15	11	3.225624
15	11	3.235995
15	11	3.247545
15	11	3.259102
15	11	3.269792
15	11	3.281134
15	11	3.291996
15	11	3.302768
15	11	3.313446
15	11	3.324044
15	11	3.334374
15	11	3.345334
15	11	3.355654
15	11	3.366023
15	11	3.376584
15	11	3.386691
16	11	3.403514
16	11	3.416979
16	11	3.431834
16	11	3.44643
16	11	3.457449
16	11	3.468052
16	11	3.478982
16	11	3.489643
16	11	3.500397
16	11	3.51124
17	11	3.522148
17	11	3.532846
17	11	3.547665
17	11	3.615079
17	11	3.626897
18	11	3.638403
18	11	3.649917
18	11	3.662235
18	11	3.676033
18	11	3.689431
18	11	3.703301
18	11	3.717252
18	11	3.731225
18	11	3.753437
19	11	3.775995
19	11	3.798671
19	11	3.82099
19	11	3.843606
19	11	3.864929
20	11	3.887451
20	11	3.909781
20	11	3.932206
20	11	3.955198
20	11	3.976841
20	11	3.999614
21	11	4.021319
21	11	4.043659
21	11	4.0661
21	11	4.088612
21	11	4.111431
22	11	4.133743
22	11	4.157093
22	11	4.178711
22	11	4.201075
22	11	4.212451
22	11	4.223532
22	11	4.234429
22	11	4.245726
23	11	4.256766
23	11	4.267661
23	11	4.278606
23	11	4.2928
23	11	4.306137
23	11	4.317699
23	11	4.331338
23	11	4.344289
23	11	4.355234
23	11	4.365749
24	11	4.375937
24	11	4.386836
24	11	4.398374
24	11	4.412654
24	11	4.424094
24	11	4.434062
24	11	4.442745
24	11	4.453014
24	11	4.463332
24	11	4.474338
24	11	4.487158
25	11	4.501582
25	11	4.513209
25	11	4.524985
25	11	4.538792
25	11	4.552734
25	11	4.564125
25	11	4.574821
25	11	4.585256
25	11	4.595417
25	11	4.605772
26	11	4.616232
26	11	4.628211
26	11	4.641915
26	11	4.656298
26	11	4.667575
26	11	4.678352
26	11	4.688403
26	11	4.703703
26	11	4.714004
26	11	4.726075
27	11	4.736393
27	11	4.746536
27	11	4.756178
27	11	4.767716
27	11	4.781494
27	11	4.794731
27	11	4.807621
27	11	4.819193
27	11	4.829957
27	11	4.843241
27	11	4.855614
27	10	4.868324
27	10	4.881628
27	10	4.895636
27	10	4.911095
27	10	4.925387
27	10	4.936223
27	10	4.948962
27	10	4.970957
27	9	4.99332
27	9	5.015916
27	9	5.038677
27	9	5.060792
27	9	5.083189
27	8	5.105827
27	8	5.127618
27	8	5.149848
27	8	5.171682
27	8	5.195072
27	8	5.216666
27	8	5.238698
27	8	5.261751
27	8	5.283349
27	8	5.306073
27	8	5.329144
26	8	5.350888
26	8	5.37349
26	8	5.395992
26	8	5.418736
26	8	5.440549
26	8	5.463434
25	8	5.474081
25	8	5.485867
25	8	5.497005
25	8	5.510609
25	8	5.522913
25	8	5.534341
25	8	5.544755
25	8	5.555482
25	8	5.565476
25	8	5.575291
25	8	5.589128
25	8	5.602181
25	8	5.612878
25	8	5.622551
25	8	5.632885
25	8	5.643889
25	8	5.654366
25	8	5.66804
25	8	5.678442
25	7	5.689079
25	7	5.700287
25	7	5.712929
25	7	5.726083
25	7	5.73973
25	7	5.753819
25	7	5.765028
25	7	5.774993
25	7	5.784674
25	7	5.79491
25	6	5.806457
25	6	5.819413
25	6	5.835825
25	6	5.852502
25	6	5.867455
25	6	5.879539
25	6	5.893214
25	6	5.90606
25	6	5.917276
25	5	5.927971
25	5	5.938338
25	5	5.950421
25	5	5.963578
25	5	5.982382
25	5	5.993292
25	5	6.010446
25	5	6.033135
25	5	6.055344
26	5	6.07731
26	5	6.09981
26	5	6.121377
26	5	6.143938
26	5	6.166118
26	5	6.188798
27	5	6.210872
27	5	6.233319
27	5	6.256106
27	5	6.278457
27	5	6.300364
27	5	6.322665
27	5	6.345667
27	4	6.367621
27	4	6.38982
27	4	6.412468
27	4	6.434536
27	4	6.456946
27	4	6.479375
27	3	6.50172
27	3	6.516317
27	3	6.530385
27	3	6.540496
27	3	6.550884
27	3	6.561433
27	3	6.571941
27	3	6.582395
27	3	6.593669
27	2	6.603423
27	2	6.615444
27	2	6.626513
27	2	6.639512
27	2	6.654513
27	2	6.670243
27	2	6.684735
27	2	6.695991
27	2	6.706007
27	2	6.716756
27	2	6.72751
27	2	6.737897
27	2	6.749225
27	2	6.75988
27	2	6.769629
27	2	6.779843
27	2	6.789377
27	2	6.801009
27	2	6.810998
27	2	6.822619
27	2	6.83398
27	2	6.846359
27	2	6.859189
27	2	6.872456
27	2	6.884518
27	2	6.895462
27	2	6.905802
27	2	6.916983
27	2	6.927738
27	2	6.93817
27	2	6.949476
27	2	6.960394
27	2	6.971222
27	2	6.981944
27	2	6.993398
27	2	7.004058
27	2	7.015737
26	2	7.026916
26	2	7.037725
26	2	7.049691
26	2	7.063659
26	2	7.07941
26	2	7.09218
26	2	7.103763
26	2	7.115029
26	2	7.127172
26	2	7.141764
25	2	7.156312
25	2	7.167234
25	2	7.178713
25	2	7.192448
25	2	7.206241
25	2	7.221231
25	2	7.233133
25	2	7.247394
25	2	7.261121
24	2	7.283525
24	2	7.305526
24	2	7.32809
24	2	7.350254
24	2	7.372377
23	2	7.395082
23	2	7.417118
23	2	7.439876
23	2	7.462297
23	2	7.484349
23	2	7.506732
22	2	7.529202
22	2	7.551589
22	2	7.574234
22	2	7.596574
22	2	7.618547
22	3	7.641246
22	3	7.663321
22	3	7.686302
22	3	7.708032
22	3	7.730387
22	3	7.741608
22	3	7.7535
22	4	7.768494
22	4	7.783767
22	4	7.796619
22	4	7.809672
22	4	7.823123
22	4	7.833839
22	4	7.845665
22	4	7.856609
22	4	7.867939
22	5	7.880241
22	5	7.891481
22	5	7.903673
22	5	7.919382
22	5	7.934398
22	5	7.945488
22	5	7.956328
22	5	7.967041
22	5	7.978237
22	5	7.988763
22	5	7.999715
23	5	8.010659
23	5	8.022198
23	5	8.034571
23	5	8.047909
23	5	8.062992
23	5	8.077415
23	5	8.091013
23	5	8.101902
23	5	8.113527
23	5	8.124148
24	5	8.135231
24	5	8.147589
24	5	8.158525
24	5	8.176612
24	5	8.198942
24	5	8.221835
24	5	8.244165
25	5	8.266523
25	5	8.288661
25	5	8.311499
25	5	8.333611
25	5	8.355649
26	5	8.378496
26	5	8.400155
26	5	8.422678
26	5	8.445085
26	5	8.467278
26	5	8.489924
25	5	8.512158
25	5	8.53507
25	5	8.557068
25	5	8.57973
25	5	8.60233
24	5	8.623672
24	5	8.645976
24	5	8.65729
24	5	8.669114
24	5	8.680687
24	5	8.690878
24	5	8.702114
24	5	8.718184
23	5	8.736303
23	5	8.749065
23	5	8.762319
23	5	8.774108
23	5	8.785149
23	5	8.796514
23	5	8.806184
23	5	8.817775
23	5	8.827793
23	5	8.83811
23	5	8.849381
22	5	8.859947
22	5	8.871188
22	5	8.883331
22	5	8.893614
22	5	8.904721
22	5	8.916308
22	5	8.92679
22	5	8.938658
22	5	8.949728
22	5	8.960756
22	5	8.972591
22	6	8.983906
22	6	8.99519
22	6	9.007593
22	6	9.023605
22	6	9.036623
22	6	9.047817
22	6	9.057713
22	6	9.068186
22	6	9.078445
22	6	9.090066
22	6	9.100857
22	6	9.11253
22	6	9.123776
22	6	9.135879
22	6	9.152341
22	6	9.170778
22	6	9.185175
22	6	9.199788
22	6	9.210396
22	6	9.222711
22	7	9.233512
22	7	9.248525
22	7	9.262939
22	7	9.276698
22	7	9.290284
22	7	9.301549
22	7	9.314137
22	7	9.329192
22	7	9.343748
22	8	9.360982
22	8	9.383391
22	8	9.405679
22	8	9.427935
22	8	9.450366
22	9	9.473289
22	9	9.495408
22	9	9.516971
22	9	9.539104
22	9	9.56115
22	9	9.583929
22	10	9.606059
22	10	9.628848
22	10	9.651519
22	10	9.673675
22	10	9.696513
22	11	9.718521
22	11	9.740884
22	11	9.763344
22	11	9.785685
22	11	9.80881
22	11	9.824329
22	12	9.838693
22	12	9.849401
22	12	9.860682
22	12	9.875119
22	12	9.888228
22	12	9.898221
22	12	9.908442
22	12	9.919006
22	12	9.929556
22	12	9.940639
22	12	9.951411
22	13	9.963133
22	13	9.977526
22	13	9.992154
22	13	10.01094
22	13	10.02133
22	13	10.03277
22	13	10.04418
22	13	10.0548
22	13	10.06808
22	13	10.07984
22	14	10.09262
22	14	10.10435
22	14	10.1192
22	14	10.13288
22	14	10.14638
22	14	10.15745
22	14	10.16833
22	14	10.18071
22	14	10.19255
22	15	10.20563
22	15	10.21704
22	15	10.2295
22	15	10.2442
22	15	10.25886
22	15	10.27008
22	15	10.28364
22	15	10.2988
22	15	10.32109
22	16	10.34326
22	16	10.36595
22	16	10.38834
22	16	10.41065
22	16	10.43382
23	16	10.45532
23	16	10.47812
23	16	10.50045
23	16	10.52244
23	16	10.54488
23	16	10.56728
24	16	10.58978
24	16	10.61163
24	16	10.63449
24	16	10.65671
24	16	10.67922
25	16	10.70163
25	16	10.72438
25	16	10.74684
25	16	10.76051
25	16	10.77333
25	16	10.78598
25	16	10.8008
26	16	10.8136
26	16	10.82528
26	16	10.83677
26	16	10.85049
26	16	10.86437
26	16	10.87485
26	16	10.88533
26	16	10.89607
26	16	10.90989
26	16	10.92535
27	16	10.943
27	16	10.95619
27	16	10.96893
27	16	10.98299
27	16	10.99646
27	16	11.0071
27	16	11.01784
27	16	11.03
27	16	11.04091
27	16	11.05324
27	15	11.06457
27	15	11.07849
27	15	11.0929
27	15	11.10631
27	15	11.11634
27	15	11.13675
27	15	11.1591
27	14	11.18158
27	14	11.20404
27	14	11.22667
27	14	11.24891
27	14	11.27152
27	14	11.29328
27	13	11.31574
27	13	11.33787
27	13	11.36001
27	13	11.3831
27	13	11.40447
26	13	11.42687
26	13	11.44909
26	13	11.47133
26	13	11.49428
26	13	11.51642
26	13	11.53964
25	13	11.56137
25	13	11.58386
25	13	11.59568
25	13	11.60638
25	13	11.61743
25	13	11.62824
25	13	11.63911
25	13	11.65075
25	13	11.6624
25	12	11.67246
25	12	11.68433
25	12	11.69856
25	12	11.71383
25	12	11.78119
25	11	11.79556
25	11	11.8067
25	11	11.81926
25	11	11.83414
25	11	11.84952
25	11	11.865
25	11	11.87903
25	11	11.8902
25	11	11.90007
25	11	11.91079
25	10	11.92269
25	10	11.93354
25	10	11.94378
25	10	11.95429
25	10	11.96462
25	10	11.97459
25	10	11.98614
25	10	11.99646
25	10	12.00727
25	10	12.01771
25	10	12.02747
25	10	12.03831
25	10	12.04863
25	10	12.05949
25	10	12.06936
25	10	12.08034
25	10	12.09031
25	10	12.10073
25	10	12.11053
25	10	12.12079
25	10	12.13053
25	10	12.14167
25	10	12.15274
25	10	12.1644
25	10	12.17511
25	10	12.18687
25	10	12.19769
25	10	12.20865
25	10	12.21999
25	10	12.23094
25	10	12.24236
25	10	12.25322
25	10	12.26492
25	10	12.27572
25	10	12.28676
25	10	12.29852
25	10	12.30924
25	11	12.32079
25	11	12.33167
25	11	12.34264
25	11	12.35403
25	11	12.36601
25	11	12.37665
25	11	12.38801
25	11	12.3995
25	11	12.41033
25	11	12.42151
25	11	12.43306
25	12	12.44409
25	12	12.45531
25	12	12.46688
25	12	12.47837
25	12	12.48985
25	12	12.50126
25	12	12.51267
25	12	12.52417
25	12	12.53591
25	12	12.54712
25	13	12.5616
25	13	12.57176
25	13	12.58212
25	13	12.59334
25	13	12.60478
25	13	12.61636
25	13	12.62697
25	13	12.63829
25	13	12.64931
25	13	12.6606
25	13	12.67147
26	13	12.68287
26	13	12.69423
26	13	12.7053
26	13	12.71681
26	13	12.728
26	13	12.73994
26	13	12.75301
26	13	12.76448
26	13	12.77656
26	13	12.79271
27	13	12.80549
27	13	12.818
27	13	12.82982
27	13	12.84119
27	13	12.85305
27	13	12.86364
27	13	12.87463
27	13	12.88624
27	13	12.89635
27	13	12.90683
27	13	12.91805
27	13	12.92816
27	13	12.93857
27	13	12.95766
27	14	12.9798
27	14	13.00236
27	14	13.02466
27	14	13.04696
27	14	13.0695
27	15	13.09171
27	15	13.11428
27	15	13.13607
27	15	13.15832
27	15	13.18053
27	15	13.20314
27	16	13.22586
27	16	13.24792
27	16	13.27042
27	16	13.29244
27	16	13.31561
27	17	13.33704
27	17	13.35931
27	17	13.38184
27	17	13.40447
27	17	13.42738
27	17	13.44041
27	17	13.45249
27	18	13.46192
27	18	13.47145
27	18	13.48635
27	18	13.50161
27	18	13.51536
27	18	13.52618
27	18	13.53706
27	18	13.54644
27	18	13.55671
27	18	13.56681
27	18	13.57832
27	19	13.59184
27	19	13.6068
27	19	13.61983
27	19	13.63017
27	19	13.641
27	19	13.65185
27	19	13.66281
27	19	13.67299
27	19	13.68376
27	19	13.69393
27	19	13.70363
27	19	13.71376
27	19	13.72458
27	19	13.73447
26	19	13.74775
26	19	13.76242
26	19	13.77305
26	19	13.78683
26	19	13.80022
26	19	13.81114
26	19	13.82619
26	19	13.83645
26	19	13.84667
26	19	13.8562
26	19	13.8666
25	19	13.87682
25	19	13.88782
25	19	13.90189
25	19	13.91407
25	19	13.92561
25	19	13.93598
25	19	13.94658
25	19	13.95709
25	19	13.96865
25	19	13.98077
25	19	13.99412
25	19	14.00597
25	19	14.0181
25	19	14.02995
25	19	14.05242
25	19	14.07434
25	19	14.09661
25	19	14.11916
25	19	14.14128
25	20	14.16353
25	20	14.18596
25	20	14.20903
25	20	14.23111
25	20	14.25405
25	20	14.27594
25	21	14.29824
25	21	14.32037
25	21	14.34284
25	21	14.36558
25	21	14.38702
25	22	14.40954
25	22	14.43166
25	22	14.45425
25	22	14.47636
25	22	14.49851
25	22	14.5093
25	22	14.52171
25	22	14.53543
25	22	14.54802
25	22	14.55897
25	22	14.5694
25	22	14.57928
25	22	14.58825
25	22	14.59916
25	22	14.61023
25	22	14.62142
25	22	14.63272
25	22	14.64361
25	22	14.65548
25	22	14.66685
25	22	14.67779
25	22	14.68869
25	22	14.70019
24	22	14.7113
24	22	14.72225
24	22	14.73379
24	22	14.74982
24	22	14.7652
24	22	14.77737
24	22	14.78792
24	22	14.79893
24	22	14.8098
24	22	14.82145
23	22	14.83249
23	22	14.84671
23	22	14.86084
23	22	14.87445
23	22	14.88483
23	22	14.89567
23	22	14.90606
23	22	14.91586
23	22	14.9264
23	22	14.93682
22	22	14.94704
22	22	14.95788
22	22	14.96881
22	22	14.98135
22	22	14.99531
22	22	15.00871
22	22	15.0222
22	22	15.03304
22	22	15.04383
22	22	15.05943
22	22	15.07208
22	22	15.08464
22	22	15.09611
22	22	15.10791
22	22	15.12478
22	21	15.14763
22	21	15.16912
22	21	15.1912
22	21	15.21363
22	21	15.23635
22	21	15.25869
22	20	15.28114
22	20	15.30462
22	20	15.32645
22	20	15.34928
22	20	15.371
22	19	15.39287
22	19	15.4147
22	19	15.43689
22	19	15.45982
22	19	15.48167
22	19	15.50422
22	18	15.52654
22	18	15.54923
22	18	15.57173
22	18	15.59379
22	18	15.60592
22	18	15.61697
22	18	15.62914
22	17	15.64147
22	17	15.65182
22	17	15.66306
22	17	15.67671
22	17	15.68945
22	17	15.69968
22	17	15.70992
22	17	15.72031
22	17	15.73067
22	17	15.74186
22	17	15.75251
22	16	15.76302
22	16	15.77419
22	16	15.79024
22	16	15.80368
22	16	15.81409
22	16	15.82602
22	16	15.83685
22	16	15.84695
22	16	15.85736
22	16	15.86977
22	16	15.87986
22	17	15.89004
22	17	15.90071
22	17	15.91136
22	17	15.9223
22	17	15.93316
22	17	15.94303
22	17	15.95347
22	17	15.96381
22	17	15.97455
22	17	15.98445
22	17	15.99558
22	18	16.00668
22	18	16.0185
22	18	16.0297
22	18	16.04082
22	18	16.05226
22	18	16.06339
22	18	16.07434
22	18	16.08631
22	18	16.0965
22	18	16.10796
22	18	16.1189
22	19	16.13225
22	19	16.14377
22	19	16.1556
22	19	16.16652
22	19	16.177
22	19	16.18665
22	19	16.19705
22	19	16.20807
22	19	16.21917
22	19	16.23001
22	19	16.24216
22	20	16.25362
22	20	16.26631
22	20	16.27877
22	20	16.29593
22	20	16.30706
22	20	16.31746
22	20	16.32748
22	20	16.33817
22	20	16.34856
22	20	16.36028
22	21	16.37066
22	21	16.38085
22	21	16.39159
22	21	16.40227
22	21	16.41283
22	21	16.42287
22	21	16.43266
22	21	16.44252
22	21	16.45369
22	21	16.4649
22	21	16.47644
22	21	16.48756
22	22	16.49875
22	22	16.50998
22	22	16.52116
22	22	16.53203
22	22	16.54347
22	22	16.55454
22	22	16.56625
22	22	16.57674
22	22	16.58816
22	22	16.59925
22	22	16.61059
22	23	16.62147
22	23	16.63278
22	23	16.64416
22	23	16.65719
22	23	16.67047
22	23	16.68159
22	23	16.69205
22	23	16.70216
22	23	16.71245
22	23	16.72587
22	24	16.73886
22	24	16.74999
22	24	16.76172
22	24	16.77513
22	24	16.78919
22	24	16.80068
22	24	16.81062
22	24	16.82049
22	24	16.83206
22	24	16.84484
22	24	16.85521
22	25	16.86614
22	25	16.8799
22	25	16.89389
22	25	16.90736
22	25	16.91835
22	25	16.92874
22	25	16.93949
22	25	16.95013
22	25	16.9605
22	25	16.97052
22	26	16.98158
22	26	16.99205
22	26	17.0036
22	26	17.01697
22	26	17.03154
22	26	17.04447
22	26	17.05486
22	26	17.06577
22	26	17.07595
22	26	17.08709
22	26	17.09682
22	27	17.10875
22	27	17.12246
22	27	17.13593
22	27	17.15051
22	27	17.16441
22	27	17.17578
22	27	17.18867
22	27	17.20189
22	27	17.21174
22	27	17.2242
22	28	17.23598
22	28	17.24794
22	28	17.2601
22	28	17.27942
22	28	17.30189
22	28	17.3244
22	29	17.34731
22	29	17.37028
22	29	17.39157
22	29	17.41389
22	29	17.43682
22	29	17.45849
23	29	17.48094
23	29	17.5038
23	29	17.52573
23	29	17.54875
23	29	17.57086
24	29	17.5935
24	29	17.61587
24	29	17.63799
24	29	17.66108
24	29	17.68237
24	29	17.70467
25	29	17.72691
25	29	17.74917
25	29	17.76186
25	29	17.77445
25	29	17.78441
25	29	17.7945
25	29	17.80528
25	29	17.81698
25	29	17.82917
26	29	17.84182
26	29	17.85204
26	29	17.86242
26	29	17.87594
26	29	17.88878
26	29	17.89821
26	29	17.90847
26	29	17.9188
26	29	17.92781
26	29	17.9392
26	29	17.94998
27	29	17.96142
27	29	17.97328
27	29	17.98953
27	29	18.00349
27	29	18.01584
27	29	18.02726
27	29	18.03783
27	29	18.04774
27	29	18.05896
27	29	18.06862
27	29	18.07811
27	29	18.08831
27	29	18.09849
27	29	18.10922
27	28	18.11996
27	28	18.13027
27	28	18.14322
27	28	18.1551
27	28	18.16505
27	28	18.17447
27	28	18.18507
27	28	18.19604
27	28	18.20751
27	28	18.21818
27	28	18.22952
27	27	18.24084
27	27	18.25216
27	27	18.26373
27	27	18.27672
27	27	18.29037
27	27	18.30278
27	27	18.31635
27	27	18.32784
27	27	18.34151
27	27	18.35436
27	26	18.36578
27	26	18.3779
27	26	18.39025
27	26	18.40333
27	26	18.41709
27	26	18.42669
27	26	18.43767
27	26	18.44896
27	26	18.46227
27	26	18.47534
27	25	18.48549
27	25	18.49507
27	25	18.50653
27	25	18.52018
27	25	18.53319
27	25	18.54743
27	25	18.58772
27	25	18.59778
27	24	18.60883
27	24	18.62209
27	24	18.63564
27	24	18.64934
27	24	18.66044
27	24	18.67146
27	24	18.68167
27	24	18.69233
27	24	18.70259
27	24	18.71316
27	24	18.72359
27	23	18.73362
27	23	18.74371
27	23	18.75431
27	23	18.76782
27	23	18.78084
27	23	18.79418
27	23	18.80467
27	23	18.81517
27	23	18.82665
27	23	18.8373
27	22	18.84853
27	22	18.86008
27	22	18.87119
27	22	18.88633
27	22	18.90051
27	22	18.91157
27	22	18.92171
27	22	18.93436
27	22	18.94734
27	22	18.95916
27	22	18.96984
27	22	18.97954
27	22	18.98929
26	22	18.99945
26	22	19.00962
26	22	19.02086
26	22	19.03406
26	22	19.04672
26	22	19.05734
26	22	19.0672
26	22	19.07848
26	22	19.09159
26	22	19.10501
25	22	19.11593
25	22	19.12624
25	22	19.13638
25	22	19.14676
25	22	19.15818
25	22	19.16849
25	22	19.17823
25	22	19.1887
25	22	19.19888
25	22	19.20969
25	22	19.21987
25	22	19.23125
24	22	19.24273
24	22	19.25268
24	22	19.26512
24	22	19.27531
24	22	19.28547
24	22	19.2962
24	22	19.30678
24	22	19.31776
24	22	19.32843
24	22	19.33886
24	22	19.34858
23	22	19.35845
23	22	19.3688
23	22	19.38021
23	22	19.39535
23	22	19.4072
23	22	19.41776
23	22	19.42721
23	22	19.43806
23	22	19.44803
23	22	19.45822
23	22	19.46936
22	22	19.48066
22	22	19.49194
22	22	19.50315
22	22	19.5143
22	22	19.52572
22	22	19.53712
22	22	19.54848
22	22	19.56352
22	22	19.57415
22	22	19.58507
22	22	19.59638
22	23	19.60674
22	23	19.61679
22	23	19.62728
22	23	19.63764
22	23	19.64896
22	23	19.66117
22	23	19.67335
22	23	19.68464
22	23	19.69657
22	23	19.70782
22	23	19.71926
22	24	19.72964
22	24	19.74074
22	24	19.75199
22	24	19.76295
22	24	19.77446
22	24	19.78592
22	24	19.79928
22	24	19.81116
22	24	19.82343
22	24	19.83626
22	25	19.851
22	25	19.86531
22	25	19.87805
22	25	19.89125
22	25	19.90546
22	25	19.91739
22	25	19.93009
22	25	19.94153
22	25	19.95323
22	25	19.96443
23	25	19.97518
23	25	19.9848
23	25	19.99629
23	25	20.00987
23	25	20.02428
23	25	20.03716
23	25	20.05047
23	25	20.06074
23	25	20.07197
23	25	20.08373
24	25	20.09404
24	25	20.10459
24	25	20.1174
24	25	20.14004
24	25	20.16231
24	25	20.18522
24	25	20.20698
25	25	20.22901
25	25	20.25146
25	25	20.27378
25	25	20.29634
25	25	20.31865
26	25	20.34166
26	25	20.36362
26	25	20.38572
26	25	20.40802
26	25	20.43014
26	25	20.45247
27	25	20.47478
27	25	20.49768
27	25	20.51911
27	25	20.54177
27	25	20.56431
27	24	20.58635
27	24	20.60916
27	24	20.61956
27	24	20.63189
27	24	20.64251
27	24	20.65442
27	24	20.66499
27	24	20.67647
27	24	20.68682
27	24	20.69814
27	23	20.70965
27	23	20.72068
27	23	20.73162
27	23	20.74281
27	23	20.75389
27	23	20.76613
27	23	20.77757
27	23	20.78898
27	23	20.80109
27	23	20.813
27	22	20.83038
27	22	20.84282
27	22	20.85361
27	22	20.86548
27	22	20.87597
27	22	20.88614
27	22	20.8966
27	22	20.9071
27	22	20.91721
27	22	20.92785
27	22	20.9384
27	22	20.94903
27	22	20.96006
27	22	20.96996
27	22	20.9812
27	22	20.99101
27	22	21.00044
27	22	21.0109
27	22	21.02271
27	22	21.03333
27	22	21.04493
27	22	21.05615
27	22	21.06736
27	22	21.07819
27	22	21.08991
27	22	21.1009
27	22	21.11246
27	22	21.12378
27	22	21.13441
27	22	21.14549
27	22	21.159
27	22	21.16949
27	22	21.18036
27	22	21.1939
27	22	21.20566
27	22	21.21599
27	22	21.22679
27	22	21.23755
27	22	21.24753
27	22	21.25762
27	22	21.26805
27	23	21.27968
27	23	21.29041
27	23	21.30147
27	23	21.31289
27	23	21.32458
27	23	21.33614
27	23	21.34765
27	23	21.3592
27	23	21.37061
27	23	21.38229
27	24	21.39334
27	24	21.40525
27	24	21.41736
27	24	21.43115
27	24	21.44191
27	24	21.45222
27	24	21.46214
27	24	21.47291
27	24	21.48353
27	24	21.49475
27	24	21.50592
27	25	21.51757
27	25	21.52895
27	25	21.54056
27	25	21.55201
27	25	21.56381
27	25	21.57556
27	25	21.58701
27	25	21.59775
27	25	21.60843
27	25	21.61882
27	25	21.62956
27	26	21.64103
27	26	21.65229
27	26	21.6646
27	26	21.6749
27	26	21.68604
27	26	21.69711
27	26	21.70832
27	26	21.71946
27	26	21.73063
27	26	21.74226
27	26	21.7529
27	27	21.76445
27	27	21.77551
27	27	21.78646
27	27	21.79794
27	27	21.80955
27	27	21.82155
27	27	21.8397
27	27	21.85115
27	27	21.86274
27	27	21.87496
27	28	21.88539
27	28	21.8967
27	28	21.90698
27	28	21.91776
27	28	21.92876
27	28	21.93872
27	28	21.94907
27	28	21.95994
27	28	21.97042
27	28	21.98137
27	28	21.99165
27	29	22.00289
27	29	22.01361
27	29	22.025
27	29	22.03559
27	29	22.04779
27	29	22.05828
27	29	22.06858
27	29	22.07832
27	29	22.08987
27	29	22.10067
27	29	22.11094
27	29	22.12261
26	29	22.13315
26	29	22.14497
26	29	22.15587
26	29	22.16677
26	29	22.17762
26	29	22.18775
26	29	22.1993
26	29	22.20973
26	29	22.22196
26	29	22.2337
26	29	22.24546
25	29	22.2581
25	29	22.27
25	29	22.28227
25	29	22.29333
25	29	22.30431
25	29	22.31526
25	29	22.32631
25	29	22.33674
25	29	22.34813
25	29	22.35856
24	29	22.369
24	29	22.37979
24	29	22.38991
24	29	22.40013
24	29	22.41077
24	29	22.42155
24	29	22.43374
24	29	22.44448
24	29	22.45543
24	29	22.46642
24	29	22.47697
24	29	22.48734
23	29	22.49703
23	29	22.50887
23	29	22.51945
23	29	22.53064
23	29	22.54183
23	29	22.55283
23	29	22.56352
23	29	22.57507
23	29	22.58614
23	29	22.59733
23	29	22.60849
22	29	22.61931
22	29	22.63092
22	29	22.6418
22	29	22.65318
22	29	22.66458
22	29	22.67546
22	29	22.68668
22	29	22.69777
22	29	22.70879
22	29	22.71983
22	29	22.7315
22	28	22.74306
22	28	22.75487
22	28	22.76609
22	28	22.77736
22	28	22.78926
22	28	22.8006
22	28	22.8122
22	28	22.82792
22	28	22.83868
22	28	22.85011
22	27	22.86103
22	27	22.87205
22	27	22.88416
22	27	22.89435
22	27	22.90448
22	27	22.91471
22	27	22.92609
22	27	22.9359
22	27	22.94666
22	27	22.95801
22	27	22.969
22	26	22.9805
22	26	22.99132
22	26	23.00348
22	26	23.01507
22	26	23.02658
22	26	23.03829
22	26	23.04975
22	26	23.06086
22	26	23.07263
22	26	23.084
22	26	23.09607
22	25	23.10781
22	25	23.1188
22	25	23.12984
22	25	23.14116
22	25	23.15198
22	25	23.16231
22	25	23.17277
22	25	23.18276
22	25	23.19291
22	25	23.20344
22	25	23.21484
22	24	23.22599
22	24	23.23694
22	24	23.24839
22	24	23.25973
22	24	23.27184
22	24	23.2826
22	24	23.29317
22	24	23.30421
22	24	23.31536
22	24	23.32686
22	24	23.33755
22	23	23.34885
22	23	23.3599
22	23	23.37072
22	23	23.3821
22	23	23.39325
22	23	23.40475
22	23	23.41575
22	23	23.42675
22	23	23.43802
22	23	23.44979
22	23	23.46456
22	22	23.47656
22	22	23.48694
22	22	23.49728
22	22	23.50776
22	22	23.51782
22	22	23.52773
22	22	23.53838
22	22	23.54972
22	22	23.56073
22	22	23.57201
22	22	23.58295
22	21	23.59418
22	21	23.60553
22	21	23.61628
22	21	23.62745
22	21	23.63857
22	21	23.64967
22	21	23.66133
22	21	23.67228
22	21	23.68396
22	21	23.6949
22	21	23.70636
22	20	23.71811
22	20	23.72998
22	20	23.74189
22	20	23.75355
22	20	23.76678
22	20	23.77936
22	20	23.79051
22	20	23.80075
22	20	23.81046
22	20	23.82187
22	21	23.84019
22	21	23.85233
22	21	23.86317
22	21	23.87427
22	21	23.88863
22	21	23.90019
22	21	23.91116
22	21	23.92196
22	21	23.93274
22	21	23.94366
22	21	23.95472
22	22	23.96591
22	22	23.97607
22	22	23.98733
22	22	24.00367
22	22	24.02663
22	22	24.04899
22	22	24.071
22	23	24.09381
22	23	24.116
22	23	24.13861
22	23	24.16098
22	23	24.18347
22	24	24.20549
22	24	24.22772
22	24	24.25016
22	24	24.27219
22	24	24.29499
22	24	24.31721
22	25	24.33932
22	25	24.36191
22	25	24.38481
22	25	24.40738
22	25	24.42913
21	25	24.4512
21	25	24.47326
21	25	24.48431
21	25	24.49636
21	25	24.509
21	25	24.51945
21	25	24.52949
21	25	24.53999
21	25	24.5514
21	25	24.56326
20	25	24.57675
20	25	24.58897
20	25	24.60026
20	25	24.61287
20	25	24.6259
20	25	24.63636
20	25	24.64664
20	25	24.65772
20	25	24.66937
20	25	24.68
19	25	24.6913
19	25	24.70158
19	25	24.71142
19	25	24.72252
19	25	24.73602
19	25	24.75162
19	25	24.76149
19	25	24.77187
19	25	24.7825
19	25	24.7929
19	25	24.80424
18	25	24.81495
18	25	24.82552
18	25	24.83678
18	25	24.85052
18	25	24.86622
18	25	24.87708
18	25	24.89285
18	25	24.91003
18	25	24.92114
18	25	24.93174
17	25	24.94175
17	25	24.95202
17	25	24.96289
17	25	24.9773
17	25	24.99091
17	25	25.00116
17	25	25.01211
17	25	25.02262
17	25	25.03465
17	25	25.04803
16	25	25.06151
16	25	25.07125
16	25	25.08279
16	25	25.09985
16	25	25.11303
16	25	25.12368
16	25	25.13372
16	25	25.14488
16	25	25.15597
16	25	25.16614
16	25	25.17625
16	26	25.18675
16	26	25.19927
16	26	25.21314
16	26	25.22713
16	26	25.23783
16	26	25.24864
16	26	25.25969
16	26	25.27004
16	26	25.28033
16	26	25.29041
16	26	25.30034
16	27	25.31073
16	27	25.32127
16	27	25.33251
16	27	25.3474
16	27	25.36718
16	27	25.3835
16	27	25.39578
16	27	25.40646
16	27	25.41745
16	28	25.42765
16	28	25.43817
16	28	25.44918
16	28	25.46276
16	28	25.47787
16	28	25.49194
16	28	25.50394
16	28	25.51767
16	28	25.53042
16	28	25.5405
16	29	25.55108
16	29	25.56188
16	29	25.57218
16	29	25.58529
16	29	25.59971
16	29	25.61195
16	29	25.62294
16	29	25.63664
16	29	25.64956
16	29	25.66199
17	29	25.67661
17	29	25.68897
17	29	25.70228
17	29	25.72476
17	29	25.7471
17	29	25.76939
18	29	25.79137
18	29	25.81465
18	29	25.83599
18	29	25.8582
18	29	25.88097
18	29	25.90372
19	29	25.92595
19	29	25.94852
19	29	25.97086
19	29	25.99263
19	29	26.0158
20	29	26.03717
20	29	26.0593
20	29	26.08173
20	29	26.10424
20	29	26.12712
20	29	26.14934
21	29	26.1717
21	29	26.18225
21	29	26.19444
21	29	26.20674
21	29	26.21646
21	29	26.22742
21	29	26.23881
21	29	26.24951
21	29	26.26118
21	29	26.27143
22	29	26.28333
22	29	26.29608
22	29	26.30965
22	29	26.32108
22	29	26.33249
22	29	26.3441
22	29	26.35894
22	29	26.36947
22	29	26.37975
22	29	26.38964
22	29	26.40059
23	29	26.41075
23	29	26.42093
23	29	26.43087
23	29	26.44084
23	29	26.45156
23	29	26.46211
23	29	26.47243
23	29	26.48382
23	29	26.49503
23	29	26.50611
23	29	26.51753
22	29	26.52849
22	29	26.54007
22	29	26.55114
22	29	26.56221
22	29	26.57347
22	29	26.58447
22	29	26.59593
22	29	26.60694
22	29	26.61819
22	29	26.62963
22	29	26.64087
21	29	26.65244
21	29	26.66453
21	29	26.67417
21	29	26.68526
21	29	26.69618
21	29	26.70774
21	29	26.71921
21	29	26.7312
21	29	26.74116
21	29	26.75301
21	29	26.76381
20	29	26.7749
20	29	26.78636
20	29	26.79774
20	29	26.80961
20	29	26.82085
20	29	26.83244
20	29	26.84421
20	29	26.85538
20	29	26.867
20	29	26.8785
20	29	26.89013
19	29	26.90146
19	29	26.91346
19	29	26.9245
19	29	26.93567
19	29	26.94726
19	29	26.95814
19	29	26.9697
19	29	26.98116
19	29	26.99243
19	29	27.00346
18	29	27.01522
18	29	27.02637
18	29	27.03697
18	29	27.04844
18	29	27.05922
18	29	27.07059
18	29	27.08162
18	29	27.09279
18	29	27.10401
18	29	27.11523
18	29	27.1269
17	29	27.13759
17	29	27.1492
17	29	27.16038
17	29	27.1709
17	29	27.18216
17	29	27.1938
17	29	27.205
17	29	27.21731
17	29	27.23178
17	29	27.24291
17	29	27.25618
16	29	27.26875
16	29	27.27988
16	29	27.29021
16	29	27.30014
16	29	27.3101
16	29	27.32061
16	29	27.33137
16	29	27.34139
16	29	27.3523
16	29	27.368
16	29	27.37841
16	28	27.38884
16	28	27.39887
16	28	27.4095
16	28	27.41975
16	28	27.43069
16	28	27.44109
16	28	27.45228
16	28	27.46264
16	28	27.47363
16	28	27.48371
16	28	27.4945
16	27	27.50562
16	27	27.52175
16	27	27.53267
16	27	27.54417
16	27	27.55418
16	27	27.56436
16	27	27.57474
16	27	27.58806
16	27	27.60066
16	27	27.61146
16	27	27.62168
16	26	27.6321
16	26	27.64223
16	26	27.65292
16	26	27.66549
16	26	27.67623
16	26	27.68637
16	26	27.69926
16	26	27.7092
16	26	27.71964
16	26	27.73005
16	26	27.74077
16	25	27.75113
16	25	27.76118
16	25	27.77131
16	25	27.78203
16	25	27.79154
16	25	27.80208
16	25	27.81341
16	25	27.82471
16	25	27.83596
16	25	27.84699
16	25	27.85842
16	25	27.86956
16	25	27.88109
16	25	27.89159
16	25	27.90273
17	25	27.91465
17	25	27.92518
17	25	27.93658
17	25	27.9474
17	25	27.95886
17	25	27.97011
17	25	27.98154
17	25	27.99234
17	25	28.00336
17	25	28.0152
17	25	28.02616
18	25	28.03691
18	25	28.04864
18	25	28.05915
18	25	28.0708
18	25	28.08385
18	25	28.09559
18	25	28.10723
18	25	28.11878
18	25	28.1301
18	25	28.14077
18	25	28.15306
19	25	28.16362
19	25	28.17369
19	25	28.18462
19	25	28.19611
19	25	28.20745
19	25	28.21906
19	25	28.23018
19	25	28.24176
19	25	28.25367
19	25	28.26468
19	25	28.27606
19	24	28.28709
19	24	28.29849
19	24	28.30969
19	24	28.32301
19	24	28.33637
19	24	28.35041
19	24	28.36767
19	24	28.37816
19	24	28.38875
19	24	28.39947
19	23	28.40961
19	23	28.42083
19	23	28.43348
19	23	28.44926
19	23	28.46225
19	23	28.47325
19	23	28.48391
19	23	28.4936
19	23	28.50788
19	23	28.5211
19	22	28.53164
19	22	28.5416
19	22	28.55314
19	22	28.5661
19	22	28.57999
19	22	28.58981
19	22	28.60034
19	22	28.611
19	22	28.62115
19	22	28.63176
19	22	28.6419
19	22	28.65339
19	22	28.66781
19	22	28.68087
19	22	28.69217
19	22	28.70247
19	22	28.71319
19	22	28.72354
18	22	28.73413
18	22	28.74432
18	22	28.75638
18	22	28.77011
18	22	28.78394
18	22	28.79392
18	22	28.80452
18	22	28.81825
18	22	28.83213
18	22	28.84258
17	22	28.85257
17	22	28.87439
17	22	28.89751
17	22	28.91963
17	22	28.94194
17	22	28.96515
16	22	28.98668
16	22	29.00972
16	22	29.03154
16	22	29.05413
16	22	29.07579
16	21	29.09828
16	21	29.12053
16	21	29.1427
16	21	29.16506
16	21	29.18704
16	21	29.20957
16	20	29.23231
16	20	29.25447
16	20	29.27723
16	20	29.29954
16	20	29.32191
16	19	29.34395
16	19	29.35436
16	19	29.36665
16	19	29.37911
16	19	29.39329
16	19	29.4051
16	19	29.41697
16	19	29.42803
16	19	29.44151
16	19	29.45492
16	19	29.46579
16	19	29.47602
16	19	29.4864
16	19	29.49609
16	19	29.50721
16	19	29.51778
16	19	29.5306
17	19	29.54739
17	19	29.55837
17	19	29.57163
17	19	29.58562
17	19	29.59898
17	19	29.61151
17	19	29.62657
17	19	29.63691
17	19	29.6468
18	19	29.65822
18	19	29.66987
18	19	29.68131
18	19	29.69414
18	19	29.70697
18	19	29.71773
18	19	29.72869
18	19	29.73974
18	19	29.75362
18	19	29.76698
18	19	29.7767
19	19	29.78753
19	19	29.79849
19	19	29.80871
19	19	29.8235
19	19	29.84663
19	19	29.86894
19	19	29.89155
20	19	29.91352
20	19	29.93607
20	19	29.95846
20	19	29.98116
20	19	30.00258
21	19	30.02448
21	19	30.04789
21	19	30.06941
21	19	30.09157
21	19	30.11462
21	19	30.13696
20	19	30.15901
20	19	30.1816
20	19	30.20396
20	19	30.22584
20	19	30.24832
19	19	30.27048
19	19	30.29237
19	19	30.31526
19	19	30.32635
19	19	30.33812
19	19	30.34962
19	19	30.36004
19	19	30.37108
19	19	30.38262
18	19	30.39336
18	19	30.40479
18	19	30.41631
18	19	30.42855
18	19	30.44172
18	19	30.45317
18	19	30.4651
18	19	30.4758
18	19	30.48657
18	19	30.49783
18	19	30.5077
17	19	30.51793
17	19	30.5288
17	19	30.53818
17	19	30.5497
17	19	30.56038
17	19	30.57152
17	19	30.58275
17	19	30.59426
17	19	30.60613
17	19	30.61819
17	19	30.63031
16	19	30.6419
16	19	30.65336
16	19	30.66463
16	19	30.67615
16	19	30.68697
16	19	30.69821
16	19	30.70893
16	19	30.72018
16	19	30.73153
16	19	30.74237
16	19	30.75374
15	19	30.76483
15	19	30.77603
15	19	30.78712
15	19	30.80039
15	19	30.81359
15	19	30.82467
15	19	30.83576
15	19	30.84973
15	19	30.86258
15	19	30.87848
14	19	30.88922
14	19	30.8999
14	19	30.9113
14	19	30.92473
14	19	30.93817
14	19	30.94921
14	19	30.9606
14	19	30.97131
14	19	30.9826
14	19	30.99483
13	19	31.00903
13	19	31.02292
13	19	31.03364
13	19	31.05211
13	19	31.07452
13	19	31.09738
13	19	31.11944
12	19	31.14173
12	19	31.1653
12	19	31.18703
12	19	31.20865
12	19	31.23104
11	19	31.25333
11	19	31.27553
11	19	31.29886
11	19	31.32122
11	19	31.34283
11	19	31.36552
10	19	31.38743
10	19	31.40995
10	19	31.43242
10	19	31.45508
10	19	31.47751
10	18	31.49948
10	18	31.52136
10	18	31.54384
10	18	31.5595
10	18	31.57766
10	18	31.58902
10	18	31.60016
10	18	31.61037
10	17	31.6222
10	17	31.63344
10	17	31.64758
10	17	31.66318
10	17	31.67319
10	17	31.68491
10	17	31.69543
10	17	31.70598
10	17	31.7166
10	17	31.72747
10	16	31.73816
10	16	31.7487
10	16	31.76026
10	16	31.77421
10	16	31.78849
10	16	31.80212
10	16	31.81499
10	16	31.82613
10	16	31.83689
10	16	31.847
10	15	31.85981
10	15	31.86986
10	15	31.87986
10	15	31.9012
10	15	31.92341
10	15	31.94701
10	15	31.96906
10	14	31.99105
10	14	32.0132
10	14	32.03557
10	14	32.05746
10	14	32.08034
10	13	32.10284
10	13	32.12469
10	13	32.14709
10	13	32.16936
11	13	32.27883
11	13	32.2998
11	13	32.31526
11	13	32.32784
11	13	32.33861
12	13	32.34885
12	13	32.37014
12	13	32.40335
12	13	32.43739
13	13	32.47071
13	13	32.5042
13	13	32.53805
13	13	32.5713
14	13	32.60537
14	13	32.63806
14	13	32.67154
14	13	32.70539
15	13	32.73882
15	13	32.77243
15	13	32.80572
16	13	32.83966
16	13	32.87318
16	13	32.90644
16	13	32.94052
17	13	32.97329
17	13	33.00752
17	13	33.04029
17	13	33.07372
18	13	33.10777
18	13	33.14104
18	13	33.16376
18	13	33.18546
19	13	33.20775
19	13	33.22987
19	13	33.25282
19	13	33.27539
19	13	33.29703
19	13	33.31916
19	14	33.34155
19	14	33.36366
19	14	33.38637
19	14	33.4087
19	14	33.43106
19	15	33.45315
19	15	33.47505
19	15	33.49762
19	15	33.51995
19	15	33.54246
19	15	33.56491
19	16	33.58899
19	16	33.60957
19	16	33.63188
19	16	33.65433
19	16	33.67673
19	17	33.69879
19	17	33.721
19	17	33.74409
19	17	33.76628
19	17	33.78786
19	17	33.81032
19	18	33.83297
19	18	33.85505
19	18	33.87769
19	18	33.90159
19	18	33.92343
19	17	33.94539
19	17	33.96755
19	17	33.98975
19	17	34.01175
19	17	34.03452
19	17	34.05719
19	16	34.07928
19	16	34.10141
19	16	34.12386
19	16	34.14674
19	16	34.16875
19	15	34.19131
19	15	34.21428
19	15	34.23638
19	15	34.25869
19	15	34.28067
19	14	34.30291
19	14	34.32494
19	14	34.34755
19	14	34.37016
19	14	34.39189
19	14	34.40317
19	14	34.41514
19	13	34.42521
19	13	34.43687
19	13	34.44804
19	13	34.45916
19	13	34.47015
19	13	34.48559
19	13	34.49564
19	13	34.50658
19	13	34.5162
19	13	34.52678
19	13	34.53728
19	12	34.54834
19	12	34.55979
19	12	34.57047
19	12	34.58351
19	12	34.59816
19	12	34.60975
19	12	34.62207
19	12	34.63517
19	12	34.64682
19	12	34.65919
19	11	34.67078
19	11	34.68264
19	11	34.69697
19	11	34.71045
19	11	34.72163
19	11	34.73269
19	11	34.74344
19	11	34.75469
19	11	34.76546
19	11	34.77552
19	11	34.78639
19	10	34.7967
19	10	34.80764
19	10	34.81857
19	10	34.82853
19	10	34.83956
19	10	34.85296
19	10	34.86612
19	10	34.87818
19	10	34.88882
19	10	34.89896
19	10	34.91067
18	10	34.92127
18	10	34.9315
18	10	34.94235
18	10	34.95415
18	10	34.96428
18	10	34.97522
18	10	34.98557
18	10	34.99638
18	10	35.00665
18	10	35.01761
18	10	35.02881
17	10	35.04064
17	10	35.05151
17	10	35.06233
17	10	35.07359
17	10	35.08389
17	10	35.09501
17	10	35.10563
17	10	35.11683
17	10	35.12748
17	10	35.13827
17	10	35.14883
16	10	35.16002
16	10	35.17059
16	10	35.18126
16	10	35.19213
16	10	35.20241
16	10	35.2131
16	10	35.22344
16	10	35.23465
16	10	35.24478
16	10	35.25562
16	10	35.26667
16	10	35.27724
15	10	35.28695
15	10	35.29702
15	10	35.30837
15	10	35.31889
15	10	35.33007
15	10	35.34128
15	10	35.35231
15	10	35.36329
15	10	35.37492
15	10	35.38612
15	10	35.39771
14	10	35.40887
14	10	35.4201
14	10	35.43117
14	10	35.44252
14	10	35.45423
14	10	35.46729
14	10	35.47925
14	10	35.49814
14	10	35.51102
14	10	35.52377
13	10	35.53457
13	10	35.54501
13	10	35.55707
13	10	35.57026
13	10	35.58386
13	10	35.59743
13	10	35.61086
13	10	35.6225
13	10	35.63569
12	10	35.64894
12	10	35.6608
12	10	35.6724
12	10	35.68591
12	10	35.70024
12	10	35.71016
12	10	35.72121
12	10	35.731
12	10	35.74371
12	10	35.7661
13	10	35.78869
13	10	35.81032
13	10	35.83265
13	10	35.85492
13	10	35.87741
14	10	35.90032
14	10	35.92284
14	10	35.94534
14	10	35.96781
14	10	35.99002
14	10	36.01155
15	10	36.03397
15	10	36.05617
15	10	36.07801
15	10	36.10136
15	10	36.12346
16	10	36.14591
16	10	36.16841
16	10	36.19109
16	10	36.21341
16	10	36.23568
16	10	36.24595
17	10	36.25919
17	10	36.27061
17	10	36.28031
17	10	36.29078
17	10	36.30191
17	10	36.31262
17	10	36.32393
17	10	36.33514
17	10	36.34589
17	10	36.35732
17	10	36.36868
17	10	36.37944
18	10	36.39081
18	10	36.40173
18	10	36.41333
18	10	36.42445
18	10	36.43594
18	10	36.44678
18	10	36.45808
18	10	36.4696
18	10	36.48053
18	10	36.49131
17	10	36.50348
17	10	36.51502
17	10	36.52609
17	10	36.53749
17	10	36.54913
17	10	36.56077
17	10	36.57296
17	10	36.5843
17	10	36.59612
17	10	36.60809
17	10	36.62034
16	10	36.63115
16	10	36.64254
16	10	36.65413
16	10	36.66508
16	10	36.67632
16	10	36.68801
16	10	36.69899
16	10	36.71046
16	10	36.72149
16	10	36.73318
16	10	36.74364
15	10	36.7579
15	10	36.76908
15	10	36.77966
15	10	36.79063
15	10	36.80116
15	10	36.81158
15	10	36.8228
15	10	36.83248
15	10	36.84303
15	10	36.8536
15	10	36.86491
14	10	36.87591
14	10	36.88732
14	10	36.89811
14	10	36.90962
14	10	36.9235
14	10	36.93745
14	10	36.94912
14	10	36.96086
14	10	36.97174
14	10	36.9822
13	10	36.99233
13	10	37.00356
13	10	37.01326
13	10	37.02393
13	10	37.03432
13	10	37.0451
13	10	37.05656
13	10	37.06766
13	10	37.07851
13	10	37.0894
13	10	37.09964
13	10	37.11145
12	10	37.12334
12	10	37.13472
12	10	37.14454
12	10	37.15609
12	10	37.16712
12	10	37.17904
12	10	37.18977
12	10	37.20062
12	10	37.21163
12	10	37.22155
12	10	37.23147
11	10	37.24275
11	10	37.25366
11	10	37.26834
11	10	37.2823
11	10	37.29655
11	10	37.30756
11	10	37.3177
11	10	37.32826
11	10	37.34013
11	10	37.35089
10	10	37.36436
10	10	37.37743
10	10	37.38821
10	10	37.4031
10	10	37.42012
10	10	37.43133
10	10	37.44232
10	10	37.45299
10	10	37.46352
10	10	37.47271
10	11	37.49378
10	11	37.5169
10	11	37.53913
10	11	37.56115
10	11	37.58408
10	12	37.60633
10	12	37.62935
10	12	37.65103
10	12	37.6744
10	12	37.69599
10	12	37.71865
10	13	37.74202
10	13	37.76411
10	13	37.78728
10	13	37.8098
10	13	37.83278
10	12	37.85461
10	12	37.87712
10	12	37.89942
10	12	37.92215
10	12	37.94416
10	12	37.96658
10	11	37.97765
10	11	37.98973
10	11	37.99975
10	11	38.01455
10	11	38.02646
10	11	38.0365
10	11	38.04669
10	11	38.05759
10	11	38.06733
10	11	38.07806
10	11	38.08869
10	10	38.0998
10	10	38.111
10	10	38.12222
10	10	38.13338
10	10	38.14505
10	10	38.15576
10	10	38.16739
10	10	38.17844
10	10	38.18967
10	10	38.20057
10	10	38.21198
10	10	38.22327
10	10	38.23479
10	10	38.24644
11	10	38.25828
11	10	38.27002
11	10	38.28156
11	10	38.29269
11	10	38.30465
11	10	38.3161
11	10	38.32723
11	10	38.33839
11	10	38.34969
11	10	38.36085
11	10	38.37241
12	10	38.38331
12	10	38.39448
12	10	38.40563
12	10	38.4172
12	10	38.42847
12	10	38.43969
12	10	38.45096
12	10	38.46257
12	10	38.47356
12	10	38.48505
12	10	38.49585
13	10	38.50816
13	10	38.52116
13	10	38.5328
13	10	38.54591
13	10	38.5569
13	10	38.56757
13	10	38.57825
13	10	38.58931
13	10	38.59964
13	10	38.61077
13	10	38.62146
14	10	38.63143
14	10	38.6427
14	10	38.65395
14	10	38.66504
14	10	38.67559
14	10	38.68565
14	10	38.69621
14	10	38.70762
14	10	38.72034
14	10	38.73146
14	10	38.74165
15	10	38.75187
15	10	38.76241
15	10	38.77334
15	10	38.7835
15	10	38.79432
15	10	38.80536
15	10	38.8167
15	10	38.82793
15	10	38.83893
15	10	38.85038
15	10	38.86166
16	10	38.87238
16	10	38.88365
16	10	38.89483
16	10	38.90615
16	10	38.91738
16	10	38.92902
16	10	38.93959
16	10	38.95122
16	10	38.96217
16	10	38.97368
16	10	38.98515
16	9	38.99649
16	9	39.01099
16	9	39.02299
16	9	39.03632
16	9	39.05092
16	9	39.06145
16	9	39.07224
16	9	39.08376
16	9	39.09822
16	9	39.11193
16	8	39.12335
16	8	39.13332
16	8	39.1445
16	8	39.15789
16	8	39.17075
16	8	39.18107
16	8	39.1918
16	8	39.20239
16	8	39.21307
16	8	39.22346
16	8	39.23499
16	7	39.24879
16	7	39.26334
16	7	39.27579
16	7	39.29541
16	7	39.31784
16	7	39.34029
16	7	39.36277
17	7	39.3855
17	7	39.40733
17	7	39.42946
17	7	39.45219
17	7	39.47409
17	7	39.4964
18	7	39.51891
18	7	39.54187
18	7	39.56386
18	7	39.58637
18	7	39.60869
19	7	39.63083
19	7	39.65435
19	7	39.67603
19	7	39.69897
19	7	39.72002
19	7	39.74209
19	6	39.7525
19	6	39.76476
19	6	39.77574
19	6	39.78862
19	6	39.80107
19	6	39.81258
19	6	39.82384
19	6	39.83314
19	6	39.84288
19	6	39.8543
19	6	39.86667
19	5	39.87838
19	5	39.88936
19	5	39.89944
19	5	39.91146
19	5	39.92428
19	5	39.93486
19	5	39.9444
19	5	39.95427
19	5	39.96546
19	5	39.97635
19	5	39.98791
19	4	39.99844
19	4	40.01024
19	4	40.0244
19	4	40.03675
19	4	40.04831
19	4	40.05886
19	4	40.06904
19	4	40.0806
19	4	40.09616
19	4	40.10912
18	5	40.12012
18	5	40.13213
18	5	40.14489
18	5	40.15961
18	5	40.1749
18	5	40.18969
18	5	40.20291
18	5	40.21392
18	5	40.22451
18	5	40.23501
17	5	40.24463
17	5	40.26105
17	5	40.27259
17	5	40.28593
17	5	40.29946
17	5	40.30996
17	5	40.32211
17	5	40.33328
17	5	40.34677
16	5	40.38505
16	5	40.39674
16	5	40.41002
16	5	40.42301
16	5	40.43486
16	5	40.45716
16	5	40.4793
16	5	40.50233
16	5	40.52505
16	5	40.54698
17	5	40.56973
17	5	40.59173
17	5	40.61394
17	5	40.6363
17	5	40.65882
17	5	40.6807
18	5	40.70265
18	5	40.72518
18	5	40.74813
18	5	40.77009
18	5	40.79257
19	5	40.81524
19	5	40.83736
19	5	40.85982
19	5	40.88187
19	5	40.89243
19	5	40.90437
19	5	40.91539
19	5	40.92622
19	5	40.93709
19	5	40.94864
19	5	40.9598
19	5	40.97108
19	5	40.98219
19	5	40.99343
19	5	41.0042
19	5	41.01566
19	5	41.02642
19	5	41.03786
19	5	41.04892
19	5	41.06018
19	5	41.07094
19	5	41.0823
19	5	41.09388
19	5	41.10513
19	5	41.11629
19	5	41.12764
19	5	41.13838
19	5	41.14954
19	5	41.16079
19	5	41.1722
19	5	41.18317
19	5	41.19429
19	5	41.20572
19	5	41.21648
19	6	41.22809
19	6	41.23904
19	6	41.25061
19	6	41.26167
19	6	41.27422
19	6	41.28685
19	6	41.29882
19	6	41.31105
19	6	41.3224
19	6	41.33408
19	6	41.3455
19	6	41.35693
19	6	41.36774
19	6	41.37891
19	6	41.39051
19	6	41.40155
19	6	41.41283
19	6	41.42404
19	6	41.43519
19	6	41.44661
19	6	41.45739
19	6	41.46867
19	7	41.47979
19	7	41.49098
19	7	41.50177
19	7	41.51769
19	7	41.52762
19	7	41.53894
19	7	41.54939
19	7	41.56742
19	7	41.5792
19	7	41.59216
19	7	41.60367
19	7	41.61581
19	7	41.62675
19	7	41.63678
19	6	41.64793
19	6	41.66058
19	6	41.67596
19	6	41.68795
19	6	41.69867
19	6	41.70895
19	6	41.73018
19	6	41.75238
19	6	41.77497
19	6	41.79723
19	6	41.81982
19	6	41.84247
19	6	41.86491
19	6	41.88702
19	5	41.90974
19	5	41.932
19	5	41.95387
19	5	41.97597
19	5	41.99814
19	5	42.0204
19	5	42.04292
19	5	42.06553
19	5	42.08858
19	5	42.11074
19	5	42.13304
19	5	42.15538
19	5	42.17778
19	6	42.20007
19	6	42.21087
19	6	42.22274
19	6	42.2332
19	6	42.24499
19	6	42.25541
19	6	42.26651
19	6	42.2781
19	6	42.28906
19	6	42.3001
19	6	42.31161
19	6	42.32248
19	6	42.33353
19	6	42.34494
19	6	42.35602
19	6	42.36731
19	6	42.37819
19	6	42.3898
19	6	42.40101
19	6	42.41201
19	6	42.42339
19	6	42.43427
19	7	42.4452
19	7	42.45656
19	7	42.46777
19	7	42.47884
19	7	42.49005
19	7	42.50103
19	7	42.51299
19	7	42.52576
19	7	42.53792
19	7	42.55019
20	7	42.56203
20	7	42.57479
20	7	42.58723
20	7	42.60141
20	7	42.61527
20	7	42.62582
20	7	42.6354
20	7	42.64509
20	7	42.65584
20	7	42.66747
20	7	42.67833
21	7	42.68876
21	7	42.69926
21	7	42.70996
21	7	42.72364
21	7	42.7367
21	7	42.75111
21	7	42.76147
21	7	42.77203
21	7	42.78734
21	7	42.79803
22	7	42.80804
22	7	42.81846
22	7	42.82827
22	7	42.83967
22	7	42.85059
22	7	42.86219
22	7	42.87289
22	7	42.88364
22	7	42.89446
22	7	42.90495
22	7	42.9152
22	7	42.92611
22	7	42.93685
22	7	42.94709
22	7	42.95825
22	7	42.96828
22	7	42.97828
22	7	42.98878
22	7	42.99923
22	7	43.00931
22	7	43.01991
22	7	43.03084
22	7	43.04147
22	7	43.05218
22	7	43.06228
22	7	43.07296
22	7	43.08318
21	7	43.09332
21	7	43.10413
21	7	43.11551
21	7	43.1269
21	7	43.13782
21	7	43.14903
21	7	43.16057
21	7	43.17159
21	7	43.18285
21	7	43.19374
21	7	43.20451
20	7	43.21605
20	7	43.22744
20	7	43.23866
20	7	43.25016
20	7	43.261
20	7	43.27235
20	7	43.28339
20	7	43.29466
20	7	43.3059
20	7	43.31685
20	7	43.32791
19	7	43.33926
19	7	43.35105
19	7	43.36212
19	7	43.37332
19	7	43.38428
19	7	43.39545
19	7	43.4073
19	7	43.41871
19	7	43.43038
19	7	43.44181
19	7	43.45331
19	6	43.46474
19	6	43.47605
19	6	43.4879
19	6	43.49958
19	6	43.51153
19	6	43.52225
19	6	43.53468
19	6	43.54714
19	6	43.55873
19	6	43.56958
19	5	43.5816
19	5	43.59196
19	5	43.60358
19	5	43.61525
19	5	43.62563
19	5	43.63648
19	5	43.64656
19	5	43.65674
19	5	43.66774
19	5	43.67892
19	5	43.69104
19	4	43.70438
19	4	43.71597
19	4	43.72628
19	4	43.73666
19	4	43.74633
19	4	43.75723
19	4	43.77202
19	4	43.78316
19	4	43.79299
19	4	43.80329
19	4	43.81345
19	4	43.82364
19	4	43.83434
19	4	43.84559
19	4	43.85687
19	4	43.86802
19	4	43.87897
19	4	43.89037
19	4	43.90134
19	4	43.91278
18	4	43.92366
18	4	43.93483
18	4	43.94587
18	4	43.95723
18	4	43.96823
18	4	43.97976
18	4	43.99065
18	4	44.00184
18	4	44.0129
18	4	44.02443
18	4	44.03531
17	4	44.04647
17	4	44.05783
17	4	44.06894
17	4	44.08031
17	4	44.09183
17	4	44.1027
17	4	44.11424
17	4	44.12538
17	4	44.13688
17	4	44.14775
16	4	44.15906
16	4	44.16977
16	4	44.18141
16	4	44.19259
16	4	44.20374
16	4	44.21513
16	4	44.22648
16	4	44.23748
16	4	44.24879
16	4	44.26017
16	4	44.27125
16	3	44.28318
16	3	44.29458
16	3	44.3056
16	3	44.31756
16	3	44.33027
16	3	44.33999
16	3	44.35009
16	3	44.36125
16	3	44.37199
16	3	44.3831
16	3	44.39422
16	3	44.40554
16	3	44.4167
16	3	44.42815
16	3	44.4402
16	3	44.45252
16	3	44.46633
16	3	44.4829
16	3	44.4969
16	3	44.50948
16	3	44.52002
16	2	44.53149
16	2	44.54136
16	2	44.5523
16	2	44.56606
16	2	44.57895
16	2	44.58887
16	2	44.60188
16	2	44.61375
16	2	44.63544
17	2	44.65785
17	2	44.67971
17	2	44.70211
17	2	44.72411
17	2	44.74674
18	2	44.76947
18	2	44.79114
18	2	44.81387
18	2	44.83559
18	2	44.85862
18	2	44.88063
19	2	44.9028
19	2	44.92565
19	2	44.94744
19	2	44.96991
19	2	44.99231
20	2	45.01445
20	2	45.03674
20	2	45.05947
20	2	45.08207
20	2	45.09521
20	2	45.10781
20	2	45.11787
20	2	45.12843
21	2	45.13861
21	2	45.14915
21	2	45.16137
21	2	45.17425
21	2	45.18822
21	2	45.19915
21	2	45.20905
21	2	45.21872
21	2	45.22858
21	2	45.23852
21	2	45.25231
22	2	45.26483
22	2	45.27615
22	2	45.28693
22	2	45.29828
22	2	45.30902
22	2	45.32364
22	2	45.33543
22	2	45.3482
22	2	45.35994
22	2	45.37039
21	2	45.38118
21	2	45.39133
21	2	45.40252
21	2	45.41291
21	2	45.42434
21	2	45.43794
21	2	45.44991
21	2	45.46144
21	2	45.47336
21	2	45.48497
21	2	45.49613
20	2	45.50705
20	2	45.51803
20	2	45.52772
20	2	45.5378
20	2	45.54844
20	2	45.55898
20	2	45.56927
20	2	45.57987
20	2	45.59041
20	2	45.60064
20	2	45.61136
20	2	45.6226
19	2	45.63413
19	2	45.64478
19	2	45.65723
19	2	45.66733
19	2	45.67785
19	2	45.68822
19	2	45.69922
19	2	45.70984
19	2	45.7222
19	2	45.73493
19	2	45.74589
18	2	45.75589
18	2	45.76607
18	2	45.77775
18	2	45.78807
18	2	45.80002
18	2	45.83219
18	2	45.84389
18	2	45.85585
18	2	45.86659
17	2	45.87714
17	2	45.88762
17	2	45.89647
17	2	45.9065
17	2	45.91729
17	2	45.92738
17	2	45.93793
17	2	45.94845
17	2	45.95986
17	2	45.97086
17	2	45.98128
16	2	45.99156
16	2	46.00251
16	2	46.01916
16	2	46.02993
16	2	46.04004
16	2	46.05088
16	2	46.06126
16	2	46.07141
16	2	46.08348
16	2	46.09371
16	2	46.10312
15	2	46.11375
15	2	46.12413
15	2	46.13578
15	2	46.14932
15	2	46.16528
15	2	46.18118
15	2	46.19552
15	2	46.20836
15	2	46.21984
15	2	46.23082
14	2	46.24669
14	2	46.2601
14	2	46.27316
14	2	46.28882
14	2	46.30363
14	2	46.31437
14	2	46.32519
14	2	46.33558
14	2	46.34861
13	2	46.3656
13	2	46.38803
13	2	46.41085
13	2	46.4329
13	2	46.4552
13	2	46.47762
12	2	46.50037
12	2	46.52237
12	2	46.54455
12	2	46.56688
12	2	46.58973
11	2	46.61164
11	2	46.63382
11	2	46.65734
11	2	46.67897
11	2	46.70174
11	2	46.72417
10	2	46.74648
10	2	46.76849
10	2	46.79057
10	2	46.81356
10	2	46.83528
9	2	46.84882
9	2	46.85933
9	2	46.87126
9	2	46.88482
9	2	46.89762
9	2	46.90851
9	2	46.91961
9	2	46.9304
9	2	46.94083
9	2	46.9519
9	2	46.96181
8	2	46.97342
8	2	46.98665
8	2	47.00105
8	2	47.01595
8	2	47.02663
8	2	47.03873
8	2	47.05008
8	2	47.06091
8	2	47.07109
8	2	47.08131
7	2	47.09256
7	2	47.10291
7	2	47.11403
7	2	47.12881
7	2	47.1428
7	2	47.1567
7	2	47.16664
7	2	47.17906
7	2	47.19035
7	2	47.20119
7	2	47.21183
7	3	47.22194
7	3	47.23231
7	3	47.24327
7	3	47.25873
7	3	47.2723
7	3	47.28449
7	3	47.30331
7	3	47.31821
7	3	47.32911
7	4	47.33944
7	4	47.34911
7	4	47.37084
7	4	47.39355
7	4	47.41622
7	4	47.43977
7	5	47.46162
7	5	47.48422
7	5	47.50593
7	5	47.52815
7	5	47.55046
7	5	47.57236
7	5	47.59536
7	5	47.61713
7	5	47.63924
7	5	47.66191
7	5	47.68426
7	6	47.70647
7	6	47.72928
7	6	47.75274
7	6	47.77337
7	6	47.79571
7	6	47.81812
7	7	47.84026
7	7	47.85113
7	7	47.8635
7	7	47.87659
7	7	47.88796
7	7	47.89968
7	7	47.90972
7	7	47.92223
7	7	47.93623
8	7	47.94738
8	7	47.9578
8	7	47.96729
8	7	47.97746
8	7	47.99048
8	7	48.0042
8	7	48.01473
8	7	48.0256
8	7	48.03633
8	7	48.0471
8	7	48.05856
9	7	48.07007
9	7	48.08469
9	7	48.09819
9	7	48.11109
9	7	48.12153
9	7	48.13242
9	7	48.14306
9	7	48.15285
9	7	48.1638
9	7	48.17376
9	7	48.18423
10	7	48.19562
10	7	48.2065
10	7	48.21822
10	7	48.23335
10	7	48.24619
10	7	48.2601
10	7	48.27136
10	7	48.282
10	7	48.29325
10	7	48.30348
11	7	48.315
11	7	48.32551
11	7	48.33667
11	7	48.35021
11	7	48.36435
11	7	48.37655
11	7	48.38924
11	7	48.40427
11	7	48.41932
11	7	48.43162
12	7	48.44331
12	7	48.45475
12	7	48.46555
12	7	48.48097
12	7	48.49601
12	7	48.50717
12	7	48.51761
12	7	48.52916
12	7	48.54108
12	7	48.55484
13	7	48.56818
13	7	48.58322
13	7	48.59999
13	7	48.62241
13	7	48.64502
13	7	48.66722
13	8	48.68944
13	8	48.7123
13	8	48.73392
13	8	48.75624
13	8	48.77887
13	8	48.80097
13	9	48.82314
13	9	48.84556
13	9	48.86868
13	9	48.89053
13	9	48.91322
13	8	48.9351
13	8	48.95752
13	8	48.97991
13	8	49.00156
13	8	49.02467
13	7	49.04677
13	7	49.06919
13	7	49.09172
13	7	49.10228
13	7	49.1144
13	7	49.12708
13	7	49.13843
13	7	49.15123
13	7	49.16246
13	7	49.17384
13	7	49.18616
13	7	49.19822
13	7	49.2093
13	7	49.22035
13	7	49.2321
13	7	49.24339
13	7	49.25533
13	7	49.26723
13	7	49.27811
13	7	49.28836
13	7	49.30024
13	7	49.31133
13	7	49.32168
13	7	49.33232
13	7	49.34304
13	7	49.35336
13	7	49.36402
13	7	49.37501
13	7	49.38523
13	7	49.39527
12	7	49.40646
12	7	49.41742
12	7	49.42707
12	7	49.43717
12	7	49.44871
12	7	49.45984
12	7	49.47099
12	7	49.48192
12	7	49.49334
12	7	49.50441
12	7	49.51564
11	7	49.52729
11	7	49.53852
11	7	49.54993
11	7	49.56098
11	7	49.57191
11	7	49.58379
11	7	49.59456
11	7	49.6057
11	7	49.61702
11	7	49.6282
11	7	49.6394
10	7	49.65118
10	7	49.66294
10	7	49.673
10	7	49.68384
10	7	49.69522
10	7	49.70667
10	7	49.71812
10	7	49.72995
10	7	49.74127
10	7	49.75306
10	7	49.76513
10	6	49.78076
10	6	49.79217
10	6	49.80635
10	6	49.82225
10	6	49.83535
10	6	49.85053
10	6	49.86213
10	6	49.87259
10	6	49.88324
10	5	49.89342
10	5	49.90367
10	5	49.91531
10	5	49.92881
10	5	49.94307
10	5	49.95415
10	5	49.96534
10	5	49.979
10	5	49.99221
10	5	50.00313
10	4	50.01472
10	4	50.02666
10	4	50.03781
10	4	50.05162
10	4	50.06752
10	4	50.07896
10	4	50.08984
10	4	50.10823
10	4	50.13143
11	5	50.15272
11	5	50.17565
11	5	50.19754
11	5	50.22038
11	5	50.24212
12	5	50.26418
12	5	50.28728
12	5	50.30899
12	5	50.33114
12	5	50.35337
12	5	50.3754
13	5	50.39862
13	5	50.42049
13	5	50.44326
13	5	50.46576
13	5	50.48831
13	4	50.5102
13	4	50.53241
13	4	50.55476
13	4	50.57706
13	4	50.59185
13	4	50.6026
13	4	50.6167
13	3	50.63076
13	3	50.64114
13	3	50.6529
13	3	50.66766
13	3	50.68083
13	3	50.69176
13	3	50.70291
13	3	50.71297
13	3	50.7232
13	3	50.73315
13	3	50.74258
13	2	50.75381
13	2	50.7666
13	2	50.78054
13	2	50.7906
13	2	50.80109
13	2	50.81147
13	2	50.82316
13	2	50.83368
13	2	50.84433
13	2	50.8549
13	2	50.86563
13	2	50.8755
13	2	50.88537
13	2	50.89467
13	2	50.90562
13	2	50.91695
12	2	50.92762
12	2	50.93815
12	2	50.94859
12	2	50.95873
12	2	50.96833
12	2	50.9788
12	2	50.98997
12	2	51.00159
12	2	51.01242
12	2	51.02412
12	2	51.03526
12	2	51.04643
11	2	51.05756
11	2	51.06871
11	2	51.07983
11	2	51.09409
11	2	51.1039
11	2	51.11375
11	2	51.12439
11	2	51.13517
11	2	51.14665
11	2	51.15821
11	2	51.16893
10	2	51.17994
10	2	51.19092
10	2	51.20256
10	2	51.21415
10	2	51.2248
10	2	51.23669
10	2	51.24751
10	2	51.25871
10	2	51.27008
10	2	51.28144
9	2	51.29425
9	2	51.30612
9	2	51.31785
9	2	51.32901
9	2	51.34019
9	2	51.35139
9	2	51.36183
9	2	51.37285
9	2	51.38411
9	2	51.39547
9	2	51.40704
8	2	51.41878
8	2	51.43005
8	2	51.44168
8	2	51.45354
8	2	51.46426
8	2	51.4753
8	2	51.48668
8	2	51.49815
8	2	51.50928
8	2	51.52043
8	2	51.53238
7	2	51.5426
7	2	51.55381
7	2	51.56509
7	2	51.57616
7	2	51.58718
7	2	51.59856
7	2	51.60952
7	2	51.62059
7	2	51.63184
7	2	51.64303
7	2	51.65429
6	2	51.66561
6	2	51.67616
6	2	51.68802
6	2	51.70057
6	2	51.71209
6	2	51.72248
6	2	51.73273
6	2	51.74403
6	2	51.75566
6	2	51.76651
6	2	51.7779
5	2	51.78941
5	2	51.80267
5	2	51.81496
5	2	51.82993
5	2	51.84305
5	2	51.85604
5	2	51.86852
5	2	51.87864
5	2	51.88888
5	2	51.89902
4	2	51.90905
4	2	51.92001
4	2	51.93019
4	2	51.94287
4	2	51.95601
4	2	51.9661
4	2	51.97584
4	2	51.98616
4	2	51.99668
4	2	52.00969
4	2	52.02269
3	2	52.03303
3	2	52.04314
3	2	52.05408
3	2	52.06699
3	2	52.07969
3	2	52.09101
3	2	52.10544
3	2	52.11531
3	2	52.1255
3	2	52.13554
3	2	52.14521
2	2	52.15606
2	2	52.1683
2	2	52.18143
2	2	52.19493
2	2	52.20562
2	2	52.21621
2	2	52.22646
2	2	52.23845
2	2	52.25443
2	2	52.26672
2	3	52.27876
2	3	52.29054
2	3	52.30154
2	3	52.31478
2	3	52.32846
2	3	52.34155
2	3	52.35355
2	3	52.36572
2	3	52.37733
2	3	52.38857
2	4	52.40033
2	4	52.4103
2	4	52.42069
2	4	52.43396
2	4	52.44631
2	4	52.45689
2	4	52.46764
2	4	52.48092
2	4	52.49399
2	4	52.50412
2	5	52.51532
2	5	52.52618
2	5	52.53688
2	5	52.54962
2	5	52.56217
2	5	52.57263
2	5	52.5827
2	5	52.59253
2	5	52.60974
2	5	52.633
3	4	52.66373
3	4	52.67691
3	4	52.69965
3	4	52.7215
3	4	52.74433
4	4	52.76649
4	4	52.78938
4	4	52.81094
4	4	52.83541
4	4	52.85598
4	4	52.87777
5	4	52.90013
5	4	52.9222
5	4	52.94512
5	4	52.96704
5	4	52.9896
6	4	53.01227
6	4	53.03448
6	4	53.0572
6	4	53.07945
6	4	53.09289
6	4	53.10323
6	4	53.11638
7	4	53.12894
7	4	53.13916
7	4	53.15049
7	4	53.16237
7	4	53.1741
7	4	53.18654
7	4	53.19732
7	4	53.2079
7	4	53.21819
7	4	53.22837
7	4	53.23836
7	5	53.24904
7	5	53.2604
7	5	53.27073
7	5	53.2795
7	5	53.2905
7	5	53.30207
7	5	53.31326
7	5	53.3242
7	5	53.33543
7	5	53.34971
7	5	53.35885
7	6	53.36921
7	6	53.38107
7	6	53.39283
7	6	53.40417
7	6	53.41574
7	6	53.4266
7	6	53.43763
7	6	53.44895
7	6	53.46009
7	6	53.4714
7	6	53.48261
7	7	53.49348
7	7	53.50451
7	7	53.51609
7	7	53.52681
7	7	53.53813
7	7	53.54943
7	7	53.56086
7	7	53.57262
7	7	53.58414
7	7	53.59528
7	7	53.60659
7	8	53.61791
7	8	53.62933
7	8	53.64102
7	8	53.65398
7	8	53.66839
7	8	53.67825
7	8	53.68859
7	8	53.69825
7	8	53.7084
7	8	53.71878
7	8	53.72996
7	9	53.74246
7	9	53.75564
7	9	53.76618
7	9	53.77825
7	9	53.79187
7	9	53.80272
7	9	53.81295
7	9	53.82466
7	9	53.84018
7	9	53.85069
7	10	53.86268
7	10	53.87411
7	10	53.88737
7	10	53.90321
7	10	53.91794
7	10	53.92744
7	10	53.93824
7	10	53.9481
7	10	53.95837
7	10	53.96903
7	10	53.97954
8	10	53.98987
8	10	54.00023
8	10	54.01108
8	10	54.02426
8	10	54.03851
8	10	54.05251
8	10	54.06609
8	10	54.07711
8	10	54.08896
8	10	54.10095
8	10	54.11182
8	10	54.1241
8	10	54.13481
8	10	54.14764
8	10	54.16138
8	10	54.17146
8	10	54.18192
8	10	54.19266
8	10	54.20583
8	10	54.21798
9	10	54.24027
9	10	54.26332
9	10	54.28582
9	10	54.30783
9	10	54.33004
8	10	54.35283
8	10	54.37444
8	10	54.39679
8	10	54.41923
8	10	54.4418
8	10	54.46408
7	10	54.48669
7	10	54.50931
7	10	54.53136
7	10	54.5537
7	10	54.5757
6	10	54.59854
6	10	54.62078
6	10	54.64296
6	10	54.66549
6	10	54.68766
6	10	54.70991
6	10	54.72018
6	10	54.73223
6	10	54.74318
6	10	54.75591
6	10	54.76818
6	10	54.77739
6	10	54.78741
6	10	54.79862
6	10	54.80971
6	10	54.8216
6	10	54.83385
5	10	54.8464
5	10	54.85735
5	10	54.86789
5	10	54.88059
5	10	54.89294
5	10	54.90301
5	10	54.91268
5	10	54.9222
5	10	54.93362
5	10	54.94474
5	10	54.95585
4	10	54.96675
4	10	54.97827
4	10	54.99182
4	10	55.00366
4	10	55.01359
4	10	55.0248
4	10	55.03649
4	10	55.04777
4	10	55.05883
4	10	55.06984
3	10	55.08234
3	10	55.0945
3	10	55.10637
3	10	55.1198
3	10	55.13415
3	10	55.14834
3	10	55.16155
3	10	55.17218
3	10	55.18225
3	10	55.19267
2	10	55.20427
2	10	55.21422
2	10	55.22518
2	10	55.23845
2	10	55.25202
2	10	55.26256
2	10	55.27385
2	10	55.28704
2	10	55.30146
2	10	55.31487
3	10	55.32689
3	10	55.33893
3	10	55.35212
3	10	55.36342
3	10	55.39408
3	10	55.40501
3	10	55.41536
3	10	55.42604
3	10	55.43637
4	10	55.44731
4	10	55.45779
4	10	55.46761
4	10	55.47738
4	10	55.48835
4	10	55.49821
4	10	55.50833
4	10	55.51944
4	10	55.52882
4	10	55.53814
4	10	55.54754
4	10	55.55815
5	10	55.56931
5	10	55.58054
5	10	55.59175
5	10	55.60319
5	10	55.61384
5	10	55.62496
5	10	55.63624
5	10	55.64978
5	10	55.65988
5	10	55.67019
5	10	55.68121
6	10	55.69273
6	10	55.70365
6	10	55.7148
6	10	55.72615
6	10	55.73731
6	10	55.74864
6	10	55.76009
6	10	55.77103
6	10	55.78225
6	10	55.79312
6	10	55.80468
7	10	55.81583
7	10	55.82668
7	10	55.83814
7	10	55.84983
7	10	55.86672
7	10	55.87733
7	10	55.88758
7	10	55.89839
7	10	55.90907
7	10	55.92004
7	10	55.93158
5	10	55.94231
5	10	55.95265
5	10	55.96231
5	10	55.9726
5	10	55.98356
5	10	55.99435
5	10	56.00569
5	10	56.01696
5	10	56.02878
5	10	56.04087
5	10	56.05256
5	10	56.06481
5	10	56.07885
5	10	56.09126
5	10	56.10363
5	10	56.11448
5	10	56.12608
5	10	56.13673
5	10	56.1475
5	10	56.15988
5	10	56.17006
5	10	56.18003
4	10	56.19011
4	10	56.20082
4	10	56.21085
4	10	56.22131
4	10	56.23201
4	10	56.24278
4	10	56.25437
4	10	56.26529
4	10	56.27554
4	10	56.28586
4	10	56.29651
3	10	56.30737
3	10	56.31864
3	10	56.32994
3	10	56.34077
3	10	56.35207
3	10	56.3631
3	10	56.37436
3	10	56.38591
3	10	56.39655
3	10	56.40815
3	10	56.41929
2	10	56.43018
2	10	56.44135
2	10	56.45264
2	10	56.46352
2	10	56.47474
2	10	56.48606
2	10	56.49694
2	10	56.50806
2	10	56.51979
2	10	56.53046
2	10	56.54212
2	9	56.55311
2	9	56.56445
2	9	56.57541
2	9	56.58939
2	9	56.60222
2	9	56.61265
2	9	56.62309
2	9	56.63303
2	9	56.64843
2	9	56.6594
2	8	56.6696
2	8	56.68072
2	8	56.69135
2	8	56.70458
2	8	56.71951
2	8	56.73301
2	8	56.74403
2	8	56.75522
2	8	56.76576
2	8	56.77502
2	8	56.78585
2	7	56.7954
2	7	56.80596
2	7	56.81663
2	7	56.82981
2	7	56.84258
2	7	56.85415
2	7	56.8686
2	7	56.88218
2	7	56.89444
2	7	56.90617
2	7	56.91756
2	7	56.9283
2	7	56.93905
2	7	56.94969
2	7	56.96092
2	7	56.9711
2	7	56.98053
3	7	56.99174
3	7	57.00238
3	7	57.02269
3	7	57.04451
3	7	57.06674
3	7	57.08875
3	7	57.11096
4	7	57.13331
4	7	57.15612
4	7	57.17857
4	7	57.20035
4	7	57.22303
4	6	57.24518
4	6	57.26788
4	6	57.29078
4	6	57.31268
4	6	57.33616
4	6	57.35776
4	5	57.37923
4	5	57.40132
4	5	57.42416
4	5	57.44605
4	5	57.46864
4	4	57.49138
4	4	57.50565
4	4	57.51872
4	4	57.53016
4	4	57.54215
4	4	57.55257
4	4	57.56303
4	4	57.57346
4	4	57.58457
4	4	57.59463
4	4	57.60524
4	4	57.61472
4	4	57.62554
4	5	57.63766
4	5	57.64734
4	5	57.65849
4	5	57.66949
4	5	57.68044
4	5	57.69168
4	5	57.70295
4	5	57.71381
4	5	57.72482
4	5	57.73656
4	5	57.74756
4	6	57.75859
4	6	57.76963
4	6	57.78092
4	6	57.7924
4	6	57.80429
4	6	57.81493
4	6	57.82597
4	6	57.83701
4	6	57.84845
4	6	57.8597
4	6	57.87152
4	7	57.88362
4	7	57.90242
4	7	57.91375
4	7	57.92462
4	7	57.93554
4	7	57.94669
4	7	57.95951
4	7	57.97141
4	7	57.98279
4	7	57.9938
4	7	58.00419
4	7	58.01436
4	7	58.0262
4	7	58.0369
4	7	58.04934
4	7	58.06073
4	7	58.07146
4	7	58.0819
4	7	58.09198
4	7	58.10175
4	7	58.1112
4	7	58.12193
4	7	58.13248
4	7	58.14369
4	7	58.15413
4	7	58.16365
4	7	58.17263
4	7	58.18359
4	7	58.19459
4	7	58.20597
4	7	58.21687
4	7	58.2281
4	7	58.23912
4	7	58.25092
4	7	58.26192
4	7	58.27288
4	7	58.28416
4	7	58.29546
4	7	58.30654
4	7	58.31811
4	7	58.32897
4	7	58.34012
4	7	58.35119
4	7	58.3624
4	7	58.3736
4	7	58.38474
4	7	58.39587
4	7	58.40698
4	7	58.41828
4	7	58.42912
4	7	58.44035
4	7	58.45139
4	7	58.46247
4	7	58.47394
4	7	58.48513
4	7	58.49618
4	7	58.50758
4	7	58.51926
4	7	58.53062
4	7	58.54251
4	7	58.55412
4	7	58.56567
4	7	58.57719
4	7	58.58855
4	7	58.60017
3	7	58.62423
3	7	58.63618
3	7	58.64906
3	7	58.6627
3	7	58.67523
3	7	58.6883
3	7	58.69944
3	7	58.70979
3	7	58.72121
2	7	58.73277
2	7	58.74443
2	7	58.75483
2	7	58.76623
2	7	58.77658
2	7	58.78578
2	7	58.79659
2	7	58.80628
2	7	58.81636
2	7	58.82719
2	7	58.8374
2	7	58.84745
2	7	58.85733
2	7	58.86702
2	7	58.876
2	7	58.88777
2	7	58.89822
2	7	58.91289
2	7	58.92299
2	7	58.93265
2	7	58.94335
2	7	58.95443
2	7	58.96572
2	8	58.97668
2	8	58.98803
2	8	58.99898
2	8	59.01021
2	8	59.02167
2	8	59.03192
2	8	59.04403
2	8	59.05468
2	8	59.06549
2	8	59.07657
2	8	59.08787
2	9	59.09909
2	9	59.11017
2	9	59.12166
2	9	59.13322
2	9	59.14407
2	9	59.1556
2	9	59.16653
2	9	59.17783
2	9	59.1891
2	9	59.20074
2	9	59.2115
2	10	59.22273
2	10	59.23382
2	10	59.24497
2	10	59.25676
2	10	59.26802
2	10	59.27994
2	10	59.29124
2	10	59.3027
2	10	59.31454
2	10	59.32603
2	10	59.33736
3	10	59.34859
3	10	59.3604
3	10	59.37195
3	10	59.38318
3	10	59.3943
3	10	59.40672
3	10	59.41774
3	10	59.42885
3	10	59.44045
3	10	59.45148
3	10	59.46272
4	10	59.47398
4	10	59.48513
4	10	59.49643
4	10	59.50733
4	10	59.51892
4	10	59.52996
4	10	59.54083
4	10	59.55216
4	10	59.56306
4	10	59.57431
4	10	59.58554
5	10	59.59702
5	10	59.60809
5	10	59.6199
5	10	59.63407
5	10	59.64631
5	10	59.66008
5	10	59.67541
5	10	59.68616
5	10	59.69656
5	10	59.70681
6	10	59.71734
6	10	59.72807
6	10	59.74093
6	10	59.75232
6	10	59.76323
6	10	59.7738
6	10	59.78399
6	10	59.79526
6	10	59.80584
6	10	59.81611
6	10	59.8272
7	10	59.83736
7	10	59.848
7	10	59.85776
7	10	59.86731
7	10	59.8776
7	10	59.88845
7	10	59.8995
7	10	59.92395
7	10	59.93749
7	10	59.94823
7	11	59.9584
7	11	59.96855
7	11	59.97886
7	11	59.98977
7	11	60.00327
7	11	60.01671
7	11	60.02806
7	11	60.03827
7	11	60.04858
7	11	60.05812
7	11	60.06877
7	11	60.07865
7	12	60.08867
7	12	60.09911
7	12	60.11035
7	12	60.12294
7	12	60.13632
7	12	60.1496
7	12	60.1628
7	12	60.17376
7	12	60.1838
7	12	60.19405
7	13	60.20363
7	13	60.21368
7	13	60.22492
7	13	60.23933
7	13	60.25321
7	13	60.2635
7	13	60.27423
7	13	60.28489
7	13	60.29567
7	13	60.30898
7	13	60.32377
7	14	60.33584
7	14	60.34979
7	14	60.36383
7	14	60.3806
7	14	60.39248
7	14	60.40329
7	14	60.41578
7	14	60.42932
7	14	60.44159
7	15	60.4628
7	15	60.48407
7	15	60.50631
7	15	60.52862
7	15	60.55151
7	16	60.57386
7	16	60.59655
7	16	60.61971
7	16	60.6413
7	16	60.66347
7	16	60.68589
6	16	60.70817
6	16	60.73029
6	16	60.75257
6	16	60.77528
6	16	60.79761
5	16	60.81957
5	16	60.84198
5	16	60.86469
5	16	60.88686
5	16	60.9095
5	16	60.9201
5	16	60.93243
4	16	60.94526
4	16	60.95775
4	16	60.96801
4	16	60.98056
4	16	60.99462
4	16	61.00459
4	16	61.01466
4	16	61.02645
4	16	61.03636
4	16	61.046
4	16	61.05433
3	16	61.06501
3	16	61.07623
3	16	61.08793
3	16	61.1002
3	16	61.11271
3	16	61.1226
3	16	61.13288
3	16	61.1432
3	16	61.15415
3	16	61.16519
3	16	61.17905
2	16	61.18906
2	16	61.19888
2	16	61.21023
2	16	61.22292
2	16	61.23516
2	16	61.24648
2	16	61.25882
2	16	61.27457
2	16	61.28482
2	16	61.29422
2	16	61.30357
2	15	61.31355
2	15	61.32368
2	15	61.33356
2	15	61.34507
2	15	61.35882
2	15	61.37058
2	15	61.38032
2	15	61.39042
2	15	61.40146
2	15	61.41434
2	15	61.42747
2	14	61.43623
2	14	61.44651
2	14	61.45679
2	14	61.46771
2	14	61.48291
2	14	61.49894
2	14	61.51082
2	14	61.52328
2	14	61.53389
2	14	61.54422
2	14	61.55614
2	13	61.57
2	13	61.58468
2	13	61.59913
2	13	61.61178
2	13	61.62273
2	13	61.63377
2	13	61.64478
2	13	61.6562
2	13	61.66843
2	13	61.67931
3	13	61.68941
3	13	61.70054
3	13	61.71337
3	13	61.72781
3	13	61.74118
3	13	61.75101
3	13	61.76082
3	13	61.77095
3	13	61.78176
3	13	61.79189
3	13	61.80171
4	13	61.81259
4	13	61.82346
4	13	61.83385
4	13	61.84718
4	13	61.86059
4	13	61.87161
4	13	61.88482
4	13	61.898
4	13	61.9079
4	13	61.91896
4	13	61.92934
4	13	61.93974
4	13	61.95393
4	13	61.96745
4	12	61.97786
4	12	61.98846
4	12	61.99957
4	12	62.01302
4	12	62.02752
4	12	62.04033
4	12	62.05357
4	12	62.06398
4	12	62.08178
4	11	62.10403
4	11	62.12608
4	11	62.14878
4	11	62.17089
4	11	62.19419
4	10	62.21597
4	10	62.23817
4	10	62.26081
4	10	62.28314
4	10	62.30531
4	10	62.32762
4	11	62.35017
4	11	62.37194
4	11	62.39431
4	11	62.41687
4	11	62.43915
4	11	62.46173
4	12	62.48443
4	12	62.5075
4	12	62.52904
4	12	62.55107
4	12	62.56163
4	12	62.5737
4	12	62.58418
4	13	62.59583
4	13	62.6073
4	13	62.62045
4	13	62.63104
4	13	62.64198
4	13	62.6533
4	13	62.66349
4	13	62.67446
4	13	62.68467
4	13	62.69587
4	13	62.7072
4	13	62.71806
4	13	62.72924
4	13	62.74065
4	13	62.75153
4	13	62.763
4	13	62.77425
4	13	62.78544
4	13	62.79655
4	13	62.80788
3	13	62.81964
3	13	62.83036
3	13	62.84223
3	13	62.85382
3	13	62.86559
3	13	62.87731
3	13	62.88916
3	13	62.90063
3	13	62.91196
3	13	62.92377
3	13	62.9351
2	13	62.94675
2	13	62.95834
2	13	62.96961
2	13	62.98064
2	13	62.99184
2	13	63.00291
2	13	63.01463
2	13	63.02541
2	13	63.03662
2	13	63.04806
2	13	63.0592
2	13	63.07055
2	13	63.08202
2	13	63.09323
2	13	63.10421
2	13	63.11535
2	13	63.12669
2	13	63.13764
2	13	63.14904
2	13	63.1603
2	13	63.17133
2	13	63.18245
2	13	63.19353
2	13	63.2048
2	14	63.21594
2	14	63.22697
2	14	63.23813
2	14	63.24918
2	14	63.26038
2	14	63.27142
2	14	63.28297
2	14	63.29381
2	14	63.30501
2	14	63.31637
2	14	63.32744
2	15	63.33882
2	15	63.35006
2	15	63.36149
2	15	63.37263
2	15	63.38385
2	15	63.39473
2	15	63.40586
2	15	63.41718
2	15	63.42812
2	15	63.43972
2	16	63.45869
2	16	63.47089
2	16	63.48201
2	16	63.49277
2	16	63.50275
2	16	63.51377
2	16	63.5248
2	16	63.53467
2	16	63.54463
2	16	63.55587
2	16	63.56823
2	16	63.57837
2	17	63.58911
2	17	63.5997
2	17	63.61087
2	17	63.62476
2	17	63.63746
2	17	63.6479
2	17	63.65943
2	17	63.66993
2	17	63.68025
2	17	63.69121
2	17	63.70154
2	18	63.71156
2	18	63.72148
2	18	63.73278
2	18	63.74601
2	18	63.76088
2	18	63.77411
2	18	63.78659
2	18	63.79697
2	18	63.8069
2	18	63.81815
2	19	63.83007
2	19	63.84021
2	19	63.85149
2	19	63.86449
2	19	63.87856
2	19	63.88844
2	19	63.89877
2	19	63.91009
2	19	63.92078
2	19	63.93512
3	19	63.94764
3	19	63.95852
3	19	63.96977
3	19	63.98461
3	19	64.00025
3	19	64.01065
3	19	64.022
3	19	64.03253
3	19	64.0431
3	19	64.05318
3	19	64.06329
4	19	64.07413
4	19	64.08709
4	19	64.0998
4	19	64.11485
4	19	64.13692
4	19	64.15927
4	19	64.18177
4	20	64.20409
4	20	64.227
4	20	64.24941
4	20	64.27161
4	20	64.29378
4	21	64.31609
4	21	64.33813
4	21	64.36038
4	21	64.384
4	21	64.40542
4	21	64.42744
4	22	64.4501
4	22	64.47247
4	22	64.4951
4	22	64.51715
4	22	64.54009
4	22	64.56179
4	22	64.58419
4	22	64.59449
4	22	64.6064
4	22	64.61681
4	22	64.62838
4	22	64.63935
4	22	64.6503
4	22	64.6621
4	22	64.67313
3	22	64.68452
3	22	64.69857
3	22	64.70813
3	22	64.72105
3	22	64.73418
3	22	64.74506
3	22	64.75489
3	22	64.76637
3	22	64.7758
3	22	64.78609
3	22	64.79609
2	22	64.80669
2	22	64.81815
2	22	64.82939
2	22	64.84331
2	22	64.85727
2	22	64.8726
2	22	64.88988
2	22	64.90149
2	22	64.91396
2	22	64.92527
2	22	64.93574
2	22	64.94583
2	22	64.95563
2	22	64.96647
2	22	64.97715
2	22	64.98774
2	23	64.99778
2	23	65.00765
2	23	65.01933
2	23	65.03218
2	23	65.04483
2	23	65.05537
2	23	65.06593
2	23	65.07606
2	23	65.08633
2	23	65.09709
2	23	65.10645
2	24	65.11653
2	24	65.12764
2	24	65.13856
2	24	65.15195
2	24	65.16589
2	24	65.17891
2	24	65.19186
2	24	65.20287
2	24	65.21318
2	24	65.22283
2	24	65.23302
2	25	65.24361
2	25	65.25351
2	25	65.26454
2	25	65.27654
2	25	65.2901
2	25	65.30083
2	25	65.31042
2	25	65.32195
2	25	65.33604
2	25	65.3512
2	26	65.36272
2	26	65.37495
2	26	65.38625
2	26	65.40119
2	26	65.41425
2	26	65.42456
2	26	65.43517
2	26	65.44482
2	26	65.46632
2	27	65.48914
2	27	65.51038
2	27	65.53281
2	27	65.55495
2	27	65.57742
2	27	65.5998
2	28	65.62216
2	28	65.64514
2	28	65.66713
2	28	65.68944
2	28	65.71171
2	29	65.73426
2	29	65.75652
2	29	65.77895
2	29	65.80204
2	29	65.82384
2	29	65.84659
3	29	65.86892
3	29	65.89132
3	29	65.9138
3	29	65.93578
3	29	65.95103
3	29	65.96149
4	29	65.97443
4	29	65.98793
4	29	65.99808
4	29	66.01405
4	29	66.03336
4	29	66.0443
4	29	66.05471
4	29	66.0658
4	29	66.07545
4	29	66.08636
5	29	66.09628
5	29	66.1063
5	29	66.11726
5	29	66.13094
5	29	66.14337
5	29	66.15301
5	29	66.16296
5	29	66.17302
5	29	66.18324
5	29	66.19244
5	29	66.20325
5	29	66.21312
6	29	66.22258
6	29	66.23344
6	29	66.24434
6	29	66.25778
6	29	66.27479
6	29	66.29091
6	29	66.30496
6	29	66.31689
6	29	66.32813
7	29	66.33939
7	29	66.35037
7	29	66.3619
7	29	66.3748
7	29	66.38764
7	29	66.39849
7	29	66.40945
7	29	66.41961
7	29	66.43057
7	29	66.44373
7	29	66.45644
7	29	66.46625
7	29	66.47608
7	29	66.48696
7	29	66.50031
7	29	66.51449
7	29	66.52493
7	29	66.53454
7	29	66.54427
7	29	66.55431
7	29	66.5643
7	29	66.5743
8	29	66.59463
8	29	66.61661
8	29	66.63861
8	29	66.66145
8	29	66.68367
9	29	66.70621
9	29	66.72864
9	29	66.75147
9	29	66.77349
9	29	66.79574
9	29	66.81811
10	29	66.84039
10	29	66.86244
10	29	66.88478
10	29	66.90758
10	29	66.92963
11	29	66.95185
11	29	66.97404
11	29	66.99674
11	29	67.01896
11	29	67.04134
11	29	67.064
12	29	67.0858
12	29	67.09897
12	29	67.11034
12	29	67.11973
12	29	67.1307
12	29	67.14117
12	29	67.15293
12	29	67.16373
12	29	67.17496
12	29	67.18592
12	28	67.19729
12	28	67.2085
12	28	67.22523
12	28	67.2424
12	28	67.25808
12	28	67.27098
12	28	67.28156
12	28	67.29152
12	28	67.30187
12	28	67.31147
12	27	67.32173
12	27	67.33199
12	27	67.34229
12	27	67.35514
12	27	67.36829
12	27	67.37952
12	27	67.39228
12	27	67.40551
12	27	67.41631
12	27	67.42713
12	26	67.43796
12	26	67.44824
12	26	67.45869
12	26	67.47182
12	26	67.48423
12	26	67.49487
12	26	67.50516
12	26	67.51562
12	26	67.52557
12	26	67.53608
12	26	67.54922
12	25	67.56178
12	25	67.57187
12	25	67.58278
12	25	67.59491
12	25	67.60739
12	25	67.61892
12	25	67.63335
12	25	67.64365
12	25	67.65507
12	25	67.66693
12	25	67.67625
12	25	67.6896
11	25	67.7113
11	25	67.73325
11	25	67.75587
11	25	67.77874
11	25	67.80091
11	25	67.82325
10	25	67.8463
10	25	67.8679
10	25	67.8903
10	25	67.91254
10	25	67.93477
9	25	67.95709
9	25	67.97945
9	25	68.00228
9	25	68.02426
9	25	68.04749
8	25	68.06897
8	25	68.09161
8	25	68.11386
8	25	68.13609
8	25	68.15911
8	25	68.18037
7	25	68.1943
7	25	68.20413
7	25	68.21413
7	25	68.22614
7	25	68.23877
7	25	68.24874
7	25	68.25829
7	25	68.26933
7	25	68.28051
7	25	68.2969
7	25	68.30695
6	25	68.31719
6	25	68.33089
6	25	68.34393
6	25	68.35786
6	25	68.36818
6	25	68.37696
6	25	68.38716
6	25	68.39752
6	25	68.40736
6	25	68.41694
6	25	68.42822
6	25	68.43819
6	25	68.44832
6	25	68.45912
6	25	68.47713
6	25	68.49026
6	25	68.50319
6	25	68.51299
6	25	68.52309
6	25	68.5331
6	25	68.54375
6	25	68.5547
5	25	68.5645
5	25	68.57424
5	25	68.58456
5	25	68.59769
5	25	68.61007
5	25	68.61961
5	25	68.62977
5	25	68.6421
5	25	68.65578
5	25	68.66632
5	25	68.67599
4	25	68.68636
4	25	68.69594
4	25	68.70563
4	25	68.71747
4	25	68.72972
4	25	68.73987
4	25	68.75151
4	25	68.76462
4	25	68.77564
4	25	68.78709
4	25	68.80122
3	25	68.81525
3	25	68.8252
3	25	68.83857
3	25	68.85181
3	25	68.86227
3	25	68.87273
3	25	68.88229
3	25	68.89241
3	25	68.90223
3	25	68.91285
3	25	68.92281
2	25	68.93264
2	25	68.94401
2	25	68.95865
2	25	68.97395
2	25	68.98424
2	25	68.99394
2	25	69.00385
2	25	69.01427
2	25	69.02455
2	25	69.035
2	25	69.04428
3	25	69.05473
3	25	69.06436
3	25	69.07427
3	25	69.08541
3	25	69.09726
3	25	69.10776
3	25	69.1188
3	25	69.12982
3	25	69.14124
3	25	69.15273
3	25	69.16318
4	25	69.17458
4	25	69.18588
4	25	69.19707
4	25	69.20788
4	25	69.21932
4	25	69.23058
4	25	69.24145
4	25	69.25372
4	25	69.26455
4	25	69.27522
4	25	69.28633
5	25	69.298
5	25	69.30853
5	25	69.31988
5	25	69.33112
5	25	69.34216
5	25	69.35332
5	25	69.36423
5	25	69.37531
5	25	69.38669
5	25	69.39819
5	25	69.40936
6	25	69.42048
6	25	69.43167
6	25	69.44371
6	25	69.45514
6	25	69.46972
6	25	69.48004
6	25	69.48983
6	25	69.50111
6	25	69.51298
6	25	69.5242
7	25	69.53578
7	25	69.54726
7	25	69.55862
7	25	69.57035
7	25	69.58145
7	25	69.59258
7	25	69.60396
7	25	69.61511
7	25	69.62613
7	25	69.63742
7	25	69.6487
6	26	69.65983
6	26	69.67071
6	26	69.68253
6	26	69.70157
6	26	69.71651
6	26	69.72911
6	26	69.74332
6	26	69.75574
6	26	69.76604
6	26	69.77618
6	27	69.78658
6	27	69.7981
6	27	69.8089
6	27	69.82176
6	27	69.8345
6	27	69.84408
6	27	69.85489
6	27	69.86469
6	27	69.87605
6	27	69.88764
6	27	69.90132
6	28	69.91411
6	28	69.92553
6	28	69.9378
6	28	69.95087
6	28	69.96091
6	28	69.97108
6	28	69.98156
6	28	69.99137
6	28	70.00197
6	28	70.01149
6	28	70.02126
6	27	70.03238
6	27	70.04291
6	27	70.05747
6	27	70.07008
6	27	70.08441
6	27	70.09603
6	27	70.10638
6	27	70.11649
6	27	70.12668
6	27	70.13727
6	26	70.14751
6	26	70.1571
6	26	70.16635
6	26	70.17557
6	26	70.18687
6	26	70.19717
6	26	70.207
6	26	70.2169
6	26	70.22646
6	26	70.23582
6	26	70.24734
6	26	70.2582
6	25	70.26912
6	25	70.28045
6	25	70.29148
6	25	70.30232
6	25	70.31368
6	25	70.3251
6	25	70.33601
6	25	70.34812
6	25	70.35873
6	25	70.3696
6	25	70.38165
6	24	70.39207
6	24	70.40361
6	24	70.41489
6	24	70.42621
6	24	70.43906
6	24	70.44846
6	24	70.45989
6	24	70.47695
6	24	70.4893
6	24	70.50069
6	23	70.51588
6	23	70.53072
6	23	70.54197
6	23	70.55665
6	23	70.57133
6	23	70.58115
6	23	70.59106
6	23	70.60165
6	23	70.61092
6	23	70.62103
6	23	70.63112
6	22	70.641
6	22	70.65128
6	22	70.66536
6	22	70.67747
6	22	70.68827
6	22	70.6992
6	22	70.71085
6	22	70.72215
6	22	70.73334
6	22	70.74499
6	22	70.75648
6	21	70.7678
6	21	70.77943
6	21	70.79179
6	21	70.80799
6	21	70.82255
6	21	70.83684
6	21	70.84784
6	21	70.85702
6	21	70.86716
6	21	70.87802
6	20	70.88805
6	20	70.89857
6	20	70.90872
6	20	70.92093
6	20	70.93929
6	20	70.96191
6	20	70.98448
6	19	71.00632
6	19	71.02863
6	19	71.0515
6	19	71.07337
6	19	71.096
6	19	71.11895
6	18	71.14026
6	18	71.16248
6	18	71.18524
6	18	71.20712
6	18	71.22955
6	17	71.25243
6	17	71.27501
6	17	71.29697
6	17	71.31953
6	17	71.34142
6	17	71.364
6	16	71.38611
6	16	71.40854
6	16	71.41893
6	16	71.43153
6	16	71.44507
6	16	71.45787
6	16	71.46928
6	16	71.48018
6	17	71.49162
6	17	71.50781
6	17	71.5188
6	17	71.52953
6	17	71.54141
6	17	71.55187
6	17	71.56192
6	17	71.57219
6	17	71.58319
6	17	71.59364
6	17	71.60316
6	17	71.61194
6	18	71.62067
6	18	71.63219
6	18	71.64307
6	18	71.6542
6	18	71.66563
6	18	71.67648
6	18	71.68764
6	18	71.69897
6	18	71.70989
6	18	71.72087
6	19	71.73599
6	19	71.74675
6	19	71.75711
6	19	71.7658
6	19	71.77682
6	19	71.78885
6	19	71.80119
6	19	71.8102
6	19	71.82152
6	19	71.83279
6	19	71.84382
6	19	71.85483
7	19	71.86631
7	19	71.87739
7	19	71.89149
7	19	71.90538
7	19	71.91847
7	19	71.92899
7	19	71.94011
7	19	71.95062
7	19	71.96087
7	19	71.97048
7	19	71.97968
8	19	71.99018
8	19	72.00124
8	19	72.01218
8	19	72.02599
8	19	72.0393
8	19	72.05061
8	19	72.06348
8	19	72.07713
8	19	72.08864
8	19	72.09949
9	19	72.11267
9	19	72.12617
9	19	72.13729
9	19	72.14783
9	19	72.15908
9	19	72.17046
9	19	72.18038
9	19	72.19094
9	19	72.20022
9	19	72.21066
9	19	72.22135
10	19	72.2328
10	19	72.24456
10	19	72.25615
10	19	72.26749
10	19	72.27716
10	19	72.28755
10	19	72.2979
10	19	72.30787
10	19	72.31893
10	19	72.32878
10	19	72.33958
9	19	72.3505
9	19	72.36158
9	19	72.3727
9	19	72.38554
9	19	72.39644
9	19	72.40758
9	19	72.41898
9	19	72.42975
9	19	72.44137
9	19	72.45213
9	19	72.46237
8	19	72.47198
8	19	72.48216
8	19	72.49216
8	19	72.50286
8	19	72.51443
8	19	72.52545
8	19	72.53675
8	19	72.54799
8	19	72.55917
8	19	72.57038
8	19	72.58178
7	19	72.59248
7	19	72.60405
7	19	72.61581
7	19	72.62646
7	19	72.63716
7	19	72.64859
7	19	72.65977
7	19	72.67123
7	19	72.6822
7	19	72.69314
7	19	72.70464
6	19	72.71667
6	19	72.73096
6	19	72.73983
6	19	72.751
6	19	72.76255
6	19	72.7737
6	19	72.78497
6	19	72.79597
6	19	72.80725
6	19	72.81858
6	19	72.82999
6	20	72.8412
6	20	72.85264
6	20	72.86413
6	20	72.87516
6	20	72.88651
6	20	72.89795
6	20	72.90921
6	20	72.92055
6	20	72.93208
6	20	72.94301
6	20	72.95418
6	21	72.96567
6	21	72.97681
6	21	72.98871
6	21	72.99918
6	21	73.01043
6	21	73.02158
6	21	73.03299
6	21	73.04339
6	21	73.05481
6	21	73.06586
6	21	73.07697
6	22	73.08878
6	22	73.10008
6	22	73.11163
6	22	73.1242
6	22	73.13568
6	22	73.14683
6	22	73.15918
6	22	73.16991
6	22	73.17969
6	22	73.19073
6	23	73.20428
6	23	73.21542
6	23	73.22551
6	23	73.23616
6	23	73.24657
6	23	73.25639
6	23	73.26798
6	23	73.27901
6	23	73.28988
6	23	73.30154
6	23	73.31197
6	23	73.32349
6	24	73.33462
6	24	73.34697
6	24	73.35946
6	24	73.36835
6	24	73.37901
6	24	73.39091
6	24	73.40188
6	24	73.41312
6	24	73.42452
6	24	73.43575
6	25	73.44711
6	25	73.45844
6	25	73.46951
6	25	73.48055
6	25	73.49201
6	25	73.50334
6	25	73.51402
6	25	73.5253
6	25	73.53644
6	25	73.54763
6	25	73.55849
5	25	73.56956
5	25	73.58064
5	25	73.59175
5	25	73.60294
5	25	73.61444
5	25	73.62542
5	25	73.63641
5	25	73.6478
5	25	73.65891
5	25	73.66978
5	25	73.68092
5	25	73.69221
5	25	73.70348
5	25	73.71494
5	25	73.72595
5	25	73.74088
5	25	73.75153
5	25	73.7616
5	25	73.77148
5	25	73.78092
5	25	73.79194
5	25	73.80321
4	25	73.81409
4	25	73.82546
4	25	73.83682
4	25	73.84782
4	25	73.90488
4	25	73.91597
4	25	73.92519
4	25	73.93522
3	25	73.94421
3	25	73.95449
3	25	73.96437
3	25	73.97556
3	25	73.98582
3	25	73.99559
3	25	74.0058
3	25	74.0166
3	25	74.02646
3	25	74.03687
3	25	74.04577
3	25	74.05543
2	25	74.06695
2	25	74.07801
2	25	74.08894
2	25	74.10012
2	25	74.11166
2	25	74.12297
2	25	74.13632
2	25	74.14843
2	25	74.15985
2	25	74.1702
2	24	74.1802
2	24	74.19065
2	24	74.20151
2	24	74.21178
2	24	74.22318
2	24	74.2346
2	24	74.24517
2	24	74.25661
2	24	74.27086
2	24	74.28351
2	24	74.29551
2	23	74.30717
2	23	74.31906
2	23	74.32991
2	23	74.341
2	23	74.35151
2	23	74.36212
2	23	74.37192
2	23	74.38094
2	23	74.3915
2	23	74.40223
2	23	74.41351
2	22	74.455
2	22	74.46583
2	22	74.47599
2	22	74.48714
2	22	74.49975
2	22	74.51078
2	22	74.52128
2	22	74.53139
2	22	74.5426
3	22	74.55328
3	22	74.56335
3	22	74.57346
3	22	74.58434
3	22	74.59509
3	22	74.60576
3	22	74.61555
3	22	74.62651
3	22	74.63631
3	22	74.64526
3	22	74.65578
3	22	74.66576
4	22	74.6763
4	22	74.68676
4	22	74.69628
4	22	74.70593
4	22	74.71427
4	22	74.7252
4	22	74.73659
4	22	74.74727
4	22	74.75866
4	22	74.76972
4	22	74.78439
5	22	74.79398
5	22	74.80342
5	22	74.81499
5	22	74.82783
5	22	74.84023
5	22	74.85349
5	22	74.86535
5	22	74.8758
5	22	74.88571
5	22	74.89513
5	22	74.90471
6	22	74.9165
6	22	74.92693
6	22	74.93844
6	22	74.95151
6	22	74.96399
6	22	74.97457
6	22	74.98457
6	22	74.9945
6	22	75.00771
6	22	75.02184
6	22	75.03165
7	22	75.04213
7	22	75.05206
7	22	75.06131
7	22	75.07253
7	22	75.08367
7	22	75.09447
7	22	75.10602
7	22	75.11777
7	22	75.12864
7	22	75.14019
7	22	75.15141
6	21	75.16285
6	21	75.17338
6	21	75.18472
6	21	75.19553
6	21	75.2066
6	21	75.2186
6	21	75.22905
6	21	75.23975
6	21	75.25156
6	21	75.26204
6	21	75.2734
6	20	75.28497
6	20	75.29572
6	20	75.307
6	20	75.31898
6	20	75.32939
6	20	75.34056
6	20	75.3518
6	20	75.36265
6	20	75.37379
6	20	75.38524
6	20	75.39616
6	19	75.40735
6	19	75.41862
6	19	75.42961
6	19	75.44072
6	19	75.45195
6	19	75.46285
6	19	75.47459
6	19	75.48574
6	19	75.49753
6	19	75.50931
6	19	75.52129
6	18	75.53249
6	18	75.54401
6	18	75.55551
6	18	75.56683
6	18	75.57823
6	18	75.58987
6	18	75.60138
6	18	75.61275
6	18	75.62418
6	18	75.63618
6	17	75.64725
6	17	75.65849
6	17	75.67004
6	17	75.68109
6	17	75.69218
6	17	75.70347
6	17	75.71455
6	17	75.7258
6	17	75.73701
6	17	75.74806
6	17	75.75916
6	16	75.77035
6	16	75.78165
6	16	75.79687
6	16	75.80647
6	16	75.81612
6	16	75.82745
6	16	75.8386
6	16	75.8495
6	16	75.85931
6	16	75.86958
6	16	75.88068
6	15	75.89168
6	15	75.90288
6	15	75.9141
6	15	75.92535
6	15	75.93667
6	15	75.94816
6	15	75.95898
6	15	75.9701
6	15	75.98138
6	15	75.99254
6	15	76.00357
6	16	76.01511
6	16	76.02609
6	16	76.03745
6	16	76.04852
6	16	76.05968
6	16	76.07094
6	16	76.08224
6	16	76.09373
6	16	76.10596
6	16	76.11652
6	16	76.12767
6	17	76.13922
6	17	76.14972
6	17	76.16228
6	17	76.17776
6	17	76.18896
6	17	76.20107
6	17	76.21095
6	17	76.22123
6	17	76.23029
6	17	76.24014
6	17	76.2503
6	18	76.26048
6	18	76.27135
6	18	76.28141
6	18	76.29171
6	18	76.30064
6	18	76.31155
6	18	76.32339
6	18	76.33427
6	18	76.3456
6	18	76.35657
6	18	76.36809
6	18	76.37894
6	19	76.39006
6	19	76.40102
6	19	76.41287
6	19	76.42365
6	19	76.43496
6	19	76.44599
6	19	76.45709
6	19	76.46841
6	19	76.47964
6	19	76.49062
6	19	76.50198
6	20	76.51305
6	20	76.52442
6	20	76.53616
6	20	76.54668
6	20	76.55788
6	20	76.56985
6	20	76.58023
6	20	76.59111
6	20	76.60258
6	20	76.61383
6	19	76.62481
6	19	76.63623
6	19	76.64751
6	19	76.65916
6	19	76.6706
6	19	76.68207
6	19	76.69309
6	19	76.70509
6	19	76.71632
6	19	76.7278
6	19	76.73882
7	19	76.75046
7	19	76.76167
7	19	76.77311
7	19	76.78476
7	19	76.79834
7	19	76.80815
7	19	76.81968
7	19	76.83048
7	19	76.84247
7	19	76.85377
7	19	76.86493
8	19	76.87629
8	19	76.88782
8	19	76.89896
8	19	76.90994
8	19	76.92121
8	19	76.93258
8	19	76.94405
8	19	76.95572
8	19	76.96634
8	19	76.97784
8	19	76.98833
9	19	76.99928
9	19	77.01057
9	19	77.02174
9	19	77.03256
9	19	77.04489
9	19	77.05618
9	19	77.06638
9	19	77.07883
9	19	77.08916
9	19	77.10063
9	19	77.11124
10	19	77.12205
10	19	77.13307
10	19	77.14429
10	19	77.15556
10	19	77.16677
10	19	77.17801
10	19	77.18919
10	19	77.20058
10	19	77.21144
10	19	77.2226
10	19	77.23357
11	19	77.24489
11	19	77.25594
11	19	77.26705
11	19	77.2781
11	19	77.28919
11	19	77.30044
11	19	77.31161
11	19	77.32275
11	19	77.33414
11	19	77.34515
11	19	77.35677
12	19	77.36742
12	19	77.37867
12	19	77.39003
12	19	77.40118
12	19	77.41252
12	19	77.42367
12	19	77.43498
12	19	77.44615
12	19	77.45721
12	19	77.4687
12	19	77.47968
12	20	77.49068
12	20	77.50188
12	20	77.5135
12	20	77.52643
12	20	77.5396
12	20	77.55068
12	20	77.5608
12	20	77.57067
12	20	77.58051
12	20	77.59065
12	20	77.59932
12	21	77.60987
12	21	77.62122
12	21	77.63221
12	21	77.6436
12	21	77.65683
12	21	77.67009
12	21	77.68333
12	21	77.6933
12	21	77.70354
12	21	77.71275
12	21	77.72263
12	22	77.73293
12	22	77.74391
12	22	77.75514
12	22	77.76731
12	22	77.77985
12	22	77.79002
12	22	77.80424
12	22	77.81413
12	22	77.82767
12	22	77.83999
12	22	77.85118
12	22	77.86108
11	22	77.87144
11	22	77.88225
11	22	77.89292
11	22	77.90822
11	22	77.92358
11	22	77.93498
11	22	77.9467
11	22	77.96033
11	22	77.9714
11	22	77.98466
10	22	77.99723
10	22	78.00857
10	22	78.0213
10	22	78.03358
10	22	78.04633
10	22	78.05709
10	22	78.06672
10	22	78.07629
10	22	78.08586
10	22	78.09596
10	22	78.10538
9	22	78.11537
9	22	78.12621
9	22	78.13988
9	22	78.15239
9	22	78.16325
9	22	78.17405
9	22	78.18355
9	22	78.19571
9	22	78.20934
9	22	78.21897
9	22	78.22857
9	22	78.2393
9	22	78.24887
9	22	78.25922
9	22	78.26895
9	22	78.27994
9	22	78.29271
9	23	78.30518
9	23	78.31503
9	23	78.32549
9	23	78.3375
9	23	78.34945
9	23	78.36008
9	23	78.37042
9	23	78.37932
9	23	78.38924
9	23	78.40065
9	23	78.41152
9	23	78.42306
9	24	78.4343
9	24	78.44701
9	24	78.45979
9	24	78.47158
9	24	78.48086
9	24	78.49091
9	24	78.50126
9	24	78.51204
9	24	78.52328
9	24	78.53439
9	24	78.5457
9	25	78.55721
9	25	78.5679
9	25	78.57917
9	25	78.59099
9	25	78.60266
9	25	78.61491
9	25	78.62558
9	25	78.63609
9	25	78.64765
9	25	78.65935
10	25	78.6706
10	25	78.68212
10	25	78.69356
10	25	78.70509
10	25	78.71638
10	25	78.72806
10	25	78.73917
10	25	78.75035
10	25	78.76184
10	25	78.77299
10	25	78.78444
11	25	78.80298
11	25	78.81396
11	25	78.82575
11	25	78.83615
11	25	78.84683
11	25	78.85777
11	25	78.8671
11	25	78.87718
11	25	78.88697
11	25	78.90103
11	25	78.91303
12	25	78.92445
12	25	78.93684
12	25	78.94728
12	25	78.95653
12	25	78.96652
12	25	78.97722
12	25	78.98785
12	25	78.99831
12	25	79.00804
12	25	79.01821
12	25	79.02816
12	26	79.03728
12	26	79.04845
12	26	79.0595
12	26	79.07146
12	26	79.08174
12	26	79.09332
12	26	79.10456
12	26	79.11579
12	26	79.12688
12	26	79.13868
12	26	79.14931
12	27	79.16025
12	27	79.17213
12	27	79.18269
12	27	79.19344
12	27	79.20496
12	27	79.21579
12	27	79.22784
12	27	79.23873
12	27	79.24957
12	27	79.26066
12	27	79.27242
12	28	79.2835
12	28	79.2942
12	28	79.30595
12	28	79.31706
12	28	79.32793
12	28	79.33908
12	28	79.35025
12	28	79.36139
12	28	79.3727
12	28	79.38446
12	28	79.39526
12	29	79.40654
12	29	79.41824
12	29	79.42981
12	29	79.44115
12	29	79.45266
12	29	79.46423
12	29	79.47573
12	29	79.4873
12	29	79.49888
12	29	79.5106
12	29	79.52194
12	29	79.53338
12	29	79.54534
12	29	79.55673
12	29	79.56817
12	29	79.57957
12	29	79.59064
12	29	79.60162
12	29	79.6133
12	29	79.62412
12	29	79.63551
12	29	79.64657
12	29	79.65781
12	29	79.66857
12	29	79.67973
12	29	79.69087
12	29	79.70259
12	29	79.71332
12	29	79.72446
12	29	79.73563
12	29	79.74747
12	29	79.75896
12	29	79.76962
12	29	79.78196
12	29	79.79193
12	29	79.80275
12	29	79.81712
12	29	79.82717
12	28	79.83769
12	28	79.8473
12	28	79.85825
12	28	79.86952
12	28	79.8803
12	28	79.89161
12	28	79.90189
12	28	79.91322
12	28	79.92442
12	28	79.93556
12	28	79.94683
12	27	79.95779
12	27	79.96891
12	27	79.98051
12	27	79.99161
12	27	80.00239
12	27	80.01463
12	27	80.0248
12	27	80.0359
12	27	80.04682
12	27	80.05801
12	27	80.06902
12	26	80.08042
12	26	80.09164
12	26	80.10296
12	26	80.1142
12	26	80.12562
12	26	80.13663
12	26	80.1479
12	26	80.15901
12	26	80.17059
12	26	80.18108
12	26	80.19238
12	25	80.20375
12	25	80.21493
12	25	80.22704
12	25	80.24004
12	25	80.24931
12	25	80.26005
12	25	80.27163
12	25	80.28285
12	25	80.29378
12	25	80.30566
12	25	80.3163
12	26	80.32757
12	26	80.33872
12	26	80.34992
12	26	80.36077
12	26	80.37226
12	26	80.38336
12	26	80.3946
12	26	80.40608
12	26	80.41706
12	26	80.42839
12	26	80.43971
12	27	80.45076
12	27	80.46182
12	27	80.4729
12	27	80.48495
12	27	80.49535
12	27	80.50648
12	27	80.5175
12	27	80.52858
12	27	80.53986
12	27	80.55088
12	27	80.56205
13	27	80.57333
13	27	80.58463
13	27	80.59846
13	27	80.61577
13	27	80.63252
13	27	80.64883
13	27	80.66782
13	27	80.6785
14	27	80.69348
14	27	80.70579
