x	y	time
15	11	0.1079698
15	11	0.1227205
15	11	0.1344075
15	11	0.1457227
15	11	0.1579523
15	11	0.1782753
15	11	0.1926108
15	11	0.2045902
15	11	0.2166637
15	11	0.227905
15	11	0.2386498
15	11	0.2511001
15	11	0.2628644
15	11	0.2785086
15	11	0.290304
15	11	0.3008629
15	11	0.3121325
15	11	0.3287063
15	11	0.343328
15	11	0.3650055
15	11	0.3871759
15	11	0.4104555
15	11	0.4326762
15	11	0.4555811
15	11	0.477721
15	11	0.5049381
15	11	0.5252522
15	11	0.5461485
15	11	0.5667524
15	11	0.588491
15	11	0.6114187
15	11	0.6331133
15	11	0.6609836
15	11	0.6784313
15	11	0.7006487
15	11	0.7232401
15	11	0.7455059
15	11	0.7678742
15	11	0.7906901
15	11	0.8092564
15	11	0.8211906
15	11	0.8333852
15	11	0.8463961
15	11	0.8597416
15	11	0.872225
15	11	0.8848519
15	11	0.8992445
15	11	0.9122522
15	11	0.9256322
15	11	0.9381028
15	11	0.9509689
15	11	0.9691457
15	11	0.9828633
15	11	0.9951842
15	11	1.007309
15	11	1.019268
15	11	1.033598
15	11	1.048652
15	11	1.063659
15	11	1.078407
15	11	1.093812
15	11	1.108678
15	11	1.128027
15	11	1.140695
15	11	1.156768
15	11	1.171227
15	11	1.192189
15	11	1.215001
15	11	1.236651
15	11	1.259345
15	11	1.28635
15	11	1.303641
15	11	1.326178
15	11	1.348433
15	11	1.371496
15	11	1.393222
15	11	1.415464
15	11	1.443273
15	11	1.460535
15	11	1.482532
15	11	1.50496
15	11	1.526932
15	11	1.549547
15	11	1.571737
15	11	1.600201
15	11	1.616759
15	11	1.629103
15	11	1.641527
15	11	1.660073
15	11	1.672685
15	11	1.68498
15	11	1.698697
15	11	1.710747
15	11	1.723596
15	11	1.743028
15	11	1.755931
15	11	1.768748
15	11	1.781075
15	11	1.793072
15	11	1.806064
15	11	1.818515
15	11	1.831484
15	11	1.845484
15	11	1.860447
15	11	1.874615
15	11	1.895574
15	11	1.911925
15	11	1.925156
15	11	1.937293
15	11	1.949968
15	11	1.961472
15	11	1.97533
15	11	1.99663
15	11	2.018819
15	11	2.040643
15	11	2.06784
15	11	2.085745
15	11	2.108166
15	11	2.130759
15	11	2.153246
15	11	2.176049
15	11	2.197618
15	11	2.225317
15	11	2.242745
15	11	2.266074
15	11	2.286382
15	11	2.30926
15	11	2.331576
15	11	2.35411
15	11	2.381422
15	11	2.398543
15	11	2.420882
15	11	2.433449
15	11	2.447035
15	11	2.462952
15	11	2.475621
15	11	2.488224
15	11	2.501265
15	11	2.514749
15	11	2.533011
15	11	2.546922
15	11	2.564037
15	11	2.576926
15	11	2.589792
15	11	2.604345
15	11	2.616925
15	11	2.631923
15	11	2.644559
15	11	2.658648
15	11	2.671495
15	11	2.689862
15	11	2.703284
15	11	2.715852
15	11	2.729535
15	11	2.742427
15	11	2.755
15	11	2.767664
15	11	2.780257
15	11	2.800585
15	11	2.824033
15	11	2.851176
15	11	2.868088
15	11	2.88995
15	11	2.912445
15	11	2.934457
15	11	2.957427
15	11	2.981104
15	11	3.007898
15	11	3.025346
15	11	3.046742
15	11	3.068786
15	11	3.091038
15	11	3.113455
15	11	3.135939
15	11	3.16384
15	11	3.181264
15	11	3.20262
15	11	3.22556
15	11	3.247998
15	11	3.261197
15	11	3.273255
15	11	3.286847
15	11	3.304907
15	11	3.317972
15	11	3.331143
15	11	3.346387
15	11	3.361822
15	11	3.374572
15	11	3.387985
15	11	3.400473
15	11	3.413546
15	11	3.426441
15	11	3.439059
16	11	3.457402
16	11	3.471885
16	11	3.486196
16	11	3.502652
16	11	3.5198
16	11	3.532099
16	11	3.544822
16	11	3.557685
16	11	3.5704
17	11	3.582084
17	11	3.594968
17	11	3.624548
17	11	3.642176
17	11	3.661063
17	11	3.682834
18	11	3.704592
18	11	3.727429
18	11	3.751068
18	11	3.780435
18	11	3.797992
18	11	3.818587
19	11	3.839977
19	11	3.863354
19	11	3.888612
19	11	3.910919
19	11	3.939461
20	11	3.957218
20	11	3.974494
20	11	4.000261
20	11	4.022
20	11	4.040175
20	11	4.06284
21	11	4.093699
21	11	4.110659
21	11	4.12635
21	11	4.138569
21	11	4.151237
21	11	4.164412
21	11	4.177524
22	11	4.189854
22	11	4.202687
22	11	4.21654
22	11	4.24063
22	11	4.256191
22	11	4.274461
22	11	4.286388
22	11	4.29914
23	11	4.311919
23	11	4.324195
23	11	4.339625
23	11	4.355232
23	11	4.372633
23	11	4.39508
23	11	4.41055
23	11	4.423069
24	11	4.43986
24	11	4.452822
24	11	4.465956
24	11	4.489424
24	11	4.511776
24	11	4.532879
25	11	4.561725
25	11	4.584014
25	11	4.599481
25	11	4.623656
25	11	4.64669
25	11	4.665291
26	11	4.687986
26	11	4.718665
26	11	4.736289
26	11	4.756444
26	11	4.777059
26	11	4.799921
27	11	4.821952
27	11	4.844993
27	11	4.874152
27	11	4.893343
27	11	4.911936
27	10	4.93433
27	10	4.94712
27	10	4.96118
27	10	4.977614
27	10	4.996182
27	10	5.021754
27	10	5.038404
27	10	5.05198
27	9	5.065295
27	9	5.078855
27	9	5.092732
27	9	5.110843
27	9	5.127148
27	9	5.140625
27	9	5.154417
27	8	5.17885
27	8	5.195889
27	8	5.212011
27	8	5.230244
27	8	5.247306
27	8	5.260798
27	8	5.273412
27	8	5.286119
27	8	5.299115
27	8	5.311931
27	8	5.332804
27	8	5.348115
27	8	5.362426
26	8	5.380016
26	8	5.402112
26	8	5.426086
26	8	5.44925
26	8	5.473365
25	8	5.500807
25	8	5.517531
25	8	5.537568
25	8	5.562057
25	8	5.589384
25	8	5.604977
25	8	5.628478
25	8	5.66359
25	8	5.681187
25	8	5.696476
25	7	5.718574
25	7	5.742851
25	7	5.764949
25	7	5.788398
25	7	5.820332
25	6	5.838646
25	6	5.851237
25	6	5.864766
25	6	5.879434
25	6	5.896391
25	6	5.909096
25	6	5.922168
25	6	5.934881
25	6	5.948412
25	5	5.970066
25	5	5.988371
25	5	6.003593
25	5	6.016245
25	5	6.029437
25	5	6.042878
25	5	6.056861
25	5	6.070296
25	5	6.082594
25	5	6.095688
25	5	6.108385
26	5	6.130242
26	5	6.148927
26	5	6.167219
26	5	6.179954
26	5	6.191742
26	5	6.203854
26	5	6.215836
27	5	6.238567
27	5	6.261593
27	5	6.29251
27	5	6.309596
27	5	6.329395
27	5	6.351746
27	5	6.374387
27	5	6.397528
27	5	6.420843
27	5	6.452815
27	4	6.470255
27	4	6.486072
27	4	6.509717
27	4	6.532865
27	4	6.556413
27	4	6.575759
27	3	6.609187
27	3	6.625768
27	3	6.645368
27	3	6.665699
27	3	6.678504
27	3	6.691166
27	3	6.704586
27	2	6.717204
27	2	6.730596
27	2	6.759925
27	2	6.777412
27	2	6.791186
27	2	6.80529
27	2	6.81852
27	2	6.83096
27	2	6.843297
27	2	6.855834
27	2	6.868697
27	2	6.886506
27	2	6.909521
27	2	6.925097
27	2	6.938494
26	2	6.950889
26	2	6.963948
26	2	6.977221
26	2	6.993408
26	2	7.008786
26	2	7.021072
26	2	7.033041
26	2	7.045298
26	2	7.065443
25	2	7.08216
25	2	7.101955
25	2	7.125285
25	2	7.147268
25	2	7.167949
24	2	7.189577
24	2	7.21281
24	2	7.242723
24	2	7.260906
24	2	7.27946
24	2	7.301771
23	2	7.324169
23	2	7.34831
23	2	7.372654
23	2	7.401049
23	2	7.418226
22	2	7.436501
22	2	7.458488
22	2	7.481908
22	2	7.505915
22	2	7.525361
22	2	7.551963
22	3	7.568826
22	3	7.581956
22	3	7.597442
22	3	7.612739
22	3	7.625311
22	3	7.637565
22	3	7.652196
22	3	7.664986
22	4	7.678582
22	4	7.700774
22	4	7.716365
22	4	7.731251
22	4	7.743069
22	4	7.7553
22	4	7.767905
22	4	7.780916
22	4	7.793787
22	5	7.806008
22	5	7.818618
22	5	7.831356
22	5	7.854809
22	5	7.872005
22	5	7.885769
22	5	7.89858
22	5	7.911022
23	5	7.92745
23	5	7.949686
23	5	7.973177
23	5	7.997782
23	5	8.025099
23	5	8.042068
24	5	8.06086
24	5	8.084033
24	5	8.107686
24	5	8.130394
24	5	8.151063
25	5	8.186352
25	5	8.201609
25	5	8.217826
25	5	8.239548
25	5	8.262898
25	5	8.285111
26	5	8.306931
26	5	8.334887
26	5	8.351935
26	5	8.37355
26	5	8.385502
26	5	8.397866
26	5	8.409573
25	5	8.422305
25	5	8.435131
25	5	8.447248
25	5	8.460703
25	5	8.48327
25	5	8.497998
25	5	8.510299
25	5	8.523258
24	5	8.536712
24	5	8.549603
24	5	8.561586
24	5	8.573889
24	5	8.58572
24	5	8.598338
24	5	8.610255
24	5	8.627893
24	5	8.648026
23	5	8.662378
23	5	8.675269
23	5	8.687267
23	5	8.701303
23	5	8.714514
23	5	8.726312
23	5	8.738693
23	5	8.750705
23	5	8.762495
23	5	8.776236
22	5	8.798667
22	5	8.826638
22	5	8.843582
22	5	8.865455
22	5	8.887499
22	5	8.910357
22	6	8.932934
22	6	8.955872
22	6	8.98457
22	6	9.002265
22	6	9.025451
22	6	9.04498
22	6	9.067193
22	6	9.090208
22	6	9.115748
22	6	9.143524
22	6	9.161784
22	7	9.178506
22	7	9.201377
22	7	9.227046
22	7	9.248243
22	7	9.261237
22	7	9.275309
22	8	9.312847
22	8	9.330435
22	8	9.344836
22	8	9.358899
22	8	9.371028
22	8	9.383335
22	8	9.396159
22	8	9.40827
22	9	9.420846
22	9	9.434442
22	9	9.456768
22	9	9.477686
22	9	9.490236
22	9	9.503167
22	9	9.515559
22	9	9.528891
22	10	9.541122
22	10	9.553066
22	10	9.565111
22	10	9.577205
22	10	9.590818
22	10	9.612144
22	10	9.627151
22	10	9.639507
22	11	9.657774
22	11	9.680504
22	11	9.703437
22	11	9.727732
22	11	9.751172
22	12	9.778911
22	12	9.796403
22	12	9.815803
22	12	9.83978
22	12	9.861768
22	12	9.882319
22	13	9.904951
22	13	9.934449
22	13	9.953238
22	13	9.973837
22	13	9.99329
22	13	10.01697
22	14	10.03895
22	14	10.06216
22	14	10.09121
22	14	10.10803
22	14	10.12754
22	14	10.13998
22	15	10.1556
22	15	10.17118
22	15	10.1896
22	15	10.20545
22	15	10.21931
22	15	10.24224
22	15	10.25827
22	16	10.2709
22	16	10.28337
22	16	10.29634
22	16	10.31079
22	16	10.32685
22	16	10.33887
22	16	10.35213
22	16	10.36442
22	16	10.37806
23	16	10.40071
23	16	10.41702
23	16	10.43261
23	16	10.44446
23	16	10.45777
23	16	10.47013
23	16	10.48202
23	16	10.49426
23	16	10.50648
24	16	10.51799
24	16	10.53035
24	16	10.56128
24	16	10.57829
24	16	10.5964
24	16	10.61865
25	16	10.64313
25	16	10.66348
25	16	10.68712
25	16	10.71637
25	16	10.73377
25	16	10.75334
26	16	10.77536
26	16	10.79941
26	16	10.82382
26	16	10.84522
26	16	10.87361
27	16	10.88996
27	16	10.91012
27	16	10.93484
27	16	10.9566
27	16	10.97778
27	16	10.99957
27	15	11.0202
27	15	11.03647
27	15	11.05084
27	15	11.0656
27	15	11.08018
27	15	11.0931
27	15	11.10617
27	15	11.11816
27	15	11.13034
27	14	11.1429
27	14	11.15546
27	14	11.17875
27	14	11.19466
27	14	11.20723
27	14	11.21933
27	14	11.23246
27	14	11.24466
27	13	11.2582
27	13	11.27409
27	13	11.28989
27	13	11.30801
27	13	11.32955
27	13	11.34436
27	13	11.35629
27	13	11.36879
26	13	11.38941
26	13	11.41191
26	13	11.43463
26	13	11.45923
26	13	11.48739
26	13	11.50406
25	13	11.5241
25	13	11.54647
25	13	11.57072
25	13	11.59308
25	13	11.61311
25	12	11.64305
25	12	11.66055
25	12	11.68064
25	12	11.70493
25	12	11.72744
25	12	11.74689
25	11	11.77016
25	11	11.80044
25	11	11.81617
25	11	11.83702
25	11	11.84968
25	11	11.862
25	11	11.87404
25	10	11.88571
25	10	11.89802
25	10	11.91189
25	10	11.92678
25	10	11.95282
25	10	11.96893
25	10	11.98189
25	10	11.99473
25	10	12.00691
25	10	12.01894
25	10	12.03615
25	10	12.04804
25	10	12.06123
25	10	12.07357
25	10	12.08637
25	10	12.10509
25	10	12.11732
25	10	12.12937
25	10	12.14214
25	10	12.15552
25	10	12.16793
25	10	12.181
25	10	12.19469
25	10	12.20636
25	11	12.21855
25	11	12.23046
25	11	12.2496
25	11	12.27693
25	11	12.29471
25	11	12.31816
25	12	12.33919
25	12	12.36109
25	12	12.38387
25	12	12.4066
25	12	12.43415
25	12	12.45138
25	13	12.4751
25	13	12.49715
25	13	12.51916
25	13	12.5402
25	13	12.56302
26	13	12.59123
26	13	12.60717
26	13	12.62963
26	13	12.65273
26	13	12.67686
26	13	12.6975
27	13	12.71106
27	13	12.72497
27	13	12.74357
27	13	12.75642
27	13	12.77071
27	13	12.78229
27	13	12.7952
27	13	12.80732
27	13	12.81941
27	13	12.83107
27	13	12.84324
27	13	12.85579
27	13	12.86939
27	13	12.88075
27	13	12.89984
27	14	12.91267
27	14	12.92527
27	14	12.93827
27	14	12.95014
27	14	12.96306
27	14	12.97505
27	14	12.98795
27	14	12.99954
27	14	13.0129
27	14	13.02814
27	15	13.04287
27	15	13.06938
27	15	13.08893
27	15	13.10956
27	15	13.13209
27	15	13.15535
27	16	13.17684
27	16	13.19866
27	16	13.22694
27	16	13.24391
27	16	13.26627
27	17	13.28893
27	17	13.31121
27	17	13.34031
27	17	13.35882
27	17	13.38569
27	18	13.40342
27	18	13.4233
27	18	13.44531
27	18	13.47021
27	18	13.49229
27	18	13.51282
27	19	13.53481
27	19	13.5541
27	19	13.57002
27	19	13.58157
27	19	13.59434
27	19	13.60664
27	19	13.61837
27	19	13.6308
27	19	13.64276
26	19	13.6551
26	19	13.66806
26	19	13.69106
26	19	13.70725
26	19	13.72072
26	19	13.73341
26	19	13.74506
26	19	13.75778
25	19	13.7701
25	19	13.78194
25	19	13.79599
25	19	13.81097
25	19	13.82617
25	19	13.84768
25	19	13.86338
25	19	13.87605
25	19	13.88784
25	19	13.90312
25	20	13.92452
25	20	13.9469
25	20	13.96978
25	20	13.9951
25	20	14.02274
25	20	14.0395
25	21	14.05863
25	21	14.08099
25	21	14.1059
25	21	14.12866
25	21	14.14851
25	22	14.17863
25	22	14.19745
25	22	14.2196
25	22	14.23826
25	22	14.26006
25	22	14.2827
25	22	14.30637
26	22	14.3373
26	22	14.35547
26	22	14.37143
26	22	14.38492
26	22	14.3974
26	22	14.40969
26	22	14.42172
26	22	14.43457
27	22	14.44725
27	22	14.46033
27	22	14.48199
27	22	14.49672
27	22	14.50874
27	22	14.52044
27	22	14.5327
27	22	14.54487
27	22	14.55769
27	22	14.57012
27	22	14.58598
27	22	14.59801
27	22	14.61043
27	23	14.6328
27	23	14.64943
27	23	14.66314
27	23	14.67668
27	23	14.69433
27	23	14.71181
27	23	14.73159
27	24	14.75183
27	24	14.77489
27	24	14.80585
27	24	14.82282
27	24	14.84157
27	24	14.86358
27	25	14.88616
27	25	14.9094
27	25	14.93345
27	25	14.96149
27	25	14.98103
27	26	14.99777
27	26	15.02048
27	26	15.04297
27	26	15.06681
27	26	15.09008
27	27	15.11756
27	27	15.13381
27	27	15.1547
27	27	15.17815
27	27	15.20055
27	27	15.21434
27	27	15.22698
27	28	15.23872
27	28	15.25117
27	28	15.27227
27	28	15.28798
27	28	15.30157
27	28	15.31571
27	28	15.32907
27	28	15.34132
27	28	15.35343
27	29	15.36586
27	29	15.37748
27	29	15.39042
27	29	15.40772
27	29	15.42814
27	29	15.44298
27	29	15.45568
27	29	15.46767
27	29	15.47985
27	29	15.49251
26	29	15.50483
26	29	15.51659
26	29	15.52997
26	29	15.54412
26	29	15.56007
26	29	15.57965
26	29	15.59409
26	29	15.6057
25	29	15.62344
25	29	15.64564
25	29	15.66825
25	29	15.69272
25	29	15.71531
25	29	15.74382
24	29	15.76055
24	29	15.77959
24	29	15.80363
24	29	15.82713
24	29	15.84619
23	29	15.86896
23	29	15.90287
23	29	15.92203
23	29	15.93954
23	29	15.95949
23	29	15.98237
22	29	16.00389
22	29	16.02682
22	29	16.05936
22	29	16.07589
22	29	16.09284
22	29	16.1064
21	29	16.11817
21	29	16.13107
21	29	16.14408
21	29	16.15901
21	29	16.17571
21	29	16.18894
21	29	16.21057
21	29	16.22596
20	29	16.23914
20	29	16.25154
20	29	16.26464
20	29	16.28007
20	29	16.29502
20	29	16.30745
20	29	16.32123
20	29	16.33278
20	29	16.34465
19	29	16.36723
19	29	16.38317
19	29	16.39894
19	29	16.41132
19	29	16.42557
19	29	16.4376
19	29	16.44938
19	29	16.46124
19	29	16.47384
18	29	16.49546
18	29	16.52701
18	29	16.54496
18	29	16.56309
18	29	16.58442
17	29	16.60619
17	29	16.62893
17	29	16.65217
17	29	16.68301
17	29	16.69858
17	29	16.71805
16	29	16.74153
16	29	16.76308
16	29	16.78706
16	29	16.81022
16	29	16.84068
16	28	16.85708
16	28	16.87531
16	28	16.89744
16	28	16.92167
16	28	16.9456
16	28	16.95924
16	28	16.97318
16	27	16.99879
16	27	17.01778
16	27	17.03456
16	27	17.04842
16	27	17.06335
16	27	17.07664
16	27	17.0883
16	26	17.10078
16	26	17.11277
16	26	17.1272
16	26	17.14765
16	26	17.16896
16	26	17.18187
16	26	17.19466
16	26	17.20738
16	26	17.21937
16	25	17.23153
16	25	17.24361
16	25	17.25669
16	25	17.27207
16	25	17.28758
16	25	17.30932
16	25	17.32601
16	25	17.33791
17	25	17.34885
17	25	17.36529
17	25	17.38865
17	25	17.41265
17	25	17.43477
17	25	17.45554
18	25	17.48561
18	25	17.5041
18	25	17.52431
18	25	17.54442
18	25	17.56674
19	25	17.5895
19	25	17.61281
19	25	17.64602
19	25	17.6642
19	25	17.67958
19	25	17.70024
19	24	17.72377
19	24	17.74614
19	24	17.7704
19	24	17.79847
19	24	17.81599
19	23	17.83441
19	23	17.84659
19	23	17.8593
19	23	17.87356
19	23	17.88881
19	23	17.90135
19	23	17.91425
19	23	17.92676
19	23	17.94923
19	22	17.9648
19	22	17.97724
19	22	17.99035
19	22	18.00579
19	22	18.0201
19	22	18.03242
19	22	18.04357
19	22	18.05574
19	22	18.06831
19	22	18.0803
19	22	18.1025
19	22	18.11749
19	22	18.13239
19	22	18.14561
19	22	18.15888
19	22	18.17513
19	22	18.193
19	22	18.21419
19	22	18.23721
19	22	18.26464
19	22	18.28205
19	22	18.30371
19	22	18.32662
19	22	18.34822
19	23	18.37135
19	23	18.39344
19	23	18.42173
19	23	18.43797
19	23	18.46056
19	23	18.48228
19	24	18.50703
19	24	18.52774
19	24	18.54955
19	24	18.57725
19	24	18.59475
19	25	18.61632
19	25	18.63921
19	25	18.66166
19	25	18.68327
19	25	18.69583
19	25	18.70835
19	25	18.72966
20	25	18.74586
20	25	18.76391
20	25	18.78049
20	25	18.79612
20	25	18.80828
20	25	18.82208
20	25	18.8339
20	25	18.84658
21	25	18.85898
21	25	18.88031
21	25	18.89638
21	25	18.91157
21	25	18.92558
21	25	18.93746
21	25	18.94962
21	25	18.96208
21	25	18.97425
22	25	18.98666
22	25	18.9987
22	25	19.01136
22	25	19.03531
22	25	19.05052
22	25	19.06222
22	25	19.07391
22	25	19.0848
22	25	19.09732
23	25	19.11858
23	25	19.14174
23	25	19.16677
23	25	19.19565
23	25	19.21144
24	25	19.23098
24	25	19.25324
24	25	19.27611
24	25	19.30057
24	25	19.32614
25	25	19.35285
25	25	19.36929
25	25	19.38818
25	25	19.41215
25	25	19.43451
25	25	19.45521
26	25	19.47808
26	25	19.51003
26	25	19.52819
26	25	19.54396
26	25	19.55564
26	25	19.56774
26	25	19.58005
27	25	19.59384
27	25	19.60563
27	25	19.617
27	25	19.63013
27	25	19.6504
27	25	19.66596
27	25	19.67754
27	25	19.69095
27	25	19.70317
26	25	19.71503
26	25	19.72733
26	25	19.74443
26	25	19.75733
26	25	19.76875
26	25	19.78249
26	25	19.80204
26	25	19.81441
26	25	19.82656
25	25	19.83929
25	25	19.85225
25	25	19.86442
25	25	19.87606
25	25	19.88833
25	25	19.90069
25	25	19.91211
25	25	19.92416
25	25	19.94555
24	25	19.97492
24	25	19.99027
24	25	20.01224
24	25	20.03417
24	25	20.05792
23	25	20.07978
23	25	20.1024
23	25	20.13049
23	25	20.14701
23	25	20.16953
23	25	20.19451
22	25	20.21394
22	25	20.23559
22	25	20.26008
22	25	20.28727
22	25	20.30422
22	26	20.32623
22	26	20.34887
22	26	20.37184
22	26	20.39645
22	26	20.42128
22	27	20.44974
22	27	20.46763
22	27	20.48163
22	27	20.49713
22	27	20.51189
22	27	20.52409
22	27	20.53547
22	27	20.54692
22	27	20.55971
22	28	20.57158
22	28	20.59367
22	28	20.60931
22	28	20.62394
22	28	20.63586
22	28	20.64721
22	28	20.65985
22	28	20.67178
22	28	20.68392
22	29	20.69641
22	29	20.70893
22	29	20.72098
22	29	20.73339
22	29	20.7544
22	29	20.77085
22	29	20.78592
22	29	20.79881
22	29	20.81201
22	29	20.82411
22	29	20.83922
22	28	20.86153
22	28	20.88372
22	28	20.91251
22	28	20.92912
22	28	20.9509
22	28	20.97337
22	27	20.99548
22	27	21.0229
22	27	21.04045
22	27	21.06932
22	27	21.08627
22	26	21.10696
22	26	21.12952
22	26	21.15177
22	26	21.17411
22	26	21.19717
22	25	21.22438
22	25	21.24201
22	25	21.26341
22	25	21.28615
22	25	21.29788
22	25	21.30967
22	25	21.32079
22	25	21.33269
22	25	21.344
22	24	21.35781
22	24	21.37736
22	24	21.39195
22	24	21.40776
22	24	21.4196
22	24	21.43145
22	24	21.44386
22	24	21.4563
22	23	21.46899
22	23	21.48067
22	23	21.49354
22	23	21.50799
22	23	21.52883
22	23	21.54645
22	23	21.55996
22	23	21.57412
22	23	21.58808
22	22	21.60094
22	22	21.61396
22	22	21.62914
22	22	21.64362
22	22	21.65482
22	22	21.66696
22	22	21.69667
23	22	21.71289
23	22	21.73305
23	22	21.75582
23	22	21.77972
23	22	21.80265
23	22	21.82281
24	22	21.85344
24	22	21.86968
24	22	21.89236
24	22	21.91275
24	22	21.93417
25	22	21.95673
25	22	21.97969
25	22	22.00974
25	22	22.0277
25	22	22.04606
25	22	22.06745
26	22	22.09022
26	22	22.11255
26	22	22.13466
26	22	22.15643
26	22	22.1688
26	22	22.18157
26	22	22.19353
27	22	22.20523
27	22	22.21718
27	22	22.22955
27	22	22.241
27	22	22.25288
27	22	22.26604
27	22	22.27738
27	22	22.28985
27	22	22.31334
27	22	22.32603
27	22	22.33737
27	22	22.34973
26	22	22.36236
26	22	22.37363
26	22	22.38554
26	22	22.39839
26	22	22.41004
26	22	22.42108
26	22	22.43418
26	22	22.44684
26	22	22.46529
26	22	22.47678
25	22	22.48706
25	22	22.503
25	22	22.52552
25	22	22.54757
25	22	22.56984
25	22	22.59316
25	21	22.61493
25	21	22.64268
25	21	22.66075
25	21	22.68219
25	21	22.70385
25	20	22.72664
25	20	22.74985
25	20	22.77143
25	20	22.80282
25	20	22.81834
25	20	22.83853
25	19	22.86184
25	19	22.88465
25	19	22.90766
25	19	22.92948
25	19	22.95704
25	19	22.96941
25	19	22.98329
25	19	22.99577
25	19	23.00775
25	19	23.01926
25	19	23.03158
25	19	23.04326
25	19	23.05553
25	19	23.0676
25	19	23.08049
25	19	23.10032
25	19	23.11238
25	19	23.12417
25	19	23.13556
25	19	23.14667
25	19	23.15872
25	19	23.17002
25	19	23.18164
25	19	23.19417
25	19	23.20502
25	19	23.21704
25	19	23.23139
25	20	23.2502
25	20	23.26282
25	20	23.27458
25	20	23.28621
25	20	23.30742
25	20	23.32981
25	20	23.35178
25	21	23.37386
25	21	23.39763
25	21	23.42452
25	21	23.44194
25	21	23.46382
25	22	23.48625
25	22	23.50904
25	22	23.53114
25	22	23.55372
25	22	23.58615
25	22	23.59937
25	22	23.62001
25	22	23.64264
24	22	23.66514
24	22	23.68682
24	22	23.71051
24	22	23.73722
24	22	23.75477
24	22	23.76756
23	22	23.77934
23	22	23.79118
23	22	23.80318
23	22	23.81598
23	22	23.83171
23	22	23.84529
23	22	23.86003
23	22	23.87232
23	22	23.89016
22	22	23.90326
22	22	23.916
22	22	23.92809
22	22	23.94018
22	22	23.95218
22	22	23.96452
22	22	23.97682
22	22	23.98899
22	22	24.00101
22	22	24.01309
22	21	24.02582
22	21	24.04484
22	21	24.05774
22	21	24.0723
22	21	24.08811
22	21	24.1002
22	21	24.11269
22	21	24.12398
22	21	24.13555
22	20	24.15666
22	20	24.17955
22	20	24.21028
22	20	24.22654
22	20	24.24634
22	19	24.26896
22	19	24.29063
22	19	24.31336
22	19	24.33788
22	19	24.36524
22	19	24.38373
22	18	24.40433
22	18	24.42633
22	18	24.45078
22	18	24.47122
22	18	24.49233
22	17	24.52217
22	17	24.5387
22	17	24.55955
22	17	24.58355
22	17	24.5981
22	17	24.61095
22	17	24.62268
22	16	24.63511
22	16	24.64756
22	16	24.67018
22	16	24.68464
22	16	24.69689
22	16	24.7098
22	16	24.72143
22	16	24.73393
22	16	24.74557
22	15	24.7582
22	15	24.77018
22	15	24.78248
22	15	24.79537
22	15	24.80915
22	15	24.84066
22	15	24.85559
22	15	24.86891
22	14	24.88083
22	14	24.89341
22	14	24.90585
22	14	24.91844
22	14	24.93196
22	14	24.95051
22	14	24.97174
22	13	25.00026
22	13	25.01686
22	13	25.03876
22	13	25.06169
22	13	25.08378
22	13	25.1066
22	12	25.12899
22	12	25.15515
22	12	25.17257
22	12	25.1952
22	12	25.21718
22	12	25.23941
22	11	25.26282
22	11	25.28572
22	11	25.31234
22	11	25.33044
22	11	25.35217
22	12	25.37408
22	12	25.3974
22	12	25.41879
22	12	25.4312
22	12	25.44329
22	12	25.46193
22	12	25.47517
22	12	25.48726
22	13	25.501
22	13	25.51333
22	13	25.52486
22	13	25.53711
22	13	25.54826
22	13	25.56272
22	13	25.57439
22	13	25.58637
22	13	25.6002
22	14	25.6193
22	14	25.63173
22	14	25.64312
22	14	25.65555
22	14	25.66833
22	14	25.68
22	14	25.69314
22	14	25.70507
22	14	25.71655
22	14	25.7289
22	15	25.74099
22	15	25.75227
22	15	25.76988
22	15	25.78736
22	15	25.8095
22	15	25.83221
22	15	25.85489
22	16	25.87696
22	16	25.89939
22	16	25.92192
22	16	25.95
22	16	25.96668
22	17	25.98896
22	17	26.0108
22	17	26.03271
22	17	26.05515
22	17	26.07798
22	18	26.10583
22	18	26.12361
22	18	26.14562
22	18	26.1674
22	18	26.19088
22	18	26.21262
22	19	26.23552
22	19	26.26362
22	19	26.28037
22	19	26.29421
22	19	26.30849
22	19	26.32441
22	19	26.33818
22	20	26.35183
22	20	26.36436
22	20	26.37581
22	20	26.38884
22	20	26.40668
22	20	26.41962
22	20	26.43314
22	20	26.44565
22	20	26.45798
22	21	26.46953
22	21	26.48156
22	21	26.49537
22	21	26.50849
22	21	26.52162
22	21	26.5344
22	21	26.54756
22	21	26.5671
22	21	26.57964
22	20	26.59166
22	20	26.60452
22	20	26.61809
22	20	26.63718
22	20	26.65941
22	20	26.68208
22	20	26.70366
22	19	26.73212
22	19	26.74808
22	19	26.77103
22	19	26.79239
22	19	26.81536
22	18	26.83713
22	18	26.86235
22	18	26.8884
22	18	26.9046
22	18	26.9268
22	18	26.94909
22	17	26.97128
22	17	26.99342
22	17	27.01618
22	17	27.04389
22	17	27.06078
22	16	27.08343
22	16	27.10523
22	16	27.11736
22	16	27.12929
22	16	27.14073
22	16	27.15218
22	16	27.16418
22	16	27.17632
22	16	27.19789
22	15	27.21307
22	15	27.22677
22	15	27.23905
22	15	27.25179
22	15	27.265
22	15	27.27683
22	15	27.28885
22	15	27.30144
22	15	27.31419
22	16	27.32645
22	16	27.34426
22	16	27.35564
22	16	27.3689
22	16	27.38065
22	16	27.39312
22	16	27.40881
22	16	27.42094
22	16	27.43387
22	17	27.44631
22	17	27.45847
22	17	27.47034
22	17	27.48312
22	17	27.49967
22	17	27.51184
22	17	27.52987
22	17	27.55216
22	18	27.57471
22	18	27.59685
22	18	27.61857
22	18	27.64149
22	18	27.66932
22	18	27.68753
22	19	27.70874
22	19	27.73148
22	19	27.75385
22	19	27.77602
22	19	27.79923
21	19	27.82606
21	19	27.8441
21	19	27.8689
21	19	27.88995
21	19	27.90968
21	19	27.93301
20	19	27.95547
20	19	27.98836
20	19	28.00482
20	19	28.01748
20	19	28.03025
20	19	28.0418
20	19	28.05373
19	19	28.06588
19	19	28.07742
19	19	28.09053
19	19	28.10816
19	19	28.12953
19	19	28.14424
19	19	28.15608
19	19	28.16852
19	18	28.18019
19	18	28.19194
19	18	28.20695
19	18	28.222
19	18	28.23692
19	18	28.24936
19	18	28.26412
19	18	28.28506
19	17	28.30032
19	17	28.31291
19	17	28.32568
19	17	28.34004
19	17	28.35837
19	17	28.37948
19	17	28.40133
19	16	28.42385
19	16	28.45418
19	16	28.47336
19	16	28.49264
19	16	28.51257
19	16	28.5351
19	17	28.5579
19	17	28.57976
19	17	28.61041
19	17	28.62804
19	17	28.64672
19	18	28.67008
19	18	28.69338
19	18	28.71419
19	18	28.7365
19	18	28.76413
19	18	28.78131
19	19	28.80287
19	19	28.82683
19	19	28.8491
19	19	28.86354
19	19	28.88106
19	19	28.89742
19	19	28.917
19	19	28.92999
19	19	28.94207
19	19	28.95476
19	19	28.96811
19	19	28.9817
19	19	28.99375
19	19	29.00618
19	19	29.0183
19	19	29.03109
18	19	29.04411
18	19	29.05638
18	19	29.07627
18	19	29.09233
18	19	29.10762
18	19	29.11928
18	19	29.13276
18	19	29.14409
17	19	29.15594
17	19	29.16851
17	19	29.18238
17	19	29.19645
17	19	29.21241
17	19	29.23652
17	19	29.25318
17	19	29.27292
16	19	29.29494
16	19	29.31776
16	19	29.34322
16	19	29.3648
16	19	29.3931
16	20	29.40857
16	20	29.42927
16	20	29.45418
16	20	29.47731
16	20	29.49851
16	20	29.51924
16	21	29.54991
16	21	29.56661
16	21	29.58721
16	21	29.60738
16	21	29.6303
16	22	29.65259
16	22	29.67509
16	22	29.70554
16	22	29.72377
16	22	29.73645
16	22	29.74868
16	22	29.76106
16	22	29.77407
16	22	29.78619
17	22	29.79894
17	22	29.81064
17	22	29.82421
17	22	29.84028
17	22	29.86262
17	22	29.8765
17	22	29.88877
17	22	29.90182
18	22	29.91644
18	22	29.92828
18	22	29.94398
18	22	29.96535
18	22	29.98605
18	22	30.00657
18	22	30.02933
19	22	30.04419
19	22	30.05642
19	22	30.06846
19	22	30.08
19	22	30.09241
19	22	30.10368
19	22	30.12076
19	22	30.14298
19	22	30.16608
19	22	30.19334
19	22	30.21072
18	22	30.23223
18	22	30.2546
18	22	30.27747
18	22	30.29957
18	22	30.32266
17	22	30.35079
17	22	30.36778
17	22	30.39022
17	22	30.41191
17	22	30.43414
16	22	30.45713
16	22	30.47866
16	22	30.50647
16	22	30.52349
16	22	30.54538
16	22	30.5695
16	22	30.59185
16	22	30.60713
16	22	30.61995
16	22	30.63297
16	21	30.65232
16	21	30.66554
16	21	30.67726
16	21	30.69001
16	21	30.70345
16	21	30.71614
16	21	30.72889
16	21	30.74256
16	21	30.75636
16	20	30.76926
16	20	30.78314
16	20	30.80259
16	20	30.81502
16	20	30.827
16	20	30.83985
16	20	30.85131
16	20	30.86351
16	20	30.87526
16	20	30.88664
16	19	30.8979
16	19	30.91543
16	19	30.93101
16	19	30.94269
16	19	30.96078
16	19	30.97324
16	19	30.99288
16	19	31.01453
17	19	31.03708
17	19	31.05939
17	19	31.08147
17	19	31.10426
17	19	31.13176
17	19	31.15061
18	19	31.17196
18	19	31.1946
18	19	31.21782
18	19	31.2386
18	19	31.2614
19	19	31.28925
19	19	31.30519
19	19	31.32738
19	19	31.34995
19	19	31.37182
19	19	31.39462
19	18	31.41751
19	18	31.43607
19	18	31.44822
19	18	31.46082
19	18	31.47368
19	18	31.48581
19	18	31.49843
19	18	31.5108
19	17	31.52273
19	17	31.53609
19	17	31.54768
19	17	31.56021
19	17	31.57281
19	17	31.59049
19	17	31.60321
19	17	31.61475
19	17	31.62645
19	17	31.63865
19	16	31.65167
19	16	31.66731
19	16	31.6812
19	16	31.69585
19	16	31.70916
19	16	31.7223
19	16	31.73502
19	16	31.75114
19	16	31.76415
19	15	31.78545
19	15	31.80824
19	15	31.83285
19	15	31.85557
19	15	31.87573
19	14	31.89791
19	14	31.9279
19	14	31.94697
19	14	31.96688
19	14	31.98723
19	14	32.00936
19	13	32.03176
19	13	32.05534
19	13	32.0848
19	13	32.10159
19	13	32.12077
19	12	32.14286
19	12	32.16512
19	12	32.18782
19	12	32.21254
19	12	32.24394
19	11	32.26289
19	11	32.27718
19	11	32.29003
19	11	32.30581
19	11	32.32055
19	11	32.33364
19	11	32.34543
19	11	32.35816
19	11	32.37091
19	10	32.39273
19	10	32.40838
19	10	32.42004
19	10	32.43226
19	10	32.4438
19	10	32.45609
19	10	32.46928
19	10	32.4817
19	10	32.49491
19	10	32.50728
19	10	32.51891
19	10	32.5314
19	10	32.54868
19	10	32.56681
19	10	32.57935
19	10	32.59156
19	10	32.60281
19	10	32.62437
19	10	32.64538
19	11	32.66773
19	11	32.69062
19	11	32.71782
19	11	32.73497
19	11	32.75749
19	11	32.77927
19	12	32.80159
19	12	32.82446
19	12	32.84931
19	12	32.87658
19	12	32.89288
19	13	32.91328
19	13	32.93793
19	13	32.95871
19	13	32.9808
19	13	33.00328
19	13	33.03137
19	12	33.04743
19	12	33.06986
19	12	33.08191
19	12	33.09375
19	12	33.10524
19	12	33.11698
19	12	33.12899
19	12	33.1405
19	12	33.15256
19	11	33.16492
19	11	33.18323
19	11	33.19617
19	11	33.20837
19	11	33.22048
19	11	33.23298
19	11	33.24598
19	11	33.25889
19	11	33.27063
19	10	33.28215
19	10	33.29449
19	10	33.30647
19	10	33.31914
19	10	33.33865
19	10	33.35268
19	10	33.36678
19	10	33.3805
19	10	33.39279
18	10	33.40612
18	10	33.41821
18	10	33.43054
18	10	33.44209
18	10	33.45498
18	10	33.46745
18	10	33.47987
18	10	33.49916
18	10	33.51648
17	10	33.53894
17	10	33.56107
17	10	33.58333
17	10	33.60604
17	10	33.6279
16	10	33.65093
16	10	33.67914
16	10	33.69653
16	10	33.71821
16	10	33.74028
16	10	33.76241
15	10	33.78528
15	10	33.80777
15	10	33.83498
15	10	33.8523
15	10	33.87478
14	10	33.90324
14	10	33.91888
14	10	33.94224
14	10	33.95649
14	10	33.97216
14	10	33.99368
14	10	34.00612
13	10	34.01848
13	10	34.031
13	10	34.04409
13	10	34.05975
13	10	34.07546
13	10	34.08801
13	10	34.10012
13	10	34.11317
13	10	34.12674
12	10	34.14814
12	10	34.16454
12	10	34.17901
12	10	34.192
12	10	34.20509
12	10	34.21686
12	10	34.22914
12	10	34.2424
12	10	34.25535
11	10	34.26773
11	10	34.28122
11	10	34.30355
11	10	34.31857
11	10	34.33084
11	10	34.34424
11	10	34.36557
10	10	34.38832
10	10	34.41014
10	10	34.43293
10	10	34.4633
10	10	34.4807
10	10	34.49976
10	11	34.52325
10	11	34.54661
10	11	34.5715
10	11	34.59253
10	11	34.61811
10	12	34.63617
10	12	34.65637
10	12	34.68034
10	12	34.70332
10	12	34.72429
10	13	34.7459
10	13	34.77586
10	13	34.79393
10	13	34.81028
10	13	34.82275
10	13	34.83571
10	13	34.84719
10	13	34.86034
11	13	34.87298
11	13	34.88538
11	13	34.89849
11	13	34.92124
11	13	34.9358
11	13	34.94865
11	13	34.96152
11	13	34.98288
12	13	34.99659
12	13	35.01042
12	13	35.02509
12	13	35.04117
12	13	35.05671
12	13	35.07878
12	13	35.09357
12	13	35.10609
13	13	35.1184
13	13	35.13608
13	13	35.14869
13	13	35.16259
13	13	35.1778
13	13	35.19255
13	13	35.21568
14	13	35.24642
14	13	35.26345
14	13	35.28386
14	13	35.30442
14	13	35.32639
14	13	35.34858
15	13	35.37134
15	13	35.40228
15	13	35.41937
15	13	35.43867
15	13	35.46085
16	13	35.48291
16	13	35.5056
16	13	35.52818
16	13	35.55811
16	13	35.57599
16	13	35.59473
17	13	35.61642
17	13	35.62984
17	13	35.64464
17	13	35.66101
17	13	35.67527
17	13	35.69089
17	13	35.71189
18	13	35.72742
18	13	35.73952
18	13	35.75245
18	13	35.76746
18	13	35.78342
18	13	35.79592
18	13	35.80729
18	13	35.82038
18	13	35.83267
19	13	35.84524
19	13	35.86665
19	13	35.8816
19	13	35.89409
19	13	35.9067
19	13	35.91937
19	13	35.93184
19	13	35.94466
19	13	35.95765
19	13	35.96875
19	13	35.98558
18	13	36.00799
18	13	36.03458
18	13	36.05187
18	13	36.07434
18	13	36.09666
17	13	36.11882
17	13	36.14114
17	13	36.1637
17	13	36.19202
17	13	36.21184
17	13	36.23221
16	13	36.25647
16	13	36.27649
16	13	36.29808
16	13	36.32165
16	13	36.34845
15	13	36.36513
15	13	36.38762
15	13	36.40984
15	13	36.43261
15	13	36.45535
15	13	36.46768
14	13	36.4806
14	13	36.5045
14	13	36.517
14	13	36.53007
14	13	36.54232
14	13	36.5544
14	13	36.56643
14	13	36.57865
14	13	36.59148
13	13	36.60368
13	13	36.61562
13	13	36.62909
13	13	36.64212
13	13	36.65995
13	13	36.67219
13	13	36.6845
13	13	36.69678
13	13	36.70889
12	13	36.72287
12	13	36.73782
12	13	36.7514
12	13	36.76702
12	13	36.78378
12	13	36.7986
12	13	36.81822
12	13	36.83251
11	13	36.84574
11	13	36.86728
11	13	36.88977
11	13	36.91232
11	13	36.93468
11	13	36.95797
10	13	36.98585
10	13	37.0059
10	13	37.02498
10	13	37.04654
10	13	37.06858
10	12	37.09086
10	12	37.11306
10	12	37.14108
10	12	37.15854
10	12	37.17992
10	12	37.20353
10	13	37.22735
10	13	37.24854
10	13	37.26175
10	13	37.27597
10	13	37.29425
10	13	37.30684
10	13	37.32127
10	14	37.33514
10	14	37.34768
10	14	37.36083
10	14	37.37665
10	14	37.3921
10	14	37.40489
10	14	37.4173
10	14	37.42983
10	14	37.45148
10	15	37.4671
10	15	37.48009
10	15	37.49511
10	15	37.51004
10	15	37.52287
10	15	37.53534
10	15	37.54761
10	15	37.56085
10	15	37.57282
10	16	37.58501
10	16	37.60598
10	16	37.62233
10	16	37.64155
10	16	37.66157
10	16	37.68314
10	17	37.70512
10	17	37.72737
10	17	37.75048
10	17	37.78199
10	17	37.79879
10	17	37.81725
10	18	37.84038
10	18	37.86251
10	18	37.88646
10	18	37.9105
10	18	37.93825
10	19	37.95865
10	19	37.97572
10	19	37.99905
10	19	38.02302
10	19	38.04129
10	19	38.06481
11	19	38.09653
11	19	38.11516
11	19	38.13265
11	19	38.14643
11	19	38.16152
11	19	38.17415
11	19	38.18534
12	19	38.19759
12	19	38.21014
12	19	38.22309
12	19	38.24498
12	19	38.26041
12	19	38.27412
12	19	38.2858
12	19	38.29796
12	19	38.31005
13	19	38.32315
13	19	38.33564
13	19	38.35155
13	19	38.36686
13	19	38.37938
13	19	38.40165
13	19	38.41743
13	19	38.42984
14	19	38.442
14	19	38.45356
14	19	38.4669
14	19	38.48997
14	19	38.512
14	19	38.53232
15	19	38.56292
15	19	38.57895
15	19	38.59938
15	19	38.62383
15	19	38.646
15	19	38.66623
16	19	38.6893
16	19	38.71854
16	19	38.73613
16	19	38.75522
16	19	38.77725
16	19	38.79954
17	19	38.82248
17	19	38.84497
17	19	38.87475
17	19	38.89176
17	19	38.91227
18	19	38.92452
18	19	38.936
18	19	38.9478
18	19	38.96022
18	19	38.97208
18	19	38.98497
18	19	38.99812
18	19	39.0191
18	19	39.03674
19	19	39.05727
19	19	39.06957
19	19	39.08176
19	19	39.0941
19	19	39.10643
19	19	39.11758
19	19	39.13038
19	19	39.1421
19	19	39.15359
20	19	39.17207
20	19	39.18394
20	19	39.19653
20	19	39.20842
20	19	39.21973
20	19	39.23136
20	19	39.24257
20	19	39.2543
20	19	39.26728
20	19	39.27989
21	19	39.29244
21	19	39.31351
21	19	39.34163
21	19	39.35883
21	19	39.3803
21	19	39.40276
20	19	39.42556
20	19	39.44781
20	19	39.47
20	19	39.49803
20	19	39.51477
19	19	39.53643
19	19	39.55944
19	19	39.58218
19	19	39.60421
19	19	39.62862
18	19	39.6572
18	19	39.67285
18	19	39.69394
18	19	39.7158
18	19	39.73756
18	19	39.76052
18	19	39.77225
17	19	39.78402
17	19	39.80097
17	19	39.81317
17	19	39.82532
17	19	39.83706
17	19	39.84949
17	19	39.86145
17	19	39.87329
17	19	39.88464
17	19	39.89674
16	19	39.90977
16	19	39.9209
16	19	39.93307
16	19	39.94473
16	19	39.96371
16	19	39.97637
16	19	39.98893
16	19	40.0013
16	19	40.01288
15	19	40.02438
15	19	40.03531
15	19	40.04742
15	19	40.06032
15	19	40.07154
15	19	40.08363
15	19	40.0964
15	19	40.11505
15	19	40.12753
15	19	40.13879
14	19	40.15125
14	19	40.17432
14	19	40.19757
14	19	40.21956
14	19	40.24083
14	19	40.2636
13	19	40.29137
13	19	40.30852
13	19	40.33025
13	19	40.3527
13	19	40.37589
13	20	40.39859
13	20	40.42045
13	20	40.44857
13	20	40.46692
13	20	40.48947
13	20	40.5103
13	21	40.53147
13	21	40.55401
13	21	40.57919
13	21	40.60883
13	21	40.62462
13	22	40.63784
13	22	40.65023
13	22	40.66451
13	22	40.68082
13	22	40.69684
13	22	40.70971
13	22	40.72122
13	22	40.73421
13	22	40.75674
13	22	40.7713
13	22	40.78335
13	22	40.79517
13	22	40.80709
13	22	40.81854
13	22	40.83066
12	22	40.84294
12	22	40.85442
12	22	40.86671
12	22	40.88216
12	22	40.89703
12	22	40.91879
12	22	40.93378
12	22	40.94607
11	22	40.95789
11	22	40.96934
11	22	40.98969
11	22	41.0144
11	22	41.03719
11	22	41.0604
10	22	41.08639
10	22	41.10384
10	22	41.12431
10	22	41.1479
10	22	41.17034
10	22	41.19065
10	23	41.21238
10	23	41.24471
10	23	41.26126
10	23	41.27912
10	23	41.30213
10	24	41.32482
10	24	41.34734
10	24	41.37069
10	24	41.40059
10	24	41.41788
10	24	41.43642
10	25	41.45884
10	25	41.48137
10	25	41.49927
10	25	41.51564
10	25	41.52991
10	25	41.5529
11	25	41.5681
11	25	41.58421
11	25	41.59736
11	25	41.61345
11	25	41.62893
11	25	41.64063
11	25	41.65275
11	25	41.66507
11	25	41.67618
11	25	41.68795
12	25	41.71045
12	25	41.72646
12	25	41.74177
12	25	41.75323
12	25	41.76574
12	25	41.77808
12	25	41.79012
12	25	41.80146
13	25	41.81272
13	25	41.82713
13	25	41.84206
13	25	41.86264
13	25	41.87757
13	25	41.89384
13	25	41.91656
13	26	41.93803
13	26	41.96134
13	26	41.98421
13	26	42.00959
13	26	42.04226
13	27	42.05964
13	27	42.07391
13	27	42.09605
13	27	42.11959
13	27	42.14238
13	27	42.16305
14	27	42.19351
14	27	42.21104
14	27	42.23206
14	27	42.2516
14	27	42.27434
14	27	42.29693
15	27	42.3196
15	27	42.35046
15	27	42.36656
15	27	42.37899
15	27	42.39159
15	27	42.40303
15	27	42.41681
16	27	42.43034
16	27	42.44392
16	27	42.45853
16	27	42.47287
16	27	42.49555
16	27	42.50982
16	27	42.52114
16	27	42.53322
16	27	42.54442
16	27	42.55605
16	27	42.56829
16	27	42.58017
16	27	42.5924
16	27	42.60365
16	27	42.61576
16	27	42.62774
16	27	42.64569
16	27	42.65739
16	27	42.66933
16	27	42.68121
16	27	42.6933
16	27	42.70412
16	27	42.71537
16	27	42.73146
16	27	42.75395
16	27	42.77711
15	27	42.79898
15	27	42.82637
15	27	42.84365
15	27	42.86554
15	27	42.88836
14	27	42.91116
14	27	42.93319
14	27	42.95558
14	27	42.98341
14	27	42.99947
14	27	43.02296
13	27	43.04546
13	27	43.06701
13	27	43.09308
13	27	43.1118
13	27	43.13998
13	27	43.15612
13	27	43.17861
13	27	43.18999
13	27	43.20229
13	27	43.21545
13	28	43.23072
13	28	43.24189
13	28	43.25434
13	28	43.26908
13	28	43.29067
13	28	43.3051
13	28	43.31726
13	28	43.32922
13	28	43.3413
13	29	43.37005
13	29	43.38276
13	29	43.39816
13	29	43.41244
13	29	43.42491
13	29	43.44579
13	29	43.46009
12	29	43.47113
12	29	43.48275
12	29	43.49528
12	29	43.5094
12	29	43.52767
12	29	43.54198
12	29	43.5553
12	29	43.56787
12	29	43.58289
11	29	43.61152
11	29	43.62931
11	29	43.65025
11	29	43.67008
11	29	43.69236
10	29	43.71443
10	29	43.7367
10	29	43.7675
10	29	43.78295
10	29	43.80349
10	29	43.82632
9	29	43.8483
9	29	43.87146
9	29	43.89628
9	29	43.92498
9	29	43.94173
8	29	43.96103
8	29	43.98341
8	29	44.00576
8	29	44.02997
8	29	44.0437
8	29	44.05558
8	29	44.07729
7	29	44.09212
7	29	44.10567
7	29	44.12938
7	29	44.14699
7	29	44.16256
7	29	44.17673
7	29	44.18898
6	29	44.20178
6	29	44.21396
6	29	44.23465
6	29	44.24982
6	29	44.26186
6	29	44.27353
6	29	44.28489
6	29	44.29675
6	29	44.3097
5	29	44.32238
5	29	44.33433
5	29	44.34676
5	29	44.36181
5	29	44.3765
5	29	44.3987
5	29	44.41369
5	29	44.42513
5	29	44.43601
4	29	44.45144
4	29	44.47353
4	29	44.49705
4	29	44.52098
4	29	44.54409
3	29	44.57274
3	29	44.58832
3	29	44.60896
3	29	44.63337
3	29	44.65645
3	29	44.67532
2	29	44.69846
2	29	44.73039
2	29	44.74683
2	29	44.76658
2	29	44.78645
2	29	44.80898
3	29	44.83162
3	29	44.85478
3	29	44.88543
3	29	44.90148
3	29	44.91647
3	29	44.92924
4	29	44.93982
4	29	44.95171
4	29	44.96537
4	29	44.97757
4	29	44.98955
4	29	45.00218
4	29	45.01436
4	29	45.0332
4	29	45.04429
4	29	45.05545
5	29	45.06742
5	29	45.07878
5	29	45.09004
5	29	45.10191
5	29	45.11815
5	29	45.13356
5	29	45.14505
5	29	45.1579
5	29	45.17257
6	29	45.19406
6	29	45.20751
6	29	45.22054
6	29	45.23289
6	29	45.24591
6	29	45.25858
6	29	45.27851
7	29	45.30065
7	29	45.3238
7	29	45.35585
7	29	45.36833
7	29	45.38982
7	29	45.41232
8	29	45.4347
8	29	45.45709
8	29	45.47963
8	29	45.50694
8	29	45.52485
9	29	45.54656
9	29	45.56892
9	29	45.59163
9	29	45.6146
9	29	45.63608
9	29	45.66402
10	29	45.68078
10	29	45.70227
10	29	45.71383
10	29	45.72581
10	29	45.73752
10	29	45.74905
10	29	45.76102
10	29	45.77382
10	29	45.78807
11	29	45.80843
11	29	45.82275
11	29	45.83525
11	29	45.84705
11	29	45.85854
11	29	45.87011
11	29	45.88196
11	29	45.89404
11	29	45.90556
12	29	45.9194
12	29	45.93056
12	29	45.94234
12	29	45.96003
12	29	45.9716
12	29	45.98447
12	29	45.99652
12	29	46.00846
12	29	46.0206
12	29	46.03269
11	29	46.04343
11	29	46.05528
11	29	46.06741
11	29	46.07958
11	29	46.09122
11	29	46.10278
11	29	46.12064
11	29	46.13345
11	29	46.14474
10	29	46.16024
10	29	46.18295
10	29	46.20531
10	29	46.22827
10	29	46.24984
10	29	46.27263
9	29	46.29978
9	29	46.31741
9	29	46.33989
9	29	46.36212
9	29	46.38474
8	29	46.40789
8	29	46.43059
8	29	46.45692
8	29	46.47406
8	29	46.49637
8	29	46.51848
7	29	46.54141
7	29	46.56332
7	29	46.58561
7	29	46.61382
7	29	46.62464
7	29	46.63615
6	29	46.65268
6	29	46.66428
6	29	46.67608
6	29	46.68813
6	29	46.70029
6	29	46.71232
6	29	46.72369
6	29	46.73496
6	29	46.74702
6	29	46.76521
5	29	46.77635
5	29	46.78792
5	29	46.80054
5	29	46.81308
5	29	46.82493
5	29	46.8376
5	29	46.85167
5	29	46.86483
5	29	46.8784
4	29	46.89179
4	29	46.90633
4	29	46.92696
4	29	46.94161
4	29	46.95528
4	29	46.96689
4	29	46.97908
4	29	46.99007
4	29	47.00923
3	29	47.03212
3	29	47.05428
3	29	47.07692
3	29	47.104
3	29	47.1216
2	29	47.14695
2	29	47.16657
2	29	47.18809
2	29	47.21054
2	29	47.23356
2	29	47.26077
2	29	47.27929
2	29	47.30079
2	29	47.32387
2	29	47.3452
2	29	47.36702
2	29	47.38996
2	29	47.41776
2	29	47.43476
2	29	47.44667
2	28	47.45872
2	28	47.47033
2	28	47.48664
2	28	47.50342
2	28	47.51935
2	28	47.53252
2	28	47.54379
2	28	47.56473
2	27	47.57911
2	27	47.59137
2	27	47.60372
2	27	47.61989
2	27	47.63467
2	27	47.6467
2	27	47.65871
2	27	47.67058
2	27	47.68204
2	27	47.69416
2	26	47.71564
2	26	47.73066
2	26	47.74513
2	26	47.75686
2	26	47.76836
2	26	47.78017
2	26	47.79224
2	26	47.80346
2	26	47.81514
2	25	47.83618
2	25	47.85939
2	25	47.88869
2	25	47.90755
2	25	47.92564
2	24	47.94819
2	24	47.96969
2	24	47.99246
2	24	48.01766
2	24	48.0489
2	24	48.06438
2	23	48.08316
2	23	48.10471
2	23	48.12882
2	23	48.15118
2	23	48.17249
2	22	48.20213
2	22	48.21958
2	22	48.24066
2	22	48.26094
2	22	48.28346
2	22	48.30588
3	22	48.31775
3	22	48.33022
3	22	48.35382
3	22	48.37003
3	22	48.38222
3	22	48.394
3	22	48.4058
3	22	48.41761
3	22	48.43015
4	22	48.44238
4	22	48.45423
4	22	48.46725
4	22	48.48315
4	22	48.50391
4	22	48.51832
4	22	48.5308
4	22	48.54251
4	22	48.55457
5	22	48.56708
5	22	48.58063
5	22	48.59776
5	22	48.61463
5	22	48.62805
5	22	48.64083
5	22	48.66068
5	22	48.67476
6	22	48.68699
6	22	48.70685
6	22	48.72987
6	22	48.75443
6	22	48.77682
6	22	48.79783
7	22	48.82839
7	22	48.84534
7	22	48.86651
7	22	48.88637
7	22	48.90951
7	22	48.93112
7	23	48.9542
7	23	48.98419
7	23	49.00278
7	23	49.02269
7	23	49.04321
7	23	49.06551
7	24	49.08784
7	24	49.11034
7	24	49.14191
7	24	49.15942
7	24	49.18837
7	25	49.20092
7	25	49.21313
7	25	49.22916
7	25	49.24443
7	25	49.25684
7	25	49.26958
7	25	49.2911
7	25	49.30508
7	26	49.31614
7	26	49.3279
7	26	49.33957
7	26	49.35404
7	26	49.36813
7	26	49.37999
7	26	49.39204
7	26	49.40387
7	26	49.4155
7	26	49.42782
7	27	49.4484
7	27	49.46458
7	27	49.47832
7	27	49.4909
7	27	49.50264
7	27	49.51385
7	27	49.53456
7	28	49.55667
7	28	49.57887
7	28	49.60976
7	28	49.62692
7	28	49.64534
7	28	49.66855
7	27	49.69004
7	27	49.71285
7	27	49.73711
7	27	49.76612
7	27	49.78486
7	26	49.80321
7	26	49.8251
7	26	49.84669
7	26	49.86957
7	26	49.89151
7	26	49.91917
7	25	49.93637
7	25	49.95869
7	25	49.96966
7	25	49.98288
7	25	49.99449
7	25	50.00576
7	25	50.01715
7	25	50.02826
7	25	50.03995
7	24	50.05162
7	24	50.06926
7	24	50.08112
7	24	50.09284
7	24	50.1045
7	24	50.11636
7	24	50.12828
7	24	50.13921
7	24	50.15123
7	24	50.16314
7	23	50.17538
7	23	50.18668
7	23	50.19979
7	23	50.21091
7	23	50.22818
7	23	50.24007
7	23	50.25315
7	23	50.26484
7	23	50.27638
7	22	50.28955
7	22	50.30509
7	22	50.31805
7	22	50.33133
7	22	50.34869
7	22	50.36088
7	22	50.37859
7	22	50.38909
7	22	50.40572
7	21	50.42786
7	21	50.45058
7	21	50.47479
7	21	50.49702
7	21	50.51777
7	22	50.54691
7	22	50.56454
7	22	50.58403
7	22	50.60658
7	22	50.62868
7	22	50.65099
7	23	50.67376
7	23	50.70129
7	23	50.7186
7	23	50.74114
7	23	50.76266
7	24	50.7849
7	24	50.80756
7	24	50.83105
7	24	50.86019
7	24	50.87565
7	24	50.88852
7	25	50.90089
7	25	50.9132
7	25	50.92469
7	25	50.9355
7	25	50.94713
7	25	50.95951
7	25	50.97101
7	25	50.9836
7	25	51.00176
7	25	51.01559
7	26	51.02682
7	26	51.03848
7	26	51.05007
7	26	51.06192
7	26	51.07461
7	26	51.08652
7	26	51.09864
7	26	51.11036
7	26	51.12174
7	26	51.13357
7	27	51.15132
7	27	51.16305
7	27	51.17479
7	27	51.18697
7	27	51.20446
7	27	51.21811
7	27	51.22958
7	27	51.24154
7	27	51.25354
7	27	51.26591
7	28	51.27745
7	28	51.28912
7	28	51.30661
7	28	51.32209
7	28	51.34335
7	28	51.36646
7	28	51.38832
7	29	51.41028
7	29	51.43334
7	29	51.45739
7	29	51.48538
7	29	51.50068
8	29	51.52291
8	29	51.5683
8	29	51.58123
8	29	51.59404
8	29	51.61231
9	29	51.64389
9	29	51.65656
9	29	51.67767
9	29	51.7006
9	29	51.7228
9	29	51.7454
10	29	51.7681
10	29	51.79628
10	29	51.8082
10	29	51.82069
10	29	51.83205
10	29	51.84416
10	29	51.85583
10	29	51.86975
11	29	51.88404
11	29	51.89758
11	29	51.91144
11	29	51.92552
11	29	51.94464
11	29	51.95787
11	29	51.96938
11	29	51.98215
11	29	51.99422
12	29	52.00584
12	29	52.0173
12	29	52.02892
12	29	52.04033
12	29	52.05156
12	29	52.06319
12	29	52.07577
12	29	52.09386
12	29	52.10659
12	29	52.11854
13	29	52.13058
13	29	52.14155
13	29	52.15382
13	29	52.16462
13	29	52.18064
13	29	52.20281
13	29	52.2267
13	28	52.25435
13	28	52.27157
13	28	52.29288
13	28	52.31529
13	28	52.33738
13	28	52.35936
13	27	52.38194
13	27	52.40951
13	27	52.4267
13	27	52.44917
13	27	52.47184
13	26	52.49379
13	26	52.51679
13	26	52.53934
13	26	52.56638
13	26	52.58424
13	26	52.60709
13	25	52.62952
13	25	52.64202
13	25	52.65442
13	25	52.66735
13	25	52.68072
13	25	52.69439
13	25	52.71282
13	25	52.72579
13	25	52.73867
13	25	52.75103
12	25	52.76431
12	25	52.7768
12	25	52.78977
12	25	52.80216
12	25	52.81466
12	25	52.82607
12	25	52.83741
12	25	52.84956
12	25	52.87198
11	25	52.88308
11	25	52.89559
11	25	52.9068
11	25	52.9202
11	25	52.9322
11	25	52.94398
11	25	52.95638
11	25	52.97477
11	25	52.99597
10	25	53.02125
10	25	53.04899
10	25	53.06474
10	25	53.08744
10	25	53.10869
9	25	53.13048
9	25	53.15318
9	25	53.17609
9	25	53.2065
9	25	53.22784
9	25	53.2429
8	25	53.2638
8	25	53.28689
8	25	53.31132
8	25	53.3343
8	25	53.36244
7	25	53.37925
7	25	53.39861
7	25	53.4208
7	25	53.44341
7	25	53.45496
7	25	53.46661
7	25	53.47866
6	25	53.49087
6	25	53.51016
6	25	53.52291
6	25	53.53791
6	25	53.55304
6	25	53.56461
6	25	53.57606
6	25	53.58814
6	25	53.59994
5	25	53.61267
5	25	53.62572
5	25	53.64007
5	25	53.65886
5	25	53.68228
5	25	53.69827
5	25	53.71017
5	25	53.72188
4	25	53.73395
4	25	53.7469
4	25	53.75998
4	25	53.77401
4	25	53.78837
4	25	53.79997
4	25	53.81251
4	25	53.83175
4	25	53.8481
3	25	53.86832
3	25	53.89057
3	25	53.91678
3	25	53.9378
3	25	53.95791
2	25	53.98131
2	25	54.01049
2	25	54.02794
2	25	54.04716
2	25	54.06885
2	25	54.09142
2	25	54.11312
2	24	54.13609
2	24	54.16434
2	24	54.18446
2	24	54.20445
2	24	54.22503
2	24	54.24929
2	23	54.27049
2	23	54.2935
2	23	54.31174
2	23	54.32398
2	23	54.3356
2	23	54.34753
2	23	54.35955
2	23	54.37152
2	22	54.38349
2	22	54.39546
2	22	54.40732
2	22	54.41897
2	22	54.43066
2	22	54.44423
2	22	54.46174
2	22	54.47366
2	22	54.48498
2	22	54.49665
3	22	54.50901
3	22	54.52035
3	22	54.53245
3	22	54.5437
3	22	54.55568
3	22	54.56756
3	22	54.57829
3	22	54.59041
3	22	54.60254
3	22	54.61964
4	22	54.63209
4	22	54.64322
4	22	54.65428
4	22	54.6654
4	22	54.68226
4	22	54.70516
4	22	54.72804
5	22	54.74979
5	22	54.7732
5	22	54.8027
5	22	54.81814
5	22	54.83884
5	22	54.86161
6	22	54.88367
6	22	54.90649
6	22	54.92974
6	22	54.95753
6	22	54.975
7	22	54.99709
7	22	55.01878
7	22	55.04156
7	22	55.06347
7	22	55.08567
7	21	55.11274
7	21	55.1305
7	21	55.1418
7	21	55.15419
7	21	55.16615
7	21	55.17822
7	21	55.1902
7	21	55.20161
7	21	55.21241
7	21	55.22364
7	20	55.23502
7	20	55.25285
7	20	55.27822
7	20	55.29654
7	20	55.31091
7	20	55.32339
7	20	55.33551
7	20	55.34697
7	19	55.35904
7	19	55.3704
7	19	55.38734
7	19	55.40257
7	19	55.42369
7	19	55.43956
7	19	55.45087
7	19	55.46278
7	19	55.47496
7	18	55.48616
7	18	55.49786
7	18	55.51024
7	18	55.53405
7	18	55.5576
7	18	55.58569
7	17	55.60291
7	17	55.62183
7	17	55.64464
7	17	55.66821
7	17	55.69099
7	17	55.71141
7	16	55.74094
7	16	55.75875
7	16	55.78003
7	16	55.80025
7	16	55.82339
7	15	55.84489
7	15	55.86772
7	15	55.89841
7	15	55.92055
7	15	55.93578
7	15	55.95822
7	14	55.98
7	14	56.00122
7	14	56.01484
7	14	56.03091
7	14	56.05157
7	14	56.0659
7	14	56.07775
7	13	56.09007
7	13	56.10174
7	13	56.11432
7	13	56.12841
7	13	56.14149
7	13	56.15333
7	13	56.16507
7	13	56.17676
7	13	56.18941
7	13	56.21048
7	12	56.22513
7	12	56.23855
7	12	56.25412
7	12	56.26889
7	12	56.28217
7	12	56.29429
7	12	56.30701
7	12	56.31868
7	12	56.32924
7	11	56.34121
7	11	56.36705
7	11	56.38477
7	11	56.40567
7	11	56.42607
7	11	56.44939
7	10	56.47092
7	10	56.49409
7	10	56.52473
7	10	56.54194
7	10	56.56009
7	11	56.58224
7	11	56.60401
7	11	56.62647
7	11	56.64842
7	11	56.68158
7	11	56.69493
7	12	56.71621
7	12	56.7452
7	12	56.76482
7	12	56.78618
7	12	56.8094
7	13	56.83945
7	13	56.85125
7	13	56.86441
7	13	56.87677
7	13	56.88924
7	13	56.90215
7	13	56.91464
7	13	56.92607
7	13	56.93698
7	14	56.94918
7	14	56.96092
7	14	56.98272
7	14	56.99851
7	14	57.01298
7	14	57.0272
7	14	57.04322
7	14	57.05711
7	15	57.07111
7	15	57.08591
7	15	57.10195
7	15	57.11554
7	15	57.13331
7	15	57.1451
7	15	57.1576
7	15	57.16925
7	15	57.18003
7	16	57.19297
7	16	57.21511
7	16	57.23772
7	16	57.2608
7	16	57.28554
7	17	57.31136
7	17	57.32886
7	17	57.35067
7	17	57.37445
7	17	57.39597
7	17	57.41871
7	18	57.44202
7	18	57.47042
7	18	57.48698
7	18	57.50893
7	18	57.53138
7	18	57.55378
7	19	57.5762
7	19	57.60012
7	19	57.62897
7	19	57.64455
7	19	57.66605
8	19	57.68927
8	19	57.71188
8	19	57.72664
8	19	57.74405
8	19	57.75804
8	19	57.78282
8	19	57.7998
8	19	57.81234
8	19	57.82639
8	19	57.84129
8	19	57.85549
8	19	57.86826
8	19	57.87979
8	19	57.89195
8	19	57.90305
8	19	57.91694
9	19	57.93804
9	19	57.95265
9	19	57.96424
9	19	57.98189
9	19	57.99406
9	19	58.00593
9	19	58.01774
9	19	58.02913
9	19	58.04086
10	19	58.05285
10	19	58.06524
10	19	58.07666
10	19	58.09278
10	19	58.10416
10	19	58.12402
10	19	58.14567
11	19	58.16801
11	19	58.19079
11	19	58.21328
11	19	58.23547
11	19	58.26328
11	19	58.27956
10	19	58.30284
10	19	58.32431
10	19	58.3461
10	19	58.36913
10	19	58.39215
9	19	58.41919
9	19	58.43531
9	19	58.45832
9	19	58.47993
9	19	58.50291
9	19	58.52575
8	19	58.54774
8	19	58.57727
8	19	58.59155
8	19	58.60558
8	19	58.61776
8	19	58.63003
8	19	58.64128
8	19	58.6526
7	19	58.66592
7	19	58.6792
7	19	58.69245
7	19	58.7067
7	19	58.72771
7	19	58.74062
7	19	58.75163
7	19	58.76388
7	19	58.77557
6	19	58.7866
6	19	58.79919
6	19	58.81075
6	19	58.82301
6	19	58.83488
6	19	58.84678
6	19	58.85917
6	19	58.87658
6	19	58.88775
6	19	58.89913
6	19	58.91631
6	18	58.93818
6	18	58.96147
6	18	58.98344
6	18	59.00559
6	18	59.02881
6	17	59.05601
6	17	59.07296
6	17	59.09504
6	17	59.11794
6	17	59.14
6	17	59.16273
6	16	59.18479
6	16	59.21231
6	16	59.22889
6	16	59.25188
6	16	59.27449
6	16	59.29602
6	15	59.32662
6	15	59.34309
6	15	59.37016
6	15	59.38681
6	15	59.40825
6	15	59.41937
6	14	59.43099
6	14	59.44289
6	14	59.45427
6	14	59.46592
6	14	59.47731
6	14	59.48939
6	14	59.5016
6	14	59.51936
6	14	59.53134
6	14	59.5431
6	13	59.55526
6	13	59.56689
6	13	59.57809
6	13	59.59012
6	13	59.6025
6	13	59.61431
6	13	59.62621
6	13	59.63771
6	13	59.64961
6	13	59.66165
6	12	59.67966
6	12	59.69174
6	12	59.70277
6	12	59.71526
6	12	59.72727
6	12	59.73903
6	12	59.75043
6	12	59.76175
6	12	59.77381
6	12	59.78505
6	11	59.79678
6	11	59.80882
6	11	59.82077
6	11	59.83915
6	11	59.85349
6	11	59.86633
6	11	59.8881
6	11	59.91068
6	10	59.93279
6	10	59.95508
6	10	59.97839
6	10	60.0063
6	10	60.02222
7	10	60.04497
7	10	60.0678
7	10	60.09215
7	10	60.11439
7	10	60.13526
8	10	60.16457
8	10	60.18143
8	10	60.20124
8	10	60.22556
8	10	60.24826
8	10	60.26822
9	10	60.29098
9	10	60.32604
9	10	60.34404
9	10	60.35725
9	10	60.36955
9	10	60.38217
9	10	60.39448
10	10	60.40672
10	10	60.41973
10	10	60.43294
10	10	60.44491
10	10	60.46422
10	10	60.47657
10	10	60.48916
10	10	60.50763
11	10	60.5241
11	10	60.53709
11	10	60.55027
11	10	60.56391
11	10	60.5751
11	10	60.58657
11	10	60.60002
11	10	60.6177
11	10	60.63
11	10	60.64243
12	10	60.65366
12	10	60.66492
12	10	60.68072
12	10	60.70308
12	10	60.72545
12	10	60.74797
11	10	60.77062
11	10	60.7978
11	10	60.81512
11	10	60.83709
11	10	60.86028
11	10	60.88201
10	10	60.90504
10	10	60.92789
10	10	60.95502
10	10	60.97178
10	10	60.99421
9	10	61.01657
9	10	61.03987
9	10	61.06219
9	10	61.08455
9	10	61.11084
9	10	61.1285
8	10	61.14987
8	10	61.16165
8	10	61.17376
8	10	61.185
8	10	61.19648
8	10	61.20865
8	10	61.22034
8	10	61.2332
8	10	61.24672
7	10	61.26398
7	10	61.27588
7	10	61.28741
7	10	61.29936
7	10	61.31112
7	10	61.32265
7	10	61.33963
7	10	61.35351
7	10	61.36594
6	10	61.37965
6	10	61.39183
6	10	61.40374
6	10	61.42059
6	10	61.43253
6	10	61.44411
6	10	61.45786
6	10	61.47202
6	10	61.48417
6	10	61.49794
5	10	61.50977
5	10	61.52059
5	10	61.53301
5	10	61.55495
5	10	61.58281
5	10	61.59991
5	10	61.61917
4	10	61.64159
4	10	61.66464
4	10	61.68933
4	10	61.7122
4	10	61.74031
4	10	61.75711
4	10	61.78187
4	10	61.80116
4	10	61.82277
4	10	61.84331
4	10	61.86539
3	10	61.895
3	10	61.91338
3	10	61.93447
3	10	61.95515
3	10	61.97749
2	10	61.99969
2	10	62.02242
2	10	62.04462
2	10	62.0626
2	10	62.0761
2	10	62.09153
2	10	62.10594
2	10	62.11876
2	10	62.13204
2	10	62.14415
3	10	62.15688
3	10	62.16832
3	10	62.18071
3	10	62.20145
3	10	62.21597
3	10	62.22834
3	10	62.24144
3	10	62.25331
3	10	62.26597
4	10	62.27753
4	10	62.28907
4	10	62.30072
4	10	62.31216
4	10	62.32547
4	10	62.33818
4	10	62.35686
4	10	62.36867
4	10	62.37991
5	10	62.39103
5	10	62.41203
5	10	62.43464
5	10	62.45681
5	10	62.47887
5	10	62.50202
5	10	62.53033
5	10	62.5469
5	10	62.56892
5	10	62.59128
5	10	62.61342
6	10	62.63616
6	10	62.66006
6	10	62.6888
6	10	62.7041
6	10	62.72559
6	10	62.74768
6	11	62.76988
6	11	62.79318
6	11	62.81522
6	11	62.84297
6	11	62.85981
6	11	62.87186
6	12	62.88327
6	12	62.89463
6	12	62.90686
6	12	62.91787
6	12	62.92979
6	12	62.94154
6	12	62.9534
6	12	62.96709
6	12	62.98608
6	12	62.99834
6	13	63.01001
6	13	63.02149
6	13	63.03349
6	13	63.04982
6	13	63.06165
6	13	63.07323
6	13	63.08526
6	13	63.0966
6	13	63.10903
6	13	63.12156
6	14	63.13875
6	14	63.15096
6	14	63.16312
6	14	63.17578
6	14	63.18753
6	14	63.19985
6	14	63.21212
6	14	63.22382
6	14	63.23519
6	15	63.24696
6	15	63.25932
6	15	63.27081
6	15	63.28201
6	15	63.30014
6	15	63.31705
6	15	63.33978
6	15	63.36477
6	16	63.38398
6	16	63.40635
6	16	63.42881
6	16	63.4515
6	16	63.47997
5	16	63.49605
5	16	63.51849
5	16	63.54085
5	16	63.56561
5	16	63.59074
5	16	63.6099
4	16	63.64037
4	16	63.65783
4	16	63.67729
4	16	63.69691
4	16	63.7195
3	16	63.74298
3	16	63.76526
3	16	63.7888
3	16	63.80623
3	16	63.81936
3	16	63.83257
3	16	63.8455
3	16	63.85894
3	16	63.87205
3	16	63.88556
3	16	63.9012
3	16	63.91871
3	16	63.94126
3	16	63.95564
3	16	63.96756
2	16	63.98056
2	16	63.99315
2	16	64.00559
2	16	64.01994
2	16	64.03539
2	16	64.04806
2	16	64.06062
2	16	64.07317
2	16	64.09358
2	16	64.10852
2	16	64.11961
2	16	64.13116
3	16	64.14422
3	16	64.16592
3	16	64.18806
3	16	64.21095
3	16	64.23439
3	16	64.26176
3	16	64.27851
3	16	64.30048
3	16	64.32277
3	16	64.34614
3	16	64.36775
4	16	64.39063
4	16	64.41771
4	16	64.4343
4	16	64.45651
4	16	64.47884
5	16	64.50151
5	16	64.52345
5	16	64.54587
5	16	64.57384
5	16	64.59113
5	16	64.61255
6	16	64.6243
6	16	64.63594
6	16	64.64735
6	16	64.6583
6	16	64.66925
6	16	64.68062
6	16	64.69271
6	16	64.70501
6	16	64.72298
6	16	64.73496
5	16	64.74661
5	16	64.75889
5	16	64.77103
5	16	64.78297
5	16	64.7952
5	16	64.80637
5	16	64.81823
5	16	64.8307
5	16	64.8429
5	16	64.85706
4	16	64.87699
4	16	64.8904
4	16	64.90245
4	16	64.91494
4	16	64.9277
4	16	64.93892
4	16	64.95038
4	16	64.96343
4	16	64.97617
3	16	64.98902
3	16	65.00137
3	16	65.01346
3	16	65.03113
3	16	65.04227
3	16	65.05344
3	16	65.06543
3	16	65.08184
3	16	65.10461
3	16	65.1273
3	16	65.149
3	16	65.17112
3	16	65.19952
3	16	65.21608
2	16	65.23785
2	16	65.2617
2	16	65.28262
2	16	65.30491
2	16	65.32811
2	16	65.35515
2	16	65.37238
2	16	65.39843
2	15	65.41868
2	15	65.44018
2	15	65.46417
2	15	65.48708
2	15	65.51458
2	15	65.5316
2	14	65.55129
2	14	65.56485
2	14	65.58463
2	14	65.60015
2	14	65.61276
2	14	65.62436
2	14	65.63642
2	14	65.64886
2	13	65.67003
2	13	65.68533
2	13	65.7002
2	13	65.71242
2	13	65.72502
2	13	65.73666
2	13	65.74816
2	13	65.7606
2	13	65.77171
2	13	65.78394
2	13	65.79639
2	13	65.80827
2	13	65.82944
2	13	65.84371
2	13	65.85555
2	13	65.86748
2	13	65.87944
2	13	65.89079
2	13	65.902
3	13	65.92006
3	13	65.94236
3	13	65.96581
3	13	65.99876
3	13	66.01619
3	13	66.03275
3	13	66.05405
3	13	66.07669
3	13	66.10146
3	13	66.12383
3	13	66.15441
3	12	66.17128
3	12	66.19022
3	12	66.21218
3	12	66.23573
3	12	66.25474
3	12	66.27766
3	11	66.30777
3	11	66.32915
3	11	66.3475
3	11	66.36694
3	11	66.38897
3	10	66.40088
3	10	66.41412
3	10	66.42591
3	10	66.43863
3	10	66.45973
3	10	66.47453
3	10	66.48701
3	10	66.49963
3	10	66.51266
3	10	66.52527
3	10	66.53732
3	10	66.55006
3	10	66.5618
3	10	66.57399
3	10	66.58592
3	10	66.5974
3	10	66.61494
3	10	66.62701
3	11	66.63905
3	11	66.65102
3	11	66.66328
3	11	66.6749
3	11	66.68589
3	11	66.69773
3	11	66.70996
3	11	66.72172
3	11	66.73333
3	11	66.7498
3	12	66.77439
3	12	66.79124
3	12	66.81393
3	12	66.83545
3	12	66.85831
3	13	66.88025
3	13	66.90239
3	13	66.93304
3	13	66.94867
3	13	66.97054
3	13	66.99184
3	13	67.01469
3	13	67.0366
2	13	67.05981
2	13	67.0893
2	13	67.10516
2	13	67.1282
2	13	67.15068
2	13	67.1724
2	13	67.19358
2	13	67.21618
2	13	67.23363
2	13	67.24622
2	13	67.25813
2	13	67.27025
2	13	67.28262
2	13	67.29486
2	13	67.30691
2	13	67.31882
2	13	67.33048
2	13	67.34205
2	14	67.35442
2	14	67.36699
2	14	67.38489
2	14	67.39649
2	14	67.41255
2	14	67.42764
2	14	67.43914
2	14	67.45114
2	14	67.46327
2	15	67.47489
2	15	67.48665
2	15	67.49873
2	15	67.50999
2	15	67.52241
2	15	67.54107
2	15	67.55262
2	15	67.56464
2	15	67.5764
2	15	67.58771
2	16	67.59906
2	16	67.61722
2	16	67.64084
2	16	67.66283
2	16	67.68565
2	17	67.71275
2	17	67.72942
2	17	67.75209
2	17	67.77622
2	17	67.79892
2	17	67.81884
2	18	67.84108
2	18	67.87097
2	18	67.88877
2	18	67.91084
2	18	67.93118
2	18	67.95317
2	19	67.97617
2	19	67.99871
2	19	68.02889
2	19	68.04523
2	19	68.06981
3	19	68.08714
3	19	68.09966
3	19	68.11124
3	19	68.12708
3	19	68.14339
3	19	68.16068
3	19	68.18449
3	19	68.20113
3	19	68.21335
3	19	68.22732
3	19	68.24225
3	19	68.2567
3	19	68.26878
3	19	68.28136
3	19	68.29397
3	19	68.3056
3	19	68.31769
3	20	68.33776
3	20	68.35365
3	20	68.36911
3	20	68.38081
3	20	68.39331
3	20	68.40479
3	20	68.41616
3	20	68.42871
3	20	68.44112
3	21	68.45184
3	21	68.46637
3	21	68.48943
3	21	68.51924
3	21	68.53534
3	21	68.556
3	22	68.57761
3	22	68.60081
3	22	68.62257
3	22	68.64509
3	22	68.67302
3	22	68.69016
3	22	68.71187
3	21	68.73453
3	21	68.75677
3	21	68.77955
3	21	68.80167
3	21	68.83089
3	21	68.84632
3	20	68.86889
3	20	68.89165
3	20	68.91373
3	20	68.936
3	20	68.94895
3	20	68.96198
3	19	68.9824
3	19	68.99764
3	19	69.01048
3	19	69.02286
3	19	69.03585
3	19	69.04723
3	19	69.05884
3	19	69.07048
3	19	69.08204
3	19	69.09422
3	19	69.10578
3	19	69.11777
3	19	69.13577
3	19	69.14767
3	19	69.15894
3	19	69.17062
3	19	69.18189
2	19	69.19437
2	19	69.20634
2	19	69.21808
2	19	69.22974
2	19	69.24161
2	19	69.25429
2	19	69.28806
2	19	69.30729
2	19	69.31918
2	19	69.33051
2	19	69.34294
2	19	69.35513
2	19	69.36628
2	19	69.38219
2	19	69.4046
2	19	69.42814
2	19	69.45029
2	19	69.47703
2	19	69.49432
2	18	69.51682
2	18	69.53889
2	18	69.56081
2	18	69.58385
2	18	69.60614
2	17	69.63409
2	17	69.65099
2	17	69.67323
2	17	69.69527
2	17	69.71839
2	17	69.74133
2	16	69.7632
2	16	69.78981
2	16	69.80745
2	16	69.82878
2	16	69.85124
2	16	69.86456
2	16	69.87764
3	16	69.89088
3	16	69.904
3	16	69.91877
3	16	69.93751
3	16	69.94924
3	16	69.9607
3	16	69.97279
3	16	69.98542
3	16	69.99718
3	16	70.00858
3	16	70.02074
3	16	70.03308
3	16	70.04457
3	16	70.05683
3	16	70.06937
3	16	70.08679
3	16	70.09914
3	16	70.11065
3	16	70.12212
4	16	70.13417
4	16	70.14648
4	16	70.15903
4	16	70.17078
4	16	70.18216
4	16	70.19349
4	16	70.20562
4	16	70.21687
4	16	70.22784
5	16	70.24437
5	16	70.25597
5	16	70.27586
5	16	70.29793
5	16	70.32
5	16	70.34265
5	16	70.36478
6	16	70.38794
6	16	70.41505
6	16	70.43286
6	16	70.45538
6	16	70.47771
6	16	70.50064
6	16	70.52289
6	16	70.54497
6	16	70.5726
6	16	70.58923
6	16	70.61148
6	16	70.63493
6	16	70.65883
6	16	70.67881
6	16	70.70232
6	16	70.72828
6	16	70.74031
6	16	70.75162
6	16	70.7631
6	16	70.77507
6	16	70.78657
6	16	70.79884
6	16	70.81027
6	16	70.82148
6	16	70.83317
6	16	70.84464
6	16	70.85699
6	16	70.8751
6	16	70.88676
6	16	70.89911
6	16	70.91122
6	16	70.92505
6	16	70.93896
6	16	70.95074
6	16	70.96419
6	16	70.97598
6	16	70.98827
6	16	71.00071
6	16	71.01266
6	16	71.03185
6	16	71.0426
6	16	71.05376
6	16	71.06549
6	16	71.07674
6	16	71.0889
6	16	71.10104
6	16	71.11275
6	16	71.12393
6	16	71.13688
6	16	71.15781
6	16	71.18063
6	15	71.20803
6	15	71.22579
6	15	71.24764
6	15	71.2698
6	15	71.29383
6	15	71.31464
6	14	71.33715
6	14	71.3651
6	14	71.38218
6	14	71.40452
6	14	71.42645
6	13	71.45045
6	13	71.4726
6	13	71.49359
6	13	71.52113
6	13	71.53854
6	13	71.56048
6	12	71.58394
6	12	71.60526
6	12	71.6279
6	12	71.65055
6	12	71.66843
6	12	71.68117
6	11	71.69353
6	11	71.70653
6	11	71.71922
6	11	71.73203
6	11	71.74529
6	11	71.75887
6	11	71.77231
6	11	71.78539
6	11	71.79836
6	10	71.81585
6	10	71.83298
6	10	71.84479
6	10	71.85762
6	10	71.86998
6	10	71.8812
6	10	71.89299
6	10	71.90472
6	10	71.91694
6	10	71.92825
6	9	71.94002
6	9	71.95158
6	9	71.96392
6	9	71.9785
6	9	72.00426
6	9	72.02288
6	9	72.04092
6	8	72.06379
6	8	72.08553
6	8	72.10818
6	8	72.13339
6	8	72.16157
6	8	72.17761
6	7	72.19699
6	7	72.22007
6	7	72.24419
6	7	72.26703
6	7	72.28773
6	6	72.31954
6	6	72.33675
6	6	72.35676
6	6	72.376
6	6	72.39781
6	6	72.42058
6	5	72.44292
6	5	72.47632
6	5	72.4938
6	5	72.50809
6	5	72.52004
6	5	72.5315
6	5	72.543
6	4	72.55534
6	4	72.56738
6	4	72.57971
6	4	72.59525
6	4	72.61694
6	4	72.63175
6	4	72.64664
6	4	72.6608
6	4	72.67471
6	4	72.68724
6	4	72.70054
6	4	72.71556
6	4	72.73156
6	4	72.74277
6	4	72.75491
6	4	72.77524
6	3	72.79088
6	3	72.80248
6	3	72.81445
6	3	72.82821
6	3	72.84134
6	3	72.85633
6	3	72.87843
6	3	72.90195
6	2	72.92356
6	2	72.95345
6	2	72.97012
6	2	72.98982
6	2	73.01213
6	2	73.03452
5	2	73.05707
5	2	73.08011
5	2	73.11131
5	2	73.12809
5	2	73.1468
5	2	73.16906
4	2	73.19122
4	2	73.21482
4	2	73.2391
4	2	73.26923
4	2	73.2861
3	2	73.30412
3	2	73.32574
3	2	73.33923
3	2	73.35403
3	2	73.36926
3	2	73.38165
3	2	73.39553
3	2	73.4183
3	2	73.4352
3	2	73.44988
3	2	73.46743
3	2	73.48846
3	2	73.50232
3	2	73.51456
3	2	73.52661
3	2	73.53874
2	2	73.55104
2	2	73.57113
2	2	73.58619
2	2	73.60065
2	2	73.61345
2	2	73.62502
2	2	73.6365
2	2	73.64799
2	2	73.66003
2	2	73.67108
2	2	73.68267
2	3	73.70504
2	3	73.73497
2	3	73.75333
2	3	73.77466
2	3	73.79396
2	3	73.81783
2	4	73.84047
2	4	73.86244
2	4	73.89349
2	4	73.91063
2	4	73.92853
2	5	73.95127
2	5	73.97459
2	5	73.99515
2	5	74.01939
2	5	74.04816
2	5	74.06573
3	4	74.08451
3	4	74.10776
3	4	74.13146
3	4	74.1548
3	4	74.17478
3	4	74.19521
3	4	74.21102
3	4	74.22383
3	4	74.23957
3	4	74.25377
3	4	74.26588
3	4	74.2778
3	4	74.29011
3	4	74.30133
4	4	74.31289
4	4	74.32701
4	4	74.35256
4	4	74.37539
4	4	74.38824
4	4	74.40216
4	4	74.41614
4	4	74.43038
5	4	74.44301
5	4	74.45616
5	4	74.46998
5	4	74.48649
5	4	74.50961
5	4	74.5242
5	4	74.53614
5	4	74.54678
6	4	74.55836
6	4	74.57604
6	4	74.59883
6	4	74.621
6	4	74.64355
6	4	74.67113
6	4	74.6878
6	4	74.71057
6	4	74.73263
5	4	74.75561
5	4	74.77754
5	4	74.80065
5	4	74.82787
5	4	74.84438
4	4	74.8668
4	4	74.88931
4	4	74.91157
4	4	74.93323
4	4	74.95649
4	4	74.98708
3	4	75.00167
3	4	75.02265
3	4	75.03394
3	4	75.0454
3	4	75.05695
3	4	75.0679
3	4	75.07985
3	4	75.0918
3	4	75.10272
4	5	75.11431
4	5	75.13216
4	5	75.14457
4	5	75.159
4	5	75.17406
4	5	75.18599
4	5	75.19775
4	5	75.21007
4	5	75.22225
4	6	75.23447
4	6	75.24585
4	6	75.25791
4	6	75.27213
4	6	75.29264
4	6	75.30706
4	6	75.31834
4	6	75.33128
4	6	75.34311
4	6	75.35461
4	7	75.36594
4	7	75.37703
4	7	75.38985
4	7	75.40366
4	7	75.41819
4	7	75.43108
4	7	75.45185
4	7	75.46687
4	7	75.47877
4	7	75.49
4	7	75.50618
4	7	75.52549
4	7	75.54897
3	7	75.57068
3	7	75.59295
3	7	75.62141
3	7	75.64062
3	7	75.66389
3	7	75.68252
2	7	75.70446
2	7	75.72671
2	7	75.75167
2	7	75.77997
2	7	75.79645
2	7	75.81577
2	7	75.83833
2	7	75.86072
2	8	75.88363
2	8	75.90601
2	8	75.93356
2	8	75.9539
2	8	75.96703
2	8	75.98004
2	8	75.99242
2	9	76.00423
2	9	76.0152
2	9	76.02757
2	9	76.04208
2	9	76.05766
2	9	76.07961
2	9	76.0949
2	9	76.10796
2	9	76.12202
2	10	76.13466
2	10	76.14904
2	10	76.16225
2	10	76.17533
2	10	76.18753
2	10	76.19888
2	10	76.21074
2	10	76.23061
2	10	76.2433
3	10	76.25589
3	10	76.26785
3	10	76.27935
3	10	76.29112
3	10	76.30235
3	10	76.31403
3	10	76.32561
3	10	76.33699
3	10	76.34837
3	10	76.36364
4	10	76.39063
4	10	76.40812
4	10	76.43017
4	10	76.45207
4	10	76.47482
5	10	76.49666
5	10	76.51986
5	10	76.54728
5	10	76.56488
5	10	76.58723
5	10	76.60929
5	10	76.63171
5	10	76.65418
5	10	76.67723
5	10	76.70502
5	10	76.7229
6	10	76.7442
6	10	76.76548
6	10	76.78819
6	10	76.81066
6	10	76.8335
6	10	76.85238
7	10	76.86549
7	10	76.88302
7	10	76.89497
7	10	76.90622
7	10	76.91794
7	10	76.93002
7	10	76.94148
7	10	76.95264
7	10	76.9654
7	10	76.97736
8	10	76.99017
8	10	77.00824
8	10	77.01876
8	10	77.03018
8	10	77.04246
8	10	77.05502
8	10	77.06637
8	10	77.07799
8	10	77.09011
9	10	77.10155
9	10	77.11332
9	10	77.12494
9	10	77.13627
9	10	77.14951
9	10	77.17024
9	10	77.18274
9	10	77.19675
9	10	77.21244
10	10	77.2363
10	10	77.2577
10	10	77.28027
10	10	77.30303
10	10	77.32916
11	10	77.34612
11	10	77.36863
11	10	77.39101
11	10	77.41287
11	10	77.43561
11	10	77.45816
12	10	77.48547
12	10	77.50311
12	10	77.52768
12	10	77.54819
12	10	77.5694
12	9	77.59253
12	9	77.61633
12	9	77.64317
12	9	77.66193
12	9	77.67656
12	9	77.68814
12	9	77.6998
12	9	77.71085
12	8	77.72311
12	8	77.73641
12	8	77.75615
12	8	77.77361
12	8	77.79713
12	8	77.8139
12	8	77.82613
12	7	77.83707
12	7	77.84806
12	7	77.86134
12	7	77.87627
12	7	77.89037
12	7	77.90283
12	7	77.91482
12	7	77.92795
12	7	77.94884
11	7	77.96473
11	7	77.97649
11	7	77.98879
11	7	78.00365
11	7	78.01804
11	7	78.02966
11	7	78.04071
11	7	78.05661
11	7	78.07218
10	7	78.09522
10	7	78.12621
10	7	78.14332
10	7	78.16228
10	7	78.18385
9	7	78.20687
9	7	78.22909
9	7	78.25154
9	7	78.2814
9	7	78.29857
9	7	78.31815
8	7	78.34204
8	7	78.36467
8	7	78.38828
8	7	78.41141
8	7	78.4398
7	7	78.45682
7	7	78.47604
7	7	78.4996
7	7	78.52144
7	7	78.54239
7	7	78.55608
6	7	78.56898
6	7	78.58998
6	7	78.60464
6	7	78.61584
6	7	78.62762
6	7	78.63938
6	7	78.65031
6	7	78.66227
6	7	78.67434
6	7	78.6857
7	7	78.69762
7	7	78.70933
7	7	78.72286
7	7	78.74085
7	7	78.75175
7	7	78.76318
7	7	78.7747
7	7	78.78627
7	7	78.7976
7	7	78.80924
8	7	78.82067
8	7	78.83249
8	7	78.84413
8	7	78.85599
8	7	78.87329
8	7	78.89137
8	7	78.90441
8	7	78.92174
9	7	78.94392
9	7	78.9658
9	7	78.98868
9	7	79.01041
9	7	79.03445
9	6	79.06176
9	6	79.07751
9	6	79.10005
9	6	79.12537
9	6	79.14743
9	6	79.16751
9	5	79.18967
9	5	79.21983
9	5	79.23737
9	5	79.2572
9	5	79.27872
9	4	79.30091
9	4	79.32378
9	4	79.34644
9	4	79.38207
9	4	79.4015
9	4	79.41495
9	4	79.42734
9	4	79.4397
9	4	79.45148
9	4	79.46352
9	4	79.47469
9	4	79.48631
9	4	79.4989
9	4	79.51618
9	4	79.52846
9	4	79.54086
9	4	79.55819
9	4	79.57097
9	4	79.58242
9	4	79.59483
9	4	79.60577
9	4	79.61717
9	4	79.62862
9	4	79.6398
9	4	79.65195
10	4	79.66979
10	4	79.68226
10	4	79.69432
10	4	79.70788
10	4	79.72759
10	4	79.74804
10	4	79.76992
11	4	79.79308
11	4	79.81512
11	4	79.84506
11	4	79.86404
11	4	79.88232
11	4	79.90454
12	4	79.92667
12	4	79.94942
12	4	79.97452
12	4	80.00188
12	4	80.01872
12	4	80.03836
12	3	80.0606
12	3	80.08308
12	3	80.10738
12	3	80.13165
12	3	80.15968
12	3	80.17908
12	3	80.19533
12	3	80.21776
12	3	80.23324
12	3	80.24927
12	3	80.26354
12	3	80.27707
12	3	80.29105
12	2	80.31498
12	2	80.33125
12	2	80.34521
12	2	80.35782
12	2	80.36848
12	2	80.38071
12	2	80.3927
12	2	80.40332
12	2	80.41592
12	2	80.4283
12	2	80.44007
12	2	80.45101
12	2	80.47218
12	2	80.48599
12	2	80.49687
12	2	80.50792
12	2	80.51894
12	2	80.5325
12	2	80.54543
12	2	80.55801
12	2	80.575
12	2	80.58636
12	2	80.60827
12	2	80.63482
12	2	80.65227
12	2	80.67477
12	2	80.6965
12	2	80.71922
12	2	80.74162
12	2	80.76427
12	2	80.79214
12	2	80.80907
12	2	80.83118
12	2	80.85372
12	2	80.87624
12	2	80.89841
12	2	80.92053
12	2	80.94877
12	2	80.9655
12	2	80.98734
12	2	81.0094
12	2	81.03192
12	2	81.05483
12	2	81.06593
12	2	81.07825
12	2	81.09538
12	2	81.10648
12	2	81.11788
12	2	81.12869
12	2	81.139
12	2	81.15102
12	2	81.1644
12	2	81.17715
12	2	81.18968
12	2	81.20435
12	2	81.21777
11	2	81.2315
11	2	81.24901
11	2	81.26267
11	2	81.27905
11	2	81.29382
11	2	81.30536
11	2	81.31647
11	2	81.32836
11	2	81.3395
10	2	81.35117
10	2	81.36414
10	2	81.37607
10	2	81.39037
10	2	81.4122
10	2	81.42698
10	2	81.438
10	2	81.4498
9	2	81.46775
9	2	81.49024
9	2	81.51273
9	2	81.53724
9	2	81.55992
8	2	81.59016
8	2	81.60587
8	2	81.62486
8	2	81.64842
8	2	81.67099
8	2	81.69169
7	2	81.71474
7	2	81.7455
7	2	81.7641
7	2	81.78334
7	2	81.80383
7	2	81.82681
6	2	81.84837
6	2	81.8704
6	2	81.90554
6	2	81.9202
6	2	81.93654
6	2	81.94837
5	2	81.96101
5	2	81.97151
5	2	81.98359
5	2	81.99565
5	2	82.00722
5	2	82.01867
5	2	82.0303
5	2	82.04777
5	2	82.06016
5	2	82.0712
4	2	82.08276
4	2	82.09485
4	2	82.10631
4	2	82.11828
4	2	82.13049
4	2	82.14189
4	2	82.15324
4	2	82.16502
4	2	82.17626
4	2	82.18829
3	2	82.20579
3	2	82.21757
3	2	82.22896
3	2	82.24058
3	2	82.25309
3	2	82.26495
3	2	82.27829
3	2	82.29291
3	2	82.3052
3	2	82.31787
2	2	82.32987
2	2	82.34137
2	2	82.35892
2	2	82.37033
2	2	82.38177
2	2	82.39338
2	2	82.40504
2	2	82.41599
2	2	82.42904
2	2	82.45113
2	2	82.47338
2	2	82.49572
2	2	82.52328
2	2	82.54022
2	2	82.56269
2	2	82.58485
2	2	82.60702
2	2	82.62939
2	2	82.65203
2	2	82.67946
2	2	82.69668
2	2	82.7193
2	2	82.74113
2	2	82.76351
2	2	82.78699
2	2	82.80961
2	2	82.83575
2	2	82.85352
2	2	82.87521
2	2	82.89808
2	2	82.90919
2	2	82.92065
2	2	82.93147
2	2	82.94315
2	2	82.95506
2	2	82.96709
2	2	82.98727
2	2	82.99873
2	2	83.01026
2	2	83.02216
2	2	83.03406
2	2	83.04551
2	2	83.06187
2	2	83.07366
3	2	83.08601
3	2	83.09833
3	2	83.11063
3	2	83.12248
3	2	83.14055
3	2	83.15206
3	2	83.16315
3	2	83.17429
3	2	83.18569
3	2	83.19714
3	2	83.20853
3	2	83.21964
3	2	83.23186
3	2	83.24348
3	2	83.25507
3	2	83.2667
3	2	83.27914
3	2	83.29571
3	2	83.31132
4	2	83.3332
4	2	83.35567
4	2	83.37962
4	2	83.40086
4	2	83.42391
5	2	83.44497
5	2	83.47164
5	2	83.4892
5	2	83.51198
5	2	83.53403
5	2	83.5567
6	2	83.57938
6	2	83.60437
6	2	83.63004
6	2	83.6464
6	2	83.66815
7	2	83.69041
7	2	83.71239
7	2	83.73475
7	2	83.75774
7	2	83.78545
7	2	83.79753
7	2	83.80962
8	2	83.8199
8	2	83.83372
8	2	83.84706
8	2	83.85983
8	2	83.87189
8	2	83.88338
8	2	83.8958
8	2	83.90913
8	2	83.92627
9	2	83.93877
9	2	83.95077
9	2	83.96299
9	2	83.97384
9	2	83.98621
9	2	83.99818
9	2	84.00977
9	2	84.02125
9	2	84.03247
9	2	84.04359
9	2	84.05523
10	2	84.06679
10	2	84.08382
10	2	84.09584
10	2	84.10699
10	2	84.11835
10	2	84.12902
10	2	84.1413
10	2	84.15987
11	2	84.18185
11	2	84.20409
11	2	84.22674
11	2	84.25388
11	2	84.27187
11	2	84.29536
12	2	84.31599
12	2	84.33839
12	2	84.36103
12	2	84.38348
12	2	84.41043
13	2	84.42815
13	2	84.45006
13	2	84.47263
13	2	84.49789
13	2	84.51921
13	2	84.54115
14	2	84.57246
14	2	84.59022
14	2	84.60809
14	2	84.62919
14	2	84.64027
14	2	84.65163
14	2	84.66325
15	2	84.674
15	2	84.68542
15	2	84.69803
15	2	84.71819
15	2	84.73415
15	2	84.74543
15	2	84.75673
15	2	84.7684
15	2	84.77937
16	2	84.79047
16	2	84.80141
16	2	84.81557
16	2	84.83169
16	2	84.84763
16	2	84.86037
16	2	84.88168
16	2	84.89715
16	2	84.9093
17	2	84.92096
17	2	84.93309
17	2	84.94763
17	2	84.96508
17	2	84.98012
17	2	84.99215
17	2	85.00224
17	2	85.01343
18	2	85.03918
18	2	85.05554
18	2	85.07607
18	2	85.10023
18	2	85.12276
18	2	85.14238
19	2	85.1653
19	2	85.19529
19	2	85.21362
19	2	85.2345
19	2	85.25457
19	2	85.27739
20	2	85.29909
20	2	85.32162
20	2	85.35113
20	2	85.36903
20	2	85.38895
21	2	85.41035
21	2	85.4333
21	2	85.45618
21	2	85.46722
21	2	85.47882
21	2	85.49696
21	2	85.50785
21	2	85.51865
20	2	85.53461
20	2	85.54589
20	2	85.55822
20	2	85.57072
20	2	85.58507
20	2	85.60043
20	2	85.61336
20	2	85.62665
19	2	85.64516
19	2	85.68294
19	2	85.69558
19	2	85.70676
19	2	85.71833
19	2	85.73
19	2	85.74101
19	2	85.7524
19	2	85.76357
18	2	85.77499
18	2	85.78696
18	2	85.79948
18	2	85.81667
18	2	85.8289
18	2	85.84069
18	2	85.85189
18	2	85.86256
18	2	85.87932
17	2	85.90229
17	2	85.9248
17	2	85.94714
17	2	85.96909
17	2	85.99706
16	2	86.0143
16	2	86.03601
16	2	86.0588
16	2	86.08106
16	2	86.10338
16	2	86.12663
15	2	86.1549
15	2	86.17039
15	2	86.19279
15	2	86.21537
15	2	86.23709
14	2	86.26094
14	2	86.28303
14	2	86.31024
14	2	86.32681
14	2	86.34892
14	2	86.36064
14	2	86.37219
13	2	86.38386
13	2	86.39497
13	2	86.40725
13	2	86.41827
13	2	86.43027
13	2	86.44165
13	2	86.45946
13	2	86.47106
13	2	86.48307
13	2	86.49454
12	2	86.50641
12	2	86.51818
12	2	86.53027
12	2	86.54188
12	2	86.55322
12	2	86.56528
12	2	86.57664
12	2	86.58817
12	2	86.59984
12	2	86.61738
13	2	86.629
13	2	86.64089
13	2	86.65342
13	2	86.66544
13	2	86.67924
13	2	86.69365
13	2	86.70694
13	2	86.72559
13	2	86.73782
14	2	86.7486
14	2	86.76015
14	2	86.77648
14	2	86.78819
14	2	86.79927
14	2	86.80996
14	2	86.8208
14	2	86.84069
14	2	86.86272
15	2	86.88499
15	2	86.9081
15	2	86.9303
15	2	86.95795
15	2	86.9749
16	2	86.99742
16	2	87.01926
16	2	87.04103
16	2	87.06383
16	2	87.08589
17	2	87.11345
17	2	87.13135
17	2	87.15282
17	2	87.17646
17	2	87.19875
17	2	87.22054
18	2	87.24323
18	2	87.27137
18	2	87.28846
18	2	87.30101
18	2	87.31525
18	2	87.32952
18	2	87.34332
19	2	87.35705
19	2	87.37556
19	2	87.39456
19	2	87.41917
19	2	87.43305
19	2	87.44448
19	2	87.45613
19	2	87.46779
20	2	87.47902
20	2	87.49068
20	2	87.50188
20	2	87.51331
20	2	87.5247
20	2	87.53622
20	2	87.54778
20	2	87.56539
20	2	87.5765
20	2	87.58783
20	2	87.59961
21	2	87.6109
21	2	87.62206
21	2	87.634
21	2	87.6449
21	2	87.65599
21	2	87.67966
21	2	87.70109
21	3	87.72877
21	3	87.74492
21	3	87.76698
21	3	87.78944
21	3	87.81146
21	3	87.83453
21	3	87.85719
21	3	87.88444
21	3	87.90286
21	3	87.92381
21	3	87.94666
21	4	87.96893
21	4	87.99097
21	4	88.01371
21	4	88.04075
21	4	88.05786
21	4	88.07978
21	5	88.10226
21	5	88.12552
21	5	88.14754
21	5	88.1588
21	5	88.17078
21	5	88.1887
21	5	88.2012
21	6	88.21494
21	6	88.22813
21	6	88.24017
21	6	88.25156
21	6	88.26476
21	6	88.27729
21	6	88.29195
21	6	88.30476
21	6	88.31758
21	6	88.33067
21	7	88.34835
21	7	88.35988
21	7	88.37182
21	7	88.38326
21	7	88.39482
21	7	88.40594
21	7	88.41811
21	7	88.43017
21	7	88.44131
21	7	88.45235
21	6	88.46423
21	6	88.47572
21	6	88.48815
21	6	88.50604
21	6	88.51752
21	6	88.52897
21	6	88.54036
21	6	88.55118
21	6	88.56175
21	5	88.58307
21	5	88.60551
21	5	88.62753
21	5	88.65002
21	5	88.67825
21	5	88.69501
21	4	88.71754
21	4	88.73899
21	4	88.76126
21	4	88.78373
21	4	88.80668
21	3	88.83432
21	3	88.85109
21	3	88.87321
21	3	88.89575
21	3	88.91778
21	3	88.94006
21	2	88.96427
21	2	88.99306
21	2	89.00815
21	2	89.03034
21	2	89.05265
21	2	89.06577
21	2	89.0771
21	2	89.09114
21	2	89.10311
21	2	89.11652
21	2	89.13422
21	2	89.14649
21	2	89.1612
21	2	89.17393
21	2	89.1873
21	3	89.20039
21	3	89.21307
21	3	89.22552
21	3	89.23662
21	3	89.25274
21	3	89.26391
21	3	89.27562
21	3	89.29307
21	3	89.30464
21	3	89.31592
21	3	89.3277
21	3	89.33951
21	3	89.35212
21	3	89.36352
21	3	89.37457
21	3	89.38736
21	3	89.40049
21	3	89.41283
21	3	89.42454
21	4	89.4429
21	4	89.4716
21	4	89.4881
21	4	89.51006
21	4	89.53242
21	4	89.5541
21	5	89.57697
21	5	89.59944
21	5	89.62661
21	5	89.64429
21	5	89.66634
21	6	89.69097
21	6	89.71154
21	6	89.73363
21	6	89.75595
21	6	89.78312
21	7	89.80004
21	7	89.82308
21	7	89.84498
21	7	89.86766
21	7	89.88943
21	7	89.91199
20	7	89.92895
20	7	89.94224
20	7	89.95545
20	7	89.9698
20	7	89.98875
20	7	90.00191
20	7	90.0154
20	7	90.02827
20	7	90.0414
19	7	90.05401
19	7	90.0659
19	7	90.08655
19	7	90.10056
19	7	90.11243
19	7	90.12458
19	7	90.13564
19	7	90.14671
19	7	90.15816
18	7	90.16908
18	7	90.18027
18	7	90.19228
18	7	90.20666
18	7	90.22102
18	7	90.24213
18	7	90.25656
18	7	90.26795
18	7	90.27866
18	6	90.29062
18	6	90.30108
18	6	90.3121
18	6	90.32819
18	6	90.35078
18	6	90.3705
18	6	90.39294
18	5	90.42253
18	5	90.44071
18	5	90.46152
18	5	90.48091
18	5	90.50412
18	5	90.52606
18	4	90.54942
18	4	90.57964
18	4	90.59931
18	4	90.61679
18	4	90.63886
18	5	90.66183
18	5	90.68323
18	5	90.70608
18	5	90.73674
18	5	90.75394
18	5	90.77262
18	6	90.79371
18	6	90.80524
18	6	90.81688
18	6	90.82823
18	6	90.83969
18	6	90.85062
18	6	90.86232
18	6	90.87924
18	6	90.89082
18	7	90.90135
18	7	90.91361
18	7	90.92551
18	7	90.93664
18	7	90.94768
18	7	90.95954
18	7	90.97153
18	7	90.98467
18	7	90.99658
18	7	91.00822
18	7	91.02003
18	7	91.03874
18	7	91.04973
18	7	91.06114
18	7	91.07258
18	7	91.08401
18	7	91.09534
18	7	91.10788
18	7	91.11932
18	7	91.13084
17	7	91.14267
17	7	91.15427
17	7	91.16627
17	7	91.18065
17	7	91.2013
17	7	91.21635
17	7	91.2271
17	7	91.23931
17	7	91.25134
16	7	91.26311
16	7	91.27435
16	7	91.28622
16	7	91.30035
16	7	91.31482
16	7	91.32638
16	7	91.33844
16	7	91.35797
16	7	91.37265
15	7	91.38312
15	7	91.39417
15	7	91.40716
15	7	91.42139
15	7	91.4357
15	7	91.44711
15	7	91.45837
15	7	91.46937
15	7	91.48675
15	7	91.5102
15	7	91.54236
15	7	91.55985
15	7	91.57637
15	8	91.59819
15	8	91.62146
15	8	91.64735
15	8	91.66949
15	8	91.69826
15	9	91.7178
15	9	91.73438
15	9	91.75839
15	9	91.7796
15	9	91.80102
15	10	91.82349
15	10	91.85139
15	10	91.8702
15	10	91.88934
15	10	91.91181
15	10	91.93367
15	9	91.94492
15	9	91.95718
15	9	91.96878
15	9	91.9809
15	9	91.99873
15	9	92.01136
15	9	92.02403
15	9	92.0356
15	9	92.04643
15	9	92.05795
15	8	92.0706
15	8	92.08141
15	8	92.09225
15	8	92.10404
15	8	92.11521
15	8	92.12716
15	8	92.14165
15	8	92.15959
15	8	92.1708
15	8	92.18224
15	7	92.19432
15	7	92.20564
15	7	92.2165
15	7	92.22838
15	7	92.24002
15	7	92.25164
15	7	92.26208
15	7	92.27374
15	7	92.28503
15	7	92.29647
15	7	92.31316
15	7	92.32505
15	7	92.33624
15	7	92.34761
15	7	92.35928
16	7	92.37038
16	7	92.39211
16	7	92.41418
16	7	92.43634
16	7	92.45923
16	7	92.48579
17	7	92.50332
17	7	92.52564
17	7	92.54828
17	7	92.57038
17	7	92.59261
18	7	92.61522
18	7	92.64268
18	7	92.65982
18	7	92.68221
18	7	92.70509
18	7	92.72697
18	6	92.7504
18	6	92.77331
18	6	92.80185
18	6	92.81738
18	6	92.83997
18	5	92.86156
18	5	92.87379
18	5	92.8861
18	5	92.89777
18	5	92.90995
18	5	92.92191
18	5	92.93485
18	5	92.95406
18	5	92.96542
18	4	92.97768
18	4	92.99038
18	4	93.00112
18	4	93.01242
18	4	93.02322
18	4	93.03433
18	4	93.04534
18	4	93.05692
18	4	93.06765
18	4	93.07897
18	4	93.09202
18	4	93.10838
18	4	93.1198
18	4	93.13052
18	4	93.14217
18	4	93.15343
18	4	93.16504
17	4	93.17667
17	4	93.18874
17	4	93.20024
17	4	93.21394
17	4	93.22811
17	4	93.24254
17	4	93.27331
16	4	93.29136
16	4	93.30816
16	4	93.33028
16	4	93.35486
16	4	93.37753
16	4	93.39759
15	4	93.42804
15	4	93.44494
15	4	93.46694
15	4	93.48652
15	4	93.50847
15	4	93.5312
15	4	93.55354
15	4	93.5837
15	4	93.6012
15	4	93.6208
15	4	93.64259
16	4	93.66475
16	4	93.6887
16	4	93.70992
16	4	93.72739
16	4	93.74418
16	4	93.75989
16	4	93.7738
17	4	93.7855
17	4	93.79679
17	4	93.80866
17	4	93.81976
17	4	93.8315
17	4	93.84287
17	4	93.85486
17	4	93.86576
17	4	93.88259
17	4	93.89413
18	4	93.90636
18	4	93.9183
18	4	93.92891
18	4	93.94071
18	4	93.95216
18	4	93.96322
18	4	93.98052
18	4	93.99286
18	4	94.00396
18	4	94.01591
18	4	94.03377
18	4	94.04474
18	4	94.05727
18	4	94.07808
18	4	94.1007
18	4	94.12324
18	4	94.1453
18	4	94.1675
18	4	94.1953
18	4	94.21159
17	4	94.2342
17	4	94.25749
17	4	94.27945
17	4	94.30193
17	4	94.32487
17	4	94.35185
16	4	94.36871
16	4	94.39085
16	4	94.41343
16	4	94.43494
16	4	94.45903
15	4	94.48073
15	4	94.50907
15	4	94.52654
15	4	94.53868
15	4	94.55063
15	4	94.56293
15	4	94.57471
15	4	94.58586
15	4	94.59794
15	4	94.60998
15	4	94.62333
15	4	94.6375
15	4	94.65929
15	4	94.67254
15	4	94.68335
15	4	94.6949
15	4	94.70588
16	4	94.71687
16	4	94.72939
16	4	94.74166
16	4	94.75294
16	4	94.76398
16	4	94.77551
16	4	94.78618
16	4	94.79785
16	4	94.81446
16	4	94.82613
17	4	94.83691
17	4	94.84821
17	4	94.86013
17	4	94.87201
17	4	94.88286
17	4	94.89439
17	4	94.9071
17	4	94.91926
17	4	94.9306
17	4	94.94147
17	4	94.95354
18	4	94.97083
18	4	94.9823
18	4	94.9939
18	4	95.00535
18	4	95.01617
18	4	95.02748
18	4	95.03941
18	4	95.05053
18	4	95.06155
18	4	95.07378
18	4	95.08527
18	4	95.0966
18	4	95.10846
18	4	95.13076
18	4	95.14279
18	4	95.15535
18	4	95.16653
18	4	95.17761
18	4	95.18967
18	4	95.20232
18	4	95.21317
18	4	95.2252
18	4	95.23701
18	4	95.24764
18	4	95.25983
18	4	95.2771
18	4	95.28841
17	4	95.30054
17	4	95.31453
17	4	95.32778
17	4	95.33943
17	4	95.3509
17	4	95.36371
17	4	95.38572
17	4	95.40755
16	4	95.42991
16	4	95.45887
16	4	95.47482
16	4	95.49698
16	4	95.51994
16	4	95.54188
15	4	95.56455
15	4	95.58806
15	4	95.61659
15	4	95.63332
15	4	95.65402
15	4	95.6759
15	4	95.69796
15	4	95.72071
15	4	95.7434
15	4	95.77372
15	4	95.78764
15	4	95.80894
15	4	95.83202
15	4	95.85493
15	4	95.87775
15	4	95.89098
15	4	95.90416
15	4	95.92503
15	4	95.94037
15	3	95.95359
15	3	95.96558
15	3	95.98009
15	3	95.99757
15	3	96.01336
15	3	96.02532
15	3	96.03623
15	3	96.04802
15	3	96.0605
15	2	96.08113
