x	y	time
15	11	0.0541218
15	11	0.0657291
15	11	0.0770541
15	11	0.0879624
15	11	0.1009273
15	11	0.1143638
15	11	0.1262591
15	11	0.1399762
15	11	0.153806
15	11	0.1681143
15	11	0.1905519
15	11	0.2125843
15	11	0.2347971
15	11	0.2579251
15	11	0.2803113
15	11	0.3023313
15	11	0.3248645
15	11	0.3474929
15	11	0.3695529
15	11	0.3918689
15	11	0.414186
15	11	0.4366601
15	11	0.4587494
15	11	0.4806685
15	11	0.5028533
15	11	0.5255873
15	11	0.5483342
15	11	0.5705703
15	11	0.5930473
15	11	0.6152585
15	11	0.6374599
15	11	0.6483199
15	11	0.6602731
15	11	0.6713793
15	11	0.681811
15	11	0.6930376
15	11	0.7044564
15	11	0.7197002
15	11	0.7322207
15	11	0.7440592
15	11	0.755068
15	11	0.7664697
15	11	0.7784084
15	11	0.7898599
15	11	0.8020122
15	11	0.8131142
15	11	0.8238986
15	11	0.8344922
15	11	0.8465609
15	11	0.8575065
15	11	0.8683811
15	11	0.8793287
15	11	0.890665
15	11	0.9018091
15	11	0.9130011
15	11	0.9244945
15	11	0.9360023
15	11	0.9477937
15	11	0.9589497
15	11	0.9701179
15	11	0.9814925
15	11	0.9936014
15	11	1.004558
15	11	1.016144
15	11	1.028646
15	11	1.039926
15	11	1.053446
15	11	1.067423
15	11	1.079885
15	11	1.093626
15	11	1.104779
15	11	1.116285
15	11	1.126664
15	11	1.136824
15	11	1.150606
15	11	1.163109
15	11	1.176293
15	11	1.188553
15	11	1.201241
15	11	1.213125
15	11	1.224445
15	11	1.236088
15	11	1.24747
15	11	1.258382
15	11	1.270777
15	11	1.283652
15	11	1.295272
15	11	1.307953
15	11	1.329955
15	11	1.352465
15	11	1.37532
15	11	1.396912
15	11	1.4194
15	11	1.441628
15	11	1.463785
15	11	1.486127
15	11	1.508166
15	11	1.530938
15	11	1.553335
15	11	1.576006
15	11	1.598017
15	11	1.620721
15	11	1.642989
15	11	1.665327
15	11	1.688199
15	11	1.710142
15	11	1.732836
15	11	1.754513
15	11	1.777293
15	11	1.7994
15	11	1.821893
15	11	1.832354
15	11	1.846189
15	11	1.860034
15	11	1.872489
15	11	1.8842
15	11	1.895895
15	11	1.907023
15	11	1.91866
15	11	1.929881
15	11	1.942125
15	11	1.953087
15	11	1.964464
15	11	1.976405
15	11	1.990698
15	11	2.005735
15	11	2.017179
15	11	2.028998
15	11	2.040723
15	11	2.056671
15	11	2.068734
15	11	2.079403
15	11	2.09087
15	11	2.102021
15	11	2.113394
15	11	2.125126
15	11	2.137273
15	11	2.148477
15	11	2.161359
15	11	2.17286
15	11	2.183429
15	11	2.1947
15	11	2.205684
15	11	2.217633
15	11	2.229506
15	11	2.241888
15	11	2.253066
15	11	2.264425
15	11	2.275598
15	11	2.287207
15	11	2.302124
15	11	2.324465
15	11	2.346851
15	11	2.368938
15	11	2.390867
15	11	2.413171
15	11	2.435129
15	11	2.457474
15	11	2.480455
15	11	2.502591
15	11	2.525082
15	11	2.547323
15	11	2.569947
15	11	2.59251
15	11	2.614582
15	11	2.637199
15	11	2.659661
15	11	2.681856
15	11	2.704179
15	11	2.72659
15	11	2.74878
15	11	2.770788
15	11	2.783085
15	11	2.795024
15	11	2.805792
15	11	2.817194
15	11	2.828666
15	11	2.839589
15	11	2.851129
15	11	2.863988
15	11	2.874994
15	11	2.885723
15	11	2.896882
15	11	2.907621
15	11	2.91902
15	11	2.930659
15	11	2.942104
15	11	2.952716
15	11	2.965315
15	11	2.976562
15	11	2.987393
15	11	2.998717
15	11	3.009454
15	11	3.020627
15	11	3.03181
15	11	3.045646
15	11	3.057419
15	11	3.068984
15	11	3.080074
15	11	3.091287
15	11	3.103949
15	11	3.114926
15	11	3.126803
15	11	3.137359
15	11	3.147995
15	11	3.159909
15	11	3.171028
15	11	3.181705
15	11	3.193299
15	11	3.204469
15	11	3.215932
15	11	3.227397
15	11	3.238121
15	11	3.249408
15	11	3.261052
15	11	3.272312
15	11	3.283086
15	11	3.294122
15	11	3.304792
15	11	3.31664
15	11	3.328063
15	11	3.339213
15	11	3.35017
15	11	3.362346
15	11	3.373146
16	11	3.390454
16	11	3.403847
16	11	3.418716
16	11	3.436644
16	11	3.455992
16	11	3.470287
16	11	3.483288
16	11	3.496892
17	11	3.510135
17	11	3.521205
17	11	3.532779
17	11	3.552853
17	11	3.575914
17	11	3.597641
17	11	3.620048
18	11	3.642236
18	11	3.664404
18	11	3.68641
18	11	3.70851
18	11	3.731668
19	11	3.753431
19	11	3.776065
19	11	3.798392
19	11	3.820591
19	11	3.844377
19	11	3.865474
20	11	3.888045
20	11	3.910573
20	11	3.932477
20	11	3.954808
20	11	3.977071
21	11	3.999258
21	11	4.011076
21	11	4.026426
21	11	4.041946
21	11	4.056477
21	11	4.070601
21	11	4.081642
21	11	4.093613
21	11	4.104857
21	11	4.116509
22	11	4.127576
22	11	4.138804
22	11	4.151314
22	11	4.166083
22	11	4.180688
22	11	4.19326
22	11	4.207484
22	11	4.221186
22	11	4.232315
23	11	4.242858
23	11	4.254226
23	11	4.265761
23	11	4.281439
23	11	4.295176
23	11	4.305906
23	11	4.316804
23	11	4.32792
23	11	4.345777
24	11	4.368072
24	11	4.390205
24	11	4.412479
24	11	4.435001
24	11	4.456979
24	11	4.479957
25	11	4.503214
25	11	4.524442
25	11	4.546679
25	11	4.56889
25	11	4.591419
26	11	4.613978
26	11	4.636031
26	11	4.659081
26	11	4.681244
26	11	4.703296
26	11	4.725795
27	11	4.747879
27	11	4.770193
27	11	4.792775
27	11	4.809113
27	11	4.825733
27	11	4.842985
27	10	4.859788
27	10	4.872407
27	10	4.885306
27	10	4.901728
27	10	4.918867
27	10	4.931327
27	10	4.94312
27	10	4.953869
27	10	4.965688
27	9	4.979563
27	9	4.997725
27	9	5.00993
27	9	5.023445
27	9	5.037324
27	9	5.048217
27	9	5.058158
27	9	5.069378
27	9	5.079856
27	9	5.090115
27	8	5.101693
27	8	5.113076
27	8	5.124877
27	8	5.138912
27	8	5.160623
27	8	5.183066
27	8	5.205611
26	8	5.228002
26	8	5.250456
26	8	5.272621
26	8	5.296107
26	8	5.317735
25	8	5.340216
25	8	5.363075
25	8	5.384538
25	8	5.40689
25	8	5.429471
25	8	5.451824
25	8	5.473842
25	8	5.496073
25	8	5.51849
25	8	5.540682
25	8	5.563546
25	8	5.586136
25	8	5.60863
25	8	5.630708
25	8	5.642656
25	8	5.653871
25	8	5.665551
25	8	5.676696
26	8	5.6869
26	8	5.697549
26	8	5.707439
26	8	5.719192
26	8	5.731465
26	8	5.74337
26	8	5.7539
26	8	5.764536
26	8	5.774585
26	8	5.785755
26	8	5.797289
27	8	5.808274
27	8	5.819484
27	8	5.831052
27	8	5.842322
27	8	5.85383
27	8	5.86556
27	8	5.876813
27	8	5.888762
27	8	5.904392
27	8	5.917139
27	8	5.930373
27	8	5.942808
27	8	5.955012
27	8	5.966343
27	8	5.977044
27	8	5.988418
27	8	5.999687
27	8	6.011015
27	8	6.021884
27	8	6.034614
27	8	6.050069
27	8	6.061631
27	8	6.074109
27	8	6.087048
27	8	6.101956
27	8	6.114121
27	8	6.126239
27	8	6.138133
27	8	6.148525
27	8	6.166418
27	8	6.189046
26	8	6.211298
26	8	6.233731
26	8	6.255393
26	8	6.277922
26	8	6.300007
26	8	6.322811
25	8	6.345499
25	8	6.367636
25	8	6.390275
25	8	6.412162
25	8	6.434661
25	8	6.457045
25	8	6.479348
25	8	6.501663
25	8	6.523761
25	8	6.547013
25	8	6.568934
25	8	6.591092
25	8	6.614113
25	8	6.636143
25	8	6.648911
25	8	6.65919
25	8	6.670547
25	8	6.680806
25	8	6.691536
25	8	6.702413
25	8	6.71337
25	8	6.724502
25	8	6.735934
25	8	6.748312
25	8	6.760102
25	8	6.770344
25	8	6.781004
25	8	6.791835
25	8	6.802629
25	8	6.814153
25	8	6.824698
25	8	6.836095
25	8	6.847456
25	8	6.859017
25	8	6.869608
25	8	6.881101
25	8	6.891684
25	8	6.903057
25	8	6.914083
25	8	6.926003
25	8	6.937817
25	8	6.949581
25	8	6.961068
25	8	6.973186
25	8	6.985093
25	8	6.996583
25	8	7.007625
25	8	7.019631
25	8	7.030773
25	8	7.04178
25	8	7.05295
25	8	7.064396
25	8	7.075356
25	8	7.086694
25	8	7.098486
25	8	7.109351
25	8	7.120465
25	8	7.131784
25	8	7.143269
25	8	7.154492
25	8	7.165784
25	8	7.177389
25	8	7.188328
25	8	7.199823
25	8	7.210894
25	8	7.222359
25	8	7.233538
25	8	7.244539
25	8	7.255798
25	8	7.267528
25	8	7.277977
25	8	7.289129
25	8	7.300133
25	8	7.311711
25	8	7.32268
25	8	7.334082
25	8	7.344665
25	7	7.35642
25	7	7.367222
25	7	7.379432
25	7	7.394403
25	7	7.409717
25	7	7.42332
25	7	7.4367
25	7	7.448193
25	7	7.45943
25	7	7.470583
25	6	7.482306
25	6	7.497192
25	6	7.515936
25	6	7.531918
25	6	7.543409
25	6	7.553827
25	6	7.57354
25	5	7.596337
25	5	7.618296
25	5	7.640097
25	5	7.663986
25	5	7.685849
25	5	7.707483
26	5	7.730343
26	5	7.752516
26	5	7.774757
26	5	7.797445
26	5	7.82024
27	5	7.842695
27	5	7.864563
27	5	7.88667
27	5	7.908972
27	5	7.93145
27	5	7.953677
27	5	7.976569
27	5	7.998617
27	5	8.020608
27	5	8.031514
27	5	8.043611
27	5	8.055779
27	5	8.070579
27	4	8.08389
27	4	8.094446
27	4	8.10684
27	4	8.121153
27	4	8.135999
27	4	8.149874
27	4	8.163822
27	4	8.174324
27	4	8.185822
27	3	8.197907
27	3	8.208591
27	3	8.220235
27	3	8.234744
27	3	8.248857
27	3	8.259566
27	3	8.271315
27	3	8.283256
27	3	8.295049
27	3	8.309337
27	2	8.323505
27	2	8.334718
27	2	8.346811
27	2	8.359973
27	2	8.374155
27	2	8.386125
27	2	8.396759
27	2	8.408242
27	2	8.419151
27	2	8.430505
27	2	8.441871
27	2	8.456749
27	2	8.47818
27	2	8.500705
27	2	8.523077
27	2	8.545449
26	2	8.568209
26	2	8.591028
26	2	8.613608
26	2	8.635486
26	2	8.657307
26	2	8.679274
25	2	8.701665
25	2	8.723811
25	2	8.746275
25	2	8.769793
25	2	8.791369
24	2	8.813411
24	2	8.835629
24	2	8.857993
24	2	8.880776
24	2	8.903571
24	2	8.925801
23	2	8.940202
23	2	8.955199
23	2	8.985448
23	2	8.997148
23	2	9.008042
23	2	9.019005
23	2	9.030861
23	2	9.041475
22	2	9.052794
22	2	9.063902
22	2	9.075989
22	2	9.090414
22	2	9.10429
22	2	9.114925
22	2	9.126548
22	2	9.137691
22	2	9.148601
22	2	9.159298
22	2	9.170817
21	2	9.181334
21	2	9.192131
21	2	9.204
21	2	9.21793
21	2	9.233551
21	2	9.246677
21	2	9.265109
21	2	9.277225
21	2	9.288206
20	2	9.299435
20	2	9.316072
20	2	9.338298
20	2	9.360991
20	2	9.383883
20	2	9.405697
19	2	9.427747
19	2	9.449944
19	2	9.472338
19	2	9.495196
19	2	9.517335
18	2	9.54035
18	2	9.562576
18	2	9.584725
18	2	9.607004
18	2	9.629025
18	2	9.651367
17	2	9.674279
17	2	9.696402
17	2	9.71895
17	2	9.740915
17	2	9.763368
17	2	9.775126
16	2	9.786426
16	2	9.796717
16	2	9.808167
16	2	9.821252
16	2	9.834121
16	2	9.846836
16	2	9.861887
16	2	9.875601
16	2	9.887789
16	2	9.898773
16	3	9.909643
16	3	9.921742
16	3	9.933901
16	3	9.94768
16	3	9.961101
16	3	9.972005
16	3	9.985185
16	3	9.999879
16	3	10.01636
16	4	10.03249
16	4	10.044
16	4	10.05584
16	4	10.07011
16	4	10.08332
16	4	10.0982
16	4	10.11121
16	4	10.12295
16	4	10.13412
16	4	10.1445
16	5	10.1655
16	5	10.18731
16	5	10.21005
16	5	10.23257
16	5	10.25479
17	5	10.27659
17	5	10.29933
17	5	10.3219
17	5	10.34389
17	5	10.36668
17	5	10.38859
18	5	10.41074
18	5	10.43272
18	5	10.45553
18	5	10.47853
18	5	10.50032
19	5	10.52297
19	5	10.54511
19	5	10.56742
19	5	10.58974
19	5	10.61198
19	5	10.63489
19	6	10.64951
19	6	10.66339
19	6	10.67937
19	6	10.69598
19	6	10.71162
19	6	10.72453
19	6	10.73631
19	6	10.7473
19	6	10.75902
19	7	10.77108
19	7	10.7836
19	7	10.79675
19	7	10.81089
19	7	10.82435
19	7	10.83537
19	7	10.85233
19	7	10.86398
19	7	10.87545
19	8	10.88624
19	8	10.89695
19	8	10.90877
19	8	10.92239
19	8	10.93657
19	8	10.94794
19	8	10.96097
19	8	10.98035
19	8	11.00284
18	7	11.02481
18	7	11.04717
18	7	11.07011
18	7	11.09191
18	7	11.11486
17	7	11.13716
17	7	11.16025
17	7	11.18198
17	7	11.20442
17	7	11.22643
17	7	11.24867
16	7	11.27153
16	7	11.29301
16	7	11.31565
16	7	11.33849
16	7	11.36128
16	8	11.38329
16	8	11.40541
16	8	11.42803
16	8	11.44968
16	8	11.46411
16	8	11.47576
16	8	11.48716
16	9	11.49816
16	9	11.50919
16	9	11.52111
16	9	11.53514
16	9	11.54909
16	9	11.56002
16	9	11.57159
16	9	11.5834
16	9	11.59727
16	9	11.61071
16	10	11.62173
16	10	11.63222
16	10	11.64389
16	10	11.65483
16	10	11.66711
16	10	11.67937
16	10	11.69275
16	10	11.70553
16	10	11.71882
16	10	11.7304
17	10	11.74265
17	10	11.7535
17	10	11.76501
17	10	11.77672
17	10	11.78835
17	10	11.79941
17	10	11.81077
17	10	11.82317
17	10	11.8353
17	10	11.84704
17	10	11.85844
18	10	11.8698
18	10	11.88026
18	10	11.89676
18	10	11.91946
18	10	11.94142
18	10	11.96347
19	10	11.98595
19	10	12.00799
19	10	12.03051
19	10	12.05353
19	10	12.07545
19	10	12.09763
20	10	12.12111
20	10	12.14269
20	10	12.16465
20	10	12.18662
20	10	12.2092
21	10	12.2317
21	10	12.25468
21	10	12.27708
21	10	12.29838
21	10	12.32081
21	10	12.3433
22	10	12.36605
22	10	12.37783
22	10	12.38923
22	10	12.40101
22	10	12.41134
22	10	12.42672
22	10	12.43818
22	10	12.44898
22	10	12.46121
22	10	12.47268
22	9	12.48324
22	9	12.49609
22	9	12.5083
22	9	12.52399
22	9	12.5382
22	9	12.55163
22	9	12.56276
22	9	12.57439
22	9	12.586
22	8	12.59785
22	8	12.60996
22	8	12.62241
22	8	12.63725
22	8	12.65047
22	8	12.66172
22	8	12.67304
22	8	12.68654
22	8	12.7013
22	8	12.71467
22	7	12.72536
22	7	12.73672
22	7	12.7488
22	7	12.76492
22	7	12.78189
22	7	12.79459
22	7	12.81212
22	7	12.83513
22	6	12.8575
22	6	12.87928
22	6	12.90179
22	6	12.92395
22	6	12.94623
22	6	12.96858
22	6	12.99058
22	6	13.01349
22	6	13.03552
22	6	13.05821
22	6	13.08016
22	5	13.10267
22	5	13.12486
22	5	13.14724
22	5	13.17044
22	5	13.19201
22	4	13.21481
22	4	13.23707
22	4	13.25933
22	4	13.28138
22	4	13.29606
22	4	13.30815
22	4	13.31877
22	3	13.32944
22	3	13.34265
22	3	13.35793
22	3	13.37238
22	3	13.38413
22	3	13.39561
22	3	13.40709
22	3	13.41793
22	3	13.42888
22	3	13.43948
22	3	13.45009
22	2	13.46159
22	2	13.47283
22	2	13.48418
22	2	13.49903
22	2	13.51373
22	2	13.52521
22	2	13.53627
22	2	13.54771
22	2	13.55929
22	2	13.57029
22	3	13.58106
22	3	13.59319
22	3	13.60388
22	3	13.61463
22	3	13.62778
22	3	13.64045
22	3	13.65287
22	3	13.66429
22	3	13.67586
22	3	13.68787
22	4	13.6986
22	4	13.71022
22	4	13.72152
22	4	13.73317
22	4	13.7441
22	4	13.7561
22	4	13.76744
22	4	13.77876
22	4	13.79574
22	4	13.80791
22	5	13.8189
22	5	13.83021
22	5	13.84164
22	5	13.85473
22	5	13.86578
22	5	13.87783
22	5	13.88895
22	5	13.90102
22	5	13.91409
22	5	13.92692
22	4	13.94123
22	4	13.9638
22	4	13.98568
22	4	14.00718
22	4	14.0296
22	4	14.0517
22	3	14.07428
22	3	14.09724
22	3	14.12009
22	3	14.14292
22	3	14.16434
22	2	14.1868
22	2	14.20835
22	2	14.23066
22	2	14.25358
22	2	14.27593
22	2	14.29785
23	2	14.31993
23	2	14.34228
23	2	14.36517
23	2	14.38756
23	2	14.40972
23	2	14.42049
24	2	14.43256
24	2	14.44373
24	2	14.45459
24	2	14.46541
24	2	14.47722
24	2	14.48803
24	2	14.49867
24	2	14.51012
24	2	14.52212
24	2	14.53294
24	2	14.54365
25	2	14.55469
25	2	14.56589
25	2	14.57682
25	2	14.58848
25	2	14.59894
25	2	14.61055
25	2	14.62125
25	2	14.63235
25	2	14.64383
25	2	14.65493
25	2	14.66615
26	2	14.67757
26	2	14.68854
26	2	14.69966
26	2	14.71156
26	2	14.72344
26	2	14.73504
26	2	14.74694
26	2	14.75844
26	2	14.77007
26	2	14.78141
26	2	14.79331
27	2	14.80545
27	2	14.81701
27	2	14.8283
27	2	14.83981
27	2	14.85137
27	2	14.86293
27	2	14.87374
27	2	14.88485
27	2	14.89606
27	2	14.90728
27	3	14.91821
27	3	14.92994
27	3	14.94109
27	3	14.953
27	3	14.96704
27	3	14.98472
27	3	14.99816
27	3	15.01204
27	3	15.02597
27	3	15.03944
27	4	15.05224
27	4	15.06585
27	4	15.07884
27	4	15.09174
27	4	15.10361
27	4	15.11466
27	4	15.12542
27	4	15.13745
27	4	15.15122
27	5	15.1687
27	5	15.19154
27	5	15.21317
27	5	15.23609
27	5	15.25843
27	5	15.2808
27	5	15.30315
26	5	15.32567
26	5	15.34766
26	5	15.3707
26	5	15.39352
26	5	15.41495
26	5	15.4377
25	5	15.45964
25	5	15.48161
25	5	15.50461
25	5	15.52651
25	5	15.54869
24	5	15.57085
24	5	15.59342
24	5	15.61622
24	5	15.63849
24	5	15.65178
24	5	15.66348
24	5	15.67479
23	5	15.68572
23	5	15.69625
23	5	15.70917
23	5	15.72299
23	5	15.73876
23	5	15.74947
23	5	15.76072
23	5	15.77108
23	5	15.78274
23	5	15.7945
23	5	15.80554
22	5	15.81568
22	5	15.82717
22	5	15.83784
22	5	15.84965
22	5	15.86238
22	5	15.87409
22	5	15.8847
22	5	15.89628
22	5	15.90661
22	5	15.91675
22	5	15.92757
22	6	15.93871
22	6	15.9495
22	6	15.96135
22	6	15.97445
22	6	15.98846
22	6	16.00333
22	6	16.01645
22	6	16.02962
22	6	16.04352
22	7	16.05438
22	7	16.06531
22	7	16.07645
22	7	16.08814
22	7	16.09926
22	7	16.1105
22	7	16.12251
22	7	16.13412
22	7	16.14459
22	7	16.15879
22	8	16.1746
22	8	16.18922
22	8	16.20035
22	8	16.21168
22	8	16.22364
22	8	16.235
22	8	16.24646
22	8	16.25773
22	8	16.26843
22	8	16.28037
22	8	16.29193
21	8	16.30272
21	8	16.31388
21	8	16.32662
21	8	16.3414
21	8	16.35719
21	8	16.36799
21	8	16.37949
21	8	16.39081
21	8	16.40155
21	8	16.41219
20	8	16.43115
20	8	16.45425
20	8	16.47611
20	8	16.49882
20	8	16.52074
19	8	16.54331
19	8	16.56509
19	8	16.58816
19	8	16.61002
19	8	16.63265
19	8	16.65563
19	7	16.67744
19	7	16.69957
19	7	16.72214
19	7	16.74439
19	7	16.76628
19	6	16.78882
19	6	16.81138
19	6	16.8331
19	6	16.85594
19	6	16.87803
19	6	16.90053
19	7	16.91157
19	7	16.92334
19	7	16.93599
19	7	16.94895
19	7	16.96253
19	7	16.97706
19	7	16.99136
19	7	17.00386
19	7	17.01578
19	7	17.02743
19	8	17.03802
19	8	17.04996
19	8	17.06185
19	8	17.07292
19	8	17.08393
19	8	17.09624
19	8	17.1071
19	8	17.11863
19	8	17.12965
19	8	17.1412
19	8	17.15194
19	8	17.16409
19	8	17.17563
19	8	17.18649
19	8	17.19739
19	8	17.20899
19	8	17.21956
19	8	17.23076
19	8	17.24171
19	8	17.25278
19	8	17.2642
19	8	17.28057
20	8	17.30224
20	8	17.32431
20	8	17.34652
20	8	17.36975
20	8	17.39227
21	8	17.41425
21	8	17.43675
21	8	17.45943
21	8	17.48142
21	8	17.50376
21	8	17.52598
22	8	17.54837
22	8	17.57037
22	8	17.59347
22	8	17.61498
22	8	17.63754
21	8	17.66041
21	8	17.68303
21	8	17.70484
21	8	17.72762
21	8	17.74994
21	8	17.76079
21	8	17.77217
20	8	17.78417
20	8	17.79562
20	8	17.8068
20	8	17.8183
20	8	17.82962
20	8	17.84155
20	8	17.85305
20	8	17.86471
20	8	17.87675
20	8	17.88963
19	8	17.90373
19	8	17.91596
19	8	17.92782
19	8	17.93969
19	8	17.95037
19	8	17.9627
19	8	17.97373
19	8	17.98446
19	8	17.99655
19	8	18.00752
18	8	18.01841
18	8	18.02957
18	8	18.04152
18	8	18.0524
18	8	18.0639
18	8	18.07546
18	8	18.09024
18	8	18.10128
18	8	18.11251
18	8	18.12453
18	8	18.13517
17	8	18.14636
17	8	18.1581
17	8	18.16955
17	8	18.18061
17	8	18.1915
17	8	18.20647
17	8	18.2199
17	8	18.23163
17	8	18.24258
17	8	18.25264
16	8	18.27411
16	8	18.29636
16	8	18.31845
16	8	18.34086
16	8	18.3637
16	9	18.38622
16	9	18.40853
16	9	18.43081
16	9	18.45332
16	9	18.47581
16	9	18.49765
16	10	18.52024
16	10	18.54292
16	10	18.56465
16	10	18.58696
16	10	18.60925
16	11	18.63185
16	11	18.65458
16	11	18.67676
16	11	18.69952
16	11	18.72186
16	11	18.74402
17	11	18.75447
17	11	18.76664
17	11	18.77767
17	11	18.78915
17	11	18.80034
17	11	18.81118
17	11	18.8214
17	11	18.83372
17	11	18.84636
17	11	18.85905
17	11	18.87003
18	11	18.88109
18	11	18.89223
18	11	18.90326
18	11	18.9148
18	11	18.92556
18	11	18.93676
18	11	18.94766
18	11	18.95906
18	11	18.97017
18	11	18.98128
18	11	18.99197
19	11	19.00272
19	11	19.01407
19	11	19.02427
19	11	19.03519
19	11	19.04603
19	11	19.05794
19	11	19.06964
19	11	19.0811
19	11	19.09231
19	11	19.10327
19	11	19.11479
20	11	19.12603
20	11	19.1367
20	11	19.14753
20	11	19.15891
20	11	19.17038
20	11	19.18131
20	11	19.19256
20	11	19.20353
20	11	19.21486
20	11	19.22604
20	11	19.23722
21	11	19.24905
21	11	19.26199
21	11	19.27566
21	11	19.28704
21	11	19.2982
21	11	19.30988
21	11	19.3211
21	11	19.33324
21	11	19.3451
21	11	19.35619
22	11	19.36735
22	11	19.37901
22	11	19.39019
22	11	19.40158
22	11	19.41219
22	11	19.42419
22	11	19.44024
22	11	19.45149
22	11	19.46313
22	11	19.4746
23	11	19.48517
23	11	19.49663
23	11	19.50839
23	11	19.52555
23	11	19.53933
23	11	19.55162
23	11	19.56692
23	11	19.57794
23	11	19.58917
23	11	19.60117
24	11	19.61213
24	11	19.6236
24	11	19.63501
24	11	19.64524
24	11	19.65958
24	11	19.68191
24	11	19.70382
24	11	19.72621
25	11	19.74856
25	11	19.77073
25	11	19.7937
25	11	19.81613
25	11	19.83801
25	12	19.8607
25	12	19.88258
25	12	19.90453
25	12	19.9271
25	12	19.94989
25	12	19.97212
25	13	19.99488
25	13	20.01694
25	13	20.03951
25	13	20.06183
25	13	20.08376
25	14	20.10685
25	14	20.12858
25	14	20.15098
25	14	20.16191
25	14	20.17367
25	14	20.18423
25	14	20.19541
25	14	20.20701
26	14	20.21889
26	14	20.23413
26	14	20.24638
26	14	20.26138
26	14	20.27713
26	14	20.29055
26	14	20.30154
26	14	20.31263
26	14	20.32423
26	14	20.33587
27	14	20.34642
27	14	20.35775
27	14	20.37029
27	14	20.38457
27	14	20.39886
27	14	20.40963
27	14	20.42217
27	14	20.4361
27	14	20.44993
27	14	20.46102
27	14	20.47145
27	14	20.48325
27	14	20.49827
27	14	20.51149
27	14	20.52379
27	14	20.53556
27	14	20.54733
27	15	20.56398
27	15	20.58694
27	15	20.60878
27	15	20.63146
27	15	20.65327
27	16	20.67578
27	16	20.69813
27	16	20.72036
27	16	20.74386
27	16	20.76569
27	16	20.78782
27	17	20.80985
27	17	20.83164
27	17	20.85402
27	17	20.87652
27	17	20.8993
26	17	20.9212
26	17	20.9437
26	17	20.96652
26	17	20.98852
26	17	21.01139
26	17	21.03338
25	17	21.04558
25	17	21.05728
25	17	21.07098
25	17	21.08476
25	17	21.09637
25	17	21.1072
25	17	21.11785
25	17	21.13003
25	17	21.1406
25	17	21.15118
24	17	21.16255
24	17	21.1736
24	17	21.18625
24	17	21.20112
24	17	21.21503
24	17	21.22932
24	17	21.24369
24	17	21.25448
24	17	21.26536
24	17	21.27845
23	17	21.28943
23	17	21.30001
23	17	21.31157
23	17	21.32564
23	17	21.33928
23	17	21.35079
23	17	21.36226
23	17	21.37484
23	17	21.38972
23	17	21.40432
22	17	21.41547
22	17	21.42714
22	17	21.43865
22	17	21.45199
22	17	21.46764
22	17	21.47859
22	17	21.48939
22	17	21.50082
22	17	21.51099
22	17	21.5216
22	17	21.53261
22	17	21.54622
22	16	21.56919
22	16	21.59169
22	16	21.61381
22	16	21.63601
22	16	21.65918
22	16	21.68056
22	15	21.70356
22	15	21.72557
22	15	21.74793
22	15	21.77028
22	15	21.79325
22	14	21.81543
22	14	21.83768
22	14	21.86092
22	14	21.88212
22	14	21.90428
22	14	21.92675
22	13	21.94877
22	13	21.97105
22	13	21.99371
22	13	22.01689
22	13	22.03867
22	12	22.05139
22	12	22.06279
22	12	22.07371
22	12	22.08751
22	12	22.10156
22	12	22.11226
22	12	22.12325
22	12	22.13476
22	12	22.14546
22	12	22.1561
22	12	22.16822
22	11	22.18225
22	11	22.19531
22	11	22.20576
22	11	22.21675
22	11	22.22719
22	11	22.23823
22	11	22.24925
22	11	22.26458
22	11	22.27952
22	11	22.29045
22	12	22.30144
22	12	22.31224
22	12	22.32333
22	12	22.33438
22	12	22.34537
22	12	22.35571
22	12	22.37153
22	12	22.38311
22	12	22.39483
22	12	22.40549
22	12	22.41568
22	13	22.42715
22	13	22.43772
22	13	22.4489
22	13	22.46099
22	13	22.47356
22	13	22.48455
22	13	22.49608
22	13	22.50635
22	13	22.51619
22	13	22.52718
22	13	22.53793
22	14	22.54863
22	14	22.55964
22	14	22.57018
22	14	22.58101
22	14	22.59355
22	14	22.60431
22	14	22.6146
22	14	22.62566
22	14	22.63648
22	14	22.6489
22	15	22.66222
22	15	22.67541
22	15	22.68794
22	15	22.69913
22	15	22.71039
22	15	22.72099
22	15	22.73251
22	15	22.7432
22	15	22.75753
22	15	22.77006
22	15	22.78175
22	16	22.79535
22	16	22.80698
22	16	22.81774
22	16	22.82872
22	16	22.83941
22	16	22.85065
22	16	22.86301
22	16	22.87511
22	16	22.88625
22	16	22.89738
22	17	22.90994
22	17	22.93207
22	17	22.95396
22	17	22.97683
22	17	22.99904
22	17	23.02122
22	18	23.04412
22	18	23.0659
22	18	23.08926
22	18	23.11102
22	18	23.13348
22	19	23.15534
22	19	23.17798
22	19	23.20019
22	19	23.22307
22	19	23.24573
22	19	23.26741
22	20	23.29009
22	20	23.31252
22	20	23.3352
22	20	23.35716
22	20	23.37977
22	20	23.39084
22	21	23.40238
22	21	23.4168
22	21	23.43141
22	21	23.44525
22	21	23.45563
22	21	23.4661
22	21	23.47696
22	21	23.48788
22	21	23.4997
22	21	23.50982
22	22	23.52056
22	22	23.53142
22	22	23.54367
22	22	23.55876
22	22	23.57203
22	22	23.58558
22	22	23.59764
22	22	23.60929
22	22	23.62077
22	22	23.63271
22	23	23.64662
22	23	23.65948
22	23	23.67329
22	23	23.68847
22	23	23.70693
22	23	23.71923
22	23	23.73333
22	23	23.74696
22	23	23.75725
23	23	23.76803
23	23	23.77832
23	23	23.78965
23	23	23.80396
23	23	23.81874
23	23	23.8364
23	23	23.8599
23	23	23.88263
24	23	23.90406
24	23	23.92668
24	23	23.94857
24	23	23.97084
24	23	23.99305
25	23	24.01534
25	23	24.03841
25	23	24.06047
25	23	24.08264
25	23	24.10506
25	23	24.12754
25	22	24.14954
25	22	24.17192
25	22	24.19539
25	22	24.21695
25	22	24.23941
25	21	24.26182
25	21	24.28542
25	21	24.30646
25	21	24.31947
25	21	24.33281
25	21	24.34432
25	21	24.35459
25	21	24.36898
25	20	24.38281
25	20	24.39449
25	20	24.40694
25	20	24.4206
25	20	24.43408
25	20	24.44477
25	20	24.45509
25	20	24.4672
25	20	24.47895
25	20	24.49028
25	20	24.50142
25	20	24.51298
25	20	24.52704
25	20	24.54001
25	20	24.55072
25	20	24.56091
25	20	24.57094
25	20	24.58139
25	20	24.59175
25	20	24.60259
25	20	24.61442
25	20	24.62579
25	20	24.63913
25	20	24.65248
25	20	24.66649
25	20	24.67815
25	20	24.69004
25	20	24.70165
25	20	24.71205
25	20	24.72312
25	20	24.73385
25	20	24.74447
25	20	24.75493
25	20	24.76537
25	20	24.77766
25	20	24.78822
25	20	24.80023
25	20	24.8116
25	20	24.82387
25	20	24.83443
25	20	24.84653
25	20	24.85753
25	20	24.86901
25	20	24.87981
25	20	24.89112
25	20	24.90213
25	20	24.91271
25	20	24.92339
25	20	24.93491
25	20	24.94574
25	20	24.95669
25	20	24.96721
25	20	24.97867
25	20	24.98913
25	20	24.99944
25	20	25.01081
25	20	25.02114
25	20	25.03188
25	20	25.04755
25	20	25.05839
25	20	25.06906
25	20	25.07994
25	20	25.0924
25	20	25.10691
25	20	25.12012
26	20	25.13392
26	20	25.14605
26	20	25.16061
26	20	25.17698
26	20	25.19353
26	20	25.20411
26	20	25.22197
26	20	25.2439
27	20	25.26638
27	20	25.28935
27	20	25.31116
27	20	25.3339
27	20	25.35606
27	20	25.37967
27	20	25.40117
27	20	25.4233
27	20	25.44603
27	19	25.46791
27	19	25.49021
27	19	25.51222
27	19	25.53433
27	19	25.5575
27	19	25.57949
27	18	25.60245
27	18	25.62428
27	18	25.64639
27	18	25.66858
27	18	25.69107
27	17	25.71368
27	17	25.72454
27	17	25.73656
27	17	25.74693
27	17	25.75839
27	17	25.77327
27	17	25.78878
27	17	25.80003
27	17	25.81082
27	17	25.82179
27	16	25.83282
27	16	25.84407
27	16	25.85568
27	16	25.86663
27	16	25.87707
27	16	25.88732
27	16	25.89925
27	16	25.90971
27	16	25.92007
27	16	25.9312
27	16	25.94126
27	17	25.95168
27	17	25.96239
27	17	25.97371
27	17	25.98414
27	17	25.99482
27	17	26.00722
27	17	26.02081
27	17	26.03349
27	17	26.04529
27	17	26.05728
27	17	26.0691
27	18	26.0797
27	18	26.09049
27	18	26.1013
27	18	26.1116
27	18	26.12323
27	18	26.13396
27	18	26.14442
27	18	26.15488
27	18	26.16583
27	18	26.17673
27	18	26.18781
27	19	26.19908
27	19	26.2097
27	19	26.22049
27	19	26.23177
27	19	26.24232
27	19	26.25272
27	19	26.26349
27	19	26.27505
27	19	26.28612
27	19	26.29656
27	19	26.30966
27	20	26.32399
27	20	26.33502
27	20	26.34575
27	20	26.35641
27	20	26.36817
27	20	26.38512
27	20	26.39706
27	20	26.40788
27	20	26.41896
27	20	26.42991
27	20	26.44098
27	20	26.45046
27	20	26.46194
27	20	26.47284
26	20	26.48445
26	20	26.4959
26	20	26.5062
26	20	26.51667
26	20	26.52749
26	20	26.54048
26	20	26.55351
26	20	26.56638
26	20	26.57745
26	20	26.59033
25	20	26.60143
25	20	26.61168
25	20	26.62309
25	20	26.63498
25	20	26.64554
25	20	26.657
25	20	26.66772
25	20	26.67928
25	20	26.69212
25	20	26.70275
25	20	26.7136
25	20	26.72412
25	20	26.73509
25	20	26.74606
25	20	26.75708
25	20	26.768
25	20	26.77907
25	20	26.78973
25	20	26.80093
25	20	26.81258
25	20	26.8238
25	20	26.83425
25	20	26.84585
25	20	26.85669
25	20	26.87014
25	20	26.88167
25	20	26.89482
25	20	26.90626
25	20	26.91876
25	20	26.92965
25	20	26.93944
25	20	26.94986
25	21	26.96477
25	21	26.98648
25	21	27.0091
25	21	27.03109
25	21	27.05337
25	21	27.07627
25	22	27.09811
25	22	27.12017
25	22	27.14303
25	22	27.16562
25	22	27.18806
25	23	27.21053
25	23	27.23282
25	23	27.25496
25	23	27.27783
25	23	27.30003
25	23	27.32264
25	23	27.34454
26	23	27.36693
26	23	27.38949
26	23	27.41157
26	23	27.43388
26	23	27.45638
26	23	27.46913
26	23	27.48088
27	23	27.49463
27	23	27.50828
27	23	27.5199
27	23	27.53409
27	23	27.54811
27	23	27.55911
27	23	27.56992
27	23	27.58131
27	23	27.59226
27	23	27.60377
27	24	27.61474
27	24	27.62535
27	24	27.63754
27	24	27.65235
27	24	27.66664
27	24	27.67733
27	24	27.68769
27	24	27.69905
27	24	27.70962
27	24	27.72472
27	25	27.73638
27	25	27.74745
27	25	27.75856
27	25	27.77233
27	25	27.78593
27	25	27.79909
27	25	27.81278
27	25	27.82635
27	25	27.83726
27	25	27.84898
27	26	27.85992
27	26	27.87078
27	26	27.88156
27	26	27.89481
27	26	27.9084
27	26	27.91958
27	26	27.93046
27	26	27.94149
27	26	27.95239
27	26	27.96568
27	27	27.97842
27	27	27.98936
27	27	28.00246
27	27	28.01977
27	27	28.03524
27	27	28.04734
27	27	28.05948
27	27	28.08121
27	28	28.10415
27	28	28.12577
27	28	28.14849
27	28	28.17056
27	28	28.19308
27	28	28.21523
27	29	28.2375
27	29	28.26024
27	29	28.28221
27	29	28.30484
27	29	28.32708
27	30	28.35092
27	30	28.3723
27	30	28.39371
27	30	28.4167
27	30	28.43859
27	30	28.46125
26	30	28.48337
26	30	28.50554
26	30	28.52811
26	30	28.54197
26	30	28.55288
26	30	28.56375
26	30	28.57421
25	30	28.5872
25	30	28.60095
25	30	28.61214
25	30	28.62612
25	30	28.64132
25	30	28.65295
25	30	28.66502
25	30	28.67571
25	30	28.68606
25	30	28.69725
24	30	28.70762
24	30	28.7184
24	30	28.73035
24	30	28.74422
24	30	28.75788
24	30	28.76847
24	30	28.7793
24	30	28.79014
24	30	28.80169
24	30	28.81229
24	30	28.82273
23	30	28.83362
23	30	28.84507
23	30	28.85655
23	30	28.871
23	30	28.88457
23	30	28.89927
23	30	28.91251
23	30	28.92404
23	30	28.93531
23	30	28.9455
22	30	28.95647
22	30	28.96777
22	30	28.9786
22	30	28.99759
22	30	29.0195
22	30	29.04219
22	30	29.06439
21	30	29.08654
21	30	29.11001
21	30	29.1318
21	30	29.1542
21	30	29.17659
20	30	29.19942
20	30	29.2205
20	30	29.24307
20	30	29.26543
20	30	29.28808
20	30	29.31025
19	30	29.33225
19	30	29.35588
19	30	29.3779
19	30	29.40005
19	30	29.42217
18	30	29.44433
18	30	29.46714
18	30	29.48021
18	30	29.49513
18	30	29.51026
18	30	29.52504
18	30	29.53935
18	30	29.5511
17	30	29.56279
17	30	29.57425
17	30	29.58631
17	30	29.6015
17	30	29.61633
17	30	29.62782
17	30	29.63869
17	30	29.64939
17	30	29.66199
17	30	29.67824
16	30	29.69302
16	30	29.7049
16	30	29.71717
16	30	29.7326
16	30	29.74721
16	30	29.75949
16	30	29.77142
16	30	29.7833
16	30	29.79454
16	30	29.81321
16	30	29.83532
16	29	29.85754
16	29	29.87946
16	29	29.90227
16	29	29.92445
16	29	29.94659
16	29	29.96977
16	28	29.99143
16	28	30.01406
16	28	30.03656
16	28	30.05879
16	28	30.0808
16	27	30.10394
16	27	30.12645
16	27	30.14824
16	27	30.17072
16	27	30.19317
16	27	30.21505
16	26	30.23729
16	26	30.25981
16	26	30.2831
16	26	30.29913
16	26	30.31498
16	26	30.32653
16	26	30.33899
17	26	30.35156
17	26	30.3681
17	26	30.38505
17	26	30.39963
17	26	30.41009
17	26	30.42186
17	26	30.43507
17	26	30.45073
18	26	30.46544
18	26	30.47868
18	26	30.49204
18	26	30.50673
18	26	30.52145
18	26	30.53315
18	26	30.54391
18	26	30.55679
18	26	30.568
18	26	30.57922
19	26	30.59254
19	26	30.60768
19	26	30.62243
19	26	30.63691
19	26	30.65056
19	26	30.67248
19	26	30.69515
20	26	30.71753
20	26	30.7395
20	26	30.76278
20	26	30.78442
20	26	30.80664
20	26	30.82877
21	26	30.85106
21	26	30.87356
21	26	30.89599
21	26	30.91955
21	26	30.94116
22	26	30.96366
22	26	30.9854
22	26	31.00755
22	26	31.02987
22	26	31.05242
23	26	31.07545
23	26	31.09718
23	26	31.1196
23	26	31.13225
23	26	31.14219
23	26	31.15318
23	26	31.16416
23	26	31.17527
23	26	31.18608
24	26	31.19724
24	26	31.2084
24	26	31.22332
24	26	31.24056
24	26	31.25738
24	26	31.27105
24	26	31.28142
24	26	31.29421
24	26	31.30516
24	26	31.31507
25	26	31.3261
25	26	31.337
25	26	31.34842
25	26	31.36176
25	26	31.37563
25	26	31.38693
25	26	31.39692
25	26	31.41039
25	26	31.42358
25	26	31.43476
24	26	31.44523
24	26	31.45603
24	26	31.46681
24	26	31.47757
24	26	31.48761
24	26	31.49941
24	26	31.5108
24	26	31.52093
24	26	31.53106
24	26	31.54264
24	26	31.55334
23	26	31.56397
23	26	31.57472
23	26	31.58476
23	26	31.59545
23	26	31.60784
23	26	31.62172
23	26	31.63682
23	26	31.649
23	26	31.66098
23	26	31.67262
23	26	31.68365
22	26	31.69517
22	26	31.70706
22	26	31.71852
22	26	31.72977
22	26	31.74169
22	26	31.75309
22	26	31.76316
22	26	31.77408
22	26	31.78489
22	26	31.79607
22	26	31.8066
21	26	31.81687
21	26	31.82862
21	26	31.84001
21	26	31.85255
21	26	31.86416
21	26	31.87583
21	26	31.8867
21	26	31.90152
21	26	31.92376
20	26	31.94626
20	26	31.96853
20	26	31.99075
20	26	32.0132
20	26	32.03542
19	26	32.05745
19	26	32.07982
19	26	32.10238
19	26	32.12528
19	26	32.14696
19	26	32.1693
18	26	32.19221
18	26	32.21394
18	26	32.23638
18	26	32.2588
18	26	32.28117
19	26	32.30354
19	26	32.3262
19	26	32.34875
19	26	32.37098
19	26	32.38139
19	26	32.3977
19	26	32.40992
20	26	32.42076
20	26	32.43275
20	26	32.4439
20	26	32.45457
20	26	32.46581
20	26	32.47665
20	26	32.48695
20	26	32.49809
20	26	32.50881
20	26	32.51994
20	26	32.53092
21	26	32.54168
21	26	32.55233
21	26	32.56305
21	26	32.57335
21	26	32.58308
21	26	32.59299
21	26	32.60521
21	26	32.61998
21	26	32.63153
21	26	32.64321
21	26	32.65541
22	26	32.66774
22	26	32.67876
22	26	32.68947
22	26	32.7009
22	26	32.71241
22	26	32.72413
22	26	32.73481
22	26	32.74524
22	26	32.75605
22	26	32.76694
22	26	32.77721
23	26	32.78775
23	26	32.79855
23	26	32.80944
23	26	32.82056
23	26	32.83238
23	26	32.84328
23	26	32.85543
23	26	32.86592
23	26	32.8761
23	26	32.88531
23	26	32.89596
24	26	32.90704
24	26	32.91818
24	26	32.92905
24	26	32.94058
24	26	32.9516
24	26	32.9628
24	26	32.97435
24	26	32.98534
24	26	32.99625
24	26	33.00711
24	26	33.01934
25	26	33.02969
25	26	33.0415
25	26	33.05284
25	26	33.06388
25	26	33.07495
25	26	33.08672
25	26	33.09809
25	26	33.1095
25	26	33.12056
25	26	33.13291
25	26	33.14483
26	26	33.1559
26	26	33.16914
26	26	33.18166
26	26	33.19723
26	26	33.21305
26	26	33.22439
26	26	33.23542
26	26	33.24562
26	26	33.25646
26	26	33.26739
27	26	33.27788
27	26	33.28971
27	26	33.30355
27	26	33.317
27	26	33.32811
27	26	33.34374
27	26	33.3555
27	26	33.36606
27	26	33.37741
27	26	33.38825
26	26	33.39935
26	26	33.40961
26	26	33.43185
26	26	33.45473
26	26	33.47713
26	26	33.49913
25	26	33.52153
25	26	33.54351
25	26	33.56573
25	26	33.58813
25	26	33.6111
25	26	33.63279
24	26	33.65543
24	26	33.67751
24	26	33.69989
24	26	33.72229
24	26	33.74458
23	26	33.76723
23	26	33.78939
23	26	33.81142
23	26	33.8337
23	26	33.85635
23	26	33.87838
22	26	33.90064
22	26	33.91115
22	26	33.92384
22	26	33.93398
22	26	33.94526
22	26	33.95664
22	26	33.96775
22	26	33.97883
22	26	33.99041
22	26	34.00155
22	25	34.01237
22	25	34.02336
22	25	34.03541
22	25	34.04812
22	25	34.06174
22	25	34.07264
22	25	34.0845
22	25	34.09864
22	25	34.11577
22	25	34.12843
22	24	34.14013
22	24	34.15287
22	24	34.16714
22	24	34.18163
22	24	34.19228
22	24	34.20351
22	24	34.214
22	24	34.22432
22	24	34.23513
22	24	34.2491
22	23	34.26244
22	23	34.27388
22	23	34.28437
22	23	34.29567
22	23	34.30731
22	23	34.31823
22	23	34.32917
22	23	34.34017
22	23	34.35047
22	23	34.3608
22	23	34.37226
23	23	34.38242
23	23	34.39468
23	23	34.40505
23	23	34.41567
23	23	34.43071
23	23	34.44241
23	23	34.45378
23	23	34.46438
23	23	34.47538
23	23	34.48622
24	23	34.49708
24	23	34.50807
24	23	34.51858
24	23	34.52905
24	23	34.54044
24	23	34.55123
24	23	34.56203
24	23	34.57338
24	23	34.58399
24	23	34.59679
24	23	34.60903
25	23	34.62125
25	23	34.63363
25	23	34.64514
25	23	34.65571
25	23	34.66672
25	23	34.68135
25	23	34.69291
25	23	34.70384
25	23	34.71399
25	23	34.72619
25	23	34.73738
26	23	34.74938
26	23	34.76029
26	23	34.77073
26	23	34.78246
26	23	34.7943
26	23	34.80574
26	23	34.81562
26	23	34.82607
26	23	34.83652
26	23	34.84756
26	23	34.85843
27	23	34.87009
27	23	34.88046
27	23	34.89116
27	23	34.90216
27	23	34.91225
27	23	34.923
27	23	34.93388
27	23	34.94476
27	23	34.95487
27	23	34.96655
27	23	34.97828
27	24	34.98869
27	24	34.99968
27	24	35.01073
27	24	35.02147
27	24	35.03194
27	24	35.04307
27	24	35.0527
27	24	35.06383
27	24	35.07479
27	24	35.0846
27	24	35.09504
27	24	35.10662
27	25	35.11796
27	25	35.1293
27	25	35.14077
27	25	35.15194
27	25	35.1636
27	25	35.1746
27	25	35.18583
27	25	35.19727
27	25	35.20871
27	25	35.22061
27	26	35.23368
27	26	35.24531
27	26	35.25806
27	26	35.27014
27	26	35.28256
27	26	35.29695
27	26	35.31125
27	26	35.32353
27	26	35.33521
27	26	35.3461
27	27	35.35681
27	27	35.36749
27	27	35.37866
27	27	35.39137
27	27	35.40263
27	27	35.41414
27	27	35.42615
27	27	35.43743
27	27	35.44778
27	27	35.45858
27	27	35.47012
27	28	35.481
27	28	35.49179
27	28	35.50396
27	28	35.51583
27	28	35.52809
27	28	35.53966
27	28	35.55154
27	28	35.56301
27	28	35.57406
27	28	35.5851
27	29	35.59675
27	29	35.60707
27	29	35.61729
27	29	35.6324
27	29	35.65503
27	29	35.67649
27	29	35.69913
27	30	35.72142
27	30	35.74411
27	30	35.76614
27	30	35.78852
27	30	35.81102
27	30	35.83381
26	30	35.85595
26	30	35.87805
26	30	35.9002
26	30	35.9229
26	30	35.94513
25	30	35.96677
25	30	35.98977
25	30	36.01189
25	30	36.03439
25	30	36.05677
25	30	36.07915
24	30	36.10196
24	30	36.11241
24	30	36.1247
24	30	36.13497
24	30	36.146
24	30	36.15736
24	30	36.16838
24	30	36.17911
24	30	36.19039
24	30	36.20134
23	30	36.21244
23	30	36.22379
23	30	36.23462
23	30	36.24611
23	30	36.25716
23	30	36.26814
23	30	36.27905
23	30	36.2908
23	30	36.30192
23	30	36.31277
23	30	36.32436
22	30	36.33543
22	30	36.34653
22	30	36.35778
22	30	36.3689
22	30	36.37991
22	30	36.39202
22	30	36.40251
22	30	36.41521
22	30	36.42637
22	30	36.43823
22	30	36.45031
22	29	36.46634
22	29	36.47776
22	29	36.49141
22	29	36.50555
22	29	36.51576
22	29	36.52711
22	29	36.53752
22	29	36.54736
22	29	36.55909
22	28	36.5743
22	28	36.59083
22	28	36.60643
22	28	36.62045
22	28	36.63196
22	28	36.6426
22	28	36.65446
22	28	36.66489
22	28	36.67654
22	28	36.68769
22	27	36.70421
22	27	36.72671
22	27	36.74916
22	27	36.7715
22	27	36.79395
22	27	36.81615
22	26	36.83905
22	26	36.86111
22	26	36.88377
22	26	36.90521
22	26	36.92746
22	25	36.94988
22	25	36.97235
22	25	36.99514
22	25	37.01728
22	25	37.0403
22	24	37.06224
22	24	37.08473
22	24	37.10669
22	24	37.12914
22	24	37.15117
22	24	37.17392
22	24	37.18432
22	23	37.19699
22	23	37.20848
22	23	37.21854
22	23	37.22947
22	23	37.24036
22	23	37.2516
22	23	37.26272
22	23	37.27422
22	23	37.28503
22	23	37.29625
22	22	37.30743
22	22	37.31842
22	22	37.32943
22	22	37.34432
22	22	37.35515
22	22	37.36554
22	22	37.37656
22	22	37.38641
22	22	37.39706
22	22	37.40768
22	22	37.41898
22	21	37.43019
22	21	37.44124
22	21	37.45258
22	21	37.46425
22	21	37.4761
22	21	37.48792
22	21	37.4994
22	21	37.51171
22	21	37.52326
22	21	37.53492
22	21	37.54605
22	20	37.55731
22	20	37.56824
22	20	37.58028
22	20	37.59254
22	20	37.60749
22	20	37.61974
22	20	37.6323
22	20	37.64281
22	20	37.65306
22	20	37.66423
21	20	37.67485
21	20	37.68472
21	20	37.69675
21	20	37.71076
21	20	37.72569
21	20	37.73654
21	20	37.7476
21	20	37.76012
21	20	37.77123
21	20	37.78175
21	20	37.79301
20	20	37.80384
20	20	37.81454
20	20	37.83288
20	20	37.84961
20	20	37.86159
20	20	37.87256
20	20	37.88351
20	20	37.8951
20	20	37.90624
20	20	37.91676
19	20	37.92783
19	20	37.93824
19	20	37.94997
19	20	37.96481
19	20	37.97805
19	20	37.9999
19	20	38.02288
18	20	38.04514
18	20	38.06747
18	20	38.08989
18	20	38.11213
18	20	38.13496
18	20	38.15689
17	20	38.17881
17	20	38.20113
17	20	38.22331
17	20	38.24569
17	20	38.26834
16	20	38.2912
16	20	38.31291
16	20	38.3352
16	20	38.35787
16	20	38.38008
16	20	38.40248
16	21	38.42436
16	21	38.447
16	21	38.46084
16	21	38.47752
16	21	38.49257
16	21	38.50352
16	21	38.51412
16	21	38.52531
16	22	38.53712
16	22	38.55426
16	22	38.56721
16	22	38.58339
16	22	38.59964
16	22	38.61392
16	22	38.62815
16	22	38.6398
16	22	38.65038
16	23	38.66162
16	23	38.67293
16	23	38.68425
16	23	38.70349
16	23	38.71712
16	23	38.72823
16	23	38.73948
16	23	38.75063
16	23	38.76604
17	23	38.78032
17	23	38.79051
17	23	38.8045
17	23	38.82697
17	23	38.84908
17	23	38.87124
17	23	38.8936
18	23	38.91594
18	23	38.9379
18	23	38.96123
18	23	38.98365
18	23	39.00582
19	23	39.02809
19	23	39.04997
19	23	39.07305
19	23	39.09545
19	23	39.11705
19	23	39.13937
19	24	39.16177
19	24	39.18421
19	24	39.20687
19	24	39.22982
19	24	39.25147
19	25	39.27422
19	25	39.28573
19	25	39.2992
19	25	39.31292
19	25	39.32418
19	25	39.33513
19	25	39.34672
19	25	39.35785
19	25	39.36848
19	25	39.38046
19	26	39.39641
19	26	39.41066
19	26	39.42174
19	26	39.43335
19	26	39.44542
19	26	39.45577
19	26	39.46682
19	26	39.47781
19	26	39.48886
19	26	39.50071
20	26	39.51283
20	26	39.52426
20	26	39.53525
20	26	39.54588
20	26	39.55685
20	26	39.56808
20	26	39.57925
20	26	39.59146
20	26	39.60376
20	26	39.61552
20	26	39.62794
21	26	39.6393
21	26	39.64944
21	26	39.66074
21	26	39.67104
21	26	39.68161
21	26	39.6983
21	26	39.72028
21	26	39.7426
22	26	39.76503
22	26	39.78754
22	26	39.80992
22	26	39.83223
22	26	39.85493
22	25	39.87696
22	25	39.89904
22	25	39.92138
22	25	39.94346
22	25	39.9657
22	25	39.98841
22	24	40.01139
22	24	40.03299
22	24	40.05534
22	24	40.07803
22	24	40.1
22	23	40.12236
22	23	40.14483
22	23	40.16769
22	23	40.17825
22	23	40.19017
22	23	40.2013
22	23	40.21143
22	23	40.2224
22	23	40.23371
23	23	40.24571
23	23	40.26181
23	23	40.27261
23	23	40.28328
23	23	40.29553
23	23	40.30645
23	23	40.31725
23	23	40.32836
23	23	40.33939
23	23	40.3503
23	23	40.36119
24	23	40.37156
24	23	40.38233
24	23	40.39398
24	23	40.40443
24	23	40.41563
24	23	40.42677
24	23	40.43761
24	23	40.44791
24	23	40.45823
24	23	40.46863
24	23	40.48072
25	23	40.49321
25	23	40.50707
25	23	40.51825
25	23	40.5292
25	23	40.53971
25	23	40.55041
25	23	40.56128
25	23	40.57147
25	23	40.58133
25	23	40.59331
25	23	40.60448
26	23	40.61538
26	23	40.62651
26	23	40.63759
26	23	40.64848
26	23	40.66036
26	23	40.67228
26	23	40.68535
26	23	40.70129
26	23	40.71294
26	23	40.72459
27	23	40.7357
27	23	40.74589
27	23	40.75634
27	23	40.76733
27	23	40.77872
27	23	40.79074
27	23	40.8019
27	23	40.81292
27	23	40.82375
27	23	40.83419
27	23	40.84591
27	23	40.8562
27	23	40.86785
27	23	40.87857
27	23	40.88908
27	23	40.89965
27	23	40.91098
27	23	40.92187
27	23	40.93356
27	23	40.94583
27	23	40.95784
27	23	40.9684
27	23	40.97868
27	23	40.98936
27	23	41.00043
27	23	41.01152
27	23	41.02174
27	23	41.03217
27	23	41.04257
27	23	41.05249
27	23	41.06344
27	23	41.07328
27	23	41.08303
27	23	41.09431
27	23	41.1056
27	23	41.11703
27	23	41.12797
27	23	41.13903
27	23	41.1506
27	23	41.16154
27	23	41.1729
26	23	41.18359
26	23	41.19471
26	23	41.20611
26	23	41.21716
26	23	41.22839
26	23	41.23907
26	23	41.25053
26	23	41.26177
26	23	41.27249
26	23	41.28355
26	23	41.29531
25	23	41.30628
25	23	41.31741
25	23	41.33302
25	23	41.34418
25	23	41.35436
25	23	41.36567
25	23	41.37595
25	23	41.38652
25	23	41.39699
25	23	41.40907
25	22	41.4201
25	22	41.43142
25	22	41.44282
25	22	41.4543
25	22	41.46558
25	22	41.47686
25	22	41.48747
25	22	41.49862
25	22	41.50983
25	22	41.52083
25	22	41.53188
25	21	41.54305
25	21	41.55402
25	21	41.56565
25	21	41.57698
25	21	41.5878
25	21	41.60013
25	21	41.61483
25	21	41.62716
25	21	41.63947
25	21	41.65288
25	20	41.66652
25	20	41.68007
25	20	41.69129
25	20	41.70193
25	20	41.71352
25	20	41.72502
25	20	41.73878
25	20	41.75149
25	20	41.76332
25	20	41.77507
25	20	41.78637
25	20	41.79964
25	20	41.8101
25	20	41.82012
25	20	41.83094
25	20	41.85342
25	20	41.87591
25	20	41.89853
25	20	41.92022
25	20	41.94283
25	20	41.965
25	20	41.98708
25	20	42.00984
25	20	42.03176
25	20	42.05473
25	20	42.07669
25	20	42.09895
25	21	42.1214
25	21	42.14377
25	21	42.16626
25	21	42.18861
25	21	42.21153
25	21	42.23371
25	22	42.25557
25	22	42.27818
25	22	42.30061
25	22	42.3233
25	22	42.33401
25	22	42.34555
25	22	42.35592
25	23	42.36758
25	23	42.37835
25	23	42.38925
25	23	42.40033
25	23	42.41203
25	23	42.4227
25	23	42.43407
25	23	42.44507
25	23	42.4558
25	23	42.46699
25	23	42.47836
25	23	42.48971
25	23	42.5009
25	23	42.51194
24	23	42.5271
24	23	42.54089
24	23	42.55177
24	23	42.5632
24	23	42.57562
24	23	42.58839
24	23	42.60215
24	23	42.61521
24	23	42.62792
24	23	42.63864
23	23	42.64968
23	23	42.66145
23	23	42.67241
23	23	42.68673
23	23	42.69798
23	23	42.70848
23	23	42.71938
23	23	42.73016
23	23	42.74088
23	23	42.7516
22	23	42.76238
22	23	42.77369
22	23	42.78424
22	23	42.79554
22	23	42.80688
22	23	42.82114
22	23	42.83344
22	23	42.84692
22	23	42.86049
22	23	42.87217
22	23	42.88354
22	22	42.89481
22	22	42.90541
22	22	42.91519
22	22	42.93699
22	22	42.95924
22	22	42.98152
22	22	43.00372
22	21	43.02642
22	21	43.04844
22	21	43.07098
22	21	43.09442
22	21	43.11578
22	20	43.1383
22	20	43.16095
22	20	43.18221
22	20	43.20488
22	20	43.22761
22	20	43.24999
22	19	43.27222
22	19	43.29467
22	19	43.31713
22	19	43.33905
22	19	43.36142
22	18	43.38358
22	18	43.40633
22	18	43.41853
22	18	43.42956
22	18	43.44032
22	18	43.45104
22	18	43.46172
22	18	43.47285
22	18	43.48365
22	18	43.49532
22	17	43.50615
22	17	43.51774
22	17	43.52855
22	17	43.54078
22	17	43.55378
22	17	43.5656
22	17	43.57772
22	17	43.5884
22	17	43.59982
22	17	43.61062
22	16	43.62055
22	16	43.63128
22	16	43.64167
22	16	43.65228
22	16	43.66335
22	16	43.67422
22	16	43.68611
22	16	43.69785
22	16	43.70953
22	16	43.72099
22	16	43.73293
22	15	43.74404
22	15	43.75488
22	15	43.76641
22	15	43.77769
22	15	43.78891
22	15	43.8
22	15	43.8115
22	15	43.82282
22	15	43.8337
22	15	43.84535
22	15	43.85614
22	14	43.8671
22	14	43.87855
22	14	43.88965
22	14	43.90112
22	14	43.9121
22	14	43.92669
22	14	43.93963
22	14	43.95172
22	14	43.96436
22	14	43.97631
22	13	43.98774
22	13	43.99857
22	13	44.00984
22	13	44.02455
22	13	44.03513
22	13	44.04619
22	13	44.05656
22	13	44.06789
22	13	44.07915
22	13	44.08993
22	13	44.10081
22	12	44.11203
22	12	44.12233
22	12	44.13393
22	12	44.14436
22	12	44.15414
22	12	44.16516
22	12	44.17646
22	12	44.18668
22	12	44.19756
22	12	44.20768
22	12	44.21866
22	11	44.22961
22	11	44.24111
22	11	44.25246
22	11	44.26324
22	11	44.27431
22	11	44.28644
22	11	44.29826
22	11	44.30834
22	11	44.31928
22	11	44.3301
22	11	44.34054
21	11	44.35152
21	11	44.36358
21	11	44.37482
21	11	44.38615
21	11	44.39782
21	11	44.40844
21	11	44.41977
21	11	44.43206
21	11	44.44514
21	11	44.45827
21	11	44.47052
20	11	44.4816
20	11	44.49242
20	11	44.5037
20	11	44.51447
20	11	44.52544
20	11	44.53738
20	11	44.54853
20	11	44.56368
20	11	44.57642
20	11	44.58704
19	11	44.5987
19	11	44.60952
19	11	44.62007
19	11	44.63131
19	11	44.64193
19	11	44.65302
19	11	44.66429
19	11	44.67951
19	11	44.70234
18	11	44.72441
18	11	44.74635
18	11	44.76911
18	11	44.79156
18	11	44.81361
18	11	44.83559
17	11	44.85826
17	11	44.88052
17	11	44.90238
17	11	44.92499
17	11	44.94724
16	11	44.96946
16	11	44.99243
16	11	45.015
16	11	45.03729
16	11	45.05993
16	11	45.08197
15	11	45.10439
15	11	45.12683
15	11	45.14891
15	11	45.15961
15	11	45.17149
15	11	45.18194
15	11	45.19312
15	11	45.2059
14	11	45.2184
14	11	45.23238
14	11	45.24554
14	11	45.25694
14	11	45.2692
14	11	45.27937
14	11	45.29072
14	11	45.30259
14	11	45.31371
14	11	45.32552
13	11	45.33777
13	11	45.35527
13	11	45.36856
13	11	45.38527
13	11	45.40203
13	11	45.41528
13	11	45.43049
13	11	45.44353
12	11	45.45542
12	11	45.46758
12	11	45.4797
12	11	45.4944
12	11	45.5079
12	11	45.51867
12	11	45.53001
12	11	45.54157
12	11	45.55243
12	11	45.56382
11	11	45.57484
11	11	45.58398
11	11	45.60621
11	11	45.62978
11	11	45.65135
11	11	45.67372
10	11	45.69641
10	11	45.71853
10	11	45.74074
10	11	45.7635
10	11	45.78651
10	11	45.80817
10	12	45.83058
10	12	45.85282
10	12	45.87473
10	12	45.89799
10	12	45.91989
10	13	45.94285
10	13	45.96439
10	13	45.98635
10	13	46.00895
10	13	46.03139
10	13	46.05357
10	14	46.07579
10	14	46.08754
10	14	46.10277
10	14	46.11794
10	14	46.13386
10	14	46.14439
10	14	46.15554
10	14	46.16692
10	14	46.17811
11	14	46.1895
11	14	46.20061
11	14	46.21185
11	14	46.22671
11	14	46.24074
11	14	46.25153
11	14	46.26325
11	14	46.27831
11	14	46.29372
11	14	46.30475
12	14	46.31614
12	14	46.32707
12	14	46.33909
12	14	46.35271
12	14	46.36629
12	14	46.37807
12	14	46.38978
12	14	46.40171
12	14	46.41282
12	14	46.4253
13	14	46.43919
13	14	46.45325
13	14	46.4663
13	14	46.4831
13	14	46.49946
13	14	46.51152
13	14	46.53378
14	14	46.55608
14	14	46.58059
14	14	46.60096
14	14	46.62297
14	14	46.64587
14	14	46.66777
15	14	46.68994
15	14	46.71241
15	14	46.73574
15	14	46.757
15	14	46.77954
16	14	46.80172
16	14	46.82429
16	14	46.84767
16	14	46.86879
16	14	46.89256
16	14	46.91406
17	14	46.93658
17	14	46.94925
17	14	46.96199
17	14	46.97472
17	14	46.98633
17	14	46.99672
17	14	47.00748
17	14	47.0187
17	14	47.02941
17	14	47.03964
18	14	47.05056
18	14	47.06411
18	14	47.07812
18	14	47.09167
18	14	47.10385
18	14	47.11492
18	14	47.1264
18	14	47.13746
18	14	47.14885
18	14	47.15946
19	14	47.17039
19	14	47.18202
19	14	47.19394
19	14	47.20824
19	14	47.22289
19	14	47.23669
19	14	47.24777
19	14	47.25976
19	14	47.2717
19	14	47.2835
19	14	47.29502
19	14	47.30558
19	14	47.31702
19	14	47.32785
19	14	47.33846
19	14	47.34995
19	14	47.3611
19	14	47.37126
19	14	47.38301
19	14	47.39421
19	14	47.40624
19	14	47.41773
19	14	47.42855
19	14	47.43951
19	14	47.45182
19	14	47.4633
19	14	47.47425
19	14	47.48454
19	14	47.49581
19	14	47.50657
19	14	47.51812
19	14	47.52976
19	14	47.54036
19	14	47.55157
19	14	47.56292
19	14	47.57419
19	14	47.58493
19	14	47.59556
19	14	47.60703
19	14	47.6209
19	14	47.63354
19	15	47.64575
19	15	47.6581
19	15	47.67187
19	15	47.68842
19	15	47.70438
19	15	47.71515
19	15	47.72642
19	15	47.73978
19	15	47.75174
19	16	47.76385
19	16	47.78495
19	16	47.80695
19	16	47.82986
19	16	47.85152
19	16	47.87403
19	17	47.89616
19	17	47.91866
19	17	47.94083
19	17	47.96314
19	17	47.98596
19	16	48.00794
19	16	48.0308
19	16	48.05302
19	16	48.07536
19	16	48.09781
19	16	48.11982
19	15	48.14232
19	15	48.16475
19	15	48.18694
19	15	48.20878
19	15	48.23133
19	15	48.24174
19	14	48.25409
19	14	48.26954
19	14	48.28082
19	14	48.29365
19	14	48.30471
19	14	48.31551
19	14	48.32625
19	14	48.33708
19	14	48.34816
19	14	48.35856
19	14	48.37049
19	13	48.38166
19	13	48.39207
19	13	48.40429
19	13	48.41786
19	13	48.43171
19	13	48.44303
19	13	48.45437
19	13	48.46867
19	13	48.4826
19	13	48.49367
19	12	48.50469
19	12	48.51554
19	12	48.52687
19	12	48.54053
19	12	48.5541
19	12	48.56554
19	12	48.57586
19	12	48.58763
19	12	48.60206
19	12	48.61703
19	11	48.63457
19	11	48.6507
19	11	48.66145
19	11	48.67233
19	11	48.68349
19	11	48.69493
19	11	48.70576
19	11	48.71651
19	11	48.72717
19	11	48.73836
19	12	48.74989
19	12	48.76011
19	12	48.77853
19	12	48.8007
19	12	48.82286
19	12	48.84662
19	13	48.8679
19	13	48.89066
19	13	48.91292
19	13	48.93565
19	13	48.95787
19	13	48.98022
19	14	49.00233
19	14	49.02477
19	14	49.04703
19	14	49.06924
19	14	49.09188
19	15	49.11345
19	15	49.13585
19	15	49.1582
19	15	49.1807
19	15	49.20325
19	15	49.22599
19	16	49.24836
19	16	49.25909
19	16	49.27082
19	16	49.28128
19	16	49.29324
19	16	49.30378
19	16	49.3149
19	16	49.32595
19	16	49.33688
19	16	49.34808
19	17	49.35918
19	17	49.37045
19	17	49.38137
19	17	49.39255
19	17	49.40454
19	17	49.41505
19	17	49.42658
19	17	49.43731
19	17	49.44882
19	17	49.46019
19	17	49.47171
19	18	49.48282
19	18	49.4936
19	18	49.50447
19	18	49.51829
19	18	49.53286
19	18	49.54354
19	18	49.55506
19	18	49.56873
19	18	49.58265
19	18	49.59306
19	19	49.60417
19	19	49.61484
19	19	49.63385
19	19	49.6496
19	19	49.66369
19	19	49.67487
19	19	49.6853
19	19	49.69569
19	19	49.70765
19	20	49.7223
19	20	49.73571
19	20	49.74826
19	20	49.7596
19	20	49.77102
19	20	49.78278
19	20	49.79427
19	20	49.80569
19	20	49.81643
19	20	49.82833
18	20	49.85072
18	20	49.87346
18	20	49.89594
18	20	49.91838
18	20	49.94022
17	20	49.96239
17	20	49.98502
17	20	50.00701
17	20	50.02962
17	20	50.05176
17	20	50.07407
16	20	50.09658
16	20	50.11897
16	20	50.14137
16	20	50.16393
16	20	50.18692
15	20	50.20882
15	20	50.23127
15	20	50.25392
15	20	50.27587
15	20	50.29802
15	20	50.32045
14	20	50.33213
14	20	50.34357
14	20	50.35845
14	20	50.37345
14	20	50.38483
14	20	50.39727
14	20	50.40841
14	20	50.41971
14	20	50.43071
14	20	50.44289
13	20	50.45409
13	20	50.46483
13	20	50.47592
13	20	50.4894
13	20	50.5042
13	20	50.51892
13	20	50.53251
13	20	50.54303
13	20	50.55434
13	20	50.56467
12	20	50.57515
12	20	50.5866
12	20	50.59852
12	20	50.61397
12	20	50.63206
12	20	50.64778
12	20	50.66056
12	20	50.67469
12	20	50.68819
11	20	50.69952
11	20	50.70971
11	20	50.72126
11	20	50.73619
11	20	50.75046
11	20	50.76213
11	20	50.77308
11	20	50.78491
11	20	50.79598
11	20	50.80754
12	20	50.8194
12	20	50.83413
12	20	50.85015
12	20	50.86166
12	20	50.87266
12	20	50.88383
12	20	50.90161
12	20	50.92358
13	20	50.94588
13	20	50.96822
13	20	50.99072
13	20	51.01278
13	20	51.03514
13	20	51.05719
14	20	51.07943
14	20	51.10204
14	20	51.12441
14	20	51.14691
14	20	51.16957
15	20	51.19161
15	20	51.21376
15	20	51.23626
15	20	51.25854
15	20	51.28066
15	20	51.30361
16	20	51.32581
16	20	51.34782
16	20	51.35925
16	20	51.37072
16	20	51.38121
16	20	51.39223
16	20	51.40355
16	20	51.4154
15	20	51.42986
15	20	51.44305
15	20	51.4558
15	20	51.46877
15	20	51.48027
15	20	51.49215
15	20	51.50423
15	20	51.51553
15	20	51.5267
15	20	51.53739
15	20	51.54824
14	20	51.55925
14	20	51.56927
14	20	51.58038
14	20	51.59095
14	20	51.60188
14	20	51.61207
14	20	51.62404
14	20	51.63721
14	20	51.64928
14	20	51.66081
14	20	51.67141
13	20	51.68176
13	20	51.69244
13	20	51.70464
13	20	51.715
13	20	51.72609
13	20	51.73758
13	20	51.74862
13	20	51.76052
13	20	51.77184
13	20	51.78226
13	20	51.79361
12	20	51.80522
12	20	51.81541
12	20	51.82658
12	20	51.83822
12	20	51.84966
12	20	51.86139
12	20	51.87194
12	20	51.88309
12	20	51.89386
12	20	51.90561
12	20	51.91641
11	20	51.92784
11	20	51.93847
11	20	51.94858
11	20	51.95966
11	20	51.97072
11	20	51.98136
11	20	51.99215
11	20	52.00309
11	20	52.0136
11	20	52.02437
11	20	52.03666
10	20	52.04779
10	20	52.06028
10	20	52.07439
10	20	52.09213
10	20	52.10923
10	20	52.12381
10	20	52.13531
10	20	52.14722
10	20	52.15876
10	19	52.17041
10	19	52.18121
10	19	52.19371
10	19	52.2081
10	19	52.22327
10	19	52.23573
10	19	52.25306
10	19	52.27494
10	18	52.29694
10	18	52.31962
10	18	52.34186
10	18	52.36377
10	18	52.38616
10	17	52.40962
10	17	52.4313
10	17	52.45346
10	17	52.47612
10	17	52.49837
10	17	52.52106
10	16	52.54333
10	16	52.56588
10	16	52.58756
10	16	52.61018
10	16	52.63225
10	15	52.65579
10	15	52.67699
10	15	52.69928
10	15	52.72249
10	15	52.74426
10	15	52.75951
10	15	52.77124
10	14	52.78206
10	14	52.7932
10	14	52.8045
10	14	52.81504
10	14	52.82606
10	14	52.83657
10	14	52.84796
10	14	52.85914
10	14	52.87033
10	14	52.88104
10	14	52.89201
10	13	52.90282
10	13	52.91467
10	13	52.92567
10	13	52.93627
10	13	52.94794
10	13	52.9596
10	13	52.9706
10	13	52.98135
10	13	52.99231
10	13	53.00331
10	13	53.0145
10	12	53.02544
10	12	53.03652
10	12	53.04673
10	12	53.05723
10	12	53.06918
10	12	53.08207
10	12	53.09436
10	12	53.10595
10	12	53.11773
10	12	53.13002
10	11	53.14133
10	11	53.15174
10	11	53.16301
10	11	53.17368
10	11	53.18481
10	11	53.19548
10	11	53.20615
10	11	53.21684
10	11	53.22744
10	11	53.23898
10	11	53.25033
10	11	53.26138
9	11	53.27246
9	11	53.2836
9	11	53.2954
9	11	53.30971
9	11	53.32458
9	11	53.33619
9	11	53.34769
9	11	53.36207
9	11	53.3755
8	11	53.38765
8	11	53.39887
8	11	53.41095
8	11	53.42532
8	11	53.43876
8	11	53.44941
8	11	53.46034
8	11	53.47036
8	11	53.49254
7	11	53.51633
7	11	53.53759
7	11	53.56006
7	11	53.58173
7	11	53.6044
7	11	53.62642
6	11	53.64846
6	11	53.67181
6	11	53.69335
6	11	53.71562
6	11	53.73806
5	11	53.76046
5	11	53.78308
5	11	53.80532
5	11	53.82825
5	11	53.84988
5	11	53.87192
4	11	53.89462
4	11	53.91692
4	11	53.9391
4	11	53.96141
4	11	53.97315
4	11	53.98512
3	11	54.00209
3	11	54.02057
3	11	54.03428
3	11	54.04828
3	11	54.06242
3	11	54.07397
3	11	54.08632
3	11	54.09758
3	11	54.10924
2	11	54.1203
2	11	54.13087
2	11	54.14354
2	11	54.15719
2	11	54.17016
2	11	54.181
2	11	54.19254
2	11	54.20342
2	11	54.21412
2	11	54.22595
2	11	54.23676
2	10	54.24786
2	10	54.25863
2	10	54.27002
2	10	54.28535
2	10	54.30049
2	10	54.31519
2	10	54.32838
2	10	54.34151
2	9	54.36399
2	9	54.38635
2	9	54.40862
2	9	54.43121
2	9	54.4543
2	9	54.47523
2	8	54.49809
2	8	54.52049
2	8	54.54234
2	8	54.5648
2	8	54.58702
3	8	54.60923
3	8	54.63143
3	8	54.65373
3	8	54.67781
3	8	54.69894
3	8	54.7213
4	8	54.74367
4	8	54.76667
4	8	54.78815
4	8	54.80178
4	8	54.81158
4	8	54.8215
4	8	54.83241
4	8	54.84415
4	8	54.85493
4	8	54.8657
4	8	54.87741
4	8	54.8884
4	8	54.89981
4	7	54.91052
4	7	54.92196
4	7	54.93481
4	7	54.94799
4	7	54.96259
4	7	54.97405
4	7	54.98492
4	7	54.99549
4	7	55.00596
4	7	55.01656
4	7	55.02781
4	6	55.03878
4	6	55.04888
4	6	55.062
4	6	55.08118
4	6	55.09861
4	6	55.11428
4	6	55.12698
4	6	55.13922
4	6	55.15007
4	5	55.16122
4	5	55.1717
4	5	55.18271
4	5	55.19741
4	5	55.21065
4	5	55.22149
4	5	55.23219
4	5	55.24713
4	5	55.26083
4	5	55.27161
4	5	55.28726
4	5	55.29791
4	5	55.30912
4	5	55.33897
4	5	55.34972
4	5	55.36049
3	5	55.38006
3	5	55.40304
3	5	55.42519
3	5	55.44706
3	5	55.46969
3	5	55.49188
2	5	55.51413
2	5	55.53658
2	5	55.55961
2	5	55.60065
2	5	55.61491
2	5	55.62613
2	5	55.64824
2	5	55.67112
2	5	55.69326
2	5	55.71563
2	5	55.73742
2	5	55.75936
2	5	55.78214
2	5	55.8042
2	5	55.82646
2	5	55.84919
2	5	55.86064
2	5	55.87231
2	5	55.88265
2	5	55.89373
2	5	55.90541
2	5	55.91585
2	5	55.92694
2	5	55.93853
2	5	55.94963
2	5	55.96057
2	5	55.9716
2	5	55.98243
2	5	55.99379
2	5	56.00532
2	5	56.01615
2	5	56.02772
2	5	56.03883
2	5	56.04996
2	5	56.06115
2	5	56.07225
2	5	56.08381
2	5	56.09467
2	5	56.10584
2	5	56.11692
2	5	56.13025
2	5	56.14299
2	5	56.15437
2	5	56.16605
2	5	56.17815
2	5	56.19144
2	5	56.20181
2	5	56.21319
2	5	56.22421
2	5	56.23585
2	5	56.24684
2	5	56.25779
2	5	56.2684
2	5	56.27937
2	5	56.29092
2	5	56.30197
2	5	56.31265
2	5	56.32357
2	5	56.33464
2	5	56.34518
2	5	56.356
2	5	56.36698
2	5	56.37878
2	5	56.39003
2	5	56.40055
2	5	56.41183
2	5	56.42221
2	4	56.43312
2	4	56.44391
2	4	56.45492
2	4	56.46842
2	4	56.48146
2	4	56.49371
2	4	56.50781
2	4	56.52206
2	4	56.53309
2	4	56.54399
2	3	56.55505
2	3	56.56551
2	3	56.57656
2	3	56.59056
2	3	56.60426
2	3	56.61522
2	3	56.6271
2	3	56.64217
2	3	56.65507
2	3	56.67141
2	2	56.68681
2	2	56.70132
2	2	56.71906
2	2	56.73337
2	2	56.74372
2	2	56.76465
2	2	56.78696
3	2	56.80985
3	2	56.83213
3	2	56.85479
3	2	56.87698
3	2	56.89957
4	2	56.9223
4	2	56.94382
4	2	56.96624
4	2	56.98857
4	2	57.01052
4	2	57.0327
5	2	57.05546
5	2	57.07753
5	2	57.10015
5	2	57.1234
5	2	57.14499
6	2	57.16734
6	2	57.18975
6	2	57.20067
6	2	57.21352
6	2	57.22741
6	2	57.23844
6	2	57.24851
6	2	57.25991
6	2	57.27035
6	2	57.28199
7	2	57.29623
7	2	57.31033
7	2	57.3245
7	2	57.33549
7	2	57.34624
7	2	57.35693
7	2	57.36712
7	2	57.37725
7	2	57.38817
7	2	57.39949
8	2	57.41245
8	2	57.42628
8	2	57.43935
8	2	57.4567
8	2	57.47237
8	2	57.48455
8	2	57.49675
8	2	57.50815
8	2	57.51878
9	2	57.52946
9	2	57.54012
9	2	57.55147
9	2	57.56476
9	2	57.57819
9	2	57.58862
9	2	57.60058
9	2	57.61568
9	2	57.62921
9	2	57.64072
10	2	57.65117
10	2	57.66256
10	2	57.67353
10	2	57.692
10	2	57.71437
10	2	57.73701
10	2	57.76027
11	2	57.78191
11	2	57.8046
11	2	57.8262
11	2	57.84858
11	2	57.8708
11	2	57.89331
12	2	57.91609
12	2	57.93766
12	2	57.96051
12	2	57.98197
12	2	58.00529
13	2	58.02763
13	2	58.04969
13	2	58.07251
13	2	58.09446
13	2	58.11727
13	2	58.13978
14	2	58.15053
14	2	58.16195
14	2	58.17265
14	2	58.18593
14	2	58.20027
14	2	58.21655
14	2	58.22817
14	2	58.24226
14	2	58.25708
15	2	58.26807
15	2	58.27887
15	2	58.29129
15	2	58.30477
15	2	58.31801
15	2	58.32907
15	2	58.34027
15	2	58.35067
15	2	58.36134
15	2	58.3722
16	2	58.3847
16	2	58.40057
16	2	58.41587
16	2	58.4264
16	2	58.43735
16	2	58.44864
16	2	58.45974
16	2	58.47105
16	2	58.48184
16	2	58.493
16	2	58.50355
17	2	58.51407
17	2	58.52528
17	2	58.53654
17	2	58.5521
17	2	58.57463
17	2	58.59634
17	2	58.6189
18	2	58.64172
18	2	58.66405
18	2	58.68685
18	2	58.70943
18	2	58.73235
19	2	58.75346
19	2	58.77599
19	2	58.79842
19	2	58.82012
19	2	58.84301
19	2	58.86546
20	2	58.88729
20	2	58.91002
20	2	58.93195
20	2	58.95492
20	2	58.97738
21	2	58.99952
21	2	59.02161
21	2	59.03379
21	2	59.04487
21	2	59.05494
21	2	59.066
21	2	59.0769
21	2	59.08873
21	2	59.10075
21	2	59.11486
22	2	59.12607
22	2	59.13622
22	2	59.14746
22	2	59.15973
22	2	59.17035
22	2	59.18128
22	2	59.19246
22	2	59.20338
22	2	59.21412
22	2	59.22441
22	2	59.2346
23	2	59.24554
23	2	59.25647
23	2	59.26748
23	2	59.27822
23	2	59.29026
23	2	59.30062
23	2	59.31178
23	2	59.32388
23	2	59.33517
23	2	59.34681
23	2	59.35874
24	2	59.3702
24	2	59.38176
24	2	59.39306
24	2	59.40413
24	2	59.41506
24	2	59.42681
24	2	59.43744
24	2	59.44891
24	2	59.45967
24	2	59.47102
24	2	59.48193
25	2	59.49343
25	2	59.50465
25	2	59.51567
25	2	59.52714
25	2	59.53817
25	2	59.55212
25	2	59.56446
25	2	59.57486
25	2	59.58519
25	2	59.59588
26	2	59.6067
26	2	59.61765
26	2	59.62901
26	2	59.64008
26	2	59.65115
26	2	59.66214
26	2	59.67357
26	2	59.68431
26	2	59.69553
26	2	59.70649
26	2	59.72504
27	2	59.7382
27	2	59.74883
27	2	59.76057
27	2	59.77131
27	2	59.78148
27	2	59.79301
27	2	59.80391
27	2	59.81487
27	2	59.82649
27	2	59.83737
27	2	59.84922
27	2	59.86047
27	2	59.87178
27	2	59.88262
27	2	59.89374
27	2	59.90453
27	2	59.9179
27	2	59.93108
27	2	59.94414
27	2	59.95566
27	2	59.96809
27	2	59.98022
27	2	59.99139
27	2	60.00187
27	2	60.01237
27	2	60.02393
27	2	60.03778
26	2	60.05982
26	2	60.08224
26	2	60.10465
26	2	60.12703
26	2	60.149
26	2	60.17154
25	2	60.19429
25	2	60.21645
25	2	60.2386
25	2	60.26145
25	2	60.28371
24	2	60.30568
24	2	60.3281
24	2	60.35015
24	2	60.37269
24	2	60.39487
23	2	60.4181
23	2	60.43994
23	2	60.46254
23	2	60.4847
23	2	60.5074
23	2	60.52971
22	2	60.5401
22	2	60.55216
22	2	60.56304
22	2	60.57399
22	2	60.58518
22	2	60.59644
22	2	60.60715
22	2	60.61842
22	2	60.62956
22	2	60.64081
22	2	60.65131
21	2	60.6627
21	2	60.6741
21	2	60.68524
21	2	60.69615
21	2	60.70702
21	2	60.71829
21	2	60.73003
21	2	60.74124
21	2	60.75376
21	2	60.76815
21	2	60.77948
20	2	60.79004
20	2	60.80163
20	2	60.81511
20	2	60.83036
20	2	60.84371
20	2	60.85614
20	2	60.86817
20	2	60.88092
20	2	60.89225
19	2	60.90772
19	2	60.91827
19	2	60.9292
19	2	60.93942
19	2	60.94969
19	2	60.96043
19	2	60.97093
19	2	60.98242
19	2	60.99462
19	2	61.00523
19	2	61.01651
19	2	61.02758
18	2	61.03829
18	2	61.04937
18	2	61.06089
18	2	61.07166
18	2	61.08231
18	2	61.09319
18	2	61.10395
18	2	61.11586
18	2	61.12827
18	2	61.14016
18	2	61.15107
17	2	61.16164
17	2	61.172
17	2	61.18297
17	2	61.19398
17	2	61.20488
17	2	61.21527
17	2	61.22649
17	2	61.23751
17	2	61.24822
17	2	61.25838
17	2	61.26885
16	2	61.2795
16	2	61.29067
16	2	61.30146
16	2	61.31216
16	2	61.32232
16	2	61.33366
16	2	61.34484
16	2	61.35554
16	2	61.36684
16	2	61.37791
16	2	61.38948
15	2	61.40044
15	2	61.41175
15	2	61.42292
15	2	61.43487
15	2	61.44535
15	2	61.45714
15	2	61.4679
15	2	61.47918
15	2	61.49012
15	2	61.50189
15	2	61.51316
14	2	61.52515
14	2	61.5355
14	2	61.54706
14	2	61.55849
14	2	61.56954
14	2	61.58096
14	2	61.59313
14	2	61.60414
14	2	61.61539
14	2	61.62701
14	2	61.63822
13	2	61.65009
13	2	61.6616
13	2	61.67232
13	2	61.68386
13	2	61.69521
13	2	61.70682
13	2	61.71804
13	2	61.73007
13	2	61.74107
13	2	61.75412
13	3	61.76793
13	3	61.77994
13	3	61.79294
13	3	61.80921
13	3	61.82415
13	3	61.83867
13	3	61.85319
13	3	61.86454
13	3	61.87512
13	4	61.88581
13	4	61.89764
13	4	61.90874
13	4	61.92698
13	4	61.94243
13	4	61.95475
13	4	61.96698
13	4	61.98178
13	4	62.00357
13	5	62.02618
13	5	62.04809
13	5	62.0704
13	5	62.09391
13	5	62.11558
12	5	62.13781
12	5	62.16019
12	5	62.18289
12	5	62.2045
12	5	62.22717
12	5	62.24923
11	5	62.27158
11	5	62.29495
11	5	62.31629
11	5	62.33854
11	5	62.36133
10	5	62.38378
10	5	62.40589
10	5	62.42915
10	5	62.4516
10	5	62.46581
10	5	62.47894
10	5	62.4896
10	5	62.50046
10	5	62.51126
10	5	62.52151
10	5	62.53219
10	5	62.54239
10	5	62.55226
10	5	62.56247
10	5	62.57263
10	5	62.58388
10	6	62.59496
10	6	62.60693
10	6	62.61799
10	6	62.63137
10	6	62.64439
10	6	62.65554
10	6	62.66679
10	6	62.67749
10	6	62.68842
10	6	62.69922
10	7	62.71012
10	7	62.72037
10	7	62.73238
10	7	62.74921
10	7	62.76764
10	7	62.78574
10	7	62.80463
10	7	62.81647
10	7	62.82793
10	8	62.83883
10	8	62.8503
10	8	62.86359
10	8	62.87762
10	8	62.89101
10	8	62.90195
10	8	62.91286
10	8	62.92407
10	8	62.93778
11	7	62.95228
11	7	62.96383
11	7	62.97514
11	7	62.98868
11	7	63.00167
11	7	63.01486
11	7	63.02739
11	7	63.0388
11	7	63.05395
12	7	63.0769
12	7	63.09845
12	7	63.12085
12	7	63.14331
12	7	63.16521
12	7	63.1874
13	7	63.20969
13	7	63.23251
13	7	63.25487
13	7	63.27705
13	7	63.29975
13	8	63.32183
13	8	63.3448
13	8	63.36677
13	8	63.38961
13	8	63.41147
13	8	63.43396
13	9	63.4564
13	9	63.47837
13	9	63.50125
13	9	63.52306
13	9	63.53519
13	9	63.54626
13	9	63.56046
13	10	63.57509
13	10	63.59181
13	10	63.60278
13	10	63.61384
13	10	63.62474
13	10	63.63555
13	10	63.64704
13	10	63.65707
13	10	63.66775
13	10	63.6781
13	9	63.68854
13	9	63.69946
13	9	63.71049
13	9	63.72055
13	9	63.7308
13	9	63.74398
13	9	63.75849
13	9	63.77185
13	9	63.78443
13	9	63.79636
13	8	63.80759
13	8	63.81836
13	8	63.8295
13	8	63.83981
13	8	63.85175
13	8	63.86331
13	8	63.87452
13	8	63.88499
13	8	63.89645
13	8	63.90676
13	8	63.91767
13	8	63.92812
13	7	63.93909
13	7	63.9502
13	7	63.96162
13	7	63.97204
13	7	63.98322
13	7	63.99422
13	7	64.00516
13	7	64.01589
13	7	64.02893
13	7	64.03985
13	7	64.05
13	7	64.061
13	7	64.07163
13	7	64.08288
13	7	64.09435
12	7	64.10549
12	7	64.11599
12	7	64.12733
12	7	64.13781
12	7	64.14892
12	7	64.16216
12	7	64.17567
12	7	64.18816
12	7	64.20133
12	7	64.21217
11	7	64.2225
11	7	64.23362
11	7	64.24474
11	7	64.25505
11	7	64.26688
11	7	64.27792
11	7	64.28968
11	7	64.30414
11	7	64.32658
10	7	64.34891
10	7	64.37141
10	7	64.39391
10	7	64.41631
10	7	64.43922
10	7	64.46161
9	7	64.48349
9	7	64.50561
9	7	64.52779
9	7	64.55011
9	7	64.57225
8	7	64.59456
8	7	64.61694
8	7	64.64009
8	7	64.66275
8	7	64.68452
7	7	64.70686
7	7	64.72923
7	7	64.75185
7	7	64.77415
7	7	64.788
7	7	64.7989
7	7	64.81346
8	7	64.83132
8	7	64.84292
8	7	64.85426
8	7	64.86507
8	7	64.87668
8	7	64.88737
8	7	64.89824
8	7	64.90936
8	7	64.92452
8	7	64.93562
8	7	64.94664
8	7	64.95752
8	7	64.96858
8	7	64.97898
8	7	64.99036
8	7	65.00204
8	7	65.01266
8	7	65.02322
8	7	65.03533
8	7	65.04729
8	7	65.05757
8	7	65.06866
9	7	65.07935
9	7	65.08989
9	7	65.10094
9	7	65.11255
9	7	65.12338
9	7	65.13493
9	7	65.1455
9	7	65.16467
9	7	65.18671
10	7	65.20946
10	7	65.23228
10	7	65.25444
10	7	65.27661
10	7	65.29893
11	7	65.32089
11	7	65.34341
11	7	65.36598
11	7	65.38812
11	7	65.41048
11	7	65.43369
10	7	65.45547
10	7	65.47726
10	7	65.49996
10	7	65.52193
10	7	65.54485
9	7	65.56725
9	7	65.5902
9	7	65.61185
9	7	65.63456
9	7	65.64822
9	7	65.66125
9	7	65.67189
9	7	65.68288
8	7	65.69305
8	7	65.70412
8	7	65.7145
8	7	65.72562
8	7	65.73672
8	7	65.74747
8	7	65.75927
8	7	65.76964
8	7	65.77917
8	7	65.78976
8	7	65.80083
7	7	65.81223
7	7	65.82306
7	7	65.83431
7	7	65.84612
7	7	65.85707
7	7	65.86779
7	7	65.8792
7	7	65.88995
7	7	65.90195
7	7	65.91351
7	7	65.92487
6	7	65.93642
6	7	65.94824
6	7	65.95969
6	7	65.97112
6	7	65.98226
6	7	65.99331
6	7	66.00452
6	7	66.01585
6	7	66.02689
6	7	66.03842
6	7	66.05
6	7	66.06135
6	7	66.07336
6	7	66.08627
6	8	66.09829
6	8	66.11123
6	8	66.12431
6	8	66.14008
6	8	66.15361
6	8	66.1647
6	8	66.17519
6	8	66.18668
6	8	66.19769
6	8	66.20807
6	9	66.22105
6	9	66.23525
6	9	66.25375
6	9	66.26856
6	9	66.27898
6	9	66.29139
6	9	66.30275
6	9	66.3132
6	9	66.32342
6	9	66.33429
6	10	66.34534
6	10	66.35866
6	10	66.37234
6	10	66.38936
6	10	66.40505
6	10	66.41812
6	10	66.4313
6	10	66.44241
6	10	66.45293
7	10	66.46556
7	10	66.47697
7	10	66.48825
7	10	66.4993
7	10	66.50984
7	10	66.52056
7	10	66.5325
7	10	66.54276
7	10	66.55392
7	10	66.56404
7	10	66.58309
8	10	66.6056
8	10	66.62807
8	10	66.65036
8	10	66.67256
8	10	66.69527
9	10	66.71736
9	10	66.74006
9	10	66.76234
9	10	66.78503
9	10	66.80706
10	10	66.82925
10	10	66.85195
10	10	66.87381
10	10	66.89624
10	10	66.91808
10	10	66.94084
11	10	66.96322
11	10	66.9856
11	10	67.00846
11	10	67.03047
11	10	67.05259
11	10	67.06478
12	10	67.07546
12	10	67.08583
12	10	67.09718
12	10	67.10834
12	10	67.11939
12	10	67.13016
12	10	67.14169
12	10	67.1525
12	10	67.16441
12	10	67.17494
12	10	67.18618
11	10	67.19707
11	10	67.20831
11	10	67.21949
11	10	67.23051
11	10	67.24175
11	10	67.25291
11	10	67.26418
11	10	67.27567
11	10	67.28646
11	10	67.29866
11	10	67.30897
10	10	67.32056
10	10	67.33183
10	10	67.34365
10	10	67.35684
10	10	67.36865
10	10	67.38062
10	10	67.39304
10	10	67.40482
10	10	67.41643
10	10	67.42793
10	10	67.43953
9	10	67.44996
9	10	67.46091
9	10	67.47181
9	10	67.48291
9	10	67.49422
9	10	67.50737
9	10	67.51871
9	10	67.53
9	10	67.54073
9	10	67.55187
8	10	67.56293
8	10	67.57428
8	10	67.58491
8	10	67.6011
8	10	67.62258
8	10	67.63311
8	10	67.64423
8	10	67.65491
8	10	67.66582
8	10	67.67621
7	10	67.68661
7	10	67.6978
7	10	67.70915
7	10	67.72024
7	10	67.73164
7	10	67.74322
7	10	67.75333
7	10	67.76505
7	10	67.77769
7	10	67.7895
7	10	67.80106
6	10	67.81182
6	10	67.82185
6	10	67.83271
6	10	67.84415
6	10	67.85615
6	10	67.86858
6	10	67.87915
6	10	67.8893
6	10	67.9005
6	10	67.91122
6	10	67.92078
7	10	67.93166
7	10	67.94257
7	10	67.95235
7	10	67.9644
7	10	67.97525
7	10	67.98573
7	10	67.99681
7	10	68.00739
7	10	68.018
7	10	68.03126
7	10	68.04166
8	10	68.05216
8	10	68.06293
8	10	68.07542
8	10	68.08704
8	10	68.09814
8	10	68.10912
8	10	68.11981
8	10	68.13084
8	10	68.14153
8	10	68.15244
8	10	68.16312
8	10	68.1733
9	10	68.18358
9	10	68.19489
9	10	68.20547
9	10	68.21577
9	10	68.22546
9	10	68.23706
9	10	68.24815
9	10	68.25873
9	10	68.26997
9	10	68.28089
9	10	68.29225
10	10	68.30363
10	10	68.31563
10	10	68.32755
10	10	68.34027
10	10	68.35252
10	10	68.36511
10	10	68.37774
10	10	68.39041
10	10	68.40185
10	10	68.4136
11	10	68.42521
11	10	68.43753
11	10	68.44808
11	10	68.45992
11	10	68.47171
11	10	68.4831
11	10	68.49449
11	10	68.50621
11	10	68.5163
11	10	68.52737
11	10	68.53823
12	10	68.55083
12	10	68.56239
12	10	68.57475
12	10	68.58549
12	10	68.59652
12	10	68.6067
12	10	68.61801
12	10	68.62904
12	10	68.64031
12	10	68.65162
12	9	68.66306
12	9	68.67377
12	9	68.68934
12	9	68.70029
12	9	68.71125
12	9	68.72173
12	9	68.73259
12	9	68.74267
12	9	68.75379
12	9	68.76516
12	9	68.77684
12	8	68.78777
12	8	68.79901
12	8	68.80953
12	8	68.82019
12	8	68.83165
12	8	68.84203
12	8	68.85326
12	8	68.86723
12	8	68.88003
12	8	68.89161
12	8	68.90306
12	7	68.91348
12	7	68.92432
12	7	68.93613
12	7	68.94788
12	7	68.9591
12	7	68.97005
12	7	68.98057
12	7	68.9958
12	7	69.01834
12	7	69.04034
12	7	69.06285
12	7	69.08588
12	7	69.10777
12	7	69.12998
12	7	69.15214
12	7	69.17509
12	7	69.19666
12	7	69.21935
12	7	69.24117
12	7	69.26412
12	7	69.28674
11	7	69.30918
11	7	69.33163
11	7	69.35395
11	7	69.37585
11	7	69.39815
11	7	69.42043
10	7	69.44294
10	7	69.4651
10	7	69.47536
10	7	69.48791
10	7	69.49841
10	7	69.50922
10	7	69.52032
10	7	69.53171
10	7	69.54279
9	7	69.55376
9	7	69.56526
9	7	69.57626
9	7	69.58765
9	7	69.59865
9	7	69.6095
9	7	69.62114
9	7	69.63221
9	7	69.64368
9	7	69.65506
9	7	69.66639
9	6	69.677
9	6	69.68912
9	6	69.69986
9	6	69.71045
9	6	69.72157
9	6	69.73293
9	6	69.74375
9	6	69.75526
9	6	69.76646
9	6	69.77812
9	6	69.78985
9	6	69.8017
9	6	69.8134
9	6	69.82513
9	6	69.83655
9	6	69.84901
9	6	69.85929
9	6	69.87206
9	6	69.88333
9	6	69.89515
9	6	69.90635
9	6	69.9175
9	5	69.92887
9	5	69.94022
9	5	69.95101
9	5	69.96285
9	5	69.97384
9	5	69.98463
9	5	69.99571
9	5	70.01067
9	5	70.02096
9	5	70.03177
9	5	70.04245
9	5	70.05305
9	5	70.06345
9	5	70.07424
9	5	70.08501
9	5	70.09697
9	5	70.10789
9	5	70.11916
9	5	70.12994
9	5	70.14053
9	5	70.1516
9	5	70.16221
9	5	70.17234
9	5	70.18336
9	5	70.19458
9	5	70.20579
9	5	70.21709
9	5	70.22815
9	5	70.23885
9	5	70.2502
9	6	70.26123
9	6	70.27269
9	6	70.28495
9	6	70.29803
9	6	70.31393
9	6	70.32703
9	6	70.3391
9	6	70.35114
9	6	70.36362
9	6	70.37572
9	6	70.38831
9	6	70.3997
9	6	70.41074
9	6	70.42188
9	6	70.43385
9	6	70.44504
9	6	70.4557
9	6	70.46648
9	6	70.47754
9	6	70.48802
9	7	70.50397
9	7	70.52624
9	7	70.54809
9	7	70.57045
9	7	70.59304
9	7	70.61559
9	7	70.63791
9	7	70.66074
8	7	70.68291
8	7	70.70489
8	7	70.7271
8	7	70.75002
8	7	70.77188
8	7	70.79408
7	7	70.81649
7	7	70.83865
7	7	70.86121
7	7	70.88472
7	7	70.90636
6	7	70.92826
6	7	70.95065
6	7	70.97317
6	7	70.98409
6	7	70.99593
6	7	71.00671
6	7	71.01767
6	7	71.0287
6	7	71.03988
6	6	71.05097
6	6	71.06229
6	6	71.07384
6	6	71.08748
6	6	71.10152
6	6	71.1132
6	6	71.12423
6	6	71.13583
6	6	71.14944
6	6	71.16216
6	6	71.17551
6	6	71.1881
6	6	71.20419
6	6	71.21996
6	6	71.23415
6	6	71.24708
6	6	71.25771
6	6	71.26933
6	6	71.27985
6	5	71.29046
6	5	71.30141
6	5	71.31274
6	5	71.32641
6	5	71.33985
6	5	71.35458
6	5	71.36557
6	5	71.37756
6	5	71.3931
6	5	71.40603
6	4	71.41708
6	4	71.43069
6	4	71.45284
6	4	71.47565
6	4	71.49763
6	4	71.52036
6	3	71.54268
6	3	71.56488
6	3	71.58744
6	3	71.60959
6	3	71.63188
6	2	71.65427
6	2	71.67658
6	2	71.69957
6	2	71.72141
6	2	71.74358
6	2	71.76608
7	2	71.78816
7	2	71.8105
7	2	71.83305
7	2	71.85611
7	2	71.87785
8	2	71.90081
8	2	71.92254
8	2	71.94487
8	2	71.95612
8	2	71.96737
8	2	71.97758
8	2	71.98885
8	2	72.00009
8	2	72.01148
9	2	72.02254
9	2	72.03349
9	2	72.04461
9	2	72.05579
9	2	72.0675
9	2	72.0785
9	2	72.08954
9	2	72.10156
9	2	72.1158
9	2	72.12791
9	2	72.13936
10	2	72.14966
10	2	72.16046
10	2	72.17231
10	2	72.18222
10	2	72.19344
10	2	72.20409
10	2	72.21412
10	2	72.2243
10	2	72.23524
10	2	72.24656
10	2	72.25854
11	2	72.26984
11	2	72.2819
11	2	72.29315
11	2	72.30421
11	2	72.31505
11	2	72.32642
11	2	72.33736
11	2	72.34885
11	2	72.36013
11	2	72.37149
11	2	72.38292
12	2	72.39442
12	2	72.40507
12	2	72.41611
12	2	72.42723
12	2	72.43888
12	2	72.44982
12	2	72.46121
12	2	72.47215
12	2	72.48341
12	2	72.49433
12	2	72.50556
13	2	72.51678
13	2	72.52827
13	2	72.53952
13	2	72.55128
13	2	72.56232
13	2	72.57371
13	2	72.58523
13	2	72.59647
13	2	72.60875
13	2	72.62186
14	2	72.63496
14	2	72.64711
14	2	72.6596
14	2	72.67265
14	2	72.68501
14	2	72.69621
14	2	72.711
14	2	72.72206
14	2	72.73246
14	2	72.74324
15	2	72.75407
15	2	72.76542
15	2	72.77735
15	2	72.78855
15	2	72.79922
15	2	72.81074
15	2	72.82204
15	2	72.83277
15	2	72.84378
15	2	72.85568
15	2	72.86648
16	2	72.87737
16	2	72.88803
16	2	72.89917
16	2	72.91101
16	2	72.92606
16	2	72.93632
16	2	72.94743
16	2	72.95952
16	2	72.97135
16	2	72.9819
16	2	72.99307
17	2	73.00322
17	2	73.01412
17	2	73.02516
17	2	73.03611
17	2	73.0462
17	2	73.05702
17	2	73.06758
17	2	73.07857
17	2	73.08992
17	2	73.10194
17	2	73.1125
18	2	73.12386
18	2	73.13615
18	2	73.1469
18	2	73.15769
18	2	73.16787
18	2	73.17937
18	2	73.19032
18	2	73.20081
18	2	73.21139
18	2	73.22155
18	2	73.2324
19	2	73.24376
19	2	73.25458
19	2	73.26559
19	2	73.27621
19	2	73.28667
19	2	73.29792
19	2	73.30828
19	2	73.31828
19	2	73.32935
19	2	73.34035
19	2	73.35188
20	2	73.36296
20	2	73.37509
20	2	73.38721
20	2	73.39925
20	2	73.41163
20	2	73.42293
20	2	73.43391
20	2	73.44497
20	2	73.45531
20	2	73.46598
20	2	73.47748
19	2	73.48806
19	2	73.4986
19	2	73.50846
19	2	73.52333
19	2	73.53766
19	2	73.55035
19	2	73.56314
19	2	73.57512
19	2	73.58571
19	2	73.59569
18	2	73.60783
18	2	73.61823
18	2	73.62856
18	2	73.63902
18	2	73.64913
18	2	73.66002
18	2	73.67144
18	2	73.68204
18	2	73.69394
18	2	73.70547
18	2	73.71719
18	2	73.72768
17	2	73.7383
17	2	73.74997
17	2	73.76066
17	2	73.77749
17	2	73.78948
17	2	73.80166
17	2	73.8139
17	2	73.82568
17	2	73.83672
17	2	73.84874
16	2	73.85937
16	2	73.87118
16	2	73.88151
16	2	73.89286
16	2	73.90342
16	2	73.91451
16	2	73.92506
16	2	73.93592
16	2	73.94664
16	2	73.95708
16	2	73.96723
15	2	73.97889
15	2	73.98936
15	2	73.9996
15	2	74.01029
15	2	74.02052
15	2	74.03111
15	2	74.04186
15	2	74.05171
15	2	74.06262
15	2	74.07294
15	2	74.08244
15	2	74.093
14	2	74.10333
14	2	74.11338
14	2	74.12341
14	2	74.13467
14	2	74.14578
14	2	74.1564
14	2	74.1674
14	2	74.17822
14	2	74.19013
14	2	74.20059
14	2	74.21204
13	2	74.22321
13	2	74.23418
13	2	74.24592
13	2	74.25656
13	2	74.26789
13	2	74.27904
13	2	74.29058
13	2	74.30166
13	2	74.31265
13	2	74.32433
13	2	74.33582
12	2	74.34737
12	2	74.35744
12	2	74.36877
12	2	74.38062
12	2	74.39239
12	2	74.40324
12	2	74.41319
12	2	74.42492
12	2	74.43574
12	2	74.44677
12	2	74.45792
11	2	74.46987
11	2	74.48386
11	2	74.49628
11	2	74.51144
11	2	74.5234
11	2	74.53624
11	2	74.5465
11	2	74.55791
11	2	74.56934
11	2	74.57978
10	2	74.59154
10	2	74.60371
10	2	74.61413
10	2	74.62464
10	2	74.63546
10	2	74.64536
10	2	74.65581
10	2	74.66711
10	2	74.67764
10	2	74.68824
10	2	74.6994
9	2	74.71037
9	2	74.72207
9	2	74.73305
9	2	74.74387
9	2	74.75418
9	2	74.76534
9	2	74.77664
9	2	74.78722
9	2	74.79822
9	2	74.80975
9	2	74.82091
8	2	74.83186
8	2	74.84306
8	2	74.85786
8	2	74.86819
8	2	74.87859
8	2	74.88991
8	2	74.90025
8	2	74.91085
8	2	74.9216
8	2	74.93395
8	2	74.94842
7	2	74.95939
7	2	74.97109
7	2	74.98207
7	2	74.99275
7	2	75.00293
7	2	75.01357
7	2	75.0242
7	2	75.03609
7	2	75.04704
7	2	75.05783
7	2	75.06825
6	2	75.08003
6	2	75.09049
6	2	75.10141
6	2	75.11243
6	2	75.12366
6	2	75.13448
6	2	75.14512
6	2	75.15692
6	2	75.16756
6	2	75.17847
6	2	75.18922
6	3	75.20016
6	3	75.21087
6	3	75.22123
6	3	75.23178
6	3	75.24347
6	3	75.25408
6	3	75.26459
6	3	75.27525
6	3	75.28523
6	3	75.29571
6	3	75.30685
6	4	75.31796
6	4	75.32908
6	4	75.34048
6	4	75.35135
6	4	75.36269
6	4	75.37371
6	4	75.3851
6	4	75.39645
6	4	75.40776
6	4	75.41839
6	4	75.43012
6	5	75.44128
6	5	75.45301
6	5	75.46664
6	5	75.48024
6	5	75.49358
6	5	75.50559
6	5	75.51828
6	5	75.5306
6	5	75.54185
6	5	75.55215
5	5	75.56474
5	5	75.57764
5	5	75.5899
5	5	75.60349
5	5	75.61638
5	5	75.62714
5	5	75.63854
5	5	75.64925
5	5	75.66135
5	5	75.67247
5	5	75.68348
4	5	75.69534
4	5	75.7093
4	5	75.72124
4	5	75.74281
4	5	75.76494
4	5	75.78704
3	5	75.80916
3	5	75.8318
3	5	75.85429
3	5	75.87636
3	5	75.89886
3	5	75.92112
2	5	75.9431
2	5	75.96552
2	5	75.98817
2	5	76.01023
2	5	76.03282
1	5	76.05558
1	5	76.07749
1	5	76.10007
1	5	76.12215
1	5	76.14498
1	5	76.16685
3	5	76.18961
3	5	76.20052
3	5	76.2124
3	5	76.2235
3	5	76.2341
3	5	76.24431
3	5	76.25614
3	5	76.267
3	5	76.27802
3	5	76.28926
3	5	76.30064
3	5	76.31405
3	5	76.32667
3	5	76.33913
3	5	76.35116
3	5	76.36385
3	5	76.37579
3	5	76.38931
3	5	76.40063
3	5	76.41281
4	5	76.42362
4	5	76.4339
4	5	76.44428
4	5	76.45435
4	5	76.46497
4	5	76.47575
4	5	76.48675
4	5	76.4977
4	5	76.50837
4	5	76.51902
4	5	76.52986
5	5	76.54052
5	5	76.55104
5	5	76.56161
5	5	76.57293
5	5	76.58409
5	5	76.59492
5	5	76.60519
5	5	76.61568
5	5	76.6264
5	5	76.63632
5	5	76.64696
5	5	76.65824
6	5	76.67004
6	5	76.68285
6	5	76.69548
6	5	76.70749
6	5	76.71851
6	5	76.72922
6	5	76.7411
6	5	76.75173
6	5	76.76295
6	5	76.77316
6	5	76.78304
6	6	76.79253
6	6	76.80388
6	6	76.81488
6	6	76.82691
6	6	76.83776
6	6	76.84866
6	6	76.85992
6	6	76.87086
6	6	76.88187
6	6	76.89326
6	6	76.90509
6	6	76.9163
6	6	76.9276
6	6	76.93934
6	6	76.95101
6	6	76.96522
6	6	76.97839
6	6	76.98929
6	6	77.00015
6	6	77.01125
6	6	77.0218
6	7	77.03262
6	7	77.04314
6	7	77.0538
6	7	77.06467
6	7	77.07484
6	7	77.08564
6	7	77.09662
6	7	77.10813
6	7	77.11875
6	7	77.13023
6	7	77.1414
7	7	77.15237
7	7	77.16405
7	7	77.17506
7	7	77.18593
7	7	77.197
7	7	77.20834
7	7	77.22394
7	7	77.23705
7	7	77.25526
7	7	77.26738
8	7	77.27927
8	7	77.29047
8	7	77.3014
8	7	77.31273
8	7	77.3258
8	7	77.3362
8	7	77.3472
8	7	77.35842
8	7	77.36849
8	7	77.37968
9	7	77.39557
9	7	77.41765
9	7	77.43996
9	7	77.46304
9	7	77.48502
9	7	77.50724
10	7	77.53068
10	7	77.55199
10	7	77.57467
10	7	77.59664
10	7	77.61909
11	7	77.64076
11	7	77.66314
11	7	77.68617
11	7	77.70831
11	7	77.73053
11	7	77.75279
10	7	77.77573
10	7	77.798
10	7	77.81986
10	7	77.84228
10	7	77.86465
10	7	77.87556
9	7	77.88738
9	7	77.89847
9	7	77.90957
9	7	77.91993
9	7	77.93161
9	7	77.94232
9	7	77.9538
9	7	77.9649
9	7	77.97607
9	7	77.98704
9	7	77.99836
8	7	78.0092
8	7	78.02067
8	7	78.03183
8	7	78.0431
8	7	78.05388
8	7	78.06523
8	7	78.07631
8	7	78.0879
8	7	78.09893
8	7	78.11012
8	7	78.12088
7	7	78.13244
7	7	78.14346
7	7	78.15532
7	7	78.16686
7	7	78.17918
7	7	78.19074
7	7	78.2023
7	7	78.21338
7	7	78.22558
7	7	78.2378
7	7	78.25018
6	7	78.2625
6	7	78.27587
6	7	78.28836
6	7	78.30156
6	7	78.31248
6	7	78.32346
6	7	78.33392
6	7	78.34434
6	7	78.35494
6	7	78.36537
6	7	78.37645
6	7	78.38685
6	7	78.39783
6	7	78.40916
6	7	78.41994
6	7	78.43089
6	8	78.44185
6	8	78.45219
6	8	78.46351
6	8	78.47462
6	8	78.49828
6	8	78.51062
6	8	78.52076
6	8	78.53182
6	8	78.54276
6	8	78.55415
6	9	78.56501
6	9	78.57607
6	9	78.59058
6	9	78.60189
6	9	78.61314
6	9	78.624
6	9	78.63474
6	9	78.64606
6	9	78.65734
6	9	78.6685
6	9	78.67949
6	10	78.68985
6	10	78.70011
6	10	78.71036
6	10	78.72086
6	10	78.7319
6	10	78.74268
6	10	78.75372
6	10	78.76518
6	10	78.77538
6	10	78.78552
6	10	78.79751
6	11	78.80836
6	11	78.8191
6	11	78.83114
6	11	78.84557
6	11	78.85989
6	11	78.87173
6	11	78.88575
6	11	78.89971
6	11	78.9109
6	11	78.92143
6	12	78.93284
6	12	78.94361
6	12	78.9547
6	12	78.96991
6	12	78.98409
6	12	78.9987
6	12	79.01476
6	12	79.03696
6	13	79.05956
6	13	79.08192
6	13	79.10414
6	13	79.12693
6	13	79.14919
6	13	79.17181
6	14	79.1956
6	14	79.21617
6	14	79.23847
6	14	79.26061
6	14	79.28273
6	15	79.30521
6	15	79.32777
6	15	79.3508
6	15	79.37228
6	15	79.39523
6	15	79.41749
6	16	79.43952
6	16	79.46257
6	16	79.48531
6	16	79.50833
6	16	79.52367
6	16	79.53867
5	16	79.55024
5	16	79.56103
5	16	79.5715
5	16	79.58546
5	16	79.59853
5	16	79.60962
5	16	79.62023
5	16	79.63126
5	16	79.64221
5	16	79.65278
4	16	79.66454
4	16	79.67843
4	16	79.69185
4	16	79.70484
4	16	79.71601
4	16	79.72721
4	16	79.73827
4	16	79.7497
4	16	79.76141
4	16	79.772
4	16	79.78275
3	16	79.79373
3	16	79.80344
3	16	79.81561
3	16	79.83024
3	16	79.84504
3	16	79.85617
3	16	79.86723
3	16	79.87832
3	16	79.8892
3	16	79.90034
2	16	79.91106
2	16	79.92141
2	16	79.9369
2	16	79.95025
2	16	79.96348
2	16	79.97539
2	16	79.98912
2	16	80.00249
2	16	80.01297
2	16	80.02366
1	16	80.03486
1	16	80.0454
1	16	80.05701
1	16	80.07064
1	16	80.08529
1	16	80.09631
1	16	80.10727
1	16	80.11866
1	16	80.13161
2	16	80.15394
2	16	80.17635
2	16	80.19943
2	16	80.22137
2	16	80.24374
2	16	80.26603
3	16	80.2899
3	16	80.31131
3	16	80.33316
3	16	80.35549
3	16	80.37775
4	16	80.40024
4	16	80.42284
4	16	80.44608
4	16	80.4672
4	16	80.48962
4	16	80.51202
5	16	80.53423
5	16	80.5567
5	16	80.57902
5	16	80.60159
5	16	80.62374
5	16	80.6344
6	16	80.64646
6	16	80.65688
6	16	80.6679
6	16	80.67928
6	16	80.69075
6	16	80.70154
6	16	80.71279
6	16	80.72387
6	16	80.73468
6	16	80.74618
6	16	80.75809
5	16	80.76857
5	16	80.77941
5	16	80.79046
5	16	80.80166
5	16	80.81261
5	16	80.82407
5	16	80.83502
5	16	80.84703
5	16	80.85847
5	16	80.86928
5	16	80.87986
4	16	80.89134
4	16	80.90231
4	16	80.91467
4	16	80.9262
4	16	80.93774
4	16	80.94943
4	16	80.96146
4	16	80.97327
4	16	80.98537
4	16	80.99719
3	16	81.0086
3	16	81.02032
3	16	81.03748
3	16	81.04868
3	16	81.06068
3	16	81.07147
3	16	81.08234
3	16	81.09314
3	16	81.10486
3	16	81.11582
3	16	81.12665
2	16	81.13767
2	16	81.14868
2	16	81.1592
2	16	81.16959
2	16	81.18042
2	16	81.19083
2	16	81.20148
2	16	81.21352
2	16	81.22373
2	16	81.23459
2	16	81.24515
1	16	81.25583
1	16	81.2712
1	16	81.28327
1	16	81.29472
1	16	81.30589
1	16	81.31623
1	16	81.32729
1	16	81.33932
1	16	81.35345
1	16	81.36656
1	16	81.38132
1	16	81.39412
1	15	81.40668
1	15	81.41974
1	15	81.43415
1	15	81.44994
1	15	81.46471
1	15	81.47593
1	15	81.48611
1	15	81.50564
1	14	81.52835
1	14	81.55112
1	14	81.57303
1	14	81.59539
1	14	81.61749
1	14	81.6397
1	13	81.66268
1	13	81.68482
1	13	81.70823
1	13	81.72949
1	13	81.75146
2	13	81.77388
2	13	81.79633
2	13	81.81875
2	13	81.84211
2	13	81.86436
3	13	81.8858
3	13	81.90866
3	13	81.93088
3	13	81.95305
3	13	81.96702
3	13	81.97742
3	13	81.9879
3	13	81.99894
3	12	82.01046
3	12	82.02129
3	12	82.03548
3	12	82.04867
3	12	82.05963
3	12	82.0707
3	12	82.0816
3	12	82.09265
3	12	82.10314
3	12	82.11413
3	12	82.12499
3	11	82.13598
3	11	82.14627
3	11	82.15715
3	11	82.17041
3	11	82.18501
3	11	82.20008
3	11	82.21375
3	11	82.22603
3	11	82.2368
3	11	82.2479
3	10	82.25878
3	10	82.26982
3	10	82.2813
3	10	82.29321
3	10	82.30576
3	10	82.31851
3	10	82.33247
3	10	82.34515
3	10	82.35682
3	10	82.36861
3	10	82.38049
3	10	82.39152
3	10	82.40319
3	10	82.41426
3	10	82.42545
3	10	82.43642
3	10	82.44852
3	10	82.45965
3	10	82.47057
3	10	82.48148
3	10	82.49203
3	10	82.50354
3	10	82.51438
3	11	82.52744
3	11	82.53966
3	11	82.55104
3	11	82.56194
3	11	82.57229
3	11	82.58295
3	11	82.59496
3	11	82.60986
3	11	82.62145
3	11	82.63226
3	12	82.64333
3	12	82.65312
3	12	82.66402
3	12	82.67451
3	12	82.6857
3	12	82.6966
3	12	82.70683
3	12	82.71733
3	12	82.72754
3	12	82.73778
3	12	82.7483
3	12	82.75839
3	13	82.76893
3	13	82.78014
3	13	82.79049
3	13	82.8012
3	13	82.81211
3	13	82.82404
3	13	82.83492
3	13	82.84637
3	13	82.85671
3	13	82.86795
3	13	82.87903
3	13	82.8911
3	13	82.90183
3	13	82.9131
3	13	82.9243
2	13	82.93562
2	13	82.94701
2	13	82.95821
2	13	82.96912
2	13	82.98045
2	13	82.99099
2	13	83.00256
2	13	83.01322
2	13	83.02475
2	13	83.0359
2	13	83.04785
1	13	83.06369
1	13	83.07446
1	13	83.08543
1	13	83.09709
1	13	83.10744
1	13	83.1179
1	13	83.12812
1	13	83.13772
1	13	83.1483
1	13	83.15955
1	13	83.17049
1	13	83.18178
1	13	83.19357
1	13	83.20493
1	13	83.21664
1	13	83.22886
1	13	83.24075
1	13	83.25567
1	13	83.2682
1	13	83.28094
1	13	83.29649
1	13	83.30804
1	13	83.32036
1	13	83.33104
1	14	83.34203
1	14	83.35396
1	14	83.36643
1	14	83.37832
1	14	83.38983
1	14	83.40086
1	14	83.41224
1	14	83.42384
1	14	83.43546
1	14	83.4467
1	14	83.4583
1	15	83.46885
1	15	83.48293
1	15	83.50545
1	15	83.52793
1	15	83.54998
1	15	83.57256
1	16	83.59501
1	16	83.61733
1	16	83.63937
1	16	83.66203
1	16	83.68433
1	17	83.70681
1	17	83.72902
1	17	83.75134
1	17	83.77454
1	17	83.7958
1	17	83.81804
1	18	83.84103
1	18	83.86297
1	18	83.88566
1	18	83.90766
1	18	83.93065
1	19	83.95226
1	19	83.97354
1	19	83.9861
1	19	84.00005
1	19	84.01366
1	19	84.02406
1	19	84.0349
1	19	84.04567
1	19	84.05662
1	19	84.06785
2	19	84.07888
2	19	84.08993
2	19	84.10439
2	19	84.11828
2	19	84.12911
2	19	84.13949
2	19	84.15005
2	19	84.16037
2	19	84.17094
2	19	84.18124
2	19	84.1925
3	19	84.20341
3	19	84.21406
3	19	84.22524
3	19	84.24171
3	19	84.2595
3	19	84.27444
3	19	84.2878
3	19	84.30089
3	19	84.31277
3	20	84.32379
3	20	84.33519
3	20	84.34702
3	20	84.36108
3	20	84.37455
3	20	84.3854
3	20	84.39667
3	20	84.41138
3	20	84.42434
3	20	84.43505
3	21	84.4477
3	21	84.46026
3	21	84.47357
3	21	84.48716
3	21	84.50114
3	21	84.51139
3	21	84.52178
3	21	84.53342
3	21	84.5438
3	21	84.55534
3	22	84.56877
3	22	84.58913
3	22	84.61161
3	22	84.63383
3	22	84.6563
3	22	84.67876
3	22	84.70105
3	22	84.72378
3	22	84.74562
3	22	84.76801
3	22	84.79047
3	22	84.81261
3	22	84.83457
3	22	84.85703
3	22	84.87984
3	22	84.9019
3	22	84.92451
3	22	84.94668
3	22	84.9691
3	22	84.9911
3	22	85.01336
3	22	85.03639
4	22	85.05853
4	22	85.06913
4	22	85.08219
4	22	85.10021
4	22	85.11487
4	22	85.12581
4	22	85.13836
4	22	85.14922
4	22	85.15993
4	22	85.171
5	22	85.18151
5	22	85.19234
5	22	85.20743
5	22	85.22097
5	22	85.23231
5	22	85.24377
5	22	85.25588
5	22	85.26876
5	22	85.27947
6	22	85.2962
6	22	85.30784
6	22	85.31858
6	22	85.33233
6	22	85.34541
6	22	85.35918
6	22	85.37305
6	22	85.38317
6	22	85.39485
6	22	85.40542
6	22	85.41512
6	22	85.43749
6	22	85.4604
6	22	85.48276
6	22	85.50551
6	22	85.52784
6	21	85.54992
6	21	85.57227
6	21	85.59487
6	21	85.61703
6	21	85.63933
6	20	85.66236
6	20	85.68369
6	20	85.70606
6	20	85.72828
6	20	85.7505
6	20	85.77266
6	19	85.79606
6	19	85.81855
6	19	85.84067
6	19	85.86292
6	19	85.88535
6	18	85.90731
6	18	85.91828
6	18	85.92986
6	18	85.94279
6	18	85.95544
6	18	85.96616
6	18	85.97695
6	18	85.99012
6	18	86.003
6	18	86.01343
6	18	86.0242
6	17	86.03531
6	17	86.04537
6	17	86.05753
6	17	86.07163
6	17	86.08478
6	17	86.09653
6	17	86.10755
6	17	86.11807
6	17	86.12902
6	17	86.14397
6	16	86.15768
6	16	86.16859
6	16	86.17915
6	16	86.18983
6	16	86.20029
6	16	86.21111
6	16	86.2222
6	16	86.23342
6	16	86.24328
6	16	86.25631
6	16	86.27009
6	17	86.28442
6	17	86.29628
6	17	86.3084
6	17	86.31998
6	17	86.33091
6	17	86.34067
6	17	86.35131
6	17	86.36272
6	17	86.37288
6	17	86.38378
6	17	86.39483
6	18	86.40575
6	18	86.41751
6	18	86.42817
6	18	86.43858
6	18	86.4495
6	18	86.46052
6	18	86.47115
6	18	86.48195
6	18	86.49227
6	18	86.50349
6	18	86.51363
6	19	86.52415
6	19	86.53497
6	19	86.54482
6	19	86.55516
6	19	86.56652
6	19	86.57702
6	19	86.59043
6	19	86.60303
6	19	86.61855
6	19	86.63108
7	19	86.64124
7	19	86.65218
7	19	86.66338
7	19	86.68996
7	19	86.70348
7	19	86.71439
7	19	86.72602
7	19	86.73705
7	19	86.7493
8	19	86.76292
8	19	86.77674
8	19	86.78786
8	19	86.80245
8	19	86.81673
8	19	86.82785
8	19	86.83868
8	19	86.85079
8	19	86.86131
8	19	86.87223
8	19	86.88324
9	19	86.89452
9	19	86.90553
9	19	86.91955
9	19	86.93377
9	19	86.9438
9	19	86.95473
9	19	86.96574
9	19	86.97645
9	19	86.98724
9	19	86.99802
10	19	87.00845
10	19	87.01911
10	19	87.03059
10	19	87.04099
10	19	87.05243
10	19	87.06371
10	19	87.07394
10	19	87.08446
10	19	87.09385
10	19	87.10522
10	19	87.11923
11	19	87.13376
11	19	87.14545
11	19	87.15774
11	19	87.16869
11	19	87.18008
11	19	87.19084
11	19	87.20176
11	19	87.2123
11	19	87.22343
11	19	87.23363
11	19	87.24377
12	19	87.25453
12	19	87.26641
12	19	87.27675
12	19	87.28984
12	19	87.30038
12	19	87.31061
12	19	87.32089
12	19	87.3317
12	19	87.34222
12	19	87.35323
12	19	87.36392
12	20	87.3748
12	20	87.38599
12	20	87.39671
12	20	87.41036
12	20	87.4243
12	20	87.43458
12	20	87.44485
12	20	87.4551
12	20	87.46675
12	20	87.47687
12	20	87.4884
12	21	87.50082
12	21	87.51355
12	21	87.52833
12	21	87.54433
12	21	87.56042
12	21	87.57072
12	21	87.58044
12	21	87.592
12	21	87.60297
12	21	87.61334
12	22	87.6236
12	22	87.63424
12	22	87.64527
12	22	87.65967
12	22	87.67262
12	22	87.6841
12	22	87.69746
12	22	87.71111
12	22	87.72192
12	22	87.73627
12	22	87.74654
11	22	87.75817
11	22	87.76898
11	22	87.77977
11	22	87.79268
11	22	87.80732
11	22	87.81789
11	22	87.82899
11	22	87.85078
11	22	87.87278
10	22	87.89531
10	22	87.91763
10	22	87.93988
10	22	87.96243
10	22	87.98499
9	22	88.00776
9	22	88.02953
9	22	88.05235
9	22	88.07398
9	22	88.09597
9	23	88.11855
9	23	88.14069
9	23	88.16393
9	23	88.18565
9	23	88.20794
9	23	88.2303
9	24	88.25306
9	24	88.27517
9	24	88.29818
9	24	88.32059
9	24	88.3426
9	24	88.35596
9	25	88.36629
9	25	88.3764
9	25	88.38788
9	25	88.40079
9	25	88.41369
9	25	88.4246
9	25	88.4361
9	25	88.44639
9	25	88.45709
9	25	88.46794
9	25	88.47918
10	25	88.49336
10	25	88.51154
10	25	88.52338
10	25	88.53639
10	25	88.54941
10	25	88.56019
10	25	88.57182
10	25	88.58287
10	25	88.59335
10	25	88.60485
11	25	88.61559
11	25	88.62643
11	25	88.63795
11	25	88.65125
11	25	88.66436
11	25	88.67456
11	25	88.68532
11	25	88.69568
11	25	88.70588
11	25	88.71631
11	25	88.72781
10	25	88.73901
10	25	88.74948
10	25	88.76021
10	25	88.77097
10	25	88.78078
10	25	88.79211
10	25	88.80284
10	25	88.81203
10	25	88.82256
10	25	88.83353
10	25	88.84446
9	25	88.85577
9	25	88.86658
9	25	88.87739
9	25	88.88902
9	25	88.89989
9	25	88.91135
9	25	88.92221
9	25	88.93327
9	25	88.94483
9	25	88.95576
9	25	88.96663
8	25	88.97761
8	25	88.98891
8	25	88.99977
8	25	89.01188
8	25	89.02469
8	25	89.03506
8	25	89.04486
8	25	89.05927
8	25	89.06963
8	25	89.07948
8	25	89.09067
7	25	89.10403
7	25	89.11949
7	25	89.13885
7	25	89.15618
7	25	89.16917
7	25	89.1803
7	25	89.19118
7	25	89.20202
7	25	89.2121
6	25	89.22206
6	25	89.23242
6	25	89.24332
6	25	89.25686
6	25	89.27033
6	25	89.28358
6	25	89.29639
6	25	89.30959
6	25	89.32113
6	25	89.33261
5	25	89.34297
5	25	89.35466
5	25	89.36604
5	25	89.3793
5	25	89.39362
5	25	89.40326
5	25	89.42555
5	25	89.44746
4	25	89.47056
4	25	89.49239
4	25	89.51486
4	25	89.53708
4	25	89.55939
4	25	89.58231
3	25	89.60413
3	25	89.62651
3	25	89.64902
3	25	89.67131
3	25	89.6935
2	25	89.71603
2	25	89.73836
2	25	89.76067
2	25	89.78305
2	25	89.80503
2	25	89.82788
1	25	89.8503
1	25	89.87243
1	25	89.89541
1	25	89.91716
1	25	89.92981
1	25	89.94004
1	25	89.95007
1	25	89.9612
2	25	89.97253
2	25	89.98338
2	25	89.99435
2	25	90.0061
2	25	90.01696
2	25	90.02805
2	25	90.03906
2	25	90.05094
2	25	90.06281
2	25	90.07494
3	25	90.08857
3	25	90.10023
3	25	90.1115
3	25	90.12274
3	25	90.13406
3	25	90.14369
3	25	90.15379
3	25	90.16357
3	25	90.17364
3	25	90.18467
3	25	90.19585
4	25	90.20764
4	25	90.21955
4	25	90.23103
4	25	90.24306
4	25	90.25443
4	25	90.26589
4	25	90.27695
4	25	90.28786
4	25	90.29887
4	25	90.31065
4	25	90.32121
5	25	90.33261
5	25	90.34356
5	25	90.35507
5	25	90.36662
5	25	90.37704
5	25	90.38817
5	25	90.40276
5	25	90.41273
5	25	90.42319
5	25	90.43385
5	25	90.44554
4	25	90.45588
4	25	90.46764
4	25	90.47783
4	25	90.48901
4	25	90.50044
4	25	90.5116
4	25	90.52316
4	25	90.53424
4	25	90.54555
4	25	90.55737
4	25	90.56841
3	25	90.57992
3	25	90.59117
3	25	90.60245
3	25	90.61379
3	25	90.62492
3	25	90.63578
3	25	90.64707
3	25	90.65846
3	25	90.66933
3	25	90.68085
3	25	90.69186
2	25	90.70312
2	25	90.71425
2	25	90.72557
2	25	90.73679
2	25	90.74767
2	25	90.75916
2	25	90.77036
2	25	90.78151
2	25	90.79292
2	25	90.8045
2	25	90.81581
1	25	90.82732
1	25	90.83894
1	25	90.85027
1	25	90.86134
1	25	90.87357
1	25	90.88374
1	25	90.89436
1	25	90.90549
1	25	90.91691
1	25	90.92758
1	25	90.93929
1	25	90.95098
1	25	90.96375
1	25	90.97606
1	25	90.98613
1	25	90.99648
1	25	91.00737
1	25	91.01824
1	25	91.02878
1	24	91.03881
1	24	91.04964
1	24	91.06077
1	24	91.07422
1	24	91.08768
1	24	91.09791
1	24	91.10855
1	24	91.11907
1	24	91.1292
1	24	91.14
1	24	91.15044
1	23	91.16357
1	23	91.18287
1	23	91.19627
1	23	91.2073
1	23	91.21811
1	23	91.22857
1	23	91.23972
1	23	91.25053
1	23	91.2612
1	23	91.27188
1	22	91.28317
1	22	91.29451
1	22	91.30827
1	22	91.32529
1	22	91.34114
1	22	91.35293
1	22	91.36443
1	22	91.37541
1	22	91.38618
1	22	91.39723
1	22	91.40816
1	22	91.41866
1	22	91.42965
1	22	91.4401
1	22	91.45055
1	22	91.46059
2	22	91.472
2	22	91.4819
2	22	91.49766
2	22	91.51096
2	22	91.52419
2	22	91.53568
2	22	91.54546
2	22	91.55603
2	22	91.56717
2	22	91.57738
3	22	91.58815
3	22	91.59846
3	22	91.60958
3	22	91.62083
3	22	91.6354
3	22	91.64954
3	22	91.65986
3	22	91.67102
3	22	91.68085
3	22	91.69098
3	22	91.7017
4	22	91.71183
4	22	91.72255
4	22	91.73321
4	22	91.74465
4	22	91.75524
4	22	91.7673
4	22	91.77761
4	22	91.78783
4	22	91.79823
4	22	91.80923
4	22	91.81931
5	22	91.83022
5	22	91.84245
5	22	91.85513
5	22	91.86883
5	22	91.87992
5	22	91.89257
5	22	91.90466
5	22	91.91589
5	22	91.92773
5	22	91.9379
5	22	91.94827
6	22	91.95931
6	22	91.96996
6	22	91.98058
6	22	91.99118
6	22	92.00169
6	22	92.01187
6	22	92.02219
6	22	92.03289
6	22	92.0428
6	22	92.05363
6	22	92.06393
6	23	92.07339
6	23	92.08445
6	23	92.0947
6	23	92.10638
6	23	92.11909
6	23	92.13196
6	23	92.14349
6	23	92.15648
6	23	92.16778
6	23	92.17825
6	23	92.18843
6	24	92.19865
6	24	92.20816
6	24	92.21849
6	24	92.23047
6	24	92.24279
6	24	92.25626
6	24	92.26896
6	24	92.27982
6	24	92.29156
6	24	92.30205
6	24	92.31225
6	25	92.32324
6	25	92.33342
6	25	92.34447
6	25	92.35412
6	25	92.36385
6	25	92.37489
6	25	92.38591
6	25	92.39732
6	25	92.40813
6	25	92.41996
6	25	92.43078
6	26	92.44207
6	26	92.45318
6	26	92.4651
6	26	92.47778
6	26	92.49153
6	26	92.5023
6	26	92.51261
6	26	92.52298
6	26	92.53295
6	26	92.54333
6	26	92.55803
6	27	92.57124
6	27	92.58559
6	27	92.59637
6	27	92.61093
6	27	92.62435
6	27	92.63487
6	27	92.64555
6	27	92.65553
6	27	92.66579
6	27	92.67615
6	28	92.68665
6	28	92.69834
6	28	92.71012
6	28	92.72324
6	28	92.73629
6	28	92.74782
6	28	92.7591
6	28	92.77097
6	28	92.78316
6	28	92.79592
6	29	92.80902
6	29	92.81953
6	29	92.83139
6	29	92.84535
6	29	92.85822
6	29	92.86932
6	29	92.88197
6	29	92.89924
6	29	92.92145
5	29	92.94389
5	29	92.96662
5	29	92.98931
5	29	93.01134
5	29	93.03374
4	29	93.05558
4	29	93.07745
4	29	93.09998
4	29	93.12251
4	29	93.14553
4	29	93.16721
3	29	93.19155
3	29	93.21252
3	29	93.23431
3	29	93.25679
3	29	93.27889
2	29	93.30199
2	29	93.32397
2	29	93.34716
2	29	93.36821
2	29	93.38195
2	29	93.39211
2	29	93.40237
2	29	93.41255
1	29	93.42416
1	29	93.4353
1	29	93.44609
1	29	93.45968
1	29	93.47216
1	29	93.49001
1	29	93.50111
1	29	93.51511
1	29	93.52826
1	29	93.53872
1	29	93.54935
1	29	93.55999
1	29	93.57132
1	29	93.58221
1	29	93.59288
1	29	93.60342
1	29	93.6132
1	29	93.62395
1	29	93.63376
1	29	93.64437
1	29	93.65539
1	29	93.66541
1	29	93.67706
1	29	93.68774
1	29	93.69808
1	29	93.70854
1	29	93.7187
1	29	93.72913
1	29	93.73965
1	29	93.74921
1	28	93.76176
1	28	93.7744
1	28	93.78716
1	28	93.802
1	28	93.81948
1	28	93.83572
1	28	93.84993
1	28	93.86058
1	28	93.87125
1	27	93.88668
1	27	93.89774
1	27	93.91098
1	27	93.92458
1	27	93.93561
1	27	93.94565
1	27	93.9561
1	27	93.96696
1	27	93.97807
1	27	93.99168
1	26	94.00669
1	26	94.01761
1	26	94.0383
1	26	94.06078
1	26	94.08298
1	26	94.1056
1	25	94.12844
1	25	94.1501
1	25	94.17247
1	25	94.19499
1	25	94.21694
1	25	94.23901
2	25	94.26133
2	25	94.28383
2	25	94.30648
2	25	94.32835
2	25	94.35098
3	25	94.37386
3	25	94.39633
3	25	94.41851
3	25	94.44114
3	25	94.46295
4	25	94.48593
4	25	94.49558
4	25	94.50803
4	25	94.51789
4	25	94.52922
4	25	94.54034
4	25	94.55145
4	25	94.56229
4	25	94.57448
4	25	94.58527
4	25	94.59673
5	25	94.6076
5	25	94.61864
5	25	94.6302
5	25	94.64118
5	25	94.65249
5	25	94.66373
5	25	94.67524
5	25	94.68632
5	25	94.69733
5	25	94.70883
5	25	94.71964
6	25	94.73135
6	25	94.74267
6	25	94.75394
6	25	94.76644
6	25	94.77744
6	25	94.78844
6	25	94.79919
6	25	94.81037
6	25	94.82219
6	25	94.83363
6	25	94.8456
7	25	94.85725
7	25	94.86897
7	25	94.88049
7	25	94.89221
7	25	94.90382
7	25	94.91485
7	25	94.92616
7	25	94.93744
7	25	94.94856
7	25	94.95986
7	25	94.97086
8	25	94.98191
8	25	94.99331
8	25	95.00452
8	25	95.01569
8	25	95.02675
8	25	95.03802
8	25	95.04916
8	25	95.0611
8	25	95.07177
8	25	95.08286
8	25	95.09443
9	25	95.10847
9	25	95.12309
9	25	95.13566
9	25	95.14689
9	25	95.15912
9	25	95.16977
9	25	95.18016
9	25	95.19022
9	25	95.20226
9	25	95.21721
10	25	95.22874
10	25	95.24292
10	25	95.25377
10	25	95.26431
10	25	95.27554
10	25	95.28548
10	25	95.29903
10	25	95.30972
10	25	95.31989
10	25	95.33394
11	25	95.35625
11	25	95.3795
11	25	95.40135
11	25	95.42434
11	25	95.4463
12	25	95.46868
12	25	95.49091
12	25	95.51279
12	25	95.5355
12	25	95.55768
12	25	95.57962
12	26	95.60224
12	26	95.62473
12	26	95.64709
12	26	95.66964
12	26	95.69218
12	27	95.71388
12	27	95.73643
12	27	95.75887
12	27	95.78089
12	27	95.80301
12	27	95.82587
13	27	95.83631
13	27	95.84875
13	27	95.8625
13	27	95.87522
13	27	95.88598
13	27	95.89586
13	27	95.9064
13	27	95.91694
13	27	95.92948
13	27	95.94126
14	27	95.95222
14	27	95.96339
14	27	95.97518
14	27	95.99254
14	27	96.00803
14	27	96.02306
14	27	96.03556
14	27	96.04604
14	27	96.05667
14	27	96.06763
13	27	96.07859
13	27	96.08936
13	27	96.09944
13	27	96.11001
13	27	96.12048
13	27	96.1318
13	27	96.1422
13	27	96.15289
13	27	96.16454
13	27	96.17759
13	27	96.18964
12	27	96.2023
12	27	96.21448
12	27	96.22466
12	27	96.23522
12	27	96.24548
12	27	96.25687
12	27	96.26665
12	27	96.27731
12	27	96.28886
12	27	96.2991
12	27	96.31744
12	27	96.33936
12	27	96.36158
12	27	96.38422
12	27	96.40614
12	27	96.42857
12	27	96.45081
12	27	96.47398
12	27	96.4962
12	27	96.51832
12	27	96.54082
12	27	96.56298
12	28	96.58522
12	28	96.60734
12	28	96.63097
12	28	96.6518
12	28	96.67448
12	28	96.69741
12	29	96.71951
12	29	96.74191
12	29	96.76411
12	29	96.7868
12	29	96.80212
12	29	96.81664
12	29	96.82776
12	29	96.83847
12	29	96.84948
12	29	96.85986
12	29	96.8701
12	29	96.88084
12	29	96.89246
12	29	96.90263
12	29	96.9128
12	29	96.92277
12	29	96.93241
12	29	96.94266
12	29	96.95319
12	29	96.96442
12	29	96.97595
12	29	96.9869
12	29	96.99817
11	29	97.00955
11	29	97.02024
11	29	97.03146
11	29	97.04513
11	29	97.0575
11	29	97.06781
11	29	97.07708
11	29	97.08813
11	29	97.09942
11	29	97.11221
11	29	97.12437
10	29	97.13428
10	29	97.1451
10	29	97.15498
10	29	97.16759
10	29	97.17992
10	29	97.19008
10	29	97.20095
10	29	97.21079
10	29	97.22232
10	29	97.23286
10	29	97.24394
9	29	97.25747
9	29	97.2771
9	29	97.29738
9	29	97.31236
9	29	97.32474
9	29	97.33688
9	29	97.3478
9	29	97.35838
9	29	97.36878
8	29	97.38058
8	29	97.39329
8	29	97.40381
8	29	97.41726
8	29	97.43113
8	29	97.4444
8	29	97.45393
8	29	97.46424
8	29	97.47499
8	29	97.48531
7	29	97.49654
7	29	97.50826
