x	y	time
15	11	0.1076237
15	11	0.1322641
15	11	0.1474414
15	11	0.1599185
15	11	0.1716958
15	11	0.1837524
15	11	0.1951473
15	11	0.207173
15	11	0.2297661
15	11	0.251702
15	11	0.2742287
15	11	0.3021087
15	11	0.319418
15	11	0.3409716
15	11	0.363164
15	11	0.3856191
15	11	0.4079391
15	11	0.4306361
15	11	0.4583195
15	11	0.4759918
15	11	0.497639
15	11	0.5205144
15	11	0.5423898
15	11	0.5649807
15	11	0.5877742
15	11	0.6145911
15	11	0.632079
15	11	0.6547471
15	11	0.676477
15	11	0.6995808
15	11	0.7220861
15	11	0.7408914
15	11	0.7601521
15	11	0.7723791
15	11	0.7852649
15	11	0.7980397
15	11	0.8112956
15	11	0.8251091
15	11	0.8381122
15	11	0.8507133
15	11	0.8642436
15	11	0.87683
15	11	0.8913245
15	11	0.9145613
15	11	0.9288474
15	11	0.9435615
15	11	0.9585076
15	11	0.9737811
15	11	0.9888203
15	11	1.004714
15	11	1.020645
15	11	1.034706
15	11	1.048822
15	11	1.068512
15	11	1.081505
15	11	1.093326
15	11	1.106508
15	11	1.11911
15	11	1.13373
15	11	1.155987
15	11	1.178693
15	11	1.201465
15	11	1.2294
15	11	1.245897
15	11	1.269273
15	11	1.291041
15	11	1.312895
15	11	1.335394
15	11	1.358199
15	11	1.385904
15	11	1.402945
15	11	1.425133
15	11	1.447585
15	11	1.469755
15	11	1.492119
15	11	1.514994
15	11	1.546029
15	11	1.565172
15	11	1.57968
15	11	1.593704
15	11	1.60738
15	11	1.619465
15	11	1.632199
15	11	1.644929
15	11	1.658239
15	11	1.67102
15	11	1.690585
15	11	1.703024
15	11	1.715539
15	11	1.728057
15	11	1.742344
15	11	1.754751
15	11	1.767575
15	11	1.780374
15	11	1.793798
15	11	1.807371
15	11	1.820521
15	11	1.83403
15	11	1.873909
15	11	1.889467
15	11	1.903688
15	11	1.916133
15	11	1.928833
15	11	1.941323
15	11	1.961102
15	11	1.983538
15	11	2.006587
15	11	2.033243
15	11	2.050593
15	11	2.072989
15	11	2.095485
15	11	2.11811
15	11	2.139908
15	11	2.163074
15	11	2.192983
15	11	2.208466
15	11	2.229326
15	11	2.252379
15	11	2.274014
15	11	2.296944
15	11	2.319947
15	11	2.346818
15	11	2.363477
15	11	2.385749
15	11	2.398754
15	11	2.411721
15	11	2.42556
15	11	2.439311
15	11	2.452014
15	11	2.464633
15	11	2.477071
15	11	2.49634
15	11	2.509402
15	11	2.522151
15	11	2.535159
15	11	2.547666
15	11	2.559924
15	11	2.572469
15	11	2.585478
15	11	2.597306
15	11	2.610289
15	11	2.623715
15	11	2.637444
15	11	2.656441
15	11	2.670209
15	11	2.683059
15	11	2.695484
15	11	2.707825
15	11	2.719818
15	11	2.732163
15	11	2.755913
15	11	2.777505
15	11	2.798907
15	11	2.826355
15	11	2.84347
15	11	2.866031
15	11	2.889698
15	11	2.911324
15	11	2.93313
15	11	2.956067
15	11	2.983687
15	11	3.000082
15	11	3.023753
15	11	3.044927
15	11	3.066896
15	11	3.090085
15	11	3.111308
15	11	3.139284
15	11	3.156487
15	11	3.1786
15	11	3.200379
15	11	3.222892
15	11	3.235796
15	11	3.24876
15	11	3.264381
15	11	3.286045
15	11	3.299801
15	11	3.311892
15	11	3.324576
15	11	3.336979
15	11	3.355097
15	11	3.367116
15	11	3.379797
15	11	3.392918
15	11	3.405137
15	11	3.418731
15	11	3.437417
15	11	3.451196
16	11	3.465111
16	11	3.477994
16	11	3.49201
16	11	3.507289
16	11	3.523728
16	11	3.536783
16	11	3.548571
16	11	3.560553
17	11	3.584047
17	11	3.611302
17	11	3.629112
17	11	3.651089
17	11	3.669836
17	11	3.692079
18	11	3.714537
18	11	3.737718
18	11	3.766925
18	11	3.784641
18	11	3.804868
19	11	3.826312
19	11	3.849939
19	11	3.874483
19	11	3.899088
19	11	3.927087
20	11	3.94507
20	11	3.961746
20	11	3.984521
20	11	4.006902
20	11	4.029165
20	11	4.050791
21	11	4.080756
21	11	4.097371
21	11	4.112204
21	11	4.126041
21	11	4.140575
21	11	4.154288
21	11	4.166332
21	11	4.179109
22	11	4.192377
22	11	4.205405
22	11	4.229021
22	11	4.243902
22	11	4.256481
22	11	4.269475
22	11	4.281533
22	11	4.293914
22	11	4.306146
23	11	4.318737
23	11	4.33061
23	11	4.344943
23	11	4.360979
23	11	4.383606
23	11	4.400445
23	11	4.412843
23	11	4.424747
24	11	4.440501
24	11	4.462592
24	11	4.485713
24	11	4.510386
24	11	4.532968
25	11	4.560925
25	11	4.57835
25	11	4.59735
25	11	4.629061
25	11	4.644975
25	11	4.663469
25	12	4.686534
25	12	4.717595
25	12	4.737693
25	12	4.755947
25	12	4.775482
25	12	4.798567
25	13	4.821946
25	13	4.844281
25	13	4.873905
25	13	4.893101
25	13	4.909971
25	14	4.92237
25	14	4.934871
25	14	4.948713
25	14	4.963344
25	14	4.978827
25	14	4.998791
25	14	5.02547
25	14	5.044144
25	13	5.058971
25	13	5.071417
25	13	5.084287
25	13	5.096745
25	13	5.108965
25	13	5.12184
25	13	5.133946
25	13	5.146803
25	13	5.16081
25	12	5.180235
25	12	5.193196
25	12	5.205957
25	12	5.218701
25	12	5.230538
25	12	5.243042
25	12	5.255864
25	12	5.267932
25	12	5.280134
25	11	5.300169
25	11	5.324003
25	11	5.351443
25	11	5.367919
25	11	5.390115
25	11	5.412778
25	11	5.434094
25	11	5.45705
25	11	5.479676
25	11	5.506759
25	11	5.524358
25	11	5.546696
25	11	5.56881
25	11	5.596245
25	11	5.61559
25	11	5.637627
25	11	5.665025
26	11	5.681037
26	11	5.702021
26	11	5.726131
26	11	5.749309
26	11	5.772141
26	11	5.784266
26	11	5.79761
27	11	5.819119
27	11	5.835647
27	11	5.851039
27	11	5.864129
27	11	5.877429
27	11	5.891841
27	11	5.905028
27	11	5.916736
27	11	5.929572
27	11	5.946587
27	11	5.960977
27	11	5.982581
27	11	5.99771
27	11	6.01007
27	11	6.022256
27	11	6.035089
27	11	6.047891
27	11	6.061446
27	11	6.074326
27	11	6.088005
27	11	6.100074
27	11	6.113782
27	11	6.137831
27	11	6.151728
27	10	6.165929
27	10	6.180357
27	10	6.195559
27	10	6.219047
27	10	6.241182
27	10	6.261613
27	9	6.284237
27	9	6.314342
27	9	6.333208
27	9	6.354174
27	9	6.374129
27	9	6.395384
27	8	6.417955
27	8	6.440596
27	8	6.469782
27	8	6.487746
27	8	6.507376
27	8	6.529491
27	8	6.551667
27	8	6.57448
27	8	6.596854
27	8	6.616016
27	8	6.629513
27	8	6.641791
27	8	6.653733
27	8	6.665772
27	8	6.679657
27	8	6.694572
27	8	6.709305
27	8	6.722725
27	8	6.735454
27	8	6.747667
27	8	6.766006
26	8	6.777922
26	8	6.790823
26	8	6.804435
26	8	6.819571
26	8	6.834356
26	8	6.847556
26	8	6.860565
26	8	6.872378
26	8	6.885756
26	8	6.899569
25	8	6.921259
25	8	6.937369
25	8	6.952789
25	8	6.964808
25	8	6.978026
25	8	6.998149
25	8	7.020568
25	8	7.042841
25	8	7.065681
25	8	7.096202
25	8	7.113384
25	8	7.133147
26	8	7.156192
26	8	7.177329
26	8	7.199728
26	8	7.222627
26	8	7.249382
26	8	7.266406
27	8	7.29041
27	8	7.312536
27	8	7.333931
27	8	7.355519
27	8	7.378507
27	8	7.407267
27	8	7.424685
27	8	7.437541
27	8	7.449929
27	8	7.462754
27	8	7.47435
27	8	7.486876
27	8	7.499203
27	8	7.511616
27	8	7.525246
27	8	7.537486
27	8	7.556175
27	8	7.56861
27	8	7.580961
27	8	7.593723
27	8	7.606104
27	8	7.623942
27	8	7.636061
27	8	7.649702
27	8	7.662316
27	8	7.674866
27	8	7.687208
27	8	7.699573
27	8	7.718588
27	8	7.731531
27	8	7.744208
26	8	7.757333
26	8	7.770136
26	8	7.782161
26	8	7.794917
26	8	7.815385
26	8	7.837556
26	8	7.860913
25	8	7.888327
25	8	7.904629
25	8	7.92642
25	8	7.948306
25	8	7.970381
25	8	7.99389
25	8	8.016526
25	8	8.045703
25	8	8.061123
25	8	8.083067
25	8	8.104696
25	8	8.126683
25	7	8.148998
25	7	8.171901
25	7	8.200178
25	7	8.218939
25	7	8.241427
25	7	8.261144
25	6	8.283209
25	6	8.296607
25	6	8.310982
25	6	8.326516
25	6	8.350595
25	6	8.369143
25	6	8.382801
25	5	8.395273
25	5	8.408253
25	5	8.423543
25	5	8.43946
25	5	8.455241
25	5	8.468206
25	5	8.486576
25	5	8.508577
26	5	8.52443
26	5	8.538541
26	5	8.554505
26	5	8.569515
26	5	8.582433
26	5	8.595347
26	5	8.60774
26	5	8.620133
27	5	8.633365
27	5	8.645792
27	5	8.665908
27	5	8.681536
27	5	8.696854
27	5	8.718801
27	5	8.741177
27	5	8.763315
27	5	8.785163
27	5	8.808351
27	5	8.838835
27	4	8.856125
27	4	8.875379
27	4	8.897672
27	4	8.92251
27	4	8.944364
27	4	8.965398
27	3	8.995217
27	3	9.016435
27	3	9.036269
27	3	9.054693
27	3	9.077558
27	2	9.100573
27	2	9.12171
27	2	9.154602
27	2	9.173789
27	2	9.187675
27	2	9.201214
27	2	9.214171
27	2	9.226415
27	2	9.238607
27	2	9.251352
27	2	9.263629
27	2	9.27662
27	2	9.298429
27	2	9.313095
27	2	9.32569
27	2	9.338166
27	2	9.349962
27	2	9.362323
27	2	9.374619
27	2	9.387381
27	2	9.399576
27	2	9.411943
27	2	9.424847
27	2	9.437641
27	2	9.456001
27	2	9.467975
27	2	9.480101
27	2	9.492191
27	2	9.511834
27	2	9.533049
27	2	9.556342
27	2	9.578343
27	2	9.60083
27	2	9.628956
27	2	9.64966
27	2	9.667502
27	2	9.690145
27	2	9.712883
27	2	9.734617
27	2	9.757688
27	2	9.790641
27	2	9.80443
27	2	9.823982
27	2	9.846483
27	2	9.868521
27	2	9.891775
27	2	9.913597
27	2	9.944017
27	2	9.959864
27	2	9.982075
27	2	10.00308
27	2	10.01722
27	2	10.03039
27	2	10.04295
27	2	10.05581
27	2	10.06843
27	2	10.08889
26	2	10.10459
26	2	10.12189
26	2	10.1386
26	2	10.15456
26	2	10.16718
26	2	10.18084
26	2	10.19357
26	2	10.20558
25	2	10.21901
25	2	10.24095
25	2	10.25759
25	2	10.2722
25	2	10.28508
25	2	10.29793
25	2	10.31041
25	2	10.32498
24	2	10.33808
24	2	10.34989
24	2	10.36292
24	2	10.38519
24	2	10.41461
24	2	10.43059
24	2	10.44985
23	2	10.47205
23	2	10.49489
23	2	10.51948
23	2	10.54243
23	2	10.56975
22	2	10.58771
22	2	10.60616
22	2	10.6293
22	2	10.65369
22	2	10.67489
22	2	10.69557
22	3	10.72805
22	3	10.7478
22	3	10.76804
22	3	10.78509
22	3	10.80754
22	4	10.82991
22	4	10.8528
22	4	10.88443
22	4	10.90199
22	4	10.91563
22	4	10.92803
22	4	10.93989
22	5	10.95288
22	5	10.96525
22	5	10.97835
22	5	10.99463
22	5	11.00979
22	5	11.03231
22	5	11.04936
22	5	11.06245
22	6	11.08038
22	6	11.09431
22	6	11.10935
22	6	11.12588
22	6	11.13952
22	6	11.15183
22	6	11.16467
22	6	11.18562
22	7	11.20027
22	7	11.21403
22	7	11.23144
22	7	11.24837
22	7	11.26225
22	7	11.27387
22	7	11.28747
22	7	11.30977
22	8	11.33247
22	8	11.36363
22	8	11.3816
22	8	11.39981
22	8	11.42219
22	9	11.444
22	9	11.46635
22	9	11.48942
22	9	11.51953
22	9	11.53746
22	10	11.55597
22	10	11.57802
22	10	11.60102
22	10	11.6253
22	10	11.6472
22	11	11.68002
22	11	11.69626
22	11	11.71212
22	11	11.73477
22	11	11.74699
22	11	11.76074
22	11	11.77298
22	11	11.78631
22	10	11.80114
22	10	11.8242
22	10	11.83921
22	10	11.85484
22	10	11.86932
22	10	11.88385
22	10	11.89957
22	10	11.91118
22	9	11.92487
22	9	11.9372
22	9	11.95029
22	9	11.96364
22	9	11.98187
22	9	11.99494
22	9	12.00684
22	9	12.01905
22	9	12.032
22	8	12.04446
22	8	12.05723
22	8	12.06922
22	8	12.08198
22	8	12.10275
22	8	12.12563
22	8	12.15262
22	7	12.16995
22	7	12.19241
22	7	12.21463
22	7	12.23692
22	7	12.25932
22	7	12.28222
22	6	12.30988
22	6	12.32676
22	6	12.34901
22	6	12.37059
22	6	12.39362
22	5	12.41615
22	5	12.43903
22	5	12.46824
22	5	12.48389
22	5	12.50515
22	5	12.52796
23	5	12.55019
23	5	12.57349
23	5	12.59844
23	5	12.62224
23	5	12.63842
23	5	12.65083
24	5	12.66346
24	5	12.67548
24	5	12.68884
24	5	12.70461
24	5	12.71964
24	5	12.73213
24	5	12.74582
24	5	12.76723
25	5	12.78901
25	5	12.80434
25	5	12.81685
25	5	12.82952
25	5	12.84233
25	5	12.85504
25	5	12.86714
25	5	12.87946
25	5	12.89355
26	5	12.90532
26	5	12.91869
26	5	12.9376
26	5	12.95052
26	5	12.96408
26	5	12.97875
26	5	12.9933
26	5	13.0086
27	5	13.03102
27	5	13.05232
27	5	13.07456
27	5	13.10307
27	5	13.11989
27	5	13.14097
26	5	13.16364
26	5	13.18626
26	5	13.20873
26	5	13.23179
26	5	13.26085
25	5	13.2777
25	5	13.29871
25	5	13.321
25	5	13.34343
25	5	13.36472
25	5	13.3875
24	5	13.41461
24	5	13.43221
24	5	13.45505
24	5	13.46755
24	5	13.48048
24	5	13.49228
24	5	13.50516
23	5	13.51887
23	5	13.53603
23	5	13.55236
23	5	13.57304
23	5	13.5864
23	5	13.59855
23	5	13.61113
23	5	13.6239
22	5	13.63705
22	5	13.64989
22	5	13.66212
22	5	13.67932
22	5	13.69229
22	5	13.7089
22	5	13.72821
22	5	13.73992
22	5	13.75225
22	5	13.7648
22	5	13.7781
22	5	13.79061
22	5	13.80445
22	5	13.82315
22	5	13.84597
22	5	13.86759
23	5	13.89653
23	5	13.9128
23	5	13.93479
23	5	13.95642
23	5	13.97968
23	5	14.00163
24	5	14.02381
24	5	14.05204
24	5	14.06863
24	5	14.09094
24	5	14.1131
25	5	14.1374
25	5	14.16055
25	5	14.18178
25	5	14.20969
25	5	14.22626
25	5	14.24778
26	5	14.27003
26	5	14.29247
26	5	14.31471
26	5	14.3284
26	5	14.34131
26	5	14.36007
26	5	14.37306
27	5	14.38583
27	5	14.39825
27	5	14.41042
27	5	14.42339
27	5	14.43631
27	5	14.44892
27	5	14.46163
27	5	14.47382
27	5	14.48812
26	5	14.50121
26	5	14.51973
26	5	14.53262
26	5	14.54493
26	5	14.55845
26	5	14.57098
26	5	14.58403
26	5	14.59647
26	5	14.60843
26	5	14.62147
25	5	14.63377
25	5	14.64621
25	5	14.65886
25	5	14.6827
25	5	14.69729
25	5	14.7176
25	5	14.73868
24	5	14.76054
24	5	14.78368
24	5	14.80598
24	5	14.82821
24	5	14.85664
23	5	14.87307
23	5	14.89592
23	5	14.91842
23	5	14.94059
23	5	14.96313
23	5	14.98554
22	5	15.01447
22	5	15.03083
22	5	15.05221
22	5	15.07444
22	5	15.09741
22	5	15.11987
22	5	15.13246
22	5	15.14632
22	5	15.16704
22	5	15.18228
22	5	15.19555
22	5	15.20893
22	5	15.22392
22	5	15.23944
22	5	15.25263
22	4	15.26575
22	4	15.28017
22	4	15.2949
22	4	15.30804
22	4	15.33033
22	4	15.34338
22	4	15.35701
22	4	15.37076
22	3	15.38375
22	3	15.39671
22	3	15.40947
22	3	15.42319
22	3	15.43695
22	3	15.45055
22	3	15.46447
22	3	15.48534
22	3	15.49902
22	2	15.51177
22	2	15.52546
22	2	15.54344
22	2	15.56556
22	2	15.58833
22	2	15.61039
22	2	15.63454
22	2	15.66283
22	2	15.67854
22	2	15.70098
21	2	15.72373
21	2	15.74696
21	2	15.76955
21	2	15.79532
21	2	15.82367
21	2	15.84223
20	2	15.85889
20	2	15.88126
20	2	15.90561
20	2	15.92665
20	2	15.94692
19	2	15.97908
19	2	15.99864
19	2	16.01505
19	2	16.02972
19	2	16.04305
19	2	16.05632
19	2	16.07013
19	2	16.08408
18	2	16.09841
18	2	16.12372
18	2	16.14185
18	2	16.15799
18	2	16.17211
18	2	16.18699
18	2	16.20121
17	2	16.21472
17	2	16.22872
17	2	16.24429
17	2	16.2613
17	2	16.29177
17	2	16.30853
17	2	16.32301
16	2	16.33744
16	2	16.35246
16	2	16.36852
16	2	16.38478
16	2	16.40055
16	2	16.41652
16	2	16.44636
15	2	16.46428
15	2	16.48236
15	2	16.50511
15	2	16.52912
15	2	16.55268
15	2	16.57219
14	2	16.60263
14	2	16.62066
14	2	16.64169
14	2	16.66037
14	2	16.68296
13	2	16.70534
13	2	16.72779
13	2	16.75977
13	2	16.77723
13	2	16.79452
13	2	16.8173
14	2	16.84002
14	2	16.86172
14	2	16.87421
14	2	16.89041
14	2	16.91467
14	2	16.93087
14	2	16.9442
15	2	16.95751
15	2	16.97075
15	2	16.98482
15	2	16.99884
15	2	17.01408
15	2	17.02865
15	2	17.04206
15	2	17.0642
16	2	17.07772
16	2	17.0899
16	2	17.10189
16	2	17.11363
16	2	17.12677
16	2	17.13979
16	2	17.15347
16	2	17.16559
16	2	17.17765
17	2	17.19038
17	2	17.20493
17	2	17.22334
17	2	17.23519
17	2	17.24771
17	2	17.26337
17	2	17.2856
17	2	17.30737
18	2	17.32998
18	2	17.35252
18	2	17.37498
18	2	17.40231
18	2	17.4199
19	2	17.44155
19	2	17.46449
19	2	17.48642
19	2	17.50931
19	2	17.53171
20	2	17.56144
20	2	17.57771
20	2	17.59983
20	2	17.62108
20	2	17.64775
20	2	17.66515
21	2	17.68792
21	2	17.70593
21	2	17.71963
21	2	17.73197
21	2	17.74396
21	2	17.75812
21	2	17.77463
21	2	17.78697
22	2	17.80015
22	2	17.81252
22	2	17.82574
22	2	17.83938
22	2	17.8576
22	2	17.87012
22	2	17.88245
22	2	17.89726
22	2	17.90937
22	2	17.92142
23	2	17.93386
23	2	17.94683
23	2	17.95939
23	2	17.97185
23	2	17.98369
23	2	17.99658
23	2	18.01646
23	2	18.02998
23	2	18.0428
24	2	18.05467
24	2	18.06782
24	2	18.09017
24	2	18.112
24	2	18.13692
24	2	18.15812
25	2	18.18684
25	2	18.20268
25	2	18.22718
25	2	18.24602
25	2	18.26875
26	2	18.29062
26	2	18.3129
26	2	18.34079
26	2	18.35817
26	2	18.38029
26	2	18.40247
27	2	18.42522
27	2	18.4481
27	2	18.47099
27	2	18.49837
27	2	18.51485
27	2	18.53748
27	2	18.55031
27	2	18.56336
27	2	18.57629
27	2	18.59008
27	2	18.60373
27	2	18.61644
27	2	18.6311
27	2	18.65418
26	2	18.66973
26	2	18.68439
26	2	18.6992
26	2	18.7135
26	2	18.72679
26	2	18.73963
26	2	18.75331
26	2	18.76802
26	2	18.78116
25	2	18.80232
25	2	18.81575
25	2	18.82866
25	2	18.84206
25	2	18.85591
25	2	18.87473
25	2	18.8894
25	2	18.90328
24	2	18.91578
24	2	18.92849
24	2	18.95134
24	2	18.97803
24	2	18.9954
24	2	19.0171
23	2	19.03969
23	2	19.06181
23	2	19.08521
23	2	19.10649
23	2	19.13528
23	2	19.15221
22	2	19.17433
22	2	19.19582
22	2	19.21949
22	2	19.24063
22	2	19.26346
21	2	19.2933
21	2	19.3102
21	2	19.32967
21	2	19.35335
21	2	19.37499
21	2	19.39712
20	2	19.40986
20	2	19.42388
20	2	19.44346
20	2	19.45787
20	2	19.47147
20	2	19.48488
20	2	19.49797
20	2	19.51123
19	2	19.5253
19	2	19.53834
19	2	19.55133
19	2	19.56348
19	2	19.57667
19	2	19.5963
19	2	19.60954
19	2	19.62269
19	2	19.63602
18	2	19.64819
18	2	19.66204
18	2	19.67601
18	2	19.69032
18	2	19.7044
18	2	19.71729
18	2	19.72993
18	2	19.74804
18	2	19.76216
17	2	19.77834
17	2	19.80101
17	2	19.82437
17	2	19.84447
17	2	19.86757
16	2	19.8901
16	2	19.91757
16	2	19.93431
16	2	19.95589
16	2	19.97851
16	2	20.00037
16	3	20.02286
16	3	20.04629
16	3	20.07669
16	3	20.09447
16	3	20.11213
16	4	20.13409
16	4	20.15601
16	4	20.17836
16	4	20.20321
16	4	20.22468
16	4	20.24717
16	5	20.25944
16	5	20.27195
16	5	20.28632
16	5	20.30151
16	5	20.31772
16	5	20.33043
16	5	20.34364
16	5	20.35639
17	5	20.37898
17	5	20.39427
17	5	20.40673
17	5	20.42429
17	5	20.44109
17	5	20.45515
17	5	20.46904
17	5	20.48227
17	5	20.49554
18	5	20.50855
18	5	20.53128
18	5	20.54655
18	5	20.56189
18	5	20.57495
18	5	20.58663
18	5	20.59796
18	5	20.61384
19	5	20.63663
19	5	20.65987
19	5	20.69019
19	5	20.70679
19	5	20.72569
19	6	20.74763
19	6	20.77024
19	6	20.79391
19	6	20.8176
19	6	20.84613
19	6	20.86386
19	7	20.88271
19	7	20.90568
19	7	20.92922
19	7	20.95148
19	7	20.97286
19	8	21.00529
19	8	21.02445
19	8	21.04229
19	8	21.05771
19	8	21.07139
19	8	21.08505
19	8	21.0986
19	8	21.11209
19	8	21.12632
19	8	21.15047
19	8	21.16688
19	8	21.18082
19	8	21.19407
19	8	21.20778
19	8	21.22223
19	8	21.23715
19	8	21.25138
19	8	21.26401
19	8	21.27699
20	8	21.29587
20	8	21.30841
20	8	21.32241
20	8	21.33832
20	8	21.35386
20	8	21.36658
20	8	21.37935
20	8	21.39274
20	8	21.40472
21	8	21.41865
21	8	21.44033
21	8	21.47659
21	8	21.49324
21	8	21.50824
21	8	21.52978
22	8	21.55269
22	8	21.57457
22	8	21.59694
22	8	21.62778
22	8	21.64516
22	8	21.66441
22	8	21.68678
21	8	21.70829
21	8	21.73095
21	8	21.7541
21	8	21.7815
21	8	21.79938
20	8	21.82371
20	8	21.84304
20	8	21.86588
20	8	21.88919
20	8	21.90219
20	8	21.91533
20	8	21.93486
19	8	21.94699
19	8	21.96001
19	8	21.97427
19	8	21.98735
19	8	21.99971
19	8	22.01184
19	8	22.0249
19	8	22.03699
19	8	22.04882
19	8	22.06138
18	8	22.07586
18	8	22.09619
18	8	22.1118
18	8	22.13078
18	8	22.14792
18	8	22.1619
18	8	22.17297
18	8	22.18557
17	8	22.19794
17	8	22.21004
17	8	22.22242
17	8	22.23764
17	8	22.26667
17	8	22.28209
17	8	22.30118
16	8	22.32271
16	8	22.34559
16	8	22.36974
16	8	22.39314
16	8	22.42157
16	8	22.43926
16	8	22.45802
16	9	22.47942
16	9	22.50282
16	9	22.52515
16	9	22.54931
16	9	22.57699
16	9	22.59575
16	10	22.61342
16	10	22.63594
16	10	22.66094
16	10	22.68327
16	10	22.70641
16	11	22.73611
16	11	22.7532
16	11	22.76608
16	11	22.77948
16	11	22.79353
16	11	22.80787
16	11	22.82757
16	11	22.8405
17	11	22.85466
17	11	22.86873
17	11	22.89213
17	11	22.90625
17	11	22.92028
17	11	22.93436
17	11	22.94874
17	11	22.96443
18	11	22.97877
18	11	22.9944
18	11	23.00881
18	11	23.02257
18	11	23.0415
18	11	23.05471
18	11	23.06789
18	11	23.08042
19	11	23.09238
19	11	23.10489
19	11	23.12695
19	11	23.14947
19	11	23.17203
19	11	23.19434
20	11	23.22233
20	11	23.23931
20	11	23.26299
20	11	23.28547
20	11	23.30627
20	11	23.32913
21	11	23.35119
21	11	23.37996
21	11	23.39663
21	11	23.41801
21	11	23.43978
22	11	23.46225
22	11	23.48496
22	11	23.5075
22	11	23.53475
22	11	23.55219
22	11	23.57385
22	12	23.59614
22	12	23.61933
22	12	23.63429
22	12	23.6509
22	12	23.68491
22	13	23.70747
22	13	23.72472
22	13	23.73874
22	13	23.75481
22	13	23.77007
22	13	23.78337
22	13	23.79727
22	13	23.81299
22	14	23.82934
22	14	23.84652
22	14	23.8728
22	14	23.89109
22	14	23.90403
22	14	23.91706
22	14	23.93027
22	14	23.94254
22	15	23.95566
22	15	23.96949
22	15	23.98482
22	15	24.00025
22	15	24.02278
22	15	24.03843
22	15	24.05063
22	15	24.06303
22	16	24.07734
22	16	24.09858
22	16	24.12753
22	16	24.14657
22	16	24.16811
22	17	24.19693
22	17	24.21407
22	17	24.23306
22	17	24.25842
22	17	24.28065
22	17	24.29968
23	17	24.32445
23	17	24.35507
23	17	24.37157
23	17	24.39
23	17	24.41139
24	17	24.43343
24	17	24.45881
24	17	24.48124
24	17	24.51094
24	17	24.52829
24	17	24.54153
24	17	24.55536
25	17	24.5687
25	17	24.58304
25	17	24.59968
25	17	24.61574
25	17	24.62973
25	17	24.64284
25	17	24.66558
26	17	24.68104
26	17	24.69376
26	17	24.7078
26	17	24.72244
26	17	24.73738
26	17	24.74925
26	17	24.76321
26	17	24.77591
26	17	24.7877
27	17	24.801
27	17	24.82409
27	17	24.83983
27	17	24.85498
27	17	24.86694
27	17	24.87848
27	17	24.89282
27	17	24.91467
27	16	24.93691
27	16	24.96022
27	16	24.99117
27	16	25.0077
27	16	25.02584
27	15	25.04801
27	15	25.07246
27	15	25.09479
27	15	25.11849
27	15	25.14637
27	15	25.16316
27	14	25.18326
27	14	25.20562
27	14	25.23081
27	14	25.25176
27	14	25.27299
27	14	25.30401
27	14	25.31996
27	14	25.33884
27	14	25.36125
27	14	25.37319
26	14	25.38589
26	14	25.39907
26	14	25.41225
26	14	25.42888
26	14	25.45601
26	14	25.47173
26	14	25.48433
26	14	25.49649
25	14	25.50966
25	14	25.52206
25	14	25.53452
25	14	25.54633
25	14	25.56066
25	14	25.57411
25	14	25.58709
25	14	25.60494
25	14	25.61732
25	14	25.62951
25	14	25.64231
25	14	25.65528
25	14	25.66769
25	14	25.67993
25	14	25.69186
25	14	25.70376
25	14	25.71604
25	14	25.7289
25	14	25.74253
25	14	25.76792
25	14	25.78589
25	14	25.80788
26	14	25.83145
26	14	25.85658
26	14	25.8773
26	14	25.89922
26	14	25.92665
26	14	25.9417
27	14	25.96399
27	14	25.98655
27	14	26.00857
27	14	26.03055
27	14	26.05353
27	14	26.08204
27	14	26.09935
27	15	26.12128
27	15	26.14297
27	15	26.16699
27	15	26.18885
27	15	26.21173
27	15	26.23252
27	16	26.2462
27	16	26.26054
27	16	26.27346
27	16	26.28515
27	16	26.29788
27	16	26.31216
27	16	26.32474
27	16	26.33698
27	16	26.34901
27	17	26.36262
27	17	26.38127
27	17	26.3954
27	17	26.40702
27	17	26.41902
27	17	26.43204
27	17	26.44679
27	17	26.45905
27	17	26.47133
27	18	26.48306
27	18	26.49505
27	18	26.50774
27	18	26.52336
27	18	26.54427
27	18	26.5594
27	18	26.57173
27	18	26.58331
27	18	26.59514
27	19	26.61169
27	19	26.63462
27	19	26.65883
27	19	26.68282
27	19	26.71065
27	20	26.72971
27	20	26.74738
27	20	26.76966
27	20	26.79611
27	20	26.81696
27	20	26.83679
26	20	26.86757
26	20	26.88667
26	20	26.90715
26	20	26.92563
26	20	26.94724
25	20	26.96929
25	20	26.99225
25	20	27.02438
25	20	27.04059
25	20	27.05911
25	20	27.07162
25	20	27.08469
25	20	27.09842
25	20	27.1109
25	20	27.12404
25	20	27.13676
25	20	27.15029
25	21	27.17476
25	21	27.19327
25	21	27.2108
25	21	27.22347
25	21	27.23699
25	21	27.24995
25	21	27.26344
25	21	27.2773
25	22	27.29096
25	22	27.30528
25	22	27.33162
25	22	27.34837
25	22	27.36262
25	22	27.37574
25	22	27.38933
25	23	27.40251
25	23	27.4155
25	23	27.42915
25	23	27.44587
25	23	27.4651
25	23	27.49332
25	23	27.51076
26	23	27.52941
26	23	27.5517
26	23	27.57452
26	23	27.59877
26	23	27.62152
27	23	27.65241
27	23	27.67023
27	23	27.68671
27	23	27.71003
27	23	27.73253
27	23	27.75204
27	23	27.77526
27	24	27.80631
27	24	27.82471
27	24	27.84563
27	24	27.86711
27	24	27.89078
27	24	27.90503
27	25	27.91804
27	25	27.93153
27	25	27.9558
27	25	27.97313
27	25	27.99158
27	25	28.00489
27	25	28.01817
27	25	28.0308
27	26	28.04491
27	26	28.05946
27	26	28.07523
27	26	28.09139
27	26	28.11614
27	26	28.13185
27	26	28.14491
27	27	28.15786
27	27	28.171
27	27	28.1855
27	27	28.20134
27	27	28.21767
27	27	28.23067
27	27	28.24331
27	27	28.26667
27	28	28.28181
27	28	28.29508
27	28	28.3081
27	28	28.32587
27	28	28.3477
27	28	28.36649
27	28	28.38852
27	29	28.41285
27	29	28.4451
27	29	28.46324
27	29	28.47872
27	29	28.50052
27	30	28.52326
27	30	28.54454
27	30	28.56851
27	30	28.59929
27	30	28.61608
27	30	28.63463
27	30	28.65715
26	30	28.67943
26	30	28.70161
26	30	28.72511
26	30	28.75538
26	30	28.77133
26	30	28.78604
25	30	28.8002
25	30	28.81421
25	30	28.82892
25	30	28.84576
25	30	28.86258
25	30	28.87616
25	30	28.90093
25	30	28.91728
24	30	28.93018
24	30	28.94356
24	30	28.95673
24	30	28.9735
24	30	28.99051
24	30	29.00308
24	30	29.01537
24	30	29.02827
23	30	29.0488
23	30	29.06377
23	30	29.07618
23	30	29.09215
23	30	29.10888
23	30	29.12486
23	30	29.13753
23	30	29.14927
23	30	29.16121
22	30	29.18107
22	30	29.21167
22	30	29.23174
22	30	29.24884
22	30	29.27088
21	30	29.29372
21	30	29.31612
21	30	29.33923
21	30	29.36818
21	30	29.38508
21	30	29.40548
20	30	29.42717
20	30	29.45058
20	30	29.47424
20	30	29.49724
20	30	29.5266
19	30	29.54342
19	30	29.56242
19	30	29.58668
19	30	29.61042
19	30	29.63179
19	30	29.64559
18	30	29.65976
18	30	29.68112
18	30	29.69734
18	30	29.71367
18	30	29.7265
18	30	29.73827
18	30	29.75035
18	30	29.76308
18	30	29.77474
17	30	29.78715
17	30	29.79997
17	30	29.81303
17	30	29.83422
17	30	29.84977
17	30	29.86209
17	30	29.87501
17	30	29.89137
16	30	29.90442
16	30	29.92064
16	30	29.93342
16	30	29.94887
16	30	29.96394
16	30	29.98455
16	30	29.99953
16	30	30.01124
16	29	30.02363
16	29	30.04115
16	29	30.06392
16	29	30.08844
16	29	30.11162
16	29	30.1317
16	28	30.16501
16	28	30.18315
16	28	30.20288
16	28	30.22223
16	28	30.24263
16	28	30.26507
16	27	30.28782
16	27	30.31752
16	27	30.33426
16	27	30.35398
16	27	30.37621
16	26	30.39868
16	26	30.42101
16	26	30.44411
16	26	30.4748
16	26	30.49131
16	26	30.50471
17	26	30.51723
17	26	30.52942
17	26	30.54259
17	26	30.56218
17	26	30.57783
17	26	30.59029
17	26	30.60216
17	26	30.62408
18	26	30.63877
18	26	30.65008
18	26	30.66377
18	26	30.67937
18	26	30.69898
18	26	30.71205
18	26	30.72418
18	26	30.73709
18	26	30.74934
19	26	30.7616
19	26	30.78188
19	26	30.79855
19	26	30.81339
19	26	30.82548
19	26	30.83751
19	26	30.85603
20	26	30.87903
20	26	30.90126
20	26	30.9247
20	26	30.95469
20	26	30.97149
20	26	30.99137
21	26	31.01336
21	26	31.03576
21	26	31.0607
21	26	31.08353
21	26	31.11064
22	26	31.1294
22	26	31.14748
22	26	31.17028
22	26	31.19429
22	26	31.2171
22	26	31.23696
23	26	31.26686
23	26	31.2844
23	26	31.30659
23	26	31.3273
23	26	31.3407
23	26	31.35375
23	26	31.36655
24	26	31.38034
24	26	31.39377
24	26	31.41574
24	26	31.43088
24	26	31.44252
24	26	31.45484
24	26	31.46639
24	26	31.47884
25	26	31.49122
25	26	31.50332
25	26	31.51592
25	26	31.53018
25	26	31.54491
25	26	31.56621
25	26	31.58193
25	26	31.59432
25	26	31.60592
26	26	31.61825
26	26	31.63015
26	26	31.64283
26	26	31.65875
26	26	31.67343
26	26	31.68524
26	26	31.69798
26	26	31.72469
25	26	31.74197
25	26	31.76247
25	26	31.78388
25	26	31.80639
25	26	31.82846
25	26	31.85198
24	26	31.87873
24	26	31.89788
24	26	31.91913
24	26	31.94344
24	26	31.96388
23	26	31.99224
23	26	32.00347
23	26	32.03592
23	26	32.05582
23	26	32.07762
23	26	32.0988
22	26	32.12246
22	26	32.14603
22	26	32.16084
22	26	32.18785
22	26	32.19988
22	26	32.2115
21	26	32.22423
21	26	32.23661
21	26	32.24857
21	26	32.26078
21	26	32.27242
21	26	32.28447
21	26	32.29719
21	26	32.30864
21	26	32.32132
21	26	32.33955
20	26	32.35097
20	26	32.36313
20	26	32.37529
20	26	32.38826
20	26	32.40063
20	26	32.41529
20	26	32.42902
20	26	32.44126
20	26	32.4545
19	26	32.46668
19	26	32.47971
19	26	32.49743
19	26	32.5094
19	26	32.52143
19	26	32.53373
19	26	32.54543
19	26	32.55625
19	26	32.57427
18	26	32.59715
18	26	32.6206
18	26	32.64249
18	26	32.67064
18	26	32.68848
18	26	32.71074
17	26	32.73282
17	26	32.75576
17	26	32.77804
17	26	32.80062
17	26	32.82913
18	26	32.84507
18	26	32.86752
18	26	32.89057
18	26	32.91292
18	26	32.9347
19	26	32.95776
19	26	32.985
19	26	33.0026
19	26	33.02459
19	26	33.04658
19	26	33.05825
19	26	33.06997
20	26	33.08136
20	26	33.09914
20	26	33.11204
20	26	33.13014
20	26	33.14275
20	26	33.1558
20	26	33.16821
20	26	33.18013
20	26	33.19234
21	26	33.20418
21	26	33.21645
21	26	33.22858
21	26	33.24041
21	26	33.25325
21	26	33.26567
21	26	33.28298
21	26	33.29544
21	26	33.30704
21	26	33.31971
22	26	33.33183
22	26	33.34389
22	26	33.35619
22	26	33.36847
22	26	33.38044
22	26	33.39295
22	26	33.40485
22	26	33.42571
22	27	33.45429
22	27	33.47042
22	27	33.49353
22	27	33.51791
22	27	33.54013
22	27	33.5603
22	28	33.58402
22	28	33.61523
22	28	33.63213
22	28	33.65008
22	28	33.67125
22	29	33.69393
22	29	33.71627
22	29	33.73911
22	29	33.76914
22	29	33.78616
22	29	33.80537
22	30	33.82804
22	30	33.85097
22	30	33.87237
22	30	33.89521
22	30	33.91418
22	30	33.92666
22	29	33.93922
22	29	33.95721
22	29	33.97089
22	29	33.98287
22	29	33.99512
22	29	34.00786
22	29	34.01992
22	29	34.03252
22	29	34.04598
22	28	34.06504
22	28	34.07748
22	28	34.08886
22	28	34.1007
22	28	34.1131
22	28	34.12461
22	28	34.13705
22	28	34.14986
22	28	34.16207
22	28	34.17417
22	27	34.18597
22	27	34.19806
22	27	34.21661
22	27	34.22874
22	27	34.24001
22	27	34.25857
22	27	34.2749
22	27	34.29718
22	26	34.31935
22	26	34.34111
22	26	34.36416
22	26	34.39243
22	26	34.40967
22	25	34.43152
22	25	34.45372
22	25	34.47712
22	25	34.50221
22	25	34.52489
22	24	34.55112
22	24	34.56856
22	24	34.58828
22	24	34.61237
22	24	34.63462
22	24	34.65503
22	23	34.67655
22	23	34.70693
22	23	34.72806
22	23	34.74514
22	23	34.75908
22	23	34.77213
22	23	34.7851
22	22	34.79803
22	22	34.81178
22	22	34.82539
22	22	34.84259
22	22	34.86544
22	22	34.88133
22	22	34.89637
22	22	34.90883
22	21	34.92311
22	21	34.93842
22	21	34.95517
22	21	34.97149
22	21	34.98491
22	21	34.99825
22	21	35.01897
22	20	35.03436
22	20	35.04742
22	20	35.06002
22	20	35.07465
22	20	35.08973
22	20	35.10196
22	20	35.1133
22	20	35.12449
22	20	35.14651
22	19	35.16819
22	19	35.19907
22	19	35.21581
22	19	35.23594
22	19	35.25899
22	18	35.28154
22	18	35.30375
22	18	35.32702
22	18	35.35632
22	18	35.373
22	18	35.39151
22	17	35.41501
22	17	35.43715
22	17	35.45888
22	17	35.48169
22	17	35.50861
22	16	35.5265
22	16	35.54838
22	16	35.57094
22	16	35.59312
22	16	35.60467
22	16	35.61695
22	16	35.63535
22	17	35.65493
22	17	35.66655
22	17	35.67974
22	17	35.69304
22	17	35.70513
22	17	35.7166
22	17	35.72906
22	17	35.74087
22	17	35.75317
22	17	35.7652
22	18	35.77639
22	18	35.7891
22	18	35.81054
22	18	35.82438
22	18	35.83806
22	18	35.85057
22	18	35.86299
22	18	35.87492
22	18	35.88868
22	19	35.90029
22	19	35.91225
22	19	35.92395
22	19	35.94329
22	19	35.96327
22	19	35.98016
22	19	35.99548
22	19	36.00761
22	20	36.02855
22	20	36.05214
22	20	36.07295
22	20	36.09575
22	20	36.12299
22	21	36.14005
22	21	36.16211
22	21	36.18499
22	21	36.20658
22	21	36.22865
22	21	36.25179
22	22	36.27857
22	22	36.29653
22	22	36.31952
22	22	36.34099
22	22	36.36347
22	23	36.38743
22	23	36.40982
22	23	36.43903
22	23	36.45371
22	23	36.47467
22	23	36.48616
22	23	36.49804
22	24	36.50906
22	24	36.5208
22	24	36.53247
22	24	36.54377
22	24	36.55524
22	24	36.56694
22	24	36.58603
22	24	36.59761
22	24	36.60934
22	24	36.62166
22	25	36.63379
22	25	36.64562
22	25	36.65741
22	25	36.66924
22	25	36.68072
22	25	36.69196
22	25	36.70353
22	25	36.71563
22	25	36.72777
22	26	36.74511
22	26	36.75926
22	26	36.77255
22	26	36.78917
22	26	36.80861
22	26	36.82198
22	26	36.83435
22	26	36.8519
23	26	36.86678
23	26	36.87948
23	26	36.89796
23	26	36.91103
23	26	36.93299
23	26	36.95548
23	26	36.97911
24	26	36.99985
24	26	37.02522
24	26	37.04519
24	26	37.07422
24	26	37.0902
25	26	37.11285
25	26	37.13586
25	26	37.15749
25	26	37.17944
25	26	37.20103
25	26	37.22875
26	26	37.24548
26	26	37.26794
26	26	37.2904
26	26	37.31251
26	26	37.33504
27	26	37.35778
27	26	37.38566
27	26	37.39798
27	26	37.41181
27	26	37.42482
27	26	37.43697
27	26	37.44998
27	26	37.46264
27	26	37.47387
27	25	37.4859
27	25	37.4981
27	25	37.51085
27	25	37.52914
27	25	37.54071
27	25	37.55262
27	25	37.56475
27	25	37.57662
27	25	37.58866
27	24	37.60066
27	24	37.61219
27	24	37.62425
27	24	37.63602
27	24	37.64769
27	24	37.66086
27	24	37.68141
27	24	37.69448
27	24	37.70685
27	24	37.72008
27	23	37.73236
27	23	37.74826
27	23	37.7711
27	23	37.79365
27	23	37.8157
27	23	37.8458
27	23	37.86109
27	23	37.88397
27	23	37.90558
27	23	37.92792
26	23	37.95053
26	23	37.97299
26	23	38.00635
26	23	38.02152
26	23	38.03937
26	23	38.06106
25	23	38.08405
25	23	38.10617
25	23	38.13541
25	23	38.15963
25	23	38.17447
24	23	38.19548
24	23	38.20758
24	23	38.22108
24	23	38.23689
24	23	38.25277
24	23	38.26632
24	23	38.2798
24	23	38.2942
23	23	38.31731
23	23	38.33284
23	23	38.34471
23	23	38.36068
23	23	38.37512
23	23	38.38758
23	23	38.4004
23	23	38.41302
23	23	38.42509
22	23	38.43717
22	23	38.45065
22	23	38.47261
22	23	38.48752
22	23	38.49959
22	23	38.51182
22	23	38.52452
22	23	38.53652
22	23	38.55016
22	23	38.56548
23	23	38.58713
23	23	38.60978
23	23	38.63639
23	23	38.65365
23	23	38.67942
23	23	38.69751
24	23	38.71995
24	23	38.74213
24	23	38.76563
24	23	38.7928
24	23	38.8101
25	23	38.83142
25	23	38.854
25	23	38.87615
25	23	38.89869
25	23	38.92173
26	23	38.94908
26	23	38.96621
26	23	38.98838
26	23	39.01165
26	23	39.0334
26	23	39.04496
26	23	39.0579
27	23	39.06995
27	23	39.08287
27	23	39.10034
27	23	39.11278
27	23	39.12536
27	23	39.13701
27	23	39.15004
27	23	39.16293
27	23	39.17688
27	23	39.19382
27	23	39.20696
27	23	39.22039
26	23	39.23497
26	23	39.25404
26	23	39.26614
26	23	39.27774
26	23	39.29053
26	23	39.3032
26	23	39.31684
26	23	39.32959
26	23	39.34231
25	23	39.36065
25	23	39.37284
25	23	39.38509
25	23	39.40706
25	23	39.42442
25	23	39.44612
24	23	39.46947
24	23	39.49146
24	23	39.51315
24	23	39.53613
24	23	39.56324
24	23	39.58025
23	23	39.60232
23	23	39.6249
23	23	39.64701
23	23	39.67025
23	23	39.69306
22	23	39.7229
22	23	39.73848
22	23	39.75953
22	23	39.78204
22	23	39.80431
22	23	39.82645
22	23	39.84863
22	23	39.87665
22	23	39.89402
22	23	39.90561
22	23	39.91761
22	23	39.92934
22	23	39.94092
22	23	39.95374
22	23	39.96463
22	23	39.97773
22	23	39.98911
22	23	40.00238
22	23	40.02146
22	23	40.03748
22	23	40.05066
22	23	40.0627
22	23	40.0747
22	23	40.0877
22	23	40.10018
22	23	40.11193
22	23	40.1244
22	23	40.13686
22	23	40.14887
22	23	40.16099
22	23	40.17878
22	23	40.19156
22	23	40.20299
22	23	40.21487
22	23	40.22663
22	23	40.23862
22	23	40.25103
22	23	40.26269
22	23	40.27439
22	23	40.28813
22	23	40.30375
22	23	40.3185
22	23	40.34595
22	23	40.36254
23	23	40.38461
23	23	40.4071
23	23	40.42916
23	23	40.45234
23	23	40.47513
24	23	40.5022
24	23	40.51921
24	23	40.54109
24	23	40.56314
24	23	40.58547
24	23	40.60793
25	23	40.62989
25	23	40.66344
25	23	40.6753
25	23	40.69693
25	23	40.71943
25	23	40.74181
26	23	40.76406
26	23	40.78724
26	23	40.8071
26	23	40.81961
26	23	40.83172
26	23	40.84477
26	23	40.85768
27	23	40.86962
27	23	40.88262
27	23	40.89553
27	23	40.90738
27	23	40.9198
27	23	40.93164
27	23	40.94411
27	23	40.96348
27	23	40.97593
27	23	40.98822
27	23	41.0001
27	23	41.01194
27	23	41.02388
27	23	41.03594
26	23	41.04752
26	23	41.06001
26	23	41.072
26	23	41.08412
26	23	41.0971
26	23	41.11483
26	23	41.12773
26	23	41.13963
26	23	41.15064
25	23	41.16669
25	23	41.18996
25	23	41.21182
25	23	41.23485
25	23	41.25681
25	23	41.28559
25	22	41.30093
25	22	41.32284
25	22	41.34523
25	22	41.36786
25	22	41.39165
25	21	41.41284
25	21	41.43962
25	21	41.45611
25	21	41.48108
25	21	41.5028
25	21	41.52417
25	20	41.54632
25	20	41.56818
25	20	41.59628
25	20	41.61304
25	20	41.63514
25	20	41.64672
25	20	41.65901
25	20	41.67116
25	20	41.68262
25	20	41.69528
25	20	41.70766
25	20	41.72026
25	20	41.73771
25	20	41.75034
26	20	41.76283
26	20	41.775
26	20	41.78728
26	20	41.79978
26	20	41.81151
26	20	41.82449
26	20	41.83747
26	20	41.84912
26	20	41.86133
27	20	41.8804
27	20	41.90335
27	20	41.91842
27	20	41.93043
27	20	41.94253
27	20	41.95501
27	20	41.96646
27	20	41.97813
27	20	41.99105
27	19	42.00303
27	19	42.01388
27	19	42.02708
27	19	42.04819
27	19	42.07782
27	19	42.09405
27	19	42.11496
27	18	42.138
27	18	42.15997
27	18	42.18232
27	18	42.20532
27	18	42.23225
27	17	42.25009
27	17	42.27196
27	17	42.2945
27	17	42.31657
27	17	42.33881
27	17	42.36114
27	16	42.38956
27	16	42.40586
27	16	42.42779
27	16	42.45002
27	16	42.47338
27	15	42.49595
27	15	42.51826
27	15	42.54868
27	15	42.56317
27	15	42.57609
27	15	42.58868
27	15	42.60025
27	14	42.61264
27	14	42.62494
27	14	42.63681
27	14	42.64803
27	14	42.66037
27	14	42.67254
27	14	42.69005
27	14	42.7021
27	14	42.71404
27	14	42.72604
26	14	42.73767
26	14	42.74949
26	14	42.76184
26	14	42.77367
26	14	42.78587
26	14	42.79838
26	14	42.81048
26	14	42.82376
26	14	42.84289
26	14	42.85509
25	14	42.86692
25	14	42.87845
25	14	42.89354
25	14	42.90951
25	14	42.93054
25	14	42.95359
25	14	42.97582
25	14	43.00347
25	14	43.02046
25	14	43.04197
25	14	43.0647
25	14	43.08876
25	14	43.11104
25	14	43.13199
25	14	43.165
25	14	43.17753
25	14	43.19909
25	14	43.22211
25	14	43.24372
25	14	43.26562
25	14	43.28862
25	14	43.31703
25	14	43.3331
25	14	43.34446
25	14	43.35693
25	14	43.36821
25	14	43.37986
25	14	43.39148
25	14	43.40409
25	14	43.41526
25	13	43.42819
25	13	43.43953
25	13	43.45729
25	13	43.47
25	13	43.48117
25	13	43.49358
25	13	43.50636
25	13	43.52066
25	13	43.53446
25	12	43.54779
25	12	43.56031
25	12	43.57231
25	12	43.58385
25	12	43.59604
25	12	43.61374
25	12	43.62586
25	12	43.6375
25	12	43.64949
25	12	43.6612
25	11	43.67276
25	11	43.68498
25	11	43.69684
25	11	43.70835
25	11	43.72022
25	11	43.73159
25	11	43.74362
25	11	43.75628
25	11	43.77346
25	11	43.78605
25	11	43.80244
25	11	43.82435
24	11	43.84719
24	11	43.8694
24	11	43.8921
24	11	43.91368
24	11	43.94161
24	11	43.95863
23	11	43.98103
23	11	44.00338
23	11	44.02506
23	11	44.04736
23	11	44.07058
22	11	44.09995
22	11	44.11566
22	11	44.13793
22	11	44.16016
22	11	44.18366
22	11	44.20513
21	11	44.22715
21	11	44.25591
21	11	44.26848
21	11	44.28245
21	11	44.29602
21	11	44.30869
21	11	44.32287
20	11	44.336
20	11	44.34962
20	11	44.36306
20	11	44.37735
20	11	44.40175
20	11	44.41486
20	11	44.4272
20	11	44.43949
20	11	44.45147
19	11	44.46422
19	11	44.47663
19	11	44.48927
19	11	44.50127
19	11	44.51415
19	11	44.52789
19	11	44.5459
19	11	44.55846
19	11	44.57016
18	11	44.58212
18	11	44.59563
18	11	44.60756
18	11	44.6204
18	11	44.63217
18	11	44.65135
18	11	44.6736
18	11	44.69658
17	11	44.72376
17	11	44.741
17	11	44.76273
17	11	44.78516
17	11	44.80885
16	11	44.83014
16	11	44.85329
16	11	44.88006
16	11	44.89794
16	11	44.92007
16	11	44.9416
15	11	44.9647
15	11	44.98671
15	11	45.00884
15	11	45.03598
15	11	45.05499
16	11	45.07689
16	11	45.09858
16	11	45.1118
16	11	45.12667
16	11	45.13908
16	11	45.1516
16	11	45.16469
16	11	45.1829
17	11	45.19527
17	11	45.20828
17	11	45.22052
17	11	45.23232
17	11	45.2465
17	11	45.26066
17	11	45.27469
17	11	45.28911
17	11	45.30283
18	11	45.31676
18	11	45.33498
18	11	45.34719
18	11	45.36026
18	11	45.37273
18	11	45.38437
18	11	45.3976
18	11	45.40974
18	11	45.42379
19	11	45.43568
19	11	45.45554
19	11	45.47822
19	11	45.50496
19	11	45.52335
19	11	45.54521
19	12	45.56693
19	12	45.59069
19	12	45.61449
19	12	45.64212
19	12	45.66658
19	13	45.68261
19	13	45.70103
19	13	45.72464
19	13	45.74878
19	13	45.77044
19	13	45.79318
19	14	45.82284
19	14	45.84183
19	14	45.86301
19	14	45.88139
19	14	45.90294
19	15	45.92515
19	15	45.948
19	15	45.97468
19	15	45.99213
19	15	46.00558
19	15	46.01956
19	15	46.03443
19	16	46.04942
19	16	46.0633
19	16	46.07901
19	16	46.09747
19	16	46.1199
19	16	46.14628
19	16	46.16564
19	17	46.17926
19	17	46.19438
19	17	46.20896
19	17	46.22464
19	17	46.2379
19	17	46.25006
19	17	46.26357
19	17	46.27715
19	18	46.29929
19	18	46.31439
19	18	46.32814
19	18	46.34377
19	18	46.36192
19	18	46.37379
19	18	46.3868
19	18	46.40493
19	19	46.42742
19	19	46.4589
19	19	46.47541
19	19	46.4947
19	19	46.51709
19	20	46.54037
19	20	46.56135
19	20	46.58506
19	20	46.6146
19	20	46.6313
19	20	46.65136
20	20	46.67282
20	20	46.69569
20	20	46.71914
20	20	46.74249
20	20	46.77036
21	20	46.78766
21	20	46.80745
21	20	46.81994
21	20	46.83466
21	20	46.8509
21	20	46.86374
21	20	46.88085
21	20	46.89563
22	20	46.91772
22	20	46.93272
22	20	46.94613
22	20	46.967
22	20	46.98055
22	20	46.99362
22	20	47.00505
22	20	47.01701
22	20	47.02882
22	20	47.04034
22	20	47.05244
21	20	47.07029
21	20	47.08284
21	20	47.09603
21	20	47.10801
21	20	47.12057
21	20	47.13321
21	20	47.14546
21	20	47.15797
21	20	47.17553
20	20	47.19775
20	20	47.22003
20	20	47.24711
20	20	47.26519
20	20	47.28735
19	20	47.30962
19	20	47.33149
19	20	47.35401
19	20	47.37648
19	20	47.40396
19	20	47.42172
18	20	47.44353
18	20	47.46612
18	20	47.4917
18	20	47.51349
18	20	47.53585
17	20	47.56558
17	20	47.58371
17	20	47.60294
17	20	47.62334
17	20	47.64547
17	20	47.65873
16	20	47.67124
16	20	47.68449
16	20	47.69982
16	20	47.72519
16	20	47.7434
16	20	47.75539
16	20	47.76749
16	20	47.78008
16	21	47.79295
16	21	47.80534
16	21	47.81825
16	21	47.83333
16	21	47.84964
16	21	47.87036
16	21	47.88602
16	21	47.89868
16	22	47.91112
16	22	47.92429
16	22	47.93705
16	22	47.95213
16	22	47.96709
16	22	47.97932
16	22	47.9911
16	22	48.00349
16	22	48.03235
16	23	48.04963
16	23	48.07006
16	23	48.0948
16	23	48.11631
16	23	48.14128
17	23	48.1605
17	23	48.18999
17	23	48.21493
17	23	48.23455
17	23	48.24795
17	23	48.27053
18	23	48.29254
18	23	48.31544
18	23	48.34624
18	23	48.36299
18	23	48.38266
19	23	48.4038
19	23	48.42672
19	23	48.44896
19	23	48.47367
19	23	48.50195
19	23	48.52089
19	24	48.53432
19	24	48.54821
19	24	48.56496
19	24	48.58071
19	24	48.59366
19	24	48.60523
19	24	48.61752
19	24	48.63164
19	25	48.65881
19	25	48.67639
19	25	48.69313
19	25	48.70605
19	25	48.71803
19	25	48.73006
19	25	48.74187
19	25	48.75374
19	25	48.76637
19	26	48.77831
19	26	48.79103
19	26	48.81253
19	26	48.82788
19	26	48.84069
19	26	48.85215
19	26	48.86368
19	26	48.88471
19	25	48.90647
19	25	48.92961
19	25	48.95159
19	25	48.9794
19	25	48.99689
19	24	49.01906
19	24	49.04203
19	24	49.06321
19	24	49.08639
19	24	49.10869
19	23	49.13663
19	23	49.15295
19	23	49.17473
19	23	49.19687
19	23	49.21974
19	23	49.24236
19	23	49.26505
19	23	49.29542
19	23	49.3103
18	23	49.33189
18	23	49.35448
18	23	49.3767
18	23	49.38991
18	23	49.40281
18	23	49.41771
17	23	49.4369
17	23	49.45058
17	23	49.46412
17	23	49.47783
17	23	49.4924
17	23	49.50564
17	23	49.51913
17	23	49.5313
17	23	49.54787
16	23	49.56026
16	23	49.57306
16	23	49.59194
16	23	49.60496
16	23	49.61686
16	23	49.62989
16	23	49.64165
16	23	49.65453
16	23	49.66743
16	22	49.68055
16	22	49.69305
16	22	49.70521
16	22	49.71737
16	22	49.73293
16	22	49.76084
16	22	49.77777
16	21	49.80027
16	21	49.82409
16	21	49.84745
16	21	49.8681
16	21	49.89083
16	21	49.9176
16	20	49.93478
16	20	49.95705
16	20	49.97966
16	20	50.00161
16	20	50.02378
17	20	50.04712
17	20	50.07439
17	20	50.0908
17	20	50.11279
17	20	50.13587
17	20	50.15749
16	20	50.18218
16	20	50.20209
16	20	50.21976
16	20	50.232
16	20	50.24427
16	20	50.25587
16	20	50.26887
16	20	50.28155
15	20	50.29415
15	20	50.30604
15	20	50.31915
15	20	50.33567
15	20	50.35173
15	20	50.36635
15	20	50.39156
15	20	50.4071
14	20	50.41952
14	20	50.43236
14	20	50.44476
14	20	50.45978
14	20	50.47468
14	20	50.48811
14	20	50.49999
14	20	50.51292
14	20	50.52558
13	20	50.54583
13	20	50.56191
13	20	50.57518
13	20	50.59367
13	20	50.61538
13	20	50.63845
12	20	50.66089
12	20	50.68322
12	20	50.71387
12	20	50.73022
12	20	50.74973
12	20	50.77184
11	20	50.79494
11	20	50.82253
11	20	50.84341
11	20	50.87049
11	20	50.88906
10	20	50.90708
10	20	50.92939
10	20	50.95197
10	20	50.97735
10	20	50.99891
11	20	51.02884
11	20	51.04586
11	20	51.06372
11	20	51.07666
11	20	51.09038
11	20	51.10399
11	20	51.11761
11	20	51.13102
12	20	51.14492
12	20	51.1601
12	20	51.18162
12	20	51.19546
12	20	51.20873
12	20	51.22097
12	20	51.23375
12	20	51.24617
12	20	51.25894
13	20	51.27116
13	20	51.2841
13	20	51.29712
13	20	51.30922
13	20	51.32156
13	20	51.34109
13	20	51.35379
13	20	51.36615
13	20	51.37864
14	20	51.39003
14	20	51.40129
14	20	51.42036
14	20	51.44265
14	20	51.46444
14	20	51.4875
13	20	51.51519
13	20	51.5326
13	20	51.55413
13	20	51.57668
13	20	51.59958
13	20	51.6209
12	20	51.64344
12	20	51.67041
12	20	51.68816
12	20	51.71129
12	20	51.73288
12	20	51.75528
11	20	51.77745
11	20	51.80135
11	20	51.82822
11	20	51.84506
11	20	51.86657
10	20	51.88951
10	20	51.90236
10	20	51.91362
10	20	51.92595
10	20	51.93969
10	20	51.95423
10	20	51.97568
10	20	51.9872
10	20	51.99949
9	20	52.01157
9	20	52.02481
9	20	52.04227
9	20	52.05835
9	20	52.07377
9	20	52.08851
9	20	52.1092
8	20	52.13149
8	20	52.14605
8	20	52.15945
8	20	52.17418
8	20	52.18993
8	20	52.20693
8	20	52.22106
8	20	52.23332
7	20	52.2456
7	20	52.25819
7	20	52.2714
7	20	52.29263
7	20	52.30954
7	20	52.32589
7	20	52.34726
7	19	52.3691
7	19	52.39177
7	19	52.41425
7	19	52.43979
7	19	52.46798
7	19	52.48447
7	18	52.50412
7	18	52.52619
7	18	52.5507
7	18	52.57287
7	18	52.59328
7	17	52.62404
7	17	52.64117
7	17	52.66435
7	17	52.68485
7	17	52.70499
7	17	52.72852
7	16	52.75079
7	16	52.774
7	16	52.79159
7	16	52.80601
7	16	52.81955
7	16	52.83252
7	16	52.84607
7	15	52.86018
7	15	52.87167
7	15	52.88606
7	15	52.90224
7	15	52.9242
7	15	52.93893
7	15	52.95068
7	15	52.96365
7	15	52.97616
7	14	52.9882
7	14	53.00011
7	14	53.01328
7	14	53.02853
7	14	53.0439
7	14	53.05654
7	14	53.08046
7	14	53.09589
7	13	53.10755
7	13	53.12
7	13	53.13271
7	13	53.14677
7	13	53.16509
7	13	53.18565
7	13	53.2084
7	12	53.24023
7	12	53.25844
7	12	53.27629
7	12	53.29657
7	12	53.31886
7	12	53.3404
7	11	53.36399
7	11	53.39477
7	11	53.41182
7	11	53.43061
7	11	53.45353
8	11	53.47533
8	11	53.49763
8	11	53.52091
8	11	53.55076
8	11	53.5679
8	11	53.58716
9	11	53.60986
9	11	53.62379
9	11	53.63887
9	11	53.67938
9	11	53.70225
10	11	53.71726
10	11	53.72929
10	11	53.74233
10	11	53.76012
10	11	53.7782
10	11	53.79149
10	11	53.80417
10	11	53.81696
10	11	53.82941
11	11	53.85136
11	11	53.86722
11	11	53.88454
11	11	53.89724
11	11	53.909
11	11	53.92085
11	11	53.93277
11	11	53.9447
12	11	53.95734
12	11	53.9693
12	11	53.98312
12	11	54.00377
12	11	54.01944
12	11	54.03081
12	11	54.04174
12	11	54.0561
13	11	54.07948
13	11	54.10098
13	11	54.1237
13	11	54.14944
13	11	54.17559
13	11	54.1936
13	10	54.21337
13	10	54.23705
13	10	54.25979
13	10	54.28239
13	10	54.3027
13	9	54.33149
13	9	54.35006
13	9	54.36917
13	9	54.39352
13	9	54.41791
13	9	54.43688
13	8	54.45994
13	8	54.49117
13	8	54.50821
13	8	54.52291
13	8	54.53576
13	8	54.54878
13	8	54.56171
13	8	54.57447
13	8	54.58954
13	8	54.60511
13	8	54.62158
13	8	54.64792
13	8	54.66444
13	8	54.6812
13	8	54.69285
13	8	54.70456
13	8	54.71629
13	8	54.72873
13	8	54.74025
13	8	54.7526
13	8	54.76479
13	8	54.77698
13	8	54.79636
13	8	54.80835
13	8	54.82095
13	8	54.83298
13	8	54.84459
13	8	54.85701
13	8	54.87093
13	8	54.89328
13	8	54.91626
13	8	54.93853
13	8	54.96611
13	8	54.98304
13	8	55.00526
13	8	55.02781
13	8	55.05024
13	8	55.07243
13	8	55.09521
13	8	55.12254
13	8	55.13936
13	8	55.16203
13	8	55.18374
13	8	55.20645
13	8	55.22858
13	8	55.25138
13	8	55.27969
13	8	55.29591
13	8	55.31842
13	8	55.33089
13	9	55.34402
13	9	55.35707
13	9	55.37064
13	9	55.38242
13	9	55.39532
13	9	55.40849
13	9	55.42835
13	9	55.44061
13	9	55.45305
13	10	55.46626
13	10	55.4786
13	10	55.49298
13	10	55.50666
13	10	55.5215
13	10	55.53499
13	10	55.54921
13	10	55.56294
13	11	55.58342
13	11	55.5964
13	11	55.60791
13	11	55.61991
13	11	55.63255
13	11	55.64507
13	11	55.65787
13	11	55.67028
13	11	55.68217
13	11	55.69325
13	11	55.7089
13	11	55.73168
12	11	55.76017
12	11	55.77694
12	11	55.79896
12	11	55.82095
12	11	55.84274
12	11	55.86544
11	11	55.88917
11	11	55.91523
11	11	55.9329
11	11	55.95519
11	11	55.97702
10	11	55.9997
10	11	56.02301
10	11	56.04424
10	11	56.07518
10	11	56.09125
10	12	56.11333
10	12	56.13462
10	12	56.15606
10	12	56.18009
10	12	56.19542
10	12	56.2205
10	13	56.23708
10	13	56.25343
10	13	56.27262
10	13	56.29004
10	13	56.30851
10	13	56.32325
10	13	56.33693
10	13	56.35094
10	14	56.37289
10	14	56.38906
10	14	56.40428
10	14	56.4162
10	14	56.4284
10	14	56.44078
10	14	56.45337
10	14	56.46541
10	14	56.47745
11	14	56.48943
11	14	56.50306
11	14	56.52553
11	14	56.54051
11	14	56.5535
11	14	56.56466
11	14	56.57574
11	14	56.59139
12	14	56.61398
12	14	56.63779
12	14	56.6653
12	14	56.69102
12	14	56.70757
13	14	56.7261
13	14	56.74829
13	14	56.77121
13	14	56.79659
13	14	56.81872
14	14	56.84961
14	14	56.86898
14	14	56.88482
14	14	56.9064
14	14	56.9289
14	14	56.94959
15	14	56.97182
15	14	57.00227
15	14	57.01932
15	14	57.04091
15	14	57.05272
15	14	57.06468
15	14	57.07762
16	14	57.09007
16	14	57.103
16	14	57.11552
16	14	57.13074
16	14	57.15252
16	14	57.16734
16	14	57.18256
16	14	57.19593
16	14	57.20853
17	14	57.2212
17	14	57.2385
17	14	57.25193
17	14	57.26748
17	14	57.28303
17	14	57.30488
17	14	57.31966
17	14	57.33129
18	14	57.34399
18	14	57.35583
18	14	57.36866
18	14	57.38375
18	14	57.39837
18	14	57.40939
18	14	57.42202
18	14	57.44079
19	14	57.47079
19	14	57.4888
19	14	57.50706
19	14	57.52918
19	14	57.55225
19	14	57.57437
18	14	57.59749
18	14	57.62449
18	14	57.64146
18	14	57.66386
18	14	57.6856
17	14	57.70794
17	14	57.73037
17	14	57.75373
17	14	57.78107
17	14	57.80106
17	14	57.82173
16	14	57.84337
16	14	57.8652
16	14	57.88811
16	14	57.90133
16	14	57.91479
16	14	57.93422
15	14	57.94836
15	14	57.96156
15	14	57.97523
15	14	57.98763
15	14	58.00072
15	14	58.01537
15	14	58.03107
15	14	58.0436
15	14	58.05731
14	14	58.07264
14	14	58.09068
14	14	58.10288
14	14	58.11644
14	14	58.12816
14	14	58.13957
14	14	58.15069
14	14	58.1636
14	14	58.17549
14	14	58.18811
13	14	58.20027
13	14	58.21171
13	14	58.2231
13	14	58.24967
13	14	58.26724
13	14	58.29008
12	14	58.31126
12	14	58.33451
12	14	58.35621
12	14	58.37857
12	14	58.40788
12	14	58.42357
11	14	58.4453
11	14	58.46806
11	14	58.4897
11	14	58.51813
11	14	58.53517
10	14	58.56286
10	14	58.57977
10	14	58.60239
10	14	58.62393
10	14	58.6465
10	14	58.6688
10	15	58.6918
10	15	58.72072
10	15	58.73615
10	15	58.75319
10	15	58.76802
10	15	58.78077
10	15	58.79703
10	16	58.81213
10	16	58.82671
10	16	58.84344
10	16	58.86442
10	16	58.88158
10	16	58.89585
10	16	58.90876
10	17	58.92312
10	17	58.93591
10	17	58.9483
10	17	58.96404
10	17	58.97888
10	17	58.99179
10	17	59.0042
10	17	59.02571
10	17	59.03989
10	18	59.05225
10	18	59.06474
10	18	59.07763
10	18	59.09377
10	18	59.10792
10	18	59.12258
10	18	59.13875
10	18	59.16098
10	19	59.19118
10	19	59.2088
10	19	59.2302
10	19	59.24995
10	19	59.27178
10	18	59.29417
10	18	59.31699
10	18	59.34719
10	18	59.36458
10	18	59.38491
10	18	59.40588
10	17	59.42831
10	17	59.45129
10	17	59.47356
10	17	59.50051
10	17	59.51991
10	16	59.54114
10	16	59.56376
10	16	59.58582
10	16	59.59888
10	16	59.611
10	16	59.62256
10	16	59.63476
10	16	59.65201
10	15	59.66429
10	15	59.6764
10	15	59.68925
10	15	59.70269
10	15	59.7149
10	15	59.72736
10	15	59.73893
10	15	59.75094
10	15	59.76234
10	14	59.77914
10	14	59.79243
10	14	59.80993
10	14	59.82244
10	14	59.83448
10	14	59.84637
10	14	59.86064
10	14	59.87366
10	14	59.88869
10	13	59.90171
10	13	59.91423
10	13	59.92833
10	13	59.93923
10	13	59.95394
10	13	59.98036
10	13	59.99813
10	13	60.02078
10	12	60.04381
10	12	60.06585
10	12	60.08811
10	12	60.11114
10	12	60.14012
10	11	60.15533
10	11	60.17693
10	11	60.19975
10	11	60.22299
10	11	60.24525
10	11	60.26753
10	11	60.29582
10	11	60.31146
10	11	60.33339
10	11	60.35514
10	11	60.37775
10	11	60.40012
10	11	60.42286
10	11	60.44119
10	11	60.45337
10	11	60.46516
11	11	60.47752
11	11	60.48952
11	11	60.50217
11	11	60.51386
11	11	60.52686
11	11	60.53883
11	11	60.55185
11	11	60.565
11	11	60.57888
12	11	60.59735
12	11	60.60965
12	11	60.62151
12	11	60.63319
12	11	60.64589
12	11	60.65888
12	11	60.67197
12	11	60.68408
12	11	60.69671
12	11	60.70975
13	11	60.72226
13	11	60.7343
13	11	60.75063
13	11	60.7615
13	11	60.77925
13	11	60.80259
13	11	60.82458
13	10	60.84708
13	10	60.86919
13	10	60.89299
13	10	60.91968
13	10	60.93683
13	9	60.95889
13	9	60.98061
13	9	61.00394
13	9	61.02605
13	9	61.0482
13	8	61.08162
13	8	61.09396
13	8	61.11638
13	8	61.13824
13	8	61.1606
13	8	61.1824
13	8	61.20597
13	8	61.23429
13	8	61.24973
13	8	61.27232
13	8	61.28519
13	8	61.2978
13	8	61.31052
13	8	61.32301
13	8	61.33656
13	8	61.34856
13	8	61.36148
13	8	61.38119
13	8	61.39409
13	8	61.407
13	8	61.41882
13	8	61.43064
13	8	61.44197
13	8	61.45398
13	8	61.46598
13	8	61.47765
13	8	61.4894
13	8	61.50243
13	8	61.51374
13	8	61.53132
13	8	61.54285
13	8	61.55502
13	8	61.56724
13	8	61.57905
13	8	61.59116
13	8	61.6031
13	8	61.61444
13	8	61.62617
13	8	61.63802
13	8	61.64946
13	8	61.66064
13	8	61.6739
13	8	61.70095
13	8	61.71983
13	8	61.7403
13	8	61.76314
13	8	61.78567
13	8	61.80756
13	8	61.83035
13	8	61.85841
13	8	61.87517
13	8	61.89677
13	8	61.91945
13	8	61.94156
13	8	61.9635
13	8	61.98684
12	8	62.01418
12	8	62.03174
12	8	62.0566
12	8	62.07819
12	8	62.09967
11	8	62.1224
11	8	62.14536
11	8	62.17184
11	8	62.18813
11	8	62.20053
11	8	62.21431
11	8	62.22805
11	8	62.24065
10	8	62.25406
10	8	62.26706
10	8	62.28006
10	8	62.29578
10	8	62.32436
10	8	62.34276
10	8	62.35472
10	8	62.3661
9	8	62.37808
9	8	62.39108
9	8	62.40624
9	8	62.42102
9	8	62.43262
9	8	62.44367
9	8	62.45663
9	8	62.47775
8	8	62.49272
8	8	62.50374
8	8	62.51504
8	8	62.53564
8	8	62.55796
8	8	62.57776
8	8	62.60018
7	8	62.62318
7	8	62.65395
7	8	62.67078
7	8	62.68998
7	8	62.71214
7	7	62.73494
7	7	62.75743
7	7	62.78002
7	7	62.8096
7	7	62.82739
7	7	62.84627
7	6	62.86839
7	6	62.89359
7	6	62.91799
7	6	62.94066
7	6	62.96873
7	5	62.98556
7	5	63.00364
7	5	63.01724
7	5	63.03218
7	5	63.04705
7	5	63.05947
7	5	63.07113
7	5	63.08281
7	5	63.09464
7	4	63.11614
7	4	63.13146
7	4	63.14747
7	4	63.16014
7	4	63.17129
7	4	63.18285
7	4	63.19467
7	4	63.20681
7	4	63.21887
7	3	63.23007
7	3	63.24188
7	3	63.25486
7	3	63.27575
7	3	63.29152
7	3	63.30341
7	3	63.31469
7	3	63.32718
7	3	63.33944
7	2	63.35098
7	2	63.36217
7	2	63.38454
7	2	63.40848
7	2	63.43531
7	2	63.45414
8	2	63.47207
8	2	63.49471
8	2	63.51756
8	2	63.5424
8	2	63.57101
9	2	63.59274
9	2	63.60931
9	2	63.62899
9	2	63.653
9	2	63.67554
9	2	63.6955
10	2	63.71766
10	2	63.74068
10	2	63.77124
10	2	63.78846
10	2	63.80748
10	2	63.82913
11	2	63.85126
11	2	63.86358
11	2	63.87829
11	2	63.8955
11	2	63.9168
11	2	63.9315
11	2	63.94594
12	2	63.96007
12	2	63.97368
12	2	63.98653
12	2	64.00394
12	2	64.0202
12	2	64.03111
12	2	64.04318
12	2	64.05582
13	2	64.07808
13	2	64.09457
13	2	64.10633
13	2	64.11806
13	2	64.12988
13	2	64.14218
13	2	64.15557
13	2	64.16818
13	2	64.1793
13	2	64.19142
13	3	64.20215
13	3	64.21333
13	3	64.23672
13	3	64.2569
13	3	64.27834
13	3	64.29836
13	3	64.32097
13	4	64.3429
13	4	64.36758
13	4	64.39711
13	4	64.41266
13	4	64.43272
13	5	64.45512
13	5	64.47713
13	5	64.49966
13	5	64.52522
13	5	64.55255
13	5	64.56957
13	5	64.59044
13	5	64.6123
13	5	64.63428
13	4	64.65653
13	4	64.67868
13	4	64.70648
13	4	64.72004
13	4	64.73312
13	4	64.74674
13	4	64.76089
13	4	64.77221
13	3	64.78371
13	3	64.79624
13	3	64.80909
13	3	64.82069
13	3	64.83292
13	3	64.85644
13	3	64.86858
13	3	64.88129
13	3	64.89434
13	2	64.90627
13	2	64.91824
13	2	64.93024
13	2	64.94213
13	2	64.9538
13	2	64.96555
13	2	64.97763
13	2	64.98997
13	2	65.00755
13	2	65.01871
13	2	65.03068
13	2	65.04671
13	2	65.06988
13	2	65.09206
13	2	65.11391
13	2	65.13647
13	2	65.1595
13	3	65.18575
13	3	65.20316
13	3	65.22529
13	3	65.2474
13	3	65.26933
13	3	65.29224
13	4	65.31524
13	4	65.34274
13	4	65.36008
13	4	65.38184
13	4	65.40465
13	5	65.42684
13	5	65.44932
13	5	65.47217
13	5	65.50174
13	5	65.51716
13	5	65.53867
13	5	65.54998
13	5	65.56178
13	5	65.57243
13	5	65.5836
13	5	65.59582
13	5	65.60778
13	5	65.61936
13	5	65.63079
12	5	65.65198
12	5	65.66602
12	5	65.68185
12	5	65.69945
12	5	65.71588
12	5	65.72964
12	5	65.74168
12	5	65.75484
11	5	65.76737
11	5	65.77906
11	5	65.79238
11	5	65.81425
11	5	65.82892
11	5	65.84104
11	5	65.85321
11	5	65.86512
11	5	65.87748
10	5	65.89021
10	5	65.90243
10	5	65.9142
10	5	65.92868
10	5	65.94323
10	5	65.96358
10	5	65.97801
10	5	65.98962
10	5	66.00069
10	5	66.01865
10	6	66.04087
10	6	66.06301
10	6	66.08595
10	6	66.11053
10	6	66.13843
10	7	66.15675
10	7	66.17505
10	7	66.1976
10	7	66.2217
10	7	66.24409
10	7	66.26641
10	8	66.2981
10	8	66.31615
10	8	66.33167
10	8	66.3548
10	8	66.37655
10	8	66.40092
10	8	66.4219
10	8	66.44971
10	8	66.46231
10	8	66.47413
10	8	66.4856
10	8	66.49708
10	8	66.50912
10	8	66.52161
9	8	66.53387
9	8	66.54608
9	8	66.55856
9	8	66.57092
9	8	66.58393
9	8	66.6015
9	8	66.61353
9	8	66.62544
9	8	66.63682
8	8	66.64925
8	8	66.66035
8	8	66.67228
8	8	66.68349
8	8	66.69624
8	8	66.70773
8	8	66.7196
8	8	66.73111
8	8	66.74333
8	8	66.76516
7	8	66.77949
7	8	66.79195
7	8	66.80327
7	8	66.82236
7	8	66.84477
7	8	66.86715
7	7	66.89089
7	7	66.91209
7	7	66.94086
7	7	66.95749
7	7	66.97919
7	7	67.00197
7	6	67.02415
7	6	67.04632
7	6	67.06877
7	6	67.09644
7	6	67.11386
7	5	67.13506
7	5	67.15751
7	5	67.18021
7	5	67.20238
7	5	67.22528
7	5	67.25274
7	4	67.27021
7	4	67.29211
7	4	67.30518
7	4	67.31886
7	4	67.33232
7	4	67.34964
7	4	67.36198
7	4	67.3737
7	3	67.3865
7	3	67.40401
7	3	67.41628
7	3	67.42939
7	3	67.44226
7	3	67.4537
7	3	67.46566
7	3	67.47758
7	3	67.48939
7	2	67.5016
7	2	67.51418
7	2	67.52689
7	2	67.53915
7	2	67.55775
7	2	67.56937
7	2	67.58067
7	2	67.59261
7	2	67.60471
7	2	67.61627
7	2	67.62772
7	2	67.63918
7	2	67.66033
7	2	67.68272
7	2	67.70519
7	2	67.73227
7	2	67.74949
7	2	67.77125
7	2	67.79456
7	2	67.81593
7	2	67.83923
7	2	67.8613
7	2	67.88954
7	2	67.90583
7	2	67.92861
7	2	67.95086
7	2	67.97445
7	2	67.99684
7	2	68.02003
7	2	68.04575
7	2	68.06312
7	2	68.08546
7	2	68.10658
7	2	68.11776
7	2	68.12994
7	2	68.14188
6	2	68.15373
6	2	68.16577
6	2	68.1779
6	2	68.19989
6	2	68.21559
6	2	68.22821
6	2	68.24051
6	2	68.25323
6	2	68.26485
5	2	68.27664
5	2	68.28848
5	2	68.30109
5	2	68.31593
5	2	68.33128
5	2	68.35235
5	2	68.3679
5	2	68.38132
4	2	68.39507
4	2	68.41003
4	2	68.42757
4	2	68.44455
4	2	68.4626
4	2	68.47445
4	2	68.48597
3	2	68.51144
3	2	68.52592
3	2	68.53799
3	2	68.55665
3	2	68.57894
3	2	68.59908
3	2	68.62121
2	2	68.64359
2	2	68.67319
2	2	68.69198
2	2	68.71228
2	2	68.73185
2	2	68.75467
2	2	68.77715
2	2	68.80029
2	2	68.82926
2	2	68.84766
2	2	68.86748
2	2	68.89072
2	3	68.91161
2	3	68.93365
2	3	68.95698
2	3	68.98741
2	3	69.00243
2	3	69.01442
2	3	69.02744
2	4	69.04085
2	4	69.05418
2	4	69.06682
2	4	69.08186
2	4	69.0989
2	4	69.11155
2	4	69.13332
2	4	69.14816
2	5	69.15994
2	5	69.1715
2	5	69.18441
2	5	69.19932
2	5	69.21386
2	5	69.22626
2	5	69.23856
2	5	69.25074
2	5	69.26366
3	5	69.28444
3	5	69.29937
3	5	69.31223
3	5	69.32748
3	5	69.34043
3	5	69.3513
3	5	69.3692
3	5	69.39207
4	5	69.41441
4	5	69.44437
4	5	69.46307
4	5	69.48165
4	5	69.50311
5	5	69.5262
5	5	69.54802
5	5	69.57253
5	5	69.60362
5	5	69.62122
5	5	69.63818
6	5	69.66024
6	5	69.68237
6	5	69.70643
6	5	69.72923
6	5	69.75655
7	5	69.7746
7	5	69.79494
7	5	69.80752
7	5	69.81872
7	5	69.83556
7	5	69.84834
7	5	69.86029
7	5	69.87171
7	5	69.88494
7	6	69.90405
7	6	69.91634
7	6	69.9282
7	6	69.94012
7	6	69.95237
7	6	69.96428
7	6	69.97617
7	6	69.98818
7	6	70.00008
7	7	70.01296
7	7	70.02439
7	7	70.03629
7	7	70.0537
7	7	70.06515
7	7	70.07713
7	7	70.08911
7	7	70.10102
7	7	70.11303
7	7	70.12691
7	8	70.14053
7	8	70.15258
7	8	70.16463
7	8	70.17598
7	8	70.19646
7	8	70.22337
7	8	70.24059
7	9	70.26292
7	9	70.28515
7	9	70.30797
7	9	70.33421
7	9	70.35499
7	10	70.38366
7	10	70.39974
7	10	70.4203
7	10	70.44691
7	10	70.46635
7	10	70.48621
7	11	70.5089
7	11	70.53889
7	11	70.55575
7	11	70.5759
7	11	70.5978
7	11	70.62028
7	12	70.64456
7	12	70.66665
7	12	70.68607
7	12	70.69841
7	12	70.71137
7	12	70.72442
7	12	70.73657
7	13	70.7494
7	13	70.76244
7	13	70.77498
7	13	70.78745
7	13	70.80101
7	13	70.81429
7	13	70.82832
7	13	70.84837
7	13	70.86136
7	14	70.87251
7	14	70.88516
7	14	70.8975
7	14	70.90913
7	14	70.92071
7	14	70.93233
7	14	70.94371
7	14	70.95506
7	14	70.9672
7	14	70.97826
7	15	71.00143
7	15	71.01366
7	15	71.03374
7	15	71.05588
7	15	71.07851
7	15	71.10046
7	16	71.12261
7	16	71.14524
7	16	71.17256
7	16	71.18958
7	16	71.21261
7	17	71.23431
7	17	71.25683
7	17	71.28008
7	17	71.30448
7	17	71.33144
7	17	71.34869
7	18	71.36842
7	18	71.391
7	18	71.41323
7	18	71.43539
7	18	71.45814
7	19	71.4883
7	19	71.49994
7	19	71.51295
7	19	71.52516
7	19	71.53648
7	19	71.54832
7	19	71.56009
7	19	71.57159
7	19	71.58295
7	19	71.59563
7	20	71.60714
7	20	71.61987
7	20	71.63737
7	20	71.64949
7	20	71.66143
7	20	71.67303
7	20	71.6853
7	20	71.69731
7	20	71.70988
8	20	71.72272
8	20	71.73528
8	20	71.74714
8	20	71.76031
8	20	71.77311
8	20	71.79038
8	20	71.80299
8	20	71.81528
8	20	71.828
8	20	71.84045
8	20	71.8519
8	20	71.87158
8	20	71.89381
8	20	71.91601
8	20	71.93821
8	20	71.96632
9	20	71.98377
9	20	72.00533
9	20	72.028
9	20	72.05006
9	20	72.0724
9	19	72.09514
9	19	72.12298
9	19	72.13969
9	19	72.16239
9	19	72.184
9	19	72.20635
9	18	72.22987
9	18	72.25201
9	18	72.2802
9	18	72.29616
9	18	72.31896
9	17	72.34511
9	17	72.35847
9	17	72.3731
9	17	72.38605
9	17	72.39872
9	17	72.41212
9	17	72.43158
9	17	72.44371
9	16	72.45654
9	16	72.47374
9	16	72.48598
9	16	72.49802
9	16	72.51035
9	16	72.52349
9	16	72.53576
9	16	72.54769
9	16	72.55982
9	16	72.57252
9	15	72.59066
9	15	72.60297
9	15	72.61425
9	15	72.62634
9	15	72.63735
9	15	72.64925
9	15	72.66099
9	15	72.67243
9	15	72.68293
9	15	72.69775
9	14	72.72095
9	14	72.74336
9	14	72.77099
9	14	72.7878
9	14	72.80963
9	13	72.83305
9	13	72.8549
9	13	72.87672
9	13	72.89969
9	13	72.9271
9	12	72.94507
9	12	72.9671
9	12	72.98866
9	12	73.01112
9	12	73.03377
9	12	73.05619
9	11	73.08337
9	11	73.10085
9	11	73.12283
9	11	73.14567
9	11	73.1664
9	11	73.17779
9	11	73.19016
9	11	73.20219
9	11	73.21405
9	11	73.23241
9	11	73.2446
9	11	73.25683
9	11	73.26844
9	11	73.27989
9	11	73.29152
9	11	73.30337
9	11	73.31633
9	11	73.3288
9	11	73.34025
9	11	73.35188
9	11	73.36358
9	11	73.37473
9	11	73.39165
9	11	73.40398
9	11	73.41576
9	11	73.42773
9	11	73.44089
9	11	73.4557
9	11	73.47234
9	11	73.48499
9	11	73.50297
9	11	73.51743
9	11	73.52943
9	11	73.54695
9	11	73.55798
9	11	73.56966
9	11	73.59142
9	11	73.61371
9	11	73.63703
9	11	73.65848
9	11	73.68166
8	11	73.70904
8	11	73.7263
8	11	73.74853
8	11	73.77043
8	11	73.79253
8	11	73.81571
7	11	73.83751
7	11	73.86485
7	11	73.88209
7	11	73.9038
7	11	73.92645
6	11	73.94913
6	11	73.97163
6	11	73.99649
6	11	74.02625
6	11	74.04247
6	11	74.05781
7	10	74.07164
7	10	74.08489
7	10	74.10877
7	10	74.12345
7	10	74.13853
7	10	74.15135
7	10	74.16965
7	10	74.18214
7	9	74.1938
7	9	74.2056
7	9	74.21761
7	9	74.22929
7	9	74.24089
7	9	74.25268
7	9	74.26424
7	9	74.27599
7	9	74.28779
7	9	74.29931
7	8	74.31169
7	8	74.3289
7	8	74.34019
7	8	74.35181
7	8	74.3641
7	8	74.37536
7	8	74.38722
7	8	74.39854
7	8	74.41816
7	7	74.43967
7	7	74.46291
7	7	74.49364
7	7	74.508
7	7	74.5298
7	7	74.55225
7	6	74.57488
7	6	74.59705
7	6	74.62056
7	6	74.64832
7	6	74.66516
7	7	74.68604
7	7	74.70769
7	7	74.73056
7	7	74.75301
7	7	74.77559
7	8	74.80363
7	8	74.82056
7	8	74.8433
7	8	74.86568
7	8	74.88885
7	8	74.90014
7	8	74.91212
7	9	74.92371
7	9	74.93587
7	9	74.95384
7	9	74.96562
7	9	74.97691
7	9	74.9885
7	9	75.00031
7	9	75.01332
7	9	75.02528
7	9	75.03721
7	10	75.04932
7	10	75.06202
7	10	75.07423
7	10	75.08609
7	10	75.10595
7	10	75.11992
7	10	75.13364
7	10	75.14699
7	10	75.16093
7	11	75.17324
7	11	75.1842
7	11	75.19611
7	11	75.20707
7	11	75.2189
7	11	75.23128
7	11	75.24459
7	11	75.26484
7	11	75.27791
6	11	75.29004
6	11	75.30117
6	11	75.32351
6	11	75.34686
6	11	75.36953
6	11	75.38985
5	11	75.41224
5	11	75.44153
5	11	75.45992
5	11	75.48158
5	11	75.5022
5	11	75.52423
4	11	75.54614
4	11	75.56951
4	11	75.59965
4	11	75.61666
4	11	75.63577
3	11	75.65766
3	11	75.6803
3	11	75.70514
3	11	75.72845
3	11	75.75871
3	11	75.77407
2	11	75.78751
2	11	75.80003
2	11	75.81423
2	11	75.82979
2	11	75.84525
2	11	75.8592
2	11	75.87246
2	11	75.88792
2	10	75.91228
2	10	75.93088
2	10	75.94604
2	10	75.95804
2	10	75.96961
2	10	75.98144
2	10	75.99294
2	10	76.00429
2	10	76.01611
2	9	76.03166
2	9	76.04419
2	9	76.06561
2	9	76.08096
2	9	76.09283
2	9	76.10397
2	9	76.11546
2	9	76.12846
2	8	76.14938
2	8	76.17133
2	8	76.1939
2	8	76.22032
2	8	76.24777
2	8	76.26176
3	8	76.28361
3	8	76.30613
3	8	76.33092
3	8	76.35461
3	8	76.37544
4	8	76.40347
4	8	76.41809
4	8	76.44193
4	8	76.46552
4	8	76.48586
4	8	76.50966
4	8	76.53384
4	8	76.56161
4	8	76.5751
4	7	76.58981
4	7	76.60266
4	7	76.61733
4	7	76.63146
4	7	76.64323
4	7	76.6556
4	7	76.66788
4	7	76.68226
4	7	76.69747
4	6	76.71507
4	6	76.72784
4	6	76.742
4	6	76.75745
4	6	76.76978
4	6	76.78207
4	6	76.79342
4	6	76.80815
4	6	76.822
4	5	76.83919
4	5	76.85428
4	5	76.8726
4	5	76.8861
4	5	76.89934
4	5	76.91112
4	5	76.92309
4	5	76.93391
4	5	76.95357
4	5	76.97591
4	5	76.9982
4	5	77.0209
4	6	77.04944
4	6	77.06538
4	6	77.08743
4	6	77.10961
4	6	77.1319
4	6	77.15479
4	7	77.17725
4	7	77.20451
4	7	77.22131
4	7	77.24315
4	7	77.26607
4	8	77.28893
4	8	77.31107
4	8	77.33343
4	8	77.3618
4	8	77.37926
4	8	77.39275
4	8	77.40759
4	8	77.42055
4	8	77.4334
4	8	77.44515
4	8	77.45644
4	8	77.46807
4	8	77.47942
4	8	77.49158
4	8	77.50992
4	8	77.52206
4	8	77.53332
4	8	77.54497
4	8	77.55669
4	8	77.56878
4	8	77.58031
4	8	77.59261
4	8	77.60517
4	8	77.61618
4	8	77.62788
4	8	77.63975
4	8	77.65178
4	8	77.66985
4	8	77.68139
4	8	77.69315
4	8	77.7052
4	8	77.71709
4	8	77.72848
4	8	77.74007
4	8	77.75202
4	8	77.76333
4	8	77.77512
4	8	77.78612
4	8	77.7977
4	8	77.80956
4	8	77.82524
4	8	77.83708
4	8	77.85767
4	8	77.88071
4	8	77.90297
4	8	77.92526
4	8	77.94782
4	8	77.97056
4	8	78.00053
4	8	78.01559
4	8	78.03766
4	8	78.05979
4	8	78.08187
3	8	78.10433
3	8	78.12747
3	8	78.15766
3	8	78.17217
3	8	78.19279
3	8	78.21511
2	8	78.23822
2	8	78.26057
2	8	78.28307
2	8	78.31038
2	8	78.32195
2	8	78.335
2	8	78.34687
2	8	78.35828
2	8	78.36974
2	8	78.38155
2	8	78.39355
2	8	78.4066
2	8	78.41866
2	8	78.42999
2	8	78.44144
2	8	78.46072
2	8	78.47301
2	8	78.49024
2	8	78.50284
2	8	78.51495
2	8	78.52806
2	8	78.54343
2	8	78.55538
2	8	78.56712
2	8	78.57864
2	9	78.59033
2	9	78.60204
2	9	78.62042
2	9	78.63245
2	9	78.64356
2	9	78.65591
2	9	78.66768
2	9	78.67842
2	9	78.69562
2	10	78.71796
2	10	78.74013
2	10	78.76268
2	10	78.79078
2	10	78.80787
2	10	78.82992
2	11	78.85293
2	11	78.87473
2	11	78.89685
2	11	78.91965
2	11	78.94762
3	11	78.96378
3	11	78.98658
3	11	79.00865
3	11	79.0303
3	11	79.05384
3	11	79.07579
4	11	79.10355
4	11	79.12213
4	11	79.14365
4	11	79.16592
4	11	79.17798
4	11	79.19008
4	12	79.20135
4	12	79.21217
4	12	79.22511
4	12	79.24046
4	12	79.26205
4	12	79.27449
4	12	79.28629
4	12	79.29768
4	12	79.30914
4	12	79.32072
4	13	79.33214
4	13	79.34367
4	13	79.36013
4	13	79.37506
4	13	79.38643
4	13	79.39845
4	13	79.41682
4	13	79.4278
4	13	79.43981
4	14	79.45123
4	14	79.46251
4	14	79.47448
4	14	79.48868
4	14	79.50336
4	14	79.51872
4	14	79.53304
4	14	79.54421
4	14	79.55651
4	14	79.58347
4	14	79.60042
4	14	79.62285
4	14	79.64516
4	14	79.66771
4	14	79.68994
3	14	79.7117
3	14	79.73959
3	14	79.75732
3	14	79.78152
3	14	79.80442
3	14	79.82495
2	14	79.85101
2	14	79.87213
2	14	79.90017
2	14	79.91487
2	14	79.93632
2	14	79.95821
2	14	79.98163
2	15	80.00649
2	15	80.02885
2	15	80.04984
2	15	80.06637
2	15	80.08137
2	15	80.09476
2	15	80.10703
2	15	80.12016
2	16	80.13413
2	16	80.15302
2	16	80.17026
2	16	80.18459
2	16	80.20556
2	16	80.21754
2	16	80.22896
2	16	80.24147
2	17	80.25408
2	17	80.26554
2	17	80.27787
2	17	80.29417
2	17	80.30994
2	17	80.32481
2	17	80.33853
2	17	80.35546
3	17	80.36771
3	17	80.37933
3	17	80.39248
3	17	80.41383
3	17	80.43406
3	17	80.45313
3	17	80.47784
4	17	80.50146
4	17	80.5266
4	17	80.54562
4	17	80.56682
4	17	80.58051
4	17	80.60275
5	17	80.62469
5	17	80.65017
5	17	80.67227
5	17	80.69724
5	17	80.71446
6	17	80.73669
6	17	80.75972
6	17	80.78257
6	17	80.80631
6	17	80.82888
6	17	80.8532
7	17	80.87149
7	17	80.88436
7	17	80.89645
7	17	80.90828
7	17	80.92001
7	17	80.93316
7	17	80.94564
7	17	80.9579
7	17	80.9753
6	17	80.98788
6	17	81.00596
6	17	81.01762
6	17	81.02892
6	17	81.0411
6	17	81.05286
6	17	81.06463
6	17	81.07647
6	17	81.08813
5	17	81.10036
5	17	81.11185
5	17	81.12337
5	17	81.13507
5	17	81.14707
5	17	81.16492
5	17	81.17768
5	17	81.19021
5	17	81.20195
5	17	81.21322
4	17	81.22493
4	17	81.23713
4	17	81.24803
4	17	81.25987
4	17	81.27102
4	17	81.28235
4	17	81.2944
4	17	81.30788
4	17	81.32912
4	17	81.3422
3	17	81.35529
3	17	81.3679
3	17	81.38033
3	17	81.39255
3	17	81.41072
3	17	81.43282
3	17	81.4556
2	17	81.47825
2	17	81.50652
2	17	81.52335
2	17	81.54383
2	17	81.5667
2	17	81.58868
3	17	81.61101
3	17	81.634
3	17	81.6622
3	17	81.67879
3	17	81.70054
4	17	81.72336
4	17	81.74502
4	17	81.76948
4	17	81.79156
4	17	81.81914
5	17	81.83561
5	17	81.84787
5	17	81.8615
5	17	81.87368
5	17	81.88686
5	17	81.90101
5	17	81.91309
5	17	81.92696
5	17	81.93993
5	17	81.95384
6	17	81.97409
6	17	81.9883
6	17	82.00216
6	17	82.0146
6	17	82.02704
6	17	82.03856
6	17	82.05031
6	17	82.06178
6	17	82.07399
7	17	82.08643
7	17	82.09866
7	17	82.11555
7	17	82.13368
7	17	82.14533
7	17	82.15656
7	17	82.16924
7	17	82.18063
7	17	82.1927
7	18	82.20409
7	18	82.21513
7	18	82.22688
7	18	82.24821
7	18	82.27113
7	18	82.2981
7	18	82.31492
7	19	82.33707
7	19	82.35918
7	19	82.38151
7	19	82.40432
7	19	82.42672
7	20	82.45639
7	20	82.47233
7	20	82.49384
7	20	82.51582
7	20	82.53836
7	20	82.56049
7	21	82.58562
7	21	82.61119
7	21	82.63095
7	21	82.65367
7	21	82.67531
7	22	82.69773
7	22	82.71759
7	22	82.72965
7	22	82.74391
7	22	82.76547
7	22	82.77756
7	22	82.79137
7	22	82.804
7	23	82.81846
7	23	82.8334
7	23	82.84698
7	23	82.86279
7	23	82.8772
7	23	82.89093
7	23	82.90316
7	23	82.92076
7	23	82.93239
6	23	82.94445
6	23	82.95885
6	23	82.9737
6	23	82.98803
6	23	82.99974
6	23	83.01127
6	23	83.02311
6	23	83.03445
6	23	83.04675
5	23	83.05913
5	23	83.07593
5	23	83.08836
5	23	83.11002
5	23	83.13304
5	23	83.15562
5	23	83.17458
4	23	83.19749
4	23	83.22052
4	23	83.24919
4	23	83.26771
4	23	83.29162
3	23	83.31355
3	23	83.33262
3	23	83.35869
3	23	83.38016
3	23	83.40622
3	23	83.42187
2	23	83.44566
2	23	83.4679
2	23	83.49026
2	23	83.50981
2	23	83.53256
3	23	83.56141
3	23	83.57345
3	23	83.59155
3	23	83.60944
3	23	83.622
3	23	83.64275
3	23	83.65545
4	23	83.66692
4	23	83.67884
4	23	83.6916
4	23	83.70916
4	23	83.72163
4	23	83.73273
4	23	83.74407
4	23	83.75655
4	23	83.76842
4	23	83.77979
5	23	83.7917
5	23	83.80424
5	23	83.81587
5	23	83.82813
5	23	83.84044
5	23	83.85266
5	23	83.86954
5	23	83.88206
5	23	83.89492
5	23	83.90688
6	23	83.91751
6	23	83.93513
6	23	83.95703
6	23	83.97948
6	23	84.0015
6	23	84.02519
7	23	84.05447
7	23	84.07037
7	23	84.09191
7	23	84.11356
7	23	84.13711
6	22	84.15863
6	22	84.18179
6	22	84.21163
6	22	84.22671
6	22	84.2489
6	22	84.27008
6	21	84.29198
6	21	84.31434
6	21	84.33678
6	21	84.36482
6	21	84.38216
6	20	84.4042
6	20	84.41613
6	20	84.42764
6	20	84.43962
6	20	84.45073
6	20	84.46181
6	20	84.47358
6	20	84.4861
6	20	84.49769
6	20	84.51548
6	19	84.52867
6	19	84.54058
6	19	84.55237
6	19	84.56476
6	19	84.5765
6	19	84.58766
6	19	84.60266
6	19	84.62144
6	19	84.63533
6	18	84.64893
6	18	84.66759
6	18	84.67941
6	18	84.69136
6	18	84.70412
6	18	84.71562
6	18	84.72754
6	18	84.73932
6	18	84.75078
6	18	84.76347
6	17	84.77497
6	17	84.78513
6	17	84.80669
6	17	84.83338
6	17	84.85104
6	17	84.87293
6	16	84.89587
6	16	84.91739
6	16	84.93996
6	16	84.9627
6	16	84.99026
6	16	85.00761
6	15	85.02946
6	15	85.05104
6	15	85.07401
6	15	85.096
6	15	85.11887
6	14	85.14606
6	14	85.16334
6	14	85.18743
6	14	85.20869
6	14	85.23308
6	14	85.25322
6	13	85.27737
6	13	85.29794
6	13	85.31141
6	13	85.32706
6	13	85.34273
6	13	85.3562
6	13	85.37004
6	14	85.3838
6	14	85.39781
6	14	85.41235
6	14	85.42597
6	14	85.43977
6	14	85.45911
6	14	85.47126
6	14	85.48326
6	14	85.49699
6	15	85.51064
6	15	85.52594
6	15	85.53912
6	15	85.55217
6	15	85.56399
6	15	85.57816
6	15	85.59322
6	15	85.6128
6	16	85.62502
6	16	85.63589
6	16	85.64937
6	16	85.66585
6	16	85.68891
6	16	85.70976
6	16	85.73306
6	17	85.75532
6	17	85.78545
6	17	85.8019
6	17	85.82446
6	17	85.84695
6	18	85.86872
6	18	85.89023
6	18	85.92107
6	18	85.94186
6	18	85.95736
6	18	85.97893
6	19	86.00191
6	19	86.02469
6	19	86.04683
6	19	86.06796
6	19	86.09066
6	20	86.11977
6	20	86.13367
6	20	86.14721
6	20	86.161
6	20	86.17272
6	20	86.18465
6	20	86.19649
6	20	86.2084
6	20	86.22021
6	20	86.23125
6	21	86.24294
6	21	86.26129
6	21	86.27352
6	21	86.28539
6	21	86.30386
6	21	86.31593
6	21	86.3279
6	21	86.33939
6	21	86.35105
6	22	86.36301
6	22	86.37444
6	22	86.38579
6	22	86.39822
6	22	86.41636
6	22	86.4285
6	22	86.4397
6	22	86.45182
6	22	86.47025
6	23	86.49255
6	23	86.51456
6	23	86.53761
6	23	86.55978
6	23	86.58881
6	24	86.60561
6	24	86.62917
6	24	86.65026
6	24	86.67535
6	24	86.69578
6	24	86.71593
6	25	86.74313
6	25	86.76431
6	25	86.78545
6	25	86.80569
6	25	86.82801
6	26	86.8519
6	26	86.87459
6	26	86.90173
6	26	86.92128
6	26	86.94209
6	26	86.96236
7	26	86.9744
7	26	86.98567
7	26	87.00031
7	26	87.01747
7	26	87.03472
7	26	87.05585
7	26	87.07387
8	26	87.09032
8	26	87.10297
8	26	87.11539
8	26	87.13001
8	26	87.14478
8	26	87.15682
8	26	87.16858
8	26	87.18525
8	26	87.20538
9	26	87.21782
9	26	87.2323
9	26	87.24811
9	26	87.26324
9	26	87.27543
9	26	87.28746
9	26	87.29946
9	26	87.31175
9	26	87.32335
9	25	87.33443
9	25	87.35316
9	25	87.38139
9	25	87.40057
9	25	87.42194
9	25	87.44284
9	24	87.46429
9	24	87.48711
9	24	87.50999
9	24	87.54036
9	24	87.55836
9	23	87.57822
9	23	87.59878
9	23	87.62141
9	23	87.64569
9	23	87.66883
9	23	87.69597
9	23	87.71523
9	23	87.73569
9	23	87.75574
9	23	87.77813
9	23	87.80108
9	23	87.82275
9	23	87.83909
9	23	87.85365
9	23	87.86603
9	23	87.87762
9	23	87.89117
9	23	87.90253
9	23	87.91455
9	23	87.9281
9	23	87.94241
9	23	87.95477
9	23	87.96854
9	23	87.98161
9	23	88.0027
9	23	88.0166
9	23	88.02953
9	23	88.04135
9	23	88.05288
9	23	88.06445
9	23	88.07599
9	23	88.08744
9	23	88.09858
9	23	88.11082
10	23	88.12266
10	23	88.13622
10	23	88.15591
10	23	88.17043
10	23	88.19257
10	23	88.21477
11	23	88.23482
11	23	88.25717
11	23	88.27972
11	23	88.30413
11	23	88.33244
11	23	88.35007
12	23	88.37101
12	23	88.39153
12	23	88.41595
12	23	88.44292
12	23	88.46192
12	23	88.48907
12	23	88.50766
12	22	88.52895
12	22	88.54829
12	22	88.57103
12	22	88.59595
12	22	88.61856
12	21	88.64927
12	21	88.66552
12	21	88.68083
12	21	88.69534
12	21	88.7068
12	21	88.71832
12	21	88.73071
12	21	88.74231
12	21	88.75378
12	21	88.76573
12	20	88.77837
12	20	88.79902
12	20	88.8121
12	20	88.8286
12	20	88.84367
12	20	88.85547
12	20	88.8671
12	20	88.87843
12	20	88.89049
12	20	88.90173
12	20	88.91203
12	20	88.92426
12	20	88.93552
12	20	88.95345
12	20	88.96518
12	20	88.97694
12	20	88.9878
12	20	88.99909
12	21	89.01664
12	21	89.03983
12	21	89.06286
12	21	89.08485
12	21	89.10578
12	22	89.13445
12	22	89.15092
12	22	89.17266
12	22	89.19575
12	22	89.21864
12	22	89.24101
12	23	89.263
12	23	89.29096
12	23	89.30723
12	23	89.32957
12	23	89.352
12	23	89.37446
12	23	89.3967
12	23	89.41927
12	23	89.44766
12	23	89.46427
12	23	89.47555
12	23	89.48723
12	23	89.49845
11	23	89.5101
11	23	89.52168
11	23	89.53297
11	23	89.54444
11	23	89.55688
11	23	89.57134
11	23	89.59223
11	23	89.60464
11	23	89.61584
10	23	89.62757
10	23	89.63976
10	23	89.65125
10	23	89.66743
10	23	89.6788
10	23	89.69096
10	23	89.70213
10	23	89.71379
10	23	89.72562
10	23	89.74291
9	23	89.75439
9	23	89.76582
9	23	89.77715
9	23	89.78839
9	23	89.80041
9	23	89.81236
9	23	89.8243
9	23	89.83605
9	23	89.848
9	23	89.85957
9	23	89.87063
9	23	89.8828
9	23	89.8989
9	24	89.91187
9	24	89.93316
9	24	89.95537
9	24	89.978
9	24	90.00002
9	25	90.02216
9	25	90.04512
9	25	90.07323
9	25	90.08936
9	25	90.11131
9	25	90.13358
9	26	90.1558
9	26	90.17866
9	26	90.20256
9	26	90.23166
9	26	90.24703
10	26	90.26836
10	26	90.29047
10	26	90.3131
10	26	90.33763
10	26	90.36053
10	26	90.38528
11	26	90.39756
11	26	90.41185
11	26	90.42746
11	26	90.44276
11	26	90.45403
11	26	90.46602
11	26	90.479
11	26	90.49091
11	26	90.50286
12	26	90.51509
12	26	90.53502
12	26	90.54725
12	26	90.56176
12	26	90.57584
12	26	90.58976
12	26	90.60199
12	26	90.61368
12	26	90.62557
12	27	90.63877
12	27	90.6503
12	27	90.66245
12	27	90.68128
12	27	90.70261
12	27	90.71429
12	27	90.73015
12	27	90.74374
12	28	90.75572
12	28	90.77092
12	28	90.79328
12	28	90.81741
12	28	90.84178
12	28	90.86639
12	29	90.88695
12	29	90.90651
12	29	90.92845
12	29	90.95255
12	29	90.97474
12	29	90.99503
12	30	91.02246
12	30	91.0439
12	30	91.06468
12	30	91.08525
12	30	91.1059
12	30	91.12899
12	30	91.15243
12	30	91.17886
12	30	91.19996
12	30	91.22094
12	30	91.24006
12	30	91.25234
12	30	91.26405
12	30	91.27495
12	30	91.28564
12	30	91.29942
12	30	91.31274
12	30	91.33192
12	30	91.3443
12	30	91.3557
12	30	91.36846
12	30	91.38284
12	30	91.39468
12	30	91.40536
12	30	91.41705
12	30	91.4286
12	30	91.43902
12	30	91.44996
12	30	91.46122
12	29	91.47305
12	29	91.49068
12	29	91.50307
12	29	91.51426
12	29	91.52525
12	29	91.53627
12	29	91.54815
12	29	91.55924
12	29	91.56989
12	29	91.58119
12	28	91.59402
12	28	91.60382
12	28	91.61972
12	28	91.6416
12	28	91.66964
12	28	91.687
12	28	91.70829
12	27	91.73121
12	27	91.75417
12	27	91.77599
12	27	91.79921
12	27	91.83194
12	26	91.84667
12	26	91.86638
12	26	91.8883
12	26	91.91065
12	26	91.93235
12	26	91.9554
12	26	91.98299
12	26	91.99961
12	26	92.02152
12	26	92.04428
12	26	92.06705
12	26	92.08931
12	26	92.10072
12	26	92.11227
12	26	92.13663
12	26	92.14816
12	26	92.16088
12	26	92.17204
12	26	92.1825
12	26	92.1953
12	26	92.20652
12	26	92.21847
12	26	92.22916
12	26	92.23991
12	27	92.25162
12	27	92.26362
12	27	92.28014
12	27	92.29247
12	27	92.30388
12	27	92.31514
12	27	92.32779
12	27	92.34056
12	27	92.35293
12	27	92.36553
12	28	92.37728
12	28	92.38848
12	28	92.39943
12	28	92.41132
12	28	92.42359
12	28	92.44279
12	28	92.45343
12	28	92.46436
12	28	92.48026
12	29	92.50204
12	29	92.52453
12	29	92.54664
12	29	92.5696
12	29	92.59286
12	30	92.61975
12	30	92.63641
12	30	92.65826
12	30	92.68127
12	30	92.70472
12	30	92.72546
12	30	92.74815
12	30	92.77589
12	30	92.7928
12	30	92.81546
12	30	92.83752
12	30	92.8598
12	30	92.88289
12	30	92.90509
12	30	92.93474
12	30	92.94819
12	30	92.9614
12	30	92.97292
12	30	92.9863
12	29	92.99947
12	29	93.01087
12	29	93.02194
12	29	93.0331
12	29	93.04526
12	29	93.05811
12	29	93.07784
12	29	93.09024
12	29	93.10122
12	28	93.11267
12	28	93.12428
12	28	93.13568
12	28	93.14817
12	28	93.15963
12	28	93.18694
12	28	93.19959
12	28	93.21092
12	28	93.22926
12	27	93.24109
12	27	93.25257
12	27	93.26974
12	27	93.28162
12	27	93.29241
12	27	93.30668
12	27	93.32892
12	27	93.35143
12	26	93.37364
12	26	93.40203
12	26	93.41833
12	26	93.44051
12	26	93.46319
12	27	93.48526
12	27	93.50874
12	27	93.5311
12	27	93.56087
12	27	93.57655
12	27	93.597
12	28	93.62003
12	28	93.64217
12	28	93.66494
12	28	93.68723
12	28	93.71393
12	29	93.73123
12	29	93.75308
12	29	93.77578
12	29	93.78708
12	29	93.79897
12	29	93.80979
12	29	93.82187
12	29	93.83263
12	29	93.84439
12	28	93.86234
12	28	93.87397
12	28	93.88619
12	28	93.89928
12	28	93.91074
12	28	93.92232
12	28	93.93401
12	28	93.94531
12	28	93.95592
12	27	93.96802
12	27	93.98027
12	27	93.99204
12	27	94.0044
12	27	94.02512
12	27	94.03838
12	27	94.05045
12	27	94.06264
12	27	94.07397
12	27	94.087
12	26	94.09818
12	26	94.10899
12	26	94.12038
12	26	94.13245
12	26	94.14457
12	26	94.15653
12	26	94.1758
12	26	94.18789
12	26	94.20058
12	26	94.21247
12	26	94.22373
12	26	94.2354
12	26	94.24601
12	26	94.25751
12	26	94.26801
12	26	94.28896
12	26	94.31239
12	26	94.33925
12	26	94.35681
12	26	94.37846
12	26	94.40093
12	26	94.42352
12	26	94.44579
12	26	94.46831
12	26	94.50111
12	26	94.51372
12	26	94.53486
12	26	94.55771
12	26	94.57991
12	26	94.60328
12	26	94.62527
12	26	94.65418
12	26	94.66977
12	26	94.69147
12	26	94.71528
12	26	94.73779
12	26	94.76022
12	26	94.77283
12	26	94.78745
12	26	94.80569
12	26	94.81997
12	26	94.83189
12	26	94.84303
12	26	94.85463
12	26	94.86607
12	26	94.87734
12	26	94.89034
12	26	94.90208
12	26	94.91336
12	26	94.92508
12	26	94.93741
12	26	94.95632
12	26	94.96861
12	26	94.98007
12	26	94.99162
12	26	95.00307
12	26	95.01544
12	26	95.02814
12	26	95.03973
12	26	95.0517
12	26	95.06332
12	26	95.07549
12	26	95.08759
12	26	95.10558
12	26	95.1175
12	26	95.13065
12	26	95.14331
12	26	95.15532
12	26	95.16766
12	26	95.17962
12	26	95.19063
12	26	95.20108
12	26	95.21663
12	26	95.23878
12	26	95.26572
12	26	95.28337
12	26	95.30566
12	26	95.32844
12	26	95.3506
12	26	95.37262
12	26	95.39526
12	26	95.4231
12	26	95.43935
12	26	95.46184
12	26	95.48433
12	26	95.50705
12	26	95.52895
12	26	95.5529
12	26	95.58102
12	26	95.59727
12	26	95.61955
12	26	95.64097
12	26	95.66429
12	26	95.68635
12	26	95.6987
12	26	95.71133
12	26	95.73145
12	26	95.75067
12	26	95.76427
12	26	95.77579
12	26	95.78818
12	26	95.79993
12	26	95.81088
12	26	95.82397
12	26	95.83646
12	26	95.84815
12	26	95.86012
12	26	95.87186
12	26	95.88991
12	26	95.90202
12	26	95.91293
12	26	95.9249
12	26	95.93625
12	26	95.94753
12	26	95.95995
12	26	95.97079
12	26	95.98258
12	26	95.99477
12	26	96.00742
12	26	96.0185
12	26	96.02966
12	26	96.04836
12	26	96.06497
12	26	96.08691
12	26	96.10916
12	26	96.13129
12	26	96.15388
12	26	96.17593
12	26	96.1991
12	26	96.22723
12	26	96.24365
12	26	96.26588
12	26	96.28885
12	26	96.31118
12	26	96.3326
12	26	96.35577
12	26	96.38268
12	26	96.39989
12	26	96.42181
12	26	96.44444
12	26	96.4668
12	26	96.48999
12	26	96.51167
12	26	96.52817
12	26	96.53941
12	26	96.55064
12	26	96.56152
12	26	96.57273
12	26	96.5845
12	26	96.59594
12	26	96.60681
12	26	96.61876
12	26	96.62909
12	26	96.64021
12	26	96.65208
12	26	96.66356
12	26	96.68085
12	26	96.69351
12	26	96.70699
12	26	96.71988
12	26	96.73408
12	26	96.75016
12	26	96.76627
12	26	96.78032
12	26	96.79501
12	26	96.80962
12	26	96.82859
12	26	96.848
12	26	96.86036
12	26	96.87115
12	26	96.88371
12	26	96.8953
12	26	96.91186
12	26	96.92373
12	26	96.93547
12	26	96.94556
12	27	96.95905
12	27	96.9814
12	27	97.00842
12	27	97.02569
12	27	97.04845
12	27	97.07034
12	28	97.09231
12	28	97.11646
12	28	97.13766
12	28	97.16468
12	28	97.18237
13	28	97.20431
13	28	97.22694
13	28	97.24986
13	28	97.27377
13	28	97.29662
14	28	97.3257
14	28	97.34192
14	28	97.36212
14	28	97.38699
14	28	97.40792
14	28	97.42816
14	28	97.44009
15	28	97.45208
15	28	97.47208
15	28	97.48749
15	28	97.49892
15	28	97.51112
15	28	97.52343
15	28	97.53494
15	28	97.54597
15	28	97.55801
15	28	97.57004
15	28	97.58157
15	28	97.59309
15	28	97.60487
15	28	97.62257
15	28	97.6346
15	28	97.64598
15	28	97.65788
15	28	97.67029
15	28	97.6823
15	28	97.69518
15	28	97.70731
15	28	97.71931
14	28	97.73309
14	28	97.74313
14	28	97.75408
14	28	97.77354
14	28	97.80105
14	28	97.8192
14	28	97.84099
13	28	97.86405
13	28	97.88671
13	28	97.90923
13	28	97.93145
13	28	97.95955
12	28	97.97565
12	28	97.9978
12	28	98.02007
12	28	98.04217
12	28	98.06574
12	28	98.08836
12	28	98.11575
12	28	98.13213
12	29	98.15382
12	29	98.17579
12	29	98.19844
12	29	98.22105
12	29	98.24316
12	30	98.2597
12	30	98.27261
12	30	98.28367
12	30	98.29507
12	30	98.30613
12	30	98.31657
12	30	98.3283
12	30	98.33966
12	30	98.35064
12	30	98.3622
12	30	98.37286
12	30	98.38403
12	30	98.39492
12	30	98.41245
12	30	98.42503
12	30	98.43718
12	30	98.44835
12	30	98.46069
12	30	98.47153
12	30	98.48363
12	30	98.49545
11	30	98.50753
11	30	98.51907
11	30	98.53223
11	30	98.5467
11	30	98.56758
11	30	98.58128
11	30	98.59304
11	30	98.60481
11	30	98.61575
10	30	98.62817
10	30	98.6396
10	30	98.65224
10	30	98.66703
10	30	98.68161
10	30	98.693
10	30	98.70441
10	30	98.72373
10	30	98.73853
9	30	98.757
9	30	98.78078
9	30	98.80346
9	30	98.82754
9	30	98.84756
8	30	98.87029
8	30	98.8997
8	30	98.91756
8	30	98.93842
8	30	98.95831
8	30	98.98003
7	30	99.00254
7	30	99.02665
7	30	99.05765
7	30	99.07454
7	30	99.09262
6	30	99.11441
6	30	99.13845
6	30	99.15927
6	30	99.18554
6	30	99.20692
6	30	99.22253
5	30	99.23352
5	30	99.24421
5	30	99.25568
5	30	99.26707
5	30	99.28176
5	30	99.29583
5	30	99.30682
5	30	99.31814
5	30	99.32959
5	30	99.34646
4	30	99.3671
4	30	99.38253
4	30	99.39666
4	30	99.40788
4	30	99.42024
4	30	99.43156
4	30	99.44293
4	30	99.45467
4	30	99.46589
4	30	99.47754
4	30	99.48946
4	30	99.50285
4	30	99.5281
4	30	99.5443
4	30	99.55791
4	30	99.56995
4	30	99.57984
4	30	99.59393
3	30	99.6171
3	30	99.64004
3	30	99.66483
3	30	99.69263
3	30	99.7104
2	30	99.72815
2	30	99.75077
2	30	99.77305
2	30	99.79832
2	30	99.82226
2	30	99.84837
2	30	99.86682
2	30	99.88686
2	30	99.90807
2	29	99.93018
2	29	99.95287
2	29	99.97631
2	29	100.0071
2	29	100.025
2	29	100.042
2	28	100.0531
2	28	100.0643
2	28	100.0757
2	28	100.0892
2	28	100.106
2	28	100.1197
2	28	100.1309
2	28	100.1527
2	28	100.1665
2	27	100.1775
2	27	100.1886
2	27	100.2019
2	27	100.217
2	27	100.2302
2	27	100.2417
2	27	100.2534
2	27	100.2644
2	27	100.2759
2	27	100.2887
2	26	100.3087
2	26	100.3235
2	26	100.3389
2	26	100.3502
2	26	100.361
2	26	100.3733
2	26	100.3848
2	26	100.3959
2	26	100.4071
3	26	100.4189
3	26	100.4305
3	26	100.4431
3	26	100.4639
3	26	100.4837
3	26	100.4944
3	26	100.5058
3	26	100.5217
4	26	100.5436
4	26	100.5664
4	26	100.5894
4	26	100.6145
4	26	100.6413
5	26	100.66
5	26	100.6787
5	26	100.701
5	26	100.7275
5	26	100.7481
5	26	100.7682
5	26	100.8038
5	26	100.8221
5	26	100.8384
5	26	100.8574
5	26	100.8806
6	26	100.9037
6	26	100.9258
6	26	100.9564
6	26	100.9712
6	26	100.9821
6	26	100.9936
6	26	101.0057
6	26	101.0169
7	26	101.0283
7	26	101.0395
7	26	101.0505
7	26	101.0642
7	26	101.0763
7	26	101.0939
7	26	101.1057
7	26	101.1173
7	26	101.1293
7	26	101.1414
8	26	101.1528
8	26	101.1677
8	26	101.1801
8	26	101.1921
8	26	101.2033
8	26	101.2141
8	26	101.2259
8	26	101.2369
8	26	101.2539
8	26	101.2661
9	26	101.277
9	26	101.2924
9	26	101.3145
9	26	101.3373
9	26	101.3601
9	26	101.3816
10	26	101.405
10	26	101.4322
10	26	101.4494
10	26	101.4709
10	26	101.4938
11	26	101.5157
11	26	101.5385
11	26	101.5609
11	26	101.5894
11	26	101.6059
11	26	101.628
10	26	101.6502
10	26	101.673
10	26	101.6951
10	26	101.7172
10	26	101.7445
9	26	101.762
9	26	101.7728
9	26	101.7853
9	26	101.8037
9	26	101.8172
9	26	101.8301
9	26	101.8448
9	26	101.8586
9	26	101.871
8	26	101.891
8	26	101.9026
8	26	101.9139
8	26	101.9256
8	26	101.9375
8	26	101.9483
8	26	101.9604
8	26	101.971
8	26	101.9818
8	26	101.9925
7	26	102.0029
7	26	102.0139
7	26	102.0253
7	26	102.043
7	26	102.0542
7	26	102.0658
7	26	102.0775
7	26	102.0887
7	26	102.0997
7	26	102.119
6	26	102.1417
6	26	102.164
6	26	102.1873
6	26	102.2143
6	26	102.2309
6	27	102.2533
6	27	102.275
6	27	102.2981
6	27	102.3246
6	27	102.3469
6	28	102.3765
6	28	102.3929
6	28	102.4095
6	28	102.434
6	28	102.4583
6	28	102.478
6	29	102.4997
6	29	102.5301
6	29	102.5472
6	29	102.5687
6	29	102.5887
6	29	102.6002
6	30	102.6121
6	30	102.6236
6	30	102.6353
6	30	102.6467
6	30	102.6587
6	30	102.6788
6	30	102.6946
6	30	102.7061
6	30	102.718
6	30	102.7303
6	29	102.7414
6	29	102.7529
6	29	102.7643
6	29	102.7758
6	29	102.7873
6	29	102.7985
6	29	102.8103
6	29	102.8345
6	29	102.8472
6	28	102.8587
6	28	102.8703
6	28	102.8844
6	28	102.8992
6	28	102.9113
6	28	102.9233
6	28	102.9348
6	28	102.9575
6	27	102.9796
6	27	103.0072
6	27	103.0246
6	27	103.0463
6	27	103.0685
6	27	103.0915
6	26	103.1143
6	26	103.1367
6	26	103.1633
6	26	103.1805
6	26	103.2023
7	26	103.2254
7	26	103.2475
7	26	103.2698
7	26	103.2926
7	26	103.3203
7	26	103.3378
8	26	103.3596
8	26	103.3817
8	26	103.4041
8	26	103.4277
8	26	103.4501
7	26	103.4702
7	26	103.4825
7	26	103.4955
7	26	103.5092
7	26	103.5213
7	26	103.5339
7	26	103.5466
7	26	103.5586
7	26	103.5699
7	26	103.5822
6	26	103.5955
6	26	103.6079
6	26	103.6272
6	26	103.6388
6	26	103.6497
6	26	103.6615
6	26	103.6731
6	26	103.6844
6	26	103.6961
6	26	103.7074
5	26	103.7185
5	26	103.7299
5	26	103.7415
5	26	103.7535
5	26	103.7643
5	26	103.7822
5	26	103.7944
5	26	103.8054
5	26	103.8163
5	26	103.8289
4	26	103.8409
4	26	103.8531
4	26	103.8644
4	26	103.8758
4	26	103.8885
4	26	103.8995
4	26	103.9109
4	26	103.9229
4	26	103.9406
4	26	103.9519
4	26	103.9628
4	26	103.9746
4	26	103.9859
4	26	103.9977
4	26	104.009
4	26	104.021
4	26	104.0326
4	26	104.047
4	26	104.062
4	26	104.0766
3	26	104.1033
3	26	104.1158
3	26	104.129
3	26	104.1414
3	26	104.1533
3	26	104.1653
3	26	104.1775
3	26	104.1885
2	26	104.2012
2	26	104.2193
2	26	104.2413
2	26	104.2695
2	26	104.2869
2	26	104.3083
3	26	104.3312
3	26	104.3537
3	26	104.3761
3	26	104.3991
3	26	104.4281
3	26	104.4434
4	26	104.4649
4	26	104.4879
4	26	104.5099
4	26	104.5323
4	26	104.5554
5	26	104.5813
5	26	104.5992
5	26	104.6214
5	26	104.643
5	26	104.6658
5	26	104.6879
5	26	104.7003
5	26	104.7115
5	26	104.7298
5	26	104.7413
5	26	104.7536
5	26	104.7643
5	26	104.7757
5	26	104.7868
5	26	104.7986
5	26	104.8102
6	26	104.8221
6	26	104.8334
6	26	104.8451
6	26	104.8607
6	26	104.8732
6	26	104.8932
6	26	104.9039
6	26	104.9147
6	26	104.9273
5	26	104.9385
5	26	104.9497
5	26	104.9625
5	26	104.974
5	26	104.9852
5	26	104.9971
5	26	105.0074
5	26	105.0192
5	26	105.0309
5	26	105.049
5	26	105.0611
5	26	105.0726
5	26	105.0841
5	26	105.0954
5	26	105.1066
5	26	105.1171
5	26	105.132
5	26	105.1456
5	26	105.159
4	26	105.1811
4	26	105.208
4	26	105.2254
4	26	105.2474
4	26	105.2692
4	26	105.2962
3	26	105.314
3	26	105.3366
3	26	105.364
3	26	105.3808
3	26	105.4027
2	26	105.4257
2	26	105.4473
2	26	105.4694
2	26	105.4924
2	26	105.5194
2	26	105.5371
2	25	105.5589
2	25	105.5814
2	25	105.6061
2	25	105.6288
2	25	105.6404
2	25	105.651
2	24	105.6721
2	24	105.6878
2	24	105.7008
2	24	105.7152
2	24	105.7293
2	24	105.7402
2	24	105.7518
2	24	105.7633
2	24	105.775
2	24	105.7874
2	23	105.7991
2	23	105.8095
2	23	105.8321
2	23	105.8481
2	23	105.8598
2	23	105.8702
2	23	105.8824
2	23	105.8954
2	23	105.9072
2	23	105.9189
2	23	105.9297
2	23	105.9426
2	23	105.9535
2	23	105.9665
2	23	105.983
2	23	105.9959
2	23	106.0172
3	23	106.0401
3	23	106.0624
3	23	106.0842
3	23	106.107
3	23	106.1299
4	23	106.1575
4	23	106.1744
4	23	106.1959
4	23	106.219
4	23	106.2421
4	23	106.2649
4	22	106.2861
4	22	106.3142
4	22	106.3311
4	22	106.3546
4	22	106.3776
4	22	106.3979
4	21	106.4196
4	21	106.4428
4	21	106.4736
4	21	106.4894
4	21	106.5014
4	21	106.5139
4	20	106.5254
4	20	106.5365
4	20	106.5495
4	20	106.565
4	20	106.5862
4	20	106.5985
4	20	106.6197
4	20	106.6369
4	20	106.6499
4	20	106.6607
4	20	106.673
4	20	106.6854
4	20	106.6983
4	20	106.7093
4	20	106.7213
4	20	106.7325
4	20	106.7437
4	20	106.7556
4	20	106.7725
4	20	106.7834
4	20	106.7941
4	20	106.8062
4	20	106.817
4	20	106.8291
4	20	106.8443
3	20	106.8673
3	20	106.8912
3	20	106.9158
3	20	106.9438
3	20	106.9602
2	20	106.9782
2	20	107.0005
2	20	107.0255
2	20	107.0474
2	20	107.0675
2	20	107.0975
2	20	107.1153
2	20	107.1343
2	20	107.1568
2	20	107.1792
2	20	107.2012
2	20	107.2239
2	20	107.2514
2	20	107.2687
2	20	107.2914
2	20	107.3134
2	20	107.325
2	20	107.3358
3	20	107.3473
3	20	107.3584
3	20	107.3712
3	20	107.3845
3	20	107.4037
3	20	107.4159
3	20	107.4274
3	20	107.4388
3	20	107.449
3	20	107.4601
4	20	107.4713
4	20	107.4825
4	20	107.4934
4	20	107.5052
4	20	107.5168
4	20	107.5285
4	20	107.5404
4	20	107.5584
4	20	107.5702
4	20	107.5812
4	20	107.5928
4	20	107.6036
4	20	107.6148
4	20	107.6254
4	20	107.6373
4	20	107.648
4	20	107.6596
4	20	107.671
4	20	107.6815
4	20	107.6988
4	20	107.7164
4	20	107.7279
4	20	107.7391
4	20	107.7497
4	20	107.762
4	20	107.7733
4	20	107.7841
4	20	107.7955
4	20	107.8097
4	20	107.8245
4	20	107.8363
4	20	107.8488
4	20	107.8678
4	20	107.8788
4	20	107.8914
4	20	107.9021
4	20	107.913
4	20	107.9244
4	20	107.9344
4	20	107.9455
3	20	107.9573
3	20	107.9674
3	20	107.978
3	20	107.9949
3	20	108.0164
3	20	108.0444
3	20	108.0626
2	20	108.0831
2	20	108.1054
2	20	108.1284
2	20	108.1509
2	20	108.1733
2	20	108.2003
2	20	108.2177
2	19	108.2404
2	19	108.2625
2	19	108.2882
2	19	108.3108
2	19	108.3308
2	18	108.3627
