x	y	time	x-coordinate	y-coordinate	z-coordinate
15	11	0.0407333	-0.6490624	0.1871953	-0.02319324
15	11	0.0508422	-0.6490062	0.1870822	-0.02330935
15	11	0.0606531	-0.648858	0.1869415	-0.02365601
15	11	0.0681918	-0.6487155	0.1870317	-0.02352524
15	11	0.0745068	-0.6487155	0.1870317	-0.02352524
15	11	0.0821725	-0.6495484	0.186064	-0.0241642
15	11	0.0902994	-0.6492549	0.1861978	-0.02414191
15	11	0.1017829	-0.6491114	0.1861577	-0.02404928
15	11	0.1130808	-0.6492516	0.1856354	-0.02439141
15	11	0.1238471	-0.6490182	0.1856676	-0.02430952
15	11	0.1350736	-0.6489875	0.1854637	-0.02440786
15	11	0.1463498	-0.648903	0.1851296	-0.02460253
15	11	0.1574412	-0.6487585	0.1847612	-0.02505827
15	11	0.1685134	-0.6485587	0.1845332	-0.02544725
15	11	0.1794858	-0.6489389	0.1836014	-0.02575314
15	11	0.1902478	-0.6490214	0.1835575	-0.02590346
15	11	0.2014706	-0.648895	0.1833154	-0.02621579
15	11	0.2128434	-0.6488386	0.1828858	-0.02633369
15	11	0.2240217	-0.6493911	0.1822585	-0.02664912
15	11	0.2353483	-0.649423	0.1820096	-0.02672935
15	11	0.2463952	-0.6494542	0.1817161	-0.02689505
15	11	0.2573088	-0.6487455	0.1820335	-0.02663946
15	11	0.2688457	-0.6487916	0.181644	-0.02677155
15	11	0.2799162	-0.6488551	0.1813914	-0.02700984
15	11	0.2906905	-0.6487838	0.1810535	-0.02722549
15	11	0.3019559	-0.648748	0.180705	-0.02762997
15	11	0.3132691	-0.6486704	0.1802773	-0.02779806
15	11	0.3244581	-0.6488671	0.1801424	-0.02786601
15	11	0.3360536	-0.6486869	0.1798007	-0.02821672
15	11	0.3465309	-0.649191	0.1789634	-0.0290252
15	11	0.3579591	-0.6489267	0.1787131	-0.02864432
15	11	0.3691525	-0.6489604	0.1783221	-0.02829087
15	11	0.3802579	-0.6489674	0.1774238	-0.02872181
15	11	0.3913336	-0.6489584	0.1770053	-0.02840734
15	11	0.4023869	-0.648947	0.1764742	-0.02800453
15	11	0.4136091	-0.6494107	0.1755016	-0.02801752
15	11	0.425259	-0.6487355	0.1757263	-0.02718616
15	11	0.4365649	-0.6489254	0.1757588	-0.02635157
15	11	0.4476866	-0.6496897	0.1758558	-0.02487707
15	11	0.4584073	-0.6500593	0.1763124	-0.0230422
15	11	0.4696641	-0.6507788	0.1773543	-0.01960361
15	11	0.4808955	-0.6515357	0.1780494	-0.01519144
15	11	0.4923163	-0.6518047	0.1787727	-0.0106231
15	11	0.503252	-0.6522958	0.179041	-0.005490303
15	11	0.5149165	-0.6535403	0.1786079	0.004694223
15	11	0.5268546	-0.6542023	0.1778643	0.0129298
15	11	0.5377984	-0.6547107	0.1771393	0.02374601
15	11	0.5494737	-0.6559343	0.1761204	0.03528047
15	11	0.5615023	-0.6559269	0.1746503	0.04713333
15	11	0.5723069	-0.6556107	0.1731218	0.05867898
15	11	0.58395	-0.6550682	0.1718931	0.0697037
15	11	0.5956142	-0.65381	0.1705419	0.08058631
15	11	0.6073318	-0.6511643	0.1691618	0.09133077
15	11	0.6183644	-0.6497759	0.1672466	0.1006956
15	11	0.629909	-0.6464286	0.167017	0.1102171
15	11	0.6413654	-0.6431394	0.1666131	0.1187091
15	11	0.653359	-0.6409953	0.1659249	0.12696
15	11	0.6644515	-0.6379362	0.1663632	0.1350615
15	11	0.6755103	-0.6357071	0.1661556	0.143452
15	11	0.6875169	-0.6336019	0.1651343	0.1495559
15	11	0.698784	-0.631267	0.1655489	0.1555796
15	11	0.7103901	-0.6289304	0.164692	0.1611137
15	11	0.7215075	-0.6273146	0.1648074	0.1663251
15	11	0.7326394	-0.6255462	0.1654798	0.1702026
15	11	0.7440349	-0.6243212	0.1647253	0.1741138
15	11	0.7553725	-0.6227415	0.1646664	0.1778654
15	11	0.766602	-0.6219029	0.1644411	0.18041
15	11	0.7773929	-0.6207144	0.1634381	0.1839262
15	11	0.7888639	-0.6199309	0.1628919	0.1858395
15	11	0.7997683	-0.6192302	0.1625197	0.1884311
15	11	0.8116574	-0.6190308	0.1622338	0.1893315
15	11	0.8221309	-0.6177586	0.1626271	0.191592
15	11	0.833217	-0.617574	0.1621448	0.1928114
15	11	0.8446312	-0.6177038	0.1616381	0.1929508
15	11	0.855587	-0.6170893	0.1617789	0.1936994
15	11	0.8669129	-0.6171367	0.1611344	0.1938437
15	11	0.8780241	-0.6170976	0.1604151	0.1940306
15	11	0.8890808	-0.6171956	0.1597584	0.1939312
15	11	0.9001912	-0.6174103	0.1589379	0.1935115
15	11	0.9118202	-0.6176821	0.158095	0.1930182
15	11	0.9222288	-0.6179329	0.1572045	0.192119
15	11	0.9332504	-0.6181988	0.1560701	0.1913407
15	11	0.9447554	-0.6188526	0.154725	0.1906036
15	11	0.9559977	-0.6188886	0.15386	0.190496
15	11	0.9669729	-0.6190816	0.152582	0.1904271
15	11	0.9779812	-0.6191636	0.1514716	0.1904455
15	11	0.9892508	-0.6194241	0.1509318	0.1906345
15	11	1.000376	-0.6195078	0.1499813	0.1903635
15	11	1.011816	-0.6195928	0.1488149	0.1898053
15	11	1.022911	-0.6200925	0.1476579	0.1888505
15	11	1.034558	-0.6200719	0.1467606	0.1884974
15	11	1.045475	-0.6200428	0.1454645	0.1878803
15	11	1.056782	-0.6197104	0.1442255	0.1870382
15	11	1.068179	-0.61954	0.142933	0.1856413
15	11	1.079057	-0.6199865	0.1414071	0.1824712
15	11	1.090225	-0.6204715	0.1402415	0.1790674
15	11	1.101538	-0.6215084	0.1398513	0.1739569
15	11	1.112673	-0.6233103	0.13878	0.1677365
15	11	1.123669	-0.6246029	0.1398767	0.1611001
15	11	1.134292	-0.6263425	0.1395508	0.1546841
15	11	1.145591	-0.627574	0.1386549	0.1465899
15	11	1.156911	-0.6290601	0.1387651	0.1382401
15	11	1.167619	-0.6311704	0.1387138	0.1297251
15	11	1.178759	-0.6329386	0.1383477	0.1207834
15	11	1.190096	-0.6342465	0.138608	0.1113453
15	11	1.200945	-0.6355584	0.138535	0.101781
15	11	1.212723	-0.636795	0.1382082	0.09238648
15	11	1.223599	-0.6376367	0.1377224	0.08247304
15	11	1.234566	-0.6385241	0.137535	0.07238483
15	11	1.245772	-0.6398232	0.1374469	0.06194627
15	11	1.257561	-0.6401713	0.1381141	0.05232084
15	11	1.268142	-0.6407571	0.1381431	0.04260087
15	11	1.279472	-0.6410969	0.1384858	0.03292525
15	11	1.290686	-0.6410615	0.1384876	0.02374804
15	11	1.301952	-0.641214	0.1380574	0.0136466
15	11	1.313357	-0.6412702	0.1382095	0.00421524
15	11	1.324344	-0.6408842	0.1383158	-0.005569577
15	11	1.335805	-0.6404119	0.138142	-0.01654792
15	11	1.346926	-0.6399194	0.1387	-0.02773845
15	11	1.357835	-0.6382849	0.1392416	-0.03778362
15	11	1.36913	-0.6366208	0.1397624	-0.04772162
15	11	1.380495	-0.6353687	0.1395177	-0.05757451
15	11	1.391427	-0.6336019	0.1397367	-0.06658769
15	11	1.402406	-0.6320276	0.1399307	-0.07541561
15	11	1.41481	-0.630197	0.1400087	-0.08326507
15	11	1.425097	-0.6287526	0.1407056	-0.09075797
15	11	1.435954	-0.626839	0.1420987	-0.09651446
15	11	1.447039	-0.6262511	0.1429305	-0.0999397
15	11	1.458274	-0.6253234	0.1436688	-0.1036086
15	11	1.469379	-0.6254029	0.1450245	-0.102764
15	11	1.480641	-0.6257385	0.1459665	-0.1039028
15	11	1.491677	-0.6259882	0.1473314	-0.1019503
15	11	1.50334	-0.6276486	0.1480417	-0.09948587
15	11	1.514431	-0.6292388	0.1491569	-0.0959475
15	11	1.525866	-0.6301186	0.1512333	-0.09055197
15	11	1.537133	-0.6319733	0.1521797	-0.08606791
15	11	1.548154	-0.635681	0.1534923	-0.07754314
15	11	1.559351	-0.6385607	0.155035	-0.06678879
15	11	1.570635	-0.6414249	0.1562876	-0.05642259
15	11	1.582046	-0.6449585	0.157186	-0.04074609
15	11	1.593097	-0.6472037	0.1586807	-0.02743196
15	11	1.604184	-0.6490414	0.1596171	-0.008811355
15	11	1.615588	-0.6510313	0.1601232	0.006291866
15	11	1.626798	-0.6518024	0.1610781	0.02457714
15	11	1.637699	-0.6535168	0.1611189	0.04001904
15	11	1.648862	-0.6515901	0.1616652	0.061149
15	11	1.660157	-0.6497374	0.1623764	0.08141911
15	11	1.671061	-0.6467999	0.162483	0.1020113
15	11	1.682336	-0.642603	0.1629062	0.1224507
15	11	1.693757	-0.6392349	0.1630445	0.1425018
15	11	1.704255	-0.6326281	0.1623029	0.1640236
15	11	1.715441	-0.6277876	0.1617544	0.1838537
15	11	1.726869	-0.6198814	0.161719	0.2041698
15	11	1.737643	-0.6114841	0.1611021	0.2242354
15	11	1.748799	-0.602514	0.1602507	0.2432822
15	11	1.760054	-0.5934142	0.1597831	0.2633419
15	11	1.771296	-0.583408	0.1576929	0.2813195
15	11	1.782527	-0.5727838	0.155162	0.297595
15	11	1.793606	-0.562362	0.154302	0.3139899
15	11	1.805054	-0.5521712	0.1524101	0.3273066
15	11	1.816278	-0.5415512	0.1503454	0.3383987
15	11	1.82768	-0.5321835	0.1493083	0.3480865
15	11	1.838706	-0.5246304	0.1467457	0.3557655
15	11	1.849955	-0.5159895	0.1438102	0.3648853
15	11	1.861055	-0.5089931	0.1424572	0.3710322
15	11	1.872251	-0.5042872	0.1403466	0.375493
15	11	1.882985	-0.498345	0.1379679	0.3789717
15	11	1.894235	-0.4948823	0.1367741	0.3817225
15	11	1.905386	-0.4914078	0.134722	0.3846327
15	11	1.916618	-0.4883183	0.1313006	0.3875
15	11	1.927903	-0.486626	0.1291136	0.3874055
15	11	1.9386	-0.4862455	0.1270809	0.3870491
15	11	1.949627	-0.4869527	0.1253341	0.3860428
15	11	1.961115	-0.4881793	0.1227617	0.3847392
15	11	1.972349	-0.4889226	0.1203485	0.3836164
15	11	1.984082	-0.4914026	0.1182141	0.3815681
15	11	1.994787	-0.4941988	0.1157906	0.3786175
15	11	2.006065	-0.4960173	0.1131084	0.3767562
15	11	2.01768	-0.5016273	0.110813	0.3700294
15	11	2.028592	-0.5052929	0.1085689	0.3656923
15	11	2.039506	-0.5101126	0.1054056	0.3594941
15	11	2.050575	-0.5141656	0.1028693	0.354045
15	11	2.061758	-0.519559	0.1005361	0.3468575
15	11	2.07277	-0.5249025	0.09769344	0.3392483
15	11	2.083809	-0.5309584	0.09486866	0.3309976
15	11	2.095275	-0.5363476	0.09242439	0.3228019
15	11	2.106294	-0.5417455	0.08979702	0.3147147
15	11	2.117454	-0.5473498	0.08664298	0.3045059
15	11	2.129074	-0.5528177	0.08402324	0.2940135
15	11	2.139731	-0.5585591	0.08203483	0.2832329
15	11	2.150931	-0.5648422	0.07989264	0.2714434
15	11	2.162401	-0.5703762	0.07753515	0.2598771
15	11	2.173556	-0.5767823	0.0760777	0.2471741
15	11	2.185	-0.5827606	0.07396245	0.2353295
15	11	2.195895	-0.5883298	0.07292509	0.2235734
15	11	2.207081	-0.5939155	0.07231879	0.2102041
15	11	2.218318	-0.5993371	0.07250929	0.1975224
15	11	2.229468	-0.6046962	0.07262254	0.1841261
15	11	2.240776	-0.6100039	0.07270265	0.171268
15	11	2.251688	-0.6141119	0.07393217	0.1578163
15	11	2.263095	-0.61852	0.07512665	0.1438515
15	11	2.274038	-0.6226599	0.07649899	0.13021
15	11	2.285312	-0.6262592	0.07831073	0.1168139
15	11	2.296541	-0.6278603	0.08190966	0.1031594
15	11	2.307737	-0.6307522	0.08364129	0.08910608
15	11	2.318838	-0.6323684	0.0865345	0.07602036
15	11	2.33026	-0.633806	0.08922434	0.06267321
15	11	2.34094	-0.6348377	0.09212136	0.04951227
15	11	2.352162	-0.6359112	0.09584808	0.03683317
15	11	2.363425	-0.6365873	0.09907889	0.02434385
15	11	2.374656	-0.6366845	0.1027839	0.01227665
15	11	2.385683	-0.6373556	0.1063515	0.000138998
15	11	2.396968	-0.6368772	0.1100621	-0.01089799
15	11	2.408086	-0.6359458	0.1141766	-0.02183032
15	11	2.419611	-0.6346002	0.1178355	-0.03171456
15	11	2.430875	-0.6337174	0.1212683	-0.04143929
15	11	2.441764	-0.6320997	0.124823	-0.04976273
15	11	2.452741	-0.6308011	0.1276853	-0.05767941
15	11	2.463903	-0.6295677	0.1306462	-0.06437552
15	11	2.475017	-0.6284291	0.1340992	-0.07103264
15	11	2.485749	-0.6272657	0.1362648	-0.07606161
15	11	2.497054	-0.6263942	0.1388628	-0.08163309
15	11	2.508242	-0.6258036	0.1411405	-0.08621156
15	11	2.519513	-0.6254299	0.1421361	-0.0907079
15	11	2.530992	-0.6250918	0.1434722	-0.09411681
15	11	2.541919	-0.6247578	0.144648	-0.09696698
15	11	2.553297	-0.6241677	0.1461169	-0.1005876
15	11	2.564672	-0.6241871	0.1469569	-0.101469
15	11	2.57571	-0.6241937	0.1480047	-0.1037396
15	11	2.587145	-0.6237842	0.1482326	-0.1050719
15	11	2.598017	-0.6236167	0.1489778	-0.10575
15	11	2.608976	-0.6235851	0.1494858	-0.1071275
15	11	2.620741	-0.6234959	0.1501864	-0.1074263
15	11	2.631699	-0.6237119	0.1503034	-0.107549
15	11	2.642558	-0.623431	0.1505297	-0.107738
15	11	2.653812	-0.6234295	0.1508135	-0.1081409
15	11	2.665561	-0.6236008	0.1506606	-0.1073022
15	11	2.676668	-0.6235536	0.1506068	-0.1071161
15	11	2.687443	-0.6236732	0.1507677	-0.1063936
15	11	2.698479	-0.6236374	0.1509413	-0.1055892
15	11	2.709644	-0.6235303	0.1504205	-0.1045991
15	11	2.720745	-0.6242981	0.1501577	-0.1047366
15	11	2.731879	-0.6245425	0.1501403	-0.1037426
15	11	2.742997	-0.6247362	0.1499276	-0.1027845
15	11	2.754135	-0.6249094	0.1497531	-0.1016527
15	11	2.7653	-0.6251826	0.1495283	-0.1007508
15	11	2.7764	-0.6254963	0.149361	-0.0997355
15	11	2.78777	-0.6251394	0.1493059	-0.09901536
15	11	2.798908	-0.6252511	0.1490294	-0.09828937
15	11	2.810071	-0.625677	0.1481237	-0.09745657
15	11	2.821448	-0.6254892	0.1481837	-0.09687626
15	11	2.832692	-0.6256478	0.1480397	-0.09607637
15	11	2.843928	-0.6257434	0.1477979	-0.0953747
15	11	2.855039	-0.6263118	0.1479185	-0.09444392
15	11	2.866077	-0.6266568	0.147655	-0.09379792
15	11	2.877315	-0.6269069	0.1475216	-0.09349847
15	11	2.888318	-0.6269439	0.1474162	-0.09304273
15	11	2.899339	-0.6270877	0.147204	-0.0927422
15	11	2.910759	-0.6279401	0.1466936	-0.09283257
15	11	2.921745	-0.6275488	0.1467997	-0.09209716
15	11	2.933013	-0.627717	0.1467642	-0.09160399
15	11	2.944441	-0.6281034	0.1459906	-0.09149897
15	11	2.955183	-0.6281445	0.1460792	-0.09146297
15	11	2.966336	-0.6283238	0.1456913	-0.09153819
15	11	2.977514	-0.6283771	0.1455158	-0.0916543
15	11	2.988472	-0.6281639	0.145473	-0.09179401
15	11	2.999529	-0.6282239	0.1451675	-0.09188831
15	11	3.010803	-0.6281292	0.1448401	-0.09206772
15	11	3.022396	-0.6283249	0.144267	-0.09249043
16	11	3.033505	-0.628134	0.1441931	-0.09232748
16	11	3.044684	-0.6281109	0.1438347	-0.09235156
16	11	3.055889	-0.6282872	0.14297	-0.09294415
16	11	3.066971	-0.6281693	0.1424502	-0.09311152
16	11	3.07825	-0.6280298	0.1420648	-0.09344661
16	11	3.089389	-0.6279333	0.1413122	-0.09384775
16	11	3.10079	-0.6278235	0.1409575	-0.09406161
16	11	3.112139	-0.6279161	0.1402229	-0.09477556
16	11	3.123213	-0.6273016	0.1400437	-0.09477234
16	11	3.134403	-0.6273055	0.1395609	-0.09551513
16	11	3.145873	-0.627234	0.1393839	-0.09582126
17	11	3.156706	-0.6276932	0.1387874	-0.09610522
17	11	3.167739	-0.6276394	0.1386738	-0.09639525
17	11	3.179331	-0.6276493	0.1384294	-0.09665346
17	11	3.18989	-0.6275355	0.1383489	-0.0972414
17	11	3.200866	-0.6277325	0.1382028	-0.09752989
17	11	3.212444	-0.6278431	0.1377987	-0.09824705
17	11	3.223863	-0.6274799	0.1374254	-0.09848034
17	11	3.234427	-0.6273481	0.137156	-0.09909487
17	11	3.24589	-0.6272891	0.1369606	-0.09954202
17	11	3.257021	-0.627007	0.1367937	-0.09962511
17	11	3.267804	-0.6269531	0.1364388	-0.1000665
18	11	3.27901	-0.6271557	0.1358507	-0.1005939
18	11	3.290311	-0.6268512	0.1358364	-0.1006727
18	11	3.301417	-0.626596	0.1360649	-0.1004734
18	11	3.313011	-0.6265759	0.1362495	-0.1004373
18	11	3.323965	-0.6268151	0.1361437	-0.100508
18	11	3.335415	-0.6270614	0.1366141	-0.09961772
18	11	3.346608	-0.6275709	0.137113	-0.09824109
18	11	3.357451	-0.6280943	0.1382245	-0.09562051
18	11	3.368469	-0.6291718	0.1387497	-0.09361517
18	11	3.379955	-0.6320329	0.1399761	-0.08662724
18	11	3.390942	-0.6341158	0.14117	-0.07982934
19	11	3.402187	-0.6388553	0.1422071	-0.06859267
19	11	3.413345	-0.6437391	0.1435512	-0.05629027
19	11	3.424255	-0.6502936	0.1445571	-0.03994775
19	11	3.435499	-0.6565168	0.146812	-0.01905203
19	11	3.446879	-0.6606333	0.1489109	-0.00148344
19	11	3.457818	-0.6621298	0.1506432	0.0174613
19	11	3.469177	-0.6626264	0.1502484	0.03732371
19	11	3.480347	-0.6597956	0.1511292	0.06029832
19	11	3.491734	-0.6577367	0.1515882	0.08013177
19	11	3.502721	-0.6525843	0.1521647	0.1006416
19	11	3.51394	-0.6466368	0.1537266	0.1182489
19	12	3.525178	-0.6426066	0.1544895	0.1360277
19	12	3.536389	-0.6356049	0.1552296	0.1522437
19	12	3.547374	-0.6281089	0.1565901	0.1656336
19	12	3.558899	-0.6221172	0.1592865	0.1783577
19	12	3.569923	-0.6172943	0.1604893	0.189476
19	12	3.580887	-0.6114495	0.1607125	0.1981654
19	12	3.591946	-0.608099	0.1618302	0.2071798
19	12	3.603064	-0.6045051	0.1643472	0.2151272
19	12	3.614271	-0.6004242	0.1643672	0.2206119
19	12	3.626094	-0.5965378	0.1666852	0.2273575
19	12	3.636526	-0.5952506	0.167604	0.2294338
19	13	3.647963	-0.5920479	0.1671547	0.2334499
19	13	3.659113	-0.5900645	0.1687375	0.2367557
19	13	3.670139	-0.5890427	0.1690183	0.2385269
19	13	3.681367	-0.5876526	0.1679708	0.2398618
19	13	3.692592	-0.5866886	0.1683575	0.2422025
19	13	3.703536	-0.58671	0.1680288	0.2424481
19	13	3.714747	-0.5870129	0.1675349	0.2422802
19	13	3.726345	-0.5868039	0.1675525	0.2412944
19	13	3.737072	-0.587281	0.1669079	0.2394629
19	13	3.748359	-0.587801	0.1667459	0.2388209
19	13	3.75932	-0.589116	0.1656728	0.2364765
19	14	3.770447	-0.5899801	0.1647626	0.2340318
19	14	3.78171	-0.591831	0.1640577	0.2316422
19	14	3.792977	-0.5927308	0.1628871	0.2298102
19	14	3.80396	-0.5936661	0.1617706	0.2277761
19	14	3.815313	-0.5948031	0.1612376	0.2256939
19	14	3.826458	-0.595642	0.1596406	0.2238468
19	14	3.837756	-0.5964159	0.1583214	0.2221707
19	14	3.848989	-0.597791	0.1573639	0.2200385
19	14	3.859982	-0.5985503	0.155853	0.2181625
19	14	3.871283	-0.5991267	0.1547705	0.216486
19	14	3.882686	-0.6000649	0.1538461	0.215052
19	15	3.893803	-0.6008526	0.1526387	0.2135652
19	15	3.905009	-0.6013188	0.1515466	0.2125957
19	15	3.916152	-0.6027608	0.1497811	0.2107525
19	15	3.927447	-0.6035247	0.1485487	0.2097316
19	15	3.938695	-0.6039343	0.1475531	0.2086748
19	15	3.94963	-0.6046301	0.1466906	0.2079097
19	15	3.960471	-0.6048751	0.1459259	0.2071164
19	15	3.971741	-0.6053635	0.1447787	0.2062788
19	15	3.982829	-0.6050086	0.1440082	0.2053499
19	15	3.993963	-0.6044879	0.1417276	0.2042311
19	15	4.005304	-0.6037861	0.1385843	0.2025012
19	16	4.016408	-0.6019423	0.1335368	0.2009054
19	16	4.028327	-0.5998744	0.128361	0.1988107
19	16	4.03884	-0.5962492	0.1172433	0.1933421
19	16	4.050091	-0.5950977	0.1089209	0.1875137
19	16	4.061174	-0.5927515	0.1003151	0.181976
19	16	4.072293	-0.5902421	0.09035039	0.1759462
19	16	4.083609	-0.5887029	0.07871366	0.1671503
19	16	4.094894	-0.5859752	0.06798577	0.160126
19	16	4.105951	-0.583858	0.05607939	0.1530242
19	16	4.117092	-0.5809838	0.04370832	0.1456488
19	16	4.128334	-0.5779665	0.03223777	0.1390245
19	17	4.139455	-0.5749639	0.02041841	0.1319
19	17	4.150642	-0.5726175	0.008418083	0.1247073
19	17	4.161977	-0.5702752	-0.002940893	0.117299
19	17	4.173243	-0.5671608	-0.01317263	0.1102014
19	17	4.184367	-0.5639912	-0.02362585	0.1031649
19	17	4.196167	-0.5612969	-0.03312492	0.09592795
19	17	4.206524	-0.5581412	-0.04075336	0.08985984
19	17	4.217566	-0.5544196	-0.04861808	0.08405077
19	17	4.229555	-0.5517077	-0.05544758	0.07741559
19	17	4.239878	-0.548471	-0.05869532	0.07150698
19	17	4.250951	-0.5454006	-0.06465101	0.06636584
19	16	4.262089	-0.5436072	-0.06834269	0.06103396
19	16	4.273357	-0.5415787	-0.07078505	0.05719614
19	16	4.284524	-0.5396303	-0.07348323	0.05456471
19	16	4.295864	-0.5380769	-0.07655025	0.0505439
19	16	4.307122	-0.5359883	-0.07733345	0.04773986
19	16	4.318214	-0.5345483	-0.07848024	0.04573023
19	16	4.330032	-0.5334656	-0.07915115	0.04411793
19	16	4.340652	-0.5324085	-0.07957387	0.04271209
19	16	4.352092	-0.53159	-0.08022213	0.04145336
19	16	4.363351	-0.5309099	-0.08061433	0.04036772
19	15	4.374028	-0.5305761	-0.07979679	0.04028702
19	15	4.385165	-0.5317144	-0.0804522	0.0390197
19	15	4.396554	-0.5315528	-0.07949877	0.03975654
19	15	4.407907	-0.5312434	-0.07873917	0.03979456
19	15	4.418863	-0.531659	-0.07842708	0.04005897
19	15	4.430145	-0.5313538	-0.0775075	0.0407877
19	15	4.440985	-0.5311098	-0.07679296	0.04165387
19	15	4.452242	-0.5308839	-0.07610679	0.0419445
19	15	4.463659	-0.5307922	-0.07571197	0.0427568
19	15	4.474701	-0.5304942	-0.07521319	0.04356635
19	15	4.485829	-0.5307456	-0.07504988	0.04377246
19	14	4.497052	-0.5302651	-0.0744555	0.04441857
19	14	4.50821	-0.530156	-0.07425618	0.04478848
19	14	4.519247	-0.5301535	-0.07442117	0.04455197
19	14	4.530444	-0.5296099	-0.07395697	0.04516566
19	14	4.541545	-0.5292311	-0.07397652	0.0456121
19	14	4.5523	-0.5289267	-0.07406616	0.04615641
19	14	4.563673	-0.5286341	-0.07402444	0.04727018
19	14	4.574619	-0.5283594	-0.07429314	0.04811251
19	14	4.585604	-0.5282055	-0.07525563	0.04818237
19	14	4.597234	-0.5279348	-0.07557988	0.04887533
19	14	4.607924	-0.5274467	-0.07604814	0.04933703
19	13	4.61926	-0.5275283	-0.07686543	0.04913414
19	13	4.630522	-0.5271927	-0.07711744	0.04940605
19	13	4.641709	-0.5268798	-0.07739472	0.04985464
19	13	4.652908	-0.527077	-0.07762504	0.05008745
19	13	4.664588	-0.5269071	-0.07782221	0.05042768
19	13	4.67537	-0.5268115	-0.07792354	0.05073285
19	13	4.68642	-0.5264897	-0.0780046	0.05124819
19	13	4.698672	-0.5265442	-0.07817125	0.05139041
19	13	4.709289	-0.5264376	-0.07828927	0.05180001
19	13	4.720451	-0.5264094	-0.07805777	0.05223191
19	13	4.731531	-0.5266421	-0.07799029	0.05231225
19	12	4.74257	-0.5268353	-0.07764125	0.05252755
19	12	4.754068	-0.5273011	-0.07743669	0.05287576
19	12	4.76489	-0.5276239	-0.07681012	0.05337715
19	12	4.776045	-0.5282972	-0.07555604	0.05425382
19	12	4.787026	-0.5297316	-0.07476306	0.05541253
19	12	4.798387	-0.5305237	-0.07348633	0.05669272
19	12	4.809711	-0.5314927	-0.0717876	0.05933785
19	12	4.820819	-0.5329731	-0.07037711	0.06149518
19	12	4.831707	-0.5340662	-0.06810284	0.06588376
19	12	4.84284	-0.5343697	-0.06609797	0.06957364
19	12	4.85417	-0.5349898	-0.06406093	0.0743252
19	11	4.865278	-0.5353541	-0.06218791	0.079795
19	11	4.876634	-0.5356503	-0.05972481	0.08482277
19	11	4.887451	-0.5358407	-0.05836797	0.09115243
19	11	4.898715	-0.5356077	-0.05705166	0.09752405
19	11	4.910079	-0.5353405	-0.05535364	0.1045582
19	11	4.921194	-0.5344741	-0.05360174	0.112239
19	11	4.932214	-0.5337974	-0.05253005	0.1194744
19	11	4.944146	-0.5332823	-0.0512104	0.1266038
19	11	4.954979	-0.5325807	-0.05001736	0.1336811
19	11	4.965845	-0.5316231	-0.04883909	0.1408551
19	11	4.977064	-0.5304016	-0.04806089	0.147904
19	11	4.988288	-0.5294554	-0.04759431	0.1545472
19	11	4.999144	-0.528057	-0.04664874	0.1611239
19	11	5.010913	-0.5269098	-0.04606628	0.1676437
19	11	5.021349	-0.5254598	-0.04515958	0.1730469
19	11	5.032718	-0.5240602	-0.0437777	0.1795758
19	11	5.043795	-0.522396	-0.04313302	0.1857296
19	11	5.055109	-0.5208995	-0.04224825	0.1912125
19	11	5.066186	-0.5193499	-0.04096007	0.1969172
19	11	5.077438	-0.5176556	-0.04018188	0.2025198
19	11	5.088815	-0.5167969	-0.03948903	0.2066001
19	11	5.099858	-0.515458	-0.03840399	0.2112162
19	11	5.111135	-0.5140494	-0.03728247	0.2159498
19	11	5.122259	-0.5126426	-0.03625131	0.2200831
19	11	5.133929	-0.5114206	-0.03481579	0.2238691
19	11	5.144716	-0.510329	-0.03347993	0.2277505
19	11	5.155833	-0.5094343	-0.03262377	0.230129
19	11	5.167392	-0.5083514	-0.03108573	0.2334368
19	11	5.17827	-0.5075336	-0.02983809	0.2368963
19	11	5.189719	-0.5062032	-0.02847338	0.2398431
19	11	5.200401	-0.5053892	-0.02738333	0.2425166
19	11	5.211569	-0.504438	-0.02635336	0.2445815
19	11	5.22264	-0.504339	-0.02564263	0.2470143
19	11	5.233638	-0.5040512	-0.02499104	0.2489846
19	11	5.244888	-0.5045887	-0.02522349	0.2505428
19	11	5.256089	-0.5042163	-0.02411079	0.2524422
19	11	5.267318	-0.5037135	-0.02312374	0.2541095
19	11	5.278561	-0.5035591	-0.02202296	0.2555019
19	11	5.28991	-0.5033014	-0.0216229	0.2569139
19	11	5.30094	-0.5030346	-0.02099204	0.2583729
19	11	5.312082	-0.5025984	-0.02016997	0.2597878
19	11	5.323222	-0.5030243	-0.02005458	0.2605548
19	11	5.334808	-0.5026689	-0.01927257	0.2618926
19	11	5.346146	-0.502412	-0.01911378	0.2632064
19	11	5.356897	-0.5022984	-0.01833367	0.2644417
19	11	5.368258	-0.5019857	-0.0179646	0.2655272
19	11	5.379479	-0.5021561	-0.01771832	0.2664495
19	11	5.390632	-0.5020937	-0.01729393	0.267609
19	11	5.401674	-0.5016533	-0.01683426	0.2684809
19	11	5.41304	-0.501605	-0.0168438	0.2690954
19	11	5.424167	-0.5011885	-0.01636934	0.2702298
19	11	5.435277	-0.5008869	-0.01587725	0.2714263
19	11	5.446915	-0.5007547	-0.01576757	0.2722069
19	11	5.457506	-0.5001646	-0.01541853	0.2732998
19	11	5.468569	-0.4999096	-0.01526308	0.2740132
19	11	5.479891	-0.4997745	-0.01503944	0.2747275
19	11	5.491004	-0.4996786	-0.01507187	0.2755107
19	11	5.501982	-0.4994552	-0.01511765	0.2763608
19	11	5.513332	-0.4987421	-0.01468992	0.2778015
19	11	5.524357	-0.498055	-0.01449656	0.2794944
19	11	5.535607	-0.4974087	-0.01443267	0.2806691
19	11	5.546809	-0.4972755	-0.01480293	0.2817233
19	11	5.557506	-0.4961455	-0.01469755	0.2835034
19	11	5.568684	-0.4954104	-0.01461768	0.2852468
19	11	5.58004	-0.4950001	-0.01481915	0.2866306
19	11	5.591012	-0.493907	-0.01453018	0.2889009
19	11	5.602601	-0.4922491	-0.01426697	0.2917609
19	11	5.613648	-0.4904875	-0.01395822	0.2945065
19	11	5.624738	-0.4890836	-0.01357794	0.2971926
19	11	5.635905	-0.4875188	-0.01330924	0.3007804
19	11	5.647486	-0.4859247	-0.0133462	0.3037363
19	11	5.658332	-0.4836527	-0.01284647	0.3075069
19	11	5.669574	-0.4809116	-0.01233864	0.3121817
19	11	5.680966	-0.4783846	-0.01190495	0.3161118
19	11	5.691778	-0.4751081	-0.01094484	0.3210835
19	11	5.703233	-0.4719529	-0.01046896	0.3259507
19	11	5.714749	-0.4694823	-0.01117539	0.3301408
19	11	5.72552	-0.4666841	-0.01080704	0.3343582
19	11	5.73669	-0.464396	-0.010571	0.3381732
19	11	5.748011	-0.4627006	-0.01012397	0.3414191
19	11	5.759187	-0.4603096	-0.009588242	0.3447196
19	11	5.77023	-0.458733	-0.009502649	0.3472774
19	11	5.781356	-0.4570866	-0.009821892	0.3499757
19	11	5.792388	-0.4575289	-0.009426117	0.3496361
19	11	5.803524	-0.4595999	-0.009479284	0.347814
19	11	5.814791	-0.4613069	-0.01045275	0.3460529
19	11	5.825596	-0.4656943	-0.008808851	0.3406469
19	11	5.836951	-0.4720964	-0.00752902	0.3338267
19	11	5.848411	-0.479094	-0.007794857	0.325115
19	11	5.859489	-0.4847549	-0.0050354	0.3176866
19	11	5.870565	-0.4936174	-0.003380537	0.3066548
19	11	5.881832	-0.501404	-0.003055334	0.2933348
19	11	5.893075	-0.5102295	-0.0002608299	0.2789187
19	11	5.904303	-0.5191731	0.00188446	0.2654767
19	11	5.915953	-0.5297877	0.003447056	0.2466782
19	11	5.926691	-0.5388091	0.006474018	0.2302713
19	11	5.93771	-0.5474385	0.01022434	0.212002
19	11	5.94907	-0.5548011	0.01463842	0.1928383
19	11	5.959979	-0.5620579	0.01879954	0.1733661
19	11	5.971447	-0.5685127	0.02311611	0.1546729
19	11	5.98272	-0.5742081	0.02767491	0.1335225
19	11	5.993697	-0.5782028	0.03150439	0.1118056
19	11	6.004694	-0.5817776	0.03578377	0.09098196
19	11	6.016004	-0.5842671	0.0406146	0.06765604
19	11	6.02701	-0.5855112	0.04512763	0.045174
19	11	6.038015	-0.5850799	0.05009818	0.02416956
19	11	6.049376	-0.5840132	0.05628896	0.003795505
19	11	6.060423	-0.5818387	0.06039476	-0.01602602
19	11	6.071755	-0.579657	0.06523728	-0.03492522
20	11	6.08261	-0.5765014	0.07050109	-0.05227184
20	11	6.093555	-0.572338	0.07416177	-0.06718755
20	11	6.104667	-0.5672913	0.07864785	-0.07933903
20	11	6.115839	-0.5625592	0.08390474	-0.08955944
20	11	6.127306	-0.5602911	0.08697629	-0.09946871
20	11	6.13833	-0.5569736	0.09144664	-0.1048073
20	11	6.149684	-0.5566678	0.09705615	-0.1070994
20	11	6.160747	-0.555418	0.1016381	-0.1069547
20	11	6.172045	-0.5573339	0.1044428	-0.1053367
20	11	6.183357	-0.5581708	0.1086991	-0.104526
20	11	6.194612	-0.5602692	0.1116809	-0.09709787
21	11	6.205744	-0.5640215	0.1137668	-0.09088349
21	11	6.217158	-0.5708901	0.1143051	-0.07771647
21	11	6.228744	-0.5767826	0.1145701	-0.06553423
21	11	6.239446	-0.5813544	0.1141733	-0.0531255
21	11	6.250573	-0.5859247	0.1145618	-0.04080832
21	11	6.261837	-0.5903968	0.1137458	-0.02490389
21	11	6.273084	-0.59521	0.1123748	-0.007775307
21	11	6.28417	-0.5992826	0.1112413	0.01066601
21	11	6.29533	-0.6033529	0.1098491	0.03006828
22	11	6.336705	-0.6114537	0.1054195	0.08866036
22	11	6.344512	-0.6104699	0.1033111	0.1291144
22	11	6.351818	-0.6104699	0.1033111	0.1291144
22	11	6.358984	-0.608162	0.102375	0.1488775
22	11	6.36679	-0.605739	0.1021802	0.1688337
22	11	6.377897	-0.5993184	0.1020393	0.1873916
22	11	6.389493	-0.5920933	0.1022046	0.2046432
22	11	6.400528	-0.5860555	0.1024148	0.2210053
22	11	6.411497	-0.5799379	0.1006863	0.2382472
22	11	6.422884	-0.5731615	0.1005881	0.2514348
22	11	6.433813	-0.5658395	0.1007571	0.2642102
23	11	6.444885	-0.5580953	0.1000121	0.2741311
23	11	6.456511	-0.5516615	0.1008365	0.2846116
23	11	6.467649	-0.5456151	0.1019099	0.2937131
23	11	6.478452	-0.5413055	0.1023397	0.2959896
23	11	6.489804	-0.5368271	0.1018317	0.3005568
23	11	6.501183	-0.5337206	0.103395	0.3039256
23	11	6.512072	-0.5302773	0.1041989	0.3081384
23	11	6.523335	-0.5276314	0.1032073	0.3112714
23	11	6.534745	-0.5247755	0.1036758	0.3125591
23	11	6.545971	-0.5234163	0.1046276	0.3142577
23	11	6.557261	-0.5213985	0.1049776	0.3166424
24	11	6.56846	-0.5198274	0.1041851	0.3187563
24	11	6.579056	-0.519241	0.1039286	0.3182629
24	11	6.590234	-0.5183296	0.1052487	0.3189262
24	11	6.601664	-0.5180449	0.1049323	0.3185109
24	11	6.612655	-0.5186354	0.1041868	0.3167576
24	11	6.624064	-0.5196668	0.1044238	0.3162043
24	11	6.634668	-0.5205822	0.1039622	0.3140233
24	11	6.645839	-0.5217646	0.103734	0.3122149
24	11	6.657187	-0.524132	0.1036789	0.3098556
24	11	6.668454	-0.5248759	0.1033685	0.3079245
24	11	6.679514	-0.52591	0.103148	0.306218
25	11	6.690717	-0.526949	0.1034558	0.3045404
25	11	6.702291	-0.5279796	0.1026671	0.3027065
25	11	6.713054	-0.5282615	0.1029673	0.3015635
25	11	6.725806	-0.5295037	0.1033463	0.3000799
25	11	6.736452	-0.5302001	0.1030893	0.2986298
25	11	6.747091	-0.5311301	0.1022151	0.2967727
25	11	6.758355	-0.5318831	0.1018944	0.2953358
25	11	6.769547	-0.5327697	0.1019077	0.2936163
25	11	6.78039	-0.5341747	0.1006315	0.2918149
25	11	6.791473	-0.5343357	0.1003602	0.2905612
25	11	6.802848	-0.5352893	0.1003306	0.2889634
26	11	6.814607	-0.5360274	0.09985256	0.2875795
26	11	6.825832	-0.5367988	0.09954739	0.2863827
26	11	6.836484	-0.5372849	0.09903908	0.2847987
26	11	6.847687	-0.5379746	0.09809828	0.2826221
26	11	6.859374	-0.5383009	0.09768152	0.2804067
26	11	6.870143	-0.5383885	0.0972352	0.2781143
26	11	6.880974	-0.53847	0.09655237	0.275068
26	11	6.892752	-0.5383441	0.09578061	0.2726636
26	11	6.903728	-0.5381091	0.09491777	0.2698879
26	11	6.915135	-0.5378073	0.09342098	0.2671924
26	11	6.926081	-0.538167	0.09255338	0.264334
27	11	6.937177	-0.5383606	0.09056926	0.2614871
27	11	6.949321	-0.5381061	0.08743095	0.2578946
27	11	6.961023	-0.5368207	0.08454347	0.2543452
27	11	6.973148	-0.5339804	0.07950568	0.2496529
27	11	6.985022	-0.5322286	0.07488513	0.2453345
27	11	6.997124	-0.5275249	0.06782603	0.239738
27	11	7.009517	-0.5240631	0.06140614	0.234524
27	11	7.020379	-0.5201452	0.0530169	0.2272885
27	11	7.032423	-0.5145092	0.04465556	0.2208376
27	11	7.04339	-0.5099641	0.03615499	0.2148497
27	11	7.054437	-0.5046245	0.02639222	0.2075835
27	11	7.06576	-0.4989878	0.01610231	0.2017721
27	11	7.076676	-0.49412	0.005134583	0.1961697
27	11	7.088007	-0.4888051	-0.006071568	0.1914068
27	11	7.099246	-0.4838406	-0.02014613	0.1876678
27	10	7.110484	-0.4789419	-0.03237081	0.183261
27	10	7.121544	-0.473986	-0.0452795	0.1789063
27	10	7.133046	-0.4696486	-0.05874729	0.176018
27	10	7.14378	-0.4644525	-0.07163978	0.1740018
27	10	7.155088	-0.4594537	-0.0837667	0.1704582
27	10	7.16662	-0.4536488	-0.0963316	0.1685897
27	10	7.177355	-0.4481543	-0.1077232	0.1662952
27	10	7.188761	-0.4426388	-0.1175747	0.165518
27	10	7.199783	-0.4379425	-0.1271224	0.1626484
27	10	7.211097	-0.4330939	-0.1355536	0.1602937
27	10	7.222714	-0.4286481	-0.1443312	0.1578969
27	9	7.233395	-0.4246571	-0.147773	0.1553855
27	9	7.244683	-0.4214301	-0.1523149	0.1529962
27	9	7.255766	-0.4167975	-0.1582863	0.1516652
27	9	7.266897	-0.414427	-0.1597042	0.1506926
27	9	7.278132	-0.411323	-0.1629052	0.1491114
27	9	7.289533	-0.4092536	-0.1660914	0.1473281
27	9	7.30019	-0.40695	-0.1668482	0.1473308
27	9	7.311467	-0.4050311	-0.1697099	0.1459142
27	9	7.322792	-0.4036425	-0.1698489	0.1454608
27	9	7.333661	-0.4031342	-0.1692162	0.1451418
27	9	7.34471	-0.4015784	-0.1701899	0.1448039
27	8	7.356237	-0.4019891	-0.1707268	0.1434762
27	8	7.366983	-0.4017602	-0.1702166	0.1429318
27	8	7.378342	-0.4021428	-0.1703017	0.142664
27	8	7.389673	-0.401521	-0.1699011	0.1430316
27	8	7.400737	-0.4015021	-0.1693361	0.1431047
27	8	7.411769	-0.4020354	-0.1684217	0.1429858
27	8	7.42315	-0.4020654	-0.1684225	0.1428425
27	8	7.434069	-0.4022288	-0.1672747	0.1439784
27	8	7.445326	-0.4028165	-0.1670513	0.1447165
27	8	7.456517	-0.4032443	-0.1649108	0.1454242
27	8	7.467833	-0.4038776	-0.1636934	0.1455789
27	7	7.479169	-0.4042586	-0.1627653	0.1464874
27	7	7.490028	-0.404776	-0.1611924	0.14705
27	7	7.501336	-0.4054362	-0.1604118	0.147711
27	7	7.512499	-0.4056735	-0.1591785	0.1486448
27	7	7.52375	-0.4054365	-0.1581771	0.1493598
27	7	7.53498	-0.4056923	-0.1573384	0.1500334
27	7	7.546013	-0.4064562	-0.1558909	0.1507031
27	7	7.557424	-0.4076737	-0.1556826	0.1510106
27	7	7.568636	-0.4079155	-0.1545672	0.1516436
27	7	7.579799	-0.4083748	-0.1538181	0.1522075
27	7	7.590889	-0.4089721	-0.1527269	0.1538961
27	6	7.602106	-0.4095829	-0.1512744	0.1547964
27	6	7.61352	-0.4105737	-0.1510866	0.1550845
27	6	7.624539	-0.4109073	-0.1499031	0.1558877
27	6	7.635869	-0.4113264	-0.1487699	0.1573365
27	6	7.647756	-0.4127542	-0.1489646	0.1576319
27	6	7.657864	-0.4129955	-0.1476638	0.1587929
27	6	7.668964	-0.4135618	-0.1462965	0.1602974
27	6	7.68023	-0.4142481	-0.1448238	0.1618094
27	6	7.691207	-0.4147286	-0.1431985	0.1632301
27	6	7.702431	-0.4151865	-0.1412773	0.1647109
27	6	7.713495	-0.4161885	-0.140301	0.1657594
27	5	7.724737	-0.4167471	-0.1385741	0.1670477
27	5	7.736069	-0.4175444	-0.1369338	0.1686733
27	5	7.747422	-0.4179007	-0.1349671	0.1700106
27	5	7.758516	-0.4176658	-0.1328738	0.1712502
27	5	7.769714	-0.4185928	-0.1311753	0.1724977
27	5	7.780914	-0.4194598	-0.1302037	0.1734015
27	5	7.792312	-0.4198004	-0.1284959	0.1746073
27	5	7.803463	-0.4201369	-0.1273592	0.1761889
27	5	7.814867	-0.4204326	-0.1260417	0.177321
27	5	7.825882	-0.4207488	-0.1248925	0.1793604
27	5	7.836941	-0.4211023	-0.1236489	0.1809636
27	4	7.848025	-0.4210782	-0.1223934	0.1825916
27	4	7.859265	-0.4207847	-0.1209798	0.185099
27	4	7.870346	-0.4212201	-0.1202159	0.1871839
27	4	7.881537	-0.4220446	-0.1193526	0.1886033
27	4	7.892538	-0.4216413	-0.1184816	0.1906217
27	4	7.903669	-0.4217613	-0.1180837	0.192364
27	4	7.915201	-0.4222002	-0.1179771	0.193532
27	4	7.92584	-0.4223614	-0.1174257	0.1952431
27	4	7.936944	-0.4226202	-0.1169674	0.1972489
27	4	7.948427	-0.422716	-0.1173182	0.1988752
27	4	7.959393	-0.4223466	-0.1173587	0.2008207
27	3	7.970278	-0.42249	-0.1170537	0.2021987
27	3	7.981484	-0.4223957	-0.1169858	0.2038167
27	3	7.99249	-0.4221526	-0.1167221	0.2051581
27	3	8.003743	-0.421904	-0.1165805	0.2065197
27	3	8.015128	-0.4214021	-0.1164753	0.2078416
27	3	8.026266	-0.420803	-0.1161759	0.2089652
27	3	8.037412	-0.4205174	-0.1160731	0.2101629
27	3	8.049137	-0.419777	-0.1160595	0.211249
27	3	8.060097	-0.4194217	-0.1156485	0.2117215
27	3	8.071207	-0.4193488	-0.1155546	0.2124473
27	3	8.082459	-0.4199628	-0.1162686	0.2117908
27	2	8.093671	-0.420274	-0.1161623	0.2116473
27	2	8.10478	-0.4207855	-0.1161561	0.2113997
27	2	8.116496	-0.4216186	-0.1164937	0.2111603
27	2	8.127117	-0.4236979	-0.1162393	0.2095596
27	2	8.138254	-0.4257337	-0.1159852	0.2083774
27	2	8.149635	-0.4288733	-0.1159515	0.2060905
27	2	8.160617	-0.4321934	-0.1153827	0.203142
27	2	8.171635	-0.4394327	-0.1129594	0.1955998
27	2	8.183138	-0.4456735	-0.1113925	0.1883897
27	2	8.194047	-0.451241	-0.109087	0.181376
27	2	8.205281	-0.458858	-0.1054115	0.1714164
27	2	8.216721	-0.4671919	-0.1041346	0.1583813
27	2	8.227403	-0.4735161	-0.1010675	0.1487063
27	2	8.238543	-0.4819854	-0.09625673	0.1334522
27	2	8.249922	-0.4915326	-0.09231806	0.1157494
27	2	8.260896	-0.5001756	-0.08703685	0.09630215
27	2	8.271866	-0.506881	-0.0836246	0.07983196
27	2	8.283829	-0.5143652	-0.07956839	0.06394863
27	2	8.294464	-0.5205104	-0.07276154	0.04595017
27	2	8.305499	-0.5255493	-0.06849456	0.02991152
27	2	8.316904	-0.5309995	-0.06359982	0.01233339
27	2	8.32777	-0.5348303	-0.05847859	-0.00395596
27	2	8.339433	-0.5382628	-0.05257463	-0.02082694
27	2	8.350486	-0.5404327	-0.04842377	-0.03756332
27	2	8.361656	-0.54344	-0.04214692	-0.05395484
27	2	8.372936	-0.5444002	-0.03758001	-0.06827199
27	2	8.384295	-0.5453763	-0.03360462	-0.08388841
27	2	8.395411	-0.5448264	-0.02851772	-0.09649754
27	2	8.406483	-0.5448848	-0.02558923	-0.1092563
27	2	8.417822	-0.5449141	-0.0220561	-0.1222671
27	2	8.428698	-0.5449947	-0.01858735	-0.1344535
27	2	8.439965	-0.5437871	-0.01558399	-0.1453387
27	2	8.451097	-0.542794	-0.01160741	-0.1549695
27	2	8.462224	-0.5424359	-0.009212971	-0.16497
27	2	8.473255	-0.5413504	-0.007017374	-0.1732782
27	2	8.484478	-0.5405573	-0.004212141	-0.1826731
27	2	8.495719	-0.5395614	-0.003261089	-0.1884077
27	2	8.506489	-0.5391158	-0.002015352	-0.194346
27	2	8.517767	-0.5380843	-0.001276255	-0.2010988
27	2	8.52892	-0.5374061	6.914139E-05	-0.2074244
27	2	8.540054	-0.5366377	0.0006408691	-0.2125839
27	2	8.55117	-0.5358402	0.001150608	-0.2179245
27	2	8.562206	-0.5347744	0.00228548	-0.2228986
26	2	8.57366	-0.5342205	0.002350569	-0.2269678
26	2	8.584614	-0.5325474	0.002444506	-0.2311304
26	2	8.596122	-0.5316401	0.003074408	-0.2357569
26	2	8.606961	-0.5309303	0.002573013	-0.2394017
26	2	8.618231	-0.5291767	0.002850771	-0.2432666
26	2	8.629389	-0.5279765	0.002754211	-0.247647
26	2	8.640452	-0.5271004	0.002219677	-0.2514008
26	2	8.651644	-0.5252038	0.002236128	-0.2552658
26	2	8.663604	-0.5238912	0.002223969	-0.2591939
26	2	8.674314	-0.5228498	0.0016644	-0.2623817
26	2	8.685306	-0.5225338	0.0004518032	-0.266356
25	2	8.696582	-0.5214733	1.955032E-05	-0.2695976
25	2	8.707866	-0.5205052	-0.0004761219	-0.2722657
25	2	8.719114	-0.5194077	-0.001179457	-0.2756966
25	2	8.730424	-0.51824	-0.001625538	-0.278856
25	2	8.742422	-0.5170643	-0.002402782	-0.2813793
25	2	8.753049	-0.5159298	-0.00321269	-0.2850977
25	2	8.763831	-0.5148468	-0.00381875	-0.2881552
25	2	8.775204	-0.5136606	-0.004090071	-0.2906649
25	2	8.78601	-0.5123168	-0.004347086	-0.2929242
25	2	8.797122	-0.5115063	-0.004841566	-0.295454
25	2	8.808227	-0.5108261	-0.005148411	-0.2972299
24	2	8.81924	-0.510435	-0.006159067	-0.299929
24	2	8.830551	-0.509748	-0.006558418	-0.3020965
24	2	8.841875	-0.50898	-0.006719112	-0.3038522
24	2	8.853044	-0.5075232	-0.006001711	-0.3056031
24	2	8.864571	-0.506579	-0.00582242	-0.3070552
24	2	8.875293	-0.5057272	-0.005536556	-0.3085438
24	2	8.886703	-0.5051538	-0.005290747	-0.3097037
24	2	8.897788	-0.5043437	-0.005059719	-0.3110523
24	2	8.908846	-0.5034281	-0.004690886	-0.3119522
24	2	8.920338	-0.5024425	-0.003479958	-0.3126954
24	2	8.931197	-0.5016609	-0.00307703	-0.3139439
23	2	8.942438	-0.5009143	-0.002525091	-0.314948
23	2	8.953501	-0.4997673	-0.001179218	-0.3159233
23	2	8.964894	-0.4993242	-0.0006723404	-0.3170892
23	2	8.97655	-0.498814	0.0001120567	-0.3178977
23	2	8.987423	-0.498435	0.001168251	-0.3184911
23	2	8.998732	-0.4981549	0.001991987	-0.3189543
23	2	9.009747	-0.4980153	0.002759218	-0.3192974
23	2	9.021194	-0.4970295	0.00407958	-0.3194339
23	2	9.032065	-0.4966621	0.004761457	-0.3200679
23	2	9.043963	-0.4966221	0.005607128	-0.3205596
23	2	9.054401	-0.4959989	0.006626606	-0.3204341
22	2	9.065605	-0.4959288	0.007248402	-0.3207504
22	2	9.077058	-0.4962326	0.008193493	-0.3208318
22	2	9.088292	-0.4958208	0.008907795	-0.3205017
22	2	9.099559	-0.4958843	0.009479046	-0.3204455
22	2	9.11003	-0.4960297	0.01012349	-0.3203182
22	2	9.121428	-0.4963971	0.01062226	-0.3201594
22	2	9.132859	-0.4963722	0.0112679	-0.320025
22	2	9.143743	-0.4963896	0.01193428	-0.3200814
22	2	9.15469	-0.4968492	0.01233363	-0.3199724
22	2	9.165991	-0.4968988	0.01287556	-0.3198658
22	2	9.176921	-0.4970669	0.01341677	-0.3196898
21	2	9.188341	-0.4973292	0.01392126	-0.3193932
21	2	9.199697	-0.4975823	0.01429033	-0.3191139
21	2	9.210679	-0.497521	0.01455045	-0.3189183
21	2	9.221931	-0.4976963	0.0150826	-0.3193802
21	2	9.233373	-0.4978392	0.01536727	-0.3195305
21	2	9.244182	-0.4979689	0.01603055	-0.3197675
21	2	9.255548	-0.4976296	0.01666975	-0.3199203
21	2	9.267388	-0.4974228	0.01728463	-0.3200235
21	2	9.277899	-0.4972094	0.01773047	-0.3202267
21	2	9.288979	-0.4971449	0.01859689	-0.3202487
21	2	9.300206	-0.4968836	0.01920009	-0.3205143
20	2	9.311439	-0.4964167	0.01982832	-0.3210967
20	2	9.322516	-0.4962887	0.02009368	-0.3216947
20	2	9.334249	-0.4961338	0.02043772	-0.3220984
20	2	9.344755	-0.4956281	0.02091193	-0.3224972
20	2	9.356236	-0.4955111	0.02125502	-0.323289
20	2	9.367395	-0.4951257	0.0217669	-0.3237492
20	2	9.378202	-0.4948127	0.0224998	-0.3243417
20	2	9.389352	-0.4940006	0.02276444	-0.3249078
20	2	9.400745	-0.4934473	0.02317762	-0.3254895
20	2	9.411614	-0.493678	0.02277541	-0.3267559
20	2	9.422631	-0.4930148	0.02309752	-0.3273882
19	2	9.43406	-0.492511	0.02344966	-0.3279948
19	2	9.444854	-0.4919101	0.02380443	-0.3284993
19	2	9.456306	-0.4914336	0.02443099	-0.3285738
19	2	9.468237	-0.4910015	0.02475739	-0.3288901
19	2	9.47859	-0.490486	0.02512264	-0.3292937
19	2	9.489799	-0.4901491	0.02528667	-0.3295729
19	2	9.500871	-0.4898444	0.02548981	-0.3299223
19	2	9.511738	-0.4896319	0.02537417	-0.3304988
19	2	9.522845	-0.4894266	0.02572131	-0.3308783
19	2	9.534417	-0.4891515	0.0258646	-0.3312018
19	2	9.545337	-0.4887675	0.02598524	-0.3314822
18	2	9.55647	-0.4886374	0.02586293	-0.3322567
18	2	9.568101	-0.4880728	0.02606821	-0.3324945
18	2	9.579052	-0.487618	0.02618027	-0.3326597
18	2	9.590191	-0.4876187	0.02646947	-0.3328429
18	2	9.601702	-0.4873019	0.02672315	-0.3329065
18	2	9.612794	-0.4871014	0.02699018	-0.3330115
18	2	9.624077	-0.4869931	0.02691627	-0.3334787
18	2	9.635154	-0.4868329	0.02692199	-0.3337706
18	2	9.646303	-0.4872423	0.02667832	-0.3347212
18	2	9.657538	-0.486437	0.02689624	-0.3345695
18	2	9.669213	-0.4859513	0.02702475	-0.3349892
17	2	9.679731	-0.486037	0.02676129	-0.3355038
17	2	9.690823	-0.4857407	0.02690196	-0.3356117
17	2	9.702168	-0.48549	0.02697444	-0.3358567
17	2	9.713189	-0.4852667	0.02693176	-0.3361493
17	2	9.724434	-0.4852766	0.02718925	-0.336334
17	2	9.735414	-0.4849868	0.02731538	-0.3366394
17	2	9.74698	-0.4848806	0.0271678	-0.3369731
17	2	9.75783	-0.4848796	0.02735114	-0.3374119
17	2	9.768928	-0.4845502	0.0275948	-0.3376982
17	2	9.780199	-0.4842291	0.02802014	-0.3380228
17	2	9.791166	-0.4837153	0.02842331	-0.3378392
16	2	9.802382	-0.4835329	0.0286572	-0.3380642
16	2	9.813465	-0.483743	0.0282712	-0.3386843
16	2	9.825297	-0.4832926	0.02863288	-0.3388079
16	2	9.835746	-0.4832697	0.02862406	-0.3387958
16	2	9.846645	-0.4822593	0.02950335	-0.3387941
16	2	9.858157	-0.4816165	0.02986097	-0.3390075
16	2	9.869292	-0.4813873	0.02992749	-0.3392328
16	2	9.880653	-0.4818877	0.02929688	-0.3398074
16	2	9.891974	-0.4813876	0.02956939	-0.3399932
16	2	9.903155	-0.4812763	0.02945209	-0.3402631
16	2	9.914428	-0.48095	0.02974486	-0.34039
15	2	9.925623	-0.4810271	0.02975559	-0.3406608
15	2	9.936718	-0.4806839	0.0298624	-0.3408891
15	2	9.947969	-0.4810786	0.02980161	-0.3413754
15	2	9.959057	-0.480515	0.02996159	-0.3412396
15	2	9.970301	-0.4802752	0.02998066	-0.3412571
15	2	9.981447	-0.4803822	0.02952051	-0.3420277
15	2	9.992313	-0.4796884	0.02971125	-0.3419714
15	2	10.00327	-0.4794625	0.02970552	-0.3420303
15	2	10.01461	-0.4795105	0.02921247	-0.3421177
15	2	10.02557	-0.4795618	0.02930737	-0.3423393
15	2	10.03708	-0.4794629	0.02926397	-0.3422837
14	2	10.04836	-0.479453	0.02933383	-0.3422571
14	2	10.05929	-0.4797488	0.02867031	-0.3424171
14	2	10.07132	-0.4796326	0.02857709	-0.3422545
14	2	10.08194	-0.479965	0.02807713	-0.3422728
14	2	10.09294	-0.4800251	0.02787542	-0.3422235
14	2	10.10413	-0.4800671	0.02769804	-0.3419285
14	2	10.11542	-0.4803593	0.02719522	-0.3416953
14	2	10.12643	-0.4805536	0.02703667	-0.341609
14	2	10.13789	-0.4806848	0.02686	-0.3412387
14	2	10.14864	-0.481316	0.0261476	-0.3417441
14	2	10.15956	-0.4815581	0.02607894	-0.3414769
13	2	10.1708	-0.4815896	0.02596569	-0.3412662
13	2	10.18191	-0.4819663	0.0258491	-0.3408458
13	2	10.19357	-0.4820365	0.02592325	-0.3403411
13	2	10.20436	-0.4823027	0.02582717	-0.3398151
13	2	10.21582	-0.4830174	0.02525735	-0.3402587
13	2	10.22713	-0.4830884	0.0251832	-0.3397094
13	2	10.23849	-0.4832386	0.02516484	-0.3394541
13	2	10.24939	-0.4840013	0.02460504	-0.3393617
13	2	10.26054	-0.4839234	0.02472162	-0.33889
13	2	10.27263	-0.4842428	0.02455187	-0.3386625
13	2	10.28316	-0.4846441	0.02426291	-0.3388417
12	2	10.29465	-0.4844381	0.02447748	-0.338261
12	2	10.3057	-0.4846581	0.02443171	-0.3378742
12	2	10.31676	-0.4849263	0.02418137	-0.3377496
12	2	10.32783	-0.4849191	0.0243578	-0.3373178
12	2	10.33921	-0.4848207	0.02441835	-0.3372386
12	2	10.35005	-0.4856429	0.02369738	-0.337339
12	2	10.36142	-0.4855429	0.02382469	-0.3371288
12	2	10.37231	-0.485561	0.02378631	-0.3369029
12	2	10.38353	-0.485588	0.02372169	-0.3370069
12	2	10.39459	-0.4856232	0.02359581	-0.3369143
12	2	10.40575	-0.4855454	0.02357364	-0.3368398
11	2	10.41668	-0.486109	0.02285385	-0.3367554
11	2	10.4282	-0.4862109	0.02291942	-0.3367026
11	2	10.4392	-0.4862192	0.02282071	-0.3365904
11	2	10.45075	-0.4865683	0.0227859	-0.3368465
11	2	10.4616	-0.4861983	0.02283192	-0.3363134
11	2	10.47341	-0.486094	0.0227282	-0.336259
11	2	10.4841	-0.4865435	0.02223301	-0.3361502
11	2	10.49512	-0.4865749	0.02205086	-0.3360561
11	2	10.50625	-0.4866066	0.02187705	-0.3359401
11	2	10.51756	-0.4871229	0.02078867	-0.3364295
11	2	10.52882	-0.48709	0.02096701	-0.3361377
10	2	10.54004	-0.4871577	0.02082777	-0.3359324
10	2	10.55151	-0.4874125	0.02025247	-0.3361181
10	2	10.56235	-0.4875669	0.02022934	-0.3361439
10	2	10.5734	-0.4876395	0.02007437	-0.3360221
10	2	10.58524	-0.4877875	0.01998925	-0.3358904
10	2	10.59553	-0.4878432	0.01986647	-0.3357633
10	2	10.60673	-0.4878408	0.01972818	-0.3357655
10	2	10.61791	-0.4881407	0.01941228	-0.3358907
10	2	10.62909	-0.488286	0.01919007	-0.3359427
10	2	10.6401	-0.48833	0.01907206	-0.3359294
9	2	10.6512	-0.4885199	0.01913571	-0.3359742
9	2	10.66241	-0.488309	0.01916051	-0.3356615
9	2	10.67425	-0.488323	0.01906967	-0.3356714
9	2	10.68485	-0.4884046	0.01865149	-0.3360087
9	2	10.69597	-0.4884402	0.01845837	-0.3360713
9	2	10.70709	-0.4882334	0.01809144	-0.3358729
9	2	10.71882	-0.4882077	0.0178566	-0.3360344
9	2	10.72955	-0.4883549	0.01818752	-0.3360646
9	2	10.74078	-0.488381	0.01822615	-0.3361617
9	2	10.75243	-0.4881817	0.01818371	-0.3359228
9	2	10.76355	-0.48822	0.01799345	-0.3360355
8	2	10.77513	-0.4882525	0.01785254	-0.3359237
8	2	10.78642	-0.4886065	0.01735091	-0.3362454
8	2	10.79683	-0.4886131	0.01723075	-0.3363281
8	2	10.8079	-0.4888937	0.01748896	-0.3364381
8	2	10.81914	-0.488562	0.01720953	-0.3363919
8	2	10.83011	-0.4884779	0.01713729	-0.3364066
8	2	10.84105	-0.4884157	0.01695108	-0.3363342
8	2	10.85255	-0.4888066	0.01635671	-0.3368402
8	2	10.86353	-0.4888335	0.01598644	-0.3371527
8	2	10.87518	-0.4887254	0.01573992	-0.337183
8	2	10.88657	-0.4883244	0.01606369	-0.3368329
7	2	10.89723	-0.4881675	0.01587272	-0.3368518
7	2	10.90846	-0.4879338	0.01567459	-0.3369306
7	2	10.92054	-0.4876534	0.01587462	-0.3369728
7	2	10.9305	-0.4872022	0.01586366	-0.3367076
7	2	10.94154	-0.4870627	0.01574755	-0.3368229
7	2	10.95315	-0.4869565	0.01555228	-0.3367336
7	2	10.96399	-0.4868166	0.01523972	-0.3368307
7	2	10.97521	-0.4863918	0.01487899	-0.3369862
7	2	10.98625	-0.4866099	0.01433873	-0.3374231
7	2	10.99739	-0.486344	0.01396275	-0.3375595
7	2	11.00842	-0.4859993	0.01376271	-0.3377166
6	2	11.01966	-0.4853503	0.0135839	-0.3377936
6	2	11.03071	-0.4850585	0.01338506	-0.337777
6	2	11.04241	-0.4852512	0.01317406	-0.3375314
6	2	11.05343	-0.4845906	0.01310301	-0.3375795
6	2	11.0648	-0.4844521	0.01270366	-0.3378006
6	2	11.07679	-0.4839126	0.0121572	-0.3378747
6	2	11.08722	-0.4841833	0.01190805	-0.3380907
6	2	11.09823	-0.4841306	0.01156616	-0.3383622
6	2	11.10934	-0.4840029	0.01138186	-0.3384827
6	2	11.12047	-0.4839078	0.01120567	-0.3386112
6	2	11.13181	-0.4836717	0.01122355	-0.3385562
5	2	11.14307	-0.4836063	0.01108766	-0.3384663
5	2	11.15421	-0.4836593	0.01076293	-0.338728
5	2	11.16535	-0.483494	0.01060104	-0.3388735
5	2	11.17635	-0.4832785	0.01067376	-0.3391386
5	2	11.18735	-0.4832877	0.0107615	-0.338811
5	2	11.19863	-0.4833937	0.01057029	-0.3391277
5	2	11.20984	-0.4832883	0.01061845	-0.3392906
5	2	11.22094	-0.4832847	0.01073861	-0.3394289
5	2	11.23229	-0.4832306	0.01120996	-0.3392948
5	2	11.24302	-0.4829829	0.01144218	-0.3394802
5	2	11.25422	-0.483098	0.01204896	-0.3396803
4	2	11.26561	-0.4828529	0.01263499	-0.3397297
4	2	11.27675	-0.482722	0.01320982	-0.3397183
4	2	11.28807	-0.4826304	0.01415491	-0.3394542
4	2	11.29907	-0.482887	0.01471543	-0.3393627
4	2	11.31043	-0.4831946	0.01566458	-0.339458
4	2	11.32178	-0.4838766	0.01579762	-0.3397049
4	2	11.33319	-0.4841768	0.01650763	-0.3396708
4	2	11.34422	-0.4844524	0.01722741	-0.3397563
4	2	11.35548	-0.4850166	0.01767325	-0.3399552
4	2	11.36648	-0.4852225	0.01814461	-0.3400817
4	2	11.37778	-0.4852451	0.01858902	-0.3400943
3	2	11.38955	-0.4854281	0.01885676	-0.3402212
3	2	11.39992	-0.4854996	0.01921558	-0.3401785
3	2	11.41113	-0.4859817	0.01950574	-0.3397324
3	2	11.42222	-0.4857481	0.02004099	-0.3396835
3	2	11.43311	-0.4859811	0.02030683	-0.3395025
3	2	11.44443	-0.4866326	0.02057004	-0.3396933
3	2	11.45562	-0.4863086	0.02078438	-0.3390691
3	2	11.4667	-0.4865105	0.02095246	-0.3384318
3	2	11.47776	-0.4867936	0.02113962	-0.3382574
3	2	11.4889	-0.4867517	0.02160788	-0.3382657
3	2	11.50006	-0.4873537	0.02207088	-0.3382853
2	2	11.51144	-0.4880365	0.02254534	-0.3379003
2	2	11.52266	-0.4900224	0.02433562	-0.3380216
2	2	11.53369	-0.4912875	0.02597308	-0.3380755
2	2	11.54508	-0.4937904	0.02914476	-0.3375626
2	2	11.55593	-0.496278	0.03165221	-0.3372498
2	2	11.56718	-0.4996079	0.03583193	-0.3368458
2	2	11.57844	-0.5025104	0.03981447	-0.3359751
2	2	11.5898	-0.5070029	0.04670811	-0.3353181
2	2	11.60056	-0.5107518	0.05231452	-0.335037
2	2	11.61176	-0.5142093	0.05923557	-0.3337696
2	2	11.62304	-0.5185028	0.06753993	-0.3332301
2	2	11.63453	-0.522496	0.07520151	-0.3329893
2	2	11.64559	-0.526637	0.08451247	-0.3320564
2	3	11.65663	-0.5306129	0.09502769	-0.3306087
2	3	11.66786	-0.5346255	0.105478	-0.3296676
2	3	11.67996	-0.5383185	0.1157775	-0.328539
2	3	11.69032	-0.5424025	0.1268914	-0.3272151
2	3	11.70164	-0.5458519	0.1374199	-0.3260624
2	3	11.71247	-0.5488689	0.1491805	-0.324452
2	3	11.72397	-0.5522764	0.1603914	-0.3232961
2	3	11.73495	-0.554365	0.1725949	-0.3209749
2	3	11.74643	-0.5573663	0.1836438	-0.3195524
2	3	11.75749	-0.5594684	0.195349	-0.3170877
2	3	11.76868	-0.5610962	0.2069527	-0.3146069
2	4	11.77989	-0.5626711	0.2188352	-0.3125349
2	4	11.79099	-0.5637126	0.2294253	-0.3098292
2	4	11.804	-0.5643947	0.2402884	-0.3072954
2	4	11.81326	-0.5645319	0.2508473	-0.3047267
2	4	11.82424	-0.5648623	0.2612628	-0.3017105
2	4	11.83571	-0.5649151	0.2709125	-0.2984954
2	4	11.84685	-0.5649852	0.2811731	-0.2958671
2	4	11.85799	-0.5648707	0.2899685	-0.2926122
2	4	11.8689	-0.5648834	0.2992617	-0.2890387
2	4	11.88052	-0.5649253	0.3076124	-0.2859268
2	4	11.8918	-0.5640736	0.3160264	-0.2821128
2	5	11.90237	-0.5639305	0.3239701	-0.2788237
2	5	11.91335	-0.5637225	0.3309677	-0.2754176
2	5	11.92468	-0.5629625	0.3373275	-0.2719027
2	5	11.93591	-0.5625885	0.3448308	-0.2684728
2	5	11.94684	-0.5622113	0.3499284	-0.2655548
2	5	11.9582	-0.5609561	0.3552369	-0.2619298
2	5	11.9696	-0.5603195	0.3605883	-0.2586135
2	5	11.98069	-0.559562	0.3639808	-0.2558806
2	5	11.99186	-0.5586319	0.3685948	-0.2527753
2	5	12.00331	-0.5579468	0.3720084	-0.2498713
2	5	12.01437	-0.5574983	0.3747438	-0.2476379
2	6	12.02539	-0.5570236	0.3770933	-0.2453135
2	6	12.03671	-0.556694	0.3796858	-0.2429559
2	6	12.04773	-0.5564612	0.3810797	-0.2406675
2	6	12.05907	-0.5565333	0.3829345	-0.2387884
2	6	12.07044	-0.5566159	0.3842613	-0.2369466
2	6	12.08143	-0.5565755	0.3854619	-0.2354469
2	6	12.0926	-0.5565133	0.3866556	-0.2338188
2	6	12.10388	-0.5564852	0.387785	-0.2323511
2	6	12.11504	-0.5559963	0.3885767	-0.2311108
2	6	12.12608	-0.5556825	0.3897505	-0.2299051
2	6	12.13735	-0.5556259	0.3906968	-0.2285491
2	7	12.14825	-0.5553534	0.3915004	-0.227163
2	7	12.1594	-0.5550858	0.3928463	-0.2256932
2	7	12.17062	-0.5549258	0.3937516	-0.224629
2	7	12.18126	-0.555266	0.39423	-0.2228687
2	7	12.19261	-0.5552526	0.3952403	-0.2211143
2	7	12.20396	-0.5554458	0.3956629	-0.2199193
2	7	12.21506	-0.5555941	0.3958987	-0.2183524
2	7	12.22593	-0.5557646	0.396468	-0.2166251
2	7	12.23726	-0.5561398	0.3965983	-0.21538
2	7	12.24819	-0.5570846	0.3962953	-0.2147969
2	7	12.25936	-0.5570848	0.3964306	-0.213325
2	8	12.27083	-0.5574799	0.3962224	-0.2125301
2	8	12.28195	-0.5583516	0.3954304	-0.2123986
2	8	12.29356	-0.5584917	0.3954321	-0.2113347
2	8	12.30476	-0.5588293	0.3946646	-0.2108954
2	8	12.31592	-0.5592676	0.3933365	-0.2108738
2	8	12.32769	-0.5597129	0.3924707	-0.2109666
2	8	12.33841	-0.5601442	0.391317	-0.2107738
2	8	12.34926	-0.5602989	0.3907048	-0.210677
2	8	12.36026	-0.5606862	0.3896809	-0.210694
2	8	12.37179	-0.5612798	0.3886206	-0.2102897
2	8	12.38282	-0.5619824	0.3871953	-0.2108241
2	9	12.39414	-0.5624506	0.3861668	-0.2108991
2	9	12.4054	-0.5628413	0.3851594	-0.2108992
2	9	12.41649	-0.5634567	0.3836329	-0.2109721
2	9	12.4276	-0.5639895	0.3825676	-0.2111868
2	9	12.4387	-0.564328	0.3814688	-0.2113767
2	9	12.44982	-0.5647411	0.380259	-0.2116457
2	9	12.46094	-0.5651264	0.3790566	-0.2120123
2	9	12.47203	-0.5653119	0.3782415	-0.2122912
2	9	12.48351	-0.565931	0.3771597	-0.2128067
2	9	12.49448	-0.5661135	0.3763627	-0.2130145
2	9	12.50583	-0.5664465	0.3754289	-0.2134396
2	10	12.51682	-0.5671481	0.3745029	-0.2136203
2	10	12.52794	-0.567295	0.3740361	-0.2136018
2	10	12.53967	-0.5677538	0.3735038	-0.2136524
2	10	12.5505	-0.5681672	0.3729345	-0.2136506
2	10	12.56165	-0.568513	0.3725903	-0.2137806
2	10	12.57285	-0.5688862	0.3721987	-0.2138091
2	10	12.58398	-0.5690173	0.3716865	-0.214124
2	10	12.59521	-0.5692489	0.3714327	-0.2137775
2	10	12.60627	-0.5693126	0.3710995	-0.2137589
2	10	12.61754	-0.5691841	0.3707386	-0.213753
2	10	12.62864	-0.5694675	0.3706964	-0.2139313
2	11	12.64038	-0.5693876	0.3706139	-0.2137704
2	11	12.65106	-0.569357	0.3698359	-0.2137191
2	11	12.66173	-0.569447	0.3695762	-0.2136052
2	11	12.67328	-0.5696375	0.3694575	-0.2136244
2	11	12.68485	-0.569957	0.369287	-0.2132616
2	11	12.69576	-0.5700731	0.3694466	-0.2129965
2	11	12.70674	-0.5702233	0.3692098	-0.2128576
2	11	12.7179	-0.5703299	0.368958	-0.2124325
2	11	12.72908	-0.5704609	0.3687052	-0.2122291
2	11	12.74052	-0.5707605	0.3683517	-0.2116872
2	12	12.75133	-0.5707008	0.3682562	-0.2117212
2	12	12.76261	-0.5706372	0.3681258	-0.2114329
2	12	12.77375	-0.5707231	0.3678507	-0.2111868
2	12	12.78486	-0.5699155	0.3684536	-0.2105191
2	12	12.7973	-0.5699488	0.3681717	-0.2103766
2	12	12.80866	-0.569966	0.3679231	-0.2102063
2	12	12.81808	-0.5700939	0.3677292	-0.2098465
2	12	12.82942	-0.5701339	0.3674589	-0.2096461
2	12	12.84053	-0.5701617	0.3672091	-0.2094434
2	12	12.85174	-0.5707085	0.3665501	-0.209289
2	12	12.86295	-0.5707059	0.3662813	-0.2090529
2	13	12.87432	-0.5708497	0.3659751	-0.2086791
2	13	12.88586	-0.5707372	0.3656727	-0.2085364
2	13	12.89719	-0.570642	0.3655974	-0.2081846
2	13	12.90807	-0.5704813	0.3651764	-0.2080196
2	13	12.91882	-0.5707461	0.3651057	-0.2075268
2	13	12.93022	-0.5706964	0.3649322	-0.2072341
2	13	12.94129	-0.5706993	0.3647233	-0.2070439
2	13	12.95312	-0.5704066	0.3645052	-0.2068155
2	13	12.96433	-0.570435	0.3643278	-0.2066194
2	13	12.97512	-0.5704479	0.3642578	-0.2066579
2	13	12.98628	-0.5702206	0.3646108	-0.2057363
2	14	12.99753	-0.5703162	0.3643727	-0.2056224
2	14	13.0086	-0.5705111	0.3641081	-0.205218
2	14	13.02023	-0.5709412	0.3630701	-0.2058934
2	14	13.03111	-0.5710088	0.3627934	-0.2057858
2	14	13.04208	-0.5711068	0.3625362	-0.2055677
2	14	13.05381	-0.5713669	0.3623623	-0.2055737
2	14	13.06446	-0.5713233	0.3622516	-0.2053003
2	14	13.07577	-0.5714856	0.3621979	-0.2053491
2	14	13.08688	-0.5714346	0.3621098	-0.2048721
2	14	13.09788	-0.571561	0.3619038	-0.2048373
2	14	13.10926	-0.5714804	0.3615522	-0.2048382
2	15	13.12038	-0.5721579	0.361492	-0.2045132
2	15	13.14949	-0.5724335	0.361174	-0.2042266
2	15	13.15792	-0.572688	0.3606977	-0.2039647
2	15	13.16523	-0.572688	0.3606977	-0.2039647
2	15	13.17669	-0.5728381	0.3604623	-0.2037365
2	15	13.18439	-0.5731515	0.36019	-0.2041566
2	15	13.19197	-0.5724342	0.3601352	-0.2035723
2	15	13.20312	-0.5725304	0.3598737	-0.2034471
2	15	13.21402	-0.5730509	0.3589141	-0.2036132
2	15	13.22566	-0.5733223	0.3587618	-0.2037246
2	15	13.23677	-0.573251	0.3586212	-0.2038212
2	16	13.24808	-0.5736542	0.3579419	-0.2041044
2	16	13.25929	-0.5736762	0.3581225	-0.2037123
2	16	13.27004	-0.5735787	0.3580642	-0.2038344
2	16	13.28108	-0.5739843	0.3573145	-0.2039791
2	16	13.29213	-0.5741963	0.3572955	-0.2038006
2	16	13.30425	-0.5741686	0.3572384	-0.2037778
2	16	13.31514	-0.5743876	0.3567531	-0.2041781
2	16	13.32595	-0.5742241	0.3569596	-0.2037342
2	16	13.33707	-0.5742953	0.3568708	-0.2036455
2	16	13.34801	-0.5746684	0.3560537	-0.2039285
2	16	13.35968	-0.5745867	0.356149	-0.2039628
2	17	13.37056	-0.5748079	0.3559749	-0.2038018
2	17	13.38184	-0.5751414	0.3557446	-0.2042326
2	17	13.3935	-0.5750165	0.3556437	-0.2042278
2	17	13.40417	-0.5750418	0.355574	-0.2042961
2	17	13.41563	-0.575227	0.3550926	-0.2045755
2	17	13.42711	-0.5753828	0.3550649	-0.2047328
2	17	13.43781	-0.5753129	0.3551657	-0.2047237
2	17	13.44866	-0.5758325	0.3542706	-0.2048761
2	17	13.46007	-0.5760286	0.3545661	-0.2047836
2	17	13.47101	-0.5760444	0.3545492	-0.2048634
2	17	13.48179	-0.5760078	0.3545759	-0.204433
2	18	13.49354	-0.5759895	0.3547922	-0.2042028
2	18	13.50517	-0.5762105	0.3547281	-0.2039768
2	18	13.51563	-0.5764768	0.3545015	-0.2043879
2	18	13.52715	-0.5761385	0.3546789	-0.2038894
2	18	13.53871	-0.5761957	0.3546454	-0.2038637
2	18	13.54919	-0.5760256	0.3548851	-0.2038379
2	18	13.56075	-0.5757473	0.3550104	-0.2035764
2	18	13.57234	-0.5756209	0.3550187	-0.2038001
2	18	13.58317	-0.5758679	0.3547946	-0.2036551
2	18	13.5942	-0.5758191	0.3549159	-0.2036049
2	18	13.60564	-0.5758698	0.3548346	-0.2035277
2	19	13.61655	-0.5760688	0.3543929	-0.2038882
2	19	13.62775	-0.5760399	0.3543386	-0.2038968
2	19	13.63891	-0.5761455	0.3542013	-0.2037526
2	19	13.65059	-0.5757412	0.3542892	-0.2035477
2	19	13.66196	-0.5757298	0.3544415	-0.2035402
2	19	13.67269	-0.5757941	0.3543673	-0.2034433
2	19	13.68335	-0.5757202	0.3547136	-0.203319
2	19	13.69511	-0.5756806	0.3547722	-0.203312
2	19	13.70697	-0.575689	0.3548198	-0.203344
2	19	13.71864	-0.5759916	0.3546718	-0.2032353
2	20	13.73073	-0.5759484	0.3548288	-0.2031554
2	20	13.74195	-0.5759555	0.3549566	-0.2031721
2	20	13.75417	-0.5759145	0.3551339	-0.2030114
2	20	13.76562	-0.5757899	0.3555288	-0.202751
2	20	13.77727	-0.5756198	0.3555914	-0.2026224
2	20	13.78897	-0.5758892	0.3557243	-0.2025818
2	20	13.80094	-0.575965	0.3557901	-0.202582
2	20	13.81266	-0.5758444	0.3560143	-0.2027808
2	20	13.82412	-0.5754735	0.3564327	-0.2024391
2	20	13.83503	-0.5752771	0.356811	-0.2024362
2	20	13.84611	-0.5750997	0.3571453	-0.2023584
2	21	13.85746	-0.5753936	0.3570926	-0.202193
2	21	13.86837	-0.5753368	0.3572594	-0.2022851
2	21	13.87963	-0.5751305	0.3573985	-0.2021966
2	21	13.89092	-0.5754639	0.3572255	-0.2027261
2	21	13.90166	-0.5753216	0.3575902	-0.2025967
2	21	13.91299	-0.5754974	0.3576021	-0.2033681
2	21	13.92427	-0.5748079	0.3581496	-0.2031174
2	21	13.93504	-0.5745628	0.3586773	-0.2028464
2	21	13.94643	-0.5741526	0.3586344	-0.2025578
2	21	13.95757	-0.5743732	0.3595001	-0.2024552
2	21	13.96891	-0.5741541	0.3600187	-0.202372
2	22	13.9798	-0.5742114	0.3600054	-0.2023714
2	22	13.9911	-0.5741382	0.3605292	-0.2022998
2	22	14.00252	-0.5739921	0.3609217	-0.2022114
2	22	14.0136	-0.5739981	0.3614516	-0.2023085
2	22	14.02465	-0.5735887	0.3617283	-0.2018163
2	22	14.03608	-0.5734981	0.3619714	-0.2017787
2	22	14.04727	-0.574067	0.3613976	-0.2023617
2	22	14.05804	-0.5735782	0.3617313	-0.2021554
2	22	14.06889	-0.5735105	0.3618964	-0.2020811
2	22	14.08018	-0.57376	0.3612928	-0.2024598
2	22	14.09125	-0.5739231	0.3615836	-0.2026036
2	23	14.10249	-0.5740553	0.3615252	-0.2026197
2	23	14.1138	-0.5734714	0.362069	-0.2024843
2	23	14.12515	-0.5733052	0.3623111	-0.2024603
2	23	14.13632	-0.5732473	0.362304	-0.2026389
2	23	14.14762	-0.5733824	0.3621579	-0.202848
2	23	14.15889	-0.5730672	0.3621452	-0.2026811
2	23	14.1699	-0.5731885	0.3619924	-0.2025371
2	23	14.18125	-0.573122	0.3623797	-0.2027606
2	23	14.19243	-0.5726632	0.3625072	-0.2024565
2	23	14.20384	-0.5727775	0.3623791	-0.2024705
2	23	14.21456	-0.5729867	0.361769	-0.2029488
2	24	14.22549	-0.5728259	0.3618507	-0.2030683
2	24	14.23682	-0.572721	0.3618084	-0.2034022
2	24	14.24803	-0.5732684	0.3616818	-0.2032094
2	24	14.2592	-0.5729433	0.3617892	-0.2030925
2	24	14.27046	-0.5731876	0.3616098	-0.2029585
2	24	14.28145	-0.5731812	0.361256	-0.2033191
2	24	14.29263	-0.5729446	0.3612324	-0.2034383
2	24	14.30411	-0.5730321	0.3610891	-0.2034616
2	24	14.31547	-0.5729383	0.3609045	-0.2034721
2	24	14.32619	-0.5729527	0.3608526	-0.2036669
2	24	14.33763	-0.5729802	0.3607243	-0.2037458
2	25	14.34849	-0.5733637	0.3603518	-0.2039759
2	25	14.35996	-0.5733939	0.3603767	-0.2038782
2	25	14.37114	-0.5734541	0.3602861	-0.2038975
2	25	14.38213	-0.5739157	0.3599644	-0.2039789
2	25	14.39408	-0.5739878	0.3600396	-0.2039919
2	25	14.405	-0.5742233	0.3599261	-0.2038665
2	25	14.41592	-0.5743088	0.3596579	-0.2043933
2	25	14.42693	-0.5739896	0.359798	-0.2042446
2	25	14.43828	-0.5739995	0.359831	-0.2043587
2	25	14.44938	-0.5742199	0.3594629	-0.2042005
2	25	14.46025	-0.5743201	0.3596289	-0.204241
2	26	14.47175	-0.5744067	0.3596365	-0.2040911
2	26	14.48259	-0.5745065	0.3598096	-0.204119
2	26	14.49368	-0.57455	0.3598176	-0.2041359
2	26	14.50548	-0.5746416	0.3598154	-0.204013
2	26	14.51649	-0.5744467	0.3599386	-0.20359
2	26	14.5275	-0.5746329	0.3600428	-0.2036436
2	26	14.53899	-0.5747075	0.3601288	-0.2036648
2	26	14.55023	-0.5738838	0.3613063	-0.2030729
2	26	14.56097	-0.5737958	0.3616769	-0.2029322
2	26	14.57269	-0.5737239	0.3619531	-0.2030027
2	26	14.58353	-0.5736802	0.362213	-0.2027861
2	27	14.59465	-0.5734795	0.36262	-0.2025975
2	27	14.60613	-0.5734061	0.3629162	-0.2024794
2	27	14.61716	-0.573248	0.3630952	-0.2025788
2	27	14.62864	-0.572951	0.3633797	-0.2024467
2	27	14.63982	-0.5726509	0.3638577	-0.202587
2	27	14.65053	-0.5726887	0.36418	-0.2023679
2	27	14.66164	-0.5723425	0.3649985	-0.202002
2	27	14.6735	-0.5721555	0.3655148	-0.2019399
2	27	14.68328	-0.5716068	0.3664069	-0.2016722
2	27	14.69458	-0.5712316	0.3671507	-0.2015465
2	27	14.70616	-0.5709763	0.3679687	-0.201156
2	28	14.71704	-0.5708439	0.3685452	-0.2011526
2	28	14.72806	-0.5702989	0.3698436	-0.2006536
2	28	14.73959	-0.5699439	0.3709447	-0.2002079
2	28	14.75078	-0.569808	0.3718268	-0.2001032
2	28	14.76192	-0.5693411	0.3733931	-0.1995349
2	28	14.77316	-0.5689561	0.3749532	-0.1987798
2	28	14.78437	-0.5679845	0.3772966	-0.1978538
2	28	14.79529	-0.5675229	0.3794439	-0.1969656
2	28	14.80676	-0.5669293	0.3818989	-0.195875
2	28	14.81864	-0.5662071	0.3846145	-0.1941071
2	29	14.83014	-0.565616	0.3870578	-0.1928685
2	29	14.84028	-0.5647599	0.3902903	-0.1909528
2	29	14.85145	-0.5636781	0.3935485	-0.1887913
2	29	14.8626	-0.5628549	0.3967143	-0.1865972
2	29	14.87366	-0.5620841	0.3999423	-0.1841499
2	29	14.88494	-0.5613751	0.4028438	-0.1817677
2	29	14.89647	-0.5605053	0.4061543	-0.1791979
2	29	14.90764	-0.5595615	0.4097471	-0.1759694
2	29	14.91841	-0.5588758	0.4129397	-0.1732324
2	29	14.92947	-0.5578634	0.4164029	-0.169832
2	29	14.94076	-0.5568631	0.4199033	-0.1663632
2	30	14.95212	-0.5552862	0.4240427	-0.1619728
2	30	14.96333	-0.5539327	0.4277318	-0.1573317
2	30	14.97459	-0.553015	0.4312611	-0.1522529
2	30	14.98613	-0.5520086	0.435231	-0.1464608
2	30	14.99677	-0.551439	0.4385613	-0.1403542
2	30	15.00784	-0.5509045	0.441888	-0.1337497
2	30	15.0188	-0.5506983	0.445055	-0.1273087
2	30	15.03014	-0.5505246	0.4481848	-0.1195296
2	30	15.04116	-0.5506452	0.4513662	-0.1114424
2	30	15.05256	-0.5500888	0.454463	-0.1033386
2	30	15.06374	-0.5502658	0.4571748	-0.09408569
3	30	15.07487	-0.5510015	0.4595942	-0.08518493
3	30	15.08598	-0.550339	0.4617965	-0.0747999
3	30	15.0974	-0.5502958	0.4636393	-0.06457233
3	30	15.10882	-0.5500932	0.4650333	-0.05422199
3	30	15.11945	-0.5499794	0.4660419	-0.04363453
3	30	15.13064	-0.549533	0.4668161	-0.03260815
3	30	15.14195	-0.5494483	0.4679351	-0.02192366
3	30	15.15284	-0.5493772	0.4676108	-0.01099026
3	30	15.16396	-0.5490426	0.4671959	0.000505805
3	30	15.17505	-0.548663	0.4664106	0.01231706
3	30	15.18609	-0.5482683	0.4652973	0.02351868
4	30	15.19753	-0.5475868	0.4637681	0.03467345
4	30	15.20835	-0.5469065	0.4618858	0.04598999
4	30	15.21981	-0.5462915	0.4595712	0.05621874
4	30	15.23072	-0.5448229	0.4577965	0.06664968
4	30	15.24194	-0.5438446	0.4558799	0.07749152
4	30	15.2533	-0.5431179	0.4533918	0.08665085
4	30	15.26465	-0.5409119	0.451316	0.09610057
4	30	15.27582	-0.5393877	0.449335	0.1063809
4	30	15.28657	-0.5372576	0.4473693	0.1164901
4	30	15.29823	-0.5350206	0.4453431	0.1264629
4	30	15.30956	-0.5329394	0.4429272	0.1371917
5	30	15.32007	-0.530724	0.4406234	0.1467721
5	30	15.3316	-0.5277381	0.4381911	0.1562213
5	30	15.3427	-0.5251395	0.4359077	0.1657444
5	30	15.35375	-0.5222224	0.4337372	0.175001
5	30	15.3652	-0.5193954	0.4312744	0.183352
5	30	15.3763	-0.5166136	0.4288354	0.1917136
5	30	15.38734	-0.5142621	0.4264536	0.1988294
5	30	15.39875	-0.511719	0.4242673	0.2054056
5	30	15.40975	-0.5092978	0.4218769	0.2119231
5	30	15.42094	-0.5072118	0.4193383	0.2173505
5	30	15.4321	-0.5046812	0.4176309	0.2236352
6	30	15.44363	-0.502388	0.4154502	0.230463
6	30	15.45529	-0.49963	0.4140478	0.2361069
6	30	15.46576	-0.497293	0.4123092	0.2421051
6	30	15.47669	-0.4949569	0.4105853	0.247674
6	30	15.48855	-0.4925847	0.4086771	0.2533784
6	30	15.49937	-0.4902092	0.406868	0.2580929
6	30	15.5113	-0.4878091	0.4050416	0.2628545
6	30	15.52192	-0.485965	0.4033244	0.2666922
6	30	15.53262	-0.4840612	0.401684	0.2705997
6	30	15.54391	-0.4822718	0.4002006	0.2739652
6	30	15.5552	-0.4806236	0.3983456	0.2768943
7	30	15.56613	-0.4790995	0.3970565	0.2795326
7	30	15.57734	-0.4778656	0.3960385	0.2815548
7	30	15.58851	-0.4761611	0.3948396	0.2843333
7	30	15.59953	-0.4748918	0.3940315	0.2865524
7	30	15.61128	-0.4737077	0.3929245	0.2885169
7	30	15.62248	-0.4731784	0.3916659	0.2901578
7	30	15.63278	-0.4721891	0.3909062	0.2918539
7	30	15.64423	-0.4709289	0.3899221	0.2933596
7	30	15.65539	-0.4704981	0.389218	0.2943116
7	30	15.66703	-0.4696816	0.3884532	0.2953478
7	30	15.67784	-0.4692384	0.3880882	0.2958751
8	30	15.68936	-0.4685783	0.3875256	0.2969151
8	30	15.70007	-0.4687518	0.3872746	0.2971339
8	30	15.71214	-0.4686306	0.3869866	0.297431
8	30	15.72295	-0.4684792	0.3860708	0.296985
8	30	15.7339	-0.4684281	0.3859987	0.2968379
8	30	15.74502	-0.4685564	0.386204	0.2964551
8	30	15.75613	-0.4680871	0.386431	0.2966486
8	30	15.76748	-0.4682127	0.3864949	0.2960914
8	30	15.77833	-0.4681741	0.3865106	0.2959288
8	30	15.78974	-0.4686546	0.3862677	0.2952089
8	30	15.80069	-0.4688501	0.3862548	0.2945154
9	30	15.81171	-0.4689808	0.3864239	0.2940577
9	30	15.82361	-0.4697547	0.3860338	0.2930331
9	30	15.83434	-0.4699537	0.3863034	0.2924222
9	30	15.84623	-0.4701419	0.3864483	0.2917261
9	30	15.85685	-0.4713024	0.3863646	0.2902347
9	30	15.8677	-0.4716723	0.3865713	0.2891588
9	30	15.8791	-0.4720131	0.3867908	0.2880706
9	30	15.8905	-0.4724894	0.3866212	0.286413
9	30	15.90139	-0.4726433	0.3870937	0.2854934
9	30	15.91255	-0.4731085	0.387569	0.2843554
9	30	15.92436	-0.474116	0.3870217	0.2830639
10	30	15.93446	-0.4745024	0.3872422	0.2821342
10	30	15.94575	-0.4747958	0.3872612	0.2814876
10	30	15.95716	-0.4754786	0.3875992	0.2806823
10	30	15.96798	-0.4759715	0.3876595	0.2797716
10	30	15.97938	-0.4763471	0.3877085	0.2790761
10	30	15.99061	-0.4767092	0.38826	0.2782749
10	30	16.00157	-0.4770973	0.3884606	0.2774086
10	30	16.01333	-0.477433	0.3890699	0.2765837
10	30	16.02431	-0.4775792	0.3894083	0.2762007
10	30	16.03563	-0.4780105	0.3897027	0.275573
10	30	16.0468	-0.4787691	0.3901242	0.2747658
11	30	16.05772	-0.4787309	0.389956	0.2741535
11	30	16.06925	-0.4791377	0.3901005	0.2735778
11	30	16.08032	-0.4797188	0.3903691	0.273042
11	30	16.09136	-0.4794317	0.3905193	0.2729943
11	30	16.10233	-0.4797542	0.3905342	0.2726926
11	30	16.11434	-0.4799894	0.3905336	0.2723151
11	30	16.12477	-0.4800206	0.3909794	0.2721037
11	30	16.13584	-0.480136	0.391003	0.2714322
11	30	16.14778	-0.4804705	0.3911147	0.2709332
11	30	16.1579	-0.4812253	0.3908113	0.2708533
11	30	16.16903	-0.4814262	0.3909038	0.2703968
12	30	16.18022	-0.4816287	0.3907585	0.2700938
12	30	16.19138	-0.4817977	0.3909887	0.2698369
12	30	16.2026	-0.4822416	0.3909963	0.2699513
12	30	16.21371	-0.4824858	0.3899453	0.2692184
12	30	16.22478	-0.4831638	0.3902223	0.2685144
12	30	16.23635	-0.483364	0.3903685	0.2682656
12	30	16.24719	-0.4835908	0.3902102	0.268075
12	30	16.25853	-0.4836709	0.3903413	0.2680305
12	30	16.26962	-0.4838191	0.3902476	0.2676991
12	30	16.28081	-0.4843079	0.3902589	0.2675312
12	30	16.29181	-0.4841231	0.3901877	0.2677218
13	30	16.30293	-0.4843369	0.3900687	0.2678283
13	30	16.31501	-0.4845617	0.3896987	0.2674114
13	30	16.32576	-0.4848096	0.3898375	0.2676766
13	30	16.33712	-0.4848864	0.3897407	0.2674186
13	30	16.34787	-0.4852102	0.3897234	0.267294
13	30	16.35935	-0.4859934	0.388661	0.2666738
13	30	16.37033	-0.4862852	0.3884957	0.2664956
13	30	16.38195	-0.4863201	0.3880035	0.2665365
13	30	16.39309	-0.4869231	0.3882642	0.2663624
13	30	16.40397	-0.4872252	0.3881032	0.2662139
13	30	16.41529	-0.4873408	0.3883821	0.2661766
14	30	16.42633	-0.4873425	0.3883988	0.2664535
14	30	16.43768	-0.4876864	0.3882264	0.2664355
14	30	16.44914	-0.488179	0.3877604	0.2660331
14	30	16.45998	-0.4881233	0.387699	0.2663007
14	30	16.47137	-0.4882386	0.3875383	0.2659643
14	30	16.4826	-0.4890631	0.3866079	0.2659203
14	30	16.49334	-0.4893354	0.3866471	0.2659166
14	30	16.50447	-0.4896579	0.386421	0.2656016
14	30	16.51664	-0.4903353	0.3853291	0.265088
14	30	16.52664	-0.4909264	0.3851928	0.264783
14	30	16.53762	-0.4914087	0.3848431	0.2644231
15	30	16.54926	-0.491951	0.3843343	0.2639315
15	30	16.55984	-0.4923162	0.3842251	0.2638011
15	30	16.57094	-0.4928602	0.3839064	0.2635903
15	30	16.58246	-0.4927239	0.3840382	0.2637708
15	30	16.59348	-0.4931735	0.3838553	0.2634518
15	30	16.60475	-0.4936309	0.383557	0.2630538
15	30	16.61608	-0.4942371	0.3831506	0.2623861
15	30	16.62778	-0.494404	0.3830789	0.2621756
15	30	16.6386	-0.494882	0.3829005	0.2617629
15	30	16.64985	-0.4954146	0.3824896	0.2611721
15	30	16.66087	-0.495959	0.3821584	0.260627
16	30	16.6722	-0.496493	0.3819078	0.2602274
16	30	16.68358	-0.4971645	0.3811595	0.259625
16	30	16.69527	-0.4974802	0.3812636	0.2594144
16	30	16.70609	-0.4978949	0.381035	0.2590113
16	30	16.71694	-0.4977808	0.3810896	0.2586492
16	30	16.72788	-0.4978315	0.3812685	0.2587025
16	30	16.73919	-0.4981982	0.3810307	0.2583013
16	30	16.75008	-0.4988253	0.3809717	0.2579473
16	30	16.76127	-0.4991878	0.3809491	0.2576238
16	30	16.77228	-0.4996885	0.3808312	0.2572436
16	30	16.78352	-0.4996564	0.3809147	0.2567754
17	30	16.79482	-0.5000057	0.3808211	0.2563143
17	30	16.8056	-0.5003934	0.3807467	0.2559206
17	30	16.81685	-0.5007615	0.3805817	0.2553895
17	30	16.82775	-0.5010495	0.3805406	0.2549779
17	30	16.83986	-0.5013801	0.3804828	0.2546682
17	30	16.8509	-0.5015199	0.380288	0.2543358
17	30	16.86178	-0.5018438	0.3803166	0.2538677
17	30	16.87257	-0.5019822	0.3803015	0.2532045
17	30	16.88353	-0.5018729	0.3809142	0.2532532
17	30	16.89511	-0.5021751	0.3808329	0.2527786
17	30	16.90656	-0.502332	0.3808204	0.2521255
18	30	16.91814	-0.5023981	0.3811874	0.2520577
18	30	16.92916	-0.5025408	0.3813921	0.2518361
18	30	16.9402	-0.5028619	0.381338	0.251738
18	30	16.95134	-0.5026482	0.3815882	0.2514936
18	30	16.96252	-0.5028633	0.3814715	0.2511737
18	30	16.97429	-0.5029688	0.3814285	0.2508488
18	30	16.98489	-0.5035181	0.3811008	0.2504162
18	30	16.99585	-0.5037278	0.3809904	0.2502146
18	30	17.00779	-0.5039897	0.3808826	0.24997
18	30	17.01868	-0.5036721	0.3809468	0.2493964
19	30	17.02924	-0.5037884	0.3809565	0.2491949
19	30	17.04099	-0.5040095	0.380808	0.2489998
19	30	17.0518	-0.5040778	0.3809898	0.24875
19	30	17.06305	-0.5042616	0.3808726	0.2485498
19	30	17.07446	-0.504379	0.3807597	0.2482544
19	30	17.08529	-0.5044808	0.3806373	0.2483757
19	30	17.09623	-0.5046995	0.3803406	0.2481245
19	30	17.10777	-0.5048089	0.3802131	0.2479291
19	30	17.11974	-0.505115	0.3800832	0.248057
19	30	17.12999	-0.5052192	0.3799996	0.2480433
19	30	17.14115	-0.5055375	0.3797733	0.2482587
20	30	17.15215	-0.5054767	0.379735	0.2478793
20	30	17.16348	-0.5056558	0.3795422	0.2477294
20	30	17.17523	-0.5057801	0.3793873	0.2474053
20	30	17.18574	-0.5053822	0.3797394	0.2476591
20	30	17.19718	-0.5054797	0.3796602	0.2476721
20	30	17.20838	-0.5056956	0.3794491	0.2478769
20	30	17.2193	-0.5060747	0.3787308	0.2474128
20	30	17.23084	-0.5061898	0.3785008	0.2474022
20	30	17.24148	-0.5062447	0.3782955	0.247322
20	30	17.25305	-0.5061402	0.3783305	0.2476639
20	30	17.26371	-0.5062233	0.3781306	0.2476813
21	30	17.2749	-0.5064298	0.3778542	0.2477911
21	30	17.2862	-0.5059776	0.3784091	0.2480422
21	30	17.29752	-0.5059932	0.3782784	0.2480463
21	30	17.30842	-0.5060594	0.378058	0.2479568
21	30	17.32105	-0.5055509	0.3784858	0.2484808
21	30	17.33154	-0.5057648	0.3780313	0.2482921
21	30	17.34218	-0.5056168	0.3775071	0.2484692
21	30	17.35332	-0.5060362	0.3773518	0.248226
21	30	17.36469	-0.5059741	0.3772864	0.2484536
21	30	17.37565	-0.5059717	0.3770479	0.2484746
21	30	17.38699	-0.5059962	0.3770603	0.2486013
22	30	17.39777	-0.5059404	0.3770273	0.2487602
22	30	17.4091	-0.5059823	0.3768262	0.2486737
22	30	17.42034	-0.5062681	0.3765268	0.2485806
22	30	17.43111	-0.5063087	0.3764849	0.2486955
22	30	17.44233	-0.5065777	0.3764437	0.2486806
22	30	17.45341	-0.5063932	0.3759297	0.2485741
22	30	17.46485	-0.506528	0.3754818	0.2485102
22	30	17.47594	-0.5063691	0.3750643	0.2486758
22	30	17.48727	-0.5068177	0.3746803	0.2485017
22	30	17.4984	-0.5067806	0.3745811	0.2487088
22	30	17.50938	-0.5067976	0.374379	0.2487273
23	30	17.52105	-0.5066189	0.3745403	0.2490609
23	30	17.53201	-0.5066159	0.3744912	0.2491924
23	30	17.54349	-0.5067133	0.3743407	0.2490805
23	30	17.55435	-0.5067463	0.374234	0.2489982
23	30	17.56568	-0.5068414	0.3740541	0.2489697
23	30	17.57671	-0.5069882	0.3738933	0.2488083
23	30	17.58804	-0.507089	0.3735002	0.2490106
23	30	17.59938	-0.5071058	0.3732309	0.2488736
23	30	17.61031	-0.5070239	0.3727428	0.249009
23	30	17.62133	-0.507181	0.3726422	0.2491606
23	30	17.63268	-0.5071808	0.372344	0.2492154
24	30	17.64401	-0.5072963	0.3720131	0.2492489
24	30	17.65483	-0.5070724	0.3717538	0.2492074
24	30	17.66607	-0.5072697	0.3713615	0.2493052
24	30	17.67724	-0.5073459	0.3710732	0.2492585
24	30	17.6886	-0.507162	0.3709854	0.2492013
24	30	17.69946	-0.5072281	0.370654	0.2491635
24	30	17.71092	-0.5072674	0.3703301	0.2490135
24	30	17.72235	-0.5074588	0.3701363	0.2492834
24	30	17.73296	-0.5076287	0.369767	0.2493564
24	30	17.7442	-0.507684	0.3694804	0.2495977
24	30	17.75533	-0.5069864	0.3695009	0.2500906
25	30	17.76659	-0.5070038	0.3690964	0.2501925
25	30	17.7779	-0.5070719	0.3685652	0.2502077
25	30	17.78903	-0.5067936	0.3682162	0.2501165
25	30	17.80024	-0.5068909	0.3675042	0.2499921
25	30	17.81131	-0.5070817	0.3668616	0.2498399
25	30	17.82238	-0.5077292	0.3655769	0.2493421
25	30	17.83375	-0.5079945	0.3647578	0.2491721
25	30	17.84455	-0.5083529	0.3640556	0.2489982
25	30	17.85583	-0.5079335	0.3639433	0.2495285
25	30	17.86701	-0.508177	0.363041	0.2494802
25	30	17.87809	-0.5084014	0.3618298	0.2494186
26	30	17.8891	-0.5085394	0.3607192	0.2494253
26	30	17.90042	-0.5087461	0.3595155	0.2493417
26	30	17.91209	-0.5088742	0.3578213	0.2488968
26	30	17.92422	-0.5096864	0.3558854	0.2484771
26	30	17.93384	-0.5096458	0.3540411	0.2479131
26	30	17.9451	-0.5097188	0.3517878	0.2472252
26	30	17.95655	-0.5096898	0.3494278	0.2466363
26	30	17.96717	-0.5097668	0.3471998	0.2463204
26	30	17.97825	-0.5100528	0.3443018	0.2457054
26	30	17.98946	-0.511059	0.3403027	0.2448585
26	30	18.00043	-0.5112681	0.3371763	0.244513
27	30	18.0117	-0.5115722	0.3329406	0.2440972
27	30	18.02315	-0.5114563	0.3279639	0.2431158
27	30	18.03462	-0.511462	0.3231007	0.2424208
27	30	18.04543	-0.5115499	0.3162067	0.2414086
27	30	18.05698	-0.5117199	0.3109899	0.2405882
27	30	18.06814	-0.5122612	0.3040917	0.2394472
27	30	18.07948	-0.5133449	0.296669	0.2380801
27	30	18.09063	-0.5145128	0.2882774	0.2364341
27	30	18.10185	-0.5152125	0.2809036	0.2354875
27	30	18.11309	-0.5158491	0.2723261	0.2337743
27	30	18.12519	-0.5158608	0.2630407	0.232775
27	30	18.13531	-0.5162435	0.2528853	0.2313168
27	30	18.14678	-0.5165031	0.2428496	0.229816
27	30	18.15862	-0.5170418	0.2316221	0.2274369
27	30	18.16879	-0.5173154	0.2207551	0.2252588
27	30	18.18014	-0.517226	0.2088302	0.2229116
27	30	18.19167	-0.5171608	0.1973915	0.2207961
27	30	18.2024	-0.5172328	0.1853017	0.2186004
27	30	18.21369	-0.5170525	0.1730591	0.2159742
27	30	18.22514	-0.5167146	0.1605221	0.2140596
27	30	18.23589	-0.5162569	0.1473581	0.2116846
27	30	18.24706	-0.5155857	0.1346384	0.2093608
27	30	18.25861	-0.5146099	0.121931	0.2070163
27	30	18.26921	-0.5128531	0.1083952	0.2039584
27	30	18.28063	-0.5116696	0.09520364	0.2012181
27	30	18.29177	-0.5098761	0.08285856	0.1988412
27	30	18.3023	-0.5081183	0.07051945	0.1964395
27	30	18.3135	-0.5063632	0.05842471	0.1939985
27	30	18.32601	-0.5044609	0.04708338	0.1925508
27	30	18.33601	-0.5026567	0.03534341	0.1900638
27	30	18.34711	-0.4998611	0.02504921	0.1874881
27	30	18.35847	-0.4967644	0.01493979	0.1858332
27	30	18.36929	-0.4943286	0.005447388	0.1839589
27	30	18.38068	-0.4913242	-0.003391027	0.1811599
27	30	18.39259	-0.4882977	-0.01217365	0.1796607
27	29	18.40307	-0.4855961	-0.02095127	0.1770684
27	29	18.41442	-0.4825696	-0.02847147	0.1749274
27	29	18.42591	-0.4798428	-0.03526306	0.1733199
27	29	18.43672	-0.4768523	-0.04215336	0.171379
27	29	18.44787	-0.4736943	-0.0488863	0.1696423
27	29	18.45925	-0.4707735	-0.05480289	0.1681015
27	29	18.47023	-0.4679314	-0.06067228	0.1664407
27	29	18.4817	-0.4649421	-0.06494403	0.1651781
27	29	18.49278	-0.4621288	-0.06901908	0.1640272
27	29	18.504	-0.4592091	-0.07308912	0.1622634
27	29	18.51522	-0.4562819	-0.07697034	0.1606228
27	28	18.52708	-0.4536239	-0.08042145	0.1594921
27	28	18.53739	-0.4507587	-0.0834291	0.1576478
27	28	18.54848	-0.4482819	-0.08671427	0.1560079
27	28	18.55956	-0.4456527	-0.08950067	0.1549877
27	28	18.57063	-0.4431962	-0.09165645	0.1535463
27	28	18.58215	-0.4407911	-0.09405637	0.1521125
27	28	18.59275	-0.4384335	-0.09626269	0.1510171
27	28	18.60395	-0.4361249	-0.09838271	0.1493045
27	28	18.6149	-0.4344257	-0.1006339	0.1476712
27	28	18.62607	-0.432061	-0.1023657	0.1465492
27	28	18.6373	-0.4299889	-0.1041164	0.1446555
27	27	18.64869	-0.4281751	-0.1056793	0.1434275
27	27	18.65983	-0.4265059	-0.1067498	0.1425831
27	27	18.67132	-0.4247997	-0.1083872	0.1414763
27	27	18.68274	-0.4232645	-0.1096733	0.140537
27	27	18.69372	-0.4219283	-0.1108398	0.1397622
27	27	18.70511	-0.4204794	-0.1119533	0.1388288
27	27	18.71663	-0.4197147	-0.1135054	0.1374507
27	27	18.72735	-0.418394	-0.1143556	0.1370183
27	27	18.73875	-0.4172111	-0.1154239	0.136152
27	27	18.74966	-0.4166411	-0.1167316	0.1351105
27	27	18.76082	-0.4161628	-0.1174464	0.134446
27	26	18.77189	-0.415525	-0.1181531	0.1336796
27	26	18.78299	-0.4152861	-0.1188729	0.1331134
27	26	18.79416	-0.4147787	-0.1194296	0.132761
27	26	18.8054	-0.4143685	-0.1199043	0.1322153
27	26	18.81651	-0.4142339	-0.1202757	0.131827
27	26	18.82763	-0.4137714	-0.1204429	0.1318884
27	26	18.83934	-0.4135534	-0.1208441	0.1316692
27	26	18.85005	-0.4134984	-0.1210024	0.1312084
27	26	18.86168	-0.4132807	-0.1210775	0.1311557
27	26	18.87325	-0.413337	-0.1211319	0.1311506
27	26	18.88358	-0.4138453	-0.1216388	0.1307523
27	25	18.89498	-0.4139805	-0.1217072	0.1306176
27	25	18.90579	-0.414024	-0.1213949	0.1305479
27	25	18.91747	-0.4143054	-0.1215909	0.1307937
27	25	18.92857	-0.4144555	-0.1211395	0.1307896
27	25	18.93926	-0.414556	-0.1208355	0.1308093
27	25	18.9505	-0.4152497	-0.1208098	0.1308663
27	25	18.96129	-0.415566	-0.1204112	0.1310263
27	25	18.97292	-0.4157941	-0.1199806	0.131165
27	25	18.98382	-0.4157286	-0.1192544	0.1313683
27	25	18.99514	-0.415738	-0.118737	0.131678
27	25	19.00627	-0.415804	-0.118268	0.1317353
27	24	19.01764	-0.4156182	-0.117451	0.1322366
27	24	19.02854	-0.4158193	-0.1170504	0.1325465
27	24	19.03991	-0.416165	-0.1166739	0.1331393
27	24	19.05127	-0.4159303	-0.1158876	0.1336193
27	24	19.06226	-0.4161025	-0.1156082	0.1338246
27	24	19.07324	-0.4161216	-0.1152711	0.1339147
27	24	19.0846	-0.4164487	-0.1152894	0.1340418
27	24	19.09554	-0.4165783	-0.1149354	0.1341262
27	24	19.10737	-0.4165099	-0.1146944	0.1340935
27	24	19.11826	-0.416435	-0.1142948	0.1346236
27	23	19.12935	-0.4164543	-0.1140909	0.1348555
27	23	19.14088	-0.4163469	-0.1138895	0.1349179
27	23	19.15238	-0.4166305	-0.1139648	0.1351589
27	23	19.16279	-0.4165978	-0.1138051	0.1354063
27	23	19.17426	-0.416672	-0.1137924	0.1357425
27	23	19.18527	-0.4166549	-0.1140225	0.1356199
27	23	19.1962	-0.4165568	-0.1138482	0.1356736
27	23	19.20747	-0.4166323	-0.1137364	0.1357046
27	23	19.21823	-0.4163153	-0.113766	0.1354911
27	23	19.22933	-0.4163158	-0.1139798	0.1353056
27	23	19.24061	-0.4161334	-0.1139929	0.1353437
27	22	19.2516	-0.41649	-0.1146388	0.1348803
27	22	19.26325	-0.416261	-0.1144977	0.1351614
27	22	19.27435	-0.415996	-0.1144485	0.1352173
27	22	19.28585	-0.4162046	-0.1148045	0.1353296
27	22	19.29682	-0.4161017	-0.1147091	0.1353827
27	22	19.30838	-0.4158466	-0.1146791	0.1353769
27	22	19.3192	-0.4157583	-0.1145589	0.1355855
27	22	19.33128	-0.4155757	-0.1143796	0.1357934
27	22	19.34204	-0.4153013	-0.1143563	0.1358745
27	22	19.35333	-0.4152837	-0.1141605	0.1358335
27	22	19.36409	-0.4152026	-0.1139741	0.1360199
27	21	19.37518	-0.4150037	-0.1139133	0.1361878
27	21	19.3858	-0.4150745	-0.1135597	0.1365446
27	21	19.3973	-0.4150952	-0.1134815	0.136662
27	21	19.40847	-0.4149965	-0.113292	0.1367092
27	21	19.41959	-0.4150995	-0.1130769	0.1369714
27	21	19.43061	-0.4152437	-0.1130414	0.1369427
27	21	19.44241	-0.4152713	-0.1127045	0.136776
27	21	19.45307	-0.4155035	-0.1128409	0.1367118
27	21	19.46422	-0.4155059	-0.1124268	0.1370087
27	21	19.47566	-0.4154761	-0.1124492	0.137526
27	21	19.48648	-0.4159229	-0.1126473	0.1369772
27	20	19.49801	-0.416091	-0.1125154	0.137062
27	20	19.50931	-0.4162329	-0.112088	0.1370516
27	20	19.52046	-0.416533	-0.1123028	0.1372538
27	20	19.53127	-0.4166821	-0.1121292	0.1373516
27	20	19.54277	-0.4166539	-0.1119714	0.1373954
27	20	19.55387	-0.4175544	-0.1122129	0.1372116
27	20	19.56526	-0.4176544	-0.1118612	0.1374407
27	20	19.57636	-0.4177462	-0.1115594	0.1375544
27	20	19.58752	-0.4181193	-0.1115801	0.137437
27	20	19.5985	-0.4182932	-0.1113219	0.1375754
27	20	19.6098	-0.418632	-0.110877	0.137534
27	19	19.62087	-0.4185634	-0.1110575	0.1374155
27	19	19.63215	-0.4187922	-0.1108983	0.1374335
27	19	19.64364	-0.4188488	-0.1109071	0.1375493
27	19	19.6545	-0.4189	-0.1108594	0.1373035
27	19	19.66616	-0.4191915	-0.1104228	0.1371987
27	19	19.67728	-0.4196005	-0.1100016	0.1371601
27	19	19.68792	-0.4194776	-0.1101551	0.1371361
27	19	19.69925	-0.4196255	-0.1099944	0.1371756
27	19	19.71024	-0.41961	-0.1098578	0.1369045
27	19	19.72103	-0.4200666	-0.110069	0.1368026
27	19	19.73313	-0.4202971	-0.1102211	0.1365162
27	18	19.74367	-0.4205199	-0.1101174	0.1364051
27	18	19.75458	-0.4205606	-0.109936	0.1365299
27	18	19.76572	-0.4206123	-0.1097708	0.136502
27	18	19.77715	-0.4207113	-0.1103435	0.1360335
27	18	19.78815	-0.420728	-0.1098976	0.1358445
27	18	19.79939	-0.4208416	-0.1099861	0.1355269
27	18	19.81066	-0.4209477	-0.1099322	0.135566
27	18	19.82234	-0.4206628	-0.1094158	0.1356559
27	18	19.83358	-0.4205905	-0.1091688	0.1356218
27	18	19.84426	-0.4207833	-0.1088858	0.1354731
27	18	19.85504	-0.4211088	-0.1093855	0.1352152
27	17	19.86663	-0.4212981	-0.1095262	0.1350851
27	17	19.87737	-0.4212596	-0.1094277	0.1349347
27	17	19.88877	-0.4209356	-0.1087179	0.1357932
27	17	19.8999	-0.4211836	-0.1087956	0.1358039
27	17	19.91146	-0.4212914	-0.1088901	0.1359055
27	17	19.92227	-0.4212029	-0.1084406	0.1361924
27	17	19.93406	-0.4213004	-0.1082885	0.1362851
27	17	19.96537	-0.4218096	-0.1081288	0.1362706
27	17	19.97396	-0.4219933	-0.1080587	0.1364087
27	17	19.98103	-0.4219933	-0.1080587	0.1364087
27	16	19.98836	-0.4221197	-0.1081905	0.1358368
27	16	19.99625	-0.4220244	-0.1079664	0.1359338
27	16	20.00857	-0.4219538	-0.1078432	0.1356136
27	16	20.01746	-0.4221133	-0.1075399	0.1359015
27	16	20.02789	-0.4219916	-0.1071229	0.1362522
27	16	20.03911	-0.4221936	-0.1069825	0.1362888
27	16	20.05033	-0.4223435	-0.1072147	0.135952
27	16	20.06151	-0.422105	-0.1067705	0.1360046
27	16	20.07225	-0.4222322	-0.1066046	0.1358987
27	16	20.08418	-0.422238	-0.106061	0.1361045
27	16	20.09472	-0.4223493	-0.1059425	0.1359489
27	16	20.10584	-0.4224454	-0.1057987	0.1356634
27	15	20.11693	-0.4232299	-0.1067619	0.1349753
27	15	20.12846	-0.4230748	-0.1062052	0.1350409
27	15	20.13948	-0.4231247	-0.1061077	0.1348808
27	15	20.15075	-0.4242661	-0.1063759	0.1341456
27	15	20.16142	-0.4239546	-0.1061959	0.1345476
27	15	20.17321	-0.4240382	-0.1061265	0.1343765
27	15	20.1843	-0.4242411	-0.106483	0.1343222
27	15	20.1952	-0.4243897	-0.1065264	0.1342852
27	15	20.20624	-0.4246439	-0.1068091	0.1339449
27	15	20.21776	-0.4244127	-0.1063683	0.1340886
27	14	20.22896	-0.4244993	-0.1063626	0.1341361
27	14	20.2403	-0.4246016	-0.1063838	0.134324
27	14	20.25126	-0.4255013	-0.1072805	0.1336551
27	14	20.26255	-0.4254925	-0.1073458	0.1338092
27	14	20.27346	-0.4254314	-0.1074975	0.1338018
27	14	20.28565	-0.425565	-0.1072001	0.1342661
27	14	20.29634	-0.4256735	-0.1073158	0.1342843
27	14	20.3067	-0.4256306	-0.1073749	0.1341956
27	14	20.31828	-0.4254699	-0.1072342	0.1345695
27	14	20.32933	-0.425333	-0.107007	0.1347921
27	14	20.34045	-0.4253198	-0.1070223	0.1348144
27	13	20.35181	-0.4252321	-0.106528	0.1350203
27	13	20.36273	-0.424782	-0.1063108	0.1355807
27	13	20.37386	-0.4248807	-0.1062949	0.1358452
27	13	20.38531	-0.4247222	-0.1062164	0.135731
27	13	20.39673	-0.4245071	-0.1061161	0.1357485
27	13	20.40736	-0.4246063	-0.1060855	0.1359868
27	13	20.41865	-0.4248303	-0.1064024	0.1355034
27	13	20.43001	-0.4248822	-0.1066144	0.1352634
27	13	20.44101	-0.4249203	-0.1066158	0.1353846
27	13	20.4528	-0.4249845	-0.1067944	0.135368
27	13	20.46356	-0.4248838	-0.1065478	0.135584
27	12	20.47458	-0.4248526	-0.106596	0.1355618
27	12	20.48609	-0.4247795	-0.1065938	0.1353707
27	12	20.49744	-0.4248667	-0.1065893	0.1353396
27	12	20.50847	-0.4250324	-0.1064899	0.1353532
27	12	20.51992	-0.42521	-0.1065326	0.1350999
27	12	20.53145	-0.425329	-0.1063933	0.1351103
27	12	20.54456	-0.4254094	-0.1062481	0.1350517
27	12	20.55527	-0.4256663	-0.1060643	0.1353346
27	12	20.56694	-0.4258585	-0.1060112	0.1353418
27	12	20.57881	-0.4258319	-0.1059353	0.1353164
27	12	20.59034	-0.4260932	-0.1054838	0.1355588
27	11	20.60227	-0.4263009	-0.1055062	0.1354022
27	11	20.61426	-0.426338	-0.1054401	0.1351818
27	11	20.62605	-0.4262457	-0.1051972	0.1351485
27	11	20.63677	-0.4263356	-0.1050603	0.1350517
27	11	20.64835	-0.4265738	-0.1048803	0.1349927
27	11	20.65958	-0.4265321	-0.1045008	0.1352506
27	11	20.67062	-0.4266491	-0.1043596	0.1352402
27	11	20.68161	-0.4269478	-0.1044314	0.1349177
27	11	20.6937	-0.4270755	-0.1043677	0.1349277
27	11	20.70391	-0.427305	-0.1043103	0.1349319
27	11	20.71516	-0.4272348	-0.1039593	0.1349053
27	10	20.72642	-0.4268054	-0.1035104	0.135211
27	10	20.73783	-0.4267581	-0.1034112	0.1349773
27	10	20.74997	-0.4275515	-0.10429	0.1346983
27	10	20.7604	-0.4278597	-0.1042926	0.1344563
27	10	20.77163	-0.4278941	-0.1042926	0.134326
27	10	20.78267	-0.428486	-0.104692	0.1337274
27	10	20.79407	-0.4281024	-0.104347	0.1341803
27	10	20.80499	-0.4281937	-0.1043704	0.1341252
27	10	20.81604	-0.4279162	-0.104352	0.1338543
27	10	20.82734	-0.4280118	-0.1041806	0.1338124
27	10	20.83823	-0.4281855	-0.1042016	0.1338887
27	9	20.84926	-0.427904	-0.1038091	0.1339904
27	9	20.86056	-0.4278015	-0.1036458	0.1340185
27	9	20.87187	-0.4276212	-0.1035903	0.1336774
27	9	20.88355	-0.4276538	-0.1030419	0.1341347
27	9	20.89596	-0.4273365	-0.1028903	0.1343405
27	9	20.90507	-0.4275016	-0.1031096	0.1340024
27	9	20.91677	-0.4273288	-0.1034122	0.1341454
27	9	20.92787	-0.4275829	-0.1030886	0.1338969
27	9	20.93875	-0.4275532	-0.1030169	0.133785
27	9	20.95072	-0.4276315	-0.1029379	0.1335151
27	9	20.96125	-0.427274	-0.1028111	0.1337931
27	8	20.97262	-0.4272069	-0.1027482	0.1337216
27	8	20.98393	-0.4268022	-0.1020594	0.1341466
27	8	20.99492	-0.4269294	-0.1022592	0.1338847
27	8	21.00606	-0.4270632	-0.1022174	0.1339736
27	8	21.01717	-0.4271624	-0.1020563	0.1340141
27	8	21.02835	-0.4272411	-0.101907	0.1341584
27	8	21.03933	-0.4272797	-0.1017377	0.1341184
27	8	21.05075	-0.4276469	-0.1019814	0.1340909
27	8	21.06164	-0.4276661	-0.1014998	0.1343218
27	8	21.07284	-0.4278063	-0.1012871	0.1343791
27	8	21.08397	-0.4269781	-0.0999918	0.1351935
27	7	21.09485	-0.4271061	-0.09968686	0.1352574
27	7	21.10584	-0.4271771	-0.09933591	0.1350964
27	7	21.11736	-0.4273528	-0.09914088	0.1349767
27	7	21.12875	-0.4276733	-0.09892774	0.1348
27	7	21.13987	-0.4280107	-0.09859443	0.1348892
27	7	21.15084	-0.4278836	-0.09791112	0.1347173
27	7	21.1625	-0.4278291	-0.09740996	0.1349168
27	7	21.17341	-0.4280137	-0.09709382	0.134835
27	7	21.18487	-0.4283242	-0.09703469	0.1345954
27	7	21.19588	-0.4285963	-0.09704328	0.1343279
27	6	21.20724	-0.4287908	-0.09683537	0.1342618
27	6	21.21819	-0.4289532	-0.09652543	0.1340517
27	6	21.22957	-0.4289503	-0.09623623	0.1340292
27	6	21.24068	-0.4289467	-0.09600997	0.1336693
27	6	21.25164	-0.4290242	-0.09569764	0.1339345
27	6	21.26273	-0.428942	-0.09549379	0.1338662
27	6	21.27406	-0.4289055	-0.09534693	0.1336251
27	6	21.28501	-0.4291549	-0.09516811	0.1334878
27	6	21.29634	-0.4291774	-0.09536362	0.1331743
27	6	21.30739	-0.4290979	-0.09545827	0.1329482
27	6	21.31864	-0.4294207	-0.09598923	0.1324115
27	5	21.32955	-0.4291047	-0.09571171	0.1326046
27	5	21.34085	-0.4290891	-0.09576201	0.1324127
27	5	21.35181	-0.4294834	-0.09617257	0.1318541
27	5	21.36347	-0.4295131	-0.09613562	0.1317222
27	5	21.37426	-0.4297823	-0.09622979	0.1318227
27	5	21.38555	-0.4296316	-0.09645271	0.1312495
27	5	21.39697	-0.4297888	-0.09670424	0.1309788
27	5	21.40796	-0.429852	-0.0968771	0.1308665
27	5	21.41886	-0.4302222	-0.09708905	0.1306312
27	5	21.43029	-0.4303993	-0.09721231	0.1304055
27	5	21.4412	-0.4305035	-0.09730816	0.1302646
27	4	21.45262	-0.4308295	-0.0974896	0.1300558
27	4	21.46372	-0.4310595	-0.09773326	0.1297398
27	4	21.47499	-0.4311711	-0.09779358	0.1294869
27	4	21.48613	-0.4315871	-0.09851384	0.128786
27	4	21.49741	-0.4316952	-0.09846115	0.1287295
27	4	21.50822	-0.4317467	-0.09848142	0.1285282
27	4	21.51991	-0.4318031	-0.09821534	0.1286858
27	4	21.53059	-0.43187	-0.09793854	0.1286958
27	4	21.54206	-0.4320019	-0.09777904	0.1285775
27	4	21.55383	-0.4322255	-0.09748173	0.1287645
27	4	21.56427	-0.4324255	-0.09723377	0.1287804
27	3	21.5751	-0.4325286	-0.09690666	0.1286254
27	3	21.58652	-0.4329973	-0.09724832	0.1283469
