x	y	time	x-coordinate	y-coordinate	z-coordinate
15	11	0.0467557	0.05940151	0.1005867	0.5715977
15	11	0.0556217	0.05950999	0.1006143	0.5719566
15	11	0.062915	0.05950999	0.1006143	0.5719566
15	11	0.07239351	0.05953836	0.1003661	0.571808
15	11	0.08162851	0.05951285	0.1004267	0.5719652
15	11	0.08956151	0.05947995	0.1005311	0.5720894
15	11	0.1011091	0.05946088	0.100657	0.5723232
15	11	0.1120556	0.0592463	0.1007133	0.5725906
15	11	0.1223496	0.05913162	0.1008973	0.5726089
15	11	0.1338926	0.0591228	0.1010659	0.5728235
15	11	0.1442216	0.05941916	0.1012626	0.5729012
15	11	0.1809021	0.05949688	0.1011302	0.573154
15	11	0.2022143	0.059232	0.1015158	0.5734031
15	11	0.2098824	0.05908084	0.1015267	0.5736151
15	11	0.2166761	0.05908084	0.1015267	0.5736151
15	11	0.22431	0.05914855	0.1015575	0.5738583
15	11	0.2340186	0.05931401	0.1015346	0.5737907
15	11	0.2444255	0.0592792	0.1015449	0.574024
15	11	0.2555002	0.05929589	0.1016872	0.5741458
15	11	0.2672214	0.0594058	0.1016097	0.5740981
15	11	0.2779697	0.05959344	0.1016777	0.5741911
15	11	0.2889373	0.05960011	0.1018133	0.5742805
15	11	0.3007893	0.05958319	0.1021614	0.5746317
15	11	0.3113572	0.05958986	0.1022239	0.5747719
15	11	0.3227012	0.0596633	0.1023283	0.574854
15	11	0.3342007	0.05973983	0.102283	0.5748987
15	11	0.3451951	0.05973363	0.1022487	0.5750632
15	11	0.356698	0.0596447	0.1024284	0.5750365
15	11	0.3681305	0.05963159	0.1024249	0.5751427
15	11	0.3789697	0.05963969	0.1023965	0.5752422
15	11	0.3900114	0.05938196	0.1025777	0.5752037
15	11	0.4017377	0.05934143	0.1025341	0.5751688
15	11	0.4125124	0.05948949	0.1025968	0.5751538
15	11	0.4237174	0.05948353	0.1027198	0.5751044
15	11	0.4349957	0.05949759	0.1031945	0.5752878
15	11	0.4460413	0.05944514	0.1032276	0.5753334
15	11	0.4574831	0.05963016	0.1032302	0.5755175
15	11	0.4686258	0.05967402	0.1029854	0.575345
15	11	0.4793587	0.05957747	0.1029546	0.5753365
15	11	0.4905513	0.0594697	0.1030686	0.5751641
15	11	0.501678	0.05955148	0.1031728	0.5748365
15	11	0.5127607	0.05937529	0.1031506	0.5747154
15	11	0.5239096	0.05932879	0.1031463	0.5746779
15	11	0.5351124	0.05929065	0.1033332	0.5746071
15	11	0.5460063	0.05919075	0.1033545	0.5744612
15	11	0.5580999	0.0587976	0.1035616	0.5742321
15	11	0.5695276	0.05871081	0.1037138	0.5739238
15	11	0.5798386	0.05885744	0.1039147	0.5734255
15	11	0.5909963	0.05887556	0.1040807	0.5727549
15	11	0.6027191	0.05874681	0.1040945	0.5720996
15	11	0.6134942	0.05853438	0.104198	0.5715601
15	11	0.6259261	0.05827951	0.1043577	0.5709648
15	11	0.6379234	0.05810094	0.104517	0.5701752
15	11	0.6471211	0.05748582	0.1045926	0.5695033
15	11	0.6583091	0.05749249	0.1046367	0.5688207
15	11	0.6695528	0.05724549	0.1047957	0.5679679
15	11	0.6805731	0.05691791	0.1048653	0.5671558
15	11	0.6918335	0.05651259	0.1051557	0.5661227
15	11	0.7029639	0.05632257	0.1053815	0.5654204
15	11	0.7138586	0.05620432	0.1054742	0.5648198
15	11	0.7254485	0.056108	0.1056352	0.5643078
15	11	0.7364908	0.05603075	0.1057491	0.5637522
15	11	0.7474692	0.05619502	0.1059105	0.563452
15	11	0.7586742	0.05601406	0.1062043	0.5629281
15	11	0.770299	0.05600238	0.1062498	0.5625687
15	11	0.7815392	0.0561316	0.1064358	0.5623168
15	11	0.7935305	0.05620456	0.1065426	0.5623457
15	11	0.805373	0.05606389	0.1063805	0.5624599
15	11	0.8177289	0.0562048	0.1064994	0.5627131
15	11	0.8290147	0.05647206	0.1066153	0.5628999
15	11	0.8408626	0.05652881	0.1066492	0.5632881
15	11	0.8526433	0.05675292	0.1066592	0.5636078
15	11	0.8635201	0.05706859	0.1066139	0.5637794
15	11	0.8765828	0.05706811	0.1065743	0.5641711
15	11	0.8873946	0.05712819	0.1066093	0.5645077
15	11	0.8985765	0.0573473	0.1066401	0.5646772
15	11	0.909848	0.05747104	0.1066513	0.5650605
15	11	0.9209549	0.05751181	0.1068313	0.5653124
15	11	0.9323664	0.05748153	0.1069157	0.5658898
15	11	0.943442	0.05779052	0.1070302	0.5661969
15	11	0.9550601	0.05801201	0.107116	0.5666335
15	11	0.9660105	0.05825877	0.1074681	0.5669823
15	11	0.9771696	0.05850267	0.1076319	0.5673249
15	11	0.9884331	0.05863786	0.1079144	0.5675297
15	11	0.9999045	0.05881429	0.10818	0.5678846
15	11	1.010935	0.0587976	0.1083686	0.5681858
15	11	1.022012	0.05890775	0.1086528	0.5683981
15	11	1.033883	0.0588932	0.1087506	0.5687
15	11	1.044524	0.05880857	0.1089613	0.5689328
15	11	1.055764	0.0589664	0.1091454	0.5691562
15	11	1.067154	0.05900478	0.1096737	0.5694253
15	11	1.077962	0.05891418	0.1098957	0.5695763
15	11	1.089048	0.05889153	0.1102095	0.5696404
15	11	1.100379	0.0588882	0.1103437	0.5696384
15	11	1.111413	0.05908585	0.1106386	0.5696386
15	11	1.122471	0.05906415	0.1109586	0.5696144
15	11	1.134002	0.05898881	0.111299	0.5698311
15	11	1.144842	0.05889297	0.1115043	0.569895
15	11	1.156113	0.05871344	0.1118374	0.5697649
15	11	1.167201	0.05866194	0.1122479	0.5698538
15	11	1.178573	0.0586431	0.112457	0.5698428
15	11	1.189821	0.05850172	0.1127286	0.5698106
15	11	1.200979	0.05848932	0.1128323	0.5696009
15	11	1.212142	0.05840111	0.1130264	0.5696286
15	11	1.223117	0.05815816	0.1131885	0.5696427
15	11	1.234454	0.05795932	0.1133993	0.5697222
15	11	1.245271	0.05768609	0.1135395	0.5697558
15	11	1.256652	0.05758142	0.1135607	0.5699377
15	11	1.268022	0.0574224	0.1135268	0.5697784
15	11	1.278733	0.05740762	0.1137242	0.5695786
15	11	1.289872	0.05708051	0.1140239	0.5691974
15	11	1.300962	0.056844	0.1139989	0.5689344
15	11	1.312217	0.0568943	0.1142251	0.5686133
15	11	1.323209	0.05688167	0.114383	0.5683482
15	11	1.334962	0.05668879	0.1143353	0.5681057
15	11	1.345862	0.05671215	0.1144831	0.5678632
15	11	1.356893	0.05643058	0.1147327	0.5676606
15	11	1.36859	0.05649137	0.1147814	0.5674088
15	11	1.379515	0.05640078	0.114825	0.5673548
15	11	1.390643	0.05632806	0.1150186	0.567095
15	11	1.401978	0.05642891	0.1151736	0.5669532
15	11	1.413021	0.05641675	0.1151536	0.5669563
15	11	1.424271	0.05656791	0.1151342	0.5669643
15	11	1.435593	0.05662084	0.1151218	0.567142
15	11	1.446574	0.05665421	0.1150129	0.5672789
15	11	1.457697	0.05698371	0.1147377	0.5675726
15	11	1.469002	0.057055	0.1145453	0.5677936
15	11	1.479853	0.05720448	0.1143024	0.5681074
15	11	1.491049	0.05719995	0.1142292	0.5681636
15	11	1.502511	0.05727863	0.1138163	0.5684674
15	11	1.513233	0.05735993	0.1133764	0.5688714
15	11	1.524516	0.05754304	0.1129835	0.5691411
15	11	1.535853	0.057616	0.1126883	0.5696868
15	11	1.546838	0.05776978	0.1121271	0.5700557
15	11	1.558123	0.05809808	0.1115522	0.5703864
15	11	1.569386	0.05821252	0.1110992	0.570883
15	11	1.580758	0.05848241	0.1104789	0.5712665
15	11	1.591981	0.05851579	0.1096871	0.571987
15	11	1.602824	0.05866051	0.1089213	0.5725341
15	11	1.613949	0.05845857	0.1078756	0.5732859
15	11	1.625272	0.05848575	0.1070089	0.5739576
15	11	1.640824	0.05855966	0.1059175	0.5745327
15	11	1.64863	0.05873847	0.1049452	0.5752014
15	11	1.656885	0.05910325	0.1039293	0.5758681
15	11	1.667448	0.05924368	0.1028626	0.5767305
15	11	1.678694	0.05923486	0.1017017	0.5776222
15	11	1.69011	0.05940247	0.1007025	0.5784209
15	11	1.701102	0.05976653	0.09959245	0.5789298
15	11	1.712031	0.06025815	0.09869552	0.5796497
15	11	1.7232	0.06055093	0.09781146	0.5805105
15	11	1.734366	0.06102061	0.09701753	0.5811155
15	11	1.745452	0.06150413	0.09624767	0.5817541
15	11	1.757118	0.06190753	0.09551096	0.5824187
15	11	1.768597	0.06227374	0.09455013	0.583209
15	11	1.779313	0.06242013	0.09372926	0.5841424
15	11	1.790588	0.06304288	0.09310126	0.5852513
15	11	1.802069	0.06361604	0.09241557	0.5858324
15	11	1.813073	0.06383109	0.09184146	0.5867051
15	11	1.824125	0.06401372	0.09143066	0.5875101
15	11	1.835179	0.06422305	0.09110761	0.5882879
15	11	1.846227	0.06460238	0.09081554	0.5889237
15	11	1.857394	0.06469607	0.09058785	0.5894356
15	11	1.868726	0.06478667	0.09045315	0.5901663
15	11	1.879785	0.06524754	0.09017944	0.5909631
15	11	1.890922	0.06537461	0.09006548	0.5916125
15	11	1.902161	0.06555009	0.08997869	0.5921946
15	11	1.913129	0.06535506	0.08986616	0.5927936
15	11	1.924904	0.06538749	0.08986974	0.593261
15	11	1.935579	0.06542516	0.0897131	0.5935823
15	11	1.946821	0.06563592	0.08978701	0.5939226
15	11	1.957937	0.06540275	0.08992863	0.5942926
15	11	1.969986	0.0653975	0.09012985	0.5948067
15	11	1.980285	0.06547427	0.0902319	0.5953155
15	11	1.991663	0.06541419	0.09034419	0.5958049
15	11	2.003049	0.0652411	0.09031558	0.5963192
15	11	2.01427	0.06496096	0.0902698	0.5968865
15	11	2.025557	0.06499219	0.09042501	0.5970982
15	11	2.036917	0.06485939	0.09051418	0.5974755
15	11	2.048792	0.0649302	0.09078097	0.5978422
15	11	2.059628	0.06466079	0.09104013	0.5982199
15	11	2.070884	0.06450319	0.09145951	0.5987971
15	11	2.081983	0.06446433	0.09182262	0.5991485
15	11	2.093298	0.06443906	0.09223843	0.5994864
15	11	2.10439	0.0643537	0.09275246	0.5999041
15	11	2.115761	0.06428456	0.09309316	0.6003541
15	11	2.127332	0.06413603	0.09356451	0.6007264
15	11	2.138297	0.06381059	0.09395719	0.6011406
15	11	2.149971	0.06358337	0.09446645	0.6015495
15	11	2.161062	0.06331778	0.09496832	0.6020914
15	11	2.172336	0.06309152	0.09521317	0.6024251
15	11	2.183416	0.06283355	0.0957551	0.6028326
15	11	2.194561	0.06265521	0.09630179	0.6032234
15	11	2.205683	0.06225419	0.09676123	0.6036799
15	11	2.217095	0.06234336	0.09710455	0.6043363
15	11	2.228079	0.06210923	0.09759092	0.6048067
15	11	2.239324	0.06193876	0.09812284	0.6051863
15	11	2.25061	0.06163406	0.09871387	0.6054084
15	11	2.26156	0.06149745	0.09918666	0.6057101
15	11	2.272581	0.06147051	0.09967923	0.6060214
15	11	2.283929	0.06141376	0.1001165	0.6064347
15	11	2.295118	0.06126928	0.1005142	0.6068799
15	11	2.30614	0.06123304	0.1007793	0.6071215
15	11	2.31722	0.06121516	0.101126	0.6074898
15	11	2.328367	0.06112552	0.1016381	0.6075884
15	11	2.339565	0.06100821	0.1019857	0.6080306
15	11	2.350537	0.06080127	0.1024327	0.6082492
15	11	2.361648	0.06064248	0.1028168	0.6087995
15	11	2.372785	0.06060934	0.1031616	0.6091464
15	11	2.383912	0.06073594	0.1033468	0.609664
15	11	2.395228	0.06077266	0.1036789	0.609961
15	11	2.406456	0.06088448	0.1038864	0.6101714
15	11	2.417599	0.06089449	0.1041367	0.6104802
15	11	2.428817	0.06083798	0.104274	0.6108215
15	11	2.440675	0.06083107	0.1044559	0.6111721
15	11	2.451643	0.06092763	0.1046393	0.6115594
15	11	2.462578	0.06086946	0.1050756	0.6121657
15	11	2.473974	0.06091309	0.1052864	0.6125801
15	11	2.485865	0.06097794	0.105438	0.6130712
15	11	2.496392	0.06109643	0.1056235	0.6134593
15	11	2.50784	0.06096005	0.105643	0.613945
15	11	2.519214	0.06103063	0.1057475	0.6144882
15	11	2.53017	0.06133246	0.1059031	0.6146626
15	11	2.54116	0.06165338	0.1060836	0.6150587
15	11	2.55271	0.06175065	0.1061411	0.6155627
15	11	2.563517	0.06169415	0.1062183	0.6161549
15	11	2.574743	0.06214523	0.106077	0.6162407
15	11	2.585817	0.06224799	0.1060834	0.6166909
15	11	2.597305	0.06213498	0.10625	0.6174457
15	11	2.608087	0.06194806	0.1062028	0.6180117
15	11	2.619425	0.06175613	0.1064105	0.6181989
15	11	2.630152	0.06178308	0.1066325	0.6186337
15	11	2.641462	0.06177258	0.1067116	0.6189969
15	11	2.652858	0.06197429	0.1066608	0.6195509
15	11	2.664737	0.06208014	0.1064777	0.6195714
15	11	2.675354	0.06219172	0.1065593	0.6197641
15	11	2.686743	0.06239176	0.1065173	0.6201484
15	11	2.697311	0.06234479	0.1067832	0.6205425
15	11	2.70853	0.06237268	0.1069276	0.6206567
15	11	2.719849	0.06245995	0.1070442	0.6208251
15	11	2.730743	0.0625062	0.1072779	0.6209663
15	11	2.741994	0.06235099	0.1074119	0.6210525
15	11	2.753885	0.06217861	0.1076925	0.6208711
15	11	2.76444	0.06205153	0.1079035	0.6210312
15	11	2.775563	0.06203341	0.1080902	0.6210314
15	11	2.786795	0.06191039	0.1082695	0.6209123
15	11	2.797837	0.06182122	0.1084259	0.6206785
15	11	2.809018	0.06175232	0.1085889	0.6205518
15	11	2.820142	0.06169105	0.1087403	0.6205161
15	11	2.831293	0.06164837	0.1088517	0.6202782
15	11	2.842585	0.06149197	0.1089973	0.6201711
15	11	2.853717	0.06150818	0.1090508	0.620223
15	11	2.865065	0.06142592	0.1091864	0.6201186
15	11	2.876365	0.06144643	0.1091661	0.6198461
15	11	2.887339	0.06143403	0.1092377	0.6197951
15	11	2.898499	0.06115222	0.109534	0.6199303
15	11	2.91011	0.06109548	0.1097121	0.6196918
15	11	2.921031	0.06094432	0.1099954	0.6193362
15	11	2.932319	0.06084418	0.1103148	0.6191773
15	11	2.943296	0.06047225	0.1104128	0.6191219
15	11	2.954323	0.06036186	0.1105869	0.6190193
15	11	2.965501	0.06036305	0.1108139	0.6188023
15	11	2.977027	0.06053233	0.1110828	0.6186967
15	11	2.98786	0.060323	0.1113048	0.618506
15	11	2.999138	0.06043863	0.1114552	0.6181084
15	11	3.010041	0.0604465	0.1115992	0.6179819
15	11	3.021254	0.06049109	0.1116779	0.617938
15	11	3.032411	0.06044888	0.1115868	0.617829
15	11	3.043511	0.06056595	0.111702	0.6177921
15	11	3.05444	0.06063437	0.1116955	0.6178732
15	11	3.066194	0.06042981	0.1113896	0.6180155
15	11	3.076891	0.06045413	0.1114314	0.6180357
15	11	3.08796	0.06026435	0.1116462	0.6178322
15	11	3.099276	0.06005692	0.1116984	0.6180565
15	11	3.110427	0.0602417	0.1118538	0.6179792
15	11	3.121664	0.06030202	0.1119113	0.6180218
15	11	3.132946	0.06021905	0.1120486	0.6181648
15	11	3.144218	0.06026006	0.1121104	0.6180782
15	11	3.155619	0.06032014	0.1121457	0.6181037
15	11	3.166664	0.06018949	0.1123641	0.6182283
15	11	3.177949	0.06022096	0.1124396	0.6181092
15	11	3.188888	0.06030202	0.1124411	0.618131
15	11	3.200227	0.06021166	0.112478	0.6182126
15	11	3.211301	0.06015563	0.1125495	0.6182112
15	11	3.223229	0.06002879	0.1127629	0.617975
15	11	3.233911	0.06001115	0.1133142	0.6180983
15	11	3.245114	0.05998993	0.1134346	0.6179793
15	11	3.256178	0.06004763	0.1134841	0.6179419
15	11	3.267331	0.05996561	0.1136484	0.6178532
15	11	3.278297	0.0599196	0.1137815	0.6176845
15	11	3.289504	0.05996156	0.1138685	0.6175532
15	11	3.300609	0.05995154	0.1138747	0.6172881
15	11	3.311553	0.05973029	0.1139059	0.6172078
15	11	3.322693	0.06006408	0.11391	0.6169372
15	11	3.333653	0.06003928	0.1138966	0.6168113
15	11	3.345127	0.0599606	0.1138654	0.6167237
15	11	3.355971	0.05993342	0.1138365	0.6167015
15	11	3.367252	0.05984235	0.113853	0.6166626
15	11	3.378766	0.05976725	0.1138039	0.6164951
15	11	3.389632	0.05974412	0.113658	0.6164219
15	11	3.401069	0.05972266	0.1136916	0.6160829
15	11	3.411901	0.05971026	0.113704	0.6158692
15	11	3.423278	0.05992532	0.1137817	0.6154914
15	11	3.434566	0.05995297	0.1135771	0.6151509
15	11	3.445653	0.06014538	0.1137347	0.614867
15	11	3.457004	0.06008077	0.1139312	0.6145678
15	11	3.468115	0.05993509	0.1140645	0.6143661
15	11	3.47924	0.0597496	0.1142263	0.6139498
15	11	3.490657	0.05965638	0.1143103	0.6135626
15	11	3.501553	0.05940127	0.1145022	0.61291
15	11	3.512824	0.05930233	0.1148546	0.6121132
15	11	3.523984	0.05901861	0.1151128	0.6114029
15	11	3.535804	0.05843782	0.1154487	0.6107368
15	11	3.546338	0.0577383	0.1157269	0.6097063
15	11	3.557589	0.0573771	0.1159792	0.6084819
15	11	3.56865	0.05702806	0.1164522	0.6069076
15	11	3.57981	0.05639505	0.1169655	0.6048875
15	11	3.591125	0.05592132	0.1174042	0.6028063
15	11	3.60229	0.05535817	0.118325	0.6003141
15	11	3.613343	0.05443978	0.1188667	0.5977991
15	11	3.624595	0.0539813	0.1192563	0.5955271
15	11	3.635645	0.05338693	0.119767	0.5928648
15	11	3.646874	0.05294919	0.1204193	0.5897363
15	11	3.65808	0.05252767	0.1210005	0.5863577
15	11	3.669306	0.05197501	0.1219144	0.5829735
15	11	3.680093	0.0513711	0.1225121	0.5795528
15	11	3.691666	0.05080247	0.1231203	0.5758665
15	11	3.702617	0.05033636	0.1238945	0.5722179
15	11	3.713688	0.04989719	0.1246717	0.5681387
15	11	3.725136	0.04942298	0.1252332	0.5645912
15	11	3.736068	0.04913926	0.1253197	0.5604589
15	11	3.747633	0.04839683	0.1260047	0.5564635
15	11	3.758761	0.04790807	0.1264229	0.552704
15	11	3.77019	0.04771185	0.126828	0.5488003
15	11	3.781069	0.04737425	0.1272449	0.5451688
15	11	3.792327	0.0471971	0.1275737	0.5416707
15	11	3.804316	0.04700637	0.1279817	0.538216
15	11	3.81446	0.04656458	0.1286111	0.5345962
15	11	3.82612	0.04636264	0.1289437	0.5314181
15	11	3.837142	0.04615188	0.1291521	0.5280671
15	11	3.848261	0.04617548	0.1294692	0.5250403
15	11	3.859249	0.04613042	0.129739	0.5222914
15	11	3.870591	0.04629683	0.1301579	0.5192419
15	11	3.881277	0.04676437	0.1304479	0.517053
15	11	3.892431	0.0466001	0.1308386	0.5145168
15	11	3.903939	0.0465889	0.1306789	0.5126874
15	11	3.915015	0.04681516	0.1309283	0.5105816
15	11	3.925864	0.04685283	0.1311176	0.508749
15	11	3.937425	0.04674816	0.1309972	0.5070791
15	11	3.94803	0.04666781	0.1310499	0.5056531
15	11	3.959465	0.04625058	0.1311021	0.5045233
15	11	3.970512	0.0461514	0.131299	0.5033553
15	11	3.981597	0.04614401	0.1312799	0.5027982
15	11	3.993023	0.04601479	0.1313589	0.5020471
15	11	4.004463	0.04570031	0.1313269	0.5022695
15	11	4.015195	0.04558587	0.1313438	0.5018818
15	11	4.026455	0.04539466	0.1313353	0.5019046
15	11	4.038368	0.04525495	0.131582	0.5020421
15	11	4.04903	0.0453043	0.1318829	0.501842
15	11	4.060223	0.0450995	0.1318789	0.5021234
15	11	4.071417	0.04503036	0.1316481	0.5023
15	11	4.082594	0.04506588	0.1316736	0.5028417
15	11	4.093981	0.04509139	0.1317482	0.5034111
15	11	4.10498	0.04510927	0.1317432	0.5040243
15	11	4.115815	0.04518318	0.1315277	0.5049454
15	11	4.126969	0.04518533	0.1315584	0.5057473
15	11	4.13832	0.04539752	0.132102	0.5066271
15	11	4.149232	0.04548621	0.132201	0.5073736
15	11	4.160851	0.04553723	0.1323395	0.5082136
15	11	4.171463	0.04534745	0.1324651	0.5091491
15	11	4.182921	0.04562497	0.1324103	0.5101142
15	11	4.193757	0.04572892	0.1325161	0.5109539
15	11	4.204978	0.04593706	0.132942	0.5118873
15	11	4.216459	0.04617262	0.1330137	0.5127132
15	11	4.227561	0.04613161	0.1330397	0.5137415
15	11	4.238879	0.04628062	0.1333482	0.5145875
15	11	4.249826	0.04619622	0.1334655	0.5152824
15	11	4.261027	0.04635501	0.1336665	0.515799
15	11	4.27262	0.04661202	0.1339612	0.5163395
15	11	4.283653	0.04681373	0.1340339	0.5170448
15	11	4.295055	0.04684496	0.1341548	0.5176804
15	11	4.306028	0.04681587	0.1340384	0.5181375
15	11	4.317634	0.04692721	0.1340003	0.5187557
15	11	4.328514	0.04679322	0.1340222	0.5194483
15	11	4.33962	0.04645491	0.1341608	0.52002
15	11	4.350783	0.046242	0.1342833	0.5202817
15	11	4.362087	0.04613471	0.1344054	0.5204149
15	11	4.373395	0.04619622	0.134764	0.5205295
15	11	4.384395	0.04599643	0.1348805	0.5206262
15	11	4.395494	0.04552889	0.1350048	0.5206249
15	11	4.406289	0.04511476	0.135165	0.5202489
15	11	4.417717	0.04457641	0.1352527	0.5198646
15	11	4.428813	0.0439589	0.1354792	0.5189919
15	11	4.439697	0.04343152	0.1354575	0.5178218
15	11	4.450743	0.04300714	0.1355155	0.5164323
15	11	4.462029	0.04221416	0.1361055	0.5141084
15	11	4.473677	0.04115486	0.1366737	0.511112
15	11	4.484457	0.04041171	0.1373155	0.50749
15	11	4.495745	0.03977418	0.1383953	0.5031922
15	11	4.506814	0.03916192	0.1391919	0.4990015
15	11	4.518002	0.03893995	0.1398757	0.4940257
15	11	4.529131	0.03828859	0.140717	0.4886117
15	11	4.540564	0.03791118	0.1418951	0.4828022
15	11	4.551746	0.03769708	0.1426334	0.4772995
15	11	4.563044	0.03749418	0.1435134	0.470932
15	11	4.574387	0.0375104	0.144654	0.4640408
15	11	4.585357	0.03746247	0.1455116	0.4574964
15	11	4.596286	0.03768563	0.1463366	0.4506042
15	11	4.60785	0.03823376	0.1469893	0.4431736
15	11	4.61877	0.03875494	0.1476099	0.435728
15	11	4.630498	0.03942728	0.1480718	0.4284661
15	11	4.6408	0.04007483	0.14817	0.4212143
15	11	4.652389	0.04033566	0.1489465	0.4138005
15	11	4.663259	0.04124069	0.1491504	0.4071488
15	11	4.67455	0.04283309	0.1492124	0.4008647
15	11	4.686124	0.04377365	0.1495013	0.394336
15	11	4.697635	0.04522872	0.1496139	0.3879504
15	11	4.707741	0.04687333	0.149549	0.381436
15	11	4.719166	0.04813385	0.1495857	0.3754746
15	11	4.730069	0.04940343	0.1494563	0.3700671
15	11	4.741557	0.05110598	0.1487725	0.3643315
15	11	4.752616	0.05220389	0.1487577	0.3589264
15	11	4.763631	0.05345249	0.1485138	0.3540347
15	11	4.774974	0.0549891	0.1484084	0.348968
15	11	4.786366	0.05596209	0.1481774	0.3444471
15	11	4.797011	0.05696774	0.1476846	0.3401268
15	11	4.80835	0.05822206	0.1474023	0.3360729
15	11	4.819308	0.05920339	0.1471014	0.3320692
15	11	4.83061	0.05997682	0.1467302	0.3288242
15	11	4.841499	0.06126332	0.1463523	0.3253732
15	11	4.852685	0.06231713	0.1460996	0.3225348
15	11	4.863946	0.06313443	0.1458459	0.3202256
15	11	4.875051	0.06466508	0.1451478	0.3170203
15	11	4.886059	0.06553435	0.1451159	0.3148942
15	11	4.89742	0.06642723	0.1450717	0.3130281
15	11	4.908442	0.06713557	0.1456158	0.3113928
15	11	4.919606	0.06770253	0.1458569	0.3096471
15	11	4.930939	0.06829953	0.1460342	0.3080595
15	11	4.942424	0.06882238	0.1459384	0.3062186
15	11	4.953655	0.06979442	0.146054	0.3047247
15	11	4.964905	0.0705452	0.1462612	0.303169
15	11	4.975858	0.07163429	0.146872	0.3018785
15	11	4.987243	0.07264709	0.1471899	0.3011221
15	11	4.998549	0.07332468	0.1475956	0.300148
15	11	5.009188	0.07419538	0.1482775	0.2992256
15	11	5.020644	0.0751822	0.148762	0.2983233
15	11	5.031619	0.07580328	0.1496074	0.2976992
15	11	5.042914	0.07672119	0.1503005	0.2965742
15	11	5.05438	0.07748675	0.1512251	0.2953143
15	11	5.065279	0.07837272	0.1519017	0.2942208
15	11	5.076378	0.07953215	0.1524928	0.2928777
15	11	5.088052	0.08058667	0.1532035	0.2917507
15	11	5.099205	0.08133793	0.1540334	0.2911147
15	11	5.109773	0.08223796	0.1549082	0.2902534
15	11	5.121373	0.08303189	0.1555061	0.290031
15	11	5.13227	0.08325458	0.1565669	0.290179
15	11	5.143854	0.08341503	0.1573236	0.2902977
15	11	5.155152	0.08294654	0.1579008	0.2908804
15	11	5.166452	0.08191895	0.1585953	0.2917607
15	11	5.177225	0.08127737	0.1594286	0.2925116
15	11	5.18858	0.07942748	0.1601543	0.2943773
15	11	5.199565	0.07709217	0.1609437	0.2967577
15	11	5.21076	0.07480311	0.1619065	0.299809
15	11	5.222126	0.07122898	0.1626561	0.3037848
15	11	5.233097	0.06800413	0.1635034	0.3075264
15	11	5.244276	0.06371212	0.1641538	0.3126806
15	11	5.255764	0.05894828	0.1646881	0.3183572
15	11	5.26689	0.05463481	0.1652608	0.3234184
15	11	5.277908	0.04965496	0.1657784	0.3299634
15	11	5.288993	0.04420209	0.1662003	0.3379639
15	11	5.299899	0.03939462	0.1665319	0.3449917
15	11	5.31111	0.03443527	0.1668441	0.3535564
15	11	5.322664	0.02963567	0.1670017	0.3621278
15	11	5.333413	0.02476597	0.1670108	0.3720624
15	11	5.344684	0.0198822	0.1668916	0.3821814
15	11	5.355821	0.01588321	0.1670582	0.392185
15	11	5.366973	0.01214385	0.1670656	0.4015582
15	11	5.37785	0.008970261	0.1670439	0.412288
15	11	5.389329	0.006293535	0.1670793	0.4226916
15	11	5.400324	0.003356934	0.1671596	0.4331278
15	11	5.411468	0.0004048347	0.1666534	0.444072
15	11	5.422451	-0.001603127	0.1659491	0.455307
15	11	5.433996	-0.003895044	0.1663584	0.4665425
15	11	5.445024	-0.005441904	0.1660254	0.4772365
15	11	5.455894	-0.00638628	0.1660068	0.4875734
15	11	5.467045	-0.007455587	0.1665456	0.4979777
15	11	5.478215	-0.007410765	0.1665876	0.5078071
15	11	5.489441	-0.007288933	0.166477	0.5177221
15	11	5.501099	-0.008067131	0.1665636	0.5278318
15	11	5.511847	-0.007555246	0.1655011	0.5378611
15	11	5.523044	-0.007392645	0.1650839	0.5474589
15	11	5.534312	-0.007402897	0.1655025	0.5576538
15	11	5.545795	-0.007051468	0.1654577	0.5669889
15	11	5.556968	-0.005516529	0.1652632	0.5759776
15	11	5.568317	-0.004496813	0.165669	0.584661
15	11	5.579318	-0.002957821	0.1655846	0.5922661
15	11	5.590356	-0.001081228	0.1649299	0.5992296
15	11	5.601552	5.531311E-05	0.1652765	0.6069027
15	11	5.640239	0.004060745	0.1644387	0.6270885
15	11	5.648552	0.00594759	0.1641603	0.6338501
15	11	5.656702	0.007456064	0.1640694	0.6406469
15	11	5.664245	0.009624243	0.1640429	0.6465487
15	11	5.671658	0.01172876	0.1641259	0.6521764
15	11	5.678342	0.01172876	0.1641259	0.6521764
15	11	5.68681	0.01345181	0.1640172	0.6579225
15	11	5.696039	0.01549602	0.1639438	0.6630783
15	11	5.706975	0.01751804	0.1634755	0.6680775
15	11	5.717906	0.01977301	0.1630471	0.6732601
15	11	5.729439	0.02210021	0.1628485	0.6779494
15	11	5.740458	0.02404428	0.1625323	0.6827472
15	11	5.75155	0.02593136	0.1619899	0.6870151
15	11	5.762449	0.02786326	0.161588	0.691329
15	11	5.773797	0.02952099	0.1614313	0.6952392
15	11	5.78463	0.03139186	0.1613078	0.698814
15	11	5.796073	0.03351665	0.1612961	0.7020489
15	11	5.80722	0.03569293	0.1611977	0.7055204
15	11	5.818133	0.03804326	0.1605632	0.7094214
15	11	5.829531	0.03986335	0.1602221	0.7135527
15	11	5.840931	0.04135108	0.159543	0.7172961
15	11	5.851756	0.04324603	0.1591039	0.7211488
15	11	5.86334	0.04528642	0.1590662	0.7242043
15	11	5.874245	0.04737258	0.1589413	0.727421
15	11	5.886055	0.04983139	0.1586022	0.7301073
15	11	5.896716	0.05251861	0.1581745	0.7322527
15	11	5.907825	0.05452991	0.1575289	0.7351341
15	11	5.918864	0.05666327	0.1564353	0.7378434
15	11	5.929946	0.05867076	0.1560075	0.7405152
15	11	5.941141	0.06015086	0.1554253	0.7428133
15	11	5.952418	0.06188893	0.1549647	0.7450259
15	11	5.963481	0.0635581	0.1548185	0.7465706
15	11	5.974695	0.06511497	0.1551661	0.7486203
15	11	5.985813	0.06691861	0.1548765	0.7501078
15	11	5.997167	0.06853127	0.1543486	0.751266
15	11	6.008561	0.07019639	0.1537406	0.7524027
15	11	6.019391	0.07168317	0.1526201	0.7539246
15	11	6.030581	0.07279372	0.1526005	0.7557411
15	11	6.042239	0.07376933	0.1521459	0.7570543
15	11	6.053175	0.07468939	0.1518168	0.7579197
15	11	6.06467	0.07560515	0.1516094	0.758666
15	11	6.076171	0.07594895	0.1514192	0.7581971
15	11	6.086884	0.07638574	0.1512213	0.7580876
15	11	6.097929	0.07668233	0.150933	0.7582507
15	11	6.109205	0.07663631	0.1506784	0.7578976
15	11	6.120408	0.07637453	0.1504374	0.7576361
15	11	6.131621	0.07592177	0.1509602	0.7568698
15	11	6.142818	0.07469392	0.1513491	0.7555606
15	11	6.153936	0.07396388	0.1517289	0.7545346
15	11	6.165081	0.07249761	0.1529779	0.7522473
15	11	6.176945	0.07076764	0.154619	0.7500259
15	11	6.187141	0.06929564	0.1559491	0.7480446
15	11	6.199415	0.0679493	0.1564074	0.7459894
15	11	6.209939	0.06656432	0.1569054	0.7439537
15	11	6.220696	0.06545615	0.1570973	0.7421064
15	11	6.232796	0.06428528	0.1574671	0.7401702
15	11	6.244753	0.06261897	0.1577425	0.7381737
15	11	6.256943	0.06087065	0.1586838	0.7356887
15	11	6.268436	0.05922818	0.1590335	0.733376
15	11	6.280652	0.05734181	0.1597443	0.731127
15	11	6.292612	0.05506372	0.1606698	0.7282734
15	11	6.304627	0.05320287	0.1612098	0.7256932
15	11	6.316021	0.05111766	0.1618922	0.7229924
15	11	6.327893	0.04925323	0.1624258	0.7205595
15	11	6.339205	0.04731011	0.1627409	0.717916
15	11	6.350194	0.04546833	0.163229	0.715374
15	11	6.361095	0.04365182	0.1636307	0.7123352
15	11	6.3727	0.04170728	0.1641362	0.7092535
15	11	6.383758	0.03975844	0.1647956	0.7053094
15	11	6.394983	0.03729224	0.165746	0.701413
15	11	6.406312	0.03471518	0.1672527	0.6974437
15	11	6.417035	0.03236246	0.1685629	0.6932938
15	11	6.42812	0.02999568	0.169854	0.6888268
15	11	6.439842	0.027668	0.1704621	0.6840498
15	11	6.450618	0.02528548	0.1713667	0.6787801
15	11	6.461758	0.0228169	0.1721224	0.6725006
15	11	6.473021	0.02014804	0.1729599	0.6661212
15	11	6.483931	0.01758981	0.1744522	0.6588646
15	11	6.495134	0.01464844	0.1761562	0.6519433
15	11	6.506836	0.01189351	0.1779197	0.6442323
15	11	6.517478	0.009268999	0.1792911	0.6366692
15	11	6.529016	0.006673098	0.1801219	0.6275557
15	11	6.543315	0.004312277	0.1808556	0.6186973
15	11	6.551065	0.002207041	0.1819016	0.608773
15	11	6.560837	0.0004303455	0.1830431	0.5990307
15	11	6.572489	-0.00122714	0.184194	0.5893384
15	11	6.583213	-0.002356529	0.1854336	0.5792546
15	11	6.594635	-0.003654242	0.1863825	0.5691253
15	11	6.605892	-0.004933834	0.1866539	0.5589156
15	11	6.616704	-0.005982161	0.1871456	0.5482265
15	11	6.627712	-0.006244659	0.1872425	0.5378957
15	11	6.639039	-0.005886555	0.1872628	0.5273824
15	11	6.650006	-0.005533218	0.1878599	0.5168114
15	11	6.661606	-0.005226135	0.1882824	0.506634
15	11	6.672906	-0.004068375	0.1877983	0.4960623
15	11	6.683818	-0.003548384	0.1881863	0.4853191
15	11	6.695206	-0.00199008	0.1878651	0.4751687
15	11	6.706867	0.0002605915	0.1877384	0.4649847
15	11	6.717726	0.0017941	0.1878308	0.4543355
15	11	6.729275	0.004125357	0.1874424	0.4438596
15	11	6.739928	0.006399632	0.1863109	0.4328785
15	11	6.751045	0.008945704	0.18592	0.422672
15	11	6.762167	0.01183343	0.1852208	0.4130601
15	11	6.773444	0.01525092	0.1844816	0.4035496
15	11	6.784173	0.01811433	0.1841038	0.3940511
15	11	6.795502	0.02158093	0.183429	0.3854287
15	11	6.807025	0.02549982	0.1828648	0.376833
15	11	6.818135	0.02878141	0.1823394	0.3681304
15	11	6.828688	0.03219271	0.1816431	0.3603373
15	11	6.840209	0.03623939	0.180527	0.3521562
15	11	6.851054	0.03985691	0.1799392	0.3447375
15	11	6.862319	0.04374886	0.1792107	0.3377601
15	11	6.873671	0.04828	0.1787843	0.3309686
15	11	6.884697	0.05199432	0.1784697	0.3239758
15	11	6.895747	0.05579853	0.1782037	0.3182347
15	11	6.907111	0.0600462	0.1779581	0.3122803
15	11	6.918128	0.06389976	0.1780702	0.3067367
15	11	6.92965	0.06762028	0.177899	0.3014197
15	11	6.940562	0.07199693	0.1772172	0.295944
15	11	6.952045	0.07590008	0.1771585	0.2910967
15	11	6.96382	0.07976079	0.1765426	0.2867442
15	11	6.975132	0.08407974	0.1763701	0.2823768
15	11	6.986163	0.08826089	0.1760628	0.2784481
15	11	6.997605	0.09224868	0.1758699	0.2744884
15	11	7.008797	0.09623337	0.1758772	0.2714741
15	11	7.020038	0.09993529	0.175878	0.2683269
15	11	7.031167	0.1032834	0.1760788	0.2654638
15	11	7.042556	0.1068485	0.1763679	0.2626171
15	11	7.053627	0.1100099	0.1764153	0.2602073
15	11	7.064901	0.1127541	0.1764004	0.2580893
15	11	7.076021	0.1161292	0.1766622	0.2556291
15	11	7.087196	0.1188483	0.1766989	0.2539836
15	11	7.09845	0.1213472	0.1768626	0.2523475
15	11	7.109575	0.1238008	0.1772196	0.2512579
15	11	7.120536	0.1260483	0.1773803	0.2503095
15	11	7.132414	0.1281488	0.1776805	0.2492282
15	11	7.142887	0.1300938	0.1781105	0.2484745
15	11	7.153927	0.1315749	0.1785393	0.2478608
15	11	7.165277	0.1324279	0.1790291	0.2478724
15	11	7.176808	0.1332693	0.1794884	0.2475872
15	11	7.187694	0.1336765	0.1799034	0.2474933
15	11	7.19887	0.1339719	0.1803616	0.2475646
15	11	7.210065	0.1333597	0.1808159	0.2479522
15	11	7.221225	0.1333625	0.1811843	0.2481312
15	11	7.232652	0.1331482	0.1818117	0.2482195
15	11	7.243553	0.1324632	0.1824968	0.2487799
15	11	7.254459	0.1319802	0.1827669	0.2497089
15	11	7.265932	0.1312242	0.1831917	0.2504876
15	11	7.277015	0.129967	0.1836585	0.2516521
15	11	7.288513	0.1284544	0.184239	0.2530453
15	11	7.299202	0.1267312	0.1846261	0.2546943
15	11	7.310473	0.1243551	0.1853501	0.2566338
15	11	7.321738	0.1215899	0.1862319	0.2586954
15	11	7.333017	0.1185277	0.1873972	0.2610931
15	11	7.343791	0.1155112	0.1882336	0.2635852
15	11	7.355255	0.1122329	0.1890013	0.266228
15	11	7.366407	0.1090486	0.1895313	0.268641
15	11	7.377666	0.1052022	0.1900513	0.2717333
15	11	7.388473	0.1009269	0.1904938	0.2751962
15	11	7.400102	0.09659576	0.1909256	0.2787343
15	11	7.410614	0.0912993	0.1911131	0.2832339
15	11	7.421771	0.08545327	0.1909992	0.2882551
15	11	7.433058	0.07905293	0.1905612	0.2933187
15	11	7.444592	0.07327557	0.1904792	0.2980411
15	11	7.455407	0.06643534	0.1900719	0.303308
15	11	7.466508	0.0596447	0.1896226	0.3089983
15	11	7.477964	0.05320168	0.1888435	0.315438
15	11	7.489143	0.04720902	0.1880251	0.3215671
15	11	7.500148	0.04119897	0.1868473	0.3283612
15	11	7.511193	0.03479576	0.1854326	0.3353713
15	11	7.52281	0.0290637	0.1833403	0.3434361
15	11	7.533725	0.02361012	0.1818663	0.3509752
15	11	7.544919	0.01789355	0.1791444	0.3591831
15	11	7.556632	0.01254225	0.1767882	0.366812
15	11	7.567547	0.007480621	0.1748627	0.3749034
15	11	7.578643	0.002987146	0.1721501	0.3831068
15	11	7.590081	-0.00090909	0.1695298	0.3914819
15	11	7.601307	-0.004481316	0.1666443	0.4002652
15	11	7.612054	-0.008439541	0.1635592	0.4089397
15	11	7.62395	-0.01043916	0.1593533	0.4179304
15	11	7.634605	-0.01332092	0.156014	0.4263387
15	11	7.645852	-0.01560712	0.1522908	0.4345036
15	11	7.657218	-0.01669765	0.1490128	0.4422342
15	11	7.668212	-0.01787281	0.1462011	0.4499794
15	11	7.679285	-0.01829314	0.1432664	0.4577025
15	11	7.691119	-0.018188	0.1404636	0.4658148
15	11	7.701529	-0.01823997	0.1382458	0.4741257
15	11	7.712824	-0.01857209	0.1359081	0.4827774
15	11	7.724117	-0.01850867	0.13378	0.4916916
15	11	7.734901	-0.01815057	0.1319327	0.5001562
15	11	7.746249	-0.01775074	0.1301634	0.5088067
15	11	7.758086	-0.01680923	0.1281321	0.5174193
15	11	7.768355	-0.01586938	0.1262984	0.5254531
15	11	7.779474	-0.0146842	0.124742	0.5332961
15	11	7.790753	-0.01337934	0.1229503	0.541172
15	11	7.80165	-0.01209235	0.1212566	0.5477887
15	11	7.812808	-0.0106647	0.1201723	0.5535645
15	11	7.824596	-0.008729458	0.1194487	0.5582392
15	11	7.835439	-0.007319689	0.1193504	0.5626428
15	11	7.847027	-0.006699562	0.1197383	0.564925
15	11	7.857913	-0.005861282	0.120573	0.566601
15	11	7.868831	-0.006311178	0.1231506	0.5675786
15	11	7.880037	-0.007460356	0.1260159	0.5681173
15	11	7.891247	-0.007181883	0.1282589	0.5698431
15	11	7.902021	-0.008127928	0.1337175	0.5704601
15	11	7.913372	-0.009389639	0.1392508	0.5703323
15	11	7.924478	-0.01046491	0.1453137	0.5708561
15	11	7.935641	-0.01191998	0.1515319	0.5708351
15	11	7.946932	-0.01425481	0.161216	0.5703166
15	11	7.958467	-0.01551318	0.1694952	0.5703261
15	11	7.969207	-0.01710439	0.1782458	0.5698838
15	11	7.980443	-0.01878786	0.1907552	0.5692105
15	11	7.992222	-0.01986217	0.201528	0.5689218
15	11	8.002787	-0.02046418	0.2131425	0.5678724
15	11	8.014178	-0.02084661	0.2263167	0.567466
15	11	8.02542	-0.02085233	0.2402035	0.5668399
15	11	8.036601	-0.02052903	0.2530726	0.5663151
15	11	8.047814	-0.01814485	0.2686501	0.5662471
15	11	8.058998	-0.01575708	0.2839245	0.5654038
15	11	8.070498	-0.01288509	0.2980101	0.5650573
15	11	8.081149	-0.008599997	0.3125027	0.5643461
15	11	8.092388	-0.004388571	0.3263903	0.5639819
15	11	8.103435	0.002434492	0.3406419	0.5638154
15	11	8.114604	0.007360935	0.3543392	0.5630627
15	11	8.125504	0.01470113	0.3672254	0.5620883
15	11	8.136728	0.022506	0.3800464	0.5618961
15	11	8.147795	0.03098774	0.3916099	0.5613191
15	11	8.159116	0.0402081	0.4023079	0.5607133
15	11	8.1701	0.04865074	0.4145873	0.5611409
15	11	8.181682	0.05896592	0.4239532	0.5606234
15	11	8.1931	0.06873298	0.4323817	0.5598547
15	11	8.204241	0.07855439	0.4407631	0.5597281
15	11	8.215413	0.08894515	0.4485097	0.5591547
15	11	8.226495	0.09870315	0.4541169	0.5582386
15	11	8.237732	0.1076579	0.459299	0.5581424
15	11	8.249022	0.1169562	0.4633994	0.5574933
15	11	8.25992	0.125206	0.4667172	0.5568535
15	11	8.271287	0.1329715	0.4697149	0.5566509
15	11	8.2824	0.1423256	0.4723923	0.5560205
15	11	8.293643	0.1502209	0.4749964	0.5554153
15	11	8.304863	0.1583457	0.4759016	0.554517
15	11	8.316099	0.1655102	0.4760206	0.5545142
15	11	8.326957	0.1723998	0.4768301	0.553854
15	11	8.338202	0.1779702	0.4753349	0.5530114
15	11	8.349239	0.1838338	0.4750818	0.5527456
15	11	8.360561	0.1881402	0.4741075	0.5521661
15	11	8.371778	0.192636	0.4730753	0.5514121
15	11	8.383054	0.1951413	0.4711515	0.5517678
15	11	8.393641	0.1982174	0.4702611	0.5516468
15	11	8.40481	0.1999829	0.4686012	0.5514128
15	11	8.416318	0.2013228	0.467512	0.5515149
15	11	8.427358	0.2021596	0.466004	0.5523865
15	11	8.438763	0.2031655	0.4640747	0.5520947
15	11	8.449886	0.2027366	0.4627603	0.5526915
15	11	8.461153	0.2013097	0.4614701	0.5531827
15	11	8.47231	0.1994913	0.4589421	0.5527732
15	11	8.483226	0.1965649	0.4571319	0.5536088
15	11	8.494412	0.193156	0.4557468	0.554085
15	11	8.505622	0.189924	0.4534785	0.5540075
15	11	8.516798	0.1854627	0.4520195	0.554395
15	11	8.527798	0.1804683	0.4504241	0.5549185
15	11	8.539592	0.1751056	0.4478487	0.5550797
15	11	8.550138	0.168885	0.4454546	0.5559042
15	11	8.561422	0.1630197	0.4431028	0.5568004
15	11	8.572522	0.1557539	0.4396865	0.5576568
15	11	8.583795	0.1484759	0.4360523	0.5584691
15	11	8.594898	0.1405098	0.4319619	0.559299
15	11	8.606363	0.1321137	0.4269731	0.5597501
15	11	8.617124	0.1237981	0.4228601	0.559958
15	11	8.628344	0.1148632	0.4176219	0.5606115
15	11	8.639345	0.1052673	0.4122598	0.5616755
15	11	8.650599	0.09647417	0.4064778	0.5623944
15	11	8.661706	0.0868969	0.3994788	0.5633084
15	11	8.673164	0.07716775	0.392719	0.5645936
15	11	8.684138	0.067312	0.3852885	0.5651498
15	11	8.695667	0.05774164	0.3765686	0.5658543
15	11	8.706783	0.04781365	0.3674599	0.5669973
15	11	8.71786	0.03881907	0.35852	0.5676172
15	11	8.729171	0.03037119	0.3490112	0.5690041
15	11	8.740937	0.02226186	0.3383248	0.5702457
15	11	8.752522	0.01484489	0.327287	0.5706526
15	11	8.763299	0.008418798	0.3155341	0.5713727
15	11	8.773888	0.001238108	0.3043321	0.5725813
15	11	8.785009	-0.004549503	0.2928782	0.573276
15	11	8.795974	-0.008931875	0.281553	0.5743074
15	11	8.8074	-0.01315188	0.2705686	0.5756077
15	11	8.818304	-0.01718402	0.260329	0.5761538
15	11	8.829246	-0.01918602	0.2489622	0.5769246
15	11	8.840631	-0.02084446	0.2376528	0.5782666
15	11	8.85181	-0.02162075	0.2269573	0.5789884
15	11	8.862916	-0.02271533	0.2162598	0.5799093
15	11	8.874378	-0.0231142	0.2053868	0.5811214
15	11	8.885133	-0.02334905	0.195116	0.5822456
15	11	8.896329	-0.02342343	0.1847724	0.5837308
15	11	8.908161	-0.02322769	0.1743147	0.5847962
15	11	8.918836	-0.02335286	0.1644995	0.5859978
15	11	8.929918	-0.02242947	0.1551456	0.5879735
15	11	8.941761	-0.02122164	0.1462102	0.5901968
15	11	8.952326	-0.01929021	0.1373668	0.5925974
15	11	8.96359	-0.0168004	0.1290658	0.5944612
15	11	8.975072	-0.01478887	0.120558	0.5960424
15	11	8.986066	-0.01080155	0.1132388	0.5973849
15	11	8.997635	-0.00783515	0.1056235	0.5984135
15	11	9.009259	-0.004976988	0.09829736	0.5991054
15	11	9.019546	-0.00153327	0.091995	0.5992866
15	11	9.03064	0.001498699	0.08543396	0.5998317
15	11	9.041738	0.004270077	0.08037233	0.6010497
15	11	9.052857	0.006916523	0.07444668	0.6021688
15	11	9.064025	0.009413242	0.06944227	0.6026471
15	11	9.075644	0.01276422	0.06434727	0.6017556
15	11	9.08649	0.01639938	0.05881572	0.6006538
15	11	9.097862	0.02016973	0.05292797	0.5992899
15	11	9.108925	0.02360368	0.04671931	0.5983403
15	11	9.119646	0.02682066	0.03998637	0.5985659
15	11	9.130752	0.02948904	0.0343163	0.5994065
15	11	9.142219	0.03269982	0.02994967	0.6004553
15	11	9.153217	0.03536868	0.02555132	0.6001372
15	11	9.164813	0.0391643	0.02134848	0.5997967
15	11	9.175847	0.04359245	0.01657891	0.5989137
15	11	9.187301	0.04765797	0.01162982	0.5983176
15	11	9.198296	0.05164599	0.006311178	0.598343
15	11	9.209261	0.05478549	0.001432896	0.5991244
15	11	9.220545	0.05704331	-0.002267599	0.5997698
15	11	9.231792	0.05968952	-0.006320477	0.6000845
15	11	9.243076	0.06337404	-0.008673429	0.5994186
15	11	9.254193	0.0669632	-0.01205063	0.5987983
15	11	9.265473	0.07074261	-0.01613855	0.5976124
15	11	9.276483	0.07464623	-0.02025223	0.5965824
15	11	9.287836	0.07837629	-0.02443123	0.5960598
15	11	9.29888	0.08134723	-0.0285573	0.5960702
15	11	9.309877	0.08321619	-0.03120589	0.5967371
15	11	9.321159	0.08495259	-0.03290343	0.5968976
15	11	9.332207	0.08706784	-0.03496981	0.5967118
15	11	9.343599	0.089535	-0.03643608	0.5964524
15	11	9.354298	0.09170222	-0.03760552	0.5963984
15	11	9.365997	0.09359145	-0.03911138	0.5959644
15	11	9.376747	0.0950315	-0.04039621	0.5957818
15	11	9.387884	0.09597802	-0.04161286	0.5961471
15	11	9.398935	0.09598422	-0.04164958	0.5965824
15	11	9.410336	0.09595418	-0.04123664	0.5964377
15	11	9.421579	0.09550261	-0.04037261	0.5962095
15	11	9.43266	0.09512353	-0.03967595	0.5958499
15	11	9.443883	0.09390616	-0.03810978	0.5955682
15	11	9.455311	0.0927875	-0.03656816	0.5958624
15	11	9.466316	0.09143567	-0.03489232	0.595807
15	11	9.47798	0.08941913	-0.03209209	0.5958544
15	11	9.488606	0.08646035	-0.02839136	0.5961574
15	11	9.49995	0.08399105	-0.02566624	0.5960791
15	11	9.510986	0.08084989	-0.02156496	0.5960526
15	11	9.522153	0.07781744	-0.01779985	0.5961183
15	11	9.533375	0.07392764	-0.01292038	0.5960209
15	11	9.544639	0.07002497	-0.006975889	0.5955424
15	11	9.555661	0.06642938	-0.002139568	0.5955293
15	11	9.567072	0.0624156	0.003321171	0.5953784
15	11	9.57847	0.05741525	0.01002192	0.5950059
15	11	9.589389	0.05334163	0.01629758	0.5951431
15	11	9.600423	0.04904532	0.02319717	0.595167
15	11	9.611599	0.04447031	0.03041506	0.5956035
15	11	9.622767	0.04046512	0.03737593	0.5961742
15	11	9.634259	0.03603935	0.04553175	0.5972381
15	11	9.644966	0.03183103	0.05398679	0.5981663
15	11	9.656371	0.02739429	0.06227946	0.5989312
15	11	9.66749	0.02293324	0.07157564	0.5997975
15	11	9.678436	0.01877236	0.08150029	0.6002665
15	11	9.689737	0.01493096	0.09151435	0.6006122
15	11	9.700985	0.01153088	0.1017849	0.6007638
15	11	9.711825	0.008011341	0.1112676	0.6008861
15	11	9.723104	0.005590439	0.1207795	0.6011144
15	11	9.73421	0.003143311	0.1309686	0.6011509
15	11	9.745542	0.0005836487	0.1405683	0.6009467
15	11	9.756779	-0.0007195473	0.1504049	0.6003884
15	11	9.768209	-0.002201557	0.160629	0.6000607
15	11	9.778952	-0.003405094	0.1696939	0.5992879
15	11	9.790715	-0.003907681	0.1783309	0.5981244
15	11	9.801437	-0.004902601	0.1876292	0.5974083
15	11	9.812489	-0.004995108	0.1955746	0.5955822
15	11	9.823729	-0.004639387	0.202879	0.5939922
15	11	9.834885	-0.004666567	0.2112083	0.5928282
15	11	9.846232	-0.003251314	0.2171431	0.5910147
15	11	9.857383	-0.002163172	0.2227172	0.5898399
15	11	9.868932	-0.001292706	0.2288494	0.5887868
15	11	9.879711	2.741814E-05	0.2333169	0.5879661
15	11	9.890783	0.001088142	0.2373726	0.5873911
15	11	9.901783	0.001785994	0.2418138	0.5880823
15	11	9.912917	0.002999544	0.2452303	0.588613
15	11	9.924245	0.003675461	0.2481701	0.589518
15	11	9.935288	0.004125118	0.2511679	0.5908828
15	11	9.947079	0.004995346	0.2532439	0.5931201
15	11	9.957715	0.004997015	0.2547146	0.596018
15	11	9.968854	0.005080938	0.2562771	0.5986881
15	11	9.979971	0.0052073	0.2566803	0.6031201
15	11	9.991026	0.00513649	0.2578765	0.6065632
15	11	10.00226	0.00505662	0.2576075	0.6108623
15	11	10.0134	0.005429745	0.2578232	0.6156933
15	11	10.02482	0.005806208	0.2580204	0.6204324
15	11	10.03561	0.006107092	0.257183	0.6257806
15	11	10.04689	0.006405592	0.256568	0.6320519
15	11	10.05835	0.007121563	0.2561415	0.6383216
15	11	10.06924	0.008087158	0.2555265	0.6449277
15	11	10.08073	0.008623123	0.2546238	0.6521245
15	11	10.09205	0.009916544	0.2538234	0.6592689
15	11	10.1032	0.01138091	0.2528603	0.6665738
15	11	10.11411	0.0128758	0.251597	0.6746185
15	11	10.12586	0.01451635	0.2508109	0.6820638
15	11	10.13654	0.01671624	0.2496936	0.6898685
15	11	10.14772	0.0189929	0.248683	0.6980385
15	11	10.15886	0.02214456	0.2474579	0.7065408
15	11	10.16999	0.02539277	0.246441	0.7149477
15	11	10.1813	0.02838635	0.2452464	0.7234548
15	11	10.19275	0.03211117	0.2440276	0.7318332
15	11	10.20384	0.03604341	0.243018	0.7399802
15	11	10.21482	0.04045272	0.241513	0.7481649
15	11	10.22609	0.04463387	0.2402472	0.755631
15	11	10.23691	0.04862165	0.2394091	0.7631991
15	11	10.24857	0.05328226	0.2381876	0.7700678
15	11	10.2602	0.05756783	0.2369862	0.7773103
15	11	10.27061	0.06242728	0.2360609	0.7844514
15	11	10.28185	0.06711984	0.2346628	0.7913086
15	11	10.29351	0.07262182	0.233153	0.7982054
15	11	10.30426	0.07758355	0.2317307	0.804588
15	11	10.31532	0.08295703	0.23031	0.8107407
15	11	10.32645	0.08813214	0.2293824	0.8155093
15	11	10.33745	0.09294081	0.2287018	0.8203185
15	11	10.34877	0.09769511	0.227725	0.8251306
15	11	10.36004	0.102844	0.2262288	0.8294085
15	11	10.37104	0.1074021	0.2257475	0.8341172
15	11	10.38219	0.1118395	0.2245014	0.8377621
15	11	10.39365	0.1165583	0.2231817	0.8418869
15	11	10.40476	0.1206186	0.222429	0.8450822
15	11	10.41604	0.1249933	0.2214661	0.8479563
15	11	10.42702	0.1283245	0.2209232	0.8499148
15	11	10.43783	0.1310899	0.2207401	0.8513526
15	11	10.44923	0.133363	0.2204076	0.8524363
15	11	10.46075	0.1356118	0.2201338	0.8534981
15	11	10.47156	0.136723	0.2201533	0.8538846
15	11	10.48267	0.1383989	0.2195696	0.8547505
15	11	10.49395	0.1391089	0.219263	0.8549941
15	11	10.50506	0.1400802	0.2192221	0.8554566
15	11	10.51618	0.1403368	0.2190824	0.8553771
15	11	10.52733	0.1403558	0.2192439	0.8548403
15	11	10.53847	0.1398365	0.2194649	0.8538095
15	11	10.54985	0.1389878	0.2200443	0.8524351
15	11	10.56093	0.138005	0.2205369	0.8512502
15	11	10.5724	0.1362796	0.2210343	0.8490545
15	11	10.58321	0.1340168	0.2218832	0.8469627
15	11	10.59431	0.13184	0.2227274	0.8445387
15	11	10.60544	0.1293736	0.2235745	0.8418732
15	11	10.61693	0.1266189	0.2244434	0.8389515
15	11	10.62792	0.1237752	0.2254393	0.835824
15	11	10.63909	0.1196582	0.2266408	0.8315934
15	11	10.65012	0.1156564	0.2285075	0.8271513
15	11	10.66144	0.111316	0.2306254	0.8226837
15	11	10.67266	0.1075361	0.2325536	0.8180321
15	11	10.684	0.1036069	0.2343889	0.8129704
15	11	10.69515	0.09947205	0.2361616	0.8074038
15	11	10.70618	0.09512258	0.2372495	0.8017648
15	11	10.71733	0.09050131	0.2389134	0.7949269
15	11	10.72871	0.08568811	0.2405267	0.7876666
15	11	10.73978	0.0809443	0.2426959	0.7799747
15	11	10.75095	0.07645226	0.2451928	0.7721953
15	11	10.76186	0.07219243	0.247632	0.7648711
15	11	10.77285	0.06868482	0.2494946	0.7561642
15	11	10.78478	0.0649116	0.2511519	0.7477865
15	11	10.79639	0.06113052	0.252594	0.739606
15	11	10.80629	0.05701852	0.2537327	0.7310194
15	11	10.81742	0.05306864	0.2555153	0.721211
15	11	10.82873	0.04956365	0.2574694	0.7121454
15	11	10.83998	0.04694057	0.260049	0.7023406
15	11	10.85091	0.04378724	0.2624872	0.6924745
15	11	10.86222	0.04181314	0.2646259	0.6824514
15	11	10.87324	0.04022527	0.2657239	0.6724515
15	11	10.88477	0.03823948	0.2673529	0.6624906
15	11	10.89591	0.03628659	0.2686746	0.6530304
15	11	10.90705	0.03520274	0.2697102	0.6431749
15	11	10.91815	0.0341475	0.2713398	0.6329452
15	11	10.92933	0.03374457	0.2730032	0.6229854
15	11	10.94081	0.03395128	0.2744672	0.6126029
15	11	10.95219	0.03365374	0.2763294	0.6021922
15	11	10.9632	0.03462148	0.2777194	0.5920811
15	11	10.97445	0.03606796	0.2778068	0.5816666
15	11	10.98546	0.03743172	0.2785538	0.5714929
15	11	10.99656	0.03875303	0.2790723	0.5618472
15	11	11.00774	0.04135346	0.2793924	0.5521431
15	11	11.0191	0.04365802	0.2804178	0.5424387
15	11	11.03014	0.04667115	0.2813418	0.5333445
15	11	11.04122	0.05031776	0.2821628	0.5245296
15	11	11.0522	0.05386424	0.282776	0.5162302
15	11	11.06346	0.0573082	0.2832452	0.5077841
15	11	11.07499	0.06150603	0.283246	0.5000153
15	11	11.08569	0.06530213	0.2834762	0.4924221
15	11	11.09688	0.06938219	0.2830765	0.4853754
15	11	11.10813	0.07361722	0.283419	0.4782076
15	11	11.11912	0.07798123	0.2837777	0.4716959
15	11	11.13026	0.08278847	0.2839541	0.4653872
15	11	11.14117	0.08795476	0.284076	0.4595356
15	11	11.15274	0.09259391	0.2838908	0.4535718
15	11	11.16374	0.09718704	0.2830482	0.4485612
15	11	11.17508	0.1021459	0.2826926	0.4437001
15	11	11.18613	0.1064494	0.2825202	0.4392225
15	11	11.19771	0.1105227	0.2822732	0.4352183
15	11	11.20863	0.1147468	0.2822005	0.4310794
15	11	11.21956	0.1179657	0.2819631	0.427963
15	11	11.23083	0.1206229	0.2815328	0.4253557
15	11	11.24192	0.1237476	0.2810293	0.4225421
15	11	11.25314	0.126209	0.2803717	0.420254
15	11	11.26437	0.12817	0.2795849	0.4185479
15	11	11.27587	0.1302943	0.2791435	0.4168265
15	11	11.2867	0.131835	0.2786926	0.4152784
15	11	11.29813	0.1333985	0.2781489	0.4135368
15	11	11.30943	0.1339376	0.2777383	0.4128852
15	11	11.32054	0.1349018	0.2770996	0.4121146
15	11	11.3317	0.1351759	0.2769675	0.4118431
15	11	11.34304	0.1354327	0.27669	0.4117372
15	11	11.3543	0.1354725	0.2760922	0.4127004
15	11	11.3653	0.1358407	0.2756182	0.4124014
15	11	11.3766	0.1351345	0.2752904	0.4133832
15	11	11.38776	0.1342006	0.27516	0.4139136
15	11	11.3989	0.1332214	0.2745016	0.4147485
15	11	11.41023	0.1315787	0.2740252	0.416101
15	11	11.42089	0.1297495	0.2737132	0.4175282
15	11	11.43222	0.1280649	0.2730972	0.4190985
15	11	11.44348	0.1261213	0.2726713	0.4211303
15	11	11.45432	0.1242936	0.2722303	0.4237161
15	11	11.46554	0.1224024	0.2721459	0.4262658
15	11	11.47714	0.1204102	0.2718178	0.4288404
15	11	11.48794	0.118259	0.2718074	0.4312152
15	11	11.49896	0.1162884	0.2713993	0.4337606
15	11	11.51067	0.11379	0.2711357	0.4370568
15	11	11.52101	0.1110022	0.270896	0.4404426
15	11	11.53235	0.1082904	0.2704527	0.4438827
15	11	11.54374	0.1050339	0.2698302	0.4479434
15	11	11.55484	0.1013143	0.2689999	0.4524299
15	11	11.56599	0.09778953	0.2682109	0.4566898
15	11	11.57763	0.09412932	0.2674947	0.4612268
15	11	11.5884	0.09045553	0.2670497	0.4658402
15	11	11.59991	0.08693862	0.2664522	0.4706092
15	11	11.61119	0.08322167	0.2658238	0.4763546
15	11	11.62207	0.07943559	0.2647778	0.482245
15	11	11.63342	0.07541203	0.2643098	0.4882667
15	11	11.64469	0.07114482	0.2629628	0.4945087
15	11	11.65586	0.06720042	0.2615436	0.5005183
15	11	11.6671	0.06318545	0.2604808	0.5067015
15	11	11.67804	0.05908895	0.259043	0.5131207
15	11	11.68922	0.05527234	0.2577717	0.519531
15	11	11.70026	0.05178666	0.2566953	0.5261285
15	11	11.71163	0.0475738	0.2552365	0.5329182
15	11	11.72251	0.04390979	0.25384	0.5399239
15	11	11.73363	0.04036164	0.2525688	0.5471444
15	11	11.74498	0.03640723	0.2508111	0.5546086
15	11	11.75602	0.03327584	0.2489313	0.5622417
15	11	11.76702	0.02998757	0.2469046	0.5692452
15	11	11.77826	0.0271523	0.245181	0.5766737
15	11	11.78922	0.02415538	0.2437105	0.5837882
15	11	11.80038	0.02169609	0.2428596	0.5912135
15	11	11.81141	0.01928186	0.2415549	0.598551
15	11	11.8228	0.01741624	0.2402357	0.6062107
15	11	11.83402	0.01518512	0.2390512	0.6139457
15	11	11.84505	0.01405144	0.2377528	0.6216398
15	11	11.85646	0.01259351	0.2363348	0.629002
15	11	11.86754	0.01152134	0.2351338	0.6364883
15	11	11.87875	0.01019359	0.2336324	0.6436145
15	11	11.89004	0.009502649	0.2324674	0.6504583
15	11	11.9013	0.008660793	0.2315201	0.6575675
15	11	11.91284	0.008504868	0.2306914	0.6643827
15	11	11.92384	0.009275675	0.2298552	0.6713948
15	11	11.93492	0.01005435	0.2289962	0.6778195
15	11	11.94613	0.01152873	0.2278047	0.6845692
15	11	11.95738	0.01310039	0.226555	0.6910866
15	11	11.96834	0.01484489	0.2253977	0.6978824
15	11	11.97983	0.01612353	0.2238487	0.7044291
15	11	11.99056	0.0185957	0.221826	0.7103115
15	11	12.00172	0.020684	0.2201259	0.7163538
15	11	12.0128	0.02312565	0.218187	0.7220786
15	11	12.02397	0.02632451	0.2157006	0.7265401
15	11	12.03491	0.02938914	0.2137705	0.7309697
15	11	12.04619	0.03191781	0.2117529	0.7355409
15	11	12.05737	0.0347476	0.2096641	0.7394313
15	11	12.06882	0.03730392	0.2081757	0.7436173
15	11	12.07954	0.03963161	0.2060286	0.7471747
15	11	12.09081	0.04278255	0.2034544	0.7505329
15	11	12.10211	0.04537606	0.2015833	0.7545255
15	11	12.11329	0.04828787	0.1993285	0.7573419
15	11	12.12448	0.05138755	0.1970276	0.7609602
15	11	12.13602	0.05394149	0.1954738	0.7637944
15	11	12.14687	0.05628753	0.1937972	0.7662133
15	11	12.15828	0.05905271	0.1918235	0.7692392
15	11	12.16933	0.06147361	0.1902343	0.7714612
15	11	12.18074	0.06365037	0.1885886	0.7736382
15	11	12.19171	0.06620669	0.1869206	0.7755756
15	11	12.20295	0.06820703	0.1856915	0.7776721
15	11	12.21435	0.06963658	0.1846862	0.7786655
15	11	12.22537	0.07133889	0.1835897	0.7800276
15	11	12.23893	0.07252502	0.1825407	0.7806162
15	11	12.2481	0.07336307	0.1818485	0.7811619
15	11	12.25891	0.07418275	0.1810455	0.7819786
15	11	12.26988	0.07455039	0.1809894	0.7825321
15	11	12.28112	0.07544923	0.1804104	0.7831554
15	11	12.29272	0.07548785	0.1803404	0.7830939
15	11	12.30412	0.07529855	0.1803333	0.7827959
15	11	12.31478	0.07505679	0.1804365	0.7824907
15	11	12.3257	0.07518148	0.1802794	0.7827678
15	11	12.33708	0.07504106	0.1800913	0.7824018
15	11	12.34807	0.07473874	0.1802145	0.7821828
15	11	12.35908	0.07400727	0.1806191	0.7817106
15	11	12.37013	0.07297444	0.1814072	0.7809868
15	11	12.38136	0.07205939	0.1822579	0.7799737
15	11	12.39262	0.07095885	0.1833124	0.7788976
15	11	12.40383	0.06987929	0.1841844	0.7779355
15	11	12.41512	0.0677917	0.185325	0.7766535
15	11	12.42658	0.06643081	0.1864079	0.7752463
15	11	12.43711	0.06467271	0.187557	0.7735682
15	11	12.44855	0.0627315	0.1889688	0.7716482
15	11	12.45947	0.06046128	0.1907016	0.7692391
15	11	12.47054	0.05824804	0.1926013	0.7669749
15	11	12.48194	0.05627322	0.1940508	0.7650821
15	11	12.49317	0.05427384	0.1956996	0.7628534
15	11	12.5041	0.05234146	0.1967477	0.7603168
15	11	12.51543	0.05018735	0.1982191	0.7579973
15	11	12.52689	0.04835439	0.199928	0.755085
15	11	12.53793	0.04626846	0.2019523	0.7524166
15	11	12.54921	0.04338908	0.204077	0.7486488
15	11	12.56046	0.04104376	0.2061384	0.7450564
15	11	12.57151	0.0387423	0.2079105	0.7413323
15	11	12.5827	0.03664136	0.2097961	0.737446
15	11	12.59454	0.03439212	0.2115469	0.7338444
15	11	12.60552	0.0317688	0.2133769	0.7299237
15	11	12.61631	0.02918935	0.215295	0.7250278
15	11	12.62772	0.02661896	0.2173785	0.7203388
15	11	12.63888	0.02444482	0.219293	0.7152874
15	11	12.64981	0.02238297	0.2214786	0.7103372
15	11	12.66095	0.02048087	0.223314	0.7055378
15	11	12.67205	0.01891232	0.2249901	0.7007327
15	11	12.68302	0.0172503	0.2265556	0.695529
15	11	12.69473	0.01566982	0.2279742	0.6906234
15	11	12.70552	0.01413321	0.2294077	0.685396
15	11	12.71696	0.0126071	0.2315078	0.6795021
15	11	12.72803	0.01173043	0.2333846	0.673943
15	11	12.73906	0.01113892	0.2345861	0.6681025
15	11	12.74977	0.01028371	0.2361691	0.6625481
15	11	12.76156	0.00992465	0.2373807	0.6572224
15	11	12.77224	0.009619713	0.2383472	0.6519661
15	11	12.78348	0.009207964	0.2397439	0.646692
15	11	12.79473	0.00885272	0.2411824	0.6415298
15	11	12.80663	0.009169817	0.2427404	0.6363057
15	11	12.81831	0.008857489	0.2446727	0.6304829
15	11	12.82828	0.009384632	0.2459891	0.6251341
15	11	12.83937	0.009764433	0.2470094	0.619923
15	11	12.85035	0.01029444	0.2477823	0.6145459
15	11	12.86163	0.01085401	0.2485343	0.6092811
15	11	12.87281	0.01166272	0.2494512	0.6037822
15	11	12.88395	0.01255679	0.250438	0.5983002
15	11	12.89546	0.01373863	0.2513955	0.5930707
15	11	12.90645	0.0153625	0.2519422	0.5875802
15	11	12.91815	0.01692295	0.2526367	0.5824411
15	11	12.92902	0.01905036	0.2528063	0.5775795
15	11	12.94007	0.02089334	0.2529976	0.5723841
15	11	12.95112	0.02254915	0.2533377	0.5669616
15	11	12.96252	0.02438951	0.2535379	0.561886
15	11	12.97359	0.02654243	0.2537726	0.5567822
15	11	12.98487	0.02889442	0.2540329	0.5518866
15	11	12.99603	0.03138018	0.2543006	0.5470803
15	11	13.00719	0.03445029	0.2542096	0.542248
15	11	13.01835	0.03722572	0.2539582	0.5378274
15	11	13.02952	0.04001522	0.2533163	0.5337634
15	11	13.04037	0.04312062	0.2526761	0.5294747
15	11	13.05161	0.04586887	0.2524414	0.5251245
15	11	13.06276	0.04868007	0.2521588	0.5210111
15	11	13.07455	0.05192351	0.2516639	0.5169088
15	11	13.08528	0.05477285	0.2514776	0.513101
15	11	13.09666	0.05779576	0.2507968	0.5098724
15	11	13.1076	0.06112194	0.2494763	0.5064077
15	11	13.11887	0.06437421	0.2482008	0.5030129
15	11	13.12996	0.06793618	0.2470851	0.4996544
15	11	13.14127	0.07118845	0.2460322	0.4965038
15	11	13.15211	0.07472277	0.2449595	0.4934089
15	11	13.16329	0.07820654	0.243955	0.4906256
15	11	13.1743	0.08167219	0.2431456	0.4880567
15	11	13.18552	0.08513236	0.2422733	0.4850745
15	11	13.19665	0.08845258	0.2407287	0.4826871
15	11	13.20793	0.09191346	0.2394406	0.4804723
15	11	13.21877	0.09493709	0.2383816	0.4784229
15	11	13.23014	0.09773421	0.2373199	0.4766117
15	11	13.24139	0.1007426	0.2364808	0.4745129
15	11	13.25256	0.1034393	0.2356465	0.4729531
15	11	13.26406	0.1057742	0.2348639	0.4714707
15	11	13.27509	0.108206	0.2340713	0.4699668
15	11	13.2863	0.1104357	0.2330765	0.4687846
15	11	13.29758	0.1117024	0.2321883	0.4680417
15	11	13.30898	0.1125331	0.2317436	0.4673612
15	11	13.31991	0.1137922	0.2312557	0.466428
15	11	13.33093	0.1146674	0.2310436	0.4654965
15	11	13.34218	0.1153705	0.2309966	0.4649222
15	11	13.35338	0.1160305	0.2307717	0.4647574
15	11	13.3649	0.116576	0.2305918	0.4643707
15	11	13.37556	0.1167285	0.2303262	0.4640985
15	11	13.38712	0.1166136	0.2303342	0.4641491
15	11	13.39833	0.11642	0.230176	0.4642733
15	11	13.40926	0.1154745	0.2305244	0.465004
15	11	13.42055	0.1147993	0.2307674	0.4654126
15	11	13.43155	0.1136205	0.2311484	0.466424
15	11	13.44279	0.1126487	0.2314067	0.4672413
15	11	13.45365	0.1113617	0.2316866	0.4688563
15	11	13.46487	0.1104381	0.232011	0.4698405
15	11	13.47603	0.1092596	0.2323766	0.4710293
15	11	13.48732	0.1079757	0.2329793	0.4720562
15	11	13.49875	0.1065981	0.2333778	0.473662
15	11	13.50977	0.1053038	0.2339309	0.4753642
15	11	13.52072	0.1037748	0.234656	0.4767667
15	11	13.53204	0.1021135	0.2351941	0.4789683
15	11	13.54346	0.1006882	0.2354538	0.4809303
15	11	13.55411	0.09907961	0.2358234	0.4829209
15	11	13.56541	0.09719586	0.2362031	0.4852905
15	11	13.5766	0.09504032	0.2362256	0.4875169
15	11	13.58784	0.09305978	0.2363138	0.4896063
15	11	13.5992	0.09116912	0.2366109	0.4917395
15	11	13.61026	0.08917189	0.2368627	0.4940317
15	11	13.62122	0.08735609	0.2369523	0.4969417
15	11	13.63264	0.08528566	0.2374991	0.4997909
15	11	13.64398	0.08266521	0.2375214	0.5027359
15	11	13.65466	0.0800457	0.2374023	0.505688
15	11	13.6658	0.07749748	0.2376657	0.508729
15	11	13.67713	0.07476401	0.2375451	0.5117342
15	11	13.6881	0.07217073	0.2373075	0.5150896
15	11	13.69954	0.06958437	0.2376242	0.5182502
15	11	13.71024	0.06697679	0.2378817	0.5217524
15	11	13.72165	0.06424046	0.2379171	0.5255909
15	11	13.73258	0.06153679	0.2375721	0.5291383
15	11	13.74394	0.05847573	0.2373954	0.5329772
15	11	13.75523	0.05540633	0.2371535	0.536751
15	11	13.76661	0.05267763	0.2368014	0.5403636
15	11	13.77762	0.0496583	0.2359679	0.5443836
15	11	13.78883	0.04693031	0.2350957	0.5486373
15	11	13.80012	0.04410243	0.2345173	0.5526967
15	11	13.81153	0.04091525	0.233503	0.5572238
15	11	13.82256	0.03758311	0.2320149	0.5619478
15	11	13.83382	0.03442359	0.230891	0.5663422
15	11	13.84525	0.03110647	0.2287896	0.5710707
15	11	13.85642	0.02841258	0.2267575	0.5758131
15	11	13.86728	0.02545071	0.2256227	0.5805469
15	11	13.87852	0.02275729	0.2239196	0.5850127
15	11	13.88955	0.02015233	0.2223305	0.5896951
15	11	13.9008	0.01794529	0.220713	0.5946577
15	11	13.91227	0.01569676	0.2188213	0.5998405
15	11	13.92322	0.01350212	0.2171365	0.6044774
15	11	13.93424	0.01176238	0.2155691	0.6093051
15	11	13.94549	0.01034498	0.2133102	0.6140387
15	11	13.95647	0.009053469	0.2111712	0.618818
15	11	13.96759	0.007629395	0.2091119	0.6230397
15	11	13.97899	0.006525755	0.2073033	0.6272314
15	11	13.9901	0.005598783	0.20551	0.6315851
15	11	14.00097	0.004568815	0.2039384	0.6363988
15	11	14.01349	0.003992319	0.202202	0.6411607
15	11	14.02461	0.003446817	0.2002618	0.6462907
15	11	14.03526	0.003317595	0.1984798	0.6512423
15	11	14.04659	0.003002882	0.1966549	0.6560249
15	11	14.05774	0.003537178	0.1948044	0.6603752
15	11	14.06898	0.003728628	0.1923524	0.6645842
15	11	14.08051	0.004164457	0.1896597	0.6687697
15	11	14.09179	0.004375219	0.1872438	0.6730212
15	11	14.10245	0.004710913	0.1849165	0.6773925
15	11	14.11344	0.005446672	0.1819167	0.6815066
15	11	14.12446	0.006609201	0.1790838	0.6854382
15	11	14.13541	0.007857084	0.1766903	0.6891675
15	11	14.14711	0.009435415	0.1737123	0.6922765
15	11	14.1576	0.01105714	0.1706141	0.6948383
15	11	14.16891	0.01278377	0.1676059	0.697297
15	11	14.18013	0.01426387	0.1644187	0.6998677
15	11	14.19108	0.01623845	0.1611216	0.7022271
15	11	14.20202	0.01808786	0.1584196	0.7045525
15	11	14.21367	0.02005601	0.1559999	0.706869
15	11	14.2251	0.02220654	0.1535981	0.7093582
15	11	14.23612	0.02442575	0.1519949	0.7113121
15	11	14.24758	0.02651072	0.1504595	0.7130859
15	11	14.25844	0.02836108	0.1490057	0.7143085
15	11	14.26962	0.02999091	0.1467948	0.7152376
15	11	14.28053	0.03031278	0.1451068	0.7157142
15	11	14.29164	0.03156233	0.1432123	0.7166853
15	11	14.30284	0.03229213	0.1418555	0.7168617
15	11	14.3142	0.03311944	0.1407459	0.7169048
15	11	14.32571	0.03400445	0.1395178	0.7173625
15	11	14.33714	0.03439331	0.1392894	0.7176874
15	11	14.34843	0.03471518	0.1394889	0.7176673
15	11	14.35982	0.03538823	0.1390698	0.7182188
15	11	14.37058	0.03551769	0.1390624	0.7182209
15	11	14.38162	0.03561473	0.1394861	0.718224
15	11	14.39298	0.03575969	0.139755	0.7182736
15	11	14.4038	0.03544521	0.1405883	0.7182467
15	11	14.4155	0.03505492	0.1411986	0.7182207
15	11	14.42663	0.03461313	0.1419601	0.718099
15	11	14.43787	0.03423858	0.1431639	0.7181854
15	11	14.449	0.03346372	0.1440005	0.7179015
15	11	14.46039	0.03266311	0.1448224	0.7176802
15	11	14.47113	0.03202415	0.1455162	0.7173734
15	11	14.48285	0.03139949	0.1465008	0.7169938
15	11	14.49349	0.0306716	0.1474879	0.7165416
15	11	14.50489	0.02997017	0.1484294	0.7161775
15	11	14.51591	0.02912974	0.1494908	0.715609
15	11	14.52697	0.02827859	0.1504469	0.7151365
15	11	14.53818	0.02749777	0.1516867	0.7148015
15	11	14.54911	0.02676105	0.1526713	0.7142887
15	11	14.55994	0.02602935	0.1535273	0.7140125
15	11	14.57114	0.02529049	0.1548302	0.7137022
15	11	14.58226	0.02450061	0.1558759	0.7131035
15	11	14.59357	0.02381253	0.1570432	0.7120488
15	11	14.60457	0.0230689	0.1580307	0.7112527
15	11	14.61592	0.02237988	0.1588626	0.7104158
15	11	14.62692	0.02162027	0.1596704	0.7094719
15	11	14.63823	0.02095747	0.1607041	0.708591
15	11	14.64904	0.02039266	0.1612704	0.7077603
15	11	14.66024	0.01980615	0.1619427	0.7067876
15	11	14.6714	0.01928258	0.1628406	0.7058465
15	11	14.68262	0.01865888	0.1636944	0.7046354
15	11	14.69382	0.0182209	0.164551	0.7033138
15	11	14.70499	0.01768923	0.1656837	0.7021704
15	11	14.71645	0.01732969	0.1662526	0.7012211
15	11	14.72769	0.01681924	0.1669369	0.6999605
15	11	14.73915	0.01640201	0.1671277	0.6984047
15	11	14.75045	0.01598907	0.1678053	0.6971529
15	11	14.76118	0.0155983	0.1685373	0.6958561
15	11	14.77257	0.01526761	0.1697968	0.6948199
15	11	14.78376	0.01497149	0.1705996	0.6936113
15	11	14.79505	0.01469159	0.1714953	0.6922166
15	11	14.8058	0.01443219	0.1720704	0.6906202
15	11	14.81728	0.01385283	0.1730714	0.6890228
15	11	14.82889	0.01340246	0.1740146	0.6875751
15	11	14.8407	0.01283693	0.1754446	0.68646
15	11	14.85251	0.01211333	0.1764176	0.6852458
15	11	14.86186	0.01139665	0.1775124	0.6840317
15	11	14.87284	0.01099944	0.1787446	0.6825722
15	11	14.88393	0.01071143	0.1797086	0.6814618
15	11	14.89489	0.01006007	0.1809064	0.6802671
15	11	14.90613	0.009510279	0.1820558	0.6788952
15	11	14.91747	0.009336948	0.1835829	0.6773615
15	11	14.92799	0.00885582	0.1849557	0.6761155
15	11	14.93951	0.008234501	0.1861531	0.6748796
15	11	14.95112	0.007786512	0.1875703	0.6738815
15	11	14.9622	0.007167101	0.1890571	0.6728806
15	11	14.97383	0.006737947	0.1907843	0.671772
15	11	14.9846	0.006280422	0.1922393	0.6705954
15	11	14.99602	0.005891562	0.1937559	0.6692355
15	11	15.00663	0.005402088	0.1954094	0.6680046
15	11	15.01843	0.005177736	0.196771	0.6669445
15	11	15.03003	0.004738808	0.1983709	0.6656075
15	11	15.04088	0.004547834	0.200047	0.6641555
15	11	15.05196	0.004213572	0.2017487	0.6627334
15	11	15.06338	0.003948927	0.2035118	0.6612949
15	11	15.07407	0.003886461	0.2056981	0.6599904
15	11	15.08526	0.003808498	0.2074085	0.6587539
15	11	15.09666	0.00364995	0.2093896	0.6573343
15	11	15.10763	0.003340006	0.2110955	0.6558316
15	11	15.1187	0.003311396	0.2132066	0.6543876
15	11	15.12994	0.003341675	0.2152686	0.6529733
15	11	15.14074	0.003629923	0.2176421	0.651625
15	11	15.15194	0.00399375	0.2200371	0.6504216
15	11	15.16353	0.004003048	0.2223377	0.6493502
15	11	15.17512	0.00432229	0.22519	0.6483058
15	11	15.18519	0.005000114	0.2276781	0.6473379
15	11	15.19718	0.005600452	0.2305485	0.6462464
15	11	15.20838	0.005921125	0.233333	0.6452901
15	11	15.21915	0.006443262	0.2361685	0.6441826
15	11	15.23073	0.007167816	0.2393624	0.6432235
15	11	15.24121	0.008221865	0.2427162	0.6422491
15	11	15.25259	0.009381056	0.2460383	0.6413848
15	11	15.26439	0.01078367	0.2494646	0.6401505
15	11	15.27535	0.01184011	0.2528137	0.6392945
15	11	15.2863	0.01352096	0.2560656	0.6386552
15	11	15.29748	0.01498294	0.2594028	0.6375277
15	11	15.3082	0.01631689	0.2629498	0.6368885
15	11	15.31918	0.01784468	0.266119	0.6362715
15	11	15.33106	0.0192287	0.2694381	0.6355325
15	11	15.34145	0.0211699	0.2728254	0.6345174
15	11	15.35318	0.02265954	0.2760963	0.6336293
15	11	15.36419	0.02398849	0.279521	0.6330556
15	11	15.37548	0.02542877	0.2826875	0.6321583
15	11	15.38614	0.02698016	0.2855778	0.6314638
15	11	15.39755	0.0284884	0.2884972	0.6304981
15	11	15.40846	0.02988935	0.2911969	0.6296546
15	11	15.41981	0.03100133	0.2933846	0.6291935
15	11	15.43087	0.03179526	0.2958965	0.6287725
15	11	15.44172	0.03232932	0.2978261	0.6279433
15	11	15.45283	0.03320193	0.2997884	0.6274174
15	11	15.46465	0.03375936	0.3018329	0.6266607
15	11	15.47528	0.03419042	0.3037575	0.6259286
15	11	15.4864	0.03466034	0.3055022	0.6251397
15	11	15.49772	0.03502345	0.3068823	0.6241417
15	11	15.50896	0.03557467	0.3083248	0.6233006
15	11	15.51953	0.03591037	0.3093315	0.6225693
15	11	15.53107	0.03616786	0.3104625	0.6217215
15	11	15.54216	0.03621316	0.3113641	0.6209027
15	11	15.55328	0.03620648	0.3118873	0.6199917
15	11	15.56488	0.03595948	0.312313	0.6190094
15	11	15.57617	0.03539014	0.313027	0.6183451
15	11	15.5871	0.03492618	0.3133947	0.6173563
15	11	15.59839	0.03459644	0.3136392	0.6164415
15	11	15.60965	0.03370023	0.3134345	0.6156974
15	11	15.62138	0.03328872	0.3133411	0.6149063
15	11	15.63196	0.03262019	0.3126489	0.6139277
15	11	15.64292	0.03184247	0.311904	0.6129887
15	11	15.65395	0.03108525	0.3114488	0.6120186
15	11	15.6652	0.03033543	0.310245	0.6107247
15	11	15.67633	0.02954865	0.309269	0.6097927
15	11	15.68727	0.02850795	0.3079416	0.6091021
15	11	15.69879	0.02734542	0.3062979	0.6082931
15	11	15.70973	0.02630258	0.3045671	0.6075013
15	11	15.7209	0.02494693	0.3023734	0.6066728
15	11	15.73242	0.0237186	0.3000413	0.6055212
15	11	15.7437	0.02213073	0.2974799	0.6046102
15	11	15.75522	0.02065921	0.2949765	0.6038063
15	11	15.76576	0.01901746	0.2925358	0.6034299
15	11	15.7771	0.0177567	0.2898819	0.6028718
15	11	15.78822	0.01590848	0.2862427	0.6027277
15	11	15.79958	0.01404667	0.2829077	0.6029315
15	11	15.81063	0.01200509	0.2785321	0.6031507
15	11	15.82197	0.009714842	0.2736849	0.6032482
15	11	15.83318	0.007830381	0.2694775	0.6032244
15	11	15.84457	0.005778074	0.2649025	0.6036713
15	11	15.85536	0.004001856	0.2604134	0.6043975
15	11	15.86667	0.002283335	0.2559329	0.6052591
15	11	15.87783	0.0009315014	0.2515539	0.6060247
15	11	15.88912	-1.788139E-05	0.2464813	0.6074013
15	11	15.89997	-0.001144171	0.2411476	0.6080842
15	11	15.911	-0.002464056	0.2359307	0.6091882
15	11	15.92236	-0.00322938	0.2305174	0.6102556
15	11	15.93318	-0.00432086	0.2247838	0.6113886
15	11	15.94427	-0.00538516	0.2191131	0.6129649
15	11	15.95551	-0.006335735	0.2134908	0.6144482
15	11	15.96676	-0.007149935	0.2075449	0.6159439
15	11	15.97803	-0.007586241	0.2012393	0.6175168
15	11	15.9891	-0.007684231	0.1946406	0.619131
15	11	16.00035	-0.0081985	0.1886611	0.6208953
15	11	16.01169	-0.008294106	0.182611	0.6226461
15	11	16.02299	-0.007986546	0.1771396	0.6239598
15	11	16.03431	-0.007602453	0.171585	0.6254452
15	11	16.04572	-0.006564379	0.1663612	0.6271138
15	11	16.05703	-0.005206823	0.1612706	0.6293061
15	11	16.06781	-0.004383326	0.1557729	0.631243
15	11	16.07903	-0.003156424	0.1509805	0.6337293
15	11	16.08999	-0.001962185	0.1461847	0.6361945
15	11	16.10101	-0.0005824566	0.1415548	0.6389031
15	11	16.11206	0.0004765987	0.1370618	0.64157
15	11	16.12393	0.002324581	0.1331069	0.6442215
15	11	16.13446	0.003867865	0.1290596	0.646607
15	11	16.1456	0.005659342	0.1250789	0.6487305
15	11	16.15695	0.00738287	0.1213031	0.6507826
15	11	16.16815	0.008938074	0.1176894	0.6531786
15	11	16.17933	0.0103333	0.1137524	0.6554043
15	11	16.19034	0.01251006	0.1105616	0.657456
15	11	16.20229	0.01416898	0.107291	0.6594002
15	11	16.21515	0.01581979	0.1042547	0.6611991
15	11	16.2244	0.01787639	0.1013432	0.6627947
15	11	16.23532	0.01962829	0.09874439	0.6645625
15	11	16.24669	0.02125955	0.09611368	0.665828
15	11	16.2577	0.02296638	0.09360838	0.6668301
15	11	16.26924	0.02453542	0.09143758	0.6683698
15	11	16.28029	0.02593398	0.08971477	0.6684151
15	11	16.291	0.02754879	0.08782172	0.6686063
15	11	16.30223	0.02856755	0.08649302	0.6680657
15	11	16.31385	0.02910781	0.08517504	0.6674283
15	11	16.32435	0.02976847	0.08361363	0.6671708
15	11	16.33567	0.02986312	0.08273363	0.6666346
15	11	16.34715	0.03006268	0.08137059	0.6660521
15	11	16.35858	0.03024149	0.08024359	0.6651003
15	11	16.36918	0.03032374	0.07937145	0.6642888
15	11	16.38058	0.0304234	0.07867455	0.662884
15	11	16.39142	0.03017926	0.07792091	0.6617079
15	11	16.4028	0.0298121	0.07718492	0.6602559
15	11	16.41431	0.02966928	0.07674098	0.6588339
15	11	16.42528	0.02932858	0.07621646	0.6575414
15	11	16.43634	0.02882051	0.07582951	0.6557374
15	11	16.44782	0.02808881	0.07564092	0.6540457
15	11	16.45853	0.02744985	0.07562113	0.6522825
15	11	16.46964	0.02684426	0.07568502	0.6504453
15	11	16.48134	0.02619362	0.07582641	0.6479862
15	11	16.49204	0.02539897	0.07581639	0.6449323
15	11	16.50329	0.02479362	0.07586956	0.6416819
15	11	16.51513	0.02402854	0.07539296	0.6379156
15	11	16.52554	0.02353382	0.0749023	0.6344128
15	11	16.53681	0.02284765	0.07434344	0.6301739
15	11	16.54822	0.02226281	0.07378912	0.6257768
15	11	16.55887	0.02184558	0.07312465	0.6209955
15	11	16.56996	0.02159214	0.0726788	0.6166294
15	11	16.5816	0.02160025	0.07134986	0.6112638
15	11	16.59266	0.02143359	0.06957746	0.6058674
15	11	16.60366	0.02124286	0.06803894	0.6004024
15	11	16.6153	0.02100897	0.06614852	0.5947459
15	11	16.62616	0.02059388	0.06425428	0.5891573
15	11	16.63751	0.02043176	0.06259775	0.5837419
15	11	16.64885	0.02052212	0.06057119	0.5782554
15	11	16.65963	0.02085328	0.0580349	0.5724459
15	11	16.67101	0.02109957	0.05573368	0.5670877
15	11	16.68198	0.02165961	0.05253696	0.5613708
15	11	16.69313	0.02230549	0.04883218	0.556273
15	11	16.70411	0.0226953	0.04497051	0.5519695
15	11	16.71551	0.02292132	0.04100871	0.5482194
15	11	16.72614	0.02312064	0.03738618	0.5442886
15	11	16.74152	0.02380466	0.03326154	0.5405273
