Player name: yuri_033022_box
Login date: 3/30/2022 11:07:17 AM
Coordinates:
15	11	0.0391898	-0.1548829	-0.3158665	-0.003959775
15	11	0.0589023	-0.1548913	-0.3158367	-0.003973842
15	11	0.0680449	-0.1549332	-0.3158439	-0.003965616
15	11	0.0750866	-0.1549332	-0.3158439	-0.003965616
15	11	0.0925471	-0.1547973	-0.3159333	-0.004160523
15	11	0.0997544	-0.1547973	-0.3159333	-0.004160523
15	11	0.1061142	-0.1547096	-0.3159909	-0.004185319
15	11	0.1137739	-0.1546412	-0.3160808	-0.004196167
15	11	0.1339123	-0.1545771	-0.3160071	-0.00414145
15	11	0.1441191	-0.1545857	-0.316045	-0.004094958
15	11	0.1508202	-0.1545801	-0.3160418	-0.004100084
15	11	0.1686137	-0.154586	-0.3158717	-0.003956676
15	11	0.1764304	-0.154586	-0.3158717	-0.003956676
15	11	0.1833997	-0.1545662	-0.3159013	-0.003804088
15	11	0.1918796	-0.1546769	-0.3161527	-0.003986239
15	11	0.2091167	-0.1545874	-0.3161199	-0.004060984
15	11	0.2160536	-0.1546412	-0.3160905	-0.004126072
15	11	0.2252858	-0.1546177	-0.3160616	-0.004224658
15	11	0.2408821	-0.1547369	-0.3160363	-0.004286885
15	11	0.2480519	-0.1547771	-0.3160396	-0.004343033
15	11	0.2591005	-0.1547282	-0.3160027	-0.004420519
15	11	0.2758048	-0.1546359	-0.3159243	-0.00434804
15	11	0.2832526	-0.1546214	-0.3159373	-0.00426054
15	11	0.2923629	-0.1545866	-0.3160092	-0.004330635
15	11	0.3089021	-0.1546142	-0.3160595	-0.004273534
15	11	0.316095	-0.1545887	-0.3161585	-0.004333258
15	11	0.3257839	-0.1545495	-0.31626	-0.004471302
15	11	0.3419134	-0.1545434	-0.3162473	-0.004699469
15	11	0.3491645	-0.1545469	-0.3162534	-0.004790187
15	11	0.3592912	-0.1546594	-0.316124	-0.004788399
15	11	0.3757149	-0.1547447	-0.316075	-0.004886746
15	11	0.3829747	-0.1548374	-0.3160477	-0.004944921
15	11	0.3929844	-0.1549854	-0.316129	-0.005090475
15	11	0.4095807	-0.155147	-0.3161076	-0.005094171
15	11	0.4165689	-0.155298	-0.3160844	-0.005018473
15	11	0.4266768	-0.1554806	-0.3159523	-0.004903197
15	11	0.4430351	-0.1555501	-0.3158556	-0.004927993
15	11	0.4502812	-0.1557796	-0.3156976	-0.004836679
15	11	0.4603997	-0.1559914	-0.3157083	-0.004849195
15	11	0.4774841	-0.1562039	-0.3156765	-0.004766703
15	11	0.4845778	-0.1563159	-0.3155884	-0.00481391
15	11	0.4937653	-0.1563666	-0.315338	-0.00452733
15	11	0.5102482	-0.1563283	-0.3153051	-0.004533291
15	11	0.5174385	-0.1562393	-0.315371	-0.004480839
15	11	0.5271572	-0.1562977	-0.3154533	-0.004434228
15	11	0.5433035	-0.1562133	-0.3155112	-0.004379392
15	11	0.5506256	-0.1561553	-0.3155607	-0.004374146
15	11	0.5605303	-0.1559675	-0.3157041	-0.004409432
15	11	0.578967	-0.155936	-0.3157461	-0.004366398
15	11	0.586231	-0.1559272	-0.3157703	-0.004376769
15	11	0.5944896	-0.155718	-0.3155204	-0.004214406
15	11	0.6119601	-0.1558199	-0.315562	-0.00418663
15	11	0.6198311	-0.1558083	-0.3156432	-0.004187584
15	11	0.6278374	-0.155817	-0.3156904	-0.004262924
15	11	0.6440413	-0.1559498	-0.3155975	-0.004461288
15	11	0.6509486	-0.1559286	-0.3156852	-0.004524827
15	11	0.6627003	-0.1559418	-0.3156708	-0.004638195
15	11	0.6794755	-0.1558533	-0.3156196	-0.004857898
15	11	0.6863343	-0.1559181	-0.3157829	-0.004775047
15	11	0.6980103	-0.1557833	-0.3157532	-0.004925013
15	11	0.7151718	-0.1558075	-0.3157405	-0.005073547
15	11	0.722083	-0.1558989	-0.3157756	-0.00512898
15	11	0.7317744	-0.1558781	-0.3156346	-0.005153418
15	11	0.7488306	-0.1557672	-0.3155748	-0.005244255
15	11	0.7552546	-0.1557707	-0.3155291	-0.005377531
15	11	0.7650986	-0.1557832	-0.3154098	-0.005355597
15	11	0.7820079	-0.1558714	-0.3153502	-0.005383492
15	11	0.7881406	-0.1559649	-0.3153015	-0.005384088
15	11	0.7984528	-0.1560514	-0.315308	-0.005388975
15	11	0.8165083	-0.1560979	-0.3152453	-0.00538075
15	11	0.8229871	-0.1562432	-0.3151305	-0.005431294
15	11	0.8319968	-0.1565814	-0.3151076	-0.005594611
15	11	0.8497023	-0.1568688	-0.3149909	-0.005664587
15	11	0.8564287	-0.1572961	-0.3147182	-0.005950928
15	11	0.8655031	-0.1576077	-0.3143355	-0.0059793
15	11	0.8912502	-0.1586322	-0.313712	-0.006093264
15	11	0.8983892	-0.1593398	-0.3134065	-0.006127715
15	11	0.9052033	-0.1593398	-0.3134065	-0.006127715
15	11	0.9218565	-0.1607379	-0.3127208	-0.005951881
15	11	0.9296014	-0.1615317	-0.3122859	-0.005740404
15	11	0.9353454	-0.1615317	-0.3122859	-0.005740404
15	11	0.9421721	-0.1619109	-0.3121132	-0.005509615
15	11	0.9583638	-0.1626418	-0.3115646	-0.005663037
15	11	0.9654614	-0.1633185	-0.3111361	-0.005595207
15	11	0.974508	-0.1638532	-0.3108492	-0.005509377
15	11	0.9848319	-0.1643664	-0.310514	-0.005518436
15	11	1.001149	-0.1649067	-0.3102496	-0.005595326
15	11	1.009336	-0.1655226	-0.3098963	-0.005670547
15	11	1.018425	-0.1660722	-0.3095403	-0.005756974
15	11	1.036158	-0.166693	-0.3092606	-0.005866766
15	11	1.043943	-0.1674604	-0.3087432	-0.006103873
15	11	1.052053	-0.1678979	-0.3085591	-0.006087542
15	11	1.068518	-0.1684923	-0.308192	-0.006153107
15	11	1.075787	-0.1689785	-0.3078773	-0.006200075
15	11	1.085333	-0.1696248	-0.3075606	-0.006271124
15	11	1.101883	-0.170202	-0.3071326	-0.006293297
15	11	1.109108	-0.1708236	-0.3067144	-0.006481767
15	11	1.119287	-0.1713328	-0.3063419	-0.006626129
15	11	1.135955	-0.1717967	-0.3060217	-0.006814241
15	11	1.144437	-0.1722085	-0.3057444	-0.006869912
15	11	1.152698	-0.1725966	-0.3055167	-0.00707984
15	11	1.168387	-0.1729664	-0.305227	-0.007207274
15	11	1.176239	-0.173399	-0.3049263	-0.007420421
15	11	1.186073	-0.1733806	-0.3046184	-0.008054137
15	11	1.202767	-0.173834	-0.3044324	-0.00822258
15	11	1.209577	-0.1739779	-0.3043019	-0.008518338
15	11	1.219493	-0.1739857	-0.3040527	-0.009061933
15	11	1.235704	-0.1739666	-0.3039503	-0.009584188
15	11	1.242982	-0.1743119	-0.3039364	-0.009754896
15	11	1.252985	-0.1743662	-0.3038458	-0.01014471
15	11	1.269876	-0.174652	-0.3039262	-0.01031971
15	11	1.277628	-0.1745535	-0.3039355	-0.01061785
15	11	1.286999	-0.1744435	-0.3039922	-0.01092315
15	11	1.304798	-0.1742449	-0.3040421	-0.01109183
15	11	1.311866	-0.1739862	-0.3041006	-0.01136196
15	11	1.320111	-0.1735759	-0.3042175	-0.01161849
15	11	1.33832	-0.1731986	-0.3044864	-0.01199257
15	11	1.345494	-0.1729077	-0.3047196	-0.01228762
15	11	1.354194	-0.1726992	-0.3049061	-0.01261997
15	11	1.371801	-0.1723766	-0.3050141	-0.01300859
15	11	1.379358	-0.1722525	-0.305245	-0.01320541
15	11	1.387689	-0.1720726	-0.3053353	-0.01346159
15	11	1.403498	-0.1721474	-0.3054755	-0.0136404
15	11	1.411128	-0.1721748	-0.305438	-0.013901
15	11	1.422549	-0.1722021	-0.3053399	-0.01426959
15	11	1.439049	-0.1724917	-0.3051629	-0.01464224
15	11	1.445516	-0.1729931	-0.3049701	-0.01493454
15	11	1.457628	-0.1738802	-0.3045907	-0.01517165
15	11	1.47439	-0.1747947	-0.3039556	-0.01539242
15	11	1.480986	-0.1761825	-0.3032297	-0.01529527
15	11	1.490972	-0.1784186	-0.3021349	-0.01510704
15	11	1.509077	-0.1806495	-0.3006797	-0.01481211
15	11	1.516393	-0.1837294	-0.2989802	-0.01418304
15	11	1.524528	-0.1866548	-0.2972188	-0.0139116
15	11	1.542699	-0.1904945	-0.2946903	-0.01353002
15	11	1.549251	-0.1940368	-0.2924547	-0.01298881
15	11	1.55794	-0.198651	-0.2894081	-0.01254058
15	11	1.575539	-0.2035174	-0.2858052	-0.01163912
15	11	1.58227	-0.2087468	-0.2822568	-0.01014376
15	11	1.591346	-0.2146199	-0.2777778	-0.008589864
15	11	1.609556	-0.2198249	-0.2743686	-0.007895589
15	11	1.616798	-0.2259214	-0.2695889	-0.006628633
15	11	1.624709	-0.2318698	-0.2645962	-0.006154895
15	11	1.642566	-0.2380371	-0.2591299	-0.005619645
15	11	1.649193	-0.2444965	-0.2531191	-0.005341887
15	11	1.658298	-0.2502307	-0.2477612	-0.005141139
15	11	1.676279	-0.2568932	-0.2412362	-0.005132318
15	11	1.683165	-0.2631857	-0.2343006	-0.005339265
15	11	1.692532	-0.2696556	-0.2267172	-0.005514145
15	11	1.71223	-0.2817786	-0.2115068	-0.006044865
15	11	1.720053	-0.2817786	-0.2115068	-0.006044865
15	11	1.727076	-0.2877269	-0.2043805	-0.006238341
15	11	1.744915	-0.2990386	-0.1875054	-0.007492185
15	11	1.751915	-0.2990386	-0.1875054	-0.007492185
15	11	1.758367	-0.3040447	-0.1787801	-0.008403897
15	11	1.76694	-0.308993	-0.1696682	-0.009317636
15	11	1.784293	-0.3142661	-0.1611353	-0.01016617
15	11	1.791323	-0.3183321	-0.1514777	-0.01179528
15	11	1.800276	-0.3225713	-0.1422269	-0.01323843
15	11	1.817377	-0.3269153	-0.133093	-0.01478028
15	11	1.823887	-0.3304747	-0.1240172	-0.01656294
15	11	1.833997	-0.3345366	-0.1152337	-0.01809978
15	11	1.85136	-0.3370094	-0.1061715	-0.02024353
15	11	1.85852	-0.339004	-0.09748256	-0.02271795
15	11	1.867517	-0.341881	-0.08885241	-0.02430642
15	11	1.88464	-0.3428994	-0.0806967	-0.0267961
15	11	1.891607	-0.3439083	-0.07294273	-0.02933478
15	11	1.901119	-0.3456755	-0.06509364	-0.03135133
15	11	1.918289	-0.3465872	-0.05776119	-0.03401291
15	11	1.92608	-0.346763	-0.05076289	-0.03646755
15	11	1.934251	-0.347147	-0.04439092	-0.03911626
15	11	1.951553	-0.3482466	-0.03749669	-0.04178429
15	11	1.958509	-0.3482285	-0.03174114	-0.0443728
15	11	1.967988	-0.3480012	-0.02614725	-0.04662108
15	11	1.986666	-0.3481297	-0.02053738	-0.04908538
15	11	1.995409	-0.3474377	-0.01645935	-0.0514282
15	11	2.00344	-0.3471627	-0.01162481	-0.05359387
15	11	2.023461	-0.3465619	-0.002997756	-0.0578171
15	11	2.030099	-0.3465619	-0.002997756	-0.0578171
15	11	2.037473	-0.3460835	0.0002263784	-0.0599128
15	11	2.059303	-0.3452429	0.006154776	-0.06385338
15	11	2.067417	-0.3442864	0.007681727	-0.0658704
15	11	2.075747	-0.3442864	0.007681727	-0.0658704
15	11	2.094047	-0.3434992	0.01235199	-0.06971192
15	11	2.101346	-0.3430674	0.01445007	-0.07153797
15	11	2.107789	-0.3430674	0.01445007	-0.07153797
15	11	2.114631	-0.3425176	0.01580667	-0.07289279
15	11	2.132631	-0.3422327	0.01685035	-0.07407784
15	11	2.139912	-0.3419737	0.01864517	-0.07542467
15	11	2.146888	-0.3415066	0.01919055	-0.07617724
15	11	2.157733	-0.3413024	0.01957953	-0.07719004
15	11	2.174237	-0.3411434	0.0205909	-0.07814896
15	11	2.181515	-0.3408391	0.02094352	-0.07878327
15	11	2.191433	-0.340875	0.02106905	-0.07949424
15	11	2.208722	-0.3406346	0.02142572	-0.0797472
15	11	2.215743	-0.3405412	0.02210045	-0.07974517
15	11	2.225055	-0.3405932	0.02236617	-0.0802753
15	11	2.242658	-0.3401515	0.02274787	-0.0804075
15	11	2.249857	-0.340112	0.0231179	-0.08043611
15	11	2.258486	-0.3400352	0.02321386	-0.08037364
15	11	2.275397	-0.3399743	0.0232482	-0.08090091
15	11	2.281696	-0.3398017	0.02323043	-0.08125651
15	11	2.292445	-0.3399614	0.02293468	-0.08139729
15	11	2.310796	-0.3398721	0.02286839	-0.0816015
15	11	2.318378	-0.3397593	0.02274466	-0.08178103
15	11	2.32592	-0.3400958	0.02226496	-0.08153296
15	11	2.341916	-0.3398113	0.02211261	-0.08174205
15	11	2.348913	-0.3398162	0.0219686	-0.08179653
15	11	2.359024	-0.3402847	0.02150965	-0.08125246
15	11	2.375602	-0.3402011	0.02142727	-0.08107305
15	11	2.382805	-0.340259	0.02136397	-0.08101141
15	11	2.392737	-0.340673	0.02112055	-0.08065486
15	11	2.409648	-0.3406125	0.0209955	-0.08040917
15	11	2.416326	-0.3406816	0.02099109	-0.08023715
15	11	2.42621	-0.3408791	0.02087533	-0.07983363
15	11	2.444483	-0.3407887	0.02094913	-0.07958663
15	11	2.451439	-0.3407941	0.02102697	-0.07912731
15	11	2.460137	-0.3409559	0.02089071	-0.07886231
15	11	2.47812	-0.3409923	0.02071714	-0.07845259
15	11	2.484852	-0.3411388	0.02060771	-0.07818127
15	11	2.493608	-0.3414768	0.02016139	-0.07805765
15	11	2.510684	-0.3414433	0.01999652	-0.07798398
15	11	2.517952	-0.341469	0.01999736	-0.07802153
15	11	2.526751	-0.3414412	0.02003884	-0.07811129
15	11	2.543793	-0.341521	0.01997483	-0.07796288
15	11	2.55133	-0.3414789	0.02010834	-0.07795513
15	11	2.560723	-0.3414364	0.02003443	-0.07792485
15	11	2.578383	-0.3415467	0.02004123	-0.07758474
15	11	2.586212	-0.3415716	0.02006483	-0.07734048
15	11	2.595865	-0.3416804	0.01983202	-0.07721114
15	11	2.614081	-0.3417017	0.01975739	-0.07686186
15	11	2.622142	-0.3418862	0.01991653	-0.07680559
15	11	2.629888	-0.3418939	0.01998222	-0.07664537
15	11	2.645834	-0.3421953	0.0200001	-0.07645261
15	11	2.652982	-0.3418899	0.02005219	-0.07655287
15	11	2.663377	-0.3419391	0.01990938	-0.07671404
15	11	2.680609	-0.3420267	0.01982439	-0.07651317
15	11	2.687809	-0.3419052	0.01994574	-0.07647932
15	11	2.697229	-0.3418577	0.02010572	-0.07637346
15	11	2.716569	-0.3418571	0.02036512	-0.07621777
15	11	2.723453	-0.3417079	0.02063298	-0.07621706
15	11	2.730544	-0.3417163	0.0208441	-0.07630813
15	11	2.747433	-0.3416702	0.02116036	-0.0763191
15	11	2.75437	-0.3415844	0.02151775	-0.07633185
15	11	2.763006	-0.3415549	0.021806	-0.07658148
15	11	2.774349	-0.3416109	0.02208078	-0.07657933
15	11	2.791992	-0.3415427	0.02231526	-0.07657015
15	11	2.798799	-0.3415227	0.02240479	-0.0766561
15	11	2.807615	-0.3416287	0.02246618	-0.07664037
15	11	2.825722	-0.341526	0.02265048	-0.07699656
15	11	2.832725	-0.3416116	0.02275956	-0.07727587
15	11	2.841277	-0.3413928	0.02292323	-0.0777663
15	11	2.858602	-0.3413407	0.02310443	-0.07820213
15	11	2.865592	-0.3412676	0.02338541	-0.07867682
15	11	2.874704	-0.3409815	0.02366161	-0.0791297
15	11	2.892588	-0.3407903	0.02405989	-0.07950556
15	11	2.900216	-0.3406447	0.02436483	-0.07996142
15	11	2.908432	-0.3405501	0.02486229	-0.08027494
15	11	2.925373	-0.340417	0.02526128	-0.08054781
15	11	2.933097	-0.3403822	0.0256294	-0.08086622
15	11	2.941773	-0.3402354	0.02591777	-0.08106983
15	11	2.958038	-0.3402193	0.02620089	-0.08133435
15	11	2.965286	-0.3398763	0.0264852	-0.08191323
15	11	2.975257	-0.3399138	0.0269841	-0.08229756
15	11	2.992703	-0.3397144	0.02731514	-0.08258724
15	11	2.999077	-0.3396463	0.02751505	-0.08289194
15	11	3.008919	-0.3394438	0.02776194	-0.08327997
15	11	3.026781	-0.3393384	0.02779651	-0.08366978
15	11	3.033759	-0.3392599	0.0278157	-0.08408737
15	11	3.043291	-0.3391579	0.02790487	-0.08456624
15	11	3.062434	-0.3390081	0.02799439	-0.08493531
15	11	3.069139	-0.3386898	0.02786934	-0.08527005
15	11	3.07652	-0.3386239	0.02785838	-0.08554089
15	11	3.094804	-0.3385792	0.02772641	-0.08564901
15	11	3.101309	-0.3384157	0.02731299	-0.0859189
15	11	3.109178	-0.3384931	0.02718759	-0.08597982
15	11	3.120085	-0.3386744	0.0270524	-0.08588266
15	11	3.137259	-0.3388186	0.0268476	-0.08589005
15	11	3.144228	-0.3385788	0.02686691	-0.08582997
15	11	3.153497	-0.3384717	0.02674365	-0.08572304
15	11	3.170489	-0.3384845	0.02652156	-0.08577585
15	11	3.177536	-0.3387226	0.02637672	-0.08571446
15	11	3.186923	-0.3388685	0.02620494	-0.0857178
15	11	3.2057	-0.3388219	0.02619255	-0.08566761
15	11	3.213037	-0.3388678	0.02605474	-0.08547258
15	11	3.220722	-0.3388648	0.02617466	-0.08528137
15	11	3.238773	-0.3387744	0.02623975	-0.08521366
15	11	3.245862	-0.3386167	0.02636564	-0.08502793
15	11	3.25411	-0.3386365	0.02648222	-0.08469999
15	11	3.278804	-0.338977	0.02689707	-0.08425987
15	11	3.286722	-0.3390189	0.02728212	-0.08383954
15	11	3.294499	-0.3390189	0.02728212	-0.08383954
15	11	3.312438	-0.3390155	0.02818978	-0.08324003
15	11	3.319917	-0.3390505	0.02863133	-0.08273399
15	11	3.327049	-0.3390505	0.02863133	-0.08273399
15	11	3.33409	-0.3392749	0.02876389	-0.08286834
15	11	3.352203	-0.339644	0.02891695	-0.08169365
15	11	3.358748	-0.339644	0.02891695	-0.08169365
15	11	3.366237	-0.3398513	0.02868569	-0.08139873
15	11	3.375387	-0.3396457	0.02871943	-0.08018029
15	11	3.392134	-0.3397211	0.02872598	-0.0785749
15	11	3.399878	-0.339873	0.02862716	-0.07730579
15	11	3.408802	-0.3404777	0.02864885	-0.07594943
15	11	3.427553	-0.3408695	0.02845395	-0.07399893
15	11	3.434616	-0.3413752	0.02821636	-0.07166433
15	11	3.44266	-0.3419815	0.02809131	-0.06911516
15	11	3.459438	-0.3423936	0.02798271	-0.0656867
15	11	3.466949	-0.3430794	0.02769578	-0.06197619
15	11	3.475801	-0.3440548	0.0276885	-0.05737996
15	11	3.493623	-0.3444774	0.02783513	-0.05330765
15	11	3.500445	-0.3456376	0.02768219	-0.04789388
15	11	3.509551	-0.3467275	0.028018	-0.04285169
16	11	3.526797	-0.3473436	0.0283792	-0.03634953
16	11	3.533676	-0.3483628	0.02838194	-0.02970529
16	11	3.543257	-0.3490632	0.02863061	-0.02254903
16	11	3.560677	-0.3490747	0.02903795	-0.01494837
16	11	3.567587	-0.349952	0.029024	-0.008442044
16	11	3.576613	-0.3499472	0.02949405	-0.001239777
16	11	3.59409	-0.3502792	0.02992749	0.005427361
16	11	3.601535	-0.3503197	0.030509	0.01278687
16	11	3.610071	-0.3498256	0.0309931	0.02001703
16	11	3.627784	-0.3489302	0.03158474	0.02719986
16	11	3.63482	-0.3489993	0.03179491	0.03429949
17	11	3.643619	-0.3475597	0.03189349	0.04160404
17	11	3.661245	-0.3468707	0.03208387	0.04850328
17	11	3.668685	-0.3461914	0.03214836	0.05552459
17	11	3.677591	-0.345246	0.03234398	0.06223285
17	11	3.694875	-0.3440516	0.03252852	0.06881464
17	11	3.702075	-0.3427958	0.03271246	0.07539356
17	11	3.71072	-0.3410485	0.03262818	0.08178842
17	11	3.731236	-0.3378934	0.03274155	0.09412515
17	11	3.737934	-0.3378934	0.03274155	0.09412515
17	11	3.744802	-0.3362644	0.03265393	0.1001682
17	11	3.761739	-0.3345191	0.03237998	0.1054134
18	11	3.768489	-0.3327776	0.03220522	0.1106268
18	11	3.777661	-0.3311497	0.03176332	0.1155322
18	11	3.78952	-0.3296479	0.03148925	0.1201441
18	11	3.806988	-0.3280835	0.03142869	0.1248485
18	11	3.814181	-0.3264426	0.0308913	0.1291077
18	11	3.823436	-0.3246255	0.03000164	0.1326752
18	11	3.841524	-0.322873	0.02925992	0.1367655
18	11	3.848382	-0.3221405	0.02801025	0.1398178
18	11	3.856936	-0.3214204	0.0273447	0.1419212
18	11	3.873704	-0.3203523	0.02686453	0.1446588
18	11	3.880979	-0.3196805	0.02585781	0.1460828
19	11	3.890334	-0.3189818	0.02535057	0.1483265
19	11	3.90732	-0.3180958	0.02461553	0.1499149
19	11	3.914849	-0.3173532	0.02335429	0.1511933
19	11	3.923889	-0.3170302	0.02252841	0.1528443
19	11	3.940607	-0.3163688	0.02176869	0.1543305
19	11	3.948083	-0.3161472	0.02116752	0.155266
19	11	3.957407	-0.3157712	0.02092731	0.1556907
19	11	3.974681	-0.3152993	0.0208143	0.1564109
19	11	3.982154	-0.3150659	0.02068985	0.1569612
19	11	3.991266	-0.3145972	0.02042663	0.1575979
19	11	4.008173	-0.3147296	0.02028537	0.1576545
20	11	4.015378	-0.3145342	0.01989985	0.1577965
20	11	4.024486	-0.3151009	0.01973999	0.1572311
20	11	4.041538	-0.3148689	0.01963353	0.1573037
20	11	4.048697	-0.3152392	0.01967859	0.1565548
20	11	4.058109	-0.3154521	0.01968658	0.155735
20	11	4.074923	-0.3158232	0.01976538	0.1551443
20	11	4.081951	-0.3161926	0.02024007	0.1543044
20	11	4.091738	-0.3166388	0.02017033	0.1535575
20	11	4.107809	-0.3169996	0.02049303	0.1527613
20	11	4.115079	-0.3174943	0.02071524	0.1517394
20	11	4.126505	-0.3178229	0.02116132	0.1507775
21	11	4.143661	-0.3181309	0.02172971	0.1500357
21	11	4.150106	-0.3184927	0.02219522	0.1487154
21	11	4.160678	-0.3187191	0.02277124	0.1476933
21	11	4.178899	-0.319122	0.02335584	0.1468277
21	11	4.185343	-0.3198229	0.02380371	0.1453688
21	11	4.194278	-0.3203509	0.02431047	0.1443748
21	11	4.213164	-0.3207735	0.02470815	0.1430655
21	11	4.219538	-0.3212682	0.02532625	0.1419805
21	11	4.226739	-0.3216121	0.0257324	0.1408081
21	11	4.237624	-0.3218102	0.02628314	0.1398835
22	11	4.255177	-0.3221822	0.02660954	0.1384779
22	11	4.262715	-0.3224454	0.02695465	0.1375902
22	11	4.271351	-0.3226578	0.02727139	0.1366776
22	11	4.288876	-0.3235455	0.02728772	0.1355159
22	11	4.296457	-0.3237904	0.02755225	0.1344738
22	11	4.304586	-0.3241444	0.02783263	0.1334344
22	11	4.322107	-0.3246098	0.0280447	0.1319723
22	11	4.329168	-0.3247619	0.02850187	0.1312314
22	11	4.338225	-0.3249898	0.0286839	0.130427
22	11	4.355685	-0.3254302	0.02853549	0.1292704
22	11	4.362983	-0.3255395	0.0287925	0.1284666
22	11	4.37175	-0.3258957	0.02888191	0.1276097
23	11	4.388678	-0.3263836	0.02873611	0.126341
23	11	4.39604	-0.3266454	0.02899384	0.125458
23	11	4.405208	-0.3267814	0.02917302	0.1244525
23	11	4.422997	-0.3275183	0.02889383	0.1233482
23	11	4.430429	-0.3277659	0.02901924	0.1224008
23	11	4.438818	-0.3280412	0.02908766	0.1215328
23	11	4.456414	-0.3283309	0.0290463	0.1204739
23	11	4.463872	-0.3285764	0.0288372	0.1194867
23	11	4.472311	-0.3287511	0.02874053	0.1186239
23	11	4.489613	-0.3293816	0.02836835	0.1177965
23	11	4.496688	-0.3295542	0.02834857	0.1170754
24	11	4.50584	-0.3298509	0.02810585	0.1164477
24	11	4.523564	-0.3299887	0.02813745	0.1158675
24	11	4.531329	-0.3301932	0.0277611	0.1151313
24	11	4.539302	-0.3305619	0.0272814	0.1144142
24	11	4.55599	-0.3310926	0.02679074	0.1134294
24	11	4.563871	-0.3314364	0.02642715	0.1125124
24	11	4.572955	-0.3317959	0.02606714	0.1116033
24	11	4.590241	-0.332206	0.02575457	0.1107008
24	11	4.596999	-0.3323342	0.0255425	0.1099534
24	11	4.607927	-0.3324087	0.02504408	0.1090833
25	11	4.626657	-0.3328723	0.02474058	0.1080459
25	11	4.63332	-0.3331252	0.02447712	0.107228
25	11	4.640288	-0.3335092	0.02454758	0.1062309
25	11	4.651224	-0.3337753	0.02458382	0.1061243
25	11	4.668092	-0.333928	0.02471507	0.1054143
25	11	4.674773	-0.3340627	0.0249089	0.1046566
25	11	4.684778	-0.3347681	0.02480543	0.1036159
25	11	4.702558	-0.3351024	0.02480984	0.1023649
25	11	4.710055	-0.3353033	0.02517319	0.1012793
25	11	4.718361	-0.3356111	0.0256083	0.1007005
25	11	4.736055	-0.3357856	0.02637053	0.0995518
26	11	4.74254	-0.3360549	0.02693009	0.09843218
26	11	4.751625	-0.3361371	0.02767134	0.09711802
26	11	4.768159	-0.3363733	0.02853501	0.0957135
26	11	4.775011	-0.3366748	0.02939987	0.09445667
26	11	4.785164	-0.3368742	0.03031671	0.09237063
26	11	4.802092	-0.3370912	0.03119028	0.0907656
26	11	4.808667	-0.3372889	0.03249276	0.08907759
26	11	4.818713	-0.3381752	0.03297842	0.08727157
26	11	4.835295	-0.3383242	0.03413427	0.08561456
26	11	4.84233	-0.3383708	0.03525603	0.08405149
26	11	4.85216	-0.3388015	0.03635561	0.08264053
27	11	4.868579	-0.3388424	0.03771412	0.08151281
27	11	4.875695	-0.3391242	0.03856611	0.07996082
27	11	4.885681	-0.3390971	0.03985155	0.07870328
27	11	4.903378	-0.3392026	0.04057896	0.077232
27	11	4.911597	-0.3394024	0.04147601	0.07560396
27	11	4.919463	-0.3397473	0.04164362	0.07436121
27	11	4.936707	-0.3399436	0.04215479	0.07289445
27	11	4.944782	-0.340127	0.04166687	0.07151544
27	11	4.952772	-0.3401008	0.04152656	0.07012057
27	11	4.970079	-0.3401247	0.0410012	0.0692277
27	11	4.976947	-0.3405428	0.03955388	0.06805015
27	11	4.986421	-0.3409884	0.03769779	0.06644332
27	11	5.00292	-0.3416221	0.03503299	0.06483436
27	11	5.009807	-0.3422439	0.03203142	0.06295991
27	11	5.02063	-0.3421812	0.03038061	0.06352162
27	11	5.039237	-0.342479	0.02538168	0.06126928
27	11	5.046009	-0.3435045	0.02015722	0.05853784
27	11	5.053827	-0.3443356	0.01555657	0.05635226
27	11	5.071602	-0.3450592	0.008763075	0.05435145
27	11	5.078202	-0.3458049	0.003405929	0.05249512
27	11	5.087273	-0.3461483	-0.003252983	0.05077326
27	10	5.104279	-0.3464494	-0.01050377	0.0489161
27	10	5.11155	-0.3470229	-0.01683354	0.04715455
27	10	5.120861	-0.3466098	-0.025141	0.04560483
27	10	5.138388	-0.3467351	-0.03258777	0.04364991
27	10	5.145781	-0.3460169	-0.03987932	0.04259729
27	10	5.15468	-0.3456525	-0.04705858	0.04168439
27	10	5.172598	-0.3449647	-0.05475485	0.04076469
27	10	5.179574	-0.3434457	-0.06260705	0.03994143
27	10	5.187961	-0.3421177	-0.07041478	0.03932035
27	10	5.206045	-0.3409697	-0.07866716	0.03787601
27	10	5.214294	-0.3394485	-0.08609104	0.03701234
27	9	5.222213	-0.337932	-0.09325767	0.03626716
27	9	5.241347	-0.3364826	-0.100814	0.03480148
27	9	5.248853	-0.334253	-0.1077148	0.03371
27	9	5.255188	-0.3323359	-0.1147819	0.03253591
27	9	5.273825	-0.3280749	-0.1273912	0.02871168
27	9	5.281284	-0.3280749	-0.1273912	0.02871168
27	9	5.288114	-0.3260146	-0.1340357	0.02733481
27	9	5.297561	-0.324133	-0.1382182	0.02539265
27	9	5.313579	-0.3219677	-0.1434276	0.0237838
27	9	5.321005	-0.3201063	-0.1472269	0.02215934
27	9	5.331201	-0.3182133	-0.1508528	0.02047157
27	8	5.347679	-0.3164772	-0.1554049	0.01878023
27	8	5.354453	-0.3145251	-0.1586243	0.01645517
27	8	5.364658	-0.3131747	-0.1618173	0.01393604
27	8	5.382089	-0.3119451	-0.1645991	0.01163113
27	8	5.388999	-0.310692	-0.1672125	0.01002717
27	8	5.398075	-0.3098631	-0.168648	0.008790016
27	8	5.414843	-0.3086287	-0.1709855	0.00683558
27	8	5.422309	-0.307987	-0.1714399	0.005828977
27	8	5.431635	-0.3077514	-0.1719801	0.004657626
27	8	5.448332	-0.3074942	-0.1722316	0.003615379
27	8	5.455261	-0.3072608	-0.1727127	0.002441168
27	7	5.465149	-0.3072903	-0.1727141	0.001159668
27	7	5.481927	-0.3077198	-0.1719176	0.0007586479
27	7	5.489928	-0.3080039	-0.1707361	0.0005364418
27	7	5.498678	-0.3084668	-0.1696738	0.0006904602
27	7	5.516364	-0.3088316	-0.168828	0.0009564161
27	7	5.523149	-0.3096259	-0.1675737	0.001535177
27	7	5.532514	-0.3100868	-0.1668094	0.001908541
27	7	5.54922	-0.3107984	-0.1655449	0.002376795
27	7	5.55654	-0.3112422	-0.1645098	0.002726316
27	7	5.565686	-0.3117785	-0.1630434	0.003523827
27	7	5.582508	-0.312575	-0.1615736	0.003985763
27	6	5.589184	-0.313215	-0.1602685	0.004709959
27	6	5.599414	-0.313803	-0.1585802	0.005795956
27	6	5.619421	-0.3145918	-0.1571822	0.006316662
27	6	5.625921	-0.315279	-0.1559334	0.006984591
27	6	5.633605	-0.315913	-0.1545404	0.007825255
27	6	5.650722	-0.3164759	-0.1532178	0.008448601
27	6	5.657225	-0.3169669	-0.1519883	0.00920558
27	6	5.666532	-0.3174951	-0.1506876	0.01023138
27	6	5.678102	-0.3178496	-0.1496471	0.01102531
27	6	5.702884	-0.3186572	-0.1475585	0.01283193
27	5	5.711179	-0.3191057	-0.146526	0.01354122
27	5	5.729646	-0.3193418	-0.1459088	0.01410592
27	5	5.737713	-0.3197173	-0.144953	0.01484585
27	5	5.748109	-0.3199931	-0.1442442	0.01537943
27	5	5.767339	-0.3202178	-0.143206	0.01672518
27	5	5.774201	-0.3202178	-0.143206	0.01672518
27	5	5.780576	-0.3202653	-0.1429456	0.01739955
27	5	5.788286	-0.3204125	-0.1426823	0.01824033
27	5	5.805387	-0.3204393	-0.1425229	0.01915836
27	5	5.812582	-0.3204761	-0.142436	0.0201751
27	5	5.821618	-0.3205076	-0.1424021	0.0212146
27	4	5.838467	-0.3205948	-0.1422364	0.02214324
27	4	5.845622	-0.3206071	-0.1421806	0.02296913
27	4	5.855026	-0.3205509	-0.1422513	0.02380717
27	4	5.872992	-0.320462	-0.1420008	0.02488267
27	4	5.879736	-0.3204869	-0.1417899	0.02567649
27	4	5.888362	-0.3204679	-0.1415699	0.02657175
27	4	5.905552	-0.3204328	-0.1412458	0.02751899
27	4	5.912699	-0.3204123	-0.1410389	0.02838778
27	4	5.921789	-0.3204718	-0.140816	0.02926719
27	4	5.939133	-0.3205631	-0.1406697	0.02996182
27	4	5.946928	-0.3205593	-0.1404307	0.0309118
27	3	5.955322	-0.3205544	-0.1398165	0.03212309
27	3	5.97167	-0.3207031	-0.1396289	0.0329026
27	3	5.979767	-0.3207945	-0.1390641	0.0339936
27	3	5.988647	-0.3209379	-0.1383559	0.03529954
27	3	6.005595	-0.3212332	-0.1379292	0.0362581
27	3	6.012996	-0.3213621	-0.1371763	0.03722703
27	3	6.022516	-0.3215908	-0.1364454	0.03823984
27	3	6.039745	-0.321673	-0.1356539	0.03901529
27	3	6.04658	-0.3217521	-0.1350708	0.03993881
27	3	6.055858	-0.3220532	-0.1345867	0.04077089
27	3	6.074482	-0.3221204	-0.1341864	0.04146147
27	2	6.081287	-0.322032	-0.1338636	0.0421555
27	2	6.08952	-0.3221111	-0.1334805	0.0428884
27	2	6.108171	-0.3220142	-0.1332667	0.04348063
27	2	6.115294	-0.3220356	-0.1329389	0.04415166
27	2	6.123123	-0.3221362	-0.1326171	0.04483557
27	2	6.140289	-0.3223549	-0.1323491	0.04530632
27	2	6.147836	-0.3225845	-0.1319802	0.04525697
27	2	6.157047	-0.3227758	-0.1315247	0.04465711
27	2	6.177426	-0.3231837	-0.1308539	0.0427289
27	2	6.188085	-0.3231837	-0.1308539	0.0427289
27	2	6.194836	-0.3237581	-0.1301324	0.04089046
27	2	6.212308	-0.3252302	-0.1284211	0.03626239
27	2	6.219505	-0.3252302	-0.1284211	0.03626239
27	2	6.226708	-0.3261976	-0.1268593	0.03301144
27	2	6.235457	-0.3272998	-0.1254116	0.02907741
27	2	6.252878	-0.3278944	-0.1241163	0.02495623
27	2	6.259961	-0.3288442	-0.1224784	0.02059293
27	2	6.268378	-0.3296114	-0.1208352	0.01649046
27	2	6.279418	-0.3301266	-0.1193621	0.01169038
27	2	6.296893	-0.3309523	-0.1176412	0.006446481
27	2	6.303586	-0.3315355	-0.1159723	0.001303434
27	2	6.31327	-0.332096	-0.1143343	-0.003921866
27	2	6.330198	-0.3325968	-0.1126513	-0.00988102
27	2	6.337119	-0.3330075	-0.1108252	-0.01604986
27	2	6.346973	-0.3333315	-0.1088535	-0.0225116
27	2	6.364073	-0.3336589	-0.1068636	-0.02927554
27	2	6.370603	-0.333377	-0.1051137	-0.03595066
27	2	6.380029	-0.3334249	-0.1031176	-0.04286647
27	2	6.396548	-0.3329285	-0.101411	-0.05036521
27	2	6.403541	-0.3323129	-0.09998763	-0.05819738
27	2	6.413298	-0.3314272	-0.09815228	-0.06685948
27	2	6.430413	-0.3298979	-0.09627903	-0.07576168
27	2	6.437613	-0.3285817	-0.09452987	-0.08363843
27	2	6.447044	-0.3269894	-0.09249389	-0.09164453
27	2	6.464806	-0.3252289	-0.09057736	-0.09919691
27	2	6.471321	-0.3231826	-0.08861148	-0.106845
27	2	6.480729	-0.3211772	-0.08648705	-0.1143153
27	2	6.497488	-0.3192474	-0.08470225	-0.1216356
27	2	6.504814	-0.3167773	-0.08274055	-0.1290582
27	2	6.514256	-0.3145549	-0.08047259	-0.1364057
27	2	6.53224	-0.312503	-0.07845402	-0.1436248
27	2	6.538733	-0.3096451	-0.07603872	-0.1507533
27	2	6.547574	-0.3065059	-0.07354045	-0.1574268
26	2	6.565096	-0.3039305	-0.07141423	-0.1642318
26	2	6.573809	-0.3005345	-0.06914282	-0.1709285
26	2	6.581664	-0.2970729	-0.06722379	-0.1774549
26	2	6.598184	-0.2941329	-0.06550062	-0.18387
26	2	6.606555	-0.2902415	-0.06384206	-0.1897658
26	2	6.616126	-0.2870057	-0.06229675	-0.1959035
26	2	6.636873	-0.2798352	-0.05913663	-0.2069128
26	2	6.647336	-0.2761707	-0.05763698	-0.2120423
26	2	6.653735	-0.2761707	-0.05763698	-0.2120423
26	2	6.671609	-0.2687867	-0.05522454	-0.2215391
25	2	6.678143	-0.2687867	-0.05522454	-0.2215391
25	2	6.684898	-0.2650188	-0.05390823	-0.2266324
25	2	6.692868	-0.261469	-0.05315351	-0.2305422
25	2	6.709777	-0.258364	-0.05237138	-0.2349733
25	2	6.717582	-0.2551959	-0.05190146	-0.2377284
25	2	6.72653	-0.2520984	-0.05096614	-0.2413957
25	2	6.743006	-0.2494642	-0.05024624	-0.2443063
25	2	6.750879	-0.2469612	-0.04962409	-0.24665
25	2	6.759829	-0.2444513	-0.04881155	-0.2495831
25	2	6.776529	-0.2423924	-0.04841816	-0.2510731
25	2	6.787378	-0.2404935	-0.04790139	-0.2533718
25	2	6.797296	-0.2385751	-0.04759061	-0.2552971
24	2	6.815094	-0.2354095	-0.04634786	-0.2588028
24	2	6.822604	-0.2354095	-0.04634786	-0.2588028
24	2	6.829792	-0.234041	-0.04549849	-0.2600406
24	2	6.837816	-0.2329249	-0.04469895	-0.2610272
24	2	6.854621	-0.2317417	-0.04413688	-0.2617418
24	2	6.863918	-0.2307463	-0.0434556	-0.2631207
24	2	6.871868	-0.22999	-0.04281223	-0.2638462
24	2	6.889585	-0.2291739	-0.04216671	-0.2645724
24	2	6.896832	-0.2286854	-0.04186487	-0.2651347
24	2	6.904988	-0.2281291	-0.0413121	-0.2657323
23	2	6.923021	-0.2275888	-0.04080915	-0.2662696
23	2	6.931462	-0.2271938	-0.04071391	-0.2664287
23	2	6.9419	-0.2270201	-0.04078162	-0.2665389
23	2	6.962809	-0.2265167	-0.04114127	-0.2667887
23	2	6.97004	-0.2265167	-0.04114127	-0.2667887
23	2	6.976504	-0.2265608	-0.04148996	-0.2665906
23	2	6.994793	-0.2264274	-0.04144716	-0.2667886
23	2	7.00176	-0.2264274	-0.04144716	-0.2667886
23	2	7.008983	-0.2263644	-0.04162943	-0.2664702
23	2	7.017092	-0.226505	-0.04172134	-0.266247
23	2	7.034718	-0.2268009	-0.04194903	-0.2658883
23	2	7.042002	-0.2273316	-0.04212308	-0.2655587
22	2	7.050294	-0.2277886	-0.04232156	-0.2651596
22	2	7.067379	-0.2281647	-0.04263365	-0.2649708
22	2	7.075101	-0.2287265	-0.04276657	-0.2644295
22	2	7.084175	-0.229188	-0.04274702	-0.2641546
22	2	7.105024	-0.2301939	-0.04281187	-0.2633858
22	2	7.115529	-0.2306191	-0.04284608	-0.2628624
22	2	7.121974	-0.2306191	-0.04284608	-0.2628624
22	2	7.139429	-0.2316825	-0.04281139	-0.2617271
22	2	7.147608	-0.2316825	-0.04281139	-0.2617271
22	2	7.153971	-0.2323396	-0.04271257	-0.2608809
22	2	7.162309	-0.2331014	-0.04254329	-0.2602981
21	2	7.178799	-0.2339568	-0.04216719	-0.259423
21	2	7.187304	-0.2349842	-0.04171717	-0.2583964
21	2	7.195893	-0.2360029	-0.04149389	-0.257684
21	2	7.213265	-0.2370708	-0.04122424	-0.2567638
21	2	7.22045	-0.2377739	-0.04114819	-0.2559935
21	2	7.229239	-0.2383746	-0.04121196	-0.2554637
21	2	7.246793	-0.238806	-0.0413574	-0.254962
21	2	7.258724	-0.2389903	-0.04177856	-0.2544975
21	2	7.268295	-0.2390325	-0.04213476	-0.2542137
21	2	7.285465	-0.2394216	-0.04275477	-0.2535781
20	2	7.292071	-0.2394216	-0.04275477	-0.2535781
20	2	7.299188	-0.2396159	-0.04309249	-0.2532032
20	2	7.30744	-0.2399688	-0.04336321	-0.2527318
20	2	7.323952	-0.2406391	-0.04340315	-0.2524676
20	2	7.331929	-0.2410657	-0.04367578	-0.2520385
20	2	7.34073	-0.2417489	-0.04370916	-0.251695
20	2	7.358182	-0.242057	-0.04394925	-0.2510808
20	2	7.36589	-0.2424452	-0.04412651	-0.2508278
20	2	7.374608	-0.242872	-0.04409385	-0.2503403
20	2	7.391533	-0.243284	-0.04409277	-0.2498665
20	2	7.39962	-0.2439895	-0.04415298	-0.2496109
19	2	7.410397	-0.2443405	-0.04393399	-0.2491312
19	2	7.431441	-0.2453126	-0.04360378	-0.2481191
19	2	7.43927	-0.2453126	-0.04360378	-0.2481191
19	2	7.445734	-0.2456229	-0.04362965	-0.2475265
19	2	7.464088	-0.2463372	-0.04356754	-0.2469938
19	2	7.471231	-0.2463372	-0.04356754	-0.2469938
19	2	7.478717	-0.2467148	-0.04356563	-0.2467334
19	2	7.497047	-0.2470078	-0.04360259	-0.246173
19	2	7.503551	-0.2470078	-0.04360259	-0.246173
19	2	7.510289	-0.2472965	-0.04359782	-0.2458239
19	2	7.519571	-0.2475495	-0.0434792	-0.2456791
18	2	7.535592	-0.2477503	-0.04354966	-0.2454528
18	2	7.543272	-0.2481239	-0.04347718	-0.2452776
18	2	7.553894	-0.2483842	-0.04342639	-0.2449937
18	2	7.574796	-0.2491232	-0.04318619	-0.2445692
18	2	7.585227	-0.2494283	-0.04309952	-0.2442062
18	2	7.592002	-0.2494283	-0.04309952	-0.2442062
18	2	7.611437	-0.2502264	-0.0427314	-0.2436955
18	2	7.61937	-0.2504588	-0.04278576	-0.2431929
18	2	7.626364	-0.2504588	-0.04278576	-0.2431929
18	2	7.644412	-0.2509947	-0.04292953	-0.2426569
18	2	7.651558	-0.2509947	-0.04292953	-0.2426569
17	2	7.657645	-0.2511861	-0.0429188	-0.242431
17	2	7.665058	-0.251197	-0.04280543	-0.2423583
17	2	7.682178	-0.251487	-0.04269588	-0.2421694
17	2	7.689071	-0.2515589	-0.04261446	-0.2420313
17	2	7.698479	-0.2516615	-0.04242289	-0.241748
17	2	7.715642	-0.2517565	-0.04229927	-0.241599
17	2	7.726141	-0.2519101	-0.04220605	-0.2414335
17	2	7.736214	-0.2522572	-0.04218817	-0.2412758
17	2	7.753906	-0.2524985	-0.04184484	-0.2410783
17	2	7.760445	-0.2524985	-0.04184484	-0.2410783
17	2	7.768741	-0.2526582	-0.04169393	-0.2409914
16	2	7.777934	-0.2527411	-0.0416106	-0.2408651
16	2	7.796453	-0.2530324	-0.04133558	-0.2405441
16	2	7.803212	-0.2530324	-0.04133558	-0.2405441
16	2	7.810552	-0.2533073	-0.04117548	-0.2404122
16	2	7.821099	-0.2535763	-0.04097784	-0.2401074
16	2	7.838422	-0.2540324	-0.04081964	-0.239834
16	2	7.845538	-0.2541151	-0.04056585	-0.2395027
16	2	7.854737	-0.2545241	-0.04033303	-0.2391036
16	2	7.872258	-0.2548972	-0.04009926	-0.2387679
16	2	7.883909	-0.2552986	-0.04014003	-0.2383311
16	2	7.894228	-0.2555532	-0.04021013	-0.2380809
15	2	7.912811	-0.2558112	-0.04059625	-0.2378229
15	2	7.921417	-0.2557949	-0.04076803	-0.2379305
15	2	7.927969	-0.2557949	-0.04076803	-0.2379305
15	2	7.94559	-0.2556627	-0.04098797	-0.2378883
15	2	7.953195	-0.2556627	-0.04098797	-0.2378883
15	2	7.959515	-0.25565	-0.04108131	-0.2378837
15	2	7.967588	-0.2555625	-0.04093599	-0.2379146
15	2	7.984747	-0.2554986	-0.04085302	-0.2379348
15	2	7.991728	-0.255488	-0.04081523	-0.2378628
15	2	8.000223	-0.2554504	-0.0407697	-0.2379146
15	2	8.01087	-0.2552631	-0.04083085	-0.2379241
14	2	8.030272	-0.2552226	-0.04087782	-0.2379303
14	2	8.041669	-0.2552927	-0.0410037	-0.2381121
14	2	8.053603	-0.2549891	-0.04115307	-0.238344
14	2	8.074411	-0.2550209	-0.04136288	-0.2385423
14	2	8.081603	-0.2549357	-0.04141867	-0.2386283
14	2	8.088667	-0.2548797	-0.04143429	-0.238622
14	2	8.106677	-0.2548739	-0.04141629	-0.2386544
14	2	8.114292	-0.2548759	-0.04139388	-0.2385876
14	2	8.121064	-0.2549735	-0.04136324	-0.2385697
14	2	8.127937	-0.2549735	-0.04136324	-0.2385697
13	2	8.1467	-0.2550814	-0.04143703	-0.2384381
13	2	8.161404	-0.2551551	-0.04147935	-0.2384207
13	2	8.180992	-0.2552146	-0.04158962	-0.2383783
13	2	8.192204	-0.2552493	-0.04168582	-0.2384379
13	2	8.202998	-0.255247	-0.0416528	-0.2383438
13	2	8.220503	-0.2552643	-0.04170287	-0.2384088
13	2	8.2275	-0.255319	-0.04178751	-0.2382917
13	2	8.234748	-0.2552917	-0.04179513	-0.2383277
13	2	8.242035	-0.2552917	-0.04179513	-0.2383277
13	2	8.259369	-0.2553054	-0.0419184	-0.2382698
12	2	8.266967	-0.2553197	-0.04185236	-0.2382472
12	2	8.2733	-0.2553197	-0.04185236	-0.2382472
12	2	8.279623	-0.2553322	-0.04181671	-0.2381517
12	2	8.298075	-0.2554405	-0.04153419	-0.2378329
12	2	8.305643	-0.2557393	-0.04146159	-0.2377212
12	2	8.312934	-0.2559286	-0.04118049	-0.2373596
12	2	8.330544	-0.2563465	-0.04078698	-0.2369682
12	2	8.33877	-0.25677	-0.04047465	-0.2368213
12	2	8.350238	-0.2570136	-0.04022372	-0.2365822
12	2	8.370629	-0.2571344	-0.04022789	-0.2365203
12	2	8.378829	-0.2570356	-0.0403676	-0.2365323
12	2	8.385382	-0.2570356	-0.0403676	-0.2365323
11	2	8.402131	-0.2565715	-0.04074597	-0.2367363
11	2	8.408863	-0.2565715	-0.04074597	-0.2367363
11	2	8.415301	-0.2564909	-0.04074669	-0.2369254
11	2	8.423946	-0.2566031	-0.04072762	-0.2366806
11	2	8.440966	-0.2567663	-0.0406363	-0.2365685
11	2	8.448856	-0.2569271	-0.04039395	-0.2364314
11	2	8.457308	-0.2571343	-0.04014409	-0.2361377
11	2	8.475812	-0.2573258	-0.03990161	-0.2361014
11	2	8.483417	-0.2573237	-0.0398128	-0.2359989
11	2	8.491448	-0.2574863	-0.03997481	-0.2361406
10	2	8.511727	-0.2575327	-0.03980207	-0.2358922
10	2	8.522713	-0.2576218	-0.03980637	-0.2357391
10	2	8.529355	-0.2576218	-0.03980637	-0.2357391
10	2	8.54733	-0.257915	-0.03983438	-0.2355069
10	2	8.554295	-0.257915	-0.03983438	-0.2355069
10	2	8.561051	-0.2580358	-0.03980196	-0.2354583
10	2	8.569407	-0.258146	-0.03974962	-0.2353843
10	2	8.586622	-0.2581942	-0.03968787	-0.2353823
10	2	8.594159	-0.2581393	-0.03964782	-0.2352811
10	2	8.603443	-0.2581671	-0.03973198	-0.2352219
10	2	8.622805	-0.258157	-0.03987646	-0.2351496
10	2	8.630632	-0.2581506	-0.04000723	-0.2351037
9	2	8.637328	-0.2582793	-0.04019618	-0.2350335
9	2	8.654916	-0.2584014	-0.0403595	-0.2349002
9	2	8.666799	-0.2585521	-0.04053545	-0.2348032
9	2	8.677527	-0.258679	-0.04065478	-0.2346753
9	2	8.69578	-0.2588136	-0.04110622	-0.2342033
9	2	8.703344	-0.2588224	-0.04131258	-0.2340699
9	2	8.709564	-0.2588224	-0.04131258	-0.2340699
9	2	8.716842	-0.2587602	-0.04158509	-0.2339878
9	2	8.733497	-0.2588334	-0.04187524	-0.2337468
9	2	8.741926	-0.2589564	-0.04218817	-0.2336357
9	2	8.748933	-0.2589951	-0.04236472	-0.2336166
8	2	8.759357	-0.2591165	-0.04262805	-0.2334962
8	2	8.77696	-0.2593565	-0.0428375	-0.2333333
8	2	8.786148	-0.25939	-0.04292595	-0.2332599
8	2	8.793374	-0.2595103	-0.04315531	-0.2331977
8	2	8.81171	-0.2596447	-0.04325271	-0.2331228
8	2	8.822888	-0.2596672	-0.04341507	-0.2330251
8	2	8.833759	-0.2597015	-0.04353499	-0.2330735
8	2	8.8513	-0.2597051	-0.04346979	-0.232928
8	2	8.857849	-0.2598193	-0.04344654	-0.2327036
8	2	8.865009	-0.2598193	-0.04344654	-0.2327036
8	2	8.871532	-0.2599274	-0.04342258	-0.2325253
7	2	8.888396	-0.2600131	-0.04353178	-0.2323272
7	2	8.897217	-0.2601159	-0.04367232	-0.2322661
7	2	8.904869	-0.2601495	-0.04381514	-0.2322354
7	2	8.922363	-0.2602775	-0.04383302	-0.2322816
7	2	8.929459	-0.2603617	-0.04400504	-0.2321631
7	2	8.938174	-0.2604051	-0.04402184	-0.232085
7	2	8.955344	-0.2604233	-0.04395556	-0.2319955
7	2	8.96296	-0.2605344	-0.04393041	-0.2318745
7	2	8.973717	-0.2607622	-0.0438292	-0.2316394
7	2	8.99494	-0.2610934	-0.04401767	-0.2312557
6	2	9.002735	-0.2610934	-0.04401767	-0.2312557
6	2	9.00913	-0.261379	-0.0440954	-0.2310977
6	2	9.027632	-0.2614957	-0.04456496	-0.2306315
6	2	9.034362	-0.2614957	-0.04456496	-0.2306315
6	2	9.041971	-0.2615362	-0.04475474	-0.2305245
6	2	9.050093	-0.2615681	-0.04492366	-0.2304534
6	2	9.067375	-0.2616577	-0.04514265	-0.2303047
6	2	9.075106	-0.2618568	-0.04527366	-0.2301091
6	2	9.08354	-0.2620628	-0.04538834	-0.2298074
6	2	9.100492	-0.2621689	-0.04550755	-0.2297142
6	2	9.108569	-0.2622241	-0.04551911	-0.2295741
6	2	9.117425	-0.262291	-0.04559302	-0.2294514
5	2	9.139418	-0.2625842	-0.04604149	-0.229074
5	2	9.151411	-0.2627463	-0.04626012	-0.2288922
5	2	9.172683	-0.2631332	-0.04681456	-0.228446
5	2	9.179223	-0.2631332	-0.04681456	-0.228446
5	2	9.186597	-0.2632802	-0.04702544	-0.2283447
5	2	9.203653	-0.2633631	-0.04730058	-0.2281696
5	2	9.211058	-0.2633289	-0.04757297	-0.2280619
5	2	9.218608	-0.2634288	-0.04789901	-0.2277541
5	2	9.228091	-0.263582	-0.04822588	-0.2275157
4	2	9.245625	-0.2639395	-0.04839516	-0.2271132
4	2	9.253289	-0.2641351	-0.0487386	-0.226589
4	2	9.261795	-0.2644389	-0.04916513	-0.2261932
4	2	9.279013	-0.2646986	-0.04961789	-0.225811
4	2	9.290257	-0.2645504	-0.05053926	-0.2257634
4	2	9.300753	-0.2645664	-0.05137444	-0.2257698
4	2	9.31839	-0.2641103	-0.05339372	-0.2259456
4	2	9.325121	-0.2641103	-0.05339372	-0.2259456
4	2	9.332546	-0.2638863	-0.05416584	-0.2258502
4	2	9.340055	-0.2638342	-0.05514312	-0.2257246
4	2	9.356348	-0.2637515	-0.05580223	-0.2257971
4	2	9.363577	-0.2638663	-0.05664182	-0.2255518
3	2	9.373573	-0.2638321	-0.0573653	-0.2254369
3	2	9.391589	-0.2637501	-0.05815864	-0.2253664
3	2	9.399575	-0.2636749	-0.05903053	-0.225412
3	2	9.407272	-0.2635174	-0.05977035	-0.2253689
3	2	9.423939	-0.2634003	-0.0607264	-0.2251567
3	2	9.432317	-0.2633044	-0.06145549	-0.2250675
3	2	9.442924	-0.2631799	-0.06228817	-0.2248313
3	2	9.463553	-0.2632291	-0.06359935	-0.2243984
3	2	9.470551	-0.2632291	-0.06359935	-0.2243984
3	2	9.477058	-0.263376	-0.06425679	-0.2240758
2	2	9.495048	-0.2635411	-0.06576812	-0.2235143
2	2	9.501534	-0.2635411	-0.06576812	-0.2235143
2	2	9.508996	-0.2636205	-0.06642747	-0.2232455
2	2	9.518934	-0.2635363	-0.06701934	-0.2231566
2	2	9.536426	-0.2635509	-0.06757402	-0.2231156
2	2	9.543419	-0.2636465	-0.0678885	-0.2228664
2	2	9.552748	-0.2636483	-0.0684191	-0.2226198
2	2	9.569563	-0.2639945	-0.0684799	-0.2222923
2	2	9.576661	-0.2644657	-0.06825554	-0.221936
2	2	9.586332	-0.2651147	-0.06777906	-0.2215548
2	2	9.6083	-0.2669547	-0.06577659	-0.2205619
2	2	9.620159	-0.2682353	-0.06355333	-0.2198032
2	2	9.638471	-0.2699662	-0.06073987	-0.2188494
2	2	9.645336	-0.2720492	-0.05711901	-0.2174325
2	2	9.652808	-0.2735314	-0.05433428	-0.2157654
2	2	9.659342	-0.2735314	-0.05433428	-0.2157654
2	2	9.677519	-0.2778535	-0.04613936	-0.2126451
2	2	9.685437	-0.2798364	-0.04103184	-0.2113389
2	2	9.691439	-0.2798364	-0.04103184	-0.2113389
2	2	9.699392	-0.2816112	-0.03588426	-0.2108582
2	2	9.716886	-0.2826073	-0.03102851	-0.2100145
2	2	9.723122	-0.2834053	-0.02522469	-0.2096744
2	2	9.731328	-0.2841566	-0.01935828	-0.2094865
2	2	9.742533	-0.2846804	-0.01296508	-0.2093773
2	2	9.760983	-0.2852993	-0.007313251	-0.208535
2	2	9.76786	-0.2861904	0.0004757643	-0.2073752
2	2	9.775832	-0.2870688	0.006750464	-0.2064799
2	2	9.793829	-0.2878976	0.01422119	-0.2049764
2	2	9.802456	-0.2889	0.02197731	-0.2030921
2	2	9.811342	-0.2898794	0.02935386	-0.2014991
2	2	9.829103	-0.2902659	0.03751278	-0.199718
2	2	9.835727	-0.290581	0.04577875	-0.1976284
2	2	9.843007	-0.2905132	0.05386448	-0.1955792
2	2	9.853774	-0.2901152	0.06186807	-0.1935191
2	2	9.872249	-0.2900155	0.06951296	-0.1913532
2	3	9.87977	-0.2893788	0.07692373	-0.189195
2	3	9.887568	-0.2882005	0.08384597	-0.1873357
2	3	9.905984	-0.2871362	0.09036124	-0.1853083
2	3	9.916807	-0.2858773	0.09621572	-0.1836156
2	3	9.927299	-0.284577	0.1020768	-0.1821175
2	3	9.944631	-0.2822268	0.1117891	-0.1789191
2	3	9.952176	-0.2822268	0.1117891	-0.1789191
2	3	9.958305	-0.2809128	0.1155847	-0.1776974
2	3	9.965974	-0.2796868	0.1197339	-0.1760638
2	3	9.983571	-0.2789319	0.1242313	-0.1745262
2	3	9.990864	-0.2781222	0.1278569	-0.1729341
2	4	9.999583	-0.2772882	0.13158	-0.1707133
2	4	10.01605	-0.2766396	0.1341351	-0.1687365
2	4	10.02485	-0.2760737	0.136989	-0.1669731
2	4	10.03313	-0.2759593	0.1392467	-0.1652226
2	4	10.05108	-0.2756851	0.1422	-0.1632278
2	4	10.05775	-0.2757916	0.1439734	-0.1611654
2	4	10.06874	-0.276207	0.1456494	-0.1593755
2	4	10.08973	-0.276843	0.1483284	-0.1546705
2	4	10.0964	-0.276843	0.1483284	-0.1546705
2	4	10.10307	-0.2772294	0.1499233	-0.1523833
2	5	10.12145	-0.2792654	0.1500158	-0.1479036
2	5	10.12827	-0.2792654	0.1500158	-0.1479036
2	5	10.13487	-0.2802231	0.1501427	-0.145973
2	5	10.14455	-0.2817131	0.1494704	-0.1441207
2	5	10.16157	-0.2830011	0.1487634	-0.1427666
2	5	10.16907	-0.2843169	0.1478951	-0.1413504
2	5	10.1779	-0.2854265	0.1472255	-0.1401141
2	5	10.1957	-0.2866325	0.1455547	-0.1394506
2	5	10.20274	-0.2878976	0.1446165	-0.1383075
2	5	10.21173	-0.2888939	0.1431791	-0.1376545
2	5	10.2336	-0.2912219	0.1408547	-0.1361248
2	6	10.24502	-0.2919787	0.1397234	-0.1351521
2	6	10.26426	-0.2930219	0.1386851	-0.1340145
2	6	10.27233	-0.2941236	0.1377857	-0.1330366
2	6	10.27958	-0.2948377	0.1368072	-0.131935
2	6	10.29824	-0.2957706	0.1361767	-0.1307793
2	6	10.306	-0.296778	0.1353654	-0.1300551
2	6	10.31306	-0.2972083	0.134685	-0.1290507
2	6	10.33121	-0.2977285	0.1343657	-0.1282701
2	6	10.33855	-0.2982725	0.1338551	-0.128002
2	6	10.34536	-0.2984157	0.1333725	-0.1274151
2	6	10.35283	-0.2984157	0.1333725	-0.1274151
2	7	10.37116	-0.2991701	0.132236	-0.1271851
2	7	10.38316	-0.2995275	0.131617	-0.1269395
2	7	10.39353	-0.2999034	0.1309272	-0.1269923
2	7	10.41488	-0.3003528	0.129724	-0.1268741
2	7	10.42237	-0.3004397	0.1292949	-0.1272194
2	7	10.42935	-0.3004397	0.1292949	-0.1272194
2	7	10.44669	-0.3006669	0.1284561	-0.1269382
2	7	10.45442	-0.3006669	0.1284561	-0.1269382
2	7	10.46195	-0.300957	0.128153	-0.126909
2	7	10.46863	-0.3010976	0.1277007	-0.1270514
2	8	10.48688	-0.3012308	0.1274855	-0.1270906
2	8	10.49409	-0.3012121	0.1273245	-0.1271744
2	8	10.50191	-0.301066	0.1271564	-0.1274066
2	8	10.51901	-0.3011246	0.1269171	-0.1273518
2	8	10.52624	-0.3011907	0.12655	-0.127611
2	8	10.5372	-0.3012087	0.1262711	-0.1277471
2	8	10.5606	-0.3014957	0.1256355	-0.1281042
2	8	10.56855	-0.3014939	0.1254268	-0.1283119
2	8	10.57626	-0.3014939	0.1254268	-0.1283119
2	8	10.59461	-0.3014781	0.1249655	-0.1286565
2	8	10.60231	-0.3016529	0.1246765	-0.1286874
2	9	10.60979	-0.3016529	0.1246765	-0.1286874
2	9	10.637	-0.3019624	0.1240629	-0.1284885
2	9	10.64517	-0.3020226	0.1239051	-0.1284345
2	9	10.66338	-0.302135	0.12386	-0.1284242
2	9	10.67069	-0.3020797	0.1237301	-0.1287825
2	9	10.6786	-0.3021572	0.1236085	-0.1289343
2	9	10.69007	-0.3018787	0.123637	-0.1294656
2	9	10.71077	-0.3018628	0.1232816	-0.1301228
2	9	10.71837	-0.3018628	0.1232816	-0.1301228
2	9	10.72463	-0.3015935	0.1230156	-0.1305869
2	10	10.74286	-0.3015049	0.1229719	-0.1309623
2	10	10.76454	-0.3014514	0.1227838	-0.1311513
2	10	10.78703	-0.3012964	0.1228421	-0.1313756
2	10	10.80913	-0.3012111	0.1229496	-0.1313485
2	10	10.83184	-0.3009158	0.122964	-0.131736
2	11	10.85381	-0.300734	0.1230495	-0.1320317
2	11	10.87625	-0.3008004	0.123239	-0.1322768
2	11	10.89878	-0.3007914	0.1234715	-0.1321055
2	11	10.921	-0.3007352	0.1234714	-0.1319195
2	11	10.9434	-0.3007997	0.122961	-0.1317582
2	11	10.96575	-0.3011658	0.1220443	-0.1320198
2	12	10.98829	-0.3010761	0.1210719	-0.1324202
2	12	11.01107	-0.3013681	0.119998	-0.1326057
2	12	11.03314	-0.3019725	0.1189859	-0.1325397
2	12	11.05559	-0.3026774	0.1179357	-0.1318808
2	12	11.07832	-0.3033509	0.1165909	-0.131484
2	13	11.10084	-0.3040835	0.1152309	-0.1307955
2	13	11.12338	-0.3052542	0.1136097	-0.1302993
2	13	11.14673	-0.3061997	0.1120936	-0.1297495
2	13	11.1691	-0.3066002	0.1108367	-0.1293246
2	13	11.1917	-0.3071816	0.1097318	-0.1286681
2	13	11.21437	-0.3077841	0.108964	-0.1280246
2	14	11.23122	-0.3081563	0.1086674	-0.1276155
2	14	11.23883	-0.3085048	0.1080776	-0.1276659
2	14	11.24814	-0.3086381	0.1076058	-0.1272652
2	14	11.26696	-0.3087099	0.1072738	-0.1272525
2	14	11.27456	-0.3089132	0.1069238	-0.1270173
2	14	11.28251	-0.3089873	0.1064482	-0.1266881
2	14	11.3007	-0.3092848	0.1060566	-0.1264894
2	14	11.31175	-0.3093146	0.1058455	-0.1264379
2	14	11.32222	-0.3095056	0.1056255	-0.1262786
2	14	11.33894	-0.3095666	0.1053338	-0.1262209
2	15	11.34546	-0.3095666	0.1053338	-0.1262209
2	15	11.35234	-0.3096864	0.1051776	-0.1260333
2	15	11.36141	-0.3098776	0.1050141	-0.1259334
2	15	11.37933	-0.309858	0.1049708	-0.1257967
2	15	11.387	-0.3098781	0.1047232	-0.1254995
2	15	11.3953	-0.3100277	0.1045245	-0.12538
2	15	11.41151	-0.3100994	0.1042118	-0.1253456
2	15	11.4197	-0.310216	0.1039672	-0.1254029
2	15	11.42876	-0.3103348	0.1035875	-0.1254468
2	15	11.44628	-0.3103083	0.1033551	-0.1256217
2	15	11.45404	-0.3105416	0.1033652	-0.1258568
2	15	11.46364	-0.3106755	0.1031023	-0.1258509
2	16	11.48407	-0.3107467	0.1027591	-0.1256124
2	16	11.49099	-0.3107467	0.1027591	-0.1256124
2	16	11.49813	-0.3107396	0.1026767	-0.1256193
2	16	11.51587	-0.3111255	0.1028177	-0.125694
2	16	11.52309	-0.3108835	0.1024565	-0.1253731
2	16	11.53029	-0.3111445	0.1022818	-0.1252375
2	16	11.54111	-0.3111684	0.1023203	-0.1252528
2	16	11.55888	-0.3111324	0.1022246	-0.1250062
2	16	11.56596	-0.3112808	0.1020032	-0.1250445
2	16	11.57442	-0.3112876	0.1019996	-0.1249566
2	17	11.59103	-0.3112969	0.1019996	-0.1248171
2	17	11.59863	-0.3112509	0.1020055	-0.1249775
2	17	11.6086	-0.3112571	0.1020235	-0.1249816
2	17	11.62969	-0.3113446	0.1018683	-0.1250734
2	17	11.63988	-0.3113601	0.1017537	-0.1250863
2	17	11.64652	-0.3113601	0.1017537	-0.1250863
2	17	11.66443	-0.3113841	0.101356	-0.1252131
2	17	11.67176	-0.3113841	0.101356	-0.1252131
2	17	11.67807	-0.3113816	0.1011739	-0.1251192
2	17	11.6862	-0.3115761	0.1010222	-0.1250381
2	17	11.70319	-0.3116348	0.1010414	-0.1250193
2	18	11.71048	-0.3115132	0.101052	-0.1250391
2	18	11.71947	-0.3114854	0.1010358	-0.1250271
2	18	11.7362	-0.3114802	0.1011459	-0.1249559
2	18	11.74494	-0.3112627	0.1011626	-0.1249852
2	18	11.7536	-0.3113244	0.1010888	-0.1249083
2	18	11.77289	-0.3114018	0.1008503	-0.1249646
2	18	11.78365	-0.3114018	0.1008503	-0.1249646
2	18	11.79454	-0.3114753	0.1006787	-0.1249861
2	18	11.81237	-0.3113137	0.1002569	-0.1253562
2	18	11.82018	-0.31134	0.1001321	-0.1254089
2	18	11.82857	-0.31134	0.1001321	-0.1254089
2	19	11.84831	-0.3114249	0.09979463	-0.1253456
2	19	11.85598	-0.3115222	0.09967721	-0.1252644
2	19	11.86397	-0.3116674	0.09956777	-0.125203
2	19	11.88113	-0.311711	0.09948647	-0.1251729
2	19	11.88882	-0.3118166	0.09930694	-0.1250527
2	19	11.89768	-0.3119881	0.09901989	-0.125
2	19	11.91427	-0.3121346	0.09887445	-0.1249803
2	19	11.92208	-0.3121901	0.0986681	-0.1250306
2	19	11.92919	-0.3121901	0.0986681	-0.1250306
2	19	11.93963	-0.3123175	0.09840703	-0.1250103
2	20	11.96248	-0.3124008	0.09783161	-0.1250192
2	20	11.96983	-0.3123993	0.09743488	-0.1250433
2	20	11.97776	-0.3123916	0.09696603	-0.1250163
2	20	11.99519	-0.3126563	0.09639251	-0.1249114
2	20	12.00225	-0.3129731	0.0956676	-0.1249907
2	20	12.01012	-0.3132511	0.0952462	-0.1250879
2	20	12.01693	-0.3132511	0.0952462	-0.1250879
2	20	12.0351	-0.3137391	0.09329939	-0.1249087
2	20	12.04259	-0.3138911	0.09194028	-0.1249311
2	20	12.04929	-0.3138911	0.09194028	-0.1249311
2	20	12.05626	-0.3142512	0.09103835	-0.1248662
2	20	12.07421	-0.3145189	0.08981955	-0.1250498
2	21	12.08089	-0.3149376	0.08854377	-0.1250184
2	21	12.09369	-0.3153551	0.08706963	-0.1251175
2	21	12.11925	-0.3162926	0.08277631	-0.1257231
2	21	12.13073	-0.316669	0.08127379	-0.1257923
2	21	12.15137	-0.3168801	0.07948625	-0.125748
2	21	12.15917	-0.3173504	0.0778445	-0.1256248
2	21	12.16716	-0.3179339	0.07602251	-0.1254587
2	21	12.18637	-0.3190964	0.07253957	-0.1253529
2	21	12.19395	-0.3190964	0.07253957	-0.1253529
2	22	12.2014	-0.3196812	0.07053614	-0.1254678
2	22	12.21901	-0.320086	0.06882203	-0.1255211
2	22	12.22577	-0.3205414	0.06717479	-0.1255131
2	22	12.23444	-0.3208003	0.06574035	-0.1255928
2	22	12.24532	-0.321015	0.06426883	-0.1254789
2	22	12.26754	-0.3216233	0.06165421	-0.1253445
2	22	12.2747	-0.3216233	0.06165421	-0.1253445
2	22	12.28062	-0.321805	0.06038678	-0.1252334
2	22	12.29794	-0.322463	0.05789518	-0.1255248
2	22	12.30522	-0.322463	0.05789518	-0.1255248
2	22	12.31145	-0.3225796	0.0569644	-0.1253862
2	23	12.32211	-0.3229518	0.05585623	-0.1252428
2	23	12.33906	-0.3231382	0.05512381	-0.1252072
2	23	12.34585	-0.3232007	0.05447805	-0.1253256
2	23	12.35571	-0.323228	0.05391121	-0.1253738
2	23	12.37294	-0.3235623	0.05307603	-0.1254969
2	23	12.37985	-0.3234572	0.05262578	-0.1256421
2	23	12.38942	-0.3235419	0.05243313	-0.1257958
2	23	12.41042	-0.3235191	0.05178213	-0.1260281
2	23	12.42122	-0.3235836	0.05173385	-0.1261086
2	23	12.42826	-0.3235836	0.05173385	-0.1261086
2	24	12.44585	-0.3234937	0.05211043	-0.1259804
2	24	12.45326	-0.3234937	0.05211043	-0.1259804
2	24	12.4599	-0.3234437	0.05261827	-0.1258973
2	24	12.46785	-0.3235347	0.05290794	-0.1258649
2	24	12.48475	-0.3233081	0.0534997	-0.1255544
2	24	12.49258	-0.3233143	0.05398417	-0.1253629
2	24	12.50122	-0.3233238	0.05444384	-0.1253302
2	24	12.51855	-0.3232397	0.05495632	-0.1253208
2	24	12.5262	-0.323153	0.05546165	-0.1253848
2	24	12.53451	-0.323069	0.05599666	-0.1253604
2	24	12.55161	-0.3229483	0.0565325	-0.1253933
2	24	12.56272	-0.3227199	0.05717647	-0.1255064
2	25	12.57261	-0.3225348	0.05753696	-0.1257577
2	25	12.58989	-0.3224094	0.05836761	-0.125896
2	25	12.59792	-0.3224094	0.05836761	-0.125896
2	25	12.60557	-0.3222522	0.05887425	-0.1258532
2	25	12.61297	-0.3222326	0.05936885	-0.1258402
2	25	12.63094	-0.3221471	0.0600071	-0.1256907
2	25	12.63777	-0.3220702	0.0605185	-0.1256106
2	25	12.64654	-0.3220451	0.06092322	-0.1253691
2	25	12.66279	-0.3219042	0.06138301	-0.1253874
2	25	12.6702	-0.3218259	0.0617758	-0.1254786
2	25	12.67977	-0.3217349	0.06224465	-0.1255051
2	26	12.69649	-0.3215317	0.06260359	-0.1256044
2	26	12.70428	-0.3214927	0.06270492	-0.1257554
2	26	12.71544	-0.3214685	0.06282258	-0.1257136
2	26	12.73723	-0.3217125	0.06288195	-0.1258823
2	26	12.74485	-0.3217125	0.06288195	-0.1258823
2	26	12.75166	-0.3217025	0.06302655	-0.1258359
2	26	12.77016	-0.3216238	0.06361783	-0.1257118
2	26	12.77673	-0.3216238	0.06361783	-0.1257118
2	26	12.78381	-0.3215208	0.06389523	-0.1255548
2	26	12.79232	-0.3214474	0.06428182	-0.1254895
2	27	12.81076	-0.3215227	0.0647285	-0.1254003
2	27	12.81961	-0.3212998	0.06496906	-0.1253614
2	27	12.82646	-0.3212079	0.06532991	-0.1254641
2	27	12.84684	-0.3205928	0.06601703	-0.1256773
2	27	12.85472	-0.3205928	0.06601703	-0.1256773
2	27	12.86515	-0.3204403	0.06624162	-0.1260132
2	27	12.88516	-0.320215	0.0669589	-0.1264683
2	27	12.89223	-0.3201215	0.06717455	-0.1266994
2	27	12.89862	-0.3201215	0.06717455	-0.1266994
2	27	12.91574	-0.3197858	0.06776738	-0.1271749
2	27	12.92313	-0.3197858	0.06776738	-0.1271749
2	27	12.92965	-0.3194665	0.06811476	-0.1276541
2	28	12.9374	-0.3193808	0.06838357	-0.1278722
2	28	12.95438	-0.3192773	0.06877542	-0.1281188
2	28	12.96183	-0.319181	0.0690521	-0.1283407
2	28	12.97026	-0.318879	0.06944168	-0.1286633
2	28	12.98111	-0.3186653	0.06975436	-0.1287752
2	28	12.99822	-0.3186483	0.07005906	-0.1289341
2	28	13.00665	-0.3184394	0.07041037	-0.1291181
2	28	13.01689	-0.3182555	0.07063794	-0.1291734
2	28	13.03845	-0.3178611	0.07128358	-0.1296334
2	28	13.04482	-0.3178611	0.07128358	-0.1296334
2	28	13.05252	-0.3176863	0.07151437	-0.1295873
2	29	13.07109	-0.3175883	0.0720849	-0.1296937
2	29	13.07847	-0.3175883	0.0720849	-0.1296937
2	29	13.08625	-0.317561	0.07232416	-0.1294309
2	29	13.10392	-0.3176575	0.07284927	-0.1289749
2	29	13.11055	-0.3176575	0.07284927	-0.1289749
2	29	13.11763	-0.3178334	0.07317615	-0.1284717
2	29	13.1269	-0.3180496	0.07342768	-0.1278605
2	29	13.14473	-0.3183029	0.07379973	-0.1272049
2	29	13.15272	-0.3184921	0.07404554	-0.1261823
2	29	13.16038	-0.3189651	0.07416904	-0.1257087
2	30	13.1805	-0.3197867	0.07464755	-0.1238843
2	30	13.19117	-0.3201033	0.07510865	-0.1224174
2	30	13.19834	-0.3201033	0.07510865	-0.1224174
2	30	13.21677	-0.3209949	0.07560074	-0.1195309
2	30	13.22379	-0.3209949	0.07560074	-0.1195309
2	30	13.23032	-0.3217727	0.07590544	-0.1174392
2	30	13.23833	-0.3225685	0.07639873	-0.115425
2	30	13.25489	-0.3236328	0.0773747	-0.1118151
2	30	13.26249	-0.3247836	0.07805395	-0.1090156
2	30	13.27784	-0.3258899	0.07911408	-0.1044813
2	30	13.29706	-0.3283231	0.0806998	-0.09603977
2	30	13.30476	-0.329537	0.08169568	-0.09097278
2	30	13.31114	-0.329537	0.08169568	-0.09097278
2	30	13.33336	-0.3322759	0.08343315	-0.08041143
2	30	13.34453	-0.333679	0.08414805	-0.07435977
2	30	13.36271	-0.3362525	0.08496535	-0.06187582
2	30	13.36977	-0.3362525	0.08496535	-0.06187582
2	30	13.37646	-0.3376783	0.08501875	-0.0551784
2	30	13.38444	-0.3390189	0.08490586	-0.04823756
3	30	13.40206	-0.3402039	0.08490956	-0.04148877
3	30	13.40947	-0.3414136	0.08456779	-0.03462398
3	30	13.41832	-0.3423749	0.08388996	-0.02747178
3	30	13.4341	-0.3429929	0.08327198	-0.02044535
3	30	13.44129	-0.3435289	0.08199394	-0.01407373
3	30	13.45041	-0.344321	0.08122456	-0.007991076
3	30	13.46189	-0.3447592	0.08071995	-0.00193584
3	30	13.48542	-0.344836	0.07876122	0.009047031
3	30	13.496	-0.3442984	0.07819211	0.01466513
3	30	13.51337	-0.3442644	0.07755458	0.02020335
4	30	13.52087	-0.343951	0.07675934	0.02589822
4	30	13.52841	-0.3434922	0.07618356	0.03127074
4	30	13.53429	-0.3434922	0.07618356	0.03127074
4	30	13.55477	-0.3423591	0.07473457	0.04236078
4	30	13.56196	-0.34166	0.07423484	0.04788232
4	30	13.56824	-0.34166	0.07423484	0.04788232
4	30	13.58626	-0.3394465	0.07337105	0.06011128
4	30	13.59328	-0.3394465	0.07337105	0.06011128
4	30	13.60014	-0.3387039	0.07248056	0.06576777
4	30	13.62619	-0.3369305	0.07096362	0.07690012
5	30	13.64744	-0.3347917	0.06924558	0.08692873
5	30	13.6576	-0.3336933	0.06810391	0.09175324
5	30	13.66486	-0.3323895	0.06639206	0.09609282
5	30	13.68287	-0.3315187	0.06464624	0.1000555
5	30	13.68957	-0.3305029	0.06283236	0.1030504
5	30	13.69663	-0.3297063	0.0614562	0.1066507
5	30	13.70281	-0.3297063	0.0614562	0.1066507
5	30	13.72099	-0.3284372	0.05847597	0.1121367
5	30	13.72876	-0.3274059	0.05747497	0.1149851
5	30	13.73462	-0.3274059	0.05747497	0.1149851
5	30	13.74252	-0.3266376	0.05615222	0.1176409
5	30	13.76102	-0.3254236	0.05489182	0.1200325
6	30	13.76748	-0.3245695	0.05378306	0.1227019
6	30	13.77514	-0.3240432	0.05299616	0.1247711
6	30	13.7861	-0.3239821	0.05219209	0.1267514
6	30	13.80793	-0.3226817	0.05126226	0.1299977
6	30	13.81867	-0.3224235	0.05063009	0.1314902
6	30	13.82482	-0.3224235	0.05063009	0.1314902
6	30	13.84298	-0.321491	0.05009401	0.1336414
6	30	13.85113	-0.321491	0.05009401	0.1336414
6	30	13.85923	-0.3212588	0.04962051	0.1345052
6	30	13.88012	-0.3206879	0.0488956	0.135589
7	30	13.88765	-0.3209829	0.04858613	0.1356866
7	30	13.8948	-0.3209829	0.04858613	0.1356866
7	30	13.91205	-0.320568	0.04849124	0.1358036
7	30	13.92007	-0.3204074	0.04848409	0.1357335
7	30	13.92686	-0.3204074	0.04848409	0.1357335
7	30	13.93313	-0.3200467	0.04869318	0.1363395
7	30	13.95257	-0.3203603	0.0485816	0.1364442
7	30	13.96409	-0.3207655	0.04851949	0.1359242
7	30	13.97517	-0.3207393	0.04861236	0.1357036
7	30	13.99317	-0.3211231	0.04845166	0.1352004
7	30	14.00018	-0.3209504	0.0486834	0.1350334
7	30	14.00726	-0.3208313	0.04875278	0.1348941
8	30	14.01329	-0.3208313	0.04875278	0.1348941
8	30	14.03066	-0.3211911	0.04813981	0.1343659
8	30	14.03784	-0.3211911	0.04813981	0.1343659
8	30	14.04491	-0.3213158	0.04816568	0.1340657
8	30	14.05408	-0.321743	0.04768372	0.1333421
8	30	14.07028	-0.3218838	0.04768014	0.1330259
8	30	14.07785	-0.3222404	0.04784203	0.1325923
8	30	14.08729	-0.3223182	0.04757369	0.1322991
8	30	14.10472	-0.3223002	0.04749453	0.1318874
8	30	14.11602	-0.3222641	0.04728103	0.1316761
8	30	14.12624	-0.3227326	0.04688001	0.1307627
9	30	14.14397	-0.3232909	0.0462122	0.1295727
9	30	14.15129	-0.3232909	0.0462122	0.1295727
9	30	14.15744	-0.3233945	0.04590857	0.1292148
9	30	14.16539	-0.3237259	0.04549634	0.1286023
9	30	14.1827	-0.3239197	0.04498982	0.1277494
9	30	14.18981	-0.3248177	0.04432094	0.126471
9	30	14.19877	-0.3252362	0.04404593	0.1255802
9	30	14.21626	-0.3253911	0.04382133	0.124783
9	30	14.22344	-0.3258182	0.04376805	0.1238091
9	30	14.23221	-0.325943	0.04404402	0.1231647
9	30	14.2492	-0.3264885	0.04406309	0.1223131
10	30	14.25743	-0.3267864	0.04446304	0.1218057
10	30	14.26783	-0.3271614	0.04465723	0.1206367
10	30	14.2911	-0.3278971	0.04488444	0.1182196
10	30	14.30181	-0.3282311	0.04505658	0.117167
10	30	14.31956	-0.328378	0.04509425	0.1162728
10	30	14.32675	-0.328908	0.045205	0.1153485
10	30	14.33456	-0.329355	0.04523277	0.1144665
10	30	14.34189	-0.329355	0.04523277	0.1144665
10	30	14.35974	-0.3298305	0.0453608	0.1124007
10	30	14.36814	-0.3299276	0.04549301	0.1115671
10	30	14.37554	-0.3299276	0.04549301	0.1115671
11	30	14.39272	-0.3302959	0.0451442	0.1094553
11	30	14.40051	-0.3303223	0.04516745	0.1091125
11	30	14.40757	-0.3303223	0.04516745	0.1091125
11	30	14.41753	-0.330319	0.04519308	0.1086987
11	30	14.43792	-0.3302995	0.04544795	0.1077385
11	30	14.44514	-0.3304008	0.04565346	0.1072757
11	30	14.45288	-0.3304008	0.04565346	0.1072757
11	30	14.46998	-0.3310299	0.04621124	0.107023
11	30	14.47773	-0.3311434	0.04628646	0.1063976
11	30	14.4841	-0.3311434	0.04628646	0.1063976
11	30	14.49057	-0.3311543	0.04632282	0.1063224
12	30	14.50796	-0.3312529	0.04617822	0.1058378
12	30	14.51446	-0.3313137	0.04592347	0.1054201
12	30	14.52279	-0.3317367	0.04603338	0.1054571
12	30	14.5337	-0.3317575	0.04599369	0.1051173
12	30	14.55069	-0.3321857	0.04606092	0.1047792
12	30	14.55829	-0.3319232	0.0461036	0.1048695
12	30	14.56805	-0.3321302	0.04615951	0.1047268
12	30	14.58941	-0.3319871	0.04627705	0.1045227
12	30	14.59612	-0.3319871	0.04627705	0.1045227
12	30	14.60383	-0.3319234	0.04628098	0.104353
13	30	14.62328	-0.3321068	0.04629087	0.1043746
13	30	14.62962	-0.3321068	0.04629087	0.1043746
13	30	14.63678	-0.3321667	0.04598904	0.103972
13	30	14.64561	-0.3323562	0.04592133	0.1040218
13	30	14.6633	-0.3321536	0.04603791	0.103995
13	30	14.67108	-0.332305	0.04585505	0.1037496
13	30	14.6789	-0.3322228	0.04562879	0.1035776
13	30	14.69568	-0.3325113	0.04560375	0.1036938
13	30	14.70262	-0.3324906	0.04567838	0.1037785
13	30	14.71269	-0.3324215	0.04553962	0.1038508
13	30	14.73356	-0.3321716	0.04590619	0.1043328
14	30	14.74414	-0.3321716	0.04590619	0.1043328
14	30	14.75029	-0.3323622	0.04603577	0.1044022
14	30	14.77062	-0.3318912	0.04630268	0.1046437
14	30	14.77989	-0.3317205	0.04619527	0.1047375
14	30	14.78722	-0.3317205	0.04619527	0.1047375
14	30	14.80514	-0.3319803	0.04610837	0.1051376
14	30	14.81242	-0.3321174	0.04608905	0.1053677
14	30	14.8195	-0.3321174	0.04608905	0.1053677
14	30	14.82624	-0.3321443	0.04607248	0.1056221
14	30	14.8442	-0.3321749	0.04594767	0.1055362
14	30	14.85197	-0.3322511	0.04558754	0.1052791
14	30	14.85908	-0.3322742	0.04562652	0.1052531
15	30	14.86968	-0.3322613	0.04551971	0.1052388
15	30	14.89051	-0.332073	0.0455128	0.1053891
15	30	14.9018	-0.331887	0.04582703	0.1059207
15	30	14.91142	-0.331887	0.04582703	0.1059207
15	30	14.9291	-0.3318535	0.045802	0.1065395
15	30	14.93653	-0.3316628	0.04572725	0.1066101
15	30	14.94328	-0.3316628	0.04572725	0.1066101
15	30	14.94965	-0.3318613	0.04558754	0.1068172
15	30	14.96691	-0.3315504	0.04581308	0.107267
15	30	14.97419	-0.3316056	0.04570389	0.1075249
15	30	14.9812	-0.3314803	0.04510641	0.1074128
16	30	14.9921	-0.3314776	0.04519701	0.1076212
16	30	15.00924	-0.3313494	0.04510796	0.1076397
16	30	15.0163	-0.3315296	0.0450592	0.1077088
16	30	15.02587	-0.3314229	0.04525399	0.1081772
16	30	15.04747	-0.3314133	0.04510212	0.1080489
16	30	15.0585	-0.331257	0.04519403	0.1084859
16	30	15.07618	-0.3312685	0.04525197	0.1087639
16	30	15.08387	-0.331054	0.04522717	0.1090431
16	30	15.09053	-0.3310721	0.04529643	0.109464
16	30	15.09729	-0.3310721	0.04529643	0.109464
17	30	15.11438	-0.3310264	0.04478753	0.1093946
17	30	15.12168	-0.3310264	0.04478753	0.1093946
17	30	15.12928	-0.3308158	0.04511881	0.1098574
17	30	15.1376	-0.3307155	0.04507148	0.1099395
17	30	15.15415	-0.3308902	0.04476893	0.1099733
17	30	15.16183	-0.3309398	0.04472721	0.1102052
17	30	15.17103	-0.3308603	0.04458773	0.1102699
17	30	15.18889	-0.3311473	0.04400194	0.1096032
17	30	15.20036	-0.3309778	0.04392636	0.1095475
17	30	15.21068	-0.3311465	0.04365611	0.1094166
17	30	15.22786	-0.3314478	0.04309464	0.1088779
18	30	15.23473	-0.3314478	0.04309464	0.1088779
18	30	15.24228	-0.3314309	0.04299605	0.1085725
18	30	15.24988	-0.3315067	0.04301548	0.1085734
18	30	15.26654	-0.3314815	0.04301274	0.1084532
18	30	15.27404	-0.3316239	0.04318821	0.1084905
18	30	15.28313	-0.3316786	0.04291463	0.1081685
18	30	15.30252	-0.3316027	0.04347873	0.1081449
18	30	15.30915	-0.3317342	0.0436635	0.107933
18	30	15.31647	-0.3318415	0.04370749	0.1075802
18	30	15.33234	-0.3317789	0.04396796	0.1074817
18	30	15.34005	-0.3317919	0.0441438	0.1072567
18	30	15.3501	-0.3319461	0.04413259	0.1071725
19	30	15.37165	-0.3320616	0.04393089	0.106334
19	30	15.37878	-0.3320616	0.04393089	0.106334
19	30	15.38588	-0.3323441	0.04404449	0.1060615
19	30	15.40314	-0.3322655	0.04439545	0.1056929
19	30	15.41066	-0.3322655	0.04439545	0.1056929
19	30	15.41765	-0.3325642	0.04443002	0.105876
19	30	15.42768	-0.3325504	0.04456031	0.1057504
19	30	15.44415	-0.3324616	0.04471731	0.1055486
19	30	15.45157	-0.3322864	0.0448463	0.105445
19	30	15.46146	-0.3323756	0.04478633	0.1051121
20	30	15.4779	-0.3324805	0.04484034	0.1050091
20	30	15.48506	-0.3324198	0.04491746	0.1048547
20	30	15.4952	-0.3323385	0.04537237	0.1050777
20	30	15.51797	-0.3325621	0.04517901	0.1044505
20	30	15.52844	-0.3323828	0.04517019	0.1045251
20	30	15.54606	-0.332582	0.04501772	0.1042788
20	30	15.55342	-0.332772	0.0449841	0.1039431
20	30	15.56106	-0.3328108	0.045012	0.10375
20	30	15.56758	-0.3328108	0.045012	0.10375
20	30	15.58556	-0.3330754	0.04496312	0.1031027
20	30	15.5927	-0.3330754	0.04496312	0.1031027
21	30	15.59948	-0.3329577	0.04513645	0.1031965
21	30	15.608	-0.3329777	0.04509878	0.1029656
21	30	15.62592	-0.3331413	0.04481542	0.1020716
21	30	15.63389	-0.3331413	0.04481542	0.1020716
21	30	15.64114	-0.3333478	0.04475605	0.1017566
21	30	15.65914	-0.333869	0.04466712	0.1017077
21	30	15.67151	-0.3340341	0.04461837	0.1009072
21	30	15.68172	-0.3340341	0.04461837	0.1009072
21	30	15.70002	-0.3341995	0.04471529	0.1003492
21	30	15.7074	-0.3341573	0.0447917	0.09995067
21	30	15.71373	-0.3341573	0.0447917	0.09995067
22	30	15.72083	-0.3344032	0.04461288	0.09966433
22	30	15.73828	-0.3344258	0.04479229	0.09949207
22	30	15.7451	-0.3346645	0.04506302	0.09902966
22	30	15.75288	-0.3344929	0.04532433	0.09927261
22	30	15.76236	-0.3345982	0.04529357	0.09883106
22	30	15.78643	-0.3347737	0.04534924	0.09814012
22	30	15.79466	-0.3347509	0.04562795	0.09797537
22	30	15.80096	-0.3347509	0.04562795	0.09797537
22	30	15.8203	-0.3348205	0.04602182	0.09749913
22	30	15.83132	-0.3348824	0.04612672	0.09715784
22	30	15.8409	-0.3346398	0.04617882	0.09675956
23	30	15.8579	-0.3347102	0.04638028	0.09691072
23	30	15.86512	-0.3347092	0.0465585	0.09673464
23	30	15.87204	-0.3347092	0.0465585	0.09673464
23	30	15.87804	-0.3347923	0.04662406	0.09649003
23	30	15.89988	-0.3349735	0.04701519	0.09594989
23	30	15.92134	-0.3351495	0.04723644	0.09522223
23	30	15.9404	-0.3354268	0.04781985	0.09459376
23	30	15.94664	-0.3354268	0.04781985	0.09459376
23	30	15.95411	-0.3354683	0.04801798	0.09491169
23	30	15.96104	-0.3354683	0.04801798	0.09491169
24	30	15.97817	-0.3357034	0.04847312	0.09410536
24	30	15.99008	-0.3355055	0.04900038	0.09390998
24	30	16.00012	-0.33561	0.04920161	0.0933181
24	30	16.01751	-0.3355993	0.0501076	0.09264851
24	30	16.02458	-0.3355993	0.0501076	0.09264851
24	30	16.03214	-0.3355743	0.0506084	0.09237552
24	30	16.03942	-0.3355743	0.0506084	0.09237552
24	30	16.0565	-0.3357407	0.05155861	0.09215248
24	30	16.06416	-0.335844	0.05186462	0.0916388
24	30	16.07019	-0.335844	0.05186462	0.0916388
24	30	16.07728	-0.3359537	0.05223119	0.09122407
25	30	16.09488	-0.3358337	0.05284643	0.09085429
25	30	16.10165	-0.3358291	0.05331779	0.09045613
25	30	16.10978	-0.3358297	0.05373013	0.09010994
25	30	16.11965	-0.3356966	0.05456388	0.09041643
25	30	16.13695	-0.3356431	0.05517924	0.09017718
25	30	16.14799	-0.3357987	0.05585468	0.08978152
25	30	16.15766	-0.3356962	0.05679357	0.0889926
25	30	16.17661	-0.3357447	0.05801439	0.08720481
25	30	16.18337	-0.3357447	0.05801439	0.08720481
25	30	16.18996	-0.3360275	0.05907488	0.08652163
25	30	16.19808	-0.3360664	0.06011593	0.08555961
26	30	16.21453	-0.3362763	0.06108606	0.08475316
26	30	16.22197	-0.3362287	0.06213498	0.08427632
26	30	16.23138	-0.336199	0.06321251	0.08361077
26	30	16.24888	-0.3362408	0.06393766	0.0827471
26	30	16.25606	-0.3363652	0.06466365	0.08198977
26	30	16.26495	-0.3363677	0.06523263	0.08122516
26	30	16.28185	-0.3364871	0.06563461	0.08035362
26	30	16.29021	-0.3365637	0.0659461	0.07934773
26	30	16.30083	-0.3368134	0.0661968	0.07850802
26	30	16.32316	-0.3368016	0.06662703	0.07668948
26	30	16.33042	-0.3368016	0.06662703	0.07668948
27	30	16.33723	-0.3367752	0.06655049	0.07589793
27	30	16.35557	-0.3371303	0.06567311	0.07467926
27	30	16.3637	-0.3371303	0.06567311	0.07467926
27	30	16.37032	-0.3369918	0.0654161	0.07422614
27	30	16.37727	-0.3375978	0.06360948	0.07341635
27	30	16.39374	-0.338083	0.06207466	0.07266188
27	30	16.40079	-0.3385545	0.06044221	0.07194018
27	30	16.41061	-0.3394072	0.05820358	0.07042778
27	30	16.42783	-0.340088	0.05648041	0.06891024
27	30	16.43492	-0.3401725	0.05704236	0.07076013
27	30	16.4443	-0.3410442	0.05398524	0.06892776
27	30	16.46593	-0.342345	0.04615378	0.06465411
27	30	16.47623	-0.3429681	0.04200351	0.06281471
27	30	16.48305	-0.3429681	0.04200351	0.06281471
27	30	16.50049	-0.3454703	0.03067791	0.05813766
27	30	16.5073	-0.3454703	0.03067791	0.05813766
27	30	16.51348	-0.3468609	0.02503145	0.05560195
27	30	16.52256	-0.3481889	0.01887429	0.05314136
27	30	16.53843	-0.3490733	0.0123179	0.04978037
27	30	16.54535	-0.3497871	0.006433249	0.04696846
27	30	16.55595	-0.3503398	-0.0002623796	0.04405046
27	29	16.5738	-0.3507427	-0.006808639	0.04091728
27	29	16.58027	-0.3508393	-0.01346195	0.03850293
27	29	16.58989	-0.3511037	-0.02012193	0.03637457
27	29	16.60938	-0.350289	-0.03444231	0.03237844
27	29	16.62105	-0.3498402	-0.04147112	0.03100741
27	29	16.63066	-0.3498402	-0.04147112	0.03100741
27	29	16.64809	-0.348559	-0.05521691	0.02773631
27	29	16.65662	-0.3473544	-0.0619446	0.02709544
27	29	16.66302	-0.3473544	-0.0619446	0.02709544
27	29	16.66926	-0.3465166	-0.06875634	0.02561188
27	28	16.6867	-0.3453013	-0.07529473	0.02437699
27	28	16.6936	-0.3442473	-0.08177817	0.02307332
27	28	16.70088	-0.3430641	-0.08849108	0.02110708
27	28	16.71212	-0.3414285	-0.09472024	0.01942158
27	28	16.72883	-0.340084	-0.100786	0.01783276
27	28	16.73583	-0.3383409	-0.1065648	0.01626158
27	28	16.74578	-0.336519	-0.11253	0.01482189
27	28	16.76307	-0.3348134	-0.117413	0.01356852
27	28	16.77365	-0.3333558	-0.1228299	0.0121913
27	28	16.7842	-0.33153	-0.1275592	0.01090419
27	28	16.80212	-0.3287114	-0.1361858	0.008356094
27	27	16.80936	-0.3287114	-0.1361858	0.008356094
27	27	16.81621	-0.3269619	-0.1397896	0.007370472
27	27	16.82389	-0.3254021	-0.1431303	0.006262302
27	27	16.84043	-0.3237104	-0.1456829	0.005345941
27	27	16.84778	-0.3221624	-0.1493489	0.004374266
27	27	16.85722	-0.3209527	-0.1521741	0.003117442
27	27	16.87395	-0.3196208	-0.1548733	0.001971126
27	27	16.88102	-0.3184834	-0.1575551	0.0009233952
27	27	16.89099	-0.3180376	-0.1578259	7.95126E-05
27	27	16.90868	-0.317739	-0.1589168	-0.0008761883
27	27	16.91623	-0.3169043	-0.1603763	-0.001421332
27	27	16.92672	-0.3165337	-0.1608236	-0.002259851
27	26	16.94823	-0.3160261	-0.1610838	-0.003121734
27	26	16.95654	-0.3158853	-0.1608658	-0.003782034
27	26	16.96304	-0.3158853	-0.1608658	-0.003782034
27	26	16.98049	-0.3164078	-0.1601704	-0.004560232
27	26	16.98748	-0.3164078	-0.1601704	-0.004560232
27	26	16.99481	-0.3167447	-0.1589766	-0.004707575
27	26	17.00274	-0.317346	-0.157673	-0.004572511
27	26	17.0191	-0.3179729	-0.1562266	-0.004472017
27	26	17.02649	-0.3185312	-0.1547937	-0.00436902
27	26	17.03626	-0.3192973	-0.1532173	-0.00411272
27	25	17.05368	-0.3200345	-0.1517522	-0.004060626
27	25	17.06127	-0.3205528	-0.1502787	-0.003983736
27	25	17.0701	-0.3213853	-0.1487694	-0.003798962
27	25	17.09199	-0.3229686	-0.1452922	-0.003094673
27	25	17.10213	-0.3237659	-0.1434431	-0.002462983
27	25	17.10881	-0.3237659	-0.1434431	-0.002462983
27	25	17.12662	-0.3250319	-0.1400131	-0.00151968
27	25	17.13361	-0.3250319	-0.1400131	-0.00151968
27	25	17.14019	-0.3257108	-0.1384465	-0.0008403063
27	25	17.14772	-0.3263878	-0.1368701	-0.0003302097
27	25	17.164	-0.3269424	-0.1352874	0.0003614426
27	25	17.17158	-0.3275154	-0.1336694	0.001117229
27	24	17.18125	-0.3283234	-0.1318641	0.001771212
27	24	17.19833	-0.3289827	-0.1303146	0.002784014
27	24	17.20648	-0.3293412	-0.128983	0.003710508
27	24	17.21486	-0.3298993	-0.1275668	0.004416227
27	24	17.23299	-0.3303889	-0.1263157	0.005218625
27	24	17.24413	-0.330551	-0.1255573	0.005845547
27	24	17.25372	-0.3308432	-0.1247032	0.006312966
27	24	17.27197	-0.3315363	-0.1233006	0.007460117
27	24	17.27907	-0.3315363	-0.1233006	0.007460117
27	24	17.28582	-0.3317547	-0.1226583	0.00787735
27	24	17.29364	-0.3317035	-0.1222568	0.008147597
27	23	17.31042	-0.3318841	-0.1220654	0.008428574
27	23	17.31921	-0.3319695	-0.1219256	0.008402586
27	23	17.32702	-0.3322457	-0.1214985	0.00879097
27	23	17.34374	-0.3323528	-0.1212412	0.009035349
27	23	17.3507	-0.3325658	-0.1209002	0.009328723
27	23	17.36005	-0.332651	-0.1203589	0.009709597
27	23	17.37722	-0.3327316	-0.1199877	0.01016068
27	23	17.3848	-0.3328412	-0.1196878	0.01070428
27	23	17.39536	-0.3330557	-0.1194421	0.01100159
27	23	17.41623	-0.3330355	-0.1191478	0.01182497
27	22	17.4232	-0.3330355	-0.1191478	0.01182497
27	22	17.43063	-0.3331503	-0.118818	0.01213741
27	22	17.44747	-0.3332797	-0.1182317	0.01267803
27	22	17.45463	-0.3332797	-0.1182317	0.01267803
27	22	17.46213	-0.3332965	-0.1178919	0.01284134
27	22	17.47218	-0.3333671	-0.1177063	0.0129267
27	22	17.48885	-0.3335406	-0.1174921	0.01316619
27	22	17.49592	-0.3335903	-0.1171364	0.01336706
27	22	17.50546	-0.3336114	-0.1169083	0.01342273
27	22	17.52268	-0.3336283	-0.116693	0.0135262
27	22	17.53024	-0.3337414	-0.116381	0.01386631
27	22	17.53905	-0.3337548	-0.1161419	0.01400912
27	21	17.56004	-0.3338389	-0.1157947	0.014539
27	21	17.57097	-0.3338625	-0.1156662	0.01470315
27	21	17.58096	-0.3338625	-0.1156662	0.01470315
27	21	17.59877	-0.3340874	-0.1154195	0.01474881
27	21	17.60711	-0.33413	-0.1153111	0.01475322
27	21	17.61367	-0.33413	-0.1153111	0.01475322
27	21	17.62096	-0.334218	-0.115081	0.01474261
27	21	17.63951	-0.3341076	-0.1149266	0.01472449
27	21	17.64567	-0.3341076	-0.1149266	0.01472449
27	21	17.65289	-0.3342583	-0.1148782	0.01481473
27	21	17.66196	-0.3343977	-0.1149584	0.01471007
27	20	17.67893	-0.3343049	-0.1149894	0.01464939
27	20	17.68686	-0.3343704	-0.1149938	0.01464009
27	20	17.69543	-0.3344064	-0.1149738	0.01455986
27	20	17.7155	-0.3344946	-0.115057	0.01424515
27	20	17.72551	-0.3344946	-0.115057	0.01424515
27	20	17.73269	-0.3344786	-0.1149721	0.01414335
27	20	17.75118	-0.3342854	-0.115015	0.01397491
27	20	17.7579	-0.3342854	-0.115015	0.01397491
27	20	17.76468	-0.3342031	-0.1151012	0.01401269
27	20	17.77354	-0.3341069	-0.1151839	0.01403749
27	19	17.79196	-0.3340191	-0.1152546	0.01401591
27	19	17.79993	-0.3340516	-0.1153798	0.01400542
27	19	17.80811	-0.334136	-0.115441	0.01398361
27	19	17.8246	-0.3340985	-0.1154598	0.01389694
27	19	17.83172	-0.3341055	-0.1154954	0.01375234
27	19	17.84064	-0.3340992	-0.1154791	0.01357245
27	19	17.85191	-0.3341602	-0.1154969	0.01346302
27	19	17.87379	-0.3341889	-0.1154752	0.01296091
27	19	17.88403	-0.3341999	-0.1154431	0.01283693
27	19	17.89133	-0.3341999	-0.1154431	0.01283693
27	18	17.90981	-0.3340453	-0.1153286	0.01270616
27	18	17.9193	-0.3341935	-0.1151911	0.01241648
27	18	17.9261	-0.3341935	-0.1151911	0.01241648
27	18	17.94471	-0.3343644	-0.1151663	0.01181483
27	18	17.9525	-0.3343861	-0.1151409	0.01157713
27	18	17.95895	-0.3343861	-0.1151409	0.01157713
27	18	17.96577	-0.3341676	-0.1150723	0.0113312
27	18	17.98316	-0.3343698	-0.1151421	0.01131368
27	18	17.99029	-0.334342	-0.1152723	0.01126516
27	18	17.99718	-0.334342	-0.1150587	0.01129115
27	18	18.00829	-0.334567	-0.1147118	0.01114368
27	18	18.02927	-0.3347323	-0.1142744	0.01102018
27	17	18.03941	-0.334668	-0.1141388	0.01109695
27	17	18.04596	-0.334668	-0.1141388	0.01109695
27	17	18.06424	-0.3348248	-0.1137704	0.01080596
27	17	18.07126	-0.3348248	-0.1137704	0.01080596
27	17	18.07821	-0.3347239	-0.1137679	0.01064527
27	17	18.08628	-0.3347908	-0.1137321	0.01035643
27	17	18.10283	-0.3348012	-0.1135544	0.01021183
27	17	18.11079	-0.3348813	-0.113382	0.009990573
27	17	18.11949	-0.3349574	-0.1132846	0.009896636
27	17	18.13576	-0.3350068	-0.1130836	0.009918928
27	17	18.14379	-0.3349977	-0.1129808	0.009885192
27	17	18.15274	-0.3351512	-0.1128004	0.009951472
27	16	18.16976	-0.3352137	-0.1125996	0.01001346
27	16	18.1817	-0.3352716	-0.1123335	0.01013732
27	16	18.19146	-0.3353349	-0.1121325	0.01023078
27	16	18.21031	-0.3354149	-0.1117449	0.01061392
27	16	18.21764	-0.3354149	-0.1117449	0.01061392
27	16	18.22437	-0.3355833	-0.1114149	0.01074982
27	16	18.2315	-0.3355337	-0.111167	0.01090991
27	16	18.24896	-0.3357724	-0.1110708	0.01116359
27	16	18.25619	-0.3358562	-0.1109229	0.01114106
27	16	18.26455	-0.3360095	-0.1107863	0.01115465
27	15	18.29005	-0.3359157	-0.110455	0.01104772
27	15	18.29879	-0.3358705	-0.1101803	0.01106203
27	15	18.3182	-0.3359026	-0.1100119	0.01102221
27	15	18.32621	-0.3359083	-0.1099298	0.01109493
27	15	18.3372	-0.3359628	-0.1097608	0.01123619
27	15	18.35834	-0.3359357	-0.1095651	0.01169443
27	15	18.36587	-0.3358811	-0.1094019	0.01194406
27	15	18.37248	-0.3358811	-0.1094019	0.01194406
27	15	18.38954	-0.3360767	-0.109103	0.01272058
27	15	18.39647	-0.3360767	-0.109103	0.01272058
27	14	18.40262	-0.3360758	-0.108814	0.01300848
27	14	18.40997	-0.3360902	-0.1086068	0.01324844
27	14	18.42694	-0.3361157	-0.108428	0.01350117
27	14	18.43412	-0.3361725	-0.1083795	0.01363778
27	14	18.44336	-0.3362207	-0.1082383	0.01377726
27	14	18.46003	-0.3362677	-0.1082219	0.01404393
27	14	18.46769	-0.3363084	-0.1083329	0.0142051
27	14	18.47775	-0.3364017	-0.1083016	0.01434076
27	14	18.49953	-0.3364829	-0.1083081	0.01488543
27	14	18.50982	-0.3364453	-0.1083081	0.01521659
27	14	18.51651	-0.3364453	-0.1083081	0.01521659
27	13	18.53373	-0.3364599	-0.1079378	0.01591945
27	13	18.54101	-0.3364599	-0.1079378	0.01591945
27	13	18.54733	-0.3364736	-0.1078237	0.01619625
27	13	18.55546	-0.3364693	-0.1077172	0.01637578
27	13	18.57241	-0.336522	-0.1076343	0.01657629
27	13	18.58004	-0.336416	-0.1076375	0.01678514
27	13	18.58868	-0.3364052	-0.107551	0.01693022
27	13	18.6061	-0.3365635	-0.1074777	0.0171777
27	13	18.61329	-0.3364928	-0.1075088	0.01740813
27	13	18.62225	-0.3365154	-0.1074511	0.01749277
27	13	18.63942	-0.3364189	-0.1072987	0.01758635
27	12	18.64991	-0.3363801	-0.1072639	0.01765537
27	12	18.65969	-0.3364753	-0.1072263	0.01778722
27	12	18.67815	-0.3363888	-0.1070687	0.01772809
27	12	18.68578	-0.3363888	-0.1070687	0.01772809
27	12	18.69231	-0.3364873	-0.107043	0.01778221
27	12	18.7002	-0.3365628	-0.106915	0.01792443
27	12	18.7185	-0.3366179	-0.1068046	0.01794338
27	12	18.72608	-0.3365421	-0.1067283	0.01797676
27	12	18.73398	-0.3365463	-0.1066526	0.01808655
27	12	18.75052	-0.3364942	-0.1066374	0.01812494
27	12	18.75838	-0.3364677	-0.1066294	0.01816905
27	11	18.76743	-0.3364918	-0.1066139	0.01820183
27	11	18.78446	-0.3365843	-0.1064836	0.01812756
27	11	18.793	-0.3367612	-0.1066303	0.01799595
27	11	18.80316	-0.3367176	-0.1064645	0.01815248
27	11	18.82491	-0.3367987	-0.1063453	0.01826239
27	11	18.83165	-0.3367987	-0.1063453	0.01826239
27	11	18.83889	-0.3367767	-0.1063007	0.01831758
27	11	18.85676	-0.3367435	-0.1063614	0.01857996
27	11	18.86336	-0.3367435	-0.1063614	0.01857996
27	11	18.87005	-0.3367249	-0.1063964	0.01861477
27	11	18.87902	-0.3367175	-0.1064281	0.0186224
27	10	18.89496	-0.3366985	-0.106582	0.01858103
27	10	18.90184	-0.336683	-0.1066618	0.01858234
27	10	18.91273	-0.3366497	-0.1067699	0.0186137
27	10	18.92978	-0.3365449	-0.106784	0.01854324
27	10	18.93662	-0.3365402	-0.1067278	0.01868057
27	10	18.94629	-0.3365655	-0.106674	0.01868665
27	10	18.96653	-0.336491	-0.1065373	0.01873457
27	10	18.97715	-0.336491	-0.1065373	0.01873457
27	10	18.98435	-0.3364646	-0.1065427	0.01872838
27	10	19.00197	-0.33662	-0.1064992	0.01870275
27	9	19.00924	-0.33662	-0.1064992	0.01870275
27	9	19.01555	-0.3366686	-0.1064657	0.01861179
27	9	19.02431	-0.3366865	-0.1064572	0.01855552
27	9	19.04213	-0.3367406	-0.1064529	0.01842368
27	9	19.04916	-0.3367141	-0.1064634	0.01832366
27	9	19.0583	-0.3367507	-0.1064118	0.01825416
27	9	19.08374	-0.3368598	-0.1063234	0.01798534
27	9	19.09118	-0.3368185	-0.1062547	0.01801181
27	9	19.09743	-0.3368185	-0.1062547	0.01801181
27	9	19.11847	-0.3367267	-0.1063181	0.01802862
27	9	19.12992	-0.3368714	-0.1064022	0.01812065
27	8	19.13743	-0.3369085	-0.106456	0.01813293
27	8	19.15417	-0.3369294	-0.1064345	0.01814413
27	8	19.16213	-0.3368442	-0.1063205	0.0181067
27	8	19.16898	-0.3368828	-0.1062211	0.01808584
27	8	19.17548	-0.3368828	-0.1062211	0.01808584
27	8	19.19303	-0.3369614	-0.1060694	0.018098
27	8	19.20045	-0.3369614	-0.1060694	0.018098
27	8	19.20755	-0.3370184	-0.1060321	0.01799238
27	8	19.21502	-0.3369452	-0.1060084	0.01782846
27	8	19.23271	-0.3371441	-0.1059722	0.01799476
27	8	19.2397	-0.3370899	-0.1059936	0.01791751
27	8	19.24818	-0.3370876	-0.1059948	0.01788151
27	7	19.25928	-0.3369747	-0.1059194	0.01776266
27	7	19.279	-0.3368057	-0.1057897	0.01758015
27	7	19.28641	-0.3368057	-0.1057897	0.01758015
27	7	19.2934	-0.3368374	-0.1056713	0.01762462
27	7	19.3109	-0.3368983	-0.1056399	0.017609
27	7	19.31838	-0.337016	-0.1054571	0.01749659
27	7	19.32621	-0.3370869	-0.1053883	0.01767015
27	7	19.33676	-0.3370897	-0.1053513	0.01767969
27	7	19.35437	-0.3371849	-0.1052656	0.01765895
27	7	19.36179	-0.3371727	-0.1052372	0.01765287
27	7	19.37059	-0.3371381	-0.1052947	0.01765132
27	6	19.38646	-0.3371153	-0.1053329	0.01759934
27	6	19.394	-0.3371747	-0.105419	0.01759064
27	6	19.40421	-0.3371723	-0.1054393	0.01758611
27	6	19.42439	-0.3370746	-0.105495	0.01768124
27	6	19.43505	-0.3371108	-0.1055294	0.0178622
27	6	19.44227	-0.3369066	-0.1055949	0.01798558
27	6	19.46055	-0.3370318	-0.1059744	0.018296
27	6	19.46751	-0.3370318	-0.1059744	0.018296
27	6	19.47458	-0.3369317	-0.1061562	0.01838374
27	6	19.48244	-0.3369592	-0.1062266	0.01850259
27	5	19.49901	-0.3369671	-0.1062459	0.01876998
27	5	19.50639	-0.3369619	-0.1062685	0.01891065
27	5	19.51564	-0.3368734	-0.1063027	0.01907551
27	5	19.53353	-0.3368684	-0.1061751	0.01906502
27	5	19.5416	-0.337038	-0.106066	0.01915455
27	5	19.54952	-0.3370456	-0.1060065	0.0192132
27	5	19.56769	-0.336962	-0.1058867	0.01922464
27	5	19.57877	-0.3369819	-0.105907	0.01916778
27	5	19.58829	-0.3368931	-0.105943	0.01919675
27	5	19.60776	-0.3369079	-0.1057854	0.01923454
27	5	19.61544	-0.3368635	-0.1057827	0.0192591
27	4	19.62226	-0.3368635	-0.1057827	0.0192591
27	4	19.64066	-0.3370435	-0.1056846	0.01919973
27	4	19.651	-0.3370863	-0.1056179	0.01916027
27	4	19.65938	-0.3371564	-0.1054795	0.0192802
27	4	19.67721	-0.3371371	-0.1053945	0.01925957
27	4	19.68539	-0.3372605	-0.1052406	0.0192039
27	4	19.69307	-0.3372308	-0.1050043	0.01930058
27	4	19.71096	-0.3372004	-0.1050518	0.01933682
27	4	19.71925	-0.3373091	-0.1049182	0.01923132
27	4	19.7305	-0.3372762	-0.1047245	0.0192734
27	3	19.75091	-0.3373247	-0.1046102	0.01932871
27	3	19.75955	-0.3373522	-0.1045611	0.0192492
