time	x	y	z	
4.493938	0.166235	-0.1432362	0.2733718
4.503609	0.1661439	-0.1434929	0.2734632
4.519109	0.166048	-0.1437293	0.2735551
4.525663	0.1659477	-0.1439508	0.273648
4.540935	0.1660251	-0.1438201	0.2738678
4.55563	0.1660839	-0.1437099	0.2740772
4.570487	0.1662392	-0.1435935	0.2742889
4.584669	0.166374	-0.1434915	0.2744934
4.600119	0.1664927	-0.143401	0.2746921
4.609308	0.1664917	-0.1431159	0.2749143
4.624063	0.1664904	-0.1428558	0.2751309
4.637151	0.1665319	-0.1426058	0.2750366
4.652817	0.1665695	-0.1423729	0.2749644
4.667893	0.1666034	-0.1421605	0.2749081
4.682321	0.1667192	-0.1422817	0.2746142
4.697741	0.1668258	-0.1423804	0.2743538
4.706165	0.1667758	-0.1423161	0.2743416
4.721261	0.1667328	-0.14225	0.2743315
4.735303	0.1669537	-0.142077	0.2741516
4.752346	0.1671589	-0.141911	0.2739861
4.766715	0.1673517	-0.1417505	0.2738321
4.77459	0.1675078	-0.1415434	0.2736924
4.791308	0.1676586	-0.1413441	0.2735593
4.806123	0.1677641	-0.1413641	0.2735024
4.819151	0.1678694	-0.1413717	0.2734441
4.833983	0.1679742	-0.1413697	0.2733845
4.851102	0.1676732	-0.1413353	0.2734051
4.858561	0.1670821	-0.1416702	0.2733736
4.874601	0.1665412	-0.1419779	0.2733385
4.888808	0.1660399	-0.142264	0.2733007
4.9037	0.1655145	-0.1426676	0.2733927
4.918596	0.1650202	-0.1430458	0.2734725
4.932205	0.1645485	-0.1434045	0.2735435
4.947001	0.1642486	-0.1432961	0.2738003
4.958511	0.1639491	-0.1432159	0.2740343
4.971733	0.1638079	-0.142922	0.2741494
4.985364	0.1636541	-0.1426646	0.2742586
5.001378	0.1634904	-0.1424361	0.2743631
5.015907	0.163942	-0.1400364	0.2755279
5.028059	0.1641157	-0.1335849	0.2770489
5.041104	0.1642543	-0.1275827	0.278462
5.055674	0.1643653	-0.1219323	0.2797906
5.069397	0.1633347	-0.1103386	0.2767854
5.085769	0.1623758	-0.09946982	0.274064
5.101618	0.161468	-0.08910187	0.2715507
5.111451	0.1608071	-0.07842661	0.269751
5.124696	0.1601634	-0.06817667	0.2680425
5.138782	0.1592721	-0.05738407	0.2631834
5.153931	0.1588436	-0.04772413	0.2623516
5.169036	0.1584181	-0.03829339	0.2615793
5.185696	0.1579901	-0.02897963	0.2608381
5.198073	0.1567955	-0.01963434	0.2562218
5.21	0.1556546	-0.01042161	0.2518981
5.223231	0.1546419	-0.002202422	0.2448816
5.236445	0.1536586	0.005977046	0.2382233
5.251996	0.152697	0.01413648	0.2318359
5.267645	0.1517491	0.02228747	0.2256705
5.279948	0.150072	0.02894069	0.2265525
5.293507	0.1484794	0.03567164	0.2269658
5.308071	0.1499491	0.0402691	0.2211782
5.320635	0.1512141	0.04510318	0.2156
5.335161	0.1523008	0.04991051	0.2103628
5.349658	0.1524278	0.05119129	0.2049804
5.365587	0.1525356	0.0529479	0.1997171
5.375805	0.1515301	0.05310522	0.1942438
5.38901	0.1506052	0.05373254	0.1888423
5.403839	0.1512422	0.05287015	0.1905695
5.4212	0.1518095	0.05244788	0.1917839
5.436687	0.1523271	0.05236839	0.1926059
5.446232	0.1533489	0.0516032	0.1950749
5.458963	0.1542856	0.05114012	0.1971124
5.473279	0.1555836	0.04915041	0.1991934
5.488115	0.1567924	0.0474998	0.200974
5.503839	0.1578925	0.04613254	0.2024896
5.518249	0.1597293	0.0423521	0.2055236
5.527259	0.1614582	0.03897259	0.2082618
5.546196	0.1609672	0.02714705	0.2244546
5.558741	0.1596646	0.01655119	0.2288856
5.570229	0.1584972	0.006663138	0.2328707
5.584542	0.1574438	-0.002604047	0.2364783
5.60232	0.1591757	-0.01256403	0.242495
5.612359	0.160786	-0.02205118	0.2480834
5.625621	0.1629204	-0.03354139	0.2555843
5.639175	0.1649544	-0.04466295	0.2627273
5.654161	0.1668969	-0.05542785	0.2695456
5.669496	0.1672395	-0.06909591	0.2724555
5.684461	0.1676389	-0.08236762	0.2754543
5.696869	0.1670174	-0.09886111	0.2800872
5.713019	0.1665019	-0.1148491	0.284665
5.722933	0.1653767	-0.1268128	0.2840025
5.736849	0.1643015	-0.1396528	0.2836447
5.753277	0.1633203	-0.1521952	0.2834795
5.768503	0.163556	-0.1718651	0.2882699
5.779616	0.1637722	-0.1927501	0.2932461
5.792347	0.162388	-0.2091324	0.2935029
5.807408	0.1611042	-0.2250703	0.2938881
5.822417	0.1599095	-0.2405333	0.294371
5.837034	0.1590401	-0.2537189	0.2941141
5.851926	0.1581957	-0.2668551	0.2939828
5.863943	0.1568016	-0.2777248	0.2901329
5.880556	0.1554738	-0.2887313	0.2866915
5.891402	0.1537894	-0.2948981	0.2805366
5.90401	0.1521862	-0.3014845	0.2748949
5.918293	0.1506386	-0.3084506	0.2696334
5.935889	0.1495163	-0.3132298	0.2661911
5.9491	0.1483972	-0.3184539	0.2628581
5.960533	0.1488398	-0.3249999	0.2649202
5.974712	0.1491562	-0.3317341	0.2666121
5.989211	0.1493746	-0.3386393	0.2680172
6.003253	0.1494125	-0.3408321	0.2675571
6.017438	0.1493984	-0.3435551	0.2670675
6.033357	0.1492669	-0.3440634	0.2653582
6.04623	0.1491097	-0.3451287	0.2637345
6.057897	0.1490525	-0.3436137	0.2620198
6.071218	0.1489699	-0.3426766	0.2603671
6.086641	0.1488688	-0.3421882	0.2587721
6.102149	0.1494078	-0.3397701	0.2586735
6.115867	0.1498766	-0.3378367	0.2584767
6.129224	0.1505381	-0.3354694	0.2590014
6.144413	0.1511361	-0.3334686	0.2594002
6.154774	0.1516849	-0.3317528	0.2597032
6.168639	0.1524911	-0.3294198	0.2607907
6.185656	0.1532391	-0.3273428	0.2617381
6.200083	0.154442	-0.3245825	0.2634263
6.211435	0.1555646	-0.3220603	0.2649528
6.224474	0.1571926	-0.3164321	0.2680104
6.23836	0.1587282	-0.311204	0.270841
6.253393	0.1584105	-0.3118826	0.2705223
6.268193	0.159551	-0.2973888	0.2726144
6.284761	0.1606207	-0.2841249	0.2745505
6.296017	0.1613373	-0.271219	0.2775866
6.30821	0.1620345	-0.2591299	0.280424
6.321301	0.1627163	-0.2476788	0.2831063
6.335434	0.1622147	-0.2310092	0.2806074
6.352647	0.1618126	-0.2152752	0.2784828
6.367825	0.1634256	-0.2045606	0.2857526
6.380385	0.1649361	-0.1940311	0.2924831
6.395259	0.1633864	-0.1777993	0.2888584
6.406674	0.1620043	-0.1621461	0.2856689
6.421268	0.160759	-0.1470142	0.2828248
6.43456	0.1600262	-0.1296598	0.2789543
6.450638	0.1593384	-0.1127953	0.2754073
6.463011	0.1578596	-0.09674794	0.2719074
6.476254	0.1564759	-0.08097214	0.2686259
6.490254	0.1551681	-0.0654265	0.2655185
6.504433	0.1534	-0.05242635	0.264761
6.519098	0.1517312	-0.03936277	0.2639148
6.53282	0.1543776	-0.02822747	0.2708212
6.549737	0.1567227	-0.01687311	0.2770061
6.558737	0.1573027	-0.006998101	0.2759481
6.573412	0.157815	0.003149654	0.2749613
6.587026	0.1582719	0.01343369	0.274036
6.602349	0.1579886	0.0214794	0.269197
6.617099	0.157734	0.02986618	0.2647468
6.630134	0.1584711	0.03666974	0.2657466
6.642877	0.1591469	0.04384347	0.2665639
6.656529	0.1597741	0.05129885	0.2672381
6.671592	0.1560785	0.05156005	0.2603133
6.685524	0.1527509	0.05267734	0.2539959
6.701466	0.1507709	0.05305988	0.2507169
6.7158	0.1489138	0.05409385	0.2475704
6.728862	0.1456876	0.051766	0.2368589
6.740559	0.1426561	0.05014117	0.2268301
6.753437	0.1397919	0.04906527	0.2173836
6.768188	0.1422125	0.04752337	0.2250056
6.784522	0.1442717	0.04640515	0.23149
6.797493	0.1479759	0.04451871	0.2453469
6.813437	0.1512952	0.04298707	0.2578104
6.825073	0.1543162	0.04173127	0.2691937
6.837558	0.1549465	0.03805163	0.2754835
6.851476	0.1555874	0.03479334	0.281477
6.868727	0.1519045	0.0233358	0.277617
6.882233	0.1485927	0.01284338	0.2743966
6.894372	0.1461293	0.001182102	0.2700771
6.908026	0.1438647	-0.009673847	0.2662928
6.922058	0.1417574	-0.01995921	0.2629421
6.935737	0.1436519	-0.0316077	0.2684327
6.95058	0.145297	-0.04273494	0.2734312
6.966898	0.149472	-0.05684494	0.2849811
6.976274	0.1532706	-0.07035483	0.2956616
6.990605	0.1567715	-0.08338267	0.3056526
7.004874	0.1568148	-0.1007113	0.3043167
7.021751	0.1569669	-0.1173761	0.3035342
7.037384	0.1568357	-0.1345273	0.3030511
7.049963	0.1568035	-0.1511069	0.3029238
7.057881	0.1581054	-0.173091	0.3046169
7.073073	0.1593685	-0.1942455	0.3064081
7.087393	0.1605963	-0.2146739	0.3082658
7.102287	0.1596986	-0.229632	0.3062172
7.119212	0.1589688	-0.2446731	0.3045679
7.13431	0.1567686	-0.2569009	0.302404
7.143152	0.154801	-0.2694108	0.3005533
7.156834	0.153019	-0.2821312	0.2989514
7.170326	0.1535538	-0.2935957	0.2986912
7.186406	0.154006	-0.305332	0.2984802
7.201222	0.1535299	-0.3105461	0.2931112
7.217535	0.1530762	-0.3164781	0.2882223
7.227593	0.153498	-0.3233068	0.289623
7.241577	0.1538652	-0.3305506	0.2908507
7.255308	0.1541892	-0.3380732	0.2919412
7.26906	0.1536804	-0.3402378	0.2924379
7.285387	0.1532169	-0.3431129	0.2928948
7.299451	0.152169	-0.3424186	0.2900288
7.315619	0.151194	-0.3424995	0.2873931
7.324863	0.1502828	-0.3431908	0.2849562
7.33958	0.1487685	-0.341125	0.2805064
7.35355	0.14735	-0.3397294	0.2763684
7.368701	0.1472815	-0.33787	0.2756941
7.384532	0.1471655	-0.3365115	0.2749436
7.392563	0.1474985	-0.3345342	0.2756
7.407094	0.1477641	-0.3329463	0.2760949
7.421722	0.1479767	-0.3316659	0.2764632
7.43734	0.1479938	-0.3308943	0.2766099
7.451656	0.1479917	-0.3302887	0.2766884
7.466102	0.1477844	-0.3300226	0.2765806
7.482353	0.1475805	-0.3298424	0.2764414
7.491498	0.1473794	-0.3297299	0.2762775
7.504931	0.1472464	-0.3282145	0.2774237
7.519969	0.1471091	-0.3268724	0.2784344
7.537126	0.1476732	-0.3240913	0.280244
7.551837	0.1481752	-0.321551	0.2818929
7.56176	0.1486194	-0.3192647	0.2833716
7.574912	0.1501761	-0.3140377	0.2858416
7.590137	0.151595	-0.3092141	0.2881336
7.604251	0.1527861	-0.2928603	0.2871869
7.619023	0.1539052	-0.277768	0.2864036
7.634863	0.1551463	-0.2649033	0.287752
7.646544	0.1563313	-0.2526925	0.2890458
7.658898	0.1574722	-0.240997	0.2902963
7.672643	0.1592897	-0.2291752	0.2958043
7.685829	0.1610176	-0.2177205	0.3009111
7.701016	0.1602852	-0.2015521	0.2981201
7.717153	0.1596907	-0.1860226	0.2956941
7.728231	0.1592077	-0.1709989	0.293568
7.745889	0.160359	-0.157703	0.2980634
7.756684	0.1614362	-0.1446011	0.3021531
7.770001	0.1602343	-0.1271292	0.3014793
7.784416	0.1591739	-0.1101439	0.3009311
7.801364	0.1559617	-0.09539844	0.2966088
7.81265	0.1529989	-0.08075046	0.2926459
7.826962	0.1502637	-0.06635486	0.289007
7.840788	0.1483268	-0.05028894	0.2854245
7.85463	0.1464609	-0.03444286	0.2820392
7.868878	0.1465173	-0.02092464	0.2814847
7.88341	0.1464671	-0.007371867	0.2808366
7.899657	0.1463381	0.006197251	0.2801188
7.908504	0.1482564	0.01574565	0.2808587
7.922781	0.1499309	0.02567892	0.2814154
7.93646	0.1511479	0.03216716	0.2801645
7.952661	0.1522361	0.03921235	0.2789405
7.967426	0.1506629	0.04201607	0.2730398
7.980321	0.1492177	0.04547911	0.267557
7.996793	0.1478568	0.04951664	0.2623432
8.007725	0.1460307	0.05124776	0.2571582
8.021017	0.1443128	0.05356173	0.2521854
8.035002	0.1412556	0.05355798	0.2406851
8.052838	0.138386	0.05414619	0.2298797
8.066974	0.1356629	0.05519538	0.2196176
8.073536	0.1375277	0.05550274	0.2289293
8.089499	0.1390688	0.05619882	0.2368018
8.104252	0.1422208	0.05251442	0.2439855
8.119116	0.1450188	0.04946532	0.2502595
8.133697	0.1470269	0.04541443	0.2575838
8.149825	0.1488556	0.04187284	0.264209
8.158976	0.150535	0.03874474	0.2702555
8.173143	0.1507949	0.03199352	0.2730778
8.186553	0.1510826	0.02582928	0.2758076
8.203444	0.1448175	0.01606746	0.2659461
8.218448	0.1391008	0.007000796	0.2570377
8.231869	0.1338191	-0.001527466	0.2488877
8.247039	0.1303437	-0.01336358	0.245019
8.258424	0.1270028	-0.02452138	0.2412805
8.271435	0.1296137	-0.03525268	0.2483876
8.285127	0.1318134	-0.04555238	0.2546662
8.30202	0.134875	-0.05808945	0.2651385
8.316019	0.1375924	-0.07016498	0.2747284
8.326715	0.1400368	-0.08187211	0.2836174
8.341584	0.1417558	-0.09405323	0.2855377
8.355835	0.143353	-0.1059547	0.2875912
8.369559	0.1439689	-0.1204318	0.2898008
8.384092	0.14458	-0.1345043	0.292088
8.400854	0.1451891	-0.1482556	0.2944327
8.41057	0.1464592	-0.1598592	0.2953371
8.425481	0.1476668	-0.1714378	0.2964144
8.438584	0.1515359	-0.1826496	0.2997193
8.452418	0.1551369	-0.193875	0.3029549
8.468123	0.155537	-0.1975331	0.3029543
8.482245	0.156005	-0.2018041	0.303158
8.497592	0.1565235	-0.2065352	0.3035208
8.50756	0.1542914	-0.206799	0.2991136
8.521464	0.1523352	-0.2077785	0.2952327
8.535718	0.1516722	-0.2071792	0.2939802
8.553383	0.1510935	-0.2071963	0.2928756
8.56799	0.1505815	-0.2077008	0.291888
8.575518	0.1504404	-0.2044502	0.2920016
8.591492	0.1503113	-0.2018689	0.2920965
8.606211	0.1512513	-0.1994444	0.2925988
8.619967	0.1521095	-0.1974711	0.2930535
8.635209	0.1527259	-0.195595	0.2934821
8.651418	0.1533056	-0.1940186	0.2938804
8.660234	0.1538533	-0.1926809	0.294253
8.674587	0.1542132	-0.1908973	0.2941881
8.691724	0.15457	-0.1893149	0.2941454
8.705559	0.1552798	-0.1876274	0.2945656
8.729572	0.1570129	-0.1833476	0.2962658
8.74411	0.1580174	-0.1807993	0.2974845
8.758304	0.1589841	-0.1783977	0.2986391
8.771927	0.1580396	-0.1742416	0.2960296
8.787195	0.1572303	-0.1703342	0.2936936
8.802833	0.1556592	-0.1675775	0.2904179
8.818131	0.1542324	-0.1648886	0.287387
8.83206	0.1529281	-0.1622693	0.2845677
8.844589	0.1526544	-0.1624552	0.2843785
8.856078	0.1523729	-0.1624419	0.2841011
